--Test Summary--
Full Path and File Name	
Instrument Name	4262L
Instrument Type	Model 4262 Twin Cell UCA
Instrument Serial Number	111L
Test Start Date	09.03.2004
Test Start Time	18:04:49
Test Stop Date	11.03.2004
Test Stop Time	18:24:49
Test Length	48:20:00
Final Sample Time Offset	48:19:47
Controller Schedule Name	
Sampling Period	60 seconds
Comments	T: 25(30), 34(240), tap water, CaCl2 premix
Information	WellID	
Information	Customer	ZAO "ROSPAN" & TNK-BP
Information	EngName	
Information	CementClass	PCT-I-50
Information	CementMfr	Dylog
Information	Additives	3%CaCl2
Information	Density	1820
Information	BHCT	25
Information	BHST	34
Information	FluidLoss	
Information	JobType	245 mmIntermediate Csg.Tail Slurry
Calculated Value	CS_50	7:11:00
Calculated Value	CS_500	22:50:00
Calculated Value	CS_Time8h	0,54 MPa
Calculated Value	CS_Time16h	2,11 MPa
Calculated Value	CS_Time24h	3,65 MPa
Calculated Value	CS_Time48h	6,57 MPa
Calculated Value	CS_Time72h	N/A
Calculated Curve	Compressive Strength	Compressive strength type B (more than 14 lb/gal)
Initial Temperature (°C)	17 °C
Final Temperature (°C)	32 °C
Initial Transit Time (microsec/in)	16,49 microsec/in
Final Transit Time (microsec/in)	10,45 microsec/in
Initial Compressive Strength (MPa)	0,00 MPa
Final Compressive Strength (MPa)	6,60 MPa
--Data--
Time (HH:MM:SS)	Temperature (°C)	Transit Time (microsec/in)	Compressive Strength (MPa)
0:00:00	17	16,49	0,00
0:01:00	17	16,51	0,00
0:02:00	17	16,53	0,00
0:03:00	17	16,54	0,00
0:04:00	16	16,56	0,00
0:05:00	16	16,57	0,00
0:06:00	17	16,58	0,00
0:07:00	16	16,60	0,00
0:08:00	16	16,61	0,00
0:09:00	16	16,62	0,00
0:10:00	16	16,63	0,00
0:11:00	16	16,65	0,00
0:12:00	15	16,66	0,00
0:13:00	16	16,67	0,00
0:14:00	15	16,68	0,00
0:15:00	15	16,69	0,00
0:16:00	15	16,71	0,00
0:17:00	15	16,71	0,00
0:18:00	15	16,72	0,00
0:19:00	15	16,70	0,00
0:20:00	15	16,71	0,00
0:21:00	15	16,71	0,00
0:22:00	15	16,72	0,00
0:23:00	15	16,72	0,00
0:24:00	15	16,73	0,00
0:25:00	15	16,73	0,00
0:26:00	15	16,74	0,00
0:27:00	15	16,74	0,00
0:28:00	15	16,74	0,00
0:29:00	15	16,74	0,00
0:30:00	15	16,74	0,00
0:31:00	15	16,74	0,00
0:32:00	15	16,74	0,00
0:33:00	15	16,74	0,00
0:34:00	15	16,74	0,00
0:35:00	15	16,74	0,00
0:36:00	15	16,74	0,00
0:37:00	15	16,74	0,00
0:38:00	15	16,74	0,00
0:39:00	15	16,74	0,00
0:40:00	15	16,73	0,00
0:41:00	15	16,73	0,00
0:42:00	15	16,73	0,00
0:43:00	15	16,73	0,00
0:44:00	15	16,73	0,00
0:45:00	15	16,73	0,00
0:46:00	15	16,73	0,00
0:47:00	15	16,73	0,00
0:48:00	15	16,73	0,00
0:49:00	15	16,73	0,00
0:50:00	15	16,73	0,00
0:51:00	15	16,73	0,00
0:52:00	15	16,73	0,00
0:53:00	15	16,73	0,00
0:54:00	15	16,73	0,00
0:55:00	15	16,73	0,00
0:56:00	15	16,74	0,00
0:57:00	15	16,74	0,00
0:58:00	15	16,74	0,00
0:59:00	15	16,74	0,00
1:00:00	15	16,74	0,00
1:01:00	15	16,74	0,00
1:02:00	15	16,74	0,00
1:03:00	15	16,74	0,00
1:04:00	15	16,74	0,00
1:05:00	15	16,74	0,00
1:06:00	15	16,74	0,00
1:07:00	15	16,74	0,00
1:08:00	15	16,74	0,00
1:09:00	15	16,74	0,00
1:10:00	15	16,71	0,00
1:11:00	15	16,71	0,00
1:12:00	15	16,72	0,00
1:13:00	16	16,71	0,00
1:14:00	15	16,71	0,00
1:15:00	16	16,71	0,00
1:16:00	16	16,71	0,00
1:17:00	16	16,72	0,00
1:18:00	15	16,72	0,00
1:19:00	15	16,72	0,00
1:20:00	16	16,71	0,00
1:21:00	16	16,72	0,00
1:22:00	16	16,72	0,00
1:23:00	16	16,71	0,00
1:24:00	16	16,72	0,00
1:25:00	16	16,71	0,00
1:26:00	16	16,71	0,00
1:27:00	16	16,72	0,00
1:28:00	16	16,72	0,00
1:29:00	16	16,72	0,00
1:30:00	16	16,72	0,00
1:31:00	16	16,72	0,00
1:32:00	16	16,71	0,00
1:33:00	16	16,72	0,00
1:34:00	16	16,71	0,00
1:35:00	16	16,72	0,00
1:36:00	16	16,72	0,00
1:37:00	16	16,72	0,00
1:38:00	16	16,71	0,00
1:39:00	16	16,71	0,00
1:40:00	16	16,71	0,00
1:41:00	16	16,71	0,00
1:42:00	16	16,71	0,00
1:43:00	16	16,71	0,00
1:44:00	16	16,71	0,00
1:45:00	16	16,71	0,00
1:46:00	16	16,71	0,00
1:47:00	16	16,71	0,00
1:48:00	16	16,72	0,00
1:49:00	16	16,71	0,00
1:50:00	16	16,71	0,00
1:51:00	16	16,71	0,00
1:52:00	16	16,71	0,00
1:53:00	16	16,71	0,00
1:54:00	16	16,72	0,00
1:55:00	16	16,71	0,00
1:56:00	16	16,71	0,00
1:57:00	16	16,72	0,00
1:58:00	16	16,72	0,00
1:59:00	17	16,72	0,00
2:00:00	16	16,71	0,00
2:01:00	16	16,72	0,00
2:02:00	16	16,72	0,00
2:03:00	17	16,72	0,00
2:04:00	17	16,72	0,00
2:05:00	16	16,72	0,00
2:06:00	17	16,72	0,00
2:07:00	16	16,72	0,00
2:08:00	17	16,72	0,00
2:09:00	17	16,72	0,00
2:10:00	17	16,72	0,00
2:11:00	16	16,72	0,00
2:12:00	16	16,73	0,00
2:13:00	17	16,72	0,00
2:14:00	17	16,73	0,00
2:15:00	17	16,73	0,00
2:16:00	17	16,73	0,00
2:17:00	17	16,73	0,00
2:18:00	16	16,73	0,00
2:19:00	17	16,73	0,00
2:20:00	17	16,73	0,00
2:21:00	17	16,73	0,00
2:22:00	17	16,73	0,00
2:23:00	17	16,74	0,00
2:24:00	17	16,72	0,00
2:25:00	17	16,72	0,00
2:26:00	17	16,72	0,00
2:27:00	17	16,72	0,00
2:28:00	17	16,72	0,00
2:29:00	17	16,73	0,00
2:30:00	17	16,73	0,00
2:31:00	17	16,73	0,00
2:32:00	17	16,74	0,00
2:33:00	17	16,74	0,00
2:34:00	17	16,74	0,00
2:35:00	17	16,74	0,00
2:36:00	17	16,74	0,00
2:37:00	17	16,74	0,00
2:38:00	17	16,74	0,00
2:39:00	17	16,74	0,00
2:40:00	17	16,75	0,00
2:41:00	17	16,75	0,00
2:42:00	17	16,75	0,00
2:43:00	17	16,75	0,00
2:44:00	17	16,76	0,00
2:45:00	17	16,76	0,00
2:46:00	17	16,76	0,00
2:47:00	17	16,76	0,00
2:48:00	17	16,76	0,00
2:49:00	17	16,77	0,00
2:50:00	17	16,77	0,00
2:51:00	17	16,78	0,00
2:52:00	17	16,75	0,00
2:53:00	17	16,76	0,00
2:54:00	17	16,76	0,00
2:55:00	17	16,77	0,00
2:56:00	17	16,77	0,00
2:57:00	17	16,77	0,00
2:58:00	17	16,77	0,00
2:59:00	17	16,77	0,00
3:00:00	18	16,77	0,00
3:01:00	17	16,77	0,00
3:02:00	17	16,77	0,00
3:03:00	17	16,78	0,00
3:04:00	18	16,78	0,00
3:05:00	17	16,79	0,00
3:06:00	17	16,79	0,00
3:07:00	17	16,79	0,00
3:08:00	17	16,79	0,00
3:09:00	17	16,79	0,00
3:10:00	17	16,80	0,00
3:11:00	18	16,80	0,00
3:12:00	17	16,80	0,00
3:13:00	17	16,80	0,00
3:14:00	18	16,80	0,00
3:15:00	18	16,80	0,00
3:16:00	18	16,81	0,00
3:17:00	18	16,81	0,00
3:18:00	17	16,81	0,00
3:19:00	18	16,82	0,00
3:20:00	18	16,81	0,00
3:21:00	18	16,81	0,00
3:22:00	18	16,81	0,00
3:23:00	18	16,82	0,00
3:24:00	18	16,82	0,00
3:25:00	18	16,82	0,00
3:26:00	18	16,83	0,00
3:27:00	18	16,83	0,00
3:28:00	18	16,83	0,00
3:29:00	18	16,83	0,00
3:30:00	18	16,83	0,00
3:31:00	18	16,83	0,00
3:32:00	18	16,83	0,00
3:33:00	18	16,83	0,00
3:34:00	17	16,83	0,00
3:35:00	18	16,83	0,00
3:36:00	18	16,83	0,00
3:37:00	18	16,83	0,00
3:38:00	18	16,84	0,00
3:39:00	18	16,84	0,00
3:40:00	18	16,84	0,00
3:41:00	18	16,84	0,00
3:42:00	18	16,85	0,00
3:43:00	18	16,86	0,00
3:44:00	18	16,86	0,00
3:45:00	18	16,86	0,00
3:46:00	18	16,86	0,00
3:47:00	18	16,86	0,00
3:48:00	18	16,86	0,00
3:49:00	18	16,87	0,00
3:50:00	18	16,87	0,00
3:51:00	18	16,87	0,00
3:52:00	18	16,87	0,00
3:53:00	18	16,87	0,00
3:54:00	18	16,87	0,00
3:55:00	19	16,87	0,00
3:56:00	18	16,88	0,00
3:57:00	18	16,88	0,00
3:58:00	18	16,89	0,00
3:59:00	18	16,86	0,00
4:00:00	18	16,86	0,00
4:01:00	18	16,86	0,00
4:02:00	18	16,86	0,00
4:03:00	18	16,86	0,00
4:04:00	18	16,86	0,00
4:05:00	18	16,86	0,00
4:06:00	18	16,86	0,00
4:07:00	18	16,86	0,00
4:08:00	18	16,86	0,00
4:09:00	18	16,86	0,00
4:10:00	18	16,86	0,00
4:11:00	19	16,86	0,00
4:12:00	18	16,86	0,00
4:13:00	18	16,86	0,00
4:14:00	18	16,86	0,00
4:15:00	19	16,86	0,00
4:16:00	19	16,86	0,00
4:17:00	19	16,86	0,00
4:18:00	19	16,86	0,00
4:19:00	18	16,86	0,00
4:20:00	19	16,86	0,00
4:21:00	19	16,86	0,00
4:22:00	19	16,86	0,00
4:23:00	18	16,85	0,00
4:24:00	19	16,84	0,00
4:25:00	19	16,85	0,00
4:26:00	19	16,84	0,00
4:27:00	19	16,84	0,00
4:28:00	19	16,84	0,00
4:29:00	19	16,84	0,00
4:30:00	19	16,84	0,00
4:31:00	18	16,84	0,00
4:32:00	19	16,84	0,00
4:33:00	19	16,84	0,00
4:34:00	19	16,83	0,00
4:35:00	19	16,83	0,00
4:36:00	19	16,83	0,00
4:37:00	19	16,83	0,00
4:38:00	19	16,83	0,00
4:39:00	19	16,83	0,00
4:40:00	19	16,83	0,00
4:41:00	19	16,83	0,00
4:42:00	19	16,82	0,00
4:43:00	19	16,82	0,00
4:44:00	19	16,81	0,00
4:45:00	19	16,82	0,00
4:46:00	19	16,82	0,00
4:47:00	19	16,82	0,00
4:48:00	19	16,79	0,00
4:49:00	19	16,79	0,00
4:50:00	19	16,78	0,00
4:51:00	19	16,78	0,00
4:52:00	19	16,77	0,00
4:53:00	19	16,77	0,00
4:54:00	19	16,77	0,00
4:55:00	19	16,77	0,00
4:56:00	19	16,76	0,00
4:57:00	19	16,75	0,00
4:58:00	19	16,75	0,00
4:59:00	19	16,74	0,00
5:00:00	19	16,74	0,00
5:01:00	19	16,74	0,00
5:02:00	19	16,73	0,00
5:03:00	19	16,72	0,00
5:04:00	19	16,71	0,00
5:05:00	20	16,71	0,00
5:06:00	19	16,70	0,00
5:07:00	19	16,69	0,00
5:08:00	19	16,69	0,00
5:09:00	19	16,68	0,00
5:10:00	20	16,68	0,00
5:11:00	20	16,68	0,00
5:12:00	19	16,67	0,00
5:13:00	19	16,66	0,00
5:14:00	20	16,65	0,00
5:15:00	20	16,65	0,00
5:16:00	20	16,65	0,00
5:17:00	20	16,64	0,00
5:18:00	20	16,63	0,00
5:19:00	20	16,62	0,00
5:20:00	20	16,62	0,00
5:21:00	20	16,61	0,00
5:22:00	20	16,60	0,00
5:23:00	20	16,59	0,00
5:24:00	20	16,59	0,00
5:25:00	20	16,58	0,00
5:26:00	20	16,57	0,00
5:27:00	20	16,54	0,00
5:28:00	20	16,53	0,00
5:29:00	20	16,53	0,00
5:30:00	20	16,52	0,00
5:31:00	20	16,51	0,00
5:32:00	20	16,50	0,00
5:33:00	20	16,50	0,00
5:34:00	20	16,49	0,00
5:35:00	20	16,48	0,00
5:36:00	20	16,47	0,00
5:37:00	20	16,47	0,01
5:38:00	20	16,45	0,01
5:39:00	20	16,44	0,01
5:40:00	20	16,44	0,01
5:41:00	20	16,43	0,02
5:42:00	20	16,41	0,02
5:43:00	20	16,41	0,02
5:44:00	20	16,40	0,02
5:45:00	20	16,38	0,03
5:46:00	20	16,37	0,03
5:47:00	20	16,36	0,03
5:48:00	20	16,35	0,04
5:49:00	20	16,34	0,04
5:50:00	20	16,33	0,04
5:51:00	20	16,32	0,05
5:52:00	20	16,31	0,05
5:53:00	20	16,29	0,05
5:54:00	20	16,29	0,05
5:55:00	20	16,28	0,06
5:56:00	20	16,26	0,06
5:57:00	20	16,26	0,06
5:58:00	20	16,24	0,07
5:59:00	20	16,23	0,07
6:00:00	21	16,23	0,07
6:01:00	21	16,21	0,07
6:02:00	20	16,20	0,08
6:03:00	20	16,19	0,08
6:04:00	21	16,18	0,08
6:05:00	21	16,17	0,09
6:06:00	20	16,16	0,09
6:07:00	20	16,14	0,09
6:08:00	21	16,14	0,10
6:09:00	20	16,13	0,10
6:10:00	21	16,09	0,11
6:11:00	21	16,08	0,11
6:12:00	21	16,07	0,12
6:13:00	21	16,05	0,12
6:14:00	21	16,05	0,12
6:15:00	20	16,03	0,13
6:16:00	21	16,02	0,13
6:17:00	21	16,01	0,13
6:18:00	21	16,00	0,14
6:19:00	21	15,99	0,14
6:20:00	21	15,96	0,15
6:21:00	21	15,96	0,15
6:22:00	21	15,94	0,15
6:23:00	20	15,93	0,16
6:24:00	21	15,92	0,16
6:25:00	21	15,91	0,16
6:26:00	21	15,90	0,17
6:27:00	21	15,89	0,17
6:28:00	21	15,87	0,18
6:29:00	21	15,87	0,18
6:30:00	21	15,85	0,18
6:31:00	21	15,84	0,19
6:32:00	21	15,83	0,19
6:33:00	21	15,82	0,19
6:34:00	21	15,81	0,20
6:35:00	21	15,80	0,20
6:36:00	21	15,79	0,20
6:37:00	21	15,78	0,21
6:38:00	21	15,77	0,21
6:39:00	21	15,75	0,21
6:40:00	21	15,75	0,22
6:41:00	21	15,73	0,22
6:42:00	21	15,72	0,22
6:43:00	21	15,69	0,23
6:44:00	21	15,68	0,24
6:45:00	21	15,67	0,24
6:46:00	21	15,66	0,25
6:47:00	21	15,65	0,25
6:48:00	21	15,63	0,26
6:49:00	21	15,63	0,26
6:50:00	21	15,61	0,26
6:51:00	21	15,60	0,27
6:52:00	22	15,59	0,27
6:53:00	21	15,58	0,27
6:54:00	21	15,57	0,28
6:55:00	21	15,55	0,28
6:56:00	21	15,54	0,29
6:57:00	21	15,53	0,29
6:58:00	21	15,51	0,30
6:59:00	21	15,51	0,30
7:00:00	21	15,50	0,30
7:01:00	21	15,48	0,31
7:02:00	22	15,48	0,31
7:03:00	21	15,47	0,31
7:04:00	21	15,45	0,32
7:05:00	21	15,45	0,32
7:06:00	21	15,43	0,33
7:07:00	21	15,42	0,33
7:08:00	22	15,42	0,33
7:09:00	21	15,40	0,34
7:10:00	21	15,39	0,34
7:11:00	21	15,38	0,35
7:12:00	21	15,37	0,35
7:13:00	21	15,36	0,35
7:14:00	21	15,36	0,36
7:15:00	21	15,34	0,36
7:16:00	22	15,33	0,37
7:17:00	21	15,30	0,38
7:18:00	21	15,30	0,38
7:19:00	21	15,29	0,38
7:20:00	22	15,27	0,39
7:21:00	21	15,27	0,39
7:22:00	22	15,26	0,39
7:23:00	21	15,25	0,40
7:24:00	21	15,24	0,40
7:25:00	21	15,23	0,41
7:26:00	22	15,22	0,41
7:27:00	21	15,21	0,41
7:28:00	21	15,21	0,42
7:29:00	21	15,20	0,42
7:30:00	21	15,18	0,42
7:31:00	21	15,18	0,43
7:32:00	22	15,16	0,43
7:33:00	22	15,15	0,44
7:34:00	22	15,14	0,44
7:35:00	22	15,13	0,45
7:36:00	21	15,12	0,45
7:37:00	21	15,12	0,45
7:38:00	22	15,10	0,46
7:39:00	22	15,09	0,46
7:40:00	21	15,09	0,46
7:41:00	21	15,08	0,47
7:42:00	21	15,07	0,47
7:43:00	22	15,06	0,47
7:44:00	22	15,06	0,48
7:45:00	22	15,05	0,48
7:46:00	22	15,04	0,48
7:47:00	22	15,03	0,49
7:48:00	21	15,02	0,49
7:49:00	22	15,01	0,50
7:50:00	21	15,00	0,50
7:51:00	21	15,00	0,50
7:52:00	21	14,99	0,51
7:53:00	21	14,98	0,51
7:54:00	22	14,97	0,51
7:55:00	22	14,94	0,53
7:56:00	22	14,94	0,53
7:57:00	22	14,93	0,53
7:58:00	22	14,92	0,54
7:59:00	22	14,91	0,54
8:00:00	22	14,91	0,54
8:01:00	22	14,90	0,55
8:02:00	21	14,89	0,55
8:03:00	21	14,88	0,56
8:04:00	22	14,87	0,56
8:05:00	22	14,86	0,56
8:06:00	22	14,85	0,57
8:07:00	21	14,85	0,57
8:08:00	21	14,84	0,57
8:09:00	22	14,83	0,58
8:10:00	22	14,82	0,59
8:11:00	22	14,81	0,59
8:12:00	21	14,81	0,59
8:13:00	22	14,80	0,59
8:14:00	22	14,79	0,60
8:15:00	21	14,79	0,60
8:16:00	21	14,78	0,60
8:17:00	22	14,76	0,61
8:18:00	22	14,76	0,61
8:19:00	22	14,76	0,61
8:20:00	22	14,74	0,62
8:21:00	22	14,73	0,62
8:22:00	22	14,73	0,62
8:23:00	21	14,73	0,63
8:24:00	22	14,72	0,63
8:25:00	21	14,71	0,64
8:26:00	22	14,71	0,64
8:27:00	21	14,70	0,64
8:28:00	22	14,68	0,65
8:29:00	22	14,67	0,65
8:30:00	22	14,66	0,66
8:31:00	22	14,65	0,66
8:32:00	22	14,65	0,66
8:33:00	22	14,64	0,67
8:34:00	22	14,64	0,67
8:35:00	22	14,63	0,68
8:36:00	22	14,62	0,68
8:37:00	22	14,61	0,68
8:38:00	22	14,61	0,69
8:39:00	22	14,60	0,69
8:40:00	22	14,59	0,70
8:41:00	22	14,58	0,70
8:42:00	22	14,58	0,70
8:43:00	22	14,57	0,71
8:44:00	22	14,56	0,71
8:45:00	22	14,55	0,72
8:46:00	22	14,54	0,72
8:47:00	22	14,53	0,73
8:48:00	22	14,52	0,73
8:49:00	22	14,52	0,73
8:50:00	22	14,51	0,74
8:51:00	22	14,50	0,74
8:52:00	22	14,50	0,74
8:53:00	22	14,49	0,75
8:54:00	22	14,49	0,75
8:55:00	22	14,48	0,75
8:56:00	21	14,47	0,76
8:57:00	22	14,46	0,76
8:58:00	22	14,46	0,77
8:59:00	22	14,45	0,77
9:00:00	22	14,44	0,77
9:01:00	22	14,44	0,77
9:02:00	22	14,43	0,78
9:03:00	22	14,43	0,78
9:04:00	22	14,42	0,79
9:05:00	22	14,41	0,79
9:06:00	22	14,40	0,79
9:07:00	22	14,40	0,80
9:08:00	22	14,38	0,81
9:09:00	22	14,37	0,81
9:10:00	22	14,37	0,82
9:11:00	22	14,36	0,82
9:12:00	22	14,35	0,82
9:13:00	22	14,34	0,83
9:14:00	21	14,34	0,83
9:15:00	22	14,34	0,83
9:16:00	22	14,33	0,84
9:17:00	22	14,32	0,84
9:18:00	22	14,31	0,84
9:19:00	22	14,31	0,85
9:20:00	22	14,30	0,85
9:21:00	22	14,29	0,86
9:22:00	21	14,28	0,86
9:23:00	22	14,28	0,86
9:24:00	22	14,28	0,87
9:25:00	22	14,27	0,87
9:26:00	22	14,26	0,87
9:27:00	22	14,25	0,88
9:28:00	21	14,25	0,88
9:29:00	22	14,25	0,88
9:30:00	22	14,24	0,89
9:31:00	22	14,23	0,89
9:32:00	22	14,22	0,90
9:33:00	22	14,22	0,90
9:34:00	22	14,21	0,91
9:35:00	21	14,20	0,91
9:36:00	21	14,19	0,91
9:37:00	22	14,19	0,92
9:38:00	21	14,18	0,92
9:39:00	22	14,18	0,92
9:40:00	22	14,17	0,93
9:41:00	22	14,16	0,93
9:42:00	22	14,16	0,94
9:43:00	22	14,16	0,94
9:44:00	22	14,15	0,94
9:45:00	22	14,14	0,95
9:46:00	22	14,14	0,95
9:47:00	22	14,13	0,95
9:48:00	22	14,13	0,96
9:49:00	22	14,12	0,96
9:50:00	22	14,12	0,96
9:51:00	22	14,11	0,96
9:52:00	22	14,10	0,97
9:53:00	21	14,10	0,97
9:54:00	22	14,10	0,97
9:55:00	22	14,09	0,98
9:56:00	21	14,08	0,98
9:57:00	21	14,08	0,98
9:58:00	22	14,06	1,00
9:59:00	22	14,05	1,00
10:00:00	22	14,04	1,01
10:01:00	22	14,04	1,01
10:02:00	22	14,04	1,01
10:03:00	21	14,03	1,02
10:04:00	22	14,02	1,02
10:05:00	22	14,02	1,02
10:06:00	22	14,01	1,03
10:07:00	22	14,01	1,03
10:08:00	22	14,00	1,04
10:09:00	21	14,00	1,04
10:10:00	22	13,99	1,04
10:11:00	22	13,98	1,05
10:12:00	22	13,98	1,05
10:13:00	22	13,97	1,05
10:14:00	22	13,96	1,06
10:15:00	22	13,95	1,06
10:16:00	21	13,95	1,06
10:17:00	22	13,95	1,07
10:18:00	22	13,94	1,07
10:19:00	21	13,93	1,08
10:20:00	22	13,93	1,08
10:21:00	22	13,92	1,08
10:22:00	22	13,92	1,09
10:23:00	21	13,92	1,09
10:24:00	22	13,91	1,09
10:25:00	22	13,91	1,09
10:26:00	22	13,91	1,09
10:27:00	22	13,90	1,10
10:28:00	21	13,90	1,10
10:29:00	21	13,89	1,10
10:30:00	22	13,89	1,11
10:31:00	22	13,89	1,11
10:32:00	22	13,88	1,11
10:33:00	22	13,87	1,12
10:34:00	22	13,87	1,12
10:35:00	22	13,87	1,12
10:36:00	22	13,86	1,13
10:37:00	22	13,84	1,14
10:38:00	22	13,84	1,14
10:39:00	21	13,84	1,14
10:40:00	22	13,83	1,15
10:41:00	22	13,82	1,16
10:42:00	21	13,82	1,16
10:43:00	22	13,81	1,16
10:44:00	21	13,80	1,17
10:45:00	22	13,80	1,17
10:46:00	22	13,80	1,17
10:47:00	22	13,80	1,17
10:48:00	22	13,79	1,18
10:49:00	22	13,78	1,18
10:50:00	22	13,78	1,18
10:51:00	21	13,78	1,19
10:52:00	21	13,78	1,19
10:53:00	21	13,76	1,20
10:54:00	22	13,75	1,20
10:55:00	21	13,75	1,20
10:56:00	22	13,75	1,21
10:57:00	22	13,74	1,21
10:58:00	21	13,74	1,21
10:59:00	22	13,73	1,22
11:00:00	22	13,72	1,22
11:01:00	21	13,72	1,22
11:02:00	21	13,71	1,23
11:03:00	22	13,71	1,23
11:04:00	21	13,71	1,23
11:05:00	22	13,71	1,23
11:06:00	21	13,70	1,24
11:07:00	21	13,70	1,24
11:08:00	21	13,69	1,25
11:09:00	22	13,68	1,25
11:10:00	21	13,68	1,25
11:11:00	21	13,68	1,26
11:12:00	22	13,68	1,26
11:13:00	21	13,67	1,26
11:14:00	22	13,67	1,26
11:15:00	21	13,66	1,27
11:16:00	21	13,66	1,27
11:17:00	21	13,65	1,27
11:18:00	21	13,65	1,27
11:19:00	21	13,64	1,28
11:20:00	21	13,63	1,29
11:21:00	21	13,63	1,29
11:22:00	21	13,63	1,30
11:23:00	21	13,63	1,30
11:24:00	21	13,62	1,30
11:25:00	22	13,61	1,31
11:26:00	21	13,61	1,31
11:27:00	21	13,60	1,31
11:28:00	21	13,60	1,31
11:29:00	22	13,59	1,32
11:30:00	21	13,59	1,32
11:31:00	21	13,59	1,32
11:32:00	21	13,58	1,33
11:33:00	21	13,58	1,33
11:34:00	22	13,57	1,34
11:35:00	22	13,57	1,34
11:36:00	21	13,57	1,34
11:37:00	21	13,56	1,35
11:38:00	22	13,56	1,35
11:39:00	21	13,55	1,35
11:40:00	21	13,54	1,36
11:41:00	21	13,54	1,36
11:42:00	22	13,54	1,36
11:43:00	21	13,54	1,36
11:44:00	21	13,53	1,37
11:45:00	21	13,53	1,37
11:46:00	21	13,52	1,38
11:47:00	21	13,52	1,38
11:48:00	22	13,51	1,38
11:49:00	21	13,51	1,38
11:50:00	21	13,50	1,39
11:51:00	21	13,50	1,39
11:52:00	22	13,50	1,39
11:53:00	21	13,50	1,39
11:54:00	21	13,49	1,40
11:55:00	22	13,49	1,40
11:56:00	21	13,48	1,41
11:57:00	21	13,48	1,41
11:58:00	21	13,48	1,41
11:59:00	21	13,48	1,41
12:00:00	21	13,48	1,41
12:01:00	21	13,47	1,42
12:02:00	21	13,47	1,42
12:03:00	21	13,45	1,43
12:04:00	22	13,45	1,44
12:05:00	21	13,45	1,44
12:06:00	21	13,44	1,44
12:07:00	21	13,44	1,44
12:08:00	21	13,43	1,45
12:09:00	21	13,43	1,45
12:10:00	21	13,42	1,45
12:11:00	21	13,42	1,45
12:12:00	21	13,41	1,46
12:13:00	21	13,41	1,46
12:14:00	21	13,41	1,47
12:15:00	21	13,41	1,47
12:16:00	21	13,40	1,47
12:17:00	21	13,40	1,47
12:18:00	21	13,40	1,47
12:19:00	21	13,39	1,48
12:20:00	21	13,39	1,48
12:21:00	21	13,39	1,48
12:22:00	21	13,39	1,48
12:23:00	21	13,38	1,49
12:24:00	21	13,38	1,49
12:25:00	21	13,37	1,50
12:26:00	21	13,37	1,50
12:27:00	21	13,36	1,50
12:28:00	21	13,36	1,50
12:29:00	21	13,36	1,51
12:30:00	21	13,36	1,51
12:31:00	21	13,35	1,52
12:32:00	21	13,35	1,52
12:33:00	21	13,34	1,52
12:34:00	21	13,33	1,53
12:35:00	21	13,33	1,53
12:36:00	21	13,32	1,53
12:37:00	21	13,32	1,53
12:38:00	21	13,32	1,54
12:39:00	21	13,32	1,54
12:40:00	21	13,32	1,54
12:41:00	21	13,31	1,55
12:42:00	21	13,31	1,55
12:43:00	21	13,30	1,55
12:44:00	21	13,30	1,55
12:45:00	21	13,30	1,56
12:46:00	21	13,30	1,56
12:47:00	21	13,30	1,56
12:48:00	21	13,29	1,57
12:49:00	21	13,29	1,57
12:50:00	21	13,29	1,57
12:51:00	21	13,28	1,57
12:52:00	21	13,28	1,57
12:53:00	21	13,27	1,58
12:54:00	21	13,27	1,58
12:55:00	21	13,27	1,58
12:56:00	21	13,27	1,59
12:57:00	21	13,27	1,59
12:58:00	21	13,26	1,59
12:59:00	21	13,24	1,61
13:00:00	21	13,24	1,61
13:01:00	21	13,23	1,61
13:02:00	21	13,23	1,61
13:03:00	21	13,23	1,61
13:04:00	21	13,23	1,62
13:05:00	21	13,23	1,62
13:06:00	21	13,22	1,63
13:07:00	21	13,22	1,63
13:08:00	21	13,22	1,63
13:09:00	21	13,21	1,63
13:10:00	21	13,21	1,63
13:11:00	21	13,21	1,63
13:12:00	21	13,20	1,64
13:13:00	21	13,20	1,64
13:14:00	21	13,20	1,64
13:15:00	21	13,20	1,65
13:16:00	21	13,20	1,65
13:17:00	21	13,19	1,65
13:18:00	21	13,19	1,65
13:19:00	21	13,19	1,65
13:20:00	21	13,18	1,66
13:21:00	21	13,18	1,67
13:22:00	21	13,18	1,67
13:23:00	21	13,18	1,67
13:24:00	21	13,17	1,67
13:25:00	21	13,17	1,67
13:26:00	21	13,17	1,67
13:27:00	21	13,16	1,68
13:28:00	21	13,15	1,69
13:29:00	21	13,15	1,69
13:30:00	21	13,15	1,69
13:31:00	21	13,14	1,69
13:32:00	21	13,14	1,69
13:33:00	21	13,14	1,70
13:34:00	21	13,14	1,70
13:35:00	21	13,13	1,71
13:36:00	21	13,13	1,71
13:37:00	21	13,12	1,71
13:38:00	21	13,12	1,71
13:39:00	21	13,12	1,71
13:40:00	21	13,11	1,72
13:41:00	21	13,11	1,72
13:42:00	21	13,11	1,73
13:43:00	21	13,11	1,73
13:44:00	21	13,11	1,73
13:45:00	21	13,10	1,74
13:46:00	21	13,10	1,74
13:47:00	21	13,10	1,74
13:48:00	21	13,09	1,74
13:49:00	21	13,09	1,74
13:50:00	21	13,09	1,74
13:51:00	21	13,09	1,75
13:52:00	21	13,09	1,75
13:53:00	21	13,09	1,75
13:54:00	21	13,08	1,76
13:55:00	21	13,08	1,76
13:56:00	21	13,08	1,76
13:57:00	21	13,08	1,76
13:58:00	21	13,05	1,78
13:59:00	21	13,05	1,78
14:00:00	21	13,05	1,78
14:01:00	21	13,05	1,78
14:02:00	21	13,05	1,78
14:03:00	21	13,05	1,78
14:04:00	21	13,04	1,79
14:05:00	21	13,04	1,79
14:06:00	21	13,04	1,79
14:07:00	21	13,03	1,80
14:08:00	21	13,03	1,80
14:09:00	21	13,03	1,80
14:10:00	21	13,02	1,81
14:11:00	21	13,02	1,81
14:12:00	21	13,02	1,81
14:13:00	21	13,02	1,81
14:14:00	21	13,02	1,81
14:15:00	21	13,01	1,82
14:16:00	21	13,01	1,82
14:17:00	21	13,00	1,83
14:18:00	21	13,00	1,83
14:19:00	21	13,00	1,83
14:20:00	21	13,00	1,84
14:21:00	21	13,00	1,84
14:22:00	21	13,00	1,84
14:23:00	21	12,99	1,84
14:24:00	21	12,99	1,84
14:25:00	21	12,99	1,84
14:26:00	21	12,98	1,85
14:27:00	21	12,98	1,85
14:28:00	21	12,98	1,85
14:29:00	21	12,97	1,86
14:30:00	21	12,97	1,86
14:31:00	21	12,97	1,86
14:32:00	21	12,96	1,87
14:33:00	21	12,96	1,87
14:34:00	21	12,96	1,87
14:35:00	21	12,95	1,88
14:36:00	21	12,95	1,88
14:37:00	21	12,95	1,88
14:38:00	21	12,94	1,89
14:39:00	21	12,94	1,89
14:40:00	21	12,94	1,89
14:41:00	21	12,93	1,89
14:42:00	21	12,93	1,89
14:43:00	21	12,93	1,89
14:44:00	21	12,93	1,89
14:45:00	21	12,93	1,90
14:46:00	21	12,93	1,90
14:47:00	21	12,93	1,90
14:48:00	21	12,92	1,91
14:49:00	21	12,92	1,91
14:50:00	21	12,92	1,91
14:51:00	21	12,91	1,92
14:52:00	21	12,91	1,92
14:53:00	21	12,91	1,92
14:54:00	21	12,91	1,93
14:55:00	21	12,91	1,93
14:56:00	21	12,91	1,93
14:57:00	21	12,89	1,94
14:58:00	21	12,89	1,94
14:59:00	21	12,88	1,95
15:00:00	21	12,88	1,95
15:01:00	21	12,88	1,95
15:02:00	21	12,88	1,95
15:03:00	21	12,88	1,96
15:04:00	21	12,88	1,96
15:05:00	21	12,87	1,96
15:06:00	21	12,87	1,96
15:07:00	21	12,87	1,96
15:08:00	21	12,86	1,97
15:09:00	21	12,86	1,97
15:10:00	21	12,86	1,97
15:11:00	21	12,85	1,98
15:12:00	21	12,85	1,98
15:13:00	21	12,85	1,98
15:14:00	21	12,84	1,99
15:15:00	21	12,84	1,99
15:16:00	21	12,84	1,99
15:17:00	21	12,84	1,99
15:18:00	21	12,84	1,99
15:19:00	21	12,84	1,99
15:20:00	21	12,83	2,00
15:21:00	21	12,83	2,00
15:22:00	21	12,83	2,00
15:23:00	21	12,82	2,01
15:24:00	21	12,82	2,01
15:25:00	21	12,82	2,01
15:26:00	21	12,82	2,01
15:27:00	21	12,82	2,02
15:28:00	21	12,82	2,02
15:29:00	21	12,82	2,02
15:30:00	21	12,82	2,02
15:31:00	21	12,81	2,03
15:32:00	21	12,81	2,03
15:33:00	21	12,80	2,03
15:34:00	21	12,80	2,03
15:35:00	21	12,80	2,03
15:36:00	21	12,79	2,04
15:37:00	21	12,79	2,04
15:38:00	21	12,79	2,04
15:39:00	21	12,79	2,04
15:40:00	21	12,79	2,05
15:41:00	21	12,79	2,05
15:42:00	21	12,79	2,05
15:43:00	21	12,79	2,05
15:44:00	21	12,77	2,07
15:45:00	21	12,77	2,07
15:46:00	21	12,76	2,07
15:47:00	21	12,76	2,07
15:48:00	21	12,76	2,07
15:49:00	21	12,76	2,07
15:50:00	21	12,75	2,08
15:51:00	21	12,75	2,08
15:52:00	21	12,75	2,08
15:53:00	21	12,75	2,09
15:54:00	21	12,75	2,09
15:55:00	21	12,75	2,09
15:56:00	21	12,74	2,10
15:57:00	21	12,74	2,10
15:58:00	21	12,73	2,11
15:59:00	21	12,73	2,11
16:00:00	21	12,73	2,11
16:01:00	21	12,73	2,11
16:02:00	21	12,73	2,12
16:03:00	21	12,73	2,12
16:04:00	21	12,72	2,12
16:05:00	21	12,72	2,12
16:06:00	21	12,71	2,13
16:07:00	21	12,71	2,13
16:08:00	21	12,71	2,13
16:09:00	21	12,71	2,13
16:10:00	20	12,71	2,13
16:11:00	21	12,71	2,13
16:12:00	21	12,70	2,14
16:13:00	21	12,70	2,14
16:14:00	21	12,70	2,14
16:15:00	21	12,70	2,15
16:16:00	21	12,70	2,15
16:17:00	21	12,70	2,15
16:18:00	21	12,70	2,15
16:19:00	21	12,69	2,16
16:20:00	21	12,69	2,16
16:21:00	21	12,69	2,16
16:22:00	21	12,69	2,16
16:23:00	21	12,69	2,16
16:24:00	21	12,68	2,17
16:25:00	20	12,68	2,17
16:26:00	21	12,68	2,17
16:27:00	21	12,66	2,18
16:28:00	21	12,66	2,18
16:29:00	21	12,66	2,18
16:30:00	21	12,66	2,19
16:31:00	21	12,66	2,19
16:32:00	21	12,66	2,19
16:33:00	21	12,65	2,20
16:34:00	21	12,65	2,20
16:35:00	21	12,65	2,20
16:36:00	21	12,65	2,20
16:37:00	20	12,64	2,21
16:38:00	20	12,64	2,21
16:39:00	21	12,64	2,21
16:40:00	21	12,63	2,22
16:41:00	21	12,63	2,22
16:42:00	20	12,63	2,22
16:43:00	21	12,63	2,23
16:44:00	21	12,63	2,23
16:45:00	21	12,63	2,23
16:46:00	21	12,63	2,23
16:47:00	20	12,62	2,23
16:48:00	21	12,62	2,23
16:49:00	21	12,62	2,23
16:50:00	21	12,62	2,23
16:51:00	21	12,62	2,23
16:52:00	21	12,61	2,24
16:53:00	20	12,61	2,24
16:54:00	20	12,61	2,24
16:55:00	20	12,61	2,24
16:56:00	21	12,61	2,25
16:57:00	20	12,61	2,25
16:58:00	21	12,61	2,25
16:59:00	21	12,60	2,26
17:00:00	20	12,60	2,26
17:01:00	20	12,60	2,26
17:02:00	21	12,60	2,26
17:03:00	20	12,59	2,27
17:04:00	20	12,59	2,27
17:05:00	21	12,59	2,27
17:06:00	21	12,59	2,27
17:07:00	21	12,58	2,28
17:08:00	21	12,58	2,28
17:09:00	20	12,58	2,28
17:10:00	20	12,58	2,28
17:11:00	21	12,57	2,29
17:12:00	21	12,57	2,29
17:13:00	20	12,57	2,29
17:14:00	21	12,57	2,29
17:15:00	22	12,57	2,29
17:16:00	23	12,57	2,29
17:17:00	25	12,57	2,29
17:18:00	28	12,57	2,29
17:19:00	31	12,56	2,30
17:20:00	32	12,55	2,31
17:21:00	32	12,54	2,32
17:22:00	33	12,54	2,32
17:23:00	32	12,54	2,33
17:24:00	32	12,53	2,34
17:25:00	32	12,53	2,34
17:26:00	31	12,52	2,35
17:27:00	31	12,52	2,36
17:28:00	30	12,52	2,36
17:29:00	30	12,51	2,37
17:30:00	29	12,51	2,37
17:31:00	29	12,50	2,38
17:32:00	29	12,50	2,38
17:33:00	28	12,49	2,38
17:34:00	28	12,49	2,38
17:35:00	27	12,49	2,38
17:36:00	27	12,48	2,39
17:37:00	27	12,48	2,39
17:38:00	26	12,48	2,39
17:39:00	26	12,48	2,40
17:40:00	26	12,48	2,40
17:41:00	26	12,48	2,40
17:42:00	26	12,47	2,41
17:43:00	26	12,46	2,42
17:44:00	26	12,46	2,42
17:45:00	26	12,46	2,42
17:46:00	26	12,45	2,43
17:47:00	26	12,45	2,43
17:48:00	26	12,45	2,44
17:49:00	25	12,45	2,44
17:50:00	25	12,45	2,44
17:51:00	25	12,45	2,44
17:52:00	25	12,44	2,45
17:53:00	24	12,44	2,45
17:54:00	25	12,44	2,45
17:55:00	25	12,43	2,46
17:56:00	25	12,43	2,46
17:57:00	25	12,43	2,46
17:58:00	25	12,43	2,47
17:59:00	25	12,43	2,47
18:00:00	26	12,43	2,47
18:01:00	26	12,42	2,48
18:02:00	26	12,42	2,48
18:03:00	26	12,42	2,48
18:04:00	26	12,41	2,49
18:05:00	26	12,41	2,49
18:06:00	26	12,41	2,49
18:07:00	26	12,40	2,50
18:08:00	26	12,40	2,50
18:09:00	26	12,40	2,50
18:10:00	26	12,40	2,50
18:11:00	26	12,39	2,51
18:12:00	26	12,39	2,51
18:13:00	26	12,39	2,51
18:14:00	26	12,39	2,52
18:15:00	26	12,39	2,52
18:16:00	26	12,39	2,52
18:17:00	26	12,39	2,52
18:18:00	26	12,38	2,53
18:19:00	26	12,37	2,54
18:20:00	26	12,37	2,54
18:21:00	26	12,37	2,54
18:22:00	26	12,37	2,54
18:23:00	26	12,37	2,54
18:24:00	26	12,36	2,55
18:25:00	26	12,36	2,55
18:26:00	25	12,36	2,55
18:27:00	25	12,35	2,56
18:28:00	26	12,35	2,56
18:29:00	26	12,35	2,56
18:30:00	25	12,35	2,56
18:31:00	26	12,34	2,57
18:32:00	25	12,34	2,57
18:33:00	26	12,34	2,57
18:34:00	26	12,34	2,58
18:35:00	25	12,34	2,58
18:36:00	25	12,34	2,58
18:37:00	26	12,33	2,59
18:38:00	26	12,33	2,59
18:39:00	26	12,33	2,59
18:40:00	26	12,32	2,60
18:41:00	26	12,32	2,60
18:42:00	26	12,32	2,60
18:43:00	26	12,32	2,60
18:44:00	26	12,31	2,61
18:45:00	26	12,30	2,62
18:46:00	26	12,30	2,62
18:47:00	26	12,30	2,62
18:48:00	26	12,30	2,62
18:49:00	26	12,30	2,62
18:50:00	26	12,30	2,63
18:51:00	26	12,30	2,63
18:52:00	26	12,30	2,63
18:53:00	26	12,29	2,64
18:54:00	26	12,29	2,64
18:55:00	26	12,29	2,64
18:56:00	26	12,29	2,64
18:57:00	26	12,28	2,65
18:58:00	26	12,28	2,65
18:59:00	26	12,28	2,65
19:00:00	26	12,28	2,65
19:01:00	27	12,28	2,66
19:02:00	26	12,28	2,66
19:03:00	26	12,28	2,66
19:04:00	27	12,28	2,66
19:05:00	27	12,27	2,67
19:06:00	26	12,27	2,67
19:07:00	27	12,27	2,67
19:08:00	27	12,25	2,69
19:09:00	27	12,25	2,69
19:10:00	27	12,25	2,70
19:11:00	27	12,25	2,70
19:12:00	27	12,25	2,70
19:13:00	27	12,25	2,70
19:14:00	27	12,24	2,71
19:15:00	27	12,24	2,71
19:16:00	27	12,24	2,71
19:17:00	27	12,24	2,71
19:18:00	27	12,23	2,72
19:19:00	27	12,23	2,72
19:20:00	27	12,22	2,73
19:21:00	27	12,22	2,73
19:22:00	27	12,22	2,73
19:23:00	27	12,22	2,73
19:24:00	27	12,21	2,75
19:25:00	27	12,21	2,75
19:26:00	27	12,21	2,75
19:27:00	27	12,21	2,76
19:28:00	27	12,21	2,76
19:29:00	28	12,21	2,76
19:30:00	27	12,21	2,76
19:31:00	27	12,20	2,77
19:32:00	28	12,20	2,77
19:33:00	28	12,20	2,77
19:34:00	28	12,19	2,78
19:35:00	28	12,19	2,78
19:36:00	27	12,19	2,78
19:37:00	28	12,18	2,79
19:38:00	28	12,18	2,79
19:39:00	28	12,18	2,79
19:40:00	28	12,18	2,79
19:41:00	28	12,18	2,80
19:42:00	28	12,18	2,80
19:43:00	28	12,18	2,80
19:44:00	28	12,17	2,81
19:45:00	28	12,17	2,81
19:46:00	28	12,17	2,81
19:47:00	28	12,17	2,81
19:48:00	28	12,16	2,82
19:49:00	28	12,16	2,82
19:50:00	28	12,16	2,82
19:51:00	28	12,15	2,83
19:52:00	28	12,15	2,83
19:53:00	29	12,15	2,83
19:54:00	29	12,15	2,84
19:55:00	29	12,15	2,84
19:56:00	28	12,15	2,84
19:57:00	28	12,14	2,85
19:58:00	29	12,14	2,85
19:59:00	28	12,14	2,85
20:00:00	28	12,13	2,86
20:01:00	29	12,13	2,86
20:02:00	29	12,13	2,86
20:03:00	29	12,13	2,86
20:04:00	29	12,13	2,87
20:05:00	29	12,13	2,87
20:06:00	29	12,12	2,88
20:07:00	29	12,12	2,88
20:08:00	29	12,12	2,88
20:09:00	29	12,12	2,88
20:10:00	29	12,12	2,88
20:11:00	29	12,11	2,89
20:12:00	29	12,11	2,89
20:13:00	29	12,10	2,90
20:14:00	29	12,10	2,90
20:15:00	29	12,10	2,90
20:16:00	29	12,09	2,92
20:17:00	29	12,09	2,92
20:18:00	29	12,09	2,92
20:19:00	29	12,09	2,92
20:20:00	29	12,09	2,92
20:21:00	30	12,09	2,93
20:22:00	29	12,09	2,93
20:23:00	29	12,09	2,93
20:24:00	29	12,08	2,94
20:25:00	30	12,08	2,94
20:26:00	30	12,08	2,94
20:27:00	30	12,08	2,94
20:28:00	30	12,08	2,94
20:29:00	30	12,07	2,95
20:30:00	30	12,07	2,95
20:31:00	30	12,07	2,95
20:32:00	30	12,07	2,95
20:33:00	30	12,07	2,96
20:34:00	30	12,07	2,96
20:35:00	30	12,07	2,96
20:36:00	30	12,07	2,96
20:37:00	30	12,05	2,98
20:38:00	30	12,05	2,98
20:39:00	30	12,05	2,98
20:40:00	30	12,04	2,99
20:41:00	30	12,04	2,99
20:42:00	30	12,04	2,99
20:43:00	30	12,04	3,00
20:44:00	30	12,04	3,00
20:45:00	30	12,04	3,00
20:46:00	30	12,04	3,00
20:47:00	31	12,03	3,02
20:48:00	31	12,03	3,02
20:49:00	30	12,03	3,02
20:50:00	31	12,03	3,02
20:51:00	30	12,02	3,03
20:52:00	30	12,02	3,03
20:53:00	31	12,02	3,03
20:54:00	30	12,01	3,04
20:55:00	31	12,01	3,04
20:56:00	31	12,01	3,04
20:57:00	31	12,01	3,04
20:58:00	31	12,00	3,05
20:59:00	31	12,00	3,05
21:00:00	31	12,00	3,05
21:01:00	31	12,00	3,06
21:02:00	31	12,00	3,06
21:03:00	31	12,00	3,06
21:04:00	31	12,00	3,06
21:05:00	31	11,99	3,07
21:06:00	31	11,99	3,07
21:07:00	31	11,99	3,07
21:08:00	31	11,99	3,07
21:09:00	31	11,98	3,08
21:10:00	31	11,98	3,08
21:11:00	31	11,98	3,08
21:12:00	31	11,98	3,10
21:13:00	31	11,98	3,10
21:14:00	31	11,98	3,10
21:15:00	32	11,98	3,10
21:16:00	32	11,97	3,11
21:17:00	32	11,97	3,11
21:18:00	32	11,97	3,11
21:19:00	31	11,96	3,12
21:20:00	32	11,96	3,12
21:21:00	32	11,96	3,12
21:22:00	32	11,96	3,12
21:23:00	32	11,95	3,13
21:24:00	32	11,95	3,13
21:25:00	32	11,95	3,13
21:26:00	32	11,95	3,13
21:27:00	32	11,95	3,14
21:28:00	32	11,95	3,14
21:29:00	32	11,95	3,14
21:30:00	32	11,94	3,15
21:31:00	32	11,94	3,15
21:32:00	32	11,94	3,15
21:33:00	32	11,94	3,15
21:34:00	32	11,93	3,17
21:35:00	32	11,93	3,17
21:36:00	32	11,93	3,17
21:37:00	32	11,92	3,18
21:38:00	32	11,92	3,18
21:39:00	32	11,92	3,18
21:40:00	32	11,92	3,18
21:41:00	32	11,91	3,19
21:42:00	33	11,91	3,19
21:43:00	33	11,91	3,19
21:44:00	33	11,91	3,19
21:45:00	33	11,91	3,20
21:46:00	32	11,91	3,20
21:47:00	32	11,91	3,20
21:48:00	33	11,90	3,21
21:49:00	33	11,90	3,21
21:50:00	33	11,90	3,21
21:51:00	33	11,89	3,23
21:52:00	33	11,89	3,23
21:53:00	33	11,89	3,23
21:54:00	33	11,89	3,23
21:55:00	33	11,89	3,24
21:56:00	33	11,89	3,24
21:57:00	33	11,89	3,24
21:58:00	33	11,89	3,24
21:59:00	33	11,88	3,25
22:00:00	33	11,88	3,25
22:01:00	33	11,88	3,25
22:02:00	33	11,88	3,25
22:03:00	33	11,87	3,26
22:04:00	33	11,87	3,26
22:05:00	33	11,87	3,26
22:06:00	33	11,86	3,27
22:07:00	33	11,86	3,27
22:08:00	33	11,86	3,27
22:09:00	33	11,86	3,27
22:10:00	33	11,86	3,29
22:11:00	33	11,86	3,29
22:12:00	33	11,86	3,29
22:13:00	33	11,86	3,29
22:14:00	33	11,85	3,30
22:15:00	33	11,85	3,30
22:16:00	33	11,85	3,30
22:17:00	33	11,84	3,31
22:18:00	33	11,84	3,31
22:19:00	33	11,84	3,31
22:20:00	33	11,84	3,31
22:21:00	33	11,83	3,32
22:22:00	33	11,83	3,32
22:23:00	33	11,83	3,32
22:24:00	33	11,83	3,32
22:25:00	33	11,82	3,34
22:26:00	33	11,82	3,34
22:27:00	33	11,82	3,34
22:28:00	33	11,82	3,35
22:29:00	33	11,82	3,34
22:30:00	33	11,82	3,35
22:31:00	33	11,82	3,35
22:32:00	33	11,82	3,35
22:33:00	33	11,81	3,36
22:34:00	33	11,81	3,36
22:35:00	33	11,81	3,36
22:36:00	33	11,80	3,37
22:37:00	33	11,80	3,37
22:38:00	33	11,80	3,37
22:39:00	32	11,80	3,37
22:40:00	33	11,80	3,37
22:41:00	33	11,80	3,39
22:42:00	33	11,80	3,39
22:43:00	33	11,80	3,39
22:44:00	33	11,79	3,40
22:45:00	32	11,79	3,40
22:46:00	33	11,79	3,40
22:47:00	33	11,79	3,40
22:48:00	33	11,79	3,40
22:49:00	33	11,78	3,41
22:50:00	33	11,78	3,41
22:51:00	33	11,82	3,34
22:52:00	32	11,79	3,40
22:53:00	33	11,78	3,41
22:54:00	33	11,77	3,42
22:55:00	32	11,77	3,42
22:56:00	33	11,77	3,42
22:57:00	33	11,77	3,42
22:58:00	33	11,77	3,44
22:59:00	33	11,77	3,44
23:00:00	32	11,77	3,44
23:01:00	33	11,76	3,45
23:02:00	33	11,76	3,45
23:03:00	33	11,76	3,45
23:04:00	33	11,76	3,45
23:05:00	32	11,76	3,45
23:06:00	33	11,75	3,46
23:07:00	33	11,74	3,48
23:08:00	33	11,74	3,48
23:09:00	33	11,74	3,48
23:10:00	33	11,74	3,48
23:11:00	33	11,73	3,49
23:12:00	33	11,73	3,49
23:13:00	33	11,73	3,49
23:14:00	33	11,73	3,50
23:15:00	33	11,73	3,50
23:16:00	33	11,73	3,50
23:17:00	32	11,72	3,52
23:18:00	33	11,72	3,52
23:19:00	33	11,72	3,52
23:20:00	33	11,72	3,52
23:21:00	33	11,72	3,52
23:22:00	33	11,72	3,52
23:23:00	32	11,71	3,53
23:24:00	33	11,71	3,53
23:25:00	33	11,71	3,53
23:26:00	33	11,70	3,54
23:27:00	33	11,70	3,54
23:28:00	33	11,70	3,54
23:29:00	33	11,70	3,54
23:30:00	33	11,70	3,54
23:31:00	33	11,70	3,54
23:32:00	33	11,70	3,54
23:33:00	33	11,70	3,55
23:34:00	33	11,70	3,55
23:35:00	33	11,70	3,55
23:36:00	33	11,69	3,57
23:37:00	33	11,69	3,57
23:38:00	33	11,69	3,57
23:39:00	33	11,69	3,57
23:40:00	33	11,69	3,57
23:41:00	33	11,68	3,58
23:42:00	33	11,68	3,58
23:43:00	33	11,68	3,58
23:44:00	33	11,68	3,59
23:45:00	33	11,68	3,59
23:46:00	33	11,68	3,59
23:47:00	33	11,67	3,61
23:48:00	33	11,67	3,61
23:49:00	32	11,67	3,61
23:50:00	33	11,67	3,61
23:51:00	32	11,67	3,61
23:52:00	33	11,66	3,62
23:53:00	33	11,66	3,62
23:54:00	33	11,66	3,62
23:55:00	33	11,66	3,62
23:56:00	33	11,65	3,63
23:57:00	33	11,65	3,63
23:58:00	33	11,65	3,63
23:59:00	33	11,65	3,63
24:00:00	33	11,64	3,65
24:01:00	33	11,64	3,65
24:02:00	33	11,64	3,65
24:03:00	33	11,64	3,65
24:04:00	33	11,64	3,65
24:05:00	33	11,64	3,66
24:06:00	33	11,64	3,66
24:07:00	33	11,63	3,68
24:08:00	33	11,63	3,68
24:09:00	33	11,63	3,68
24:10:00	33	11,63	3,68
24:11:00	33	11,63	3,68
24:12:00	33	11,63	3,68
24:13:00	33	11,63	3,68
24:14:00	33	11,62	3,69
24:15:00	33	11,62	3,69
24:16:00	33	11,62	3,69
24:17:00	33	11,62	3,69
24:18:00	33	11,61	3,70
24:19:00	33	11,61	3,70
24:20:00	32	11,61	3,70
24:21:00	33	11,61	3,70
24:22:00	33	11,61	3,70
24:23:00	33	11,61	3,72
24:24:00	32	11,61	3,72
24:25:00	33	11,61	3,72
24:26:00	32	11,61	3,72
24:27:00	33	11,60	3,73
24:28:00	33	11,60	3,73
24:29:00	33	11,60	3,73
24:30:00	33	11,60	3,73
24:31:00	33	11,60	3,73
24:32:00	33	11,59	3,74
24:33:00	33	11,59	3,74
24:34:00	33	11,59	3,74
24:35:00	33	11,59	3,74
24:36:00	33	11,59	3,74
24:37:00	33	11,59	3,76
24:38:00	33	11,59	3,76
24:39:00	33	11,59	3,76
24:40:00	33	11,59	3,76
24:41:00	33	11,59	3,76
24:42:00	32	11,59	3,76
24:43:00	33	11,58	3,77
24:44:00	33	11,58	3,77
24:45:00	33	11,58	3,77
24:46:00	32	11,58	3,77
24:47:00	33	11,58	3,77
24:48:00	33	11,58	3,77
24:49:00	33	11,57	3,79
24:50:00	33	11,57	3,79
24:51:00	33	11,57	3,79
24:52:00	33	11,56	3,80
24:53:00	33	11,56	3,80
24:54:00	33	11,56	3,80
24:55:00	33	11,56	3,80
24:56:00	33	11,56	3,80
24:57:00	33	11,56	3,80
24:58:00	33	11,55	3,81
24:59:00	33	11,55	3,81
25:00:00	32	11,55	3,81
25:01:00	33	11,55	3,81
25:02:00	33	11,55	3,81
25:03:00	33	11,55	3,83
25:04:00	33	11,55	3,83
25:05:00	33	11,55	3,83
25:06:00	32	11,55	3,83
25:07:00	32	11,55	3,83
25:08:00	33	11,55	3,83
25:09:00	33	11,55	3,83
25:10:00	33	11,54	3,84
25:11:00	33	11,54	3,84
25:12:00	33	11,54	3,84
25:13:00	32	11,54	3,84
25:14:00	32	11,53	3,86
25:15:00	32	11,53	3,86
25:16:00	33	11,52	3,87
25:17:00	33	11,52	3,87
25:18:00	33	11,52	3,87
25:19:00	33	11,52	3,87
25:20:00	33	11,52	3,87
25:21:00	33	11,52	3,89
25:22:00	33	11,52	3,89
25:23:00	32	11,52	3,89
25:24:00	33	11,52	3,89
25:25:00	32	11,52	3,89
25:26:00	33	11,51	3,90
25:27:00	32	11,51	3,90
25:28:00	33	11,51	3,90
25:29:00	33	11,51	3,90
25:30:00	32	11,51	3,90
25:31:00	33	11,50	3,92
25:32:00	33	11,50	3,92
25:33:00	33	11,50	3,92
25:34:00	33	11,50	3,92
25:35:00	33	11,50	3,92
25:36:00	33	11,50	3,92
25:37:00	33	11,50	3,93
25:38:00	33	11,50	3,93
25:39:00	33	11,50	3,93
25:40:00	32	11,50	3,93
25:41:00	33	11,50	3,93
25:42:00	33	11,49	3,94
25:43:00	32	11,49	3,94
25:44:00	33	11,49	3,94
25:45:00	33	11,48	3,96
25:46:00	33	11,48	3,96
25:47:00	33	11,48	3,96
25:48:00	33	11,48	3,96
25:49:00	33	11,48	3,96
25:50:00	33	11,48	3,96
25:51:00	33	11,48	3,96
25:52:00	33	11,47	3,97
25:53:00	33	11,47	3,97
25:54:00	33	11,47	3,97
25:55:00	33	11,47	3,97
25:56:00	32	11,46	3,99
25:57:00	33	11,46	3,99
25:58:00	33	11,46	3,99
25:59:00	33	11,46	3,99
26:00:00	33	11,46	3,99
26:01:00	33	11,46	3,99
26:02:00	33	11,46	4,00
26:03:00	33	11,46	4,00
26:04:00	33	11,46	4,00
26:05:00	33	11,46	4,00
26:06:00	33	11,46	4,00
26:07:00	33	11,46	4,00
26:08:00	33	11,45	4,02
26:09:00	33	11,45	4,02
26:10:00	33	11,45	4,02
26:11:00	33	11,45	4,02
26:12:00	33	11,45	4,02
26:13:00	32	11,45	4,02
26:14:00	33	11,44	4,03
26:15:00	33	11,44	4,03
26:16:00	33	11,44	4,03
26:17:00	33	11,44	4,03
26:18:00	33	11,44	4,03
26:19:00	33	11,43	4,05
26:20:00	33	11,43	4,05
26:21:00	33	11,43	4,05
26:22:00	33	11,43	4,05
26:23:00	32	11,43	4,05
26:24:00	33	11,43	4,06
26:25:00	33	11,43	4,06
26:26:00	33	11,43	4,06
26:27:00	33	11,43	4,06
26:28:00	33	11,43	4,06
26:29:00	32	11,43	4,06
26:30:00	32	11,43	4,06
26:31:00	33	11,42	4,08
26:32:00	33	11,42	4,08
26:33:00	33	11,42	4,08
26:34:00	33	11,42	4,08
26:35:00	32	11,42	4,08
26:36:00	33	11,42	4,08
26:37:00	33	11,42	4,08
26:38:00	33	11,42	4,08
26:39:00	33	11,41	4,09
26:40:00	33	11,41	4,09
26:41:00	33	11,41	4,09
26:42:00	33	11,41	4,09
26:43:00	33	11,41	4,09
26:44:00	33	11,41	4,09
26:45:00	33	11,41	4,09
26:46:00	33	11,41	4,11
26:47:00	33	11,41	4,11
26:48:00	33	11,40	4,12
26:49:00	32	11,40	4,12
26:50:00	32	11,40	4,12
26:51:00	32	11,40	4,12
26:52:00	33	11,40	4,12
26:53:00	33	11,40	4,12
26:54:00	33	11,40	4,12
26:55:00	33	11,39	4,14
26:56:00	33	11,39	4,14
26:57:00	33	11,39	4,14
26:58:00	33	11,39	4,14
26:59:00	33	11,39	4,14
27:00:00	33	11,39	4,14
27:01:00	33	11,38	4,15
27:02:00	32	11,38	4,15
27:03:00	33	11,38	4,15
27:04:00	33	11,38	4,15
27:05:00	33	11,38	4,15
27:06:00	33	11,38	4,17
27:07:00	33	11,38	4,17
27:08:00	33	11,38	4,17
27:09:00	33	11,38	4,17
27:10:00	33	11,38	4,17
27:11:00	33	11,37	4,19
27:12:00	33	11,37	4,19
27:13:00	32	11,37	4,19
27:14:00	33	11,37	4,19
27:15:00	32	11,37	4,19
27:16:00	32	11,37	4,19
27:17:00	33	11,37	4,19
27:18:00	33	11,36	4,20
27:19:00	33	11,36	4,20
27:20:00	33	11,36	4,20
27:21:00	33	11,36	4,20
27:22:00	33	11,36	4,20
27:23:00	33	11,35	4,22
27:24:00	33	11,35	4,22
27:25:00	32	11,35	4,22
27:26:00	32	11,35	4,22
27:27:00	33	11,35	4,22
27:28:00	33	11,35	4,22
27:29:00	33	11,34	4,23
27:30:00	33	11,34	4,23
27:31:00	33	11,34	4,23
27:32:00	33	11,34	4,23
27:33:00	33	11,34	4,23
27:34:00	33	11,34	4,23
27:35:00	33	11,34	4,23
27:36:00	33	11,34	4,25
27:37:00	33	11,34	4,25
27:38:00	33	11,34	4,25
27:39:00	33	11,34	4,25
27:40:00	33	11,34	4,25
27:41:00	32	11,34	4,25
27:42:00	33	11,33	4,26
27:43:00	33	11,33	4,26
27:44:00	33	11,33	4,26
27:45:00	33	11,33	4,26
27:46:00	32	11,33	4,26
27:47:00	33	11,33	4,26
27:48:00	33	11,32	4,28
27:49:00	33	11,32	4,28
27:50:00	33	11,32	4,28
27:51:00	33	11,32	4,28
27:52:00	33	11,32	4,28
27:53:00	33	11,32	4,28
27:54:00	33	11,32	4,30
27:55:00	33	11,32	4,30
27:56:00	32	11,32	4,30
27:57:00	33	11,32	4,30
27:58:00	33	11,32	4,30
27:59:00	33	11,32	4,30
28:00:00	33	11,32	4,30
28:01:00	33	11,31	4,31
28:02:00	32	11,31	4,31
28:03:00	33	11,31	4,31
28:04:00	33	11,31	4,31
28:05:00	33	11,31	4,31
28:06:00	33	11,31	4,31
28:07:00	33	11,30	4,33
28:08:00	33	11,30	4,33
28:09:00	33	11,30	4,33
28:10:00	33	11,30	4,33
28:11:00	33	11,30	4,33
28:12:00	33	11,30	4,33
28:13:00	33	11,29	4,34
28:14:00	33	11,29	4,34
28:15:00	33	11,29	4,34
28:16:00	33	11,29	4,34
28:17:00	33	11,29	4,34
28:18:00	33	11,29	4,34
28:19:00	32	11,29	4,34
28:20:00	33	11,29	4,36
28:21:00	33	11,29	4,36
28:22:00	33	11,29	4,36
28:23:00	32	11,29	4,36
28:24:00	33	11,29	4,36
28:25:00	33	11,29	4,36
28:26:00	33	11,29	4,36
28:27:00	33	11,28	4,38
28:28:00	33	11,28	4,38
28:29:00	33	11,28	4,38
28:30:00	33	11,28	4,38
28:31:00	33	11,28	4,38
28:32:00	33	11,28	4,38
28:33:00	33	11,28	4,38
28:34:00	33	11,28	4,38
28:35:00	32	11,27	4,39
28:36:00	33	11,27	4,39
28:37:00	32	11,27	4,39
28:38:00	32	11,27	4,39
28:39:00	33	11,27	4,39
28:40:00	33	11,27	4,39
28:41:00	33	11,27	4,39
28:42:00	33	11,27	4,39
28:43:00	33	11,27	4,39
28:44:00	32	11,27	4,39
28:45:00	33	11,27	4,39
28:46:00	33	11,25	4,43
28:47:00	33	11,25	4,43
28:48:00	33	11,25	4,43
28:49:00	32	11,25	4,43
28:50:00	33	11,25	4,43
28:51:00	33	11,25	4,43
28:52:00	33	11,25	4,43
28:53:00	33	11,25	4,44
28:54:00	33	11,25	4,44
28:55:00	33	11,25	4,44
28:56:00	33	11,25	4,44
28:57:00	32	11,25	4,44
28:58:00	33	11,25	4,44
28:59:00	33	11,25	4,44
29:00:00	33	11,24	4,46
29:01:00	33	11,24	4,46
29:02:00	33	11,24	4,46
29:03:00	33	11,24	4,46
29:04:00	33	11,24	4,46
29:05:00	33	11,24	4,46
29:06:00	33	11,24	4,46
29:07:00	33	11,23	4,47
29:08:00	33	11,23	4,47
29:09:00	33	11,23	4,47
29:10:00	33	11,23	4,47
29:11:00	33	11,23	4,47
29:12:00	33	11,23	4,47
29:13:00	33	11,23	4,47
29:14:00	33	11,23	4,49
29:15:00	33	11,23	4,49
29:16:00	33	11,23	4,49
29:17:00	33	11,23	4,49
29:18:00	32	11,23	4,49
29:19:00	32	11,23	4,49
29:20:00	33	11,23	4,49
29:21:00	33	11,23	4,49
29:22:00	33	11,22	4,51
29:23:00	33	11,22	4,51
29:24:00	33	11,22	4,51
29:25:00	33	11,22	4,51
29:26:00	33	11,22	4,51
29:27:00	33	11,22	4,51
29:28:00	32	11,22	4,51
29:29:00	33	11,22	4,51
29:30:00	32	11,21	4,52
29:31:00	32	11,21	4,52
29:32:00	33	11,21	4,52
29:33:00	33	11,21	4,52
29:34:00	33	11,21	4,52
29:35:00	33	11,21	4,52
29:36:00	33	11,21	4,52
29:37:00	33	11,20	4,54
29:38:00	33	11,20	4,54
29:39:00	33	11,20	4,54
29:40:00	33	11,20	4,54
29:41:00	33	11,20	4,54
29:42:00	33	11,20	4,54
29:43:00	33	11,20	4,54
29:44:00	33	11,20	4,54
29:45:00	33	11,20	4,54
29:46:00	33	11,20	4,54
29:47:00	33	11,20	4,54
29:48:00	32	11,20	4,54
29:49:00	33	11,20	4,56
29:50:00	33	11,20	4,54
29:51:00	33	11,19	4,58
29:52:00	33	11,19	4,58
29:53:00	33	11,19	4,58
29:54:00	33	11,19	4,58
29:55:00	33	11,19	4,58
29:56:00	33	11,19	4,58
29:57:00	33	11,18	4,59
29:58:00	33	11,18	4,59
29:59:00	33	11,18	4,59
30:00:00	33	11,18	4,59
30:01:00	33	11,18	4,59
30:02:00	33	11,18	4,59
30:03:00	33	11,18	4,59
30:04:00	33	11,18	4,59
30:05:00	33	11,18	4,59
30:06:00	33	11,17	4,61
30:07:00	33	11,17	4,61
30:08:00	32	11,17	4,61
30:09:00	33	11,17	4,61
30:10:00	33	11,17	4,61
30:11:00	33	11,17	4,61
30:12:00	33	11,16	4,63
30:13:00	33	11,16	4,63
30:14:00	33	11,16	4,63
30:15:00	33	11,16	4,63
30:16:00	33	11,16	4,63
30:17:00	33	11,16	4,63
30:18:00	33	11,16	4,63
30:19:00	33	11,16	4,64
30:20:00	32	11,16	4,64
30:21:00	33	11,16	4,64
30:22:00	33	11,16	4,64
30:23:00	33	11,16	4,64
30:24:00	33	11,16	4,64
30:25:00	33	11,16	4,64
30:26:00	32	11,15	4,66
30:27:00	33	11,15	4,66
30:28:00	33	11,15	4,66
30:29:00	33	11,15	4,66
30:30:00	33	11,15	4,66
30:31:00	33	11,15	4,66
30:32:00	33	11,15	4,66
30:33:00	33	11,15	4,66
30:34:00	33	11,14	4,68
30:35:00	33	11,14	4,68
30:36:00	33	11,14	4,68
30:37:00	33	11,14	4,68
30:38:00	33	11,14	4,68
30:39:00	33	11,14	4,68
30:40:00	33	11,14	4,68
30:41:00	33	11,14	4,68
30:42:00	33	11,13	4,70
30:43:00	33	11,13	4,70
30:44:00	32	11,13	4,70
30:45:00	33	11,13	4,70
30:46:00	32	11,13	4,70
30:47:00	33	11,13	4,70
30:48:00	33	11,13	4,70
30:49:00	33	11,13	4,71
30:50:00	33	11,13	4,71
30:51:00	32	11,13	4,71
30:52:00	33	11,13	4,71
30:53:00	33	11,13	4,71
30:54:00	33	11,13	4,71
30:55:00	33	11,13	4,71
30:56:00	33	11,13	4,71
30:57:00	32	11,13	4,71
30:58:00	33	11,13	4,71
30:59:00	33	11,12	4,73
31:00:00	32	11,12	4,73
31:01:00	33	11,12	4,73
31:02:00	32	11,12	4,73
31:03:00	33	11,12	4,73
31:04:00	33	11,11	4,75
31:05:00	33	11,11	4,75
31:06:00	33	11,11	4,75
31:07:00	33	11,11	4,75
31:08:00	32	11,11	4,75
31:09:00	33	11,11	4,75
31:10:00	33	11,11	4,75
31:11:00	33	11,11	4,75
31:12:00	33	11,11	4,75
31:13:00	33	11,11	4,75
31:14:00	33	11,11	4,75
31:15:00	33	11,11	4,75
31:16:00	33	11,11	4,77
31:17:00	33	11,11	4,77
31:18:00	33	11,11	4,77
31:19:00	32	11,11	4,77
31:20:00	33	11,11	4,77
31:21:00	33	11,11	4,77
31:22:00	33	11,11	4,77
31:23:00	32	11,11	4,77
31:24:00	33	11,10	4,78
31:25:00	33	11,10	4,78
31:26:00	33	11,10	4,78
31:27:00	33	11,10	4,78
31:28:00	33	11,09	4,80
31:29:00	33	11,09	4,80
31:30:00	33	11,09	4,80
31:31:00	32	11,09	4,80
31:32:00	33	11,09	4,80
31:33:00	33	11,09	4,80
31:34:00	33	11,09	4,80
31:35:00	33	11,08	4,82
31:36:00	33	11,08	4,82
31:37:00	33	11,08	4,82
31:38:00	32	11,08	4,82
31:39:00	33	11,08	4,82
31:40:00	33	11,08	4,82
31:41:00	33	11,08	4,82
31:42:00	33	11,08	4,82
31:43:00	33	11,08	4,82
31:44:00	33	11,08	4,82
31:45:00	33	11,08	4,82
31:46:00	33	11,07	4,84
31:47:00	33	11,07	4,84
31:48:00	33	11,07	4,84
31:49:00	33	11,07	4,84
31:50:00	33	11,07	4,84
31:51:00	33	11,07	4,84
31:52:00	33	11,07	4,84
31:53:00	33	11,07	4,84
31:54:00	33	11,07	4,86
31:55:00	33	11,07	4,86
31:56:00	33	11,07	4,86
31:57:00	33	11,07	4,86
31:58:00	33	11,07	4,86
31:59:00	33	11,07	4,86
32:00:00	33	11,07	4,86
32:01:00	33	11,07	4,86
32:02:00	33	11,07	4,86
32:03:00	33	11,06	4,87
32:04:00	33	11,06	4,87
32:05:00	33	11,06	4,87
32:06:00	33	11,06	4,87
32:07:00	33	11,06	4,87
32:08:00	33	11,06	4,87
32:09:00	33	11,06	4,87
32:10:00	33	11,06	4,87
32:11:00	33	11,06	4,87
32:12:00	33	11,06	4,87
32:13:00	33	11,05	4,89
32:14:00	33	11,05	4,89
32:15:00	33	11,05	4,89
32:16:00	33	11,05	4,89
32:17:00	33	11,05	4,89
32:18:00	33	11,05	4,89
32:19:00	32	11,05	4,89
32:20:00	33	11,05	4,89
32:21:00	32	11,04	4,91
32:22:00	33	11,04	4,91
32:23:00	33	11,04	4,91
32:24:00	33	11,04	4,91
32:25:00	33	11,04	4,91
32:26:00	33	11,04	4,91
32:27:00	33	11,04	4,91
32:28:00	33	11,04	4,91
32:29:00	33	11,04	4,91
32:30:00	32	11,04	4,91
32:31:00	33	11,04	4,93
32:32:00	33	11,04	4,93
32:33:00	33	11,04	4,93
32:34:00	33	11,04	4,93
32:35:00	33	11,04	4,93
32:36:00	33	11,04	4,93
32:37:00	33	11,04	4,93
32:38:00	33	11,04	4,93
32:39:00	33	11,04	4,93
32:40:00	33	11,03	4,95
32:41:00	33	11,03	4,95
32:42:00	33	11,03	4,95
32:43:00	33	11,03	4,95
32:44:00	32	11,03	4,95
32:45:00	33	11,02	4,97
32:46:00	33	11,02	4,97
32:47:00	33	11,02	4,97
32:48:00	32	11,02	4,97
32:49:00	33	11,02	4,97
32:50:00	33	11,02	4,97
32:51:00	33	11,02	4,97
32:52:00	32	11,02	4,97
32:53:00	33	11,02	4,97
32:54:00	32	11,02	4,97
32:55:00	33	11,02	4,98
32:56:00	33	11,02	4,98
32:57:00	33	11,02	4,98
32:58:00	33	11,02	4,98
32:59:00	33	11,02	4,98
33:00:00	32	11,02	4,98
33:01:00	33	11,02	4,98
33:02:00	33	11,02	4,98
33:03:00	33	11,02	4,98
33:04:00	33	11,01	5,00
33:05:00	33	11,01	5,00
33:06:00	33	11,01	5,00
33:07:00	33	11,01	5,00
33:08:00	33	11,01	5,00
33:09:00	33	11,01	5,00
33:10:00	33	11,01	5,00
33:11:00	32	11,01	5,00
33:12:00	33	11,01	5,00
33:13:00	33	11,01	5,00
33:14:00	33	11,00	5,02
33:15:00	33	11,00	5,02
33:16:00	33	11,00	5,02
33:17:00	33	11,00	5,02
33:18:00	32	11,00	5,02
33:19:00	33	11,00	5,02
33:20:00	33	10,99	5,04
33:21:00	33	10,99	5,04
33:22:00	33	10,99	5,04
33:23:00	32	10,99	5,04
33:24:00	33	10,99	5,04
33:25:00	33	10,99	5,04
33:26:00	33	10,99	5,04
33:27:00	33	10,99	5,04
33:28:00	33	10,99	5,04
33:29:00	33	10,99	5,04
33:30:00	33	10,99	5,04
33:31:00	33	10,98	5,06
33:32:00	33	10,98	5,06
33:33:00	32	10,98	5,06
33:34:00	33	10,98	5,06
33:35:00	33	10,98	5,06
33:36:00	33	10,98	5,06
33:37:00	33	10,98	5,08
33:38:00	33	10,98	5,08
33:39:00	33	10,98	5,08
33:40:00	33	10,98	5,08
33:41:00	33	10,98	5,08
33:42:00	33	10,98	5,08
33:43:00	33	10,98	5,08
33:44:00	33	10,98	5,08
33:45:00	33	10,98	5,08
33:46:00	33	10,98	5,08
33:47:00	33	10,98	5,08
33:48:00	33	10,97	5,10
33:49:00	33	10,97	5,10
33:50:00	33	10,97	5,10
33:51:00	33	10,97	5,10
33:52:00	33	10,97	5,10
33:53:00	33	10,97	5,10
33:54:00	33	10,97	5,10
33:55:00	33	10,97	5,10
33:56:00	33	10,97	5,10
33:57:00	33	10,97	5,10
33:58:00	32	10,96	5,11
33:59:00	33	10,96	5,11
34:00:00	33	10,96	5,11
34:01:00	33	10,96	5,11
34:02:00	33	10,96	5,11
34:03:00	33	10,96	5,11
34:04:00	33	10,96	5,11
34:05:00	33	10,96	5,11
34:06:00	32	10,95	5,13
34:07:00	33	10,95	5,13
34:08:00	33	10,95	5,13
34:09:00	33	10,95	5,13
34:10:00	33	10,95	5,13
34:11:00	32	10,95	5,13
34:12:00	33	10,95	5,13
34:13:00	33	10,95	5,13
34:14:00	33	10,95	5,13
34:15:00	33	10,95	5,15
34:16:00	33	10,95	5,15
34:17:00	33	10,95	5,13
34:18:00	33	10,95	5,15
34:19:00	33	10,95	5,15
34:20:00	33	10,95	5,15
34:21:00	33	10,95	5,15
34:22:00	32	10,95	5,15
34:23:00	33	10,95	5,15
34:24:00	33	10,95	5,15
34:25:00	33	10,95	5,15
34:26:00	33	10,95	5,15
34:27:00	33	10,95	5,15
34:28:00	33	10,95	5,15
34:29:00	33	10,95	5,15
34:30:00	33	10,95	5,15
34:31:00	33	10,95	5,15
34:32:00	33	10,95	5,15
34:33:00	33	10,94	5,17
34:34:00	33	10,95	5,15
34:35:00	33	10,94	5,17
34:36:00	33	10,94	5,17
34:37:00	33	10,93	5,19
34:38:00	33	10,93	5,19
34:39:00	33	10,93	5,19
34:40:00	33	10,93	5,19
34:41:00	32	10,93	5,19
34:42:00	33	10,93	5,19
34:43:00	33	10,93	5,19
34:44:00	33	10,93	5,19
34:45:00	33	10,93	5,19
34:46:00	33	10,93	5,21
34:47:00	33	10,93	5,21
34:48:00	33	10,93	5,21
34:49:00	33	10,93	5,21
34:50:00	32	10,93	5,21
34:51:00	33	10,93	5,21
34:52:00	33	10,93	5,21
34:53:00	33	10,93	5,21
34:54:00	33	10,93	5,21
34:55:00	33	10,93	5,21
34:56:00	33	10,93	5,21
34:57:00	33	10,92	5,23
34:58:00	33	10,92	5,23
34:59:00	33	10,92	5,23
35:00:00	33	10,92	5,23
35:01:00	33	10,92	5,23
35:02:00	33	10,92	5,23
35:03:00	32	10,92	5,23
35:04:00	33	10,92	5,23
35:05:00	33	10,92	5,23
35:06:00	33	10,92	5,23
35:07:00	33	10,92	5,23
35:08:00	33	10,91	5,25
35:09:00	33	10,91	5,25
35:10:00	33	10,91	5,25
35:11:00	33	10,91	5,25
35:12:00	32	10,91	5,25
35:13:00	33	10,91	5,25
35:14:00	33	10,90	5,27
35:15:00	33	10,90	5,27
35:16:00	33	10,90	5,27
35:17:00	33	10,90	5,27
35:18:00	32	10,90	5,27
35:19:00	33	10,90	5,27
35:20:00	33	10,90	5,27
35:21:00	33	10,90	5,27
35:22:00	33	10,90	5,27
35:23:00	33	10,90	5,27
35:24:00	33	10,90	5,27
35:25:00	33	10,89	5,29
35:26:00	33	10,89	5,29
35:27:00	33	10,89	5,29
35:28:00	33	10,89	5,29
35:29:00	33	10,89	5,29
35:30:00	32	10,89	5,29
35:31:00	33	10,89	5,29
35:32:00	32	10,89	5,29
35:33:00	33	10,89	5,29
35:34:00	33	10,89	5,29
35:35:00	32	10,89	5,29
35:36:00	33	10,89	5,31
35:37:00	33	10,89	5,31
35:38:00	33	10,89	5,31
35:39:00	33	10,89	5,31
35:40:00	33	10,89	5,31
35:41:00	33	10,89	5,31
35:42:00	33	10,89	5,31
35:43:00	32	10,89	5,31
35:44:00	33	10,89	5,31
35:45:00	33	10,88	5,33
35:46:00	33	10,89	5,31
35:47:00	33	10,88	5,33
35:48:00	33	10,88	5,33
35:49:00	33	10,88	5,33
35:50:00	33	10,88	5,33
35:51:00	32	10,88	5,33
35:52:00	33	10,88	5,33
35:53:00	32	10,87	5,35
35:54:00	33	10,87	5,35
35:55:00	33	10,87	5,35
35:56:00	33	10,87	5,35
35:57:00	33	10,87	5,35
35:58:00	33	10,87	5,35
35:59:00	32	10,87	5,35
36:00:00	33	10,87	5,35
36:01:00	32	10,87	5,35
36:02:00	33	10,87	5,35
36:03:00	33	10,87	5,35
36:04:00	33	10,87	5,35
36:05:00	33	10,87	5,37
36:06:00	33	10,87	5,37
36:07:00	33	10,87	5,37
36:08:00	33	10,87	5,37
36:09:00	33	10,87	5,37
36:10:00	33	10,87	5,37
36:11:00	32	10,87	5,37
36:12:00	33	10,87	5,37
36:13:00	33	10,87	5,37
36:14:00	33	10,87	5,37
36:15:00	33	10,87	5,37
36:16:00	32	10,86	5,39
36:17:00	33	10,86	5,39
36:18:00	33	10,86	5,39
36:19:00	33	10,86	5,39
36:20:00	32	10,86	5,39
36:21:00	33	10,86	5,39
36:22:00	33	10,86	5,39
36:23:00	33	10,86	5,39
36:24:00	33	10,86	5,39
36:25:00	33	10,86	5,39
36:26:00	33	10,86	5,39
36:27:00	33	10,85	5,41
36:28:00	33	10,85	5,41
36:29:00	32	10,85	5,41
36:30:00	33	10,85	5,41
36:31:00	33	10,85	5,41
36:32:00	33	10,85	5,41
36:33:00	33	10,85	5,41
36:34:00	33	10,85	5,41
36:35:00	32	10,85	5,41
36:36:00	33	10,85	5,41
36:37:00	33	10,85	5,41
36:38:00	33	10,84	5,43
36:39:00	33	10,84	5,43
36:40:00	33	10,84	5,43
36:41:00	33	10,84	5,43
36:42:00	32	10,84	5,43
36:43:00	33	10,84	5,43
36:44:00	33	10,84	5,43
36:45:00	33	10,84	5,43
36:46:00	33	10,84	5,45
36:47:00	33	10,84	5,43
36:48:00	33	10,84	5,45
36:49:00	33	10,84	5,45
36:50:00	33	10,84	5,45
36:51:00	33	10,84	5,43
36:52:00	33	10,84	5,43
36:53:00	33	10,84	5,45
36:54:00	33	10,84	5,43
36:55:00	33	10,84	5,43
36:56:00	32	10,84	5,43
36:57:00	33	10,84	5,43
36:58:00	33	10,84	5,45
36:59:00	33	10,84	5,45
37:00:00	33	10,84	5,45
37:01:00	33	10,83	5,47
37:02:00	33	10,83	5,47
37:03:00	33	10,83	5,47
37:04:00	33	10,83	5,47
37:05:00	33	10,83	5,47
37:06:00	33	10,83	5,47
37:07:00	32	10,83	5,47
37:08:00	33	10,83	5,47
37:09:00	33	10,83	5,47
37:10:00	33	10,83	5,47
37:11:00	33	10,82	5,49
37:12:00	33	10,82	5,49
37:13:00	33	10,82	5,49
37:14:00	33	10,82	5,49
37:15:00	33	10,82	5,49
37:16:00	33	10,82	5,49
37:17:00	33	10,82	5,49
37:18:00	33	10,82	5,49
37:19:00	33	10,82	5,49
37:20:00	33	10,82	5,49
37:21:00	33	10,82	5,49
37:22:00	33	10,82	5,49
37:23:00	33	10,81	5,51
37:24:00	33	10,81	5,51
37:25:00	33	10,81	5,51
37:26:00	32	10,81	5,51
37:27:00	32	10,81	5,51
37:28:00	33	10,81	5,51
37:29:00	33	10,81	5,51
37:30:00	33	10,81	5,51
37:31:00	33	10,81	5,51
37:32:00	32	10,81	5,51
37:33:00	33	10,80	5,53
37:34:00	33	10,80	5,53
37:35:00	33	10,81	5,51
37:36:00	33	10,80	5,53
37:37:00	33	10,80	5,53
37:38:00	33	10,80	5,53
37:39:00	33	10,80	5,53
37:40:00	33	10,80	5,53
37:41:00	33	10,80	5,53
37:42:00	33	10,80	5,53
37:43:00	32	10,80	5,55
37:44:00	33	10,80	5,55
37:45:00	33	10,80	5,55
37:46:00	33	10,80	5,55
37:47:00	33	10,80	5,55
37:48:00	33	10,80	5,55
37:49:00	33	10,80	5,55
37:50:00	33	10,80	5,55
37:51:00	33	10,80	5,55
37:52:00	33	10,80	5,55
37:53:00	33	10,80	5,55
37:54:00	33	10,79	5,57
37:55:00	33	10,80	5,55
37:56:00	33	10,79	5,57
37:57:00	33	10,79	5,57
37:58:00	33	10,79	5,57
37:59:00	33	10,79	5,57
38:00:00	33	10,79	5,57
38:01:00	33	10,79	5,57
38:02:00	32	10,79	5,57
38:03:00	33	10,79	5,57
38:04:00	33	10,79	5,57
38:05:00	33	10,79	5,57
38:06:00	33	10,79	5,57
38:07:00	33	10,78	5,59
38:08:00	33	10,78	5,59
38:09:00	33	10,78	5,59
38:10:00	33	10,78	5,59
38:11:00	33	10,78	5,59
38:12:00	33	10,78	5,59
38:13:00	33	10,78	5,59
38:14:00	33	10,78	5,61
38:15:00	33	10,78	5,61
38:16:00	33	10,78	5,61
38:17:00	33	10,78	5,61
38:18:00	33	10,78	5,61
38:19:00	33	10,78	5,61
38:20:00	33	10,78	5,61
38:21:00	33	10,78	5,61
38:22:00	33	10,78	5,61
38:23:00	33	10,78	5,61
38:24:00	33	10,78	5,61
38:25:00	33	10,78	5,61
38:26:00	33	10,78	5,61
38:27:00	33	10,77	5,64
38:28:00	33	10,77	5,64
38:29:00	33	10,77	5,64
38:30:00	32	10,77	5,64
38:31:00	33	10,77	5,64
38:32:00	33	10,77	5,64
38:33:00	33	10,77	5,64
38:34:00	33	10,77	5,64
38:35:00	32	10,77	5,64
38:36:00	33	10,77	5,64
38:37:00	33	10,77	5,64
38:38:00	33	10,76	5,66
38:39:00	32	10,76	5,66
38:40:00	33	10,76	5,66
38:41:00	32	10,76	5,66
38:42:00	33	10,76	5,66
38:43:00	32	10,76	5,66
38:44:00	33	10,76	5,66
38:45:00	32	10,76	5,66
38:46:00	33	10,76	5,66
38:47:00	32	10,76	5,66
38:48:00	33	10,76	5,66
38:49:00	33	10,75	5,68
38:50:00	33	10,75	5,68
38:51:00	33	10,75	5,68
38:52:00	33	10,75	5,68
38:53:00	33	10,75	5,68
38:54:00	33	10,75	5,68
38:55:00	33	10,75	5,68
38:56:00	33	10,75	5,68
38:57:00	33	10,75	5,68
38:58:00	33	10,75	5,68
38:59:00	33	10,75	5,68
39:00:00	33	10,75	5,68
39:01:00	33	10,75	5,68
39:02:00	33	10,75	5,70
39:03:00	33	10,75	5,70
39:04:00	33	10,75	5,70
39:05:00	33	10,75	5,70
39:06:00	33	10,75	5,70
39:07:00	33	10,75	5,70
39:08:00	33	10,75	5,70
39:09:00	33	10,75	5,70
39:10:00	33	10,75	5,70
39:11:00	33	10,75	5,70
39:12:00	32	10,75	5,70
39:13:00	33	10,74	5,72
39:14:00	33	10,75	5,70
39:15:00	33	10,74	5,72
39:16:00	33	10,74	5,72
39:17:00	33	10,74	5,72
39:18:00	33	10,74	5,72
39:19:00	33	10,74	5,72
39:20:00	33	10,74	5,72
39:21:00	33	10,74	5,72
39:22:00	33	10,74	5,72
39:23:00	33	10,74	5,72
39:24:00	33	10,74	5,72
39:25:00	33	10,74	5,72
39:26:00	33	10,74	5,72
39:27:00	33	10,74	5,72
39:28:00	33	10,74	5,72
39:29:00	33	10,74	5,72
39:30:00	33	10,74	5,72
39:31:00	33	10,74	5,72
39:32:00	33	10,74	5,72
39:33:00	33	10,74	5,72
39:34:00	33	10,74	5,72
39:35:00	33	10,74	5,72
39:36:00	33	10,74	5,72
39:37:00	33	10,73	5,74
39:38:00	33	10,73	5,74
39:39:00	33	10,72	5,76
39:40:00	32	10,72	5,76
39:41:00	32	10,72	5,76
39:42:00	33	10,72	5,76
39:43:00	32	10,72	5,76
39:44:00	33	10,72	5,76
39:45:00	33	10,72	5,76
39:46:00	33	10,72	5,76
39:47:00	33	10,72	5,76
39:48:00	32	10,72	5,76
39:49:00	32	10,72	5,76
39:50:00	33	10,72	5,76
39:51:00	33	10,71	5,78
39:52:00	33	10,71	5,78
39:53:00	33	10,72	5,76
39:54:00	33	10,71	5,78
39:55:00	33	10,71	5,78
39:56:00	33	10,71	5,78
39:57:00	33	10,71	5,78
39:58:00	33	10,71	5,78
39:59:00	33	10,71	5,78
40:00:00	32	10,71	5,78
40:01:00	33	10,71	5,78
40:02:00	32	10,71	5,78
40:03:00	33	10,71	5,78
40:04:00	33	10,71	5,78
40:05:00	33	10,71	5,81
40:06:00	33	10,71	5,81
40:07:00	33	10,71	5,81
40:08:00	33	10,71	5,81
40:09:00	33	10,71	5,81
40:10:00	33	10,71	5,81
40:11:00	33	10,71	5,81
40:12:00	32	10,71	5,81
40:13:00	33	10,71	5,81
40:14:00	33	10,70	5,83
40:15:00	32	10,71	5,81
40:16:00	33	10,70	5,83
40:17:00	33	10,70	5,83
40:18:00	33	10,70	5,83
40:19:00	33	10,70	5,83
40:20:00	33	10,70	5,83
40:21:00	33	10,70	5,83
40:22:00	33	10,70	5,83
40:23:00	33	10,70	5,83
40:24:00	33	10,70	5,83
40:25:00	33	10,70	5,83
40:26:00	33	10,70	5,83
40:27:00	33	10,70	5,83
40:28:00	33	10,69	5,85
40:29:00	33	10,69	5,85
40:30:00	33	10,69	5,85
40:31:00	33	10,69	5,85
40:32:00	33	10,69	5,85
40:33:00	32	10,69	5,85
40:34:00	33	10,69	5,85
40:35:00	33	10,69	5,85
40:36:00	33	10,69	5,85
40:37:00	33	10,69	5,85
40:38:00	33	10,69	5,85
40:39:00	33	10,69	5,85
40:40:00	33	10,69	5,85
40:41:00	33	10,68	5,87
40:42:00	32	10,68	5,87
40:43:00	33	10,68	5,87
40:44:00	33	10,68	5,87
40:45:00	33	10,68	5,87
40:46:00	33	10,68	5,87
40:47:00	33	10,68	5,87
40:48:00	33	10,68	5,87
40:49:00	33	10,68	5,87
40:50:00	33	10,68	5,87
40:51:00	33	10,68	5,87
40:52:00	33	10,68	5,87
40:53:00	33	10,68	5,89
40:54:00	33	10,68	5,89
40:55:00	33	10,68	5,89
40:56:00	33	10,68	5,89
40:57:00	33	10,68	5,89
40:58:00	33	10,68	5,89
40:59:00	33	10,68	5,89
41:00:00	33	10,68	5,89
41:01:00	33	10,68	5,89
41:02:00	33	10,68	5,89
41:03:00	33	10,68	5,89
41:04:00	33	10,68	5,89
41:05:00	33	10,67	5,92
41:06:00	33	10,67	5,92
41:07:00	32	10,67	5,92
41:08:00	33	10,67	5,92
41:09:00	33	10,67	5,92
41:10:00	33	10,67	5,92
41:11:00	33	10,67	5,92
41:12:00	33	10,67	5,92
41:13:00	33	10,67	5,92
41:14:00	33	10,67	5,92
41:15:00	33	10,67	5,92
41:16:00	33	10,66	5,94
41:17:00	33	10,67	5,92
41:18:00	33	10,67	5,92
41:19:00	33	10,66	5,94
41:20:00	33	10,66	5,94
41:21:00	33	10,66	5,94
41:22:00	33	10,66	5,94
41:23:00	33	10,66	5,94
41:24:00	33	10,66	5,94
41:25:00	33	10,66	5,94
41:26:00	32	10,66	5,94
41:27:00	33	10,66	5,94
41:28:00	33	10,66	5,94
41:29:00	33	10,66	5,94
41:30:00	33	10,66	5,94
41:31:00	33	10,66	5,94
41:32:00	33	10,65	5,96
41:33:00	33	10,65	5,96
41:34:00	33	10,65	5,96
41:35:00	32	10,65	5,96
41:36:00	33	10,65	5,96
41:37:00	33	10,65	5,96
41:38:00	32	10,65	5,96
41:39:00	33	10,65	5,96
41:40:00	33	10,65	5,96
41:41:00	33	10,65	5,96
41:42:00	33	10,65	5,96
41:43:00	32	10,65	5,96
41:44:00	32	10,65	5,96
41:45:00	33	10,65	5,96
41:46:00	33	10,65	5,96
41:47:00	32	10,65	5,96
41:48:00	33	10,65	5,96
41:49:00	33	10,65	5,96
41:50:00	33	10,65	5,96
41:51:00	33	10,65	5,98
41:52:00	33	10,65	5,98
41:53:00	33	10,65	5,98
41:54:00	33	10,65	5,98
41:55:00	32	10,65	5,98
41:56:00	32	10,65	5,98
41:57:00	33	10,65	5,98
41:58:00	33	10,64	6,01
41:59:00	33	10,64	6,01
42:00:00	33	10,64	6,01
42:01:00	33	10,64	6,01
42:02:00	33	10,64	6,01
42:03:00	33	10,64	6,01
42:04:00	33	10,64	6,01
42:05:00	33	10,64	6,01
42:06:00	33	10,64	6,01
42:07:00	33	10,64	6,01
42:08:00	33	10,64	6,01
42:09:00	33	10,64	6,01
42:10:00	33	10,64	6,01
42:11:00	33	10,64	6,01
42:12:00	33	10,63	6,03
42:13:00	33	10,64	6,01
42:14:00	33	10,63	6,03
42:15:00	33	10,63	6,03
42:16:00	33	10,63	6,03
42:17:00	33	10,63	6,03
42:18:00	33	10,63	6,03
42:19:00	33	10,63	6,03
42:20:00	33	10,63	6,03
42:21:00	33	10,63	6,03
42:22:00	32	10,63	6,03
42:23:00	32	10,63	6,03
42:24:00	33	10,63	6,03
42:25:00	33	10,63	6,03
42:26:00	32	10,63	6,03
42:27:00	32	10,63	6,03
42:28:00	33	10,63	6,05
42:29:00	33	10,63	6,05
42:30:00	33	10,63	6,05
42:31:00	33	10,63	6,05
42:32:00	33	10,63	6,05
42:33:00	33	10,63	6,05
42:34:00	33	10,63	6,05
42:35:00	33	10,63	6,05
42:36:00	33	10,63	6,05
42:37:00	33	10,63	6,05
42:38:00	33	10,63	6,05
42:39:00	33	10,63	6,05
42:40:00	33	10,63	6,05
42:41:00	33	10,63	6,05
42:42:00	33	10,63	6,05
42:43:00	33	10,62	6,07
42:44:00	33	10,62	6,07
42:45:00	33	10,62	6,07
42:46:00	33	10,62	6,07
42:47:00	33	10,62	6,07
42:48:00	33	10,62	6,07
42:49:00	33	10,62	6,07
42:50:00	33	10,62	6,07
42:51:00	33	10,62	6,07
42:52:00	33	10,62	6,07
42:53:00	33	10,62	6,07
42:54:00	33	10,62	6,07
42:55:00	33	10,61	6,10
42:56:00	33	10,61	6,10
42:57:00	32	10,61	6,10
42:58:00	33	10,61	6,10
42:59:00	32	10,61	6,10
43:00:00	32	10,61	6,10
43:01:00	33	10,61	6,10
43:02:00	33	10,61	6,10
43:03:00	32	10,60	6,12
43:04:00	33	10,61	6,10
43:05:00	33	10,60	6,12
43:06:00	32	10,60	6,12
43:07:00	32	10,60	6,12
43:08:00	33	10,60	6,12
43:09:00	33	10,60	6,12
43:10:00	33	10,60	6,12
43:11:00	33	10,60	6,12
43:12:00	33	10,60	6,12
43:13:00	33	10,60	6,12
43:14:00	32	10,60	6,12
43:15:00	33	10,60	6,12
43:16:00	33	10,60	6,12
43:17:00	33	10,60	6,12
43:18:00	33	10,60	6,12
43:19:00	33	10,59	6,14
43:20:00	32	10,59	6,14
43:21:00	33	10,59	6,14
43:22:00	33	10,59	6,14
43:23:00	33	10,59	6,14
43:24:00	32	10,59	6,14
43:25:00	33	10,59	6,14
43:26:00	33	10,59	6,14
43:27:00	33	10,59	6,14
43:28:00	33	10,59	6,14
43:29:00	33	10,59	6,14
43:30:00	33	10,59	6,14
43:31:00	33	10,59	6,14
43:32:00	33	10,59	6,14
43:33:00	32	10,59	6,17
43:34:00	33	10,59	6,17
43:35:00	33	10,59	6,17
43:36:00	33	10,59	6,17
43:37:00	33	10,59	6,17
43:38:00	33	10,59	6,17
43:39:00	33	10,59	6,17
43:40:00	33	10,59	6,17
43:41:00	33	10,59	6,17
43:42:00	33	10,59	6,17
43:43:00	32	10,59	6,17
43:44:00	33	10,59	6,17
43:45:00	33	10,59	6,17
43:46:00	32	10,59	6,17
43:47:00	32	10,59	6,17
43:48:00	33	10,59	6,17
43:49:00	32	10,58	6,19
43:50:00	33	10,58	6,19
43:51:00	32	10,58	6,19
43:52:00	33	10,58	6,19
43:53:00	33	10,58	6,19
43:54:00	32	10,58	6,19
43:55:00	33	10,58	6,19
43:56:00	33	10,58	6,19
43:57:00	33	10,58	6,19
43:58:00	33	10,58	6,19
43:59:00	33	10,58	6,19
44:00:00	33	10,58	6,19
44:01:00	33	10,58	6,19
44:02:00	33	10,57	6,21
44:03:00	33	10,58	6,19
44:04:00	33	10,58	6,19
44:05:00	33	10,58	6,19
44:06:00	32	10,57	6,21
44:07:00	33	10,58	6,19
44:08:00	33	10,57	6,21
44:09:00	32	10,57	6,21
44:10:00	33	10,57	6,21
44:11:00	32	10,57	6,21
44:12:00	32	10,57	6,21
44:13:00	32	10,57	6,21
44:14:00	33	10,57	6,21
44:15:00	33	10,57	6,21
44:16:00	33	10,57	6,21
44:17:00	33	10,57	6,21
44:18:00	32	10,57	6,21
44:19:00	33	10,57	6,24
44:20:00	33	10,57	6,21
44:21:00	33	10,57	6,24
44:22:00	33	10,57	6,24
44:23:00	32	10,57	6,24
44:24:00	33	10,57	6,24
44:25:00	33	10,57	6,24
44:26:00	33	10,57	6,24
44:27:00	33	10,57	6,24
44:28:00	33	10,57	6,24
44:29:00	33	10,57	6,24
44:30:00	33	10,56	6,26
44:31:00	33	10,57	6,24
44:32:00	33	10,57	6,24
44:33:00	33	10,56	6,26
44:34:00	33	10,57	6,24
44:35:00	33	10,57	6,24
44:36:00	33	10,56	6,26
44:37:00	33	10,56	6,26
44:38:00	33	10,56	6,26
44:39:00	33	10,56	6,26
44:40:00	33	10,56	6,26
44:41:00	33	10,56	6,26
44:42:00	33	10,56	6,26
44:43:00	32	10,56	6,26
44:44:00	33	10,56	6,26
44:45:00	33	10,56	6,26
44:46:00	33	10,56	6,26
44:47:00	33	10,56	6,26
44:48:00	33	10,56	6,26
44:49:00	33	10,56	6,26
44:50:00	33	10,56	6,26
44:51:00	32	10,56	6,26
44:52:00	32	10,56	6,26
44:53:00	33	10,55	6,28
44:54:00	33	10,56	6,26
44:55:00	33	10,55	6,28
44:56:00	32	10,56	6,26
44:57:00	33	10,55	6,28
44:58:00	32	10,55	6,28
44:59:00	33	10,55	6,28
45:00:00	32	10,55	6,28
45:01:00	33	10,54	6,31
45:02:00	33	10,54	6,31
45:03:00	33	10,54	6,31
45:04:00	33	10,54	6,31
45:05:00	32	10,54	6,31
45:06:00	33	10,54	6,31
45:07:00	33	10,54	6,31
45:08:00	33	10,54	6,31
45:09:00	33	10,54	6,31
45:10:00	32	10,54	6,31
45:11:00	33	10,54	6,31
45:12:00	33	10,54	6,31
45:13:00	33	10,54	6,33
45:19:47			
45:19:47	32	10,54	6,33
45:20:47	32	10,54	6,33
45:21:47	32	10,54	6,33
45:22:47	33	10,54	6,33
45:23:47	32	10,54	6,33
45:24:47	33	10,54	6,33
45:25:47	32	10,54	6,33
45:26:47	32	10,54	6,33
45:27:47	32	10,54	6,33
45:28:47	32	10,54	6,33
45:29:47	33	10,53	6,35
45:30:47	32	10,54	6,33
45:31:47	32	10,54	6,33
45:32:47	32	10,53	6,35
45:33:47	32	10,53	6,35
45:34:47	33	10,53	6,35
45:35:47	32	10,53	6,35
45:36:47	32	10,53	6,35
45:37:47	33	10,53	6,35
45:38:47	32	10,53	6,35
45:39:47	32	10,53	6,35
45:40:47	32	10,53	6,35
45:41:47	32	10,53	6,35
45:42:47	33	10,53	6,35
45:43:47	32	10,53	6,35
45:44:47	33	10,53	6,35
45:45:47	32	10,53	6,35
45:46:47	32	10,53	6,35
45:47:47	32	10,53	6,35
45:48:47	33	10,53	6,35
45:49:47	33	10,53	6,35
45:50:47	33	10,53	6,35
45:51:47	32	10,53	6,35
45:52:47	33	10,53	6,35
45:53:47	33	10,53	6,35
45:54:47	33	10,52	6,38
45:55:47	33	10,52	6,38
45:56:47	33	10,52	6,38
45:57:47	33	10,52	6,38
45:58:47	32	10,52	6,38
45:59:47	33	10,52	6,38
46:00:47	33	10,52	6,38
46:01:47	33	10,51	6,40
46:02:47	33	10,51	6,40
46:03:47	33	10,51	6,40
46:04:47	33	10,51	6,40
46:05:47	33	10,51	6,40
46:06:47	33	10,51	6,40
46:07:47	33	10,51	6,40
46:08:47	33	10,51	6,40
46:09:47	32	10,51	6,40
46:10:47	33	10,51	6,40
46:11:47	33	10,51	6,40
46:12:47	33	10,51	6,40
46:13:47	33	10,51	6,40
46:14:47	33	10,51	6,40
46:15:47	33	10,51	6,40
46:16:47	33	10,51	6,40
46:17:47	33	10,50	6,43
46:18:47	33	10,51	6,40
46:19:47	33	10,50	6,43
46:20:47	33	10,50	6,43
46:21:47	33	10,50	6,43
46:22:47	33	10,50	6,43
46:23:47	33	10,50	6,43
46:24:47	32	10,50	6,43
46:25:47	33	10,50	6,43
46:26:47	33	10,50	6,43
46:27:47	33	10,50	6,43
46:28:47	33	10,50	6,43
46:29:47	33	10,50	6,43
46:30:47	32	10,50	6,43
46:31:47	33	10,50	6,43
46:32:47	33	10,50	6,45
46:33:47	33	10,50	6,45
46:34:47	33	10,50	6,43
46:35:47	33	10,50	6,45
46:36:47	33	10,50	6,45
46:37:47	32	10,50	6,45
46:38:47	32	10,50	6,45
46:39:47	33	10,50	6,45
46:40:47	33	10,50	6,45
46:41:47	33	10,50	6,45
46:42:47	32	10,50	6,45
46:43:47	32	10,50	6,45
46:44:47	33	10,50	6,45
46:45:47	33	10,50	6,45
46:46:47	33	10,50	6,45
46:47:47	33	10,50	6,45
46:48:47	33	10,50	6,45
46:49:47	33	10,50	6,45
46:50:47	33	10,49	6,47
46:51:47	33	10,49	6,47
46:52:47	33	10,49	6,47
46:53:47	33	10,49	6,47
46:54:47	33	10,49	6,47
46:55:47	33	10,49	6,47
46:56:47	33	10,49	6,47
46:57:47	33	10,49	6,47
46:58:47	33	10,49	6,47
46:59:47	33	10,49	6,47
47:00:47	33	10,49	6,47
47:01:47	33	10,49	6,47
47:02:47	33	10,49	6,47
47:03:47	33	10,49	6,47
47:04:47	32	10,49	6,47
47:05:47	33	10,49	6,47
47:06:47	33	10,49	6,47
47:07:47	33	10,48	6,50
47:08:47	33	10,49	6,47
47:09:47	33	10,48	6,50
47:10:47	33	10,49	6,47
47:11:47	32	10,48	6,50
47:12:47	33	10,48	6,50
47:13:47	32	10,48	6,50
47:14:47	33	10,48	6,50
47:15:47	33	10,48	6,50
47:16:47	33	10,48	6,50
47:17:47	33	10,48	6,50
47:18:47	33	10,48	6,50
47:19:47	33	10,48	6,50
47:20:47	33	10,48	6,50
47:21:47	32	10,48	6,50
47:22:47	33	10,48	6,50
47:23:47	32	10,48	6,50
47:24:47	33	10,48	6,52
47:25:47	33	10,48	6,52
47:26:47	33	10,48	6,52
47:27:47	33	10,48	6,52
47:28:47	32	10,48	6,52
47:29:47	33	10,48	6,52
47:30:47	33	10,48	6,52
47:31:47	33	10,48	6,52
47:32:47	32	10,48	6,52
47:33:47	33	10,48	6,52
47:34:47	33	10,48	6,52
47:35:47	33	10,48	6,52
47:36:47	32	10,48	6,52
47:37:47	33	10,47	6,55
47:38:47	33	10,47	6,55
47:39:47	32	10,47	6,55
47:40:47	33	10,47	6,55
47:41:47	33	10,47	6,55
47:42:47	33	10,47	6,55
47:43:47	33	10,47	6,55
47:44:47	33	10,47	6,55
47:45:47	33	10,47	6,55
47:46:47	33	10,47	6,55
47:47:47	33	10,47	6,55
47:48:47	33	10,47	6,55
47:49:47	33	10,47	6,55
47:50:47	33	10,47	6,55
47:51:47	33	10,47	6,55
47:52:47	32	10,47	6,55
47:53:47	33	10,47	6,55
47:54:47	33	10,46	6,57
47:55:47	32	10,46	6,57
47:56:47	33	10,46	6,57
47:57:47	33	10,46	6,57
47:58:47	33	10,46	6,57
47:59:47	33	10,46	6,57
48:00:47	32	10,46	6,57
48:01:47	33	10,46	6,57
48:02:47	33	10,46	6,57
48:03:47	33	10,46	6,57
48:04:47	33	10,46	6,57
48:05:47	33	10,46	6,57
48:06:47	33	10,46	6,57
48:07:47	33	10,45	6,60
48:08:47	33	10,45	6,60
48:09:47	33	10,45	6,60
48:10:47	32	10,45	6,60
48:11:47	33	10,45	6,60
48:12:47	33	10,45	6,60
48:13:47	33	10,45	6,60
48:14:47	33	10,45	6,60
48:15:47	33	10,45	6,60
48:16:47	33	10,45	6,60
48:17:47	32	10,45	6,60
48:18:47	33	10,45	6,60
48:19:47	32	10,45	6,60
