--Test Summary--
Full Path and File Name	
Instrument Name	4262L
Instrument Type	Model 4262 Twin Cell UCA
Instrument Serial Number	111L
Test Start Date	18.05.2004
Test Start Time	10:57:43
Test Stop Date	20.05.2004
Test Stop Time	11:33:06
Test Length	48:35:23
Final Sample Time Offset	48:34:47
Controller Schedule Name	
Sampling Period	60 seconds
Comments	T:80(110),dwell (80), 18(120)
Information	WellID	
Information	Customer	ZAO "ROSPAN" & TNK-BP
Information	CementClass	G
Information	CementMfr	Dyckerhoff
Information	Additives	0.75%Gel+2%SMS+0.45%R-7
Information	Density	1450
Information	BHCT	80
Information	BHST	96
Information	FluidLoss	
Information	JobType	168.3 mm csg lead slurry
Calculated Value	CS_50	23:15:47
Calculated Value	CS_500	N/A
Calculated Value	CS_Time8h	0,00 MPa
Calculated Value	CS_Time16h	0,04 MPa
Calculated Value	CS_Time24h	0,38 MPa
Calculated Value	CS_Time48h	1,54 MPa
Calculated Value	CS_Time72h	N/A
Calculated Curve	Compressive Strength	Compressive strength type A (less than 14 lb/gal)
Initial Temperature (°C)	19 °C
Final Temperature (°C)	19 °C
Initial Transit Time (microsec/in)	16,80 microsec/in
Final Transit Time (microsec/in)	13,95 microsec/in
Initial Compressive Strength (MPa)	0,00 MPa
Final Compressive Strength (MPa)	1,56 MPa
--Data--
Time (HH:MM:SS)	Temperature (°C)	Transit Time (microsec/in)	Compressive Strength (MPa)
0:00:00	19	16,80	0,00
0:01:00	19	16,80	0,00
0:02:00	19	16,80	0,00
0:03:00	19	16,80	0,00
0:04:00	20	16,80	0,00
0:05:00	20	16,80	0,00
0:06:00	20	16,80	0,00
0:07:00	21	16,77	0,01
0:08:00	21	16,77	0,01
0:09:00	22	16,77	0,01
0:10:00	22	16,77	0,01
0:11:00	23	16,76	0,01
0:12:00	24	16,75	0,02
0:13:00	24	16,74	0,02
0:14:00	25	16,73	0,02
0:15:00	25	16,71	0,03
0:16:00	26	16,70	0,03
0:17:00	27	16,68	0,04
0:18:00	27	16,67	0,04
0:19:00	28	16,66	0,05
0:20:00	29	16,65	0,05
0:21:00	29	16,63	0,06
0:22:00	30	16,62	0,06
0:23:00	30	16,60	0,07
0:24:00	31	16,59	0,07
0:25:00	32	16,57	0,08
0:26:00	33	16,56	0,08
0:27:00	33	16,55	0,08
0:28:00	34	16,53	0,09
0:29:00	34	16,52	0,09
0:30:00	35	16,51	0,10
0:31:00	35	16,50	0,10
0:32:00	36	16,48	0,11
0:33:00	37	16,47	0,11
0:34:00	37	16,46	0,12
0:35:00	38	16,45	0,12
0:36:00	38	16,44	0,12
0:37:00	39	16,44	0,12
0:38:00	40	16,41	0,13
0:39:00	40	16,41	0,13
0:40:00	41	16,40	0,14
0:41:00	41	16,39	0,14
0:42:00	42	16,38	0,14
0:43:00	42	16,37	0,15
0:44:00	43	16,37	0,15
0:45:00	44	16,36	0,15
0:46:00	44	16,35	0,16
0:47:00	45	16,34	0,16
0:48:00	45	16,33	0,16
0:49:00	46	16,32	0,16
0:50:00	47	16,32	0,17
0:51:00	47	16,31	0,17
0:52:00	48	16,30	0,17
0:53:00	48	16,30	0,17
0:54:00	49	16,29	0,18
0:55:00	49	16,29	0,18
0:56:00	50	16,28	0,18
0:57:00	50	16,28	0,18
0:58:00	51	16,27	0,18
0:59:00	51	16,26	0,19
1:00:00	52	16,26	0,19
1:01:00	52	16,26	0,19
1:02:00	53	16,26	0,19
1:03:00	54	16,25	0,19
1:04:00	54	16,24	0,20
1:05:00	54	16,24	0,20
1:06:00	55	16,23	0,20
1:07:00	56	16,23	0,20
1:08:00	56	16,23	0,20
1:09:00	57	16,23	0,20
1:10:00	57	16,22	0,20
1:11:00	58	16,22	0,20
1:12:00	58	16,22	0,20
1:13:00	59	16,21	0,21
1:14:00	59	16,21	0,21
1:15:00	60	16,21	0,21
1:16:00	60	16,20	0,21
1:17:00	61	16,20	0,21
1:18:00	62	16,20	0,21
1:19:00	62	16,20	0,21
1:20:00	63	16,20	0,21
1:21:00	63	16,20	0,21
1:22:00	64	16,20	0,21
1:23:00	64	16,20	0,21
1:24:00	65	16,20	0,21
1:25:00	65	16,20	0,21
1:26:00	66	16,20	0,21
1:27:00	66	16,19	0,22
1:28:00	67	16,20	0,21
1:29:00	68	16,19	0,22
1:30:00	68	16,20	0,21
1:31:00	69	16,19	0,22
1:32:00	70	16,19	0,22
1:33:00	70	16,19	0,22
1:34:00	71	16,19	0,22
1:35:00	71	16,19	0,22
1:36:00	71	16,20	0,21
1:37:00	72	16,20	0,21
1:38:00	72	16,20	0,21
1:39:00	73	16,19	0,22
1:40:00	73	16,20	0,21
1:41:00	74	16,20	0,21
1:42:00	74	16,20	0,21
1:43:00	75	16,20	0,21
1:44:00	75	16,20	0,21
1:45:00	76	16,20	0,21
1:46:00	76	16,20	0,21
1:47:00	77	16,20	0,21
1:48:00	78	16,21	0,21
1:49:00	78	16,21	0,21
1:50:00	78	16,21	0,21
1:51:00	79	16,22	0,20
1:52:00	79	16,22	0,20
1:53:00	80	16,22	0,20
1:54:00	80	16,22	0,20
1:55:00	80	16,22	0,20
1:56:00	81	16,23	0,20
1:57:00	80	16,23	0,20
1:58:00	79	16,24	0,20
1:59:00	78	16,25	0,19
2:00:00	77	16,25	0,19
2:01:00	77	16,24	0,20
2:02:00	77	16,24	0,20
2:03:00	77	16,24	0,20
2:04:00	78	16,24	0,20
2:05:00	79	16,24	0,20
2:06:00	79	16,23	0,20
2:07:00	79	16,23	0,20
2:08:00	79	16,23	0,20
2:09:00	79	16,23	0,20
2:10:00	79	16,24	0,20
2:11:00	79	16,24	0,20
2:12:00	79	16,24	0,20
2:13:00	79	16,25	0,19
2:14:00	79	16,25	0,19
2:15:00	79	16,25	0,19
2:16:00	79	16,25	0,19
2:17:00	79	16,26	0,19
2:18:00	79	16,26	0,19
2:19:00	79	16,26	0,19
2:20:00	79	16,26	0,19
2:21:00	79	16,26	0,19
2:22:00	79	16,26	0,19
2:23:00	79	16,26	0,19
2:24:00	79	16,26	0,19
2:25:00	79	16,26	0,19
2:26:00	79	16,27	0,18
2:27:00	79	16,26	0,19
2:28:00	79	16,27	0,18
2:29:00	79	16,27	0,18
2:30:00	79	16,28	0,18
2:31:00	79	16,29	0,18
2:32:00	79	16,27	0,18
2:33:00	79	16,27	0,18
2:34:00	79	16,28	0,18
2:35:00	79	16,27	0,18
2:36:00	79	16,28	0,18
2:37:00	79	16,29	0,18
2:38:00	79	16,29	0,18
2:39:00	79	16,29	0,18
2:40:00	79	16,29	0,18
2:41:00	79	16,29	0,18
2:42:00	79	16,29	0,18
2:43:00	79	16,29	0,18
2:44:00	79	16,29	0,18
3:14:47			
3:14:47	78	16,35	0,16
3:15:47	76	16,35	0,15
3:16:47	75	16,35	0,16
3:17:47	74	16,35	0,16
3:18:47	74	16,35	0,15
3:19:47	73	16,35	0,16
3:20:47	73	16,35	0,15
3:21:47	74	16,36	0,15
3:22:47	74	16,36	0,15
3:23:47	73	16,37	0,15
3:24:47	72	16,36	0,15
3:25:47	70	16,36	0,15
3:26:47	70	16,36	0,15
3:27:47	69	16,36	0,15
3:28:47	69	16,35	0,15
3:29:47	69	16,36	0,15
3:30:47	69	16,36	0,15
3:31:47	70	16,36	0,15
3:32:47	69	16,38	0,15
3:33:47	68	16,38	0,15
3:34:47	66	16,38	0,14
3:35:47	65	16,38	0,14
3:36:47	65	16,39	0,14
3:37:47	64	16,39	0,14
3:38:47	64	16,40	0,14
3:39:47	65	16,39	0,14
3:40:47	65	16,39	0,14
3:41:47	64	16,39	0,14
3:42:47	63	16,39	0,14
3:43:47	62	16,39	0,14
3:44:47	61	16,40	0,14
3:45:47	60	16,41	0,13
3:46:47	60	16,41	0,13
3:47:47	60	16,41	0,13
3:48:47	60	16,42	0,13
3:49:47	60	16,42	0,13
3:50:47	60	16,43	0,13
3:51:47	59	16,41	0,13
3:52:47	58	16,42	0,13
3:53:47	57	16,43	0,13
3:54:47	56	16,43	0,13
3:55:47	56	16,44	0,12
3:56:47	56	16,44	0,12
3:57:47	55	16,45	0,12
3:58:47	56	16,45	0,12
3:59:47	55	16,46	0,12
4:00:47	54	16,46	0,12
4:01:47	53	16,47	0,11
4:02:47	52	16,47	0,11
4:03:47	52	16,49	0,10
4:04:47	52	16,47	0,11
4:05:47	51	16,48	0,11
4:06:47	51	16,49	0,10
4:07:47	51	16,49	0,10
4:08:47	51	16,49	0,10
4:09:47	49	16,50	0,10
4:10:47	49	16,50	0,10
4:11:47	48	16,52	0,09
4:12:47	47	16,52	0,09
4:13:47	47	16,53	0,09
4:14:47	47	16,53	0,09
4:15:47	47	16,54	0,09
4:16:47	47	16,56	0,08
4:17:47	46	16,56	0,08
4:18:47	45	16,57	0,08
4:19:47	44	16,56	0,08
4:20:47	44	16,57	0,08
4:21:47	43	16,57	0,08
4:22:47	43	16,58	0,07
4:23:47	42	16,59	0,07
4:24:47	43	16,60	0,07
4:25:47	42	16,61	0,06
4:26:47	42	16,62	0,06
4:27:47	41	16,62	0,06
4:28:47	40	16,64	0,05
4:29:47	40	16,64	0,05
4:30:47	39	16,65	0,05
4:31:47	38	16,66	0,05
4:32:47	38	16,66	0,05
4:33:47	37	16,67	0,04
4:34:47	37	16,68	0,04
4:35:47	37	16,69	0,04
4:36:47	37	16,70	0,03
4:37:47	36	16,70	0,03
4:38:47	36	16,71	0,03
4:39:47	35	16,71	0,03
4:40:47	34	16,73	0,02
4:41:47	34	16,74	0,02
4:42:47	34	16,74	0,02
4:43:47	33	16,75	0,02
4:44:47	32	16,77	0,01
4:45:47	32	16,77	0,01
4:46:47	32	16,78	0,01
4:47:47	31	16,80	0,00
4:48:47	30	16,81	0,00
4:49:47	30	16,83	0,00
4:50:47	30	16,84	0,00
4:51:47	29	16,85	0,00
4:52:47	29	16,84	0,00
4:53:47	28	16,86	0,00
4:54:47	28	16,86	0,00
4:55:47	28	16,86	0,00
4:56:47	27	16,88	0,00
4:57:47	27	16,89	0,00
4:58:47	26	16,90	0,00
4:59:47	26	16,91	0,00
5:00:47	26	16,92	0,00
5:01:47	26	16,93	0,00
5:02:47	25	16,94	0,00
5:03:47	25	16,95	0,00
5:04:47	24	16,96	0,00
5:05:47	24	16,97	0,00
5:06:47	24	16,98	0,00
5:07:47	24	16,98	0,00
5:08:47	24	17,00	0,00
5:09:47	23	17,00	0,00
5:10:47	23	17,01	0,00
5:11:47	23	17,03	0,00
5:12:47	23	17,04	0,00
5:13:47	22	17,03	0,00
5:14:47	22	17,04	0,00
5:15:47	22	17,04	0,00
5:16:47	21	17,05	0,00
5:17:47	22	17,05	0,00
5:18:47	21	17,06	0,00
5:19:47	21	17,07	0,00
5:20:47	21	17,07	0,00
5:21:47	21	17,08	0,00
5:22:47	21	17,09	0,00
5:23:47	20	17,10	0,00
5:24:47	20	17,10	0,00
5:25:47	20	17,10	0,00
5:26:47	20	17,11	0,00
5:27:47	20	17,12	0,00
5:28:47	20	17,13	0,00
5:29:47	19	17,13	0,00
5:30:47	19	17,13	0,00
5:31:47	19	17,14	0,00
5:32:47	19	17,15	0,00
5:33:47	19	17,15	0,00
5:34:47	19	17,16	0,00
5:35:47	19	17,16	0,00
5:36:47	18	17,16	0,00
5:37:47	19	17,17	0,00
5:38:47	18	17,17	0,00
5:39:47	19	17,18	0,00
5:40:47	19	17,18	0,00
5:41:47	18	17,19	0,00
5:42:47	18	17,19	0,00
5:43:47	19	17,19	0,00
5:44:47	18	17,19	0,00
5:45:47	18	17,20	0,00
5:46:47	18	17,20	0,00
5:47:47	19	17,20	0,00
5:48:47	18	17,21	0,00
5:49:47	18	17,20	0,00
5:50:47	19	17,21	0,00
5:51:47	18	17,21	0,00
5:52:47	18	17,21	0,00
5:53:47	19	17,21	0,00
5:54:47	18	17,21	0,00
5:55:47	18	17,21	0,00
5:56:47	18	17,21	0,00
5:57:47	19	17,20	0,00
5:58:47	19	17,20	0,00
5:59:47	19	17,20	0,00
6:00:47	19	17,20	0,00
6:01:47	19	17,20	0,00
6:02:47	18	17,20	0,00
6:03:47	19	17,20	0,00
6:04:47	19	17,21	0,00
6:05:47	19	17,20	0,00
6:06:47	19	17,21	0,00
6:07:47	19	17,20	0,00
6:08:47	18	17,20	0,00
6:09:47	19	17,18	0,00
6:10:47	19	17,18	0,00
6:11:47	19	17,18	0,00
6:12:47	19	17,18	0,00
6:13:47	19	17,18	0,00
6:14:47	19	17,18	0,00
6:15:47	18	17,18	0,00
6:16:47	19	17,18	0,00
6:17:47	19	17,18	0,00
6:18:47	19	17,19	0,00
6:19:47	19	17,19	0,00
6:20:47	19	17,19	0,00
6:21:47	19	17,19	0,00
6:22:47	19	17,19	0,00
6:23:47	19	17,19	0,00
6:24:47	19	17,19	0,00
6:25:47	19	17,19	0,00
6:26:47	19	17,19	0,00
6:27:47	19	17,19	0,00
6:28:47	19	17,19	0,00
6:29:47	19	17,19	0,00
6:30:47	19	17,19	0,00
6:31:47	16	17,19	0,00
6:32:47	19	17,19	0,00
6:33:47	19	17,19	0,00
6:34:47	19	17,19	0,00
6:35:47	19	17,19	0,00
6:36:47	19	17,19	0,00
6:37:47	19	17,19	0,00
6:38:47	19	17,19	0,00
6:39:47	19	17,19	0,00
6:40:47	19	17,19	0,00
6:41:47	19	17,19	0,00
6:42:47	19	17,19	0,00
6:43:47	19	17,19	0,00
6:44:47	19	17,19	0,00
6:45:47	19	17,19	0,00
6:46:47	19	17,19	0,00
6:47:47	19	17,18	0,00
6:48:47	19	17,19	0,00
6:49:47	19	17,19	0,00
6:50:47	19	17,19	0,00
6:51:47	18	17,19	0,00
6:52:47	19	17,19	0,00
6:53:47	19	17,19	0,00
6:54:47	19	17,19	0,00
6:55:47	19	17,19	0,00
6:56:47	19	17,19	0,00
6:57:47	19	17,19	0,00
6:58:47	19	17,19	0,00
6:59:47	18	17,19	0,00
7:00:47	19	17,19	0,00
7:01:47	19	17,19	0,00
7:02:47	19	17,19	0,00
7:03:47	19	17,19	0,00
7:04:47	19	17,19	0,00
7:05:47	19	17,19	0,00
7:06:47	19	17,19	0,00
7:07:47	19	17,19	0,00
7:08:47	19	17,19	0,00
7:09:47	19	17,19	0,00
7:10:47	19	17,19	0,00
7:11:47	19	17,19	0,00
7:12:47	19	17,20	0,00
7:13:47	19	17,20	0,00
7:14:47	19	17,19	0,00
7:15:47	19	17,20	0,00
7:16:47	19	17,20	0,00
7:17:47	19	17,20	0,00
7:18:47	19	17,20	0,00
7:19:47	19	17,20	0,00
7:20:47	19	17,20	0,00
7:21:47	18	17,20	0,00
7:22:47	19	17,20	0,00
7:23:47	19	17,21	0,00
7:24:47	19	17,21	0,00
7:25:47	19	17,20	0,00
7:26:47	19	17,20	0,00
7:27:47	19	17,21	0,00
7:28:47	19	17,21	0,00
7:29:47	19	17,21	0,00
7:30:47	19	17,21	0,00
7:31:47	19	17,21	0,00
7:32:47	19	17,19	0,00
7:33:47	19	17,19	0,00
7:34:47	19	17,19	0,00
7:35:47	19	17,19	0,00
7:36:47	19	17,19	0,00
7:37:47	19	17,19	0,00
7:38:47	19	17,19	0,00
7:39:47	19	17,19	0,00
7:40:47	19	17,19	0,00
7:41:47	19	17,19	0,00
7:42:47	19	17,19	0,00
7:43:47	19	17,19	0,00
7:44:47	19	17,19	0,00
7:45:47	19	17,20	0,00
7:46:47	19	17,19	0,00
7:47:47	19	17,19	0,00
7:48:47	19	17,19	0,00
7:49:47	19	17,19	0,00
7:50:47	19	17,19	0,00
7:51:47	19	17,18	0,00
7:52:47	19	17,18	0,00
7:53:47	19	17,18	0,00
7:54:47	19	17,18	0,00
7:55:47	19	17,19	0,00
7:56:47	19	17,19	0,00
7:57:47	19	17,19	0,00
7:58:47	19	17,19	0,00
7:59:47	19	17,19	0,00
8:00:47	19	17,19	0,00
8:01:47	19	17,19	0,00
8:02:47	18	17,19	0,00
8:03:47	19	17,19	0,00
8:04:47	19	17,19	0,00
8:05:47	19	17,19	0,00
8:06:47	19	17,19	0,00
8:07:47	19	17,19	0,00
8:08:47	19	17,19	0,00
8:09:47	19	17,19	0,00
8:10:47	19	17,19	0,00
8:11:47	19	17,19	0,00
8:12:47	19	17,19	0,00
8:13:47	19	17,19	0,00
8:14:47	19	17,19	0,00
8:15:47	19	17,19	0,00
8:16:47	19	17,19	0,00
8:17:47	19	17,19	0,00
8:18:47	19	17,19	0,00
8:19:47	19	17,19	0,00
8:20:47	19	17,19	0,00
8:21:47	19	17,19	0,00
8:22:47	19	17,19	0,00
8:23:47	18	17,19	0,00
8:24:47	19	17,20	0,00
8:25:47	19	17,19	0,00
8:26:47	19	17,20	0,00
8:27:47	19	17,20	0,00
8:28:47	19	17,20	0,00
8:29:47	19	17,20	0,00
8:30:47	19	17,20	0,00
8:31:47	19	17,20	0,00
8:32:47	19	17,20	0,00
8:33:47	19	17,20	0,00
8:34:47	19	17,20	0,00
8:35:47	19	17,20	0,00
8:36:47	19	17,20	0,00
8:37:47	19	17,20	0,00
8:38:47	18	17,20	0,00
8:39:47	19	17,20	0,00
8:40:47	19	17,18	0,00
8:41:47	19	17,18	0,00
8:42:47	19	17,18	0,00
8:43:47	19	17,18	0,00
8:44:47	19	17,18	0,00
8:45:47	18	17,18	0,00
8:46:47	19	17,18	0,00
8:47:47	19	17,18	0,00
8:48:47	19	17,18	0,00
8:49:47	19	17,18	0,00
8:50:47	19	17,18	0,00
8:51:47	19	17,18	0,00
8:52:47	19	17,18	0,00
8:53:47	19	17,18	0,00
8:54:47	19	17,17	0,00
8:55:47	19	17,17	0,00
8:56:47	19	17,16	0,00
8:57:47	19	17,16	0,00
8:58:47	19	17,16	0,00
8:59:47	18	17,16	0,00
9:00:47	19	17,16	0,00
9:01:47	19	17,16	0,00
9:02:47	20	17,16	0,00
9:03:47	18	17,16	0,00
9:04:47	19	17,16	0,00
9:05:47	19	17,16	0,00
9:06:47	19	17,16	0,00
9:07:47	19	17,17	0,00
9:08:47	19	17,17	0,00
9:09:47	19	17,16	0,00
9:10:47	19	17,16	0,00
9:11:47	19	17,16	0,00
9:12:47	19	17,17	0,00
9:13:47	19	17,16	0,00
9:14:47	19	17,16	0,00
9:15:47	19	17,16	0,00
9:16:47	19	17,16	0,00
9:17:47	19	17,16	0,00
9:18:47	19	17,16	0,00
9:19:47	18	17,16	0,00
9:20:47	19	17,16	0,00
9:21:47	19	17,16	0,00
9:22:47	19	17,16	0,00
9:23:47	19	17,16	0,00
9:24:47	19	17,16	0,00
9:25:47	19	17,17	0,00
9:26:47	19	17,17	0,00
9:27:47	18	17,17	0,00
9:28:47	19	17,17	0,00
9:29:47	19	17,17	0,00
9:30:47	19	17,17	0,00
9:31:47	19	17,17	0,00
9:32:47	19	17,18	0,00
9:33:47	18	17,17	0,00
9:34:47	19	17,17	0,00
9:35:47	19	17,18	0,00
9:36:47	19	17,15	0,00
9:37:47	19	17,15	0,00
9:38:47	19	17,15	0,00
9:39:47	19	17,15	0,00
9:40:47	19	17,15	0,00
9:41:47	19	17,15	0,00
9:42:47	19	17,15	0,00
9:43:47	19	17,15	0,00
9:44:47	19	17,15	0,00
9:45:47	18	17,15	0,00
9:46:47	19	17,15	0,00
9:47:47	19	17,15	0,00
9:48:47	19	17,15	0,00
9:49:47	18	17,15	0,00
9:50:47	19	17,15	0,00
9:51:47	19	17,14	0,00
9:52:47	19	17,14	0,00
9:53:47	19	17,13	0,00
9:54:47	18	17,13	0,00
9:55:47	19	17,13	0,00
9:56:47	19	17,13	0,00
9:57:47	19	17,13	0,00
9:58:47	19	17,13	0,00
9:59:47	19	17,13	0,00
10:00:47	19	17,13	0,00
10:01:47	19	17,13	0,00
10:02:47	18	17,13	0,00
10:03:47	19	17,13	0,00
10:04:47	19	17,13	0,00
10:05:47	19	17,13	0,00
10:06:47	19	17,13	0,00
10:07:47	19	17,13	0,00
10:08:47	19	17,13	0,00
10:09:47	19	17,13	0,00
10:10:47	19	17,13	0,00
10:11:47	19	17,13	0,00
10:12:47	19	17,13	0,00
10:13:47	19	17,13	0,00
10:14:47	19	17,13	0,00
10:15:47	19	17,13	0,00
10:16:47	19	17,13	0,00
10:17:47	19	17,13	0,00
10:18:47	19	17,13	0,00
10:19:47	19	17,13	0,00
10:20:47	19	17,13	0,00
10:21:47	19	17,13	0,00
10:22:47	19	17,13	0,00
10:23:47	19	17,13	0,00
10:24:47	19	17,13	0,00
10:25:47	19	17,13	0,00
10:26:47	18	17,13	0,00
10:27:47	19	17,14	0,00
10:28:47	19	17,11	0,00
10:29:47	18	17,11	0,00
10:30:47	19	17,11	0,00
10:31:47	18	17,11	0,00
10:32:47	19	17,11	0,00
10:33:47	19	17,11	0,00
10:34:47	19	17,11	0,00
10:35:47	18	17,11	0,00
10:36:47	19	17,11	0,00
10:37:47	19	17,11	0,00
10:38:47	19	17,11	0,00
10:39:47	19	17,10	0,00
10:40:47	19	17,10	0,00
10:41:47	19	17,10	0,00
10:42:47	18	17,10	0,00
10:43:47	19	17,10	0,00
10:44:47	19	17,10	0,00
10:45:47	19	17,09	0,00
10:46:47	19	17,09	0,00
10:47:47	19	17,09	0,00
10:48:47	19	17,09	0,00
10:49:47	19	17,09	0,00
10:50:47	19	17,09	0,00
10:51:47	19	17,09	0,00
10:52:47	19	17,09	0,00
10:53:47	19	17,09	0,00
10:54:47	19	17,09	0,00
10:55:47	19	17,09	0,00
10:56:47	19	17,09	0,00
10:57:47	19	17,09	0,00
10:58:47	18	17,09	0,00
10:59:47	19	17,09	0,00
11:00:47	18	17,09	0,00
11:01:47	19	17,09	0,00
11:02:47	19	17,09	0,00
11:03:47	19	17,09	0,00
11:04:47	19	17,08	0,00
11:05:47	19	17,08	0,00
11:06:47	19	17,08	0,00
11:07:47	19	17,08	0,00
11:08:47	19	17,08	0,00
11:09:47	19	17,08	0,00
11:10:47	19	17,08	0,00
11:11:47	19	17,09	0,00
11:12:47	19	17,10	0,00
11:13:47	19	17,07	0,00
11:14:47	19	17,07	0,00
11:15:47	19	17,07	0,00
11:16:47	19	17,07	0,00
11:17:47	18	17,07	0,00
11:18:47	19	17,07	0,00
11:19:47	19	17,07	0,00
11:20:47	19	17,07	0,00
11:21:47	19	17,07	0,00
11:22:47	19	17,07	0,00
11:23:47	19	17,07	0,00
11:24:47	19	17,07	0,00
11:25:47	18	17,06	0,00
11:26:47	19	17,06	0,00
11:27:47	19	17,06	0,00
11:28:47	19	17,06	0,00
11:29:47	19	17,05	0,00
11:30:47	18	17,05	0,00
11:31:47	19	17,04	0,00
11:32:47	19	17,05	0,00
11:33:47	19	17,05	0,00
11:34:47	19	17,04	0,00
11:35:47	19	17,04	0,00
11:36:47	19	17,04	0,00
11:37:47	19	17,04	0,00
11:38:47	19	17,04	0,00
11:39:47	19	17,04	0,00
11:40:47	19	17,04	0,00
11:41:47	19	17,04	0,00
11:42:47	19	17,04	0,00
11:43:47	19	17,04	0,00
11:44:47	18	17,04	0,00
11:45:47	19	17,04	0,00
11:46:47	19	17,04	0,00
11:47:47	19	17,04	0,00
11:48:47	19	17,04	0,00
11:49:47	18	17,04	0,00
11:50:47	19	17,04	0,00
11:51:47	19	17,04	0,00
11:52:47	19	17,04	0,00
11:53:47	18	17,03	0,00
11:54:47	19	17,04	0,00
11:55:47	19	17,04	0,00
11:56:47	18	17,04	0,00
11:57:47	19	17,01	0,00
11:58:47	19	17,01	0,00
11:59:47	19	17,01	0,00
12:00:47	19	17,01	0,00
12:01:47	19	17,01	0,00
12:02:47	18	17,01	0,00
12:03:47	19	17,01	0,00
12:04:47	19	17,01	0,00
12:05:47	19	17,01	0,00
12:06:47	19	17,01	0,00
12:07:47	19	17,01	0,00
12:08:47	19	17,01	0,00
12:09:47	19	17,01	0,00
12:10:47	19	17,01	0,00
12:11:47	19	17,01	0,00
12:12:47	19	17,01	0,00
12:13:47	19	17,01	0,00
12:14:47	19	17,01	0,00
12:15:47	19	17,01	0,00
12:16:47	19	17,01	0,00
12:17:47	19	17,01	0,00
12:18:47	19	17,01	0,00
12:19:47	19	17,01	0,00
12:20:47	19	17,01	0,00
12:21:47	19	17,01	0,00
12:22:47	19	17,00	0,00
12:23:47	18	17,00	0,00
12:24:47	18	17,00	0,00
12:25:47	18	17,00	0,00
12:26:47	19	17,00	0,00
12:27:47	19	17,00	0,00
12:28:47	19	17,00	0,00
12:29:47	19	17,00	0,00
12:30:47	19	16,99	0,00
12:31:47	19	16,99	0,00
12:32:47	19	16,99	0,00
12:33:47	19	16,98	0,00
12:34:47	19	16,98	0,00
12:35:47	19	16,97	0,00
12:36:47	19	16,98	0,00
12:37:47	19	16,98	0,00
12:38:47	19	16,97	0,00
12:39:47	19	16,97	0,00
12:40:47	19	16,97	0,00
12:41:47	19	16,97	0,00
12:42:47	19	16,97	0,00
12:43:47	19	16,97	0,00
12:44:47	19	16,97	0,00
12:45:47	19	16,97	0,00
12:46:47	19	16,97	0,00
12:47:47	19	16,97	0,00
12:48:47	19	16,97	0,00
12:49:47	19	16,97	0,00
12:50:47	19	16,97	0,00
12:51:47	19	16,97	0,00
12:52:47	18	16,95	0,00
12:53:47	19	16,95	0,00
12:54:47	19	16,95	0,00
12:55:47	19	16,95	0,00
12:56:47	18	16,95	0,00
12:57:47	18	16,95	0,00
12:58:47	19	16,95	0,00
12:59:47	19	16,95	0,00
13:00:47	19	16,95	0,00
13:01:47	19	16,95	0,00
13:02:47	19	16,94	0,00
13:03:47	18	16,94	0,00
13:04:47	19	16,94	0,00
13:05:47	19	16,93	0,00
13:06:47	19	16,93	0,00
13:07:47	19	16,93	0,00
13:08:47	19	16,92	0,00
13:09:47	19	16,92	0,00
13:10:47	19	16,92	0,00
13:11:47	19	16,92	0,00
13:12:47	19	16,92	0,00
13:13:47	19	16,92	0,00
13:14:47	19	16,92	0,00
13:15:47	19	16,92	0,00
13:16:47	19	16,92	0,00
13:17:47	19	16,92	0,00
13:18:47	19	16,92	0,00
13:19:47	19	16,92	0,00
13:20:47	19	16,92	0,00
13:21:47	19	16,92	0,00
13:22:47	19	16,92	0,00
13:23:47	19	16,92	0,00
13:24:47	19	16,92	0,00
13:25:47	19	16,92	0,00
13:26:47	18	16,92	0,00
13:27:47	19	16,93	0,00
13:28:47	19	16,90	0,00
13:29:47	19	16,90	0,00
13:30:47	19	16,90	0,00
13:31:47	19	16,90	0,00
13:32:47	19	16,90	0,00
13:33:47	18	16,90	0,00
13:34:47	19	16,90	0,00
13:35:47	19	16,90	0,00
13:36:47	19	16,90	0,00
13:37:47	19	16,90	0,00
13:38:47	19	16,89	0,00
13:39:47	19	16,89	0,00
13:40:47	19	16,89	0,00
13:41:47	18	16,89	0,00
13:42:47	19	16,89	0,00
13:43:47	19	16,89	0,00
13:44:47	19	16,89	0,00
13:45:47	19	16,89	0,00
13:46:47	19	16,88	0,00
13:47:47	19	16,88	0,00
13:48:47	19	16,88	0,00
13:49:47	18	16,87	0,00
13:50:47	19	16,87	0,00
13:51:47	19	16,87	0,00
13:52:47	19	16,87	0,00
13:53:47	19	16,87	0,00
13:54:47	18	16,87	0,00
13:55:47	19	16,87	0,00
13:56:47	19	16,87	0,00
13:57:47	19	16,87	0,00
13:58:47	19	16,86	0,00
13:59:47	19	16,87	0,00
14:00:47	19	16,86	0,00
14:01:47	19	16,86	0,00
14:02:47	19	16,86	0,00
14:03:47	19	16,86	0,00
14:04:47	19	16,86	0,00
14:05:47	19	16,86	0,00
14:06:47	19	16,86	0,00
14:07:47	19	16,86	0,00
14:08:47	18	16,86	0,00
14:09:47	19	16,85	0,00
14:10:47	19	16,84	0,00
14:11:47	19	16,84	0,00
14:12:47	19	16,84	0,00
14:13:47	19	16,84	0,00
14:14:47	19	16,84	0,00
14:15:47	19	16,84	0,00
14:16:47	19	16,84	0,00
14:17:47	19	16,84	0,00
14:18:47	19	16,84	0,00
14:19:47	19	16,83	0,00
14:20:47	19	16,83	0,00
14:21:47	19	16,83	0,00
14:22:47	19	16,83	0,00
14:23:47	19	16,83	0,00
14:24:47	19	16,83	0,00
14:25:47	19	16,82	0,00
14:26:47	19	16,82	0,00
14:27:47	19	16,82	0,00
14:28:47	19	16,82	0,00
14:29:47	19	16,82	0,00
14:30:47	19	16,81	0,00
14:31:47	19	16,81	0,00
14:32:47	18	16,81	0,00
14:33:47	19	16,81	0,00
14:34:47	19	16,81	0,00
14:35:47	18	16,81	0,00
14:36:47	19	16,81	0,00
14:37:47	19	16,81	0,00
14:38:47	18	16,81	0,00
14:39:47	19	16,80	0,00
14:40:47	19	16,80	0,00
14:41:47	18	16,81	0,00
14:42:47	19	16,81	0,00
14:43:47	19	16,81	0,00
14:44:47	19	16,82	0,00
14:45:47	20	16,81	0,00
14:46:47	19	16,82	0,00
14:47:47	19	16,80	0,00
14:48:47	19	16,80	0,00
14:49:47	18	16,79	0,00
14:50:47	19	16,79	0,00
14:51:47	19	16,79	0,00
14:52:47	19	16,79	0,00
14:53:47	19	16,79	0,00
14:54:47	19	16,79	0,00
14:55:47	19	16,79	0,00
14:56:47	19	16,79	0,00
14:57:47	19	16,78	0,01
14:58:47	19	16,78	0,01
14:59:47	19	16,78	0,01
15:00:47	19	16,78	0,01
15:01:47	19	16,78	0,01
15:02:47	19	16,78	0,01
15:03:47	19	16,78	0,01
15:04:47	19	16,77	0,01
15:05:47	18	16,77	0,01
15:06:47	19	16,77	0,01
15:07:47	19	16,77	0,01
15:08:47	19	16,77	0,01
15:09:47	19	16,76	0,01
15:10:47	19	16,75	0,02
15:11:47	19	16,75	0,02
15:12:47	19	16,75	0,02
15:13:47	19	16,75	0,02
15:14:47	19	16,75	0,02
15:15:47	19	16,75	0,02
15:16:47	19	16,75	0,02
15:17:47	19	16,75	0,02
15:18:47	19	16,75	0,02
15:19:47	19	16,75	0,02
15:20:47	19	16,75	0,02
15:21:47	19	16,75	0,02
15:22:47	18	16,74	0,02
15:23:47	19	16,74	0,02
15:24:47	19	16,74	0,02
15:25:47	19	16,74	0,02
15:26:47	19	16,74	0,02
15:27:47	19	16,74	0,02
15:28:47	19	16,75	0,02
15:29:47	19	16,73	0,02
15:30:47	19	16,73	0,02
15:31:47	19	16,72	0,03
15:32:47	19	16,72	0,03
15:33:47	19	16,72	0,03
15:34:47	19	16,72	0,03
15:35:47	19	16,72	0,03
15:36:47	19	16,72	0,03
15:37:47	18	16,72	0,03
15:38:47	19	16,72	0,03
15:39:47	19	16,71	0,03
15:40:47	19	16,71	0,03
15:41:47	18	16,71	0,03
15:42:47	18	16,71	0,03
15:43:47	19	16,71	0,03
15:44:47	19	16,71	0,03
15:45:47	19	16,70	0,03
15:46:47	19	16,70	0,03
15:47:47	19	16,69	0,04
15:48:47	19	16,69	0,04
15:49:47	19	16,69	0,04
15:50:47	19	16,69	0,04
15:51:47	19	16,69	0,04
15:52:47	19	16,69	0,04
15:53:47	19	16,69	0,04
15:54:47	19	16,69	0,04
15:55:47	19	16,69	0,04
15:56:47	19	16,69	0,04
15:57:47	19	16,69	0,04
15:58:47	19	16,68	0,04
15:59:47	19	16,68	0,04
16:00:47	19	16,68	0,04
16:01:47	19	16,68	0,04
16:02:47	19	16,68	0,04
16:03:47	18	16,68	0,04
16:04:47	19	16,68	0,04
16:05:47	19	16,68	0,04
16:06:47	18	16,68	0,04
16:07:47	19	16,68	0,04
16:08:47	19	16,69	0,04
16:09:47	19	16,67	0,04
16:10:47	19	16,66	0,05
16:11:47	18	16,66	0,05
16:12:47	19	16,66	0,05
16:13:47	19	16,66	0,05
16:14:47	19	16,66	0,05
16:15:47	19	16,66	0,05
16:16:47	19	16,66	0,05
16:17:47	19	16,66	0,05
16:18:47	19	16,65	0,05
16:19:47	19	16,65	0,05
16:20:47	18	16,65	0,05
16:21:47	19	16,65	0,05
16:22:47	19	16,65	0,05
16:23:47	19	16,65	0,05
16:24:47	19	16,65	0,05
16:25:47	19	16,65	0,05
16:26:47	19	16,65	0,05
16:27:47	19	16,65	0,05
16:28:47	19	16,65	0,05
16:29:47	19	16,65	0,05
16:30:47	19	16,65	0,05
16:31:47	19	16,65	0,05
16:32:47	19	16,64	0,05
16:33:47	19	16,64	0,05
16:34:47	19	16,64	0,05
16:35:47	19	16,63	0,06
16:36:47	19	16,63	0,06
16:37:47	19	16,63	0,06
16:38:47	19	16,63	0,06
16:39:47	18	16,62	0,06
16:40:47	18	16,62	0,06
16:41:47	19	16,62	0,06
16:42:47	19	16,61	0,06
16:43:47	19	16,61	0,06
16:44:47	19	16,62	0,06
16:45:47	19	16,61	0,06
16:46:47	19	16,61	0,06
16:47:47	19	16,61	0,06
16:48:47	19	16,61	0,06
16:49:47	19	16,61	0,06
16:50:47	18	16,60	0,07
16:51:47	19	16,60	0,07
16:52:47	19	16,60	0,07
16:53:47	19	16,60	0,07
16:54:47	19	16,60	0,07
16:55:47	19	16,60	0,07
16:56:47	19	16,60	0,07
16:57:47	19	16,60	0,07
16:58:47	19	16,60	0,07
16:59:47	19	16,58	0,07
17:00:47	19	16,58	0,07
17:01:47	19	16,59	0,07
17:02:47	19	16,58	0,07
17:03:47	19	16,58	0,07
17:04:47	19	16,58	0,07
17:05:47	19	16,58	0,07
17:06:47	19	16,57	0,08
17:07:47	19	16,57	0,08
17:08:47	19	16,57	0,08
17:09:47	19	16,56	0,08
17:10:47	19	16,56	0,08
17:11:47	19	16,56	0,08
17:12:47	19	16,56	0,08
17:13:47	19	16,56	0,08
17:14:47	19	16,55	0,08
17:15:47	19	16,56	0,08
17:16:47	18	16,55	0,08
17:17:47	19	16,55	0,08
17:18:47	19	16,55	0,08
17:19:47	19	16,55	0,08
17:20:47	19	16,55	0,08
17:21:47	19	16,55	0,08
17:22:47	18	16,55	0,08
17:23:47	19	16,55	0,08
17:24:47	19	16,55	0,08
17:25:47	18	16,55	0,08
17:26:47	19	16,55	0,08
17:27:47	19	16,55	0,08
17:28:47	19	16,55	0,08
17:29:47	19	16,54	0,09
17:30:47	19	16,54	0,09
17:31:47	19	16,55	0,08
17:32:47	19	16,54	0,09
17:33:47	19	16,54	0,09
17:34:47	19	16,54	0,09
17:35:47	18	16,52	0,09
17:36:47	19	16,52	0,09
17:37:47	19	16,52	0,09
17:38:47	19	16,52	0,09
17:39:47	19	16,52	0,09
17:40:47	19	16,52	0,09
17:41:47	19	16,52	0,09
17:42:47	19	16,51	0,10
17:43:47	19	16,51	0,10
17:44:47	19	16,51	0,10
17:45:47	19	16,51	0,10
17:46:47	19	16,51	0,10
17:47:47	19	16,51	0,10
17:48:47	19	16,50	0,10
17:49:47	19	16,51	0,10
17:50:47	19	16,50	0,10
17:51:47	19	16,50	0,10
17:52:47	19	16,50	0,10
17:53:47	19	16,50	0,10
17:54:47	19	16,50	0,10
17:55:47	19	16,50	0,10
17:56:47	19	16,49	0,10
17:57:47	19	16,49	0,10
17:58:47	19	16,48	0,11
17:59:47	19	16,48	0,11
18:00:47	19	16,48	0,11
18:01:47	19	16,48	0,11
18:02:47	19	16,48	0,11
18:03:47	19	16,47	0,11
18:04:47	19	16,47	0,11
18:05:47	18	16,47	0,11
18:06:47	19	16,47	0,11
18:07:47	19	16,47	0,11
18:08:47	19	16,47	0,11
18:09:47	19	16,47	0,11
18:10:47	19	16,47	0,11
18:11:47	19	16,47	0,11
18:12:47	19	16,47	0,11
18:13:47	19	16,47	0,11
18:14:47	19	16,47	0,11
18:15:47	19	16,47	0,11
18:16:47	18	16,47	0,11
18:17:47	19	16,45	0,12
18:18:47	19	16,44	0,12
18:19:47	19	16,44	0,12
18:20:47	19	16,44	0,12
18:21:47	19	16,44	0,12
18:22:47	18	16,44	0,12
18:23:47	19	16,44	0,12
18:24:47	19	16,44	0,12
18:25:47	19	16,44	0,12
18:26:47	19	16,44	0,12
18:27:47	19	16,44	0,12
18:28:47	18	16,44	0,12
18:29:47	19	16,43	0,13
18:30:47	19	16,43	0,13
18:31:47	19	16,43	0,13
18:32:47	19	16,43	0,13
18:33:47	18	16,43	0,13
18:34:47	19	16,42	0,13
18:35:47	19	16,42	0,13
18:36:47	19	16,42	0,13
18:37:47	19	16,41	0,13
18:38:47	19	16,41	0,13
18:39:47	18	16,41	0,13
18:40:47	19	16,41	0,13
18:41:47	19	16,41	0,13
18:42:47	19	16,41	0,13
18:43:47	19	16,40	0,14
18:44:47	19	16,40	0,14
18:45:47	19	16,40	0,14
18:46:47	19	16,40	0,14
18:47:47	19	16,40	0,14
18:48:47	19	16,40	0,14
18:49:47	19	16,40	0,14
18:50:47	19	16,40	0,14
18:51:47	19	16,40	0,14
18:52:47	19	16,40	0,14
18:53:47	19	16,40	0,14
18:54:47	19	16,40	0,14
18:55:47	19	16,40	0,14
18:56:47	19	16,40	0,14
18:57:47	19	16,40	0,14
18:58:47	19	16,38	0,15
18:59:47	18	16,38	0,15
19:00:47	18	16,38	0,15
19:01:47	19	16,38	0,15
19:02:47	19	16,38	0,15
19:03:47	19	16,37	0,15
19:04:47	19	16,37	0,15
19:05:47	19	16,37	0,15
19:06:47	19	16,37	0,15
19:07:47	19	16,37	0,15
19:08:47	19	16,37	0,15
19:09:47	19	16,36	0,15
19:10:47	19	16,36	0,15
19:11:47	19	16,36	0,15
19:12:47	19	16,36	0,15
19:13:47	19	16,36	0,15
19:14:47	19	16,35	0,15
19:15:47	19	16,35	0,15
19:16:47	19	16,35	0,15
19:17:47	19	16,35	0,15
19:18:47	19	16,35	0,16
19:19:47	19	16,35	0,16
19:20:47	19	16,35	0,16
19:21:47	19	16,35	0,16
19:22:47	19	16,35	0,16
19:23:47	19	16,35	0,16
19:24:47	19	16,35	0,16
19:25:47	19	16,34	0,16
19:26:47	19	16,34	0,16
19:27:47	19	16,34	0,16
19:28:47	19	16,32	0,16
19:29:47	19	16,32	0,17
19:30:47	19	16,32	0,17
19:31:47	19	16,32	0,17
19:32:47	19	16,32	0,17
19:33:47	18	16,32	0,17
19:34:47	19	16,32	0,17
19:35:47	19	16,32	0,17
19:36:47	19	16,32	0,17
19:37:47	19	16,31	0,17
19:38:47	19	16,31	0,17
19:39:47	19	16,31	0,17
19:40:47	19	16,31	0,17
19:41:47	19	16,31	0,17
19:42:47	19	16,31	0,17
19:43:47	19	16,30	0,17
19:44:47	19	16,30	0,17
19:45:47	19	16,30	0,17
19:46:47	19	16,30	0,17
19:47:47	18	16,29	0,18
19:48:47	19	16,29	0,18
19:49:47	19	16,29	0,18
19:50:47	19	16,28	0,18
19:51:47	19	16,28	0,18
19:52:47	19	16,28	0,18
19:53:47	19	16,28	0,18
19:54:47	19	16,28	0,18
19:55:47	19	16,27	0,18
19:56:47	18	16,27	0,18
19:57:47	19	16,27	0,18
19:58:47	19	16,27	0,18
19:59:47	19	16,26	0,19
20:00:47	19	16,26	0,19
20:01:47	19	16,26	0,19
20:02:47	19	16,26	0,19
20:03:47	19	16,26	0,19
20:04:47	19	16,26	0,19
20:05:47	19	16,26	0,19
20:06:47	19	16,26	0,19
20:07:47	19	16,26	0,19
20:08:47	19	16,26	0,19
20:09:47	19	16,25	0,19
20:10:47	19	16,25	0,19
20:11:47	19	16,25	0,19
20:12:47	19	16,25	0,19
20:13:47	19	16,24	0,20
20:14:47	19	16,24	0,20
20:15:47	19	16,24	0,20
20:16:47	19	16,24	0,20
20:17:47	19	16,23	0,20
20:18:47	19	16,24	0,20
20:19:47	19	16,23	0,20
20:20:47	19	16,23	0,20
20:21:47	19	16,23	0,20
20:22:47	19	16,23	0,20
20:23:47	19	16,23	0,20
20:24:47	19	16,23	0,20
20:25:47	19	16,23	0,20
20:26:47	19	16,23	0,20
20:27:47	19	16,23	0,20
20:28:47	19	16,22	0,20
20:29:47	19	16,22	0,20
20:30:47	18	16,22	0,20
20:31:47	19	16,22	0,20
20:32:47	19	16,22	0,20
20:33:47	19	16,21	0,21
20:34:47	19	16,21	0,21
20:35:47	19	16,21	0,21
20:36:47	19	16,21	0,21
20:37:47	19	16,20	0,21
20:38:47	19	16,20	0,21
20:39:47	19	16,20	0,21
20:40:47	19	16,20	0,21
20:41:47	19	16,20	0,21
20:42:47	19	16,18	0,22
20:43:47	19	16,18	0,22
20:44:47	19	16,18	0,22
20:45:47	18	16,18	0,22
20:46:47	19	16,18	0,22
20:47:47	19	16,18	0,22
20:48:47	19	16,18	0,22
20:49:47	19	16,18	0,22
20:50:47	19	16,17	0,22
20:51:47	19	16,17	0,22
20:52:47	19	16,17	0,22
20:53:47	19	16,17	0,22
20:54:47	19	16,17	0,22
20:55:47	19	16,17	0,22
20:56:47	19	16,17	0,22
20:57:47	19	16,17	0,22
20:58:47	19	16,17	0,22
20:59:47	19	16,15	0,23
21:00:47	19	16,14	0,23
21:01:47	19	16,14	0,23
21:02:47	19	16,14	0,23
21:03:47	19	16,14	0,23
21:04:47	18	16,14	0,23
21:05:47	19	16,14	0,23
21:06:47	19	16,14	0,24
21:07:47	19	16,14	0,24
21:08:47	19	16,14	0,24
21:09:47	19	16,14	0,24
21:10:47	19	16,14	0,24
21:11:47	19	16,13	0,24
21:12:47	19	16,13	0,24
21:13:47	19	16,13	0,24
21:14:47	19	16,13	0,24
21:15:47	19	16,12	0,24
21:16:47	19	16,12	0,24
21:17:47	19	16,12	0,24
21:18:47	19	16,12	0,24
21:19:47	19	16,12	0,24
21:20:47	19	16,11	0,25
21:21:47	19	16,11	0,25
21:22:47	19		
21:23:47	19	16,11	0,25
21:24:47	19	16,11	0,25
21:25:47	19	16,11	0,25
21:26:47	19	16,11	0,25
21:27:47	19	16,11	0,25
21:28:47	19	16,09	0,25
21:29:47	19	16,08	0,26
21:30:47	19	16,08	0,26
21:31:47	19	16,08	0,26
21:32:47	19	16,08	0,26
21:33:47	19	16,08	0,26
21:34:47	19	16,08	0,26
21:35:47	18	16,08	0,26
21:36:47	19	16,08	0,26
21:37:47	19	16,08	0,26
21:38:47	19	16,08	0,26
21:39:47	19	16,08	0,26
21:40:47	19	16,08	0,26
21:41:47	19	16,08	0,26
21:42:47	19	16,08	0,26
21:43:47	18	16,08	0,26
21:44:47	19	16,07	0,26
21:45:47	19	16,08	0,26
21:46:47	19	16,06	0,27
21:47:47	19	16,05	0,27
21:48:47	19	16,05	0,27
21:49:47	19	16,05	0,27
21:50:47	19	16,05	0,27
21:51:47	19	16,05	0,27
21:52:47	19	16,05	0,27
21:53:47	19	16,05	0,27
21:54:47	19	16,05	0,27
21:55:47	19	16,05	0,27
21:56:47	19	16,05	0,27
21:57:47	18	16,05	0,27
21:58:47	19	16,04	0,28
21:59:47	19	16,04	0,28
22:00:47	19	16,04	0,28
22:01:47	19	16,04	0,28
22:02:47	19	16,04	0,28
22:03:47	19	16,03	0,28
22:04:47	19	16,03	0,28
22:05:47	19	16,03	0,28
22:06:47	19	16,03	0,28
22:07:47	19	16,02	0,28
22:08:47	19	16,02	0,29
22:09:47	19	16,01	0,29
22:10:47	19	16,01	0,29
22:11:47	19	16,01	0,29
22:12:47	19	16,01	0,29
22:13:47	19	16,00	0,29
22:14:47	19	16,00	0,29
22:15:47	19	16,00	0,29
22:16:47	19	16,00	0,29
22:17:47	19	16,00	0,29
22:18:47	19	16,00	0,29
22:19:47	19	16,00	0,29
22:20:47	18	15,99	0,29
22:21:47	19	15,99	0,29
22:22:47	19	15,99	0,29
22:23:47	19	15,99	0,29
22:24:47	19	15,99	0,29
22:25:47	19	15,99	0,29
22:26:47	19	15,99	0,29
22:27:47	19	15,98	0,30
22:28:47	19	15,97	0,30
22:29:47	19	15,97	0,30
22:30:47	19	15,97	0,30
22:31:47	19	15,97	0,30
22:32:47	19	15,96	0,31
22:33:47	19	15,96	0,31
22:34:47	19	15,96	0,31
22:35:47	19	15,96	0,31
22:36:47	19	15,96	0,31
22:37:47	19	15,96	0,31
22:38:47	18	15,96	0,31
22:39:47	19	15,96	0,31
22:40:47	19	15,96	0,31
22:41:47	19	15,95	0,31
22:42:47	19	15,95	0,31
22:43:47	19	15,95	0,31
22:44:47	19	15,95	0,31
22:45:47	19	15,94	0,32
22:46:47	19	15,94	0,32
22:47:47	19	15,94	0,32
22:48:47	19	15,94	0,32
22:49:47	19	15,94	0,32
22:50:47	19	15,93	0,32
22:51:47	19	15,93	0,32
22:52:47	19	15,93	0,32
22:53:47	19	15,93	0,32
22:54:47	19	15,93	0,32
22:55:47	19	15,93	0,32
22:56:47	19	15,93	0,32
22:57:47	19	15,92	0,33
22:58:47	19	15,92	0,33
22:59:47	19	15,92	0,33
23:00:47	19	15,92	0,33
23:01:47	19	15,92	0,33
23:02:47	19	15,91	0,33
23:03:47	18	15,91	0,33
23:04:47	19	15,91	0,33
23:05:47	19	15,91	0,33
23:06:47	18	15,90	0,33
23:07:47	19	15,90	0,34
23:08:47	19	15,90	0,34
23:09:47	19	15,89	0,34
23:10:47	19	15,89	0,34
23:11:47	19	15,89	0,34
23:12:47	19	15,89	0,34
23:13:47	19	15,89	0,34
23:14:47	19	15,88	0,34
23:15:47	19	15,88	0,34
23:16:47	19	15,88	0,34
23:17:47	19	15,88	0,34
23:18:47	19	15,88	0,34
23:19:47	19	15,88	0,34
23:20:47	19	15,88	0,34
23:21:47	19	15,87	0,35
23:22:47	19	15,88	0,34
23:23:47	19	15,87	0,35
23:24:47	19	15,87	0,35
23:25:47	19	15,87	0,35
23:26:47	19	15,85	0,36
23:27:47	19	15,85	0,36
23:28:47	19	15,85	0,36
23:29:47	19	15,85	0,36
23:30:47	19	15,85	0,36
23:31:47	19	15,84	0,36
23:32:47	19	15,84	0,36
23:33:47	19	15,84	0,36
23:34:47	19	15,84	0,36
23:35:47	19	15,84	0,36
23:36:47	19	15,84	0,36
23:37:47	19	15,84	0,36
23:38:47	19	15,83	0,37
23:39:47	19	15,83	0,37
23:40:47	19	15,83	0,37
23:41:47	19	15,83	0,37
23:42:47	19	15,83	0,37
23:43:47	19	15,82	0,37
23:44:47	19	15,82	0,37
23:45:47	19	15,82	0,37
23:46:47	19	15,82	0,37
23:47:47	19	15,82	0,37
23:48:47	19	15,81	0,37
23:49:47	19	15,81	0,37
23:50:47	18	15,81	0,37
23:51:47	19	15,81	0,38
23:52:47	19	15,81	0,38
23:53:47	19	15,81	0,38
23:54:47	19	15,81	0,38
23:55:47	19	15,81	0,38
23:56:47	19	15,80	0,38
23:57:47	19	15,80	0,38
23:58:47	19	15,80	0,38
23:59:47	19	15,80	0,38
24:00:47	19	15,80	0,38
24:01:47	19	15,79	0,38
24:02:47	19	15,79	0,38
24:03:47	19	15,79	0,38
24:04:47	19	15,78	0,39
24:05:47	19	15,78	0,39
24:06:47	19	15,78	0,39
24:07:47	19	15,78	0,39
24:08:47	19	15,78	0,39
24:09:47	19	15,78	0,39
24:10:47	19	15,78	0,39
24:11:47	19	15,78	0,39
24:12:47	19	15,78	0,39
24:13:47	19	15,77	0,39
24:14:47	19	15,77	0,39
24:15:47	19	15,77	0,39
24:16:47	19	15,75	0,40
24:17:47	19	15,75	0,40
24:18:47	19	15,75	0,40
24:19:47	19	15,75	0,40
24:20:47	19	15,75	0,40
24:21:47	19	15,75	0,40
24:22:47	19	15,75	0,40
24:23:47	19	15,75	0,40
24:24:47	19	15,75	0,40
24:25:47	19	15,75	0,40
24:26:47	19	15,75	0,40
24:27:47	19	15,74	0,41
24:28:47	19	15,74	0,41
24:29:47	19	15,74	0,41
24:30:47	19	15,74	0,41
24:31:47	19	15,74	0,41
24:32:47	19	15,73	0,41
24:33:47	19	15,72	0,42
24:34:47	19	15,72	0,42
24:35:47	19	15,72	0,42
24:36:47	19	15,72	0,42
24:37:47	19	15,72	0,42
24:38:47	18	15,71	0,42
24:39:47	19	15,71	0,42
24:40:47	18	15,71	0,42
24:41:47	18	15,71	0,42
24:42:47	19	15,71	0,42
24:43:47	19	15,70	0,42
24:44:47	19	15,70	0,42
24:45:47	19	15,70	0,42
24:46:47	19	15,70	0,42
24:47:47	19	15,70	0,42
24:48:47	19	15,69	0,43
24:49:47	19	15,69	0,43
24:50:47	19	15,69	0,43
24:51:47	19	15,69	0,43
24:52:47	19	15,69	0,43
24:53:47	19	15,68	0,43
24:54:47	19	15,68	0,43
24:55:47	19	15,68	0,43
24:56:47	19	15,68	0,43
24:57:47	19	15,67	0,44
24:58:47	19	15,67	0,44
24:59:47	19	15,67	0,44
25:00:47	19	15,67	0,44
25:01:47	18	15,67	0,44
25:02:47	19	15,66	0,44
25:03:47	19	15,66	0,44
25:04:47	19	15,66	0,44
25:05:47	19	15,66	0,44
25:06:47	18	15,66	0,44
25:07:47	19	15,66	0,44
25:08:47	19	15,65	0,45
25:09:47	19	15,65	0,45
25:10:47	19	15,65	0,45
25:11:47	19	15,65	0,45
25:12:47	19	15,64	0,45
25:13:47	19	15,65	0,45
25:14:47	19	15,65	0,45
25:15:47	19	15,64	0,45
25:16:47	19	15,64	0,45
25:17:47	19	15,64	0,45
25:18:47	19	15,64	0,45
25:19:47	19	15,64	0,45
25:20:47	19	15,63	0,46
25:21:47	19	15,63	0,46
25:22:47	19	15,62	0,46
25:23:47	19	15,62	0,46
25:24:47	19	15,62	0,46
25:25:47	19	15,62	0,46
25:26:47	19	15,62	0,46
25:27:47	19	15,61	0,47
25:28:47	18	15,61	0,47
25:29:47	19	15,61	0,47
25:30:47	19	15,61	0,47
25:31:47	19	15,60	0,47
25:32:47	18	15,60	0,47
25:33:47	19	15,60	0,47
25:34:47	19	15,60	0,47
25:35:47	19	15,60	0,47
25:36:47	19	15,60	0,47
25:37:47	19	15,60	0,47
25:38:47	19	15,60	0,47
25:39:47	19	15,60	0,47
25:40:47	19	15,59	0,48
25:41:47	21	15,59	0,48
25:42:47	19	15,59	0,48
25:43:47	19	15,59	0,48
25:44:47	19	15,58	0,48
25:45:47	19	15,57	0,49
25:46:47	18	15,57	0,49
25:47:47	19	15,57	0,49
25:48:47	19	15,57	0,49
25:49:47	19	15,57	0,49
25:50:47	19	15,57	0,49
25:51:47	19	15,57	0,49
25:52:47	19	15,57	0,49
25:53:47	19	15,57	0,49
25:54:47	19	15,57	0,49
25:55:47	19	15,56	0,49
25:56:47	19	15,56	0,49
25:57:47	19	15,56	0,49
25:58:47	19	15,56	0,49
25:59:47	19	15,56	0,49
26:00:47	19	15,56	0,49
26:01:47	19	15,55	0,49
26:02:47	19	15,55	0,49
26:03:47	19	15,54	0,50
26:04:47	19	15,54	0,50
26:05:47	19	15,54	0,50
26:06:47	19	15,53	0,51
26:07:47	19	15,53	0,51
26:08:47	19	15,53	0,51
26:09:47	19	15,53	0,51
26:10:47	19	15,52	0,51
26:11:47	18	15,52	0,51
26:12:47	19	15,52	0,51
26:13:47	19	15,52	0,51
26:14:47	19	15,52	0,51
26:15:47	19	15,51	0,51
26:16:47	19	15,51	0,51
26:17:47	19	15,51	0,51
26:18:47	19	15,51	0,51
26:19:47	19	15,51	0,52
26:20:47	19	15,51	0,52
26:21:47	19	15,51	0,52
26:22:47	19	15,51	0,52
26:23:47	19	15,51	0,52
26:24:47	19	15,50	0,52
26:25:47	19	15,50	0,52
26:26:47	19	15,50	0,52
26:27:47	19	15,50	0,52
26:28:47	19	15,49	0,52
26:29:47	19	15,49	0,52
26:30:47	19	15,49	0,52
26:31:47	19	15,49	0,52
26:32:47	19	15,48	0,53
26:33:47	19	15,48	0,53
26:34:47	19	15,48	0,53
26:35:47	19	15,48	0,53
26:36:47	19	15,48	0,53
26:37:47	19	15,48	0,53
26:38:47	19	15,48	0,53
26:39:47	19	15,48	0,53
26:40:47	19	15,47	0,54
26:41:47	19	15,47	0,54
26:42:47	19	15,47	0,54
26:43:47	19	15,45	0,54
26:44:47	19	15,45	0,54
26:45:47	19	15,45	0,54
26:46:47	19	15,45	0,55
26:47:47	19	15,45	0,55
26:48:47	19	15,45	0,55
26:49:47	19	15,45	0,55
26:50:47	19	15,45	0,55
26:51:47	19	15,45	0,55
26:52:47	19	15,44	0,55
26:53:47	19	15,44	0,55
26:54:47	19	15,44	0,55
26:55:47	19	15,44	0,55
26:56:47	19	15,44	0,55
26:57:47	18	15,44	0,55
26:58:47	19	15,44	0,55
26:59:47	19	15,44	0,55
27:00:47	19	15,44	0,55
27:01:47	19	15,42	0,56
27:02:47	19	15,42	0,56
27:03:47	19	15,42	0,56
27:04:47	19	15,42	0,56
27:05:47	19	15,42	0,56
27:06:47	19	15,42	0,56
27:07:47	19	15,41	0,57
27:08:47	19	15,41	0,57
27:09:47	19	15,41	0,57
27:10:47	19	15,41	0,57
27:11:47	19	15,41	0,57
27:12:47	19	15,40	0,57
27:13:47	19	15,40	0,57
27:14:47	14	15,40	0,57
27:15:47	19	15,40	0,57
27:16:47	19	15,39	0,57
27:17:47	19	15,39	0,57
27:18:47	19	15,39	0,57
27:19:47	19	15,39	0,57
27:20:47	19	15,39	0,58
27:21:47	19	15,39	0,58
27:22:47	19	15,39	0,58
27:23:47	19	15,39	0,58
27:24:47	19	15,39	0,58
27:25:47	19	15,38	0,58
27:26:47	18	15,37	0,59
27:27:47	19	15,36	0,59
27:28:47	19	15,36	0,59
27:29:47	19	15,36	0,59
27:30:47	19	15,36	0,59
27:31:47	19	15,36	0,59
27:32:47	19	15,36	0,59
27:33:47	18	15,36	0,59
27:34:47	19	15,36	0,59
27:35:47	19	15,36	0,59
27:36:47	19	15,36	0,59
27:37:47	19	15,36	0,59
27:38:47	19	15,36	0,59
27:39:47	19	15,36	0,59
27:40:47	19	15,36	0,59
27:41:47	19	15,36	0,59
27:42:47	19	15,36	0,59
27:43:47	19	15,35	0,60
27:44:47	19	15,35	0,60
27:45:47	19	15,33	0,60
27:46:47	19	15,33	0,60
27:47:47	19	15,33	0,60
27:48:47	19	15,33	0,60
27:49:47	19	15,33	0,61
27:50:47	19	15,33	0,61
27:51:47	19	15,33	0,61
27:52:47	19	15,33	0,61
27:53:47	19	15,33	0,61
27:54:47	19	15,32	0,61
27:55:47	19	15,32	0,61
27:56:47	19	15,32	0,61
27:57:47	19	15,32	0,61
27:58:47	19	15,31	0,62
27:59:47	19	15,30	0,62
28:00:47	19	15,30	0,62
28:01:47	19	15,30	0,62
28:02:47	19	15,30	0,62
28:03:47	19	15,30	0,62
28:04:47	19	15,30	0,62
28:05:47	18	15,30	0,62
28:06:47	19	15,30	0,62
28:07:47	19	15,30	0,62
28:08:47	19	15,30	0,62
28:09:47	19	15,30	0,62
28:10:47	19	15,30	0,62
28:11:47	19	15,30	0,62
28:12:47	19	15,30	0,62
28:13:47	19	15,30	0,62
28:14:47	19	15,29	0,63
28:15:47	19	15,29	0,63
28:16:47	19	15,29	0,63
28:17:47	19	15,28	0,63
28:18:47	19	15,28	0,63
28:19:47	19	15,28	0,63
28:20:47	19	15,27	0,64
28:21:47	19	15,27	0,64
28:22:47	19	15,27	0,64
28:23:47	19	15,27	0,64
28:24:47	19	15,27	0,64
28:25:47	19	15,27	0,64
28:26:47	19	15,27	0,64
28:27:47	19	15,26	0,64
28:28:47	18	15,26	0,64
28:29:47	19	15,26	0,64
28:30:47	18	15,26	0,64
28:31:47	19	15,26	0,64
28:32:47	19	15,25	0,65
28:33:47	19	15,25	0,65
28:34:47	19	15,25	0,65
28:35:47	19	15,25	0,65
28:36:47	19	15,24	0,65
28:37:47	19	15,24	0,65
28:38:47	19	15,24	0,65
28:39:47	19	15,24	0,66
28:40:47	19	15,24	0,65
28:41:47	19	15,24	0,66
28:42:47	19	15,24	0,66
28:43:47	19	15,24	0,66
28:44:47	19	15,24	0,66
28:45:47	19	15,23	0,66
28:46:47	19	15,23	0,66
28:47:47	19	15,23	0,66
28:48:47	19	15,23	0,66
28:49:47	22	15,23	0,66
28:50:47	19	15,22	0,67
28:51:47	19	15,22	0,67
28:52:47	19	15,22	0,67
28:53:47	19	15,22	0,67
28:54:47	19	15,21	0,67
28:55:47	19	15,21	0,67
28:56:47	19	15,21	0,67
28:57:47	19	15,21	0,67
28:58:47	19	15,21	0,67
28:59:47	19	15,21	0,67
29:00:47	19	15,21	0,67
29:01:47	19	15,19	0,68
29:02:47	19	15,19	0,68
29:03:47	19	15,19	0,68
29:04:47	19	15,19	0,68
29:05:47	19	15,19	0,68
29:06:47	19	15,19	0,68
29:07:47	19	15,19	0,68
29:08:47	19	15,19	0,68
29:09:47	19	15,19	0,68
29:10:47	19	15,19	0,68
29:11:47	19	15,19	0,68
29:12:47	19	15,18	0,69
29:13:47	19	15,18	0,69
29:14:47	19	15,18	0,69
29:15:47	19	15,18	0,69
29:16:47	19	15,18	0,69
29:17:47	19	15,18	0,69
29:18:47	19	15,18	0,69
29:19:47	19	15,16	0,70
29:20:47	19	15,16	0,70
29:21:47	19	15,16	0,70
29:22:47	19	15,16	0,70
29:23:47	19	15,16	0,70
29:24:47	19	15,15	0,70
29:25:47	19	15,15	0,70
29:26:47	19	15,15	0,70
29:27:47	19	15,15	0,70
29:28:47	19	15,15	0,70
29:29:47	19	15,15	0,71
29:30:47	19	15,15	0,71
29:31:47	19	15,15	0,71
29:32:47	19	15,15	0,71
29:33:47	19	15,14	0,71
29:34:47	19	15,14	0,71
29:35:47	19	15,14	0,71
29:36:47	19	15,14	0,71
29:37:47	19	15,14	0,71
29:38:47	19	15,13	0,72
29:39:47	19	15,13	0,72
29:40:47	19	15,13	0,72
29:41:47	16	15,13	0,72
29:42:47	19	15,13	0,72
29:43:47	19	15,12	0,72
29:44:47	19	15,12	0,72
29:45:47	18	15,12	0,72
29:46:47	19	15,12	0,72
29:47:47	19	15,12	0,72
29:48:47	19	15,12	0,72
29:49:47	19	15,12	0,72
29:50:47	19	15,12	0,72
29:51:47	19	15,12	0,72
29:52:47	19	15,11	0,73
29:53:47	19	15,11	0,73
29:54:47	19	15,11	0,73
29:55:47	19	15,11	0,73
29:56:47	19	15,10	0,73
29:57:47	19	15,10	0,73
29:58:47	19	15,10	0,73
29:59:47	19	15,10	0,73
30:00:47	19	15,10	0,73
30:01:47	19	15,10	0,73
30:02:47	19	15,09	0,74
30:03:47	19	15,09	0,74
30:04:47	19	15,09	0,74
30:05:47	19	15,09	0,74
30:06:47	19	15,09	0,74
30:07:47	19	15,09	0,74
30:08:47	19	15,09	0,74
30:09:47	19	15,09	0,74
30:10:47	19	15,08	0,75
30:11:47	19	15,08	0,75
30:12:47	19	15,08	0,75
30:13:47	19	15,08	0,75
30:14:47	19	15,07	0,75
30:15:47	19	15,07	0,75
30:16:47	19	15,07	0,75
30:17:47	19	15,07	0,75
30:18:47	19	15,06	0,75
30:19:47	19	15,06	0,75
30:20:47	19	15,06	0,75
30:21:47	19	15,06	0,75
30:22:47	19	15,06	0,76
30:23:47	19	15,06	0,76
30:24:47	19	15,06	0,76
30:25:47	19	15,06	0,76
30:26:47	19	15,06	0,76
30:27:47	19	15,05	0,76
30:28:47	19	15,05	0,76
30:29:47	19	15,05	0,76
30:30:47	19	15,04	0,77
30:31:47	19	15,04	0,77
30:32:47	19	15,03	0,77
30:33:47	19	15,03	0,77
30:34:47	19	15,03	0,77
30:35:47	19	15,03	0,77
30:36:47	19	15,03	0,77
30:37:47	19	15,03	0,77
30:38:47	19	15,03	0,77
30:39:47	19	15,03	0,77
30:40:47	19	15,03	0,77
30:41:47	19	15,03	0,77
30:42:47	19	15,03	0,77
30:43:47	19	15,03	0,77
30:44:47	19	15,03	0,78
30:45:47	19	15,03	0,78
30:46:47	19	15,03	0,78
30:47:47	18	15,03	0,77
30:48:47	19	15,03	0,77
30:49:47	19	15,02	0,78
30:50:47	19	15,02	0,78
30:51:47	19	15,02	0,78
30:52:47	19	15,02	0,78
30:53:47	19	15,01	0,79
30:54:47	19	15,01	0,79
30:55:47	19	15,01	0,79
30:56:47	19	15,01	0,79
30:57:47	19	15,01	0,79
30:58:47	19	15,00	0,79
30:59:47	19	15,00	0,79
31:00:47	19	15,00	0,79
31:01:47	19	15,00	0,79
31:02:47	19	15,00	0,79
31:03:47	19	15,00	0,79
31:04:47	19	15,00	0,79
31:05:47	19	15,00	0,79
31:06:47	19	15,00	0,79
31:07:47	19	15,00	0,79
31:08:47	19	14,99	0,80
31:09:47	19	15,00	0,79
31:10:47	19	15,00	0,79
31:11:47	19	14,99	0,80
31:12:47	19	14,99	0,80
31:13:47	19	14,99	0,80
31:14:47	19	14,99	0,80
31:15:47	19	14,98	0,80
31:16:47	19	14,98	0,80
31:17:47	19	14,98	0,80
31:18:47	19	14,98	0,80
31:19:47	19	14,98	0,80
31:20:47	19	14,97	0,81
31:21:47	19	14,97	0,81
31:22:47	19	14,97	0,81
31:23:47	19	14,97	0,81
31:24:47	19	14,97	0,81
31:25:47	19	14,97	0,81
31:26:47	18	14,96	0,82
31:27:47	19	14,96	0,82
31:28:47	19	14,96	0,82
31:29:47	18	14,96	0,82
31:30:47	19	14,96	0,82
31:31:47	19	14,95	0,82
31:32:47	19	14,96	0,82
31:33:47	19	14,95	0,82
31:34:47	19	14,95	0,82
31:35:47	19	14,95	0,82
31:36:47	19	14,95	0,82
31:37:47	19	14,95	0,82
31:38:47	19	14,95	0,82
31:39:47	19	14,95	0,82
31:40:47	19	14,95	0,82
31:41:47	19	14,95	0,82
31:42:47	19	14,95	0,82
31:43:47	19	14,95	0,82
31:44:47	19	14,94	0,83
31:45:47	19	14,94	0,83
31:46:47	19	14,93	0,84
31:47:47	19	14,93	0,84
31:48:47	19	14,93	0,84
31:49:47	19	14,93	0,84
31:50:47	19	14,93	0,84
31:51:47	19	14,93	0,84
31:52:47	19	14,93	0,84
31:53:47	19	14,92	0,84
31:54:47	19	14,92	0,84
31:55:47	19	14,92	0,84
31:56:47	19	14,92	0,84
31:57:47	19	14,91	0,84
31:58:47	19	14,92	0,84
31:59:47	19	14,91	0,84
32:00:47	19	14,91	0,84
32:01:47	19	14,91	0,84
32:02:47	19	14,91	0,85
32:03:47	19	14,91	0,84
32:04:47	19	14,91	0,85
32:05:47	19	14,91	0,85
32:06:47	19	14,91	0,85
32:07:47	19	14,91	0,85
32:08:47	18	14,91	0,85
32:09:47	19	14,90	0,85
32:10:47	19	14,90	0,85
32:11:47	19	14,90	0,85
32:12:47	19	14,90	0,85
32:13:47	19	14,90	0,85
32:14:47	19	14,89	0,86
32:15:47	19	14,89	0,86
32:16:47	19	14,89	0,86
32:17:47	19	14,89	0,86
32:18:47	19	14,89	0,86
32:19:47	19	14,89	0,86
32:20:47	19	14,89	0,86
32:21:47	19	14,88	0,86
32:22:47	18	14,88	0,86
32:23:47	19	14,88	0,86
32:24:47	19	14,88	0,86
32:25:47	19	14,88	0,86
32:26:47	19	14,88	0,86
32:27:47	19	14,88	0,87
32:28:47	19	14,88	0,87
32:29:47	19	14,88	0,87
32:30:47	19	14,88	0,87
32:31:47	19	14,88	0,87
32:32:47	19	14,88	0,87
32:33:47	19	14,87	0,87
32:34:47	19	14,86	0,88
32:35:47	19	14,86	0,88
32:36:47	19	14,86	0,88
32:37:47	19	14,86	0,88
32:38:47	19	14,86	0,88
32:39:47	19	14,86	0,88
32:40:47	19	14,86	0,88
32:41:47	19	14,85	0,88
32:42:47	18	14,85	0,88
32:43:47	19	14,85	0,88
32:44:47	18	14,85	0,88
32:45:47	19	14,85	0,88
32:46:47	19	14,85	0,88
32:47:47	18	14,85	0,88
32:48:47	19	14,85	0,88
32:49:47	19	14,85	0,89
32:50:47	19	14,85	0,89
32:51:47	19	14,85	0,89
32:52:47	19	14,85	0,89
32:53:47	19	14,84	0,89
32:54:47	19	14,84	0,89
32:55:47	19	14,84	0,89
32:56:47	19	14,83	0,90
32:57:47	19	14,83	0,90
32:58:47	19	14,83	0,90
32:59:47	19	14,83	0,90
33:00:47	18	14,83	0,90
33:01:47	19	14,83	0,90
33:02:47	19	14,83	0,90
33:03:47	19	14,82	0,90
33:04:47	19	14,82	0,90
33:05:47	19	14,82	0,90
33:06:47	19	14,82	0,90
33:07:47	19	14,82	0,90
33:08:47	19	14,82	0,90
33:09:47	19	14,82	0,91
33:10:47	19	14,82	0,91
33:11:47	19	14,82	0,91
33:12:47	19	14,82	0,91
33:13:47	19	14,82	0,91
33:14:47	19	14,82	0,91
33:15:47	19	14,81	0,91
33:16:47	19	14,81	0,91
33:17:47	19	14,81	0,91
33:18:47	19	14,81	0,91
33:19:47	19	14,81	0,91
33:20:47	18	14,81	0,91
33:21:47	18	14,80	0,92
33:22:47	19	14,80	0,92
33:23:47	19	14,80	0,92
33:24:47	19	14,80	0,92
33:25:47	18	14,80	0,92
33:26:47	19	14,80	0,92
33:27:47	19	14,80	0,92
33:28:47	19	14,79	0,92
33:29:47	19	14,79	0,92
33:30:47	18	14,79	0,92
33:31:47	19	14,79	0,93
33:32:47	20	14,79	0,93
33:33:47	19	14,79	0,93
33:34:47	19	14,79	0,93
33:35:47	19	14,78	0,93
33:36:47	19	14,78	0,93
33:37:47	19	14,78	0,93
33:38:47	19	14,78	0,93
33:39:47	19	14,78	0,93
33:40:47	19	14,78	0,93
33:41:47	19	14,78	0,93
33:42:47	19	14,78	0,93
33:43:47	18	14,78	0,93
33:44:47	19	14,78	0,93
33:45:47	19	14,77	0,93
33:46:47	18	14,77	0,93
33:47:47	19	14,77	0,93
33:48:47	19	14,77	0,93
33:49:47	19	14,77	0,93
33:50:47	19	14,77	0,93
33:51:47	19	14,77	0,93
33:52:47	19	14,76	0,94
33:53:47	19	14,76	0,94
33:54:47	19	14,76	0,94
33:55:47	19	14,76	0,94
33:56:47	18	14,76	0,94
33:57:47	19	14,76	0,94
33:58:47	18	14,76	0,94
33:59:47	19	14,75	0,95
34:00:47	19	14,75	0,95
34:01:47	18	14,75	0,95
34:02:47	19	14,75	0,95
34:03:47	19	14,75	0,95
34:04:47	19	14,75	0,95
34:05:47	19	14,74	0,95
34:06:47	19	14,74	0,95
34:07:47	19	14,74	0,95
34:08:47	19	14,74	0,95
34:09:47	19	14,74	0,95
34:10:47	19	14,74	0,95
34:11:47	19	14,74	0,95
34:12:47	19	14,73	0,96
34:13:47	19	14,73	0,96
34:14:47	18	14,73	0,96
34:15:47	19	14,73	0,96
34:16:47	19	14,73	0,96
34:17:47	19	14,73	0,96
34:18:47	19	14,73	0,96
34:19:47	19	14,73	0,96
34:20:47	19	14,73	0,96
34:21:47	19	14,73	0,96
34:22:47	19	14,73	0,96
34:23:47	19	14,73	0,96
34:24:47	19	14,73	0,96
34:25:47	19	14,73	0,96
34:26:47	19	14,73	0,96
34:27:47	19	14,72	0,97
34:28:47	19	14,72	0,97
34:29:47	19	14,72	0,97
34:30:47	19	14,72	0,97
34:31:47	19	14,71	0,97
34:32:47	19	14,71	0,97
34:33:47	19	14,71	0,97
34:34:47	19	14,71	0,97
34:35:47	19	14,71	0,97
34:36:47	19	14,71	0,97
34:37:47	19	14,70	0,98
34:38:47	19	14,70	0,98
34:39:47	18	14,70	0,98
34:40:47	19	14,70	0,98
34:41:47	19	14,70	0,98
34:42:47	19	14,70	0,98
34:43:47	19	14,70	0,98
34:44:47	19	14,70	0,98
34:45:47	19	14,70	0,98
34:46:47	19	14,70	0,98
34:47:47	19	14,70	0,98
34:48:47	19	14,70	0,98
34:49:47	19	14,70	0,98
34:50:47	19	14,68	0,99
34:51:47	19	14,68	0,99
34:52:47	19	14,68	0,99
34:53:47	19	14,69	0,99
34:54:47	19	14,69	0,99
34:55:47	19	14,69	0,99
34:56:47	19	14,69	0,99
34:57:47	19	14,69	0,99
34:58:47	19	14,69	0,99
34:59:47	18	14,68	0,99
35:00:47	19	14,68	0,99
35:01:47	19	14,68	0,99
35:02:47	18	14,68	0,99
35:03:47	19	14,68	0,99
35:04:47	19	14,68	0,99
35:05:47	19	14,68	0,99
35:06:47	19	14,68	0,99
35:07:47	19	14,67	1,00
35:08:47	19	14,67	1,00
35:09:47	19	14,66	1,01
35:10:47	19	14,66	1,01
35:11:47	18	14,66	1,01
35:12:47	19	14,66	1,01
35:13:47	19	14,66	1,01
35:14:47	19	14,66	1,01
35:15:47	19	14,66	1,01
35:16:47	19	14,66	1,01
35:17:47	18	14,66	1,01
35:18:47	19	14,65	1,01
35:19:47	19	14,65	1,01
35:20:47	19	14,65	1,01
35:21:47	19	14,65	1,01
35:22:47	19	14,65	1,01
35:23:47	19	14,65	1,01
35:24:47	19	14,65	1,01
35:25:47	19	14,64	1,02
35:26:47	19	14,64	1,02
35:27:47	18	14,64	1,02
35:28:47	19	14,64	1,02
35:29:47	19	14,64	1,02
35:30:47	19	14,64	1,03
35:31:47	19	14,64	1,03
35:32:47	19	14,64	1,02
35:33:47	19	14,64	1,03
35:34:47	19	14,64	1,03
35:35:47	19	14,64	1,03
35:36:47	19	14,64	1,03
35:37:47	19	14,64	1,03
35:38:47	19	14,64	1,03
35:39:47	19	14,63	1,03
35:40:47	19	14,63	1,03
35:41:47	19	14,63	1,03
35:42:47	19	14,63	1,03
35:43:47	19	14,63	1,03
35:44:47	19	14,63	1,03
35:45:47	19	14,63	1,03
35:46:47	19	14,62	1,04
35:47:47	19	14,62	1,04
35:48:47	19	14,62	1,04
35:49:47	19	14,62	1,04
35:50:47	19	14,62	1,04
35:51:47	19	14,62	1,04
35:52:47	19	14,62	1,04
35:53:47	19	14,61	1,04
35:54:47	19	14,61	1,04
35:55:47	19	14,61	1,04
35:56:47	19	14,61	1,04
35:57:47	18	14,61	1,04
35:58:47	19	14,61	1,04
35:59:47	19	14,61	1,04
36:00:47	19	14,61	1,04
36:01:47	18	14,61	1,05
36:02:47	19	14,61	1,05
36:03:47	19	14,61	1,05
36:04:47	19	14,61	1,05
36:05:47	19	14,61	1,05
36:06:47	19	14,61	1,05
36:07:47	19	14,61	1,05
36:08:47	19	14,60	1,05
36:09:47	18	14,60	1,05
36:10:47	19	14,60	1,05
36:11:47	19	14,60	1,05
36:12:47	18	14,60	1,05
36:13:47	19	14,60	1,05
36:14:47	19	14,60	1,05
36:15:47	19	14,60	1,05
36:16:47	19	14,59	1,06
36:17:47	18	14,59	1,06
36:18:47	19	14,59	1,06
36:19:47	19	14,59	1,06
36:20:47	19	14,59	1,06
36:21:47	19	14,59	1,06
36:22:47	19	14,59	1,06
36:23:47	19	14,59	1,06
36:24:47	19	14,58	1,06
36:25:47	19	14,58	1,06
36:26:47	19	14,58	1,06
36:27:47	19	14,58	1,06
36:28:47	18	14,58	1,06
36:29:47	19	14,58	1,06
36:30:47	19	14,58	1,06
36:31:47	19	14,58	1,06
36:32:47	19	14,58	1,07
36:33:47	19	14,58	1,07
36:34:47	19	14,58	1,07
36:35:47	19	14,58	1,07
36:36:47	19	14,58	1,07
36:37:47	19	14,58	1,07
36:38:47	19	14,58	1,07
36:39:47	19	14,57	1,07
36:40:47	19	14,56	1,08
36:41:47	19	14,56	1,08
36:42:47	19	14,56	1,08
36:43:47	19	14,56	1,08
36:44:47	19	14,56	1,08
36:45:47	19	14,56	1,08
36:46:47	19	14,56	1,08
36:47:47	18	14,56	1,08
36:48:47	19	14,56	1,08
36:49:47	19	14,56	1,08
36:50:47	18	14,56	1,08
36:51:47	19	14,55	1,08
36:52:47	19	14,55	1,08
36:53:47	19	14,55	1,08
36:54:47	19	14,55	1,08
36:55:47	19	14,55	1,08
36:56:47	18	14,55	1,08
36:57:47	14	14,54	1,09
36:58:47	19	14,54	1,09
36:59:47	19	14,54	1,09
37:00:47	19	14,54	1,09
37:01:47	19	14,54	1,09
37:02:47	19	14,54	1,09
37:03:47	19	14,54	1,09
37:04:47	19	14,53	1,10
37:05:47	19	14,53	1,10
37:06:47	19	14,53	1,10
37:07:47	19	14,53	1,10
37:08:47	19	14,53	1,10
37:09:47	19	14,53	1,10
37:10:47	19	14,53	1,10
37:11:47	19	14,53	1,10
37:12:47	19	14,53	1,10
37:13:47	19	14,52	1,10
37:14:47	19	14,52	1,10
37:15:47	19	14,52	1,10
37:16:47	19	14,52	1,10
37:17:47	19	14,52	1,10
37:18:47	19	14,52	1,10
37:19:47	19	14,52	1,10
37:20:47	19	14,52	1,10
37:21:47	19	14,52	1,11
37:22:47	17	14,52	1,11
37:23:47	19	14,52	1,11
37:24:47	18	14,52	1,11
37:25:47	19	14,52	1,11
37:26:47	19	14,52	1,11
37:27:47	19	14,52	1,11
37:28:47	19	14,51	1,11
37:29:47	19	14,51	1,11
37:30:47	19	14,51	1,11
37:31:47	19	14,51	1,11
37:32:47	19	14,51	1,11
37:33:47	18	14,51	1,11
37:34:47	19	14,51	1,11
37:35:47	19	14,51	1,11
37:36:47	19	14,50	1,12
37:37:47	19	14,50	1,12
37:38:47	18	14,50	1,12
37:39:47	18	14,50	1,12
37:40:47	19	14,50	1,12
37:41:47	19	14,50	1,12
37:42:47	19	14,50	1,12
37:43:47	19	14,50	1,12
37:44:47	19	14,50	1,12
37:45:47	19	14,49	1,13
37:46:47	18	14,49	1,13
37:47:47	19	14,49	1,13
37:48:47	19	14,49	1,13
37:49:47	19	14,49	1,13
37:50:47	19	14,49	1,13
37:51:47	18	14,49	1,13
37:52:47	19	14,49	1,13
37:53:47	19	14,49	1,13
37:54:47	19	14,49	1,13
37:55:47	18	14,49	1,13
37:56:47	19	14,49	1,13
37:57:47	19	14,49	1,13
37:58:47	19	14,49	1,13
37:59:47	18	14,49	1,13
38:00:47	19	14,49	1,13
38:01:47	19	14,48	1,14
38:02:47	19	14,48	1,14
38:03:47	19	14,48	1,14
38:04:47	19	14,48	1,14
38:05:47	19	14,47	1,14
38:06:47	19	14,47	1,14
38:07:47	18	14,47	1,14
38:08:47	19	14,47	1,14
38:09:47	19	14,47	1,14
38:10:47	19	14,47	1,14
38:11:47	19	14,47	1,14
38:12:47	19	14,46	1,15
38:13:47	19	14,46	1,15
38:14:47	19	14,46	1,15
38:15:47	19	14,47	1,14
38:16:47	19	14,47	1,14
38:17:47	19	14,47	1,14
38:18:47	18	14,47	1,14
38:19:47	19	14,47	1,14
38:20:47	19	14,47	1,14
38:21:47	19	14,47	1,14
38:22:47	19	14,46	1,15
38:23:47	16	14,46	1,15
38:24:47	19	14,46	1,15
38:25:47	19	14,46	1,15
38:26:47	19	14,46	1,15
38:27:47	19	14,45	1,16
38:28:47	19	14,45	1,16
38:29:47	19	14,45	1,16
38:30:47	19	14,45	1,16
38:31:47	19	14,45	1,16
38:32:47	19	14,45	1,16
38:33:47	18	14,45	1,16
38:34:47	19	14,45	1,16
38:35:47	19	14,44	1,16
38:36:47	19	14,44	1,16
38:37:47	19	14,44	1,16
38:38:47	19	14,44	1,16
38:39:47	19	14,44	1,16
38:40:47	19	14,44	1,16
38:41:47	19	14,44	1,16
38:42:47	19	14,44	1,16
38:43:47	19	14,43	1,17
38:44:47	19	14,43	1,17
38:45:47	19	14,43	1,17
38:46:47	19	14,43	1,17
38:47:47	19	14,43	1,17
38:48:47	19	14,43	1,17
38:49:47	19	14,43	1,17
38:50:47	19	14,43	1,17
38:51:47	18	14,43	1,17
38:52:47	19	14,43	1,17
38:53:47	19	14,43	1,18
38:54:47	19	14,43	1,18
38:55:47	19	14,43	1,18
38:56:47	18	14,43	1,18
38:57:47	19	14,43	1,18
38:58:47	19	14,43	1,18
38:59:47	18	14,43	1,18
39:00:47	19	14,43	1,18
39:01:47	19	14,42	1,18
39:02:47	19	14,42	1,18
39:03:47	19	14,42	1,18
39:04:47	19	14,42	1,18
39:05:47	19	14,42	1,18
39:06:47	19	14,42	1,18
39:07:47	18	14,42	1,18
39:08:47	19	14,42	1,18
39:09:47	19	14,42	1,18
39:10:47	19	14,41	1,19
39:11:47	19	14,41	1,19
39:12:47	19	14,41	1,19
39:13:47	19	14,40	1,19
39:14:47	19	14,40	1,19
39:15:47	19	14,40	1,19
39:16:47	19	14,40	1,19
39:17:47	18	14,40	1,19
39:18:47	19	14,40	1,19
39:19:47	19	14,40	1,20
39:20:47	18	14,40	1,20
39:21:47	19	14,40	1,20
39:22:47	19	14,40	1,20
39:23:47	19	14,40	1,20
39:24:47	18	14,40	1,20
39:25:47	19	14,40	1,20
39:26:47	19	14,40	1,20
39:27:47	19	14,40	1,20
39:28:47	19	14,40	1,19
39:29:47	19	14,40	1,20
39:30:47	18	14,40	1,19
39:31:47	19	14,40	1,19
39:32:47	19	14,40	1,20
39:33:47	19	14,39	1,20
39:34:47	19	14,39	1,20
39:35:47	19	14,39	1,20
39:36:47	19	14,39	1,20
39:37:47	19	14,38	1,21
39:38:47	19	14,38	1,21
39:39:47	19	14,38	1,21
39:40:47	18	14,38	1,21
39:41:47	19	14,38	1,21
39:42:47	19	14,38	1,21
39:43:47	19	14,38	1,21
39:44:47	19	14,38	1,21
39:45:47	19	14,38	1,21
39:46:47	19	14,37	1,21
39:47:47	19	14,37	1,21
39:48:47	19	14,37	1,21
39:49:47	19	14,37	1,21
39:50:47	19	14,37	1,21
39:51:47	19	14,37	1,21
39:52:47	19	14,37	1,21
39:53:47	19	14,37	1,22
39:54:47	19	14,37	1,22
39:55:47	19	14,37	1,22
39:56:47	19	14,37	1,22
39:57:47	18	14,37	1,22
39:58:47	18	14,37	1,22
39:59:47	18	14,37	1,22
40:00:47	19	14,37	1,22
40:01:47	19	14,37	1,22
40:02:47	18	14,37	1,22
40:03:47	19	14,36	1,23
40:04:47	19	14,36	1,23
40:05:47	19	14,36	1,23
40:06:47	19	14,36	1,23
40:07:47	19	14,36	1,23
40:08:47	19	14,36	1,23
40:09:47	19	14,36	1,23
40:10:47	19	14,36	1,23
40:11:47	18	14,36	1,23
40:12:47	18	14,36	1,23
40:13:47	19	14,35	1,23
40:14:47	19	14,35	1,23
40:15:47	19	14,35	1,23
40:16:47	18	14,35	1,23
40:17:47	19	14,35	1,23
40:18:47	18	14,35	1,23
40:19:47	19	14,35	1,23
40:20:47	19	14,35	1,23
40:21:47	19	14,34	1,24
40:22:47	19	14,34	1,24
40:23:47	19	14,34	1,24
40:24:47	19	14,34	1,24
40:25:47	19	14,34	1,24
40:26:47	19	14,34	1,24
40:27:47	19	14,34	1,24
40:28:47	19	14,34	1,24
40:29:47	19	14,34	1,24
40:30:47	19	14,34	1,24
40:31:47	19	14,34	1,24
40:32:47	19	14,34	1,24
40:33:47	19	14,34	1,24
40:34:47	19	14,34	1,24
40:35:47	19	14,34	1,24
40:36:47	19	14,34	1,24
40:37:47	19	14,34	1,24
40:38:47	19	14,33	1,25
40:39:47	19	14,32	1,25
40:40:47	19	14,32	1,25
40:41:47	18	14,32	1,25
40:42:47	19	14,32	1,25
40:43:47	19	14,32	1,25
40:44:47	19	14,33	1,25
40:45:47	18	14,32	1,25
40:46:47	18	14,32	1,25
40:47:47	19	14,32	1,25
40:48:47	18	14,32	1,25
40:49:47	19	14,32	1,25
40:50:47	19	14,32	1,25
40:51:47	19	14,32	1,25
40:52:47	19	14,32	1,25
40:53:47	19	14,32	1,25
40:54:47	19	14,32	1,25
40:55:47	19	14,32	1,25
40:56:47	19	14,31	1,27
40:57:47	19	14,31	1,27
40:58:47	19	14,31	1,27
40:59:47	19	14,31	1,27
41:00:47	19	14,31	1,27
41:01:47	18	14,31	1,27
41:02:47	18	14,31	1,27
41:03:47	19	14,31	1,27
41:04:47	19	14,30	1,27
41:05:47	19	14,30	1,27
41:06:47	19	14,30	1,27
41:07:47	19	14,30	1,27
41:08:47	19	14,30	1,27
41:09:47	19	14,30	1,27
41:10:47	19	14,30	1,27
41:11:47	19	14,30	1,27
41:12:47	19	14,30	1,27
41:13:47	19	14,30	1,27
41:14:47	19	14,29	1,28
41:15:47	18	14,29	1,28
41:16:47	18	14,29	1,28
41:17:47	19	14,29	1,28
41:18:47	19	14,29	1,28
41:19:47	19	14,29	1,28
41:20:47	19	14,29	1,28
41:21:47	19	14,29	1,28
41:22:47	18	14,29	1,28
41:23:47	18	14,28	1,28
41:24:47	19	14,28	1,28
41:25:47	19	14,28	1,28
41:26:47	18	14,28	1,28
41:27:47	19	14,28	1,28
41:28:47	19	14,28	1,28
41:29:47	19	14,28	1,28
41:30:47	19	14,28	1,28
41:31:47	19	14,28	1,28
41:32:47	19	14,28	1,29
41:33:47	19	14,28	1,29
41:34:47	19	14,28	1,29
41:35:47	19	14,28	1,29
41:36:47	18	14,28	1,29
41:37:47	19	14,28	1,29
41:38:47	19	14,28	1,29
41:39:47	19	14,28	1,29
41:40:47	19	14,28	1,29
41:41:47	19	14,28	1,29
41:42:47	19	14,27	1,30
41:43:47	19	14,27	1,30
41:44:47	19	14,27	1,30
41:45:47	19	14,27	1,30
41:46:47	19	14,27	1,30
41:47:47	19	14,27	1,30
41:48:47	19	14,27	1,30
41:49:47	19	14,27	1,30
41:50:47	19	14,27	1,30
41:51:47	19	14,26	1,30
41:52:47	19	14,26	1,30
41:53:47	19	14,26	1,30
41:54:47	18	14,26	1,30
41:55:47	19	14,26	1,30
41:56:47	19	14,26	1,30
41:57:47	18	14,26	1,30
41:58:47	18	14,26	1,30
41:59:47	19	14,26	1,30
42:00:47	19	14,26	1,30
42:01:47	19	14,25	1,31
42:02:47	19	14,25	1,31
42:03:47	18	14,25	1,31
42:04:47	19	14,25	1,31
42:05:47	19	14,25	1,31
42:06:47	19	14,25	1,31
42:07:47	19	14,25	1,31
42:08:47	19	14,25	1,31
42:09:47	19	14,25	1,31
42:10:47	19	14,25	1,31
42:11:47	19	14,25	1,31
42:12:47	19	14,25	1,31
42:13:47	19	14,25	1,31
42:14:47	19	14,25	1,31
42:15:47	19	14,25	1,31
42:16:47	19	14,25	1,31
42:17:47	19	14,25	1,31
42:18:47	19	14,25	1,31
42:19:47	19	14,24	1,32
42:20:47	19	14,25	1,31
42:21:47	19	14,24	1,32
42:22:47	19	14,24	1,32
42:23:47	19	14,23	1,33
42:24:47	19	14,23	1,33
42:25:47	19	14,23	1,33
42:26:47	19	14,23	1,33
42:27:47	19	14,23	1,33
42:28:47	19	14,23	1,33
42:29:47	19	14,23	1,33
42:30:47	19	14,23	1,33
42:31:47	19	14,23	1,33
42:32:47	19	14,23	1,33
42:33:47	19	14,23	1,33
42:34:47	19	14,23	1,33
42:35:47	19	14,23	1,33
42:36:47	19	14,23	1,33
42:37:47	19	14,23	1,33
42:38:47	19	14,23	1,33
42:39:47	19	14,23	1,33
42:40:47	19	14,22	1,34
42:41:47	19	14,22	1,34
42:42:47	18	14,22	1,34
42:43:47	19	14,22	1,34
42:44:47	19	14,22	1,34
42:45:47	19	14,22	1,34
42:46:47	19	14,22	1,34
42:47:47	19	14,22	1,34
42:48:47	19	14,22	1,34
42:49:47	19	14,21	1,34
42:50:47	19	14,21	1,34
42:51:47	19	14,21	1,34
42:52:47	19	14,21	1,34
42:53:47	19	14,21	1,34
42:54:47	19	14,21	1,34
42:55:47	19	14,21	1,34
42:56:47	19	14,21	1,34
42:57:47	19	14,21	1,34
42:58:47	19	14,21	1,34
42:59:47	19	14,20	1,35
43:00:47	19	14,20	1,35
43:01:47	18	14,20	1,35
43:02:47	19	14,20	1,35
43:03:47	19	14,20	1,35
43:04:47	19	14,20	1,35
43:05:47	19	14,20	1,35
43:06:47	19	14,20	1,35
43:07:47	19	14,20	1,35
43:08:47	19	14,20	1,35
43:09:47	18	14,20	1,35
43:10:47	19	14,19	1,36
43:11:47	19	14,19	1,36
43:12:47	19	14,19	1,36
43:13:47	18	14,19	1,36
43:14:47	18	14,19	1,36
43:15:47	19	14,19	1,36
43:16:47	19	14,19	1,36
43:17:47	18	14,19	1,36
43:18:47	19	14,19	1,36
43:19:47	19	14,19	1,36
43:20:47	18	14,19	1,36
43:21:47	19	14,19	1,36
43:22:47	19	14,19	1,36
43:23:47	19	14,19	1,36
43:24:47	19	14,19	1,36
43:25:47	19	14,19	1,36
43:26:47	18	14,19	1,36
43:27:47	19	14,19	1,36
43:28:47	19	14,18	1,37
43:29:47	18	14,18	1,37
43:30:47	19	14,18	1,37
43:31:47	19	14,18	1,37
43:32:47	19	14,18	1,37
43:33:47	19	14,18	1,37
43:34:47	19	14,18	1,37
43:35:47	18	14,18	1,37
43:36:47	19	14,18	1,37
43:37:47	19	14,18	1,37
43:38:47	19	14,18	1,37
43:39:47	19	14,17	1,37
43:40:47	18	14,17	1,37
43:41:47	19	14,17	1,37
43:42:47	19	14,17	1,37
43:43:47	19	14,17	1,37
43:44:47	19	14,17	1,37
43:45:47	19	14,17	1,37
43:46:47	19	14,17	1,37
43:47:47	19	14,17	1,37
43:48:47	19	14,17	1,37
43:49:47	19	14,16	1,38
43:50:47	19	14,16	1,38
43:51:47	19	14,16	1,38
43:52:47	19	14,16	1,38
43:53:47	19	14,16	1,38
43:54:47	19	14,16	1,38
43:55:47	19	14,16	1,38
43:56:47	19	14,16	1,38
43:57:47	19	14,16	1,38
43:58:47	19	14,16	1,38
43:59:47	19	14,16	1,39
44:00:47	19	14,16	1,39
44:01:47	19	14,16	1,39
44:02:47	19	14,16	1,39
44:03:47	19	14,16	1,39
44:04:47	19	14,16	1,39
44:05:47	19	14,16	1,39
44:06:47	19	14,16	1,39
44:07:47	19	14,15	1,39
44:08:47	19	14,15	1,39
44:09:47	19	14,15	1,39
44:10:47	19	14,15	1,39
44:11:47	19	14,14	1,40
44:12:47	19	14,14	1,40
44:13:47	19	14,14	1,40
44:14:47	19	14,14	1,40
44:15:47	18	14,14	1,40
44:16:47	19	14,14	1,40
44:17:47	19	14,14	1,40
44:18:47	19	14,14	1,40
44:19:47	19	14,14	1,40
44:20:47	19	14,14	1,40
44:21:47	19	14,14	1,40
44:22:47	19	14,14	1,40
44:23:47	19	14,14	1,40
44:24:47	19	14,14	1,40
44:25:47	19	14,14	1,40
44:26:47	19	14,14	1,40
44:27:47	19	14,14	1,40
44:28:47	19	14,13	1,41
44:29:47	19	14,13	1,41
44:30:47	19	14,13	1,41
44:31:47	19	14,13	1,41
44:32:47	19	14,13	1,41
44:33:47	19	14,13	1,41
44:34:47	19	14,13	1,41
44:35:47	19	14,12	1,42
44:36:47	19	14,12	1,42
44:37:47	19	14,12	1,42
44:38:47	19	14,12	1,42
44:39:47	19	14,12	1,42
44:40:47	19	14,12	1,42
44:41:47	19	14,12	1,42
44:42:47	19	14,12	1,42
44:43:47	19	14,12	1,42
44:44:47	19	14,12	1,42
44:45:47	18	14,12	1,42
44:46:47	19	14,11	1,42
44:47:47	19	14,11	1,42
44:48:47	19	14,11	1,42
44:49:47	19	14,11	1,42
44:50:47	19	14,11	1,42
44:51:47	19	14,11	1,42
44:52:47	19	14,11	1,42
44:53:47	19	14,11	1,42
44:54:47	19	14,11	1,42
44:55:47	19	14,11	1,42
44:56:47	19	14,11	1,42
44:57:47	19	14,11	1,42
44:58:47	19	14,10	1,43
44:59:47	19	14,10	1,43
45:00:47	19	14,10	1,43
45:01:47	19	14,10	1,43
45:02:47	19	14,10	1,43
45:03:47	18	14,10	1,43
45:04:47	19	14,10	1,43
45:05:47	19	14,10	1,43
45:06:47	18	14,10	1,43
45:07:47	19	14,10	1,43
45:08:47	19	14,10	1,44
45:09:47	19	14,10	1,44
45:10:47	19	14,10	1,44
45:11:47	19	14,10	1,44
45:12:47	19	14,10	1,44
45:13:47	19	14,10	1,44
45:14:47	19	14,10	1,44
45:15:47	19	14,10	1,44
45:16:47	19	14,10	1,44
45:17:47	19	14,10	1,44
45:18:47	19	14,10	1,44
45:19:47	19	14,09	1,44
45:20:47	19	14,09	1,44
45:21:47	19	14,09	1,44
45:22:47	19	14,09	1,44
45:23:47	19	14,09	1,44
45:24:47	19	14,09	1,44
45:25:47	19	14,09	1,44
45:26:47	19	14,09	1,44
45:27:47	19	14,09	1,44
45:28:47	19	14,08	1,45
45:29:47	19	14,09	1,44
45:30:47	19	14,08	1,45
45:31:47	19	14,08	1,45
45:32:47	19	14,08	1,45
45:33:47	19	14,08	1,45
45:34:47	19	14,08	1,45
45:35:47	19	14,08	1,45
45:36:47	19	14,08	1,45
45:37:47	19	14,08	1,45
45:38:47	19	14,08	1,45
45:39:47	19	14,08	1,45
45:40:47	19	14,07	1,46
45:41:47	19	14,07	1,46
45:42:47	19	14,07	1,46
45:43:47	19	14,07	1,46
45:44:47	19	14,07	1,46
45:45:47	19	14,07	1,46
45:46:47	19	14,07	1,46
45:47:47	19	14,07	1,46
45:48:47	19	14,07	1,46
45:49:47	19	14,07	1,46
45:50:47	18	14,07	1,46
45:51:47	19	14,07	1,46
45:52:47	19	14,07	1,46
45:53:47	19	14,07	1,46
45:54:47	19	14,07	1,46
45:55:47	19	14,07	1,46
45:56:47	19	14,07	1,46
45:57:47	19	14,07	1,46
45:58:47	18	14,07	1,46
45:59:47	19	14,07	1,46
46:00:47	19	14,07	1,46
46:01:47	19	14,07	1,46
46:02:47	18	14,06	1,47
46:03:47	19	14,06	1,47
46:04:47	19	14,06	1,47
46:05:47	19	14,06	1,47
46:06:47	19	14,06	1,47
46:07:47	19	14,06	1,47
46:08:47	19	14,06	1,47
46:09:47	18	14,06	1,47
46:10:47	19	14,06	1,47
46:11:47	19	14,06	1,47
46:12:47	19	14,05	1,48
46:13:47	19	14,05	1,48
46:14:47	19	14,05	1,48
46:15:47	19	14,05	1,48
46:16:47	19	14,05	1,48
46:17:47	19	14,05	1,48
46:18:47	19	14,05	1,48
46:19:47	19	14,05	1,48
46:20:47	19	14,05	1,48
46:21:47	19	14,05	1,48
46:22:47	19	14,05	1,48
46:23:47	19	14,05	1,48
46:24:47	19	14,04	1,48
46:25:47	19	14,04	1,48
46:26:47	19	14,04	1,48
46:27:47	19	14,04	1,48
46:28:47	19	14,04	1,48
46:29:47	19	14,04	1,48
46:30:47	19	14,04	1,48
46:31:47	18	14,04	1,48
46:32:47	19	14,04	1,48
46:33:47	19	14,04	1,48
46:34:47	19	14,04	1,48
46:35:47	19	14,04	1,49
46:36:47	19	14,04	1,49
46:37:47	19	14,04	1,49
46:38:47	18	14,04	1,49
46:39:47	18	14,04	1,49
46:40:47	19	14,04	1,49
46:41:47	19	14,04	1,49
46:42:47	19	14,04	1,49
46:43:47	19	14,04	1,49
46:44:47	18	14,04	1,49
46:45:47	19	14,04	1,49
46:46:47	19	14,04	1,49
46:47:47	19	14,04	1,49
46:48:47	19	14,03	1,50
46:49:47	19	14,03	1,50
46:50:47	19	14,02	1,50
46:51:47	19	14,02	1,50
46:52:47	19	14,02	1,50
46:53:47	19	14,02	1,50
46:54:47	19	14,02	1,50
46:55:47	18	14,02	1,50
46:56:47	19	14,02	1,50
46:57:47	19	14,02	1,50
46:58:47	19	14,02	1,50
46:59:47	19	14,02	1,50
47:00:47	19	14,02	1,50
47:01:47	19	14,02	1,50
47:02:47	19	14,02	1,50
47:03:47	19	14,02	1,50
47:04:47	19	14,02	1,50
47:05:47	19	14,02	1,50
47:06:47	19	14,01	1,51
47:07:47	19	14,01	1,51
47:08:47	19	14,01	1,51
47:09:47	19	14,01	1,51
47:10:47	19	14,01	1,51
47:11:47	19	14,01	1,51
47:12:47	18	14,01	1,51
47:13:47	19	14,01	1,51
47:14:47	19	14,01	1,51
47:15:47	19	14,01	1,51
47:16:47	19	14,01	1,51
47:17:47	19	14,00	1,52
47:18:47	19	14,00	1,52
47:19:47	19	14,00	1,52
47:20:47	19	14,00	1,52
47:21:47	19	14,00	1,52
47:22:47	19	14,00	1,52
47:23:47	19	14,00	1,52
47:24:47	19	14,00	1,52
47:25:47	19	14,00	1,52
47:26:47	19	14,00	1,52
47:27:47	19	14,00	1,52
47:28:47	19	14,00	1,52
47:29:47	19	13,99	1,53
47:30:47	19	13,99	1,53
47:31:47	18	13,99	1,53
47:32:47	19	13,99	1,53
47:33:47	19	13,99	1,53
47:34:47	19	13,99	1,53
47:35:47	19	13,99	1,53
47:36:47	19	13,99	1,53
47:37:47	19	13,99	1,53
47:38:47	19	13,99	1,53
47:39:47	19	13,98	1,53
47:40:47	19	13,99	1,53
47:41:47	19	13,99	1,53
47:42:47	19	13,98	1,53
47:43:47	19	13,98	1,53
47:44:47	19	13,98	1,53
47:45:47	19	13,98	1,53
47:46:47	19	13,98	1,53
47:47:47	19	13,98	1,53
47:48:47	19	13,98	1,53
47:49:47	19	13,98	1,53
47:50:47	19	13,98	1,53
47:51:47	19	13,98	1,53
47:52:47	19	13,98	1,53
47:53:47	19	13,98	1,53
47:54:47	19	13,98	1,54
47:55:47	19	13,98	1,54
47:56:47	19	13,98	1,54
47:57:47	19	13,98	1,54
47:58:47	18	13,98	1,54
47:59:47	19	13,98	1,54
48:00:47	18	13,98	1,54
48:01:47	19	13,98	1,54
48:02:47	19	13,98	1,54
48:03:47	19	13,98	1,54
48:04:47	19	13,98	1,54
48:05:47	19	13,97	1,55
48:06:47	19	13,97	1,55
48:07:47	19	13,97	1,55
48:08:47	19	13,97	1,55
48:09:47	19	13,97	1,55
48:10:47	19	13,97	1,55
48:11:47	19	13,97	1,55
48:12:47	19	13,97	1,55
48:13:47	19	13,96	1,55
48:14:47	19	13,97	1,55
48:15:47	19	13,97	1,55
48:16:47	19	13,97	1,55
48:17:47	19	13,96	1,55
48:18:47	19	13,96	1,55
48:19:47	19	13,96	1,55
48:20:47	19	13,96	1,55
48:21:47	19	13,96	1,55
48:22:47	19	13,96	1,55
48:23:47	19	13,96	1,55
48:24:47	19	13,96	1,55
48:25:47	19	13,96	1,55
48:26:47	19	13,96	1,55
48:27:47	19	13,96	1,55
48:28:47	19	13,95	1,56
48:29:47	19	13,95	1,56
48:30:47	19	13,95	1,56
48:31:47	19	13,95	1,56
48:32:47	19	13,95	1,56
48:33:47	19	13,95	1,56
48:34:47	19	13,95	1,56
