--Test Summary--
Full Path and File Name	
Instrument Name	4262R
Instrument Type	Model 4262 Twin Cell UCA
Instrument Serial Number	111R
Test Start Date	12.05.2006
Test Start Time	2:50:36
Test Stop Date	13.05.2006
Test Stop Time	4:13:29
Test Length	25:22:53
Final Sample Time Offset	25:22:00
Controller Schedule Name	
Sampling Period	60 seconds
Comments	T:105(60), 120(240), 1.5gpsLX-200+80%MMaxFF+0.8%RPM+2%SF+1%HTR
Information	WellID	
Information	Customer	Dragon
Information	CementClass	PCT-I-G
Information	CementMfr	Duckerhoff
Information	Additives	See comments
Information	Density	2400
Information	BHCT	105
Information	BHST	120
Information	FluidLoss	17cc/30min
Information	JobType	Research
Calculated Value	CS_50	N/A
Calculated Value	CS_500	N/A
Calculated Value	CS_Time8h	0,00 MPa
Calculated Value	CS_Time16h	0,00 MPa
Calculated Value	CS_Time24h	0,00 MPa
Calculated Value	CS_Time48h	N/A
Calculated Value	CS_Time72h	N/A
Calculated Curve	Compressive Strength	Compressive strength type B (more than 14 lb/gal)
Initial Temperature (°C)	22 °C
Final Temperature (°C)	118 °C
Initial Transit Time (microsec/in)	17,46 microsec/in
Final Transit Time (microsec/in)	18,96 microsec/in
Initial Compressive Strength (MPa)	0,00 MPa
Final Compressive Strength (MPa)	0,00 MPa
--Data--
Time (HH:MM:SS)	Temperature (°C)	Transit Time (microsec/in)	Compressive Strength (MPa)
0:00:00	22	17,46	0,00
0:01:00	22	17,49	0,00
0:02:00	23	17,50	0,00
0:03:00	23	17,25	0,04
0:04:00	23	17,26	0,04
0:05:00	23	17,37	0,02
0:06:00	23	17,25	0,04
0:07:00	23	17,25	0,04
0:08:00	24	17,25	0,04
0:09:00	24	17,25	0,04
0:10:00	25	17,25	0,04
0:11:00	26	17,25	0,04
0:12:00	28	17,24	0,04
0:13:00	29	17,23	0,04
0:14:00	30	17,23	0,04
0:15:00	32	17,22	0,05
0:16:00	33	17,22	0,05
0:17:00	35	17,22	0,05
0:18:00	36	17,21	0,05
0:19:00	38	17,20	0,05
0:20:00	39	17,20	0,05
0:21:00	41	17,21	0,05
0:22:00	42	17,20	0,05
0:23:00	44	17,22	0,05
0:24:00	45	17,23	0,04
0:25:00	47	17,25	0,04
0:26:00	49	17,27	0,04
0:27:00	50	17,28	0,03
0:28:00	52	17,29	0,03
0:29:00	53	17,31	0,03
0:30:00	55	17,31	0,03
0:31:00	56	17,33	0,03
0:32:00	58	17,35	0,02
0:33:00	59	17,37	0,02
0:34:00	60	17,38	0,02
0:35:00	62	17,38	0,02
0:36:00	63	17,40	0,01
0:37:00	65	17,41	0,01
0:38:00	66	17,44	0,00
0:39:00	68	17,46	0,00
0:40:00	69	17,68	0,00
0:41:00	70	17,61	0,00
0:42:00	72	17,58	0,00
0:43:00	74	17,57	0,00
0:44:00	75	17,55	0,00
0:45:00	77	17,52	0,00
0:46:00	79	17,51	0,00
0:47:00	80	17,50	0,00
0:48:00	82	17,49	0,00
0:49:00	83	17,48	0,00
0:50:00	84	17,81	0,00
0:51:00	86	17,82	0,00
0:52:00	87	17,82	0,00
0:53:00	89	17,81	0,00
0:54:00	91	17,79	0,00
0:55:00	92	17,79	0,00
0:56:00	93	17,78	0,00
0:57:00	95	17,77	0,00
0:58:00	96	17,76	0,00
0:59:00	97	17,76	0,00
1:00:00	99	17,76	0,00
1:01:00	100	18,13	0,00
1:02:00	101	18,11	0,00
1:03:00	103	18,10	0,00
1:04:00	105	18,09	0,00
1:05:00	106	18,07	0,00
1:06:00	107	18,18	0,00
1:07:00	108	18,36	0,00
1:08:00	108	18,36	0,00
1:09:00	109	18,36	0,00
1:10:00	110	18,36	0,00
1:11:00	110	18,38	0,00
1:12:00	110	18,38	0,00
1:13:00	111	18,39	0,00
1:14:00	111	18,40	0,00
1:15:00	111	18,41	0,00
1:16:00	111	18,42	0,00
1:17:00	111	18,43	0,00
1:18:00	111	18,45	0,00
1:19:00	111	18,45	0,00
1:20:00	111	18,54	0,00
1:21:00	111	18,54	0,00
1:22:00	111	18,55	0,00
1:23:00	111	18,56	0,00
1:24:00	111	18,56	0,00
1:25:00	111	18,57	0,00
1:26:00	110	18,57	0,00
1:27:00	110	18,59	0,00
1:28:00	110	18,58	0,00
1:29:00	110	18,60	0,00
1:30:00	110	18,60	0,00
1:31:00	110	18,61	0,00
1:32:00	110	18,60	0,00
1:33:00	109	18,61	0,00
1:34:00	110	18,61	0,00
1:35:00	109	18,62	0,00
1:36:00	109	18,63	0,00
1:37:00	109	18,62	0,00
1:38:00	109	18,63	0,00
1:39:00	109	18,63	0,00
1:40:00	109	18,64	0,00
1:41:00	109	18,63	0,00
1:42:00	109	18,63	0,00
1:43:00	109	18,63	0,00
1:44:00	108	18,64	0,00
1:45:00	109	18,65	0,00
1:46:00	108	18,66	0,00
1:47:00	108	18,65	0,00
1:48:00	108	18,65	0,00
1:49:00	108	18,59	0,00
1:50:00	109	18,60	0,00
1:51:00	108	18,60	0,00
1:52:00	108	18,60	0,00
1:53:00	108	18,60	0,00
1:54:00	108	18,60	0,00
1:55:00	108	18,60	0,00
1:56:00	108	18,60	0,00
1:57:00	108	18,61	0,00
1:58:00	108	18,61	0,00
1:59:00	108	18,61	0,00
2:00:00	108	18,62	0,00
2:01:00	108	18,61	0,00
2:02:00	108	18,62	0,00
2:03:00	108	18,61	0,00
2:04:00	108	18,62	0,00
2:05:00	108	18,62	0,00
2:06:00	108	18,62	0,00
2:07:00	108	18,62	0,00
2:08:00	108	18,63	0,00
2:09:00	108	18,63	0,00
2:10:00	108	18,62	0,00
2:11:00	108	18,63	0,00
2:12:00	108	18,63	0,00
2:13:00	108	18,63	0,00
2:14:00	108	18,63	0,00
2:15:00	109	18,63	0,00
2:16:00	108	18,63	0,00
2:17:00	108	18,63	0,00
2:18:00	109	18,63	0,00
2:19:00	109	18,63	0,00
2:20:00	109	18,63	0,00
2:21:00	109	18,64	0,00
2:22:00	109	18,64	0,00
2:23:00	109	18,64	0,00
2:24:00	109	18,64	0,00
2:25:00	109	18,65	0,00
2:26:00	109	18,65	0,00
2:27:00	109	18,65	0,00
2:28:00	109	18,65	0,00
2:29:00	109	18,65	0,00
2:30:00	109	18,65	0,00
2:31:00	109	18,66	0,00
2:32:00	110	18,65	0,00
2:33:00	109	18,66	0,00
2:34:00	109	18,66	0,00
2:35:00	110	18,66	0,00
2:36:00	109	18,66	0,00
2:37:00	110	18,66	0,00
2:38:00	110	18,66	0,00
2:39:00	110	18,66	0,00
2:40:00	110	18,66	0,00
2:41:00	110	18,66	0,00
2:42:00	110	18,66	0,00
2:43:00	110	18,66	0,00
2:44:00	110	18,67	0,00
2:45:00	110	18,67	0,00
2:46:00	110	18,68	0,00
2:47:00	110	18,67	0,00
2:48:00	110	18,68	0,00
2:49:00	110	18,68	0,00
2:50:00	110	18,68	0,00
2:51:00	110	18,69	0,00
2:52:00	110	18,69	0,00
2:53:00	110	18,69	0,00
2:54:00	110	18,69	0,00
2:55:00	110	18,69	0,00
2:56:00	110	18,69	0,00
2:57:00	111	18,69	0,00
2:58:00	111	18,69	0,00
2:59:00	111	18,69	0,00
3:00:00	111	18,69	0,00
3:01:00	111	18,70	0,00
3:02:00	111	18,70	0,00
3:03:00	111	18,70	0,00
3:04:00	111	18,70	0,00
3:05:00	111	18,70	0,00
3:06:00	111	18,70	0,00
3:07:00	111	18,71	0,00
3:08:00	111	18,71	0,00
3:09:00	111	18,71	0,00
3:10:00	111	18,71	0,00
3:11:00	112	18,72	0,00
3:12:00	111	18,72	0,00
3:13:00	112	18,72	0,00
3:14:00	111	18,72	0,00
3:15:00	112	18,72	0,00
3:16:00	112	18,72	0,00
3:17:00	112	18,72	0,00
3:18:00	112	18,73	0,00
3:19:00	112	18,72	0,00
3:20:00	112	18,73	0,00
3:21:00	112	18,73	0,00
3:22:00	112	18,73	0,00
3:23:00	112	18,73	0,00
3:24:00	112	18,74	0,00
3:25:00	113	18,73	0,00
3:26:00	113	18,74	0,00
3:27:00	112	18,74	0,00
3:28:00	113	18,75	0,00
3:29:00	113	18,74	0,00
3:30:00	113	18,75	0,00
3:31:00	113	18,75	0,00
3:32:00	113	18,75	0,00
3:33:00	113	18,75	0,00
3:34:00	113	18,75	0,00
3:35:00	113	18,75	0,00
3:36:00	113	18,76	0,00
3:37:00	113	18,75	0,00
3:38:00	113	18,76	0,00
3:39:00	113	18,77	0,00
3:40:00	113	18,77	0,00
3:41:00	114	18,77	0,00
3:42:00	113	18,77	0,00
3:43:00	114	18,77	0,00
3:44:00	114	18,78	0,00
3:45:00	114	18,78	0,00
3:46:00	114	18,78	0,00
3:47:00	114	18,78	0,00
3:48:00	114	18,78	0,00
3:49:00	114	18,78	0,00
3:50:00	114	18,78	0,00
3:51:00	114	18,78	0,00
3:52:00	114	18,78	0,00
3:53:00	114	18,79	0,00
3:54:00	114	18,79	0,00
3:55:00	114	18,79	0,00
3:56:00	114	18,79	0,00
3:57:00	115	18,80	0,00
3:58:00	114	18,80	0,00
3:59:00	114	18,80	0,00
4:00:00	115	18,80	0,00
4:01:00	115	18,80	0,00
4:02:00	114	18,79	0,00
4:03:00	115	18,81	0,00
4:04:00	115	18,80	0,00
4:05:00	115	18,81	0,00
4:06:00	115	18,81	0,00
4:07:00	115	18,81	0,00
4:08:00	115	18,81	0,00
4:09:00	115	18,82	0,00
4:10:00	115	18,81	0,00
4:11:00	115	18,81	0,00
4:12:00	115	18,82	0,00
4:13:00	116	18,82	0,00
4:14:00	116	18,82	0,00
4:15:00	116	18,82	0,00
4:16:00	115	18,82	0,00
4:17:00	116	18,83	0,00
4:18:00	116	18,83	0,00
4:19:00	116	18,84	0,00
4:20:00	116	18,84	0,00
4:21:00	116	18,84	0,00
4:22:00	116	18,84	0,00
4:23:00	116	18,83	0,00
4:24:00	116	18,84	0,00
4:25:00	116	18,84	0,00
4:26:00	116	18,84	0,00
4:27:00	117	18,84	0,00
4:28:00	116	18,84	0,00
4:29:00	116	18,84	0,00
4:30:00	116	18,84	0,00
4:31:00	117	18,85	0,00
4:32:00	117	18,85	0,00
4:33:00	117	18,85	0,00
4:34:00	116	18,85	0,00
4:35:00	117	18,85	0,00
4:36:00	117	18,86	0,00
4:37:00	117	18,86	0,00
4:38:00	117	18,86	0,00
4:39:00	117	18,87	0,00
4:40:00	117	18,87	0,00
4:41:00	117	18,87	0,00
4:42:00	117	18,87	0,00
4:43:00	117	18,87	0,00
4:44:00	118	18,87	0,00
4:45:00	118	18,87	0,00
4:46:00	117	18,88	0,00
4:47:00	117	18,87	0,00
4:48:00	117	18,87	0,00
4:49:00	118	18,88	0,00
4:50:00	117	18,88	0,00
4:51:00	117	18,88	0,00
4:52:00	118	18,88	0,00
4:53:00	118	18,88	0,00
4:54:00	118	18,89	0,00
4:55:00	118	18,89	0,00
4:56:00	118	18,90	0,00
4:57:00	118	18,90	0,00
4:58:00	118	18,90	0,00
4:59:00	118	18,90	0,00
5:00:00	118	18,90	0,00
5:01:00	118	18,90	0,00
5:02:00	118	18,90	0,00
5:03:00	118	18,90	0,00
5:04:00	118	18,90	0,00
5:05:00	119	18,90	0,00
5:06:00	119	18,91	0,00
5:07:00	118	18,91	0,00
5:08:00	119	18,91	0,00
5:09:00	119	18,90	0,00
5:10:00	119	18,92	0,00
5:11:00	119	18,92	0,00
5:12:00	119	18,93	0,00
5:13:00	119	18,93	0,00
5:14:00	119	18,93	0,00
5:15:00	118	18,93	0,00
5:16:00	119	18,93	0,00
5:17:00	119	18,93	0,00
5:18:00	119	18,94	0,00
5:19:00	119	18,94	0,00
5:20:00	118	18,94	0,00
5:21:00	118	18,94	0,00
5:22:00	119	18,95	0,00
5:23:00	119	18,94	0,00
5:24:00	119	18,95	0,00
5:25:00	119	18,96	0,00
5:26:00	119	18,96	0,00
5:27:00	119	18,96	0,00
5:28:00	119	18,96	0,00
5:29:00	119	18,96	0,00
5:30:00	119	18,97	0,00
5:31:00	119	18,97	0,00
5:32:00	118	18,97	0,00
5:33:00	119	18,97	0,00
5:34:00	118	18,98	0,00
5:35:00	119	18,98	0,00
5:36:00	119	18,98	0,00
5:37:00	119	18,99	0,00
5:38:00	119	18,99	0,00
5:39:00	119	18,98	0,00
5:40:00	119	18,99	0,00
5:41:00	119	18,99	0,00
5:42:00	119	18,99	0,00
5:43:00	119	18,99	0,00
5:44:00	119	18,99	0,00
5:45:00	118	19,00	0,00
5:46:00	119	19,00	0,00
5:47:00	119	19,00	0,00
5:48:00	119	19,01	0,00
5:49:00	118	19,01	0,00
5:50:00	119	19,01	0,00
5:51:00	119	19,01	0,00
5:52:00	118	19,02	0,00
5:53:00	119	19,02	0,00
5:54:00	118	19,02	0,00
5:55:00	118	19,02	0,00
5:56:00	119	19,02	0,00
5:57:00	119	19,02	0,00
5:58:00	119	19,02	0,00
5:59:00	119	19,02	0,00
6:00:00	119	19,02	0,00
6:01:00	119	19,02	0,00
6:02:00	118	19,02	0,00
6:03:00	118	19,02	0,00
6:04:00	118	19,02	0,00
6:05:00	119	19,02	0,00
6:06:00	118	19,02	0,00
6:07:00	119	19,02	0,00
6:08:00	118	19,02	0,00
6:09:00	118	19,02	0,00
6:10:00	118	19,02	0,00
6:11:00	118	19,02	0,00
6:12:00	119	19,02	0,00
6:13:00	118	19,02	0,00
6:14:00	118	19,02	0,00
6:15:00	119	19,02	0,00
6:16:00	119	19,02	0,00
6:17:00	118	19,02	0,00
6:18:00	119	19,02	0,00
6:19:00	118	19,02	0,00
6:20:00	119	19,02	0,00
6:21:00	119	19,02	0,00
6:22:00	118	19,02	0,00
6:23:00	118	19,02	0,00
6:24:00	118	19,02	0,00
6:25:00	118	19,02	0,00
6:26:00	118	19,02	0,00
6:27:00	119	19,02	0,00
6:28:00	118	19,02	0,00
6:29:00	119	19,02	0,00
6:30:00	118	19,02	0,00
6:31:00	118	19,02	0,00
6:32:00	118	19,02	0,00
6:33:00	119	19,02	0,00
6:34:00	118	19,02	0,00
6:35:00	119	19,02	0,00
6:36:00	119	19,02	0,00
6:37:00	119	19,02	0,00
6:38:00	118	19,02	0,00
6:39:00	118	19,03	0,00
6:40:00	118	19,03	0,00
6:41:00	118	19,03	0,00
6:42:00	118	19,03	0,00
6:43:00	119	19,03	0,00
6:44:00	118	19,02	0,00
6:45:00	119	19,03	0,00
6:46:00	119	19,03	0,00
6:47:00	119	19,03	0,00
6:48:00	119	19,03	0,00
6:49:00	118	19,04	0,00
6:50:00	118	19,03	0,00
6:51:00	118	19,03	0,00
6:52:00	118	19,03	0,00
6:53:00	118	19,03	0,00
6:54:00	118	19,03	0,00
6:55:00	118	19,04	0,00
6:56:00	118	19,03	0,00
6:57:00	119	19,04	0,00
6:58:00	119	19,03	0,00
6:59:00	119	19,03	0,00
7:00:00	119	19,04	0,00
7:01:00	118	19,04	0,00
7:02:00	118	19,04	0,00
7:03:00	118	19,04	0,00
7:04:00	118	19,04	0,00
7:05:00	118	19,04	0,00
7:06:00	119	19,04	0,00
7:07:00	119	19,04	0,00
7:08:00	119	19,04	0,00
7:09:00	119	19,04	0,00
7:10:00	118	19,04	0,00
7:11:00	118	19,04	0,00
7:12:00	118	19,04	0,00
7:13:00	118	19,04	0,00
7:14:00	118	19,04	0,00
7:15:00	119	19,04	0,00
7:16:00	119	19,04	0,00
7:17:00	118	19,04	0,00
7:18:00	119	19,05	0,00
7:19:00	118	19,05	0,00
7:20:00	119	19,04	0,00
7:21:00	118	19,04	0,00
7:22:00	118	19,04	0,00
7:23:00	119	19,04	0,00
7:24:00	118	19,04	0,00
7:25:00	118	19,05	0,00
7:26:00	118	19,05	0,00
7:27:00	119	19,05	0,00
7:28:00	119	19,05	0,00
7:29:00	118	19,05	0,00
7:30:00	119	19,05	0,00
7:31:00	119	19,05	0,00
7:32:00	119	19,05	0,00
7:33:00	118	19,05	0,00
7:34:00	119	19,04	0,00
7:35:00	118	19,05	0,00
7:36:00	119	19,05	0,00
7:37:00	118	19,05	0,00
7:38:00	119	19,05	0,00
7:39:00	119	19,05	0,00
7:40:00	118	19,05	0,00
7:41:00	118	19,05	0,00
7:42:00	118	19,05	0,00
7:43:00	119	19,05	0,00
7:44:00	118	19,05	0,00
7:45:00	119	19,05	0,00
7:46:00	118	19,05	0,00
7:47:00	119	19,05	0,00
7:48:00	119	19,05	0,00
7:49:00	118	19,05	0,00
7:50:00	118	19,05	0,00
7:51:00	118	19,05	0,00
7:52:00	118	19,05	0,00
7:53:00	118	19,05	0,00
7:54:00	118	19,05	0,00
7:55:00	119	19,05	0,00
7:56:00	118	19,05	0,00
7:57:00	119	19,05	0,00
7:58:00	118	19,05	0,00
7:59:00	118	19,05	0,00
8:00:00	119	19,05	0,00
8:01:00	118	19,05	0,00
8:02:00	118	19,05	0,00
8:03:00	118	19,05	0,00
8:04:00	119	19,05	0,00
8:05:00	118	19,05	0,00
8:06:00	119	19,05	0,00
8:07:00	118	19,05	0,00
8:08:00	118	19,05	0,00
8:09:00	118	19,05	0,00
8:10:00	119	19,05	0,00
8:11:00	118	19,05	0,00
8:12:00	119	19,05	0,00
8:13:00	119	19,05	0,00
8:14:00	119	19,05	0,00
8:15:00	118	19,05	0,00
8:16:00	119	19,05	0,00
8:17:00	118	19,05	0,00
8:18:00	118	19,05	0,00
8:19:00	119	19,05	0,00
8:20:00	119	19,05	0,00
8:21:00	118	19,05	0,00
8:22:00	118	19,05	0,00
8:23:00	119	19,05	0,00
8:24:00	118	19,05	0,00
8:25:00	119	19,05	0,00
8:26:00	119	19,05	0,00
8:27:00	119	19,05	0,00
8:28:00	119	19,05	0,00
8:29:00	119	19,05	0,00
8:30:00	119	19,05	0,00
8:31:00	118	19,05	0,00
8:32:00	119	19,05	0,00
8:33:00	119	19,05	0,00
8:34:00	119	19,05	0,00
8:35:00	118	19,05	0,00
8:36:00	118	19,06	0,00
8:37:00	118	19,05	0,00
8:38:00	118	19,05	0,00
8:39:00	119	19,05	0,00
8:40:00	119	19,06	0,00
8:41:00	119	19,06	0,00
8:42:00	119	19,05	0,00
8:43:00	119	19,05	0,00
8:44:00	118	19,06	0,00
8:45:00	119	19,06	0,00
8:46:00	118	19,06	0,00
8:47:00	119	19,06	0,00
8:48:00	119	19,06	0,00
8:49:00	119	19,05	0,00
8:50:00	118	19,06	0,00
8:51:00	119	19,06	0,00
8:52:00	119	19,06	0,00
8:53:00	118	19,06	0,00
8:54:00	118	19,05	0,00
8:55:00	119	19,05	0,00
8:56:00	118	19,06	0,00
8:57:00	119	19,06	0,00
8:58:00	118	19,05	0,00
8:59:00	118	19,06	0,00
9:00:00	118	19,06	0,00
9:01:00	118	19,06	0,00
9:02:00	118	19,05	0,00
9:03:00	118	19,06	0,00
9:04:00	118	19,05	0,00
9:05:00	118	19,06	0,00
9:06:00	119	19,05	0,00
9:07:00	118	19,06	0,00
9:08:00	119	19,06	0,00
9:09:00	118	19,06	0,00
9:10:00	119	19,06	0,00
9:11:00	119	19,06	0,00
9:12:00	119	19,06	0,00
9:13:00	118	19,06	0,00
9:14:00	119	19,06	0,00
9:15:00	118	19,06	0,00
9:16:00	118	19,06	0,00
9:17:00	118	19,06	0,00
9:18:00	118	19,06	0,00
9:19:00	118	19,06	0,00
9:20:00	118	19,05	0,00
9:21:00	119	19,05	0,00
9:22:00	118	19,05	0,00
9:23:00	118	19,05	0,00
9:24:00	118	19,06	0,00
9:25:00	119	19,06	0,00
9:26:00	119	19,06	0,00
9:27:00	118	19,05	0,00
9:28:00	119	19,06	0,00
9:29:00	118	19,06	0,00
9:30:00	118	19,06	0,00
9:31:00	118	19,06	0,00
9:32:00	119	19,06	0,00
9:33:00	118	19,06	0,00
9:34:00	118	19,06	0,00
9:35:00	118	19,06	0,00
9:36:00	118	19,06	0,00
9:37:00	118	19,06	0,00
9:38:00	119	19,06	0,00
9:39:00	118	19,06	0,00
9:40:00	119	19,06	0,00
9:41:00	118	19,07	0,00
9:42:00	118	19,06	0,00
9:43:00	118	19,06	0,00
9:44:00	118	19,06	0,00
9:45:00	119	19,06	0,00
9:46:00	118	19,07	0,00
9:47:00	119	19,06	0,00
9:48:00	118	19,07	0,00
9:49:00	119	19,07	0,00
9:50:00	118	19,07	0,00
9:51:00	118	19,06	0,00
9:52:00	119	19,06	0,00
9:53:00	118	19,06	0,00
9:54:00	119	19,06	0,00
9:55:00	118	19,06	0,00
9:56:00	118	19,06	0,00
9:57:00	118	19,07	0,00
9:58:00	118	19,06	0,00
9:59:00	118	19,06	0,00
10:00:00	118	19,07	0,00
10:01:00	118	19,06	0,00
10:02:00	119	19,06	0,00
10:03:00	119	19,07	0,00
10:04:00	118	19,06	0,00
10:05:00	118	19,06	0,00
10:06:00	118	19,06	0,00
10:07:00	118	19,06	0,00
10:08:00	119	19,06	0,00
10:09:00	119	19,06	0,00
10:10:00	118	19,06	0,00
10:11:00	118	19,06	0,00
10:12:00	118	19,07	0,00
10:13:00	119	19,06	0,00
10:14:00	118	19,07	0,00
10:15:00	119	19,06	0,00
10:16:00	119	19,06	0,00
10:17:00	118	19,06	0,00
10:18:00	118	19,06	0,00
10:19:00	118	19,07	0,00
10:20:00	118	19,07	0,00
10:21:00	118	19,07	0,00
10:22:00	119	19,06	0,00
10:23:00	118	19,06	0,00
10:24:00	118	19,07	0,00
10:25:00	119	19,07	0,00
10:26:00	118	19,07	0,00
10:27:00	118	19,07	0,00
10:28:00	119	19,06	0,00
10:29:00	118	19,06	0,00
10:30:00	119	19,07	0,00
10:31:00	118	19,07	0,00
10:32:00	119	19,07	0,00
10:33:00	118	19,07	0,00
10:34:00	119	19,07	0,00
10:35:00	119	19,07	0,00
10:36:00	118	19,07	0,00
10:37:00	118	19,07	0,00
10:38:00	118	19,07	0,00
10:39:00	119	19,07	0,00
10:40:00	118	19,07	0,00
10:41:00	118	19,06	0,00
10:42:00	118	19,06	0,00
10:43:00	118	19,06	0,00
10:44:00	118	19,07	0,00
10:45:00	118	19,07	0,00
10:46:00	119	19,07	0,00
10:47:00	118	19,07	0,00
10:48:00	118	19,07	0,00
10:49:00	119	19,07	0,00
10:50:00	118	19,07	0,00
10:51:00	118	19,07	0,00
10:52:00	118	19,07	0,00
10:53:00	118	19,07	0,00
10:54:00	118	19,07	0,00
10:55:00	118	19,07	0,00
10:56:00	118	19,07	0,00
10:57:00	118	19,07	0,00
10:58:00	118	19,07	0,00
10:59:00	118	19,07	0,00
11:00:00	118	19,07	0,00
11:01:00	118	19,07	0,00
11:02:00	118	19,07	0,00
11:03:00	118	19,07	0,00
11:04:00	118	19,06	0,00
11:05:00	118	19,07	0,00
11:06:00	118	19,07	0,00
11:07:00	119	19,07	0,00
11:08:00	118	19,07	0,00
11:09:00	118	19,07	0,00
11:10:00	118	19,07	0,00
11:11:00	118	19,07	0,00
11:12:00	118	19,07	0,00
11:13:00	119	19,07	0,00
11:14:00	118	19,07	0,00
11:15:00	119	19,07	0,00
11:16:00	119	19,07	0,00
11:17:00	118	19,07	0,00
11:18:00	119	19,07	0,00
11:19:00	118	19,07	0,00
11:20:00	118	19,07	0,00
11:21:00	119	19,07	0,00
11:22:00	118	19,07	0,00
11:23:00	118	19,07	0,00
11:24:00	118	19,07	0,00
11:25:00	118	19,08	0,00
11:26:00	118	19,07	0,00
11:27:00	118	19,08	0,00
11:28:00	118	19,07	0,00
11:29:00	118	19,08	0,00
11:30:00	119	19,08	0,00
11:31:00	118	19,07	0,00
11:32:00	118	19,07	0,00
11:33:00	118	19,08	0,00
11:34:00	118	19,07	0,00
11:35:00	119	19,08	0,00
11:36:00	119	19,08	0,00
11:37:00	119	19,08	0,00
11:38:00	118	19,08	0,00
11:39:00	118	19,08	0,00
11:40:00	119	19,08	0,00
11:41:00	119	19,08	0,00
11:42:00	118	19,08	0,00
11:43:00	118	19,07	0,00
11:44:00	118	19,08	0,00
11:45:00	119	19,08	0,00
11:46:00	118	19,07	0,00
11:47:00	118	19,07	0,00
11:48:00	118	19,08	0,00
11:49:00	119	19,08	0,00
11:50:00	119	19,07	0,00
11:51:00	118	19,08	0,00
11:52:00	118	19,08	0,00
11:53:00	118	19,07	0,00
11:54:00	118	19,07	0,00
11:55:00	118	19,07	0,00
11:56:00	119	19,08	0,00
11:57:00	118	19,08	0,00
11:58:00	118	19,08	0,00
11:59:00	118	19,08	0,00
12:00:00	118	19,08	0,00
12:01:00	118	19,08	0,00
12:02:00	118	19,08	0,00
12:03:00	118	19,08	0,00
12:04:00	118	19,08	0,00
12:05:00	118	19,08	0,00
12:06:00	118	19,08	0,00
12:07:00	118	19,08	0,00
12:08:00	119	19,08	0,00
12:09:00	118	19,08	0,00
12:10:00	119	19,08	0,00
12:11:00	118	19,08	0,00
12:12:00	118	19,08	0,00
12:13:00	118	19,08	0,00
12:14:00	118	19,08	0,00
12:15:00	119	19,08	0,00
12:16:00	119	19,08	0,00
12:17:00	119	19,08	0,00
12:18:00	119	19,08	0,00
12:19:00	118	19,08	0,00
12:20:00	118	19,08	0,00
12:21:00	119	19,08	0,00
12:22:00	118	19,08	0,00
12:23:00	118	19,08	0,00
12:24:00	118	19,08	0,00
12:25:00	118	19,08	0,00
12:26:00	118	19,08	0,00
12:27:00	118	19,08	0,00
12:28:00	119	19,08	0,00
12:29:00	119	19,08	0,00
12:30:00	118	19,08	0,00
12:31:00	118	19,08	0,00
12:32:00	118	19,08	0,00
12:33:00	118	19,08	0,00
12:34:00	118	19,08	0,00
12:35:00	118	19,08	0,00
12:36:00	118	19,08	0,00
12:37:00	118	19,08	0,00
12:38:00	119	19,08	0,00
12:39:00	119	19,08	0,00
12:40:00	118	19,08	0,00
12:41:00	118	19,08	0,00
12:42:00	118	19,08	0,00
12:43:00	119	19,08	0,00
12:44:00	119	19,08	0,00
12:45:00	119	19,08	0,00
12:46:00	118	19,08	0,00
12:47:00	119	19,08	0,00
12:48:00	118	19,08	0,00
12:49:00	119	19,08	0,00
12:50:00	118	19,08	0,00
12:51:00	119	19,08	0,00
12:52:00	118	19,08	0,00
12:53:00	119	19,08	0,00
12:54:00	118	19,08	0,00
12:55:00	118	19,08	0,00
12:56:00	119	19,08	0,00
12:57:00	118	19,08	0,00
12:58:00	118	19,08	0,00
12:59:00	118	19,08	0,00
13:00:00	118	19,08	0,00
13:01:00	119	19,08	0,00
13:02:00	118	19,08	0,00
13:03:00	118	19,08	0,00
13:04:00	118	19,08	0,00
13:05:00	118	19,08	0,00
13:06:00	119	19,08	0,00
13:07:00	118	19,08	0,00
13:08:00	118	19,08	0,00
13:09:00	118	19,08	0,00
13:10:00	118	19,08	0,00
13:11:00	119	19,08	0,00
13:12:00	118	19,08	0,00
13:13:00	118	19,08	0,00
13:14:00	119	19,08	0,00
13:15:00	118	19,08	0,00
13:16:00	118	19,08	0,00
13:17:00	119	19,08	0,00
13:18:00	118	19,08	0,00
13:19:00	119	19,08	0,00
13:20:00	118	19,08	0,00
13:21:00	118	19,08	0,00
13:22:00	118	19,08	0,00
13:23:00	119	19,08	0,00
13:24:00	119	19,08	0,00
13:25:00	118	19,08	0,00
13:26:00	118	19,08	0,00
13:27:00	118	19,08	0,00
13:28:00	119	19,08	0,00
13:29:00	118	19,08	0,00
13:30:00	118	19,08	0,00
13:31:00	118	19,08	0,00
13:32:00	119	19,08	0,00
13:33:00	118	19,08	0,00
13:34:00	118	19,08	0,00
13:35:00	118	19,08	0,00
13:36:00	119	19,08	0,00
13:37:00	119	19,08	0,00
13:38:00	118	19,08	0,00
13:39:00	118	19,08	0,00
13:40:00	118	19,08	0,00
13:41:00	118	19,08	0,00
13:42:00	118	19,08	0,00
13:43:00	118	19,08	0,00
13:44:00	118	19,08	0,00
13:45:00	119	19,08	0,00
13:46:00	119	19,08	0,00
13:47:00	118	19,08	0,00
13:48:00	118	19,08	0,00
13:49:00	119	19,08	0,00
13:50:00	118	19,08	0,00
13:51:00	119	19,08	0,00
13:52:00	118	19,08	0,00
13:53:00	118	19,08	0,00
13:54:00	118	19,08	0,00
13:55:00	119	19,08	0,00
13:56:00	118	19,08	0,00
13:57:00	118	19,09	0,00
13:58:00	118	19,08	0,00
13:59:00	118	19,09	0,00
14:00:00	119	19,08	0,00
14:01:00	118	19,08	0,00
14:02:00	118	19,08	0,00
14:03:00	118	19,08	0,00
14:04:00	118	19,09	0,00
14:05:00	118	19,08	0,00
14:06:00	119	19,08	0,00
14:07:00	118	19,08	0,00
14:08:00	118	19,08	0,00
14:09:00	119	19,08	0,00
14:10:00	118	19,08	0,00
14:11:00	119	19,08	0,00
14:12:00	118	19,08	0,00
14:13:00	118	19,08	0,00
14:14:00	118	19,08	0,00
14:15:00	119	19,08	0,00
14:16:00	118	19,08	0,00
14:17:00	118	19,08	0,00
14:18:00	118	19,08	0,00
14:19:00	118	19,08	0,00
14:20:00	118	19,08	0,00
14:21:00	118	19,08	0,00
14:22:00	118	19,08	0,00
14:23:00	119	19,08	0,00
14:24:00	118	19,08	0,00
14:25:00	118	19,08	0,00
14:26:00	118	19,09	0,00
14:27:00	118	19,08	0,00
14:28:00	118	19,09	0,00
14:29:00	118	19,08	0,00
14:30:00	118	19,08	0,00
14:31:00	119	19,08	0,00
14:32:00	118	19,08	0,00
14:33:00	119	19,08	0,00
14:34:00	119	19,09	0,00
14:35:00	118	19,08	0,00
14:36:00	118	19,08	0,00
14:37:00	119	19,09	0,00
14:38:00	119	19,08	0,00
14:39:00	118	19,08	0,00
14:40:00	119	19,09	0,00
14:41:00	118	19,09	0,00
14:42:00	119	19,09	0,00
14:43:00	118	19,08	0,00
14:44:00	118	19,09	0,00
14:45:00	118	19,09	0,00
14:46:00	118	19,08	0,00
14:47:00	118	19,09	0,00
14:48:00	118	19,08	0,00
14:49:00	118	19,09	0,00
14:50:00	118	19,09	0,00
14:51:00	118	19,09	0,00
14:52:00	118	19,08	0,00
14:53:00	118	19,09	0,00
14:54:00	118	19,08	0,00
14:55:00	118	19,09	0,00
14:56:00	118	19,09	0,00
14:57:00	118	19,09	0,00
14:58:00	118	19,08	0,00
14:59:00	118	19,09	0,00
15:00:00	118	19,09	0,00
15:01:00	118	19,09	0,00
15:02:00	118	19,08	0,00
15:03:00	118	19,09	0,00
15:04:00	118	19,09	0,00
15:05:00	119	19,09	0,00
15:06:00	118	19,09	0,00
15:07:00	119	19,09	0,00
15:08:00	118	19,09	0,00
15:09:00	118	19,09	0,00
15:10:00	118	19,08	0,00
15:11:00	119	19,09	0,00
15:12:00	118	19,09	0,00
15:13:00	118	19,09	0,00
15:14:00	119	19,09	0,00
15:15:00	118	19,09	0,00
15:16:00	118	19,09	0,00
15:17:00	118	19,09	0,00
15:18:00	118	19,09	0,00
15:19:00	118	19,09	0,00
15:20:00	118	19,09	0,00
15:21:00	118	19,09	0,00
15:22:00	119	19,09	0,00
15:23:00	118	19,09	0,00
15:24:00	118	19,09	0,00
15:25:00	118	19,09	0,00
15:26:00	119	19,09	0,00
15:27:00	119	19,09	0,00
15:28:00	119	19,09	0,00
15:29:00	119	19,09	0,00
15:30:00	118	19,09	0,00
15:31:00	118	19,09	0,00
15:32:00	118	19,09	0,00
15:33:00	118	19,09	0,00
15:34:00	118	19,09	0,00
15:35:00	118	19,09	0,00
15:36:00	119	19,09	0,00
15:37:00	118	19,09	0,00
15:38:00	118	19,09	0,00
15:39:00	118	19,09	0,00
15:40:00	118	19,09	0,00
15:41:00	118	19,09	0,00
15:42:00	119	19,09	0,00
15:43:00	118	19,09	0,00
15:44:00	118	19,09	0,00
15:45:00	118	19,09	0,00
15:46:00	119	19,09	0,00
15:47:00	118	19,09	0,00
15:48:00	118	19,09	0,00
15:49:00	119	19,09	0,00
15:50:00	118	19,09	0,00
15:51:00	119	19,09	0,00
15:52:00	119	19,09	0,00
15:53:00	118	19,09	0,00
15:54:00	119	19,09	0,00
15:55:00	119	19,09	0,00
15:56:00	118	19,09	0,00
15:57:00	118	19,08	0,00
15:58:00	118	19,09	0,00
15:59:00	118	19,09	0,00
16:00:00	118	19,08	0,00
16:01:00	118	19,08	0,00
16:02:00	118	19,09	0,00
16:03:00	118	19,09	0,00
16:04:00	119	19,08	0,00
16:05:00	118	19,08	0,00
16:06:00	119	19,08	0,00
16:07:00	119	19,08	0,00
16:08:00	119	19,08	0,00
16:09:00	119	19,08	0,00
16:10:00	119	19,09	0,00
16:11:00	119	19,08	0,00
16:12:00	119	19,08	0,00
16:13:00	118	19,08	0,00
16:14:00	118	19,08	0,00
16:15:00	118	19,08	0,00
16:16:00	119	19,08	0,00
16:17:00	118	19,08	0,00
16:18:00	119	19,08	0,00
16:19:00	119	19,08	0,00
16:20:00	118	19,08	0,00
16:21:00	119	19,08	0,00
16:22:00	118	19,08	0,00
16:23:00	118	19,08	0,00
16:24:00	118	19,08	0,00
16:25:00	119	19,08	0,00
16:26:00	118	19,08	0,00
16:27:00	118	19,08	0,00
16:28:00	118	19,08	0,00
16:29:00	118	19,08	0,00
16:30:00	118	19,08	0,00
16:31:00	118	19,08	0,00
16:32:00	118	19,08	0,00
16:33:00	118	19,08	0,00
16:34:00	118	19,08	0,00
16:35:00	118	19,09	0,00
16:36:00	119	19,09	0,00
16:37:00	118	19,08	0,00
16:38:00	118	19,09	0,00
16:39:00	118	19,09	0,00
16:40:00	118	19,09	0,00
16:41:00	119	19,09	0,00
16:42:00	119	19,09	0,00
16:43:00	118	19,09	0,00
16:44:00	119	19,09	0,00
16:45:00	118	19,10	0,00
16:46:00	118	19,10	0,00
16:47:00	118	19,10	0,00
16:48:00	119	19,10	0,00
16:49:00	119	19,10	0,00
16:50:00	118	19,10	0,00
16:51:00	119	19,11	0,00
16:52:00	119	19,11	0,00
16:53:00	119	19,11	0,00
16:54:00	119	19,04	0,00
16:55:00	119	19,04	0,00
16:56:00	119	19,04	0,00
16:57:00	119	19,04	0,00
16:58:00	119	19,04	0,00
16:59:00	118	19,05	0,00
17:00:00	118	19,05	0,00
17:01:00	118	19,05	0,00
17:02:00	119	19,05	0,00
17:03:00	118	19,05	0,00
17:04:00	118	19,05	0,00
17:05:00	119	19,05	0,00
17:06:00	118	19,04	0,00
17:07:00	118	19,05	0,00
17:08:00	118	19,04	0,00
17:09:00	118	19,05	0,00
17:10:00	118	19,05	0,00
17:11:00	118	19,05	0,00
17:12:00	118	19,05	0,00
17:13:00	118	19,05	0,00
17:14:00	118	19,05	0,00
17:15:00	119	19,04	0,00
17:16:00	119	19,05	0,00
17:17:00	118	19,05	0,00
17:18:00	118	19,04	0,00
17:19:00	118	19,04	0,00
17:20:00	118	19,05	0,00
17:21:00	118	19,05	0,00
17:22:00	118	19,04	0,00
17:23:00	119	19,04	0,00
17:24:00	118	19,05	0,00
17:25:00	118	19,04	0,00
17:26:00	119	19,04	0,00
17:27:00	119	19,05	0,00
17:28:00	119	19,04	0,00
17:29:00	118	19,04	0,00
17:30:00	118	19,05	0,00
17:31:00	118	19,04	0,00
17:32:00	119	19,04	0,00
17:33:00	118	19,05	0,00
17:34:00	118	19,05	0,00
17:35:00	118	19,05	0,00
17:36:00	118	19,04	0,00
17:37:00	118	19,05	0,00
17:38:00	118	19,05	0,00
17:39:00	118	19,04	0,00
17:40:00	118	19,05	0,00
17:41:00	118	19,04	0,00
17:42:00	118	18,96	0,00
17:43:00	118	18,96	0,00
17:44:00	118	18,96	0,00
17:45:00	118	18,96	0,00
17:46:00	118	18,96	0,00
17:47:00	118	18,96	0,00
17:48:00	118	18,96	0,00
17:49:00	118	18,96	0,00
17:50:00	118	18,96	0,00
17:51:00	118	18,96	0,00
17:52:00	118	18,96	0,00
17:53:00	118	18,96	0,00
17:54:00	118	18,96	0,00
17:55:00	118	18,96	0,00
17:56:00	118	18,96	0,00
17:57:00	118	18,96	0,00
17:58:00	118	18,96	0,00
17:59:00	118	18,96	0,00
18:00:00	118	18,96	0,00
18:01:00	118	18,96	0,00
18:02:00	118	18,96	0,00
18:03:00	119	18,96	0,00
18:04:00	119	18,96	0,00
18:05:00	119	18,96	0,00
18:06:00	118	18,96	0,00
18:07:00	119	18,96	0,00
18:08:00	118	18,96	0,00
18:09:00	118	18,96	0,00
18:10:00	119	18,96	0,00
18:11:00	118	18,96	0,00
18:12:00	119	18,96	0,00
18:13:00	118	18,96	0,00
18:14:00	118	18,96	0,00
18:15:00	118	18,96	0,00
18:16:00	119	18,96	0,00
18:17:00	119	18,96	0,00
18:18:00	118	18,96	0,00
18:19:00	119	18,96	0,00
18:20:00	119	18,96	0,00
18:21:00	118	18,96	0,00
18:22:00	118	18,96	0,00
18:23:00	119	18,96	0,00
18:24:00	119	18,96	0,00
18:25:00	119	18,96	0,00
18:26:00	119	18,96	0,00
18:27:00	119	18,96	0,00
18:28:00	119	18,96	0,00
18:29:00	119	18,96	0,00
18:30:00	118	18,96	0,00
18:31:00	119	18,96	0,00
18:32:00	119	18,96	0,00
18:33:00	119	18,96	0,00
18:34:00	118	18,96	0,00
18:35:00	118	18,96	0,00
18:36:00	118	18,96	0,00
18:37:00	119	18,96	0,00
18:38:00	119	18,96	0,00
18:39:00	118	18,95	0,00
18:40:00	119	18,96	0,00
18:41:00	119	18,96	0,00
18:42:00	118	18,96	0,00
18:43:00	119	18,96	0,00
18:44:00	119	18,96	0,00
18:45:00	118	18,96	0,00
18:46:00	119	18,96	0,00
18:47:00	119	18,96	0,00
18:48:00	118	18,96	0,00
18:49:00	118	18,96	0,00
18:50:00	118	18,96	0,00
18:51:00	118	18,96	0,00
18:52:00	119	18,96	0,00
18:53:00	119	18,96	0,00
18:54:00	119	18,96	0,00
18:55:00	118	18,96	0,00
18:56:00	118	18,96	0,00
18:57:00	118	18,96	0,00
18:58:00	118	18,96	0,00
18:59:00	118	18,96	0,00
19:00:00	119	18,96	0,00
19:01:00	118	18,96	0,00
19:02:00	118	18,96	0,00
19:03:00	118	18,96	0,00
19:04:00	119	18,96	0,00
19:05:00	118	18,96	0,00
19:06:00	119	18,96	0,00
19:07:00	118	18,96	0,00
19:08:00	118	18,96	0,00
19:09:00	119	18,96	0,00
19:10:00	119	18,96	0,00
19:11:00	119	18,96	0,00
19:12:00	119	18,96	0,00
19:13:00	119	18,96	0,00
19:14:00	118	18,96	0,00
19:15:00	119	18,96	0,00
19:16:00	119	18,96	0,00
19:17:00	119	18,96	0,00
19:18:00	118	18,96	0,00
19:19:00	118	18,96	0,00
19:20:00	118	18,96	0,00
19:21:00	118	18,96	0,00
19:22:00	119	18,96	0,00
19:23:00	119	18,96	0,00
19:24:00	118	18,96	0,00
19:25:00	118	18,96	0,00
19:26:00	118	18,96	0,00
19:27:00	119	18,96	0,00
19:28:00	119	18,96	0,00
19:29:00	119	18,96	0,00
19:30:00	118	18,96	0,00
19:31:00	118	18,96	0,00
19:32:00	118	18,97	0,00
19:33:00	118	18,97	0,00
19:34:00	118	18,96	0,00
19:35:00	119	18,96	0,00
19:36:00	118	18,96	0,00
19:37:00	119	18,96	0,00
19:38:00	118	18,96	0,00
19:39:00	119	18,96	0,00
19:40:00	119	18,96	0,00
19:41:00	119	18,96	0,00
19:42:00	119	18,96	0,00
19:43:00	118	18,96	0,00
19:44:00	118	18,96	0,00
19:45:00	118	18,96	0,00
19:46:00	119	18,96	0,00
19:47:00	119	18,96	0,00
19:48:00	118	18,96	0,00
19:49:00	118	18,96	0,00
19:50:00	118	18,96	0,00
19:51:00	118	18,96	0,00
19:52:00	119	18,96	0,00
19:53:00	119	18,96	0,00
19:54:00	119	18,96	0,00
19:55:00	119	18,96	0,00
19:56:00	118	18,96	0,00
19:57:00	118	18,96	0,00
19:58:00	118	18,96	0,00
19:59:00	119	18,96	0,00
20:00:00	118	18,96	0,00
20:01:00	118	18,96	0,00
20:02:00	118	18,96	0,00
20:03:00	119	18,96	0,00
20:04:00	118	18,96	0,00
20:05:00	119	18,96	0,00
20:06:00	118	18,96	0,00
20:07:00	118	18,96	0,00
20:08:00	118	18,96	0,00
20:09:00	118	18,97	0,00
20:10:00	118	18,97	0,00
20:11:00	118	18,96	0,00
20:12:00	118	18,96	0,00
20:13:00	118	18,96	0,00
20:14:00	118	18,96	0,00
20:15:00	118	18,97	0,00
20:16:00	119	18,97	0,00
20:17:00	118	18,96	0,00
20:18:00	118	18,96	0,00
20:19:00	119	18,97	0,00
20:20:00	119	18,96	0,00
20:21:00	118	19,71	0,00
20:22:00	118	19,11	0,00
20:23:00	118	19,14	0,00
20:24:00	119	19,18	0,00
20:25:00	119	19,20	0,00
20:26:00	119	19,23	0,00
20:27:00	119	18,96	0,00
20:28:00	119	18,96	0,00
20:29:00	119	18,97	0,00
20:30:00	119	18,98	0,00
20:31:00	119	18,97	0,00
20:32:00	119	18,99	0,00
20:33:00	119	18,96	0,00
20:34:00	119	18,99	0,00
20:35:00	119	19,00	0,00
20:36:00	119	19,02	0,00
20:37:00	119	19,03	0,00
20:38:00	119	19,05	0,00
20:39:00	119	19,05	0,00
20:40:00	119	19,06	0,00
20:41:00	118	19,06	0,00
20:42:00	119	19,05	0,00
20:43:00	119	19,05	0,00
20:44:00	119	19,05	0,00
20:45:00	119	19,04	0,00
20:46:00	119	19,03	0,00
20:47:00	118	19,02	0,00
20:48:00	119	19,02	0,00
20:49:00	119	19,02	0,00
20:50:00	119	19,01	0,00
20:51:00	119	19,00	0,00
20:52:00	119	18,99	0,00
20:53:00	119	18,98	0,00
20:54:00	119	18,97	0,00
20:55:00	119	18,97	0,00
20:56:00	119	18,96	0,00
20:57:00	119	18,96	0,00
20:58:00	118	18,96	0,00
20:59:00	119	18,96	0,00
21:00:00	119	18,96	0,00
21:01:00	119	18,97	0,00
21:02:00	119	18,97	0,00
21:03:00	119	18,98	0,00
21:04:00	118	18,99	0,00
21:05:00	119	18,99	0,00
21:06:00	119	19,00	0,00
21:07:00	119	19,01	0,00
21:08:00	119	19,02	0,00
21:09:00	119	19,03	0,00
21:10:00	119	19,04	0,00
21:11:00	119	19,05	0,00
21:12:00	119	19,06	0,00
21:13:00	119	19,07	0,00
21:14:00	119	19,08	0,00
21:15:00	119	19,08	0,00
21:16:00	119	19,09	0,00
21:17:00	118	19,10	0,00
21:18:00	119	19,11	0,00
21:19:00	119	19,11	0,00
21:20:00	119	19,11	0,00
21:21:00	119	19,12	0,00
21:22:00	119	19,13	0,00
21:23:00	119	19,14	0,00
21:24:00	119	19,14	0,00
21:25:00	119	19,14	0,00
21:26:00	118	19,15	0,00
21:27:00	118	19,15	0,00
21:28:00	119	19,16	0,00
21:29:00	119	19,17	0,00
21:30:00	119	19,17	0,00
21:31:00	118	19,17	0,00
21:32:00	119	19,17	0,00
21:33:00	119	19,18	0,00
21:34:00	118	19,18	0,00
21:35:00	119	19,19	0,00
21:36:00	118	19,19	0,00
21:37:00	118	19,20	0,00
21:38:00	119	18,95	0,00
21:39:00	119	18,96	0,00
21:40:00	119	18,97	0,00
21:41:00	118	18,97	0,00
21:42:00	119	18,99	0,00
21:43:00	119	18,96	0,00
21:44:00	118	18,96	0,00
21:45:00	118	18,96	0,00
21:46:00	119	18,97	0,00
21:47:00	118	18,98	0,00
21:48:00	119	18,99	0,00
21:49:00	118	18,96	0,00
21:50:00	118	18,96	0,00
21:51:00	118	18,97	0,00
21:52:00	118	18,98	0,00
21:53:00	118	18,99	0,00
21:54:00	119	18,99	0,00
21:55:00	119	18,96	0,00
21:56:00	119	18,96	0,00
21:57:00	118	18,97	0,00
21:58:00	118	18,97	0,00
21:59:00	118	18,98	0,00
22:00:00	118	18,99	0,00
22:01:00	118	18,99	0,00
22:02:00	118	19,00	0,00
22:03:00	119	19,01	0,00
22:04:00	119	19,02	0,00
22:05:00	119	19,02	0,00
22:06:00	119	19,02	0,00
22:07:00	119	19,02	0,00
22:08:00	119	19,03	0,00
22:09:00	119	19,03	0,00
22:10:00	119	19,04	0,00
22:11:00	119	19,05	0,00
22:12:00	119	19,05	0,00
22:13:00	119	19,05	0,00
22:14:00	119	19,06	0,00
22:15:00	119	19,06	0,00
22:16:00	119	19,07	0,00
22:17:00	119	19,08	0,00
22:18:00	119	19,08	0,00
22:19:00	119	19,08	0,00
22:20:00	119	19,08	0,00
22:21:00	119	19,09	0,00
22:22:00	119	19,10	0,00
22:23:00	119	19,10	0,00
22:24:00	119	19,11	0,00
22:25:00	119	19,11	0,00
22:26:00	119	19,11	0,00
22:27:00	119	19,12	0,00
22:28:00	118	19,12	0,00
22:29:00	119	19,13	0,00
22:30:00	119	19,13	0,00
22:31:00	119	19,14	0,00
22:32:00	119	19,14	0,00
22:33:00	118	19,14	0,00
22:34:00	119	19,14	0,00
22:35:00	119	19,15	0,00
22:36:00	119	19,15	0,00
22:37:00	119	19,16	0,00
22:38:00	118	19,16	0,00
22:39:00	119	19,17	0,00
22:40:00	119	19,17	0,00
22:41:00	119	19,17	0,00
22:42:00	119	19,18	0,00
22:43:00	119	19,18	0,00
22:44:00	119	19,19	0,00
22:45:00	119	19,19	0,00
22:46:00	119	19,20	0,00
22:47:00	118	19,20	0,00
22:48:00	119	19,20	0,00
22:49:00	119	19,20	0,00
22:50:00	119	19,20	0,00
22:51:00	119	19,20	0,00
22:52:00	119	19,21	0,00
22:53:00	119	19,21	0,00
22:54:00	119	19,22	0,00
22:55:00	119	19,22	0,00
22:56:00	119	19,22	0,00
22:57:00	119	19,23	0,00
22:58:00	119	19,23	0,00
22:59:00	119	19,23	0,00
23:00:00	119	19,24	0,00
23:01:00	119	19,24	0,00
23:02:00	119	19,25	0,00
23:03:00	119	19,25	0,00
23:04:00	119	19,26	0,00
23:05:00	118	19,26	0,00
23:06:00	119	19,26	0,00
23:07:00	119	19,26	0,00
23:08:00	118	19,27	0,00
23:09:00	119	19,27	0,00
23:10:00	119	19,28	0,00
23:11:00	119	19,28	0,00
23:12:00	119	19,29	0,00
23:13:00	118	19,29	0,00
23:14:00	119	19,29	0,00
23:15:00	119	19,29	0,00
23:16:00	119	19,30	0,00
23:17:00	118	19,30	0,00
23:18:00	119	19,31	0,00
23:19:00	119	19,31	0,00
23:20:00	119	19,32	0,00
23:21:00	119	19,32	0,00
23:22:00	119	19,32	0,00
23:23:00	119	19,32	0,00
23:24:00	119	19,32	0,00
23:25:00	119	19,33	0,00
23:26:00	119	19,33	0,00
23:27:00	119	19,34	0,00
23:28:00	119	19,34	0,00
23:29:00	119	19,35	0,00
23:30:00	119	19,35	0,00
23:31:00	119	19,35	0,00
23:32:00	119	19,35	0,00
23:33:00	119	19,35	0,00
23:34:00	119	19,36	0,00
23:35:00	118	19,36	0,00
23:36:00	118	19,36	0,00
23:37:00	119	19,37	0,00
23:38:00	119	19,37	0,00
23:39:00	119	19,38	0,00
23:40:00	119	19,37	0,00
23:41:00	119	19,38	0,00
23:42:00	119	19,38	0,00
23:43:00	119	19,38	0,00
23:44:00	119	19,38	0,00
23:45:00	119	19,38	0,00
23:46:00	119	19,39	0,00
23:47:00	119	19,39	0,00
23:48:00	118	19,40	0,00
23:49:00	118	19,40	0,00
23:50:00	118	19,40	0,00
23:51:00	119	19,29	0,00
23:52:00	118	19,30	0,00
23:53:00	119	19,30	0,00
23:54:00	119	18,96	0,00
23:55:00	119	18,98	0,00
23:56:00	118	18,99	0,00
23:57:00	119	19,01	0,00
23:58:00	118	19,02	0,00
23:59:00	119	19,03	0,00
24:00:00	119	19,04	0,00
24:01:00	119	19,05	0,00
24:02:00	119	19,06	0,00
24:03:00	119	19,06	0,00
24:04:00	119	19,07	0,00
24:05:00	119	19,08	0,00
24:06:00	119	19,08	0,00
24:07:00	119	19,09	0,00
24:08:00	118	19,10	0,00
24:09:00	118	19,10	0,00
24:10:00	118	19,11	0,00
24:11:00	118	19,11	0,00
24:12:00	118	19,11	0,00
24:13:00	118	19,12	0,00
24:14:00	118	19,12	0,00
24:15:00	119	19,12	0,00
24:16:00	118	19,12	0,00
24:17:00	119	19,12	0,00
24:18:00	119	19,13	0,00
24:19:00	119	19,14	0,00
24:20:00	119	19,14	0,00
24:21:00	119	19,15	0,00
24:22:00	118	19,15	0,00
24:23:00	118	19,16	0,00
24:24:00	118	19,16	0,00
24:25:00	119	19,17	0,00
24:26:00	118	19,17	0,00
24:27:00	119	19,17	0,00
24:28:00	119	18,99	0,00
24:29:00	119	18,99	0,00
24:30:00	119	18,99	0,00
24:31:00	118	18,99	0,00
24:32:00	118	18,99	0,00
24:33:00	119	18,99	0,00
24:34:00	118	18,99	0,00
24:35:00	118	19,00	0,00
24:36:00	118	18,99	0,00
24:37:00	118	19,00	0,00
24:38:00	118	18,99	0,00
24:39:00	118	18,99	0,00
24:40:00	118	18,99	0,00
24:41:00	118	19,00	0,00
24:42:00	118	19,00	0,00
24:43:00	118	18,99	0,00
24:44:00	119	19,00	0,00
24:45:00	118	19,00	0,00
24:46:00	118	19,00	0,00
24:47:00	118	19,00	0,00
24:48:00	119	19,00	0,00
24:49:00	119	19,01	0,00
24:50:00	118	19,02	0,00
24:51:00	118	19,03	0,00
24:52:00	118	19,04	0,00
24:53:00	119	19,05	0,00
24:54:00	118	19,05	0,00
24:55:00	118	19,06	0,00
24:56:00	119	19,07	0,00
24:57:00	118	19,08	0,00
24:58:00	118	19,08	0,00
24:59:00	118	19,09	0,00
25:00:00	119	19,10	0,00
25:01:00	119	19,11	0,00
25:02:00	119	19,11	0,00
25:03:00	118	19,12	0,00
25:04:00	118	19,12	0,00
25:05:00	119	19,13	0,00
25:06:00	119	19,14	0,00
25:07:00	119	19,14	0,00
25:08:00	119	19,14	0,00
25:09:00	119	19,15	0,00
25:10:00	119	19,16	0,00
25:11:00	119	19,17	0,00
25:12:00	119	19,17	0,00
25:13:00	119	19,18	0,00
25:14:00	119	19,18	0,00
25:15:00	118	19,19	0,00
25:16:00	119	19,20	0,00
25:17:00	119	19,20	0,00
25:18:00	119	18,96	0,00
25:19:00	119	18,96	0,00
25:20:00	119	18,96	0,00
25:21:00	118	18,96	0,00
25:22:00	118	18,96	0,00
