--Test Summary--
Full Path and File Name	
Instrument Name	UCA Left Cell
Instrument Type	Model 4262 Twin Cell UCA
Instrument Serial Number	
Test Start Date	03.10.2017
Test Start Time	10:56:54
Test Stop Date	04.10.2017
Test Stop Time	8:58:17
Test Length	22:01:23
Final Sample Time Offset	22:01:00
Controller Schedule Name	
Sampling Period	30 seconds
Comments	
Information	WellID	
Information	Customer	
Information	EngName	
Information	CementClass	G
Information	CementMfr	
Information	Additives	100G+100Gipsum+0.3À +0.25DAF
Information	Density	1870
Information	BHCT	4
Information	BHST	
Information	FluidLoss	
Information	JobType	
Calculated Value	CS_50	3:39:30
Calculated Value	CS_500	10:52:00
Calculated Value	CS_Time8h	0,57 MPa
Calculated Value	CS_Time12h	3,85 MPa
Calculated Value	CS_Time24h	N/A
Calculated Value	CS_Time48h	N/A
Calculated Value	CS_Time72h	N/A
Calculated Curve	Compressive Strength	Compressive strength type B (more than 14 lb/gal)
Initial Temperature (∞C)	17 ∞C
Final Temperature (∞C)	3 ∞C
Initial Transit Time (microsec/in)	ERROR
Final Transit Time (microsec/in)	11,50 microsec/in
Initial Compressive Strength (MPa)	N/A
Final Compressive Strength (MPa)	4,60 MPa
--Data--
Time (HH:MM:SS)	Temperature (∞C)	Transit Time (microsec/in)	Compressive Strength (MPa)
0:00:00	17		
0:00:30	17		
0:01:00	17		
0:01:30	16		
0:02:00	16		
0:02:30	16		
0:03:00	16		
0:03:30	16		
0:04:00	16		
0:04:30	15	21,93	0,00
0:05:00	15		
0:05:30	15	21,96	0,00
0:06:00	15		
0:06:30	15	21,98	0,00
0:07:00	14	22,00	0,00
0:07:30	14	22,01	0,00
0:08:00	14		
0:08:30	14	22,02	0,00
0:09:00	14		
0:09:30	14	22,05	0,00
0:10:00	13	22,06	0,00
0:10:30	13	22,07	0,00
0:11:00	13	22,08	0,00
0:11:30	13	22,09	0,00
0:12:00	13	22,11	0,00
0:12:30	13	22,11	0,00
0:13:00	13	22,13	0,00
0:13:30	12	22,13	0,00
0:14:00	12	22,14	0,00
0:14:30	12	22,15	0,00
0:15:00	12	22,16	0,00
0:15:30	12	22,18	0,00
0:16:00	12	22,18	0,00
0:16:30	11	22,18	0,00
0:17:00	11	22,19	0,00
0:17:30	11	22,20	0,00
0:18:00	11	22,22	0,00
0:18:30	11	22,22	0,00
0:19:00	11	22,23	0,00
0:19:30	11	22,24	0,00
0:20:00	11	22,25	0,00
0:20:30	10	22,26	0,00
0:21:00	10	22,26	0,00
0:21:30	10	22,27	0,00
0:22:00	10	22,28	0,00
0:22:30	10	22,29	0,00
0:23:00	10	22,30	0,00
0:23:30	10	22,30	0,00
0:24:00	10	22,31	0,00
0:24:30	10	22,28	0,00
0:25:00	9	22,29	0,00
0:25:30	9	22,30	0,00
0:26:00	9	22,30	0,00
0:26:30	9	22,31	0,00
0:27:00	9	22,32	0,00
0:27:30	9	22,32	0,00
0:28:00	9	22,34	0,00
0:28:30	9	22,34	0,00
0:29:00	9	22,35	0,00
0:29:30	9	22,36	0,00
0:30:00	8	22,36	0,00
0:30:30	8	22,37	0,00
0:31:00	8	22,37	0,00
0:31:30	8	22,37	0,00
0:32:00	8	22,38	0,00
0:32:30	8	22,38	0,00
0:33:00	8	22,40	0,00
0:33:30	8	22,40	0,00
0:34:00	8	22,41	0,00
0:34:30	8	22,41	0,00
0:35:00	8	22,42	0,00
0:35:30	8	22,42	0,00
0:36:00	7	22,42	0,00
0:36:30	7		
0:37:00	7	22,43	0,00
0:37:30	7	22,43	0,00
0:38:00	7	22,44	0,00
0:38:30	7	22,44	0,00
0:39:00	7	22,45	0,00
0:39:30	7	22,46	0,00
0:40:00	7	22,46	0,00
0:40:30	7	22,46	0,00
0:41:00	7	22,47	0,00
0:41:30	7	22,48	0,00
0:42:00	7	22,48	0,00
0:42:30	7	22,48	0,00
0:43:00	7	22,49	0,00
0:43:30	6	22,48	0,00
0:44:00	6	22,50	0,00
0:44:30	6	22,50	0,00
0:45:00	6	22,50	0,00
0:45:30	6	22,51	0,00
0:46:00	6	22,51	0,00
0:46:30	6	22,52	0,00
0:47:00	6	22,52	0,00
0:47:30	6	22,54	0,00
0:48:00	6	22,54	0,00
0:48:30	6	22,54	0,00
0:49:00	6	22,54	0,00
0:49:30	6	22,55	0,00
0:50:00	6	22,54	0,00
0:50:30	6	22,55	0,00
0:51:00	6	22,55	0,00
0:51:30	6	22,55	0,00
0:52:00	6	22,56	0,00
0:52:30	6	22,56	0,00
0:53:00	6	22,56	0,00
0:53:30	6	22,57	0,00
0:54:00	6	22,58	0,00
0:54:30	6	22,58	0,00
0:55:00	5	22,58	0,00
0:55:30	5	22,58	0,00
0:56:00	5	22,59	0,00
0:56:30	5	22,59	0,00
0:57:00	5	22,60	0,00
0:57:30	5	22,59	0,00
0:58:00	5	22,60	0,00
0:58:30	5	22,60	0,00
0:59:00	5	22,60	0,00
0:59:30	5	22,60	0,00
1:00:00	5	22,61	0,00
1:00:30	5	22,61	0,00
1:01:00	5	22,61	0,00
1:01:30	5	22,62	0,00
1:02:00	5	22,62	0,00
1:02:30	5	22,62	0,00
1:03:00	5	22,62	0,00
1:03:30	5	22,62	0,00
1:04:00	5	22,62	0,00
1:04:30	5	22,62	0,00
1:05:00	5	22,62	0,00
1:05:30	5	22,62	0,00
1:06:00	5	22,63	0,00
1:06:30	5	22,63	0,00
1:07:00	5	22,63	0,00
1:07:30	5	22,63	0,00
1:08:00	5	22,63	0,00
1:08:30	5	22,64	0,00
1:09:00	5	22,63	0,00
1:09:30	5	22,63	0,00
1:10:00	5	22,64	0,00
1:10:30	5	22,64	0,00
1:11:00	5	22,64	0,00
1:11:30	5	22,65	0,00
1:12:00	5	22,65	0,00
1:12:30	5	22,65	0,00
1:13:00	5	22,65	0,00
1:13:30	5	22,65	0,00
1:14:00	5	22,65	0,00
1:14:30	5	22,65	0,00
1:15:00	4	22,65	0,00
1:15:30	5	22,65	0,00
1:16:00	4		
1:16:30	4	22,65	0,00
1:17:00	4	22,65	0,00
1:17:30	4	22,65	0,00
1:18:00	4		
1:18:30	4	22,65	0,00
1:19:00	4	22,66	0,00
1:19:30	4	22,66	0,00
1:20:00	4	22,65	0,00
1:20:30	4	22,65	0,00
1:21:00	4	22,65	0,00
1:21:30	4	22,66	0,00
1:22:00	4	22,65	0,00
1:22:30	4	22,65	0,00
1:23:00	4	22,65	0,00
1:23:30	4	22,65	0,00
1:24:00	4		
1:24:30	4		
1:25:00	4		
1:25:30	4	22,65	0,00
1:26:00	4		
1:26:30	4		
1:27:00	4		
1:27:30	4	22,65	0,00
1:28:00	4	22,65	0,00
1:28:30	4	22,65	0,00
1:29:00	4	22,65	0,00
1:29:30	4	22,65	0,00
1:30:00	4		
1:30:30	4	22,65	0,00
1:31:00	4	22,65	0,00
1:31:30	4	22,65	0,00
1:32:00	4	22,65	0,00
1:32:30	4		
1:33:00	4	22,65	0,00
1:33:30	4	22,65	0,00
1:34:00	4	22,65	0,00
1:34:30	4	22,65	0,00
1:35:00	4		
1:35:30	4	22,65	0,00
1:36:00	4	22,65	0,00
1:36:30	4	22,65	0,00
1:37:00	4	22,65	0,00
1:37:30	4	22,65	0,00
1:38:00	4	22,65	0,00
1:38:30	4		
1:39:00	4	22,65	0,00
1:39:30	4	22,64	0,00
1:40:00	4		
1:40:30	4	22,65	0,00
1:41:00	4	22,64	0,00
1:41:30	4	22,65	0,00
1:42:00	4	22,65	0,00
1:42:30	4	22,65	0,00
1:43:00	4		
1:43:30	4	22,65	0,00
1:44:00	4	22,65	0,00
1:44:30	4	22,64	0,00
1:45:00	4	22,65	0,00
1:45:30	4	22,65	0,00
1:46:00	4	22,65	0,00
1:46:30	4	22,65	0,00
1:47:00	4	22,65	0,00
1:47:30	4	22,65	0,00
1:48:00	4	22,65	0,00
1:48:30	4	22,66	0,00
1:49:00	3	22,66	0,00
1:49:30	4	22,65	0,00
1:50:00	4	22,65	0,00
1:50:30	3	22,66	0,00
1:51:00	3	22,65	0,00
1:51:30	3	22,65	0,00
1:52:00	3	22,65	0,00
1:52:30	3	22,65	0,00
1:53:00	3	22,66	0,00
1:53:30	3	22,65	0,00
1:54:00	3	22,66	0,00
1:54:30	3		
1:55:00	3	22,65	0,00
1:55:30	3	22,65	0,00
1:56:00	3	22,66	0,00
1:56:30	3	22,66	0,00
1:57:00	3	22,65	0,00
1:57:30	3	22,66	0,00
1:58:00	3	22,66	0,00
1:58:30	3	22,66	0,00
1:59:00	3	22,66	0,00
1:59:30	3	22,66	0,00
2:00:00	3	22,66	0,00
2:00:30	3	22,66	0,00
2:01:00	3	22,65	0,00
2:01:30	3	22,66	0,00
2:02:00	3	22,66	0,00
2:02:30	3	22,66	0,00
2:03:00	3	22,65	0,00
2:03:30	3	22,66	0,00
2:04:00	3	22,66	0,00
2:04:30	3	22,67	0,00
2:05:00	3	22,67	0,00
2:05:30	3	22,67	0,00
2:06:00	3	22,67	0,00
2:06:30	3	22,67	0,00
2:07:00	3	22,67	0,00
2:07:30	3		
2:08:00	3	22,68	0,00
2:08:30	3	22,68	0,00
2:09:00	3	22,68	0,00
2:09:30	3	22,68	0,00
2:10:00	3	22,68	0,00
2:10:30	3	22,68	0,00
2:11:00	3	22,68	0,00
2:11:30	3	22,68	0,00
2:12:00	3	22,64	0,00
2:12:30	3	22,64	0,00
2:13:00	3	22,64	0,00
2:13:30	3	22,64	0,00
2:14:00	3	22,65	0,00
2:14:30	3	22,65	0,00
2:15:00	3	22,65	0,00
2:15:30	3	22,65	0,00
2:16:00	3	22,65	0,00
2:16:30	3	22,65	0,00
2:17:00	3	22,65	0,00
2:17:30	3	22,65	0,00
2:18:00	3	22,65	0,00
2:18:30	3	22,65	0,00
2:19:00	3	22,65	0,00
2:19:30	3	22,65	0,00
2:20:00	3	22,65	0,00
2:20:30	3	22,65	0,00
2:21:00	3	22,65	0,00
2:21:30	3	22,65	0,00
2:22:00	3	22,65	0,00
2:22:30	3	22,65	0,00
2:23:00	3	22,66	0,00
2:23:30	3	22,65	0,00
2:24:00	3	22,65	0,00
2:24:30	3	22,65	0,00
2:25:00	3	22,66	0,00
2:25:30	3	22,65	0,00
2:26:00	3	22,65	0,00
2:26:30	3	22,65	0,00
2:27:00	3	22,66	0,00
2:27:30	3	22,66	0,00
2:28:00	3	22,66	0,00
2:28:30	3	22,66	0,00
2:29:00	3	22,66	0,00
2:29:30	3	22,66	0,00
2:30:00	3	22,66	0,00
2:30:30	3	22,66	0,00
2:31:00	3	22,66	0,00
2:31:30	3	22,66	0,00
2:32:00	3	22,66	0,00
2:32:30	3	22,66	0,00
2:33:00	3	22,67	0,00
2:33:30	3	22,67	0,00
2:34:00	3	21,66	0,01
2:34:30	3	21,66	0,01
2:35:00	3	21,66	0,01
2:35:30	3	21,67	0,01
2:36:00	3	21,66	0,01
2:36:30	3	21,66	0,01
2:37:00	3	21,67	0,01
2:37:30	3	21,67	0,01
2:38:00	3	21,66	0,01
2:38:30	3	21,67	0,01
2:39:00	3	21,67	0,01
2:39:30	3	21,67	0,01
2:40:00	3	21,67	0,01
2:40:30	3	21,67	0,01
2:41:00	3	21,67	0,01
2:41:30	3	21,67	0,01
2:42:00	3	21,67	0,01
2:42:30	3	21,67	0,01
2:43:00	3	21,67	0,01
2:43:30	3	21,67	0,01
2:44:00	3	21,67	0,01
2:44:30	3	21,68	0,01
2:45:00	3	21,67	0,01
2:45:30	3	21,67	0,01
2:46:00	3	21,67	0,01
2:46:30	3	21,68	0,01
2:47:00	3	21,67	0,01
2:47:30	3	21,67	0,01
2:48:00	3	21,67	0,01
2:48:30	3	21,68	0,01
2:49:00	3	21,68	0,01
2:49:30	3	21,67	0,01
2:50:00	3	21,68	0,01
2:50:30	3	21,68	0,01
2:51:00	3	17,76	0,41
2:51:30	3	22,68	0,00
2:52:00	3	22,68	0,00
2:52:30	3	22,68	0,00
2:53:00	3	22,68	0,00
2:53:30	3	22,68	0,00
2:54:00	3	22,68	0,00
2:54:30	3	22,68	0,00
2:55:00	3	22,68	0,00
2:55:30	3	22,68	0,00
2:56:00	3	22,68	0,00
2:56:30	3	22,68	0,00
2:57:00	3	22,68	0,00
2:57:30	3		
2:58:00	3	22,68	0,00
2:58:30	3	22,68	0,00
2:59:00	3	22,68	0,00
2:59:30	3	22,68	0,00
3:00:00	3	22,68	0,00
3:00:30	3	22,68	0,00
3:01:00	3	22,68	0,00
3:01:30	3	22,68	0,00
3:02:00	3	22,68	0,00
3:02:30	3	22,68	0,00
3:03:00	3	22,68	0,00
3:03:30	3	22,68	0,00
3:04:00	3	22,68	0,00
3:04:30	3	22,68	0,00
3:05:00	3	22,68	0,00
3:05:30	3	22,68	0,00
3:06:00	3	22,68	0,00
3:06:30	3	22,68	0,00
3:07:00	3	22,68	0,00
3:07:30	3	22,68	0,00
3:08:00	3	22,68	0,00
3:08:30	3	22,68	0,00
3:09:00	3	22,68	0,00
3:09:30	3	22,68	0,00
3:10:00	3	22,68	0,00
3:10:30	3	22,68	0,00
3:11:00	3	22,68	0,00
3:11:30	3	22,68	0,00
3:12:00	3	22,68	0,00
3:12:30	3	22,68	0,00
3:13:00	3	22,68	0,00
3:13:30	3	22,68	0,00
3:14:00	3	22,68	0,00
3:14:30	3	22,69	0,00
3:15:00	3	22,68	0,00
3:15:30	3	22,68	0,00
3:16:00	3	22,69	0,00
3:16:30	3	22,69	0,00
3:17:00	3	22,69	0,00
3:17:30	3	22,69	0,00
3:18:00	3	22,69	0,00
3:18:30	3	22,69	0,00
3:19:00	3	22,69	0,00
3:19:30	3	22,69	0,00
3:20:00	3	22,69	0,00
3:20:30	3	22,69	0,00
3:21:00	3	22,69	0,00
3:21:30	3	22,69	0,00
3:22:00	3	22,69	0,00
3:22:30	3	22,69	0,00
3:23:00	3	22,69	0,00
3:23:30	3	22,69	0,00
3:24:00	3	22,69	0,00
3:24:30	3	22,69	0,00
3:25:00	3	22,69	0,00
3:25:30	3	22,70	0,00
3:26:00	3	22,69	0,00
3:26:30	3	22,70	0,00
3:27:00	3	22,69	0,00
3:27:30	3	22,69	0,00
3:28:00	3	22,69	0,00
3:28:30	3	22,69	0,00
3:29:00	3	22,70	0,00
3:29:30	3	22,69	0,00
3:30:00	3	22,69	0,00
3:30:30	3	22,69	0,00
3:31:00	3	22,69	0,00
3:31:30	3	22,69	0,00
3:32:00	3	22,69	0,00
3:32:30	3	22,70	0,00
3:33:00	3	22,69	0,00
3:33:30	3	22,69	0,00
3:34:00	3	22,69	0,00
3:34:30	3	22,69	0,00
3:35:00	3	22,69	0,00
3:35:30	3	22,69	0,00
3:36:00	3	22,69	0,00
3:36:30	3	22,69	0,00
3:37:00	3	22,69	0,00
3:37:30	3	22,69	0,00
3:38:00	3	22,69	0,00
3:38:30	3	22,69	0,00
3:39:00	3	17,77	0,40
3:39:30	3	17,77	0,40
3:40:00	3	17,77	0,40
3:40:30	3	17,77	0,40
3:41:00	3	17,77	0,40
3:41:30	3		
3:42:00	3	22,69	0,00
3:42:30	3	22,69	0,00
3:43:00	3	22,69	0,00
3:43:30	3		
3:44:00	3		
3:44:30	3	17,77	0,40
3:45:00	3	17,76	0,41
3:45:30	3	17,77	0,40
3:46:00	3		
3:46:30	3	17,77	0,40
3:47:00	3	22,69	0,00
3:47:30	3	22,68	0,00
3:48:00	3	22,69	0,00
3:48:30	3	22,69	0,00
3:49:00	3	22,69	0,00
3:49:30	3	22,69	0,00
3:50:00	3	22,68	0,00
3:50:30	3	22,68	0,00
3:51:00	3	22,69	0,00
3:51:30	3	22,68	0,00
3:52:00	3	22,68	0,00
3:52:30	3	22,68	0,00
3:53:00	3	22,69	0,00
3:53:30	3	22,69	0,00
3:54:00	3	22,69	0,00
3:54:30	3	22,69	0,00
3:55:00	3	22,69	0,00
3:55:30	3	22,69	0,00
3:56:00	3	22,69	0,00
3:56:30	3	22,69	0,00
3:57:00	3	22,69	0,00
3:57:30	3	22,69	0,00
3:58:00	3	22,69	0,00
3:58:30	3	22,70	0,00
3:59:00	3	22,69	0,00
3:59:30	3	22,69	0,00
4:00:00	3	22,69	0,00
4:00:30	3	22,69	0,00
4:01:00	3	22,69	0,00
4:01:30	3	22,69	0,00
4:02:00	3	22,69	0,00
4:02:30	3	22,69	0,00
4:03:00	3	22,69	0,00
4:03:30	3	22,69	0,00
4:04:00	3	22,69	0,00
4:04:30	3	22,69	0,00
4:05:00	3	22,69	0,00
4:05:30	3	22,69	0,00
4:06:00	3	22,69	0,00
4:06:30	3	22,69	0,00
4:07:00	3	22,69	0,00
4:07:30	3	22,69	0,00
4:08:00	3	22,69	0,00
4:08:30	3	22,69	0,00
4:09:00	3	22,69	0,00
4:09:30	3	22,69	0,00
4:10:00	3	22,69	0,00
4:10:30	3	22,69	0,00
4:11:00	3	22,69	0,00
4:11:30	3	22,69	0,00
4:12:00	3	22,69	0,00
4:12:30	3	22,69	0,00
4:13:00	3	22,69	0,00
4:13:30	3	22,69	0,00
4:14:00	3	22,69	0,00
4:14:30	3	22,69	0,00
4:15:00	3	17,76	0,41
4:15:30	3	17,77	0,40
4:16:00	3	17,77	0,40
4:16:30	3		
4:17:00	3	17,77	0,40
4:17:30	3	17,77	0,40
4:18:00	3	17,77	0,40
4:18:30	3	17,77	0,40
4:19:00	3	17,77	0,40
4:19:30	3	17,77	0,40
4:20:00	3	17,76	0,41
4:20:30	3	17,77	0,40
4:21:00	3	17,77	0,40
4:21:30	3	17,77	0,40
4:22:00	3	17,76	0,41
4:22:30	3	17,76	0,41
4:23:00	3	17,76	0,41
4:23:30	3	17,77	0,40
4:24:00	3	17,76	0,41
4:24:30	3	17,76	0,41
4:25:00	3	17,76	0,41
4:25:30	3	17,76	0,41
4:26:00	3	17,76	0,41
4:26:30	3	17,76	0,41
4:27:00	3	17,77	0,40
4:27:30	3	17,76	0,41
4:28:00	3	17,76	0,41
4:28:30	3	17,76	0,41
4:29:00	3	17,76	0,41
4:29:30	3	17,75	0,41
4:30:00	3	17,76	0,41
4:30:30	3	17,76	0,41
4:31:00	3	17,75	0,41
4:31:30	3	17,75	0,41
4:32:00	3	17,75	0,41
4:32:30	3	17,75	0,41
4:33:00	3	17,76	0,41
4:33:30	3	17,75	0,41
4:34:00	3	17,76	0,41
4:34:30	3	17,76	0,41
4:35:00	3	17,76	0,41
4:35:30	3	17,76	0,41
4:36:00	3	17,76	0,41
4:36:30	3	17,76	0,41
4:37:00	3	17,76	0,41
4:37:30	3	17,77	0,40
4:38:00	3	17,76	0,41
4:38:30	3	17,76	0,41
4:39:00	3	17,76	0,41
4:39:30	3	17,76	0,41
4:40:00	3	17,76	0,41
4:40:30	3	17,76	0,41
4:41:00	3	17,76	0,41
4:41:30	3	17,76	0,41
4:42:00	3	17,76	0,41
4:42:30	3	17,76	0,41
4:43:00	3	17,76	0,41
4:43:30	3	17,75	0,41
4:44:00	3	17,76	0,41
4:44:30	3	17,76	0,41
4:45:00	3	17,76	0,41
4:45:30	3	17,77	0,40
4:46:00	3	17,76	0,41
4:46:30	3	17,76	0,41
4:47:00	3	17,76	0,41
4:47:30	3	17,76	0,41
4:48:00	3	17,76	0,41
4:48:30	3	17,75	0,41
4:49:00	3	17,76	0,41
4:49:30	3	17,75	0,41
4:50:00	3	17,75	0,41
4:50:30	3	17,76	0,41
4:51:00	3	17,76	0,41
4:51:30	3	17,75	0,41
4:52:00	3	17,75	0,41
4:52:30	3	17,75	0,41
4:53:00	3	17,75	0,41
4:53:30	3	17,75	0,41
4:54:00	3	17,75	0,41
4:54:30	3	17,75	0,41
4:55:00	3	17,75	0,41
4:55:30	3	17,75	0,41
4:56:00	3	17,75	0,41
4:56:30	3	17,75	0,41
4:57:00	3	17,75	0,41
4:57:30	3	17,75	0,41
4:58:00	3	17,75	0,41
4:58:30	3	17,74	0,41
4:59:00	3	17,75	0,41
4:59:30	3	17,75	0,41
5:00:00	3	17,75	0,41
5:00:30	3	17,74	0,41
5:01:00	3	17,75	0,41
5:01:30	3	17,75	0,41
5:02:00	3	17,74	0,41
5:02:30	3	17,74	0,41
5:03:00	3	17,74	0,41
5:03:30	3	17,73	0,41
5:04:00	3	17,73	0,41
5:04:30	3	17,74	0,41
5:05:00	3	17,74	0,41
5:05:30	3	17,74	0,41
5:06:00	3	17,74	0,41
5:06:30	3	17,73	0,41
5:07:00	3	17,73	0,41
5:07:30	3	17,73	0,41
5:08:00	3	17,73	0,41
5:08:30	3	17,73	0,41
5:09:00	3	17,73	0,41
5:09:30	3	17,73	0,41
5:10:00	3	17,73	0,41
5:10:30	3	17,73	0,41
5:11:00	3	17,73	0,41
5:11:30	3	17,73	0,41
5:12:00	3	17,73	0,41
5:12:30	3	17,73	0,41
5:13:00	3	17,73	0,41
5:13:30	3	17,73	0,41
5:14:00	3	17,73	0,41
5:14:30	3	17,73	0,41
5:15:00	3	17,73	0,41
5:15:30	3	17,73	0,41
5:16:00	3	17,73	0,41
5:16:30	3	17,73	0,41
5:17:00	3	17,73	0,41
5:17:30	3	17,73	0,41
5:18:00	3	17,73	0,41
5:18:30	3	17,73	0,41
5:19:00	3	17,73	0,41
5:19:30	3	17,73	0,41
5:20:00	3	17,73	0,41
5:20:30	3	17,73	0,41
5:21:00	3	17,73	0,41
5:21:30	3	17,73	0,41
5:22:00	3	17,73	0,41
5:22:30	3	17,73	0,41
5:23:00	3	17,73	0,41
5:23:30	3	17,73	0,41
5:24:00	3	17,72	0,41
5:24:30	3	17,73	0,41
5:25:00	3	17,73	0,41
5:25:30	3	17,73	0,41
5:26:00	3	17,73	0,41
5:26:30	3	17,72	0,41
5:27:00	3	17,72	0,41
5:27:30	3	17,73	0,41
5:28:00	3	17,72	0,41
5:28:30	3	17,72	0,41
5:29:00	3	17,72	0,41
5:29:30	3	17,69	0,42
5:30:00	3	17,69	0,42
5:30:30	3	17,69	0,42
5:31:00	3	17,69	0,42
5:31:30	3	17,69	0,42
5:32:00	3	17,69	0,42
5:32:30	3	17,68	0,42
5:33:00	3	17,68	0,42
5:33:30	3	17,69	0,42
5:34:00	3	17,69	0,42
5:34:30	3	17,68	0,42
5:35:00	3	17,68	0,42
5:35:30	3	17,68	0,42
5:36:00	3	17,68	0,42
5:36:30	3	17,68	0,42
5:37:00	3	17,68	0,42
5:37:30	3	17,68	0,42
5:38:00	3	17,68	0,42
5:38:30	3	17,68	0,42
5:39:00	3	17,67	0,42
5:39:30	3	17,68	0,42
5:40:00	3	17,68	0,42
5:40:30	3	17,67	0,42
5:41:00	3	17,67	0,42
5:41:30	3	17,67	0,42
5:42:00	3	17,67	0,42
5:42:30	3	17,67	0,42
5:43:00	3	17,67	0,42
5:43:30	3	17,67	0,42
5:44:00	3	17,67	0,42
5:44:30	3	17,65	0,42
5:45:00	3	17,67	0,42
5:45:30	3	17,66	0,42
5:46:00	3	17,66	0,42
5:46:30	3	17,66	0,42
5:47:00	3		
5:47:30	3	17,65	0,42
5:48:00	3	17,64	0,43
5:48:30	3	17,65	0,42
5:49:00	3	17,65	0,42
5:49:30	3	17,64	0,43
5:50:00	3	17,65	0,42
5:50:30	3		
5:51:00	3	17,64	0,43
5:51:30	3	17,64	0,43
5:52:00	3	17,64	0,43
5:52:30	3	17,64	0,43
5:53:00	3	17,64	0,43
5:53:30	3	17,64	0,43
5:54:00	3	17,64	0,43
5:54:30	3	17,64	0,43
5:55:00	3	17,64	0,43
5:55:30	3	17,64	0,43
5:56:00	3	17,64	0,43
5:56:30	3	17,64	0,43
5:57:00	3	17,64	0,43
5:57:30	3	17,64	0,43
5:58:00	3	17,64	0,43
5:58:30	3	17,64	0,43
5:59:00	3	17,63	0,43
5:59:30	3	17,63	0,43
6:00:00	3	17,63	0,43
6:00:30	3	17,63	0,43
6:01:00	3	17,62	0,43
6:01:30	3	17,62	0,43
6:02:00	3	17,62	0,43
6:02:30	3	17,61	0,43
6:03:00	3	17,62	0,43
6:03:30	3	17,61	0,43
6:04:00	3	17,61	0,43
6:04:30	3	17,61	0,43
6:05:00	3	17,61	0,43
6:05:30	3	17,61	0,43
6:06:00	3	17,61	0,43
6:06:30	3	17,61	0,43
6:07:00	3	17,61	0,43
6:07:30	3	17,61	0,43
6:08:00	3	17,61	0,43
6:08:30	3	17,61	0,43
6:09:00	3	17,61	0,43
6:09:30	3	17,60	0,43
6:10:00	3	17,60	0,43
6:10:30	3	17,60	0,43
6:11:00	3	17,59	0,43
6:11:30	3	17,59	0,43
6:12:00	3	17,59	0,43
6:12:30	3	17,59	0,43
6:13:00	3	17,58	0,44
6:13:30	3	17,59	0,43
6:14:00	3	17,58	0,44
6:14:30	3	17,58	0,44
6:15:00	3	17,58	0,44
6:15:30	3	17,58	0,44
6:16:00	3	17,58	0,44
6:16:30	3	17,58	0,44
6:17:00	3	17,58	0,44
6:17:30	3	17,58	0,44
6:18:00	3	17,58	0,44
6:18:30	3	17,57	0,44
6:19:00	3	17,58	0,44
6:19:30	3	17,57	0,44
6:20:00	3	17,58	0,44
6:20:30	3	17,57	0,44
6:21:00	3	17,57	0,44
6:21:30	3	17,57	0,44
6:22:00	3	17,57	0,44
6:22:30	3	17,57	0,44
6:23:00	3	17,56	0,44
6:23:30	3	17,56	0,44
6:24:00	3	17,56	0,44
6:24:30	3	17,56	0,44
6:25:00	3	17,55	0,44
6:25:30	3	17,56	0,44
6:26:00	3	17,55	0,44
6:26:30	3	17,55	0,44
6:27:00	3	17,55	0,44
6:27:30	3	17,55	0,44
6:28:00	3	17,55	0,44
6:28:30	3	17,55	0,44
6:29:00	3	17,55	0,44
6:29:30	3	17,54	0,44
6:30:00	3	17,54	0,44
6:30:30	3	17,54	0,44
6:31:00	3	17,53	0,45
6:31:30	3	17,53	0,45
6:32:00	3	17,52	0,45
6:32:30	3	17,52	0,45
6:33:00	3	17,52	0,45
6:33:30	3	17,52	0,45
6:34:00	3	17,52	0,45
6:34:30	3	17,52	0,45
6:35:00	3	17,52	0,45
6:35:30	3	17,51	0,45
6:36:00	3	17,51	0,45
6:36:30	3	17,51	0,45
6:37:00	3	17,51	0,45
6:37:30	3	17,51	0,45
6:38:00	3	17,50	0,45
6:38:30	3	17,50	0,45
6:39:00	3	17,50	0,45
6:39:30	3	17,50	0,45
6:40:00	3	17,50	0,45
6:40:30	3	17,50	0,45
6:41:00	3	17,49	0,45
6:41:30	3	17,49	0,45
6:42:00	3	17,50	0,45
6:42:30	3	17,49	0,45
6:43:00	3	17,48	0,46
6:43:30	3	17,48	0,46
6:44:00	3	17,48	0,46
6:44:30	3	17,48	0,46
6:45:00	3	17,48	0,46
6:45:30	3	17,48	0,46
6:46:00	3	17,47	0,46
6:46:30	3	17,46	0,46
6:47:00	3	17,46	0,46
6:47:30	3	17,46	0,46
6:48:00	3	17,46	0,46
6:48:30	3	17,46	0,46
6:49:00	3	17,45	0,46
6:49:30	3	17,45	0,46
6:50:00	3	17,45	0,46
6:50:30	3	17,44	0,46
6:51:00	3	17,44	0,46
6:51:30	3	17,44	0,46
6:52:00	3	17,44	0,46
6:52:30	3	17,44	0,46
6:53:00	3	17,43	0,46
6:53:30	3	17,43	0,46
6:54:00	3	17,43	0,46
6:54:30	3	17,43	0,47
6:55:00	3	17,43	0,47
6:55:30	3	17,43	0,47
6:56:00	3	17,43	0,47
6:56:30	3	17,42	0,47
6:57:00	3	17,42	0,47
6:57:30	3	17,42	0,47
6:58:00	3	17,42	0,47
6:58:30	3	17,41	0,47
6:59:00	3	17,41	0,47
6:59:30	3	17,41	0,47
7:00:00	3	17,40	0,47
7:00:30	3	17,40	0,47
7:01:00	3	17,40	0,47
7:01:30	3	17,40	0,47
7:02:00	3	17,39	0,47
7:02:30	3	17,40	0,47
7:03:00	3	17,39	0,47
7:03:30	3	17,38	0,47
7:04:00	3	17,38	0,47
7:04:30	3	17,38	0,47
7:05:00	3	17,38	0,48
7:05:30	3	17,38	0,48
7:06:00	3	17,37	0,48
7:06:30	3	17,37	0,48
7:07:00	3	17,37	0,48
7:07:30	3	17,36	0,48
7:08:00	3	17,36	0,48
7:08:30	3	17,36	0,48
7:09:00	3	17,36	0,48
7:09:30	3	17,35	0,48
7:10:00	3	17,35	0,48
7:10:30	3	17,34	0,48
7:11:00	3	17,34	0,48
7:11:30	3	17,34	0,48
7:12:00	3	17,34	0,48
7:12:30	3	17,34	0,48
7:13:00	3	17,33	0,48
7:13:30	3	17,33	0,48
7:14:00	3	17,32	0,49
7:14:30	3	17,32	0,49
7:15:00	3	17,32	0,49
7:15:30	3	17,32	0,49
7:16:00	3	17,32	0,49
7:16:30	3	17,31	0,49
7:17:00	3	17,31	0,49
7:17:30	3	17,30	0,49
7:18:00	3	17,30	0,49
7:18:30	3	17,30	0,49
7:19:00	3	17,29	0,49
7:19:30	3	17,29	0,49
7:20:00	3	17,29	0,49
7:20:30	3	17,29	0,49
7:21:00	3	17,29	0,49
7:21:30	3	17,28	0,49
7:22:00	3	17,27	0,50
7:22:30	3	17,26	0,50
7:23:00	3	17,26	0,50
7:23:30	3	17,25	0,50
7:24:00	3	17,25	0,50
7:24:30	3	17,25	0,50
7:25:00	3	17,25	0,50
7:25:30	3	17,25	0,50
7:26:00	3	17,24	0,50
7:26:30	3	17,24	0,50
7:27:00	3	17,23	0,50
7:27:30	3	17,23	0,50
7:28:00	3	17,22	0,50
7:28:30	3	17,22	0,50
7:29:00	3	17,22	0,51
7:29:30	3	17,22	0,51
7:30:00	3	17,21	0,51
7:30:30	3	17,20	0,51
7:31:00	3	17,20	0,51
7:31:30	3	17,20	0,51
7:32:00	3	17,20	0,51
7:32:30	3	17,20	0,51
7:33:00	3	17,19	0,51
7:33:30	3	17,18	0,51
7:34:00	3	17,18	0,51
7:34:30	3	17,17	0,52
7:35:00	3	17,17	0,52
7:35:30	3	17,17	0,52
7:36:00	3	17,16	0,52
7:36:30	3	17,16	0,52
7:37:00	3	17,16	0,52
7:37:30	3	17,15	0,52
7:38:00	3	17,15	0,52
7:38:30	3	17,14	0,52
7:39:00	3	17,14	0,52
7:39:30	3	17,13	0,52
7:40:00	3	17,13	0,52
7:40:30	3	17,13	0,52
7:41:00	3	17,13	0,52
7:41:30	3	17,12	0,53
7:42:00	3	17,12	0,53
7:42:30	3	17,11	0,53
7:43:00	3	17,11	0,53
7:43:30	3	17,10	0,53
7:44:00	3	17,10	0,53
7:44:30	3	17,10	0,53
7:45:00	3	17,09	0,53
7:45:30	3	17,08	0,53
7:46:00	3	17,08	0,53
7:46:30	3	17,08	0,53
7:47:00	3	17,07	0,54
7:47:30	3	17,07	0,54
7:48:00	3	17,06	0,54
7:48:30	3	17,06	0,54
7:49:00	3	17,05	0,54
7:49:30	4	17,04	0,54
7:50:00	4	17,04	0,54
7:50:30	4	17,04	0,54
7:51:00	4	17,03	0,55
7:51:30	4	17,02	0,55
7:52:00	4	17,02	0,55
7:52:30	4	17,01	0,55
7:53:00	4	17,01	0,55
7:53:30	4	16,99	0,55
7:54:00	4	16,98	0,55
7:54:30	4	16,98	0,55
7:55:00	4	16,98	0,56
7:55:30	4	16,97	0,56
7:56:00	4	16,96	0,56
7:56:30	4	16,95	0,56
7:57:00	4	16,95	0,56
7:57:30	4	16,95	0,56
7:58:00	4	16,93	0,57
7:58:30	4	16,93	0,57
7:59:00	4	16,92	0,57
7:59:30	4	16,92	0,57
8:00:00	4	16,91	0,57
8:00:30	4	16,90	0,57
8:01:00	4	16,89	0,57
8:01:30	4	16,89	0,58
8:02:00	4	16,88	0,58
8:02:30	4	16,88	0,58
8:03:00	4	16,87	0,58
8:03:30	4	16,86	0,58
8:04:00	4	16,86	0,58
8:04:30	4	16,86	0,58
8:05:00	4	16,85	0,58
8:05:30	4	16,84	0,59
8:06:00	4	16,84	0,59
8:06:30	4	16,83	0,59
8:07:00	4	16,82	0,59
8:07:30	4	16,82	0,59
8:08:00	4	16,81	0,59
8:08:30	4	16,80	0,60
8:09:00	4	16,80	0,60
8:09:30	4	16,79	0,60
8:10:00	4	16,78	0,60
8:10:30	4	16,78	0,60
8:11:00	4	16,78	0,60
8:11:30	4	16,76	0,61
8:12:00	4	16,76	0,61
8:12:30	4	16,75	0,61
8:13:00	4	16,74	0,61
8:13:30	4	16,74	0,61
8:14:00	4	16,73	0,61
8:14:30	4	16,73	0,61
8:15:00	4	16,71	0,62
8:15:30	4	16,71	0,62
8:16:00	4	16,71	0,62
8:16:30	4	16,70	0,62
8:17:00	4	16,69	0,62
8:17:30	4	16,68	0,62
8:18:00	4	16,68	0,63
8:18:30	4	16,67	0,63
8:19:00	4	16,66	0,63
8:19:30	4	16,66	0,63
8:20:00	4	16,65	0,63
8:20:30	4	16,65	0,63
8:21:00	4	16,63	0,64
8:21:30	4	16,63	0,64
8:22:00	4	16,62	0,64
8:22:30	4	16,62	0,64
8:23:00	4	16,61	0,64
8:23:30	4	16,60	0,64
8:24:00	4	16,59	0,65
8:24:30	4	16,59	0,65
8:25:00	4	16,58	0,65
8:25:30	4	16,57	0,65
8:26:00	4	16,56	0,65
8:26:30	4	16,56	0,65
8:27:00	4	16,54	0,66
8:27:30	4	16,54	0,66
8:28:00	4	16,53	0,66
8:28:30	4	16,52	0,66
8:29:00	4	16,51	0,67
8:29:30	4	16,50	0,67
8:30:00	4	16,50	0,67
8:30:30	3	16,48	0,67
8:31:00	4	16,48	0,67
8:31:30	4	16,46	0,68
8:32:00	3	16,46	0,68
8:32:30	4	16,45	0,68
8:33:00	4	16,44	0,69
8:33:30	3	16,43	0,69
8:34:00	3	16,42	0,69
8:34:30	4	16,41	0,69
8:35:00	4	16,40	0,70
8:35:30	3	16,39	0,70
8:36:00	3	16,38	0,70
8:36:30	4	16,38	0,70
8:37:00	3	16,36	0,71
8:37:30	3	16,36	0,71
8:38:00	3	16,35	0,71
8:38:30	3	16,33	0,71
8:39:00	3	16,32	0,72
8:39:30	3	16,32	0,72
8:40:00	3	16,30	0,72
8:40:30	3	16,30	0,72
8:41:00	3	16,29	0,73
8:41:30	3	16,27	0,73
8:42:00	3	16,27	0,73
8:42:30	3	16,26	0,73
8:43:00	3	16,25	0,74
8:43:30	3	16,24	0,74
8:44:00	3	16,23	0,74
8:44:30	3	16,21	0,75
8:45:00	3	16,21	0,75
8:45:30	3	16,20	0,75
8:46:00	3	16,18	0,76
8:46:30	3	16,18	0,76
8:47:00	3	16,17	0,76
8:47:30	3	16,15	0,76
8:48:00	3	16,14	0,77
8:48:30	3	16,14	0,77
8:49:00	3	16,11	0,77
8:49:30	3	16,09	0,78
8:50:00	3	16,08	0,78
8:50:30	3	16,07	0,79
8:51:00	3	16,06	0,79
8:51:30	3	16,05	0,79
8:52:00	3	16,04	0,80
8:52:30	3	16,03	0,80
8:53:00	3	16,02	0,80
8:53:30	3	16,00	0,81
8:54:00	3	15,99	0,81
8:54:30	3	15,98	0,81
8:55:00	3	15,96	0,82
8:55:30	3	15,96	0,82
8:56:00	3	15,94	0,83
8:56:30	3	15,93	0,83
8:57:00	3	15,92	0,83
8:57:30	3	15,91	0,84
8:58:00	3	15,90	0,84
8:58:30	3	15,88	0,85
8:59:00	3	15,88	0,85
8:59:30	3	15,86	0,85
9:00:00	3	15,84	0,86
9:00:30	3	15,83	0,86
9:01:00	3	15,82	0,86
9:01:30	3	15,81	0,87
9:02:00	3	15,79	0,87
9:02:30	3	15,78	0,88
9:03:00	3	15,76	0,88
9:03:30	3	15,75	0,89
9:04:00	3	15,74	0,89
9:04:30	3	15,72	0,90
9:05:00	3	15,71	0,90
9:05:30	3	15,70	0,91
9:06:00	3	15,69	0,91
9:06:30	3	15,67	0,91
9:07:00	3	15,66	0,92
9:07:30	3	15,64	0,92
9:08:00	3	15,63	0,93
9:08:30	3	15,61	0,94
9:09:00	3	15,60	0,94
9:09:30	3	15,58	0,95
9:10:00	3	15,57	0,95
9:10:30	3	15,55	0,96
9:11:00	3	15,54	0,96
9:11:30	3	15,52	0,97
9:12:00	3	15,51	0,97
9:12:30	3	15,49	0,98
9:13:00	3	15,48	0,98
9:13:30	3	15,45	0,99
9:14:00	3	15,44	1,00
9:14:30	3	15,42	1,00
9:15:00	3	15,41	1,01
9:15:30	3	15,39	1,01
9:16:00	3	15,37	1,02
9:16:30	3	15,36	1,03
9:17:00	3	15,34	1,03
9:17:30	3	15,32	1,04
9:18:00	3	15,31	1,05
9:18:30	3	15,29	1,05
9:19:00	3	15,28	1,06
9:19:30	3	15,25	1,07
9:20:00	3	15,24	1,08
9:20:30	3	15,22	1,08
9:21:00	3	15,20	1,09
9:21:30	3	15,18	1,10
9:22:00	3	15,16	1,11
9:22:30	3	15,15	1,11
9:23:00	3	15,12	1,12
9:23:30	3	15,10	1,13
9:24:00	3	15,09	1,14
9:24:30	3	15,07	1,14
9:25:00	3	15,05	1,15
9:25:30	3	15,03	1,16
9:26:00	3	15,01	1,17
9:26:30	3	14,99	1,18
9:27:00	3	14,98	1,19
9:27:30	3	14,95	1,20
9:28:00	3	14,93	1,21
9:28:30	3	14,91	1,22
9:29:00	3	14,88	1,23
9:29:30	3	14,86	1,24
9:30:00	3	14,85	1,24
9:30:30	3	14,82	1,25
9:31:00	3	14,80	1,26
9:31:30	3	14,77	1,28
9:32:00	3	14,76	1,29
9:32:30	3	14,73	1,30
9:33:00	3	14,70	1,31
9:33:30	4	14,68	1,32
9:34:00	4	14,66	1,33
9:34:30	4	14,63	1,35
9:35:00	4	14,61	1,36
9:35:30	4	14,58	1,37
9:36:00	4	14,56	1,38
9:36:30	4	14,54	1,39
9:37:00	4	14,51	1,41
9:37:30	4	14,48	1,43
9:38:00	4	14,46	1,44
9:38:30	4	14,43	1,45
9:39:00	4	14,40	1,47
9:39:30	4	14,37	1,49
9:40:00	4	14,34	1,50
9:40:30	4	14,30	1,52
9:41:00	4	14,27	1,54
9:41:30	4	14,23	1,56
9:42:00	4	14,20	1,58
9:42:30	4	14,17	1,60
9:43:00	4	14,13	1,62
9:43:30	4	14,10	1,65
9:44:00	4	14,06	1,67
9:44:30	4	14,03	1,69
9:45:00	4	13,99	1,71
9:45:30	4	13,95	1,74
9:46:00	4	13,92	1,76
9:46:30	4	13,89	1,78
9:47:00	4	13,85	1,81
9:47:30	4	13,81	1,83
9:48:00	4	13,78	1,85
9:48:30	4	13,74	1,88
9:49:00	4	13,71	1,91
9:49:30	4	13,68	1,93
9:50:00	4	13,64	1,96
9:50:30	4	13,61	1,98
9:51:00	4	13,57	2,01
9:51:30	4	13,54	2,03
9:52:00	4	13,51	2,05
9:52:30	4	13,49	2,07
9:53:00	4	13,45	2,10
9:53:30	4	13,43	2,12
9:54:00	4	13,41	2,14
9:54:30	4	13,38	2,16
9:55:00	4	13,36	2,18
9:55:30	4	13,33	2,20
9:56:00	4	13,31	2,22
9:56:30	4	13,29	2,24
9:57:00	4	13,26	2,26
9:57:30	4	13,23	2,29
9:58:00	4	13,21	2,30
9:58:30	4	13,19	2,32
9:59:00	4	13,17	2,34
9:59:30	4	13,15	2,36
10:00:00	4	13,13	2,38
10:00:30	4	13,12	2,39
10:01:00	4	13,09	2,41
10:01:30	4	13,08	2,43
10:02:00	4	13,06	2,44
10:02:30	4	13,04	2,46
10:03:00	4	13,03	2,48
10:03:30	4	13,01	2,49
10:04:00	4	13,00	2,51
10:04:30	4	12,97	2,53
10:05:00	4	12,96	2,54
10:05:30	4	12,94	2,56
10:06:00	4	12,93	2,57
10:06:30	4	12,91	2,59
10:07:00	4	12,90	2,60
10:07:30	4	12,89	2,61
10:08:00	4	12,87	2,64
10:08:30	4	12,85	2,65
10:09:00	4	12,84	2,66
10:09:30	4	12,83	2,67
10:10:00	4	12,82	2,69
10:10:30	4	12,81	2,70
10:11:00	4	12,79	2,71
10:11:30	4	12,78	2,73
10:12:00	4	12,77	2,74
10:12:30	4	12,75	2,75
10:13:00	4	12,74	2,77
10:13:30	4	12,73	2,78
10:14:00	4	12,73	2,79
10:14:30	4	12,71	2,80
10:15:00	4	12,70	2,81
10:15:30	4	12,69	2,83
10:16:00	4	12,68	2,84
10:16:30	4	12,66	2,85
10:17:00	4	12,66	2,86
10:17:30	4	12,65	2,87
10:18:00	4	12,64	2,89
10:18:30	4	12,63	2,90
10:19:00	4	12,61	2,91
10:19:30	4	12,61	2,92
10:20:00	4	12,60	2,93
10:20:30	4	12,58	2,95
10:21:00	4	12,58	2,95
10:21:30	4	12,57	2,97
10:22:00	4	12,56	2,98
10:22:30	4	12,55	2,98
10:23:00	4	12,55	2,99
10:23:30	4	12,54	3,00
10:24:00	4	12,52	3,02
10:24:30	4	12,52	3,03
10:25:00	4	12,51	3,04
10:25:30	4	12,50	3,05
10:26:00	4	12,49	3,06
10:26:30	4	12,48	3,07
10:27:00	4	12,48	3,07
10:27:30	4	12,46	3,09
10:28:00	4	12,46	3,09
10:28:30	4	12,45	3,10
10:29:00	4	12,45	3,11
10:29:30	4	12,44	3,12
10:30:00	4	12,43	3,13
10:30:30	4	12,43	3,14
10:31:00	4	12,42	3,15
10:31:30	4	12,41	3,16
10:32:00	4	12,40	3,17
10:32:30	4	12,39	3,18
10:33:00	4	12,39	3,19
10:33:30	4	12,39	3,19
10:34:00	4	12,37	3,21
10:34:30	4	12,37	3,21
10:35:00	4	12,36	3,22
10:35:30	4	12,36	3,23
10:36:00	4	12,35	3,24
10:36:30	4	12,34	3,25
10:37:00	4	12,34	3,25
10:37:30	4	12,34	3,26
10:38:00	4	12,33	3,27
10:38:30	4	12,32	3,28
10:39:00	4	12,32	3,28
10:39:30	4	12,31	3,29
10:40:00	4	12,30	3,30
10:40:30	4	12,30	3,31
10:41:00	4	12,30	3,31
10:41:30	3	12,29	3,32
10:42:00	3	12,28	3,33
10:42:30	3	12,28	3,33
10:43:00	4	12,27	3,34
10:43:30	4	12,27	3,35
10:44:00	3	12,27	3,35
10:44:30	3	12,26	3,36
10:45:00	3	12,25	3,37
10:45:30	3	12,25	3,37
10:46:00	3	12,25	3,38
10:46:30	3	12,24	3,39
10:47:00	3	12,24	3,39
10:47:30	3	12,23	3,40
10:48:00	3	12,22	3,41
10:48:30	3	12,22	3,41
10:49:00	3	12,21	3,42
10:49:30	3	12,21	3,42
10:50:00	3	12,21	3,43
10:50:30	3	12,21	3,43
10:51:00	3	12,20	3,44
10:51:30	3	12,19	3,45
10:52:00	3	12,19	3,45
10:52:30	3	12,18	3,46
10:53:00	3	12,18	3,46
10:53:30	3	12,18	3,47
10:54:00	3	12,18	3,47
10:54:30	3	12,17	3,48
10:55:00	3	12,17	3,48
10:55:30	3	12,16	3,49
10:56:00	3	12,16	3,49
10:56:30	3	12,16	3,49
10:57:00	3	12,16	3,50
10:57:30	3	12,16	3,50
10:58:00	3	12,15	3,51
10:58:30	3	12,15	3,51
10:59:00	3	12,14	3,52
10:59:30	3	12,14	3,52
11:00:00	3	12,13	3,53
11:00:30	3	12,13	3,53
11:01:00	3	12,13	3,53
11:01:30	3	12,13	3,54
11:02:00	3	12,13	3,54
11:02:30	3	12,12	3,55
11:03:00	3	12,12	3,55
11:03:30	3	12,12	3,55
11:04:00	3	12,11	3,57
11:04:30	3	12,11	3,57
11:05:00	3	12,11	3,57
11:05:30	3	12,10	3,58
11:06:00	3	12,10	3,58
11:06:30	3	12,09	3,59
11:07:00	3	12,09	3,59
11:07:30	3	12,09	3,59
11:08:00	3	12,09	3,60
11:08:30	3	12,09	3,60
11:09:00	3	12,09	3,60
11:09:30	3	12,08	3,61
11:10:00	3	12,08	3,61
11:10:30	3	12,07	3,62
11:11:00	3	12,07	3,62
11:11:30	3	12,07	3,62
11:12:00	3	12,07	3,62
11:12:30	3	12,07	3,63
11:13:00	3	12,07	3,63
11:13:30	3	12,06	3,64
11:14:00	3	12,06	3,64
11:14:30	3	12,06	3,64
11:15:00	3	12,06	3,64
11:15:30	3	12,06	3,64
11:16:00	3	12,05	3,65
11:16:30	3	12,05	3,65
11:17:00	3	12,04	3,67
11:17:30	3	12,04	3,67
11:18:00	3	12,04	3,67
11:18:30	3	12,04	3,67
11:19:00	3	12,04	3,68
11:19:30	3	12,04	3,68
11:20:00	3	12,04	3,68
11:20:30	3	12,04	3,68
11:21:00	3	12,03	3,69
11:21:30	3	12,03	3,69
11:22:00	3	12,03	3,69
11:22:30	3	12,02	3,70
11:23:00	3	12,02	3,70
11:23:30	3	12,02	3,70
11:24:00	3	12,02	3,70
11:24:30	3	12,01	3,71
11:25:00	3	12,01	3,71
11:25:30	3	12,01	3,71
11:26:00	3	12,01	3,71
11:26:30	3	12,01	3,71
11:27:00	3	12,00	3,72
11:27:30	3	12,00	3,72
11:28:00	3	12,00	3,72
11:28:30	3	12,00	3,73
11:29:00	3	12,00	3,73
11:29:30	3	12,00	3,73
11:30:00	3	12,00	3,73
11:30:30	3	12,00	3,73
11:31:00	3	11,99	3,74
11:31:30	3	11,99	3,74
11:32:00	3	11,99	3,74
11:32:30	3	11,99	3,74
11:33:00	3	11,98	3,76
11:33:30	3	11,98	3,76
11:34:00	3	11,98	3,76
11:34:30	3	11,98	3,76
11:35:00	3	11,98	3,76
11:35:30	3	11,98	3,76
11:36:00	3	11,98	3,77
11:36:30	3	11,98	3,77
11:37:00	3	11,98	3,77
11:37:30	3	11,98	3,77
11:38:00	3	11,98	3,77
11:38:30	3	11,98	3,77
11:39:00	3	11,97	3,78
11:39:30	3	11,97	3,78
11:40:00	3	11,97	3,78
11:40:30	3	11,97	3,78
11:41:00	3	11,97	3,78
11:41:30	3	11,97	3,78
11:42:00	3	11,96	3,79
11:42:30	3	11,96	3,79
11:43:00	3	11,96	3,79
11:43:30	3	11,96	3,79
11:44:00	3	11,96	3,79
11:44:30	3	11,95	3,80
11:45:00	3	11,95	3,80
11:45:30	3	11,95	3,80
11:46:00	3	11,95	3,80
11:46:30	3	11,95	3,80
11:47:00	3	11,95	3,80
11:47:30	3	11,95	3,80
11:48:00	3	11,95	3,81
11:48:30	3	11,95	3,81
11:49:00	3	11,95	3,81
11:49:30	3	11,95	3,81
11:50:00	3	11,95	3,81
11:50:30	3	11,95	3,81
11:51:00	3	11,94	3,83
11:51:30	3	11,94	3,83
11:52:00	3	11,94	3,83
11:52:30	3	11,94	3,83
11:53:00	3	11,94	3,83
11:53:30	3	11,94	3,83
11:54:00	3	11,94	3,83
11:54:30	3	11,93	3,84
11:55:00	3	11,93	3,84
11:55:30	3	11,93	3,84
11:56:00	3	11,93	3,84
11:56:30	3	11,93	3,84
11:57:00	3	11,93	3,84
11:57:30	3	11,93	3,84
11:58:00	3	11,92	3,85
11:58:30	3	11,92	3,85
11:59:00	3	11,92	3,85
11:59:30	3	11,92	3,85
12:00:00	3	11,92	3,85
12:00:30	3	11,92	3,85
12:01:00	3	11,92	3,85
12:01:30	3	11,92	3,85
12:02:00	3	11,91	3,86
12:02:30	3	11,91	3,86
12:03:00	3	11,91	3,86
12:03:30	3	11,91	3,86
12:04:00	3	11,91	3,86
12:04:30	3	11,91	3,87
12:05:00	3	11,91	3,87
12:05:30	3	11,91	3,87
12:06:00	3	11,91	3,87
12:06:30	3	11,91	3,87
12:07:00	3	11,91	3,87
12:07:30	3	11,91	3,87
12:08:00	3	11,91	3,87
12:08:30	3	11,90	3,89
12:09:00	3	11,90	3,89
12:09:30	3	11,90	3,89
12:10:00	3	11,90	3,89
12:10:30	3	11,90	3,89
12:11:00	3	11,90	3,89
12:11:30	3	11,89	3,90
12:12:00	3	11,89	3,90
12:12:30	3	11,89	3,90
12:13:00	3	11,89	3,90
12:13:30	3	11,89	3,90
12:14:00	3	11,89	3,90
12:14:30	3	11,89	3,90
12:15:00	3	11,89	3,90
12:15:30	3	11,89	3,90
12:16:00	3	11,89	3,90
12:16:30	3	11,89	3,90
12:17:00	3	11,88	3,91
12:17:30	3	11,88	3,91
12:18:00	3	11,88	3,91
12:18:30	3	11,88	3,91
12:19:00	3	11,88	3,91
12:19:30	3	11,88	3,91
12:20:00	3	11,88	3,91
12:20:30	3	11,88	3,91
12:21:00	3	11,88	3,91
12:21:30	3	11,88	3,91
12:22:00	3	11,88	3,92
12:22:30	3	11,88	3,92
12:23:00	3	11,88	3,92
12:23:30	3	11,88	3,92
12:24:00	3	11,88	3,92
12:24:30	3	11,88	3,92
12:25:00	3	11,88	3,92
12:25:30	3	11,88	3,92
12:26:00	3	11,88	3,92
12:26:30	3	11,88	3,92
12:27:00	3	11,87	3,93
12:27:30	3	11,87	3,93
12:28:00	3	11,87	3,93
12:28:30	3	11,87	3,93
12:29:00	3	11,87	3,93
12:29:30	3	11,87	3,93
12:30:00	3	11,86	3,95
12:30:30	3	11,86	3,95
12:31:00	3	11,86	3,95
12:31:30	3	11,86	3,95
12:32:00	3	11,86	3,95
12:32:30	3	11,86	3,95
12:33:00	3	11,86	3,95
12:33:30	3	11,86	3,95
12:34:00	3	11,86	3,95
12:34:30	3	11,86	3,95
12:35:00	3	11,86	3,95
12:35:30	3	11,86	3,95
12:36:00	3	11,86	3,96
12:36:30	3	11,86	3,96
12:37:00	3	11,86	3,96
12:37:30	3	11,86	3,96
12:38:00	3	11,86	3,96
12:38:30	3	11,86	3,96
12:39:00	3	11,86	3,96
12:39:30	3	11,86	3,96
12:40:00	3	11,86	3,96
12:40:30	3	11,85	3,97
12:41:00	3	11,86	3,96
12:41:30	3	11,85	3,97
12:42:00	3	11,85	3,97
12:42:30	3	11,85	3,97
12:43:00	3	11,85	3,97
12:43:30	3	11,85	3,97
12:44:00	3	11,85	3,97
12:44:30	3	11,85	3,97
12:45:00	3	11,85	3,97
12:45:30	3	11,85	3,97
12:46:00	3	11,84	3,98
12:46:30	3	11,84	3,98
12:47:00	3	11,84	3,98
12:47:30	3	11,84	3,98
12:48:00	3	11,84	3,98
12:48:30	3	11,84	3,98
12:49:00	3	11,84	3,98
12:49:30	3	11,84	3,98
12:50:00	3	11,84	3,98
12:50:30	3	11,83	4,00
12:51:00	3	11,83	4,00
12:51:30	3	11,83	4,00
12:52:00	3	11,83	4,00
12:52:30	3	11,83	4,00
12:53:00	3	11,83	4,00
12:53:30	3	11,83	4,00
12:54:00	3	11,83	4,00
12:54:30	3	11,83	4,00
12:55:00	3	11,83	4,00
12:55:30	3	11,82	4,01
12:56:00	3	11,82	4,01
12:56:30	3	11,82	4,01
12:57:00	3	11,82	4,01
12:57:30	3	11,82	4,01
12:58:00	3	11,82	4,01
12:58:30	3	11,82	4,01
12:59:00	3	11,82	4,01
12:59:30	3	11,82	4,01
13:00:00	3	11,82	4,01
13:00:30	3	11,82	4,01
13:01:00	3	11,82	4,01
13:01:30	3	11,82	4,02
13:02:00	3	11,82	4,02
13:02:30	3	11,82	4,02
13:03:00	3	11,82	4,02
13:03:30	3	11,82	4,02
13:04:00	3	11,82	4,02
13:04:30	3	11,82	4,02
13:05:00	3	11,82	4,02
13:05:30	3	11,82	4,02
13:06:00	3	11,82	4,02
13:06:30	3	11,82	4,02
13:07:00	3	11,82	4,02
13:07:30	3	11,82	4,02
13:08:00	3	11,82	4,02
13:08:30	3	11,81	4,03
13:09:00	3	11,81	4,03
13:09:30	3	11,81	4,03
13:10:00	3	11,81	4,03
13:10:30	3	11,81	4,03
13:11:00	3	11,81	4,03
13:11:30	3	11,81	4,03
13:12:00	3	11,81	4,03
13:12:30	3	11,81	4,03
13:13:00	3	11,81	4,03
13:13:30	3	11,81	4,03
13:14:00	3	11,81	4,03
13:14:30	3	11,81	4,03
13:15:00	3	11,80	4,05
13:15:30	3	11,80	4,05
13:16:00	3	11,80	4,05
13:16:30	3	11,80	4,05
13:17:00	3	11,80	4,05
13:17:30	3	11,80	4,05
13:18:00	3	11,80	4,05
13:18:30	3	11,80	4,05
13:19:00	3	11,80	4,05
13:19:30	3	11,80	4,05
13:20:00	3	11,79	4,06
13:20:30	3	11,79	4,06
13:21:00	3	11,79	4,06
13:21:30	3	11,79	4,06
13:22:00	3	11,79	4,06
13:22:30	3	11,79	4,06
13:23:00	3	11,79	4,06
13:23:30	3	11,79	4,06
13:24:00	3	11,79	4,06
13:24:30	3	11,79	4,06
13:25:00	3	11,79	4,06
13:25:30	3	11,79	4,06
13:26:00	3	11,79	4,06
13:26:30	3	11,79	4,06
13:27:00	3	11,79	4,07
13:27:30	3	11,79	4,07
13:28:00	3	11,79	4,07
13:28:30	3	11,79	4,07
13:29:00	3	11,79	4,07
13:29:30	3	11,79	4,07
13:30:00	3	11,79	4,07
13:30:30	3	11,79	4,07
13:31:00	3	11,79	4,07
13:31:30	3	11,79	4,07
13:32:00	3	11,79	4,07
13:32:30	3	11,79	4,07
13:33:00	3	11,79	4,07
13:33:30	3	11,78	4,08
13:34:00	3	11,78	4,08
13:34:30	3	11,78	4,08
13:35:00	3	11,78	4,08
13:35:30	3	11,78	4,08
13:36:00	3	11,78	4,08
13:36:30	3	11,78	4,08
13:37:00	3	11,78	4,08
13:37:30	3	11,78	4,08
13:38:00	3	11,78	4,08
13:38:30	3	11,78	4,08
13:39:00	3	11,78	4,08
13:39:30	3	11,77	4,10
13:40:00	3	11,77	4,10
13:40:30	3	11,77	4,10
13:41:00	3	11,77	4,10
13:41:30	3	11,77	4,10
13:42:00	3	11,77	4,10
13:42:30	3	11,77	4,10
13:43:00	3	11,77	4,10
13:43:30	3	11,77	4,10
13:44:00	3	11,77	4,10
13:44:30	3	11,77	4,10
13:45:00	3	11,77	4,10
13:45:30	3	11,77	4,10
13:46:00	3	11,77	4,10
13:46:30	3	11,77	4,10
13:47:00	3	11,77	4,11
13:47:30	3	11,77	4,10
13:48:00	3	11,77	4,11
13:48:30	3	11,77	4,10
13:49:00	3	11,77	4,11
13:49:30	3	11,77	4,11
13:50:00	3	11,77	4,11
13:50:30	3	11,77	4,11
13:51:00	3	11,77	4,11
13:51:30	3	11,77	4,11
13:52:00	3	11,77	4,11
13:52:30	3	11,77	4,11
13:53:00	3	11,77	4,11
13:53:30	3	11,77	4,11
13:54:00	3	11,77	4,11
13:54:30	3	11,77	4,11
13:55:00	3	11,77	4,11
13:55:30	3	11,76	4,12
13:56:00	3	11,76	4,12
13:56:30	3	11,76	4,12
13:57:00	3	11,76	4,12
13:57:30	3	11,76	4,12
13:58:00	3	11,76	4,12
13:58:30	3	11,76	4,12
13:59:00	3	11,76	4,12
13:59:30	3	11,76	4,12
14:00:00	3	11,76	4,12
14:00:30	3	11,76	4,12
14:01:00	3	11,76	4,12
14:01:30	3	11,76	4,12
14:02:00	3	11,75	4,14
14:02:30	3	11,75	4,14
14:03:00	3	11,75	4,14
14:03:30	3	11,75	4,14
14:04:00	3	11,75	4,14
14:04:30	3	11,75	4,14
14:05:00	3	11,75	4,14
14:05:30	3	11,75	4,14
14:06:00	3	11,75	4,14
14:06:30	3	11,75	4,14
14:07:00	3	11,75	4,14
14:07:30	3	11,75	4,14
14:08:00	3	11,75	4,14
14:08:30	3	11,75	4,14
14:09:00	3	11,75	4,14
14:09:30	3	11,74	4,15
14:10:00	3	11,75	4,14
14:10:30	3	11,75	4,14
14:11:00	3	11,74	4,15
14:11:30	3	11,75	4,14
14:12:00	3	11,74	4,15
14:12:30	3	11,74	4,15
14:13:00	3	11,74	4,15
14:13:30	3	11,74	4,15
14:14:00	3	11,74	4,15
14:14:30	3	11,74	4,15
14:15:00	3	11,74	4,15
14:15:30	3	11,74	4,15
14:16:00	3	11,74	4,15
14:16:30	3	11,73	4,16
14:17:00	3	11,73	4,16
14:17:30	3	11,73	4,16
14:18:00	3	11,73	4,16
14:18:30	3	11,73	4,16
14:19:00	3	11,73	4,16
14:19:30	3	11,73	4,16
14:20:00	3	11,73	4,16
14:20:30	3	11,73	4,17
14:21:00	3	11,73	4,17
14:21:30	3	11,73	4,17
14:22:00	3	11,73	4,17
14:22:30	3	11,73	4,17
14:23:00	3	11,73	4,17
14:23:30	3	11,73	4,17
14:24:00	3	11,73	4,17
14:24:30	3	11,73	4,17
14:25:00	3	11,73	4,17
14:25:30	3	11,73	4,17
14:26:00	3	11,73	4,17
14:26:30	3	11,73	4,17
14:27:00	3	11,73	4,17
14:27:30	3	11,73	4,17
14:28:00	3	11,72	4,19
14:28:30	3	11,72	4,19
14:29:00	3	11,72	4,19
14:29:30	3	11,72	4,19
14:30:00	3	11,72	4,19
14:30:30	3	11,72	4,19
14:31:00	3	11,72	4,19
14:31:30	3	11,72	4,19
14:32:00	3	11,72	4,19
14:32:30	3	11,72	4,19
14:33:00	3	11,72	4,19
14:33:30	3	11,72	4,19
14:34:00	3	11,72	4,19
14:34:30	3	11,72	4,19
14:35:00	3	11,72	4,19
14:35:30	3	11,72	4,19
14:36:00	3	11,72	4,19
14:36:30	3	11,72	4,19
14:37:00	3	11,72	4,19
14:37:30	3	11,72	4,19
14:38:00	3	11,72	4,19
14:38:30	3	11,71	4,20
14:39:00	3	11,71	4,20
14:39:30	3	11,71	4,20
14:40:00	3	11,71	4,20
14:40:30	3	11,71	4,20
14:41:00	3	11,71	4,20
14:41:30	3	11,71	4,20
14:42:00	3	11,71	4,20
14:42:30	3	11,71	4,20
14:43:00	3	11,71	4,20
14:43:30	3	11,71	4,20
14:44:00	3	11,71	4,20
14:44:30	3	11,71	4,20
14:45:00	3	11,71	4,20
14:45:30	3	11,71	4,20
14:46:00	3	11,71	4,20
14:46:30	3	11,71	4,20
14:47:00	3	11,70	4,21
14:47:30	3	11,70	4,21
14:48:00	3	11,70	4,21
14:48:30	3	11,70	4,21
14:49:00	3	11,70	4,21
14:49:30	3	11,70	4,21
14:50:00	3	11,70	4,21
14:50:30	3	11,70	4,21
14:51:00	3	11,70	4,21
14:51:30	3	11,70	4,21
14:52:00	3	11,70	4,21
14:52:30	3	11,70	4,21
14:53:00	3	11,70	4,21
14:53:30	3	11,70	4,21
14:54:00	3	11,70	4,21
14:54:30	3	11,70	4,21
14:55:00	3	11,70	4,21
14:55:30	3	11,70	4,21
14:56:00	3	11,70	4,23
14:56:30	3	11,70	4,21
14:57:00	3	11,70	4,23
14:57:30	3	11,70	4,23
14:58:00	3	11,70	4,23
14:58:30	3	11,70	4,23
14:59:00	3	11,70	4,23
14:59:30	3	11,70	4,23
15:00:00	3	11,70	4,23
15:00:30	3	11,70	4,23
15:01:00	3	11,70	4,23
15:01:30	3	11,70	4,23
15:02:00	3	11,70	4,23
15:02:30	3	11,70	4,23
15:03:00	3	11,70	4,23
15:03:30	3	11,70	4,23
15:04:00	3	11,69	4,24
15:04:30	3	11,70	4,23
15:05:00	3	11,70	4,23
15:05:30	3	11,70	4,23
15:06:00	3	11,70	4,23
15:06:30	3	11,69	4,24
15:07:00	3	11,70	4,23
15:07:30	3	11,69	4,24
15:08:00	3	11,69	4,24
15:08:30	3	11,69	4,24
15:09:00	3	11,69	4,24
15:09:30	3	11,69	4,24
15:10:00	3	11,69	4,24
15:10:30	3	11,69	4,24
15:11:00	3	11,69	4,24
15:11:30	3	11,69	4,24
15:12:00	3	11,68	4,25
15:12:30	3	11,69	4,24
15:13:00	3	11,69	4,24
15:13:30	3	11,68	4,25
15:14:00	3	11,69	4,24
15:14:30	3	11,69	4,24
15:15:00	3	11,69	4,24
15:15:30	3	11,69	4,24
15:16:00	3	11,69	4,24
15:16:30	3	11,69	4,24
15:17:00	3	11,68	4,25
15:17:30	3	11,68	4,25
15:18:00	3	11,68	4,25
15:18:30	3	11,68	4,25
15:19:00	3	11,68	4,25
15:19:30	3	11,68	4,25
15:20:00	3	11,68	4,25
15:20:30	3	11,68	4,25
15:21:00	3	11,68	4,25
15:21:30	3	11,68	4,25
15:22:00	3	11,68	4,25
15:22:30	3	11,68	4,25
15:23:00	3	11,68	4,25
15:23:30	3	11,68	4,25
15:24:00	3	11,68	4,25
15:24:30	3	11,68	4,25
15:25:00	3	11,68	4,25
15:25:30	3	11,68	4,25
15:26:00	3	11,68	4,25
15:26:30	3	11,68	4,25
15:27:00	3	11,68	4,25
15:27:30	3	11,68	4,25
15:28:00	3	11,68	4,25
15:28:30	3	11,68	4,25
15:29:00	3	11,68	4,27
15:29:30	3	11,68	4,25
15:30:00	3	11,68	4,27
15:30:30	3	11,68	4,27
15:31:00	3	11,68	4,27
15:31:30	3	11,68	4,27
15:32:00	3	11,68	4,27
15:32:30	3	11,68	4,27
15:33:00	3	11,68	4,27
15:33:30	3	11,68	4,27
15:34:00	3	11,68	4,27
15:34:30	3	11,68	4,27
15:35:00	3	11,68	4,27
15:35:30	3	11,68	4,27
15:36:00	3	11,68	4,27
15:36:30	3	11,68	4,27
15:37:00	3	11,68	4,27
15:37:30	3	11,68	4,27
15:38:00	3	11,68	4,27
15:38:30	3	11,68	4,27
15:39:00	3	11,68	4,27
15:39:30	3	11,68	4,27
15:40:00	3	11,67	4,28
15:40:30	3	11,67	4,28
15:41:00	3	11,67	4,28
15:41:30	3	11,67	4,28
15:42:00	3	11,67	4,28
15:42:30	3	11,67	4,28
15:43:00	3	11,67	4,28
15:43:30	3	11,67	4,28
15:44:00	3	11,67	4,28
15:44:30	3	11,67	4,28
15:45:00	3	11,67	4,28
15:45:30	3	11,67	4,28
15:46:00	3	11,67	4,28
15:46:30	3	11,67	4,28
15:47:00	3	11,66	4,29
15:47:30	3	11,66	4,29
15:48:00	3	11,66	4,29
15:48:30	3	11,66	4,29
15:49:00	3	11,66	4,29
15:49:30	3	11,66	4,29
15:50:00	3	11,66	4,29
15:50:30	3	11,66	4,29
15:51:00	3	11,66	4,29
15:51:30	3	11,66	4,29
15:52:00	3	11,66	4,29
15:52:30	3	11,66	4,29
15:53:00	3	11,66	4,29
15:53:30	3	11,66	4,29
15:54:00	3	11,66	4,29
15:54:30	3	11,66	4,29
15:55:00	3	11,66	4,29
15:55:30	3	11,66	4,29
15:56:00	3	11,66	4,29
15:56:30	3	11,66	4,29
15:57:00	3	11,66	4,29
15:57:30	3	11,66	4,29
15:58:00	3	11,66	4,29
15:58:30	3	11,66	4,29
15:59:00	3	11,66	4,29
15:59:30	3	11,65	4,31
16:00:00	3	11,65	4,31
16:00:30	3	11,65	4,31
16:01:00	3	11,65	4,31
16:01:30	3	11,65	4,31
16:02:00	3	11,65	4,31
16:02:30	3	11,65	4,31
16:03:00	3	11,65	4,31
16:03:30	3	11,65	4,31
16:04:00	3	11,65	4,31
16:04:30	3	11,65	4,31
16:05:00	3	11,65	4,31
16:05:30	3	11,65	4,31
16:06:00	3	11,65	4,31
16:06:30	3	11,65	4,31
16:07:00	3	11,65	4,31
16:07:30	3	11,65	4,31
16:08:00	3	11,65	4,31
16:08:30	3	11,65	4,31
16:09:00	3	11,65	4,31
16:09:30	3	11,65	4,31
16:10:00	3	11,65	4,31
16:10:30	3	11,65	4,31
16:11:00	3	11,65	4,31
16:11:30	3	11,65	4,31
16:12:00	3	11,65	4,31
16:12:30	3	11,65	4,31
16:13:00	3	11,65	4,31
16:13:30	3	11,65	4,31
16:14:00	3	11,65	4,31
16:14:30	3	11,65	4,31
16:15:00	3	11,65	4,31
16:15:30	3	11,65	4,31
16:16:00	3	11,65	4,31
16:16:30	3	11,65	4,31
16:17:00	3	11,64	4,32
16:17:30	3	11,64	4,32
16:18:00	3	11,64	4,32
16:18:30	3	11,65	4,31
16:19:00	3	11,64	4,32
16:19:30	3	11,64	4,32
16:20:00	3	11,64	4,32
16:20:30	3	11,64	4,32
16:21:00	3	11,64	4,32
16:21:30	3	11,64	4,32
16:22:00	3	11,64	4,32
16:22:30	3	11,64	4,32
16:23:00	3	11,64	4,32
16:23:30	3	11,64	4,32
16:24:00	3	11,64	4,32
16:24:30	3	11,64	4,32
16:25:00	3	11,64	4,32
16:25:30	3	11,64	4,33
16:26:00	3	11,64	4,33
16:26:30	3	11,64	4,33
16:27:00	3	11,64	4,33
16:27:30	3	11,64	4,33
16:28:00	3	11,64	4,33
16:28:30	3	11,64	4,33
16:29:00	3	11,64	4,33
16:29:30	3	11,64	4,33
16:30:00	3	11,64	4,33
16:30:30	3	11,64	4,33
16:31:00	3	11,64	4,33
16:31:30	3	11,64	4,33
16:32:00	3	11,64	4,33
16:32:30	3	11,64	4,33
16:33:00	3	11,64	4,33
16:33:30	3	11,64	4,33
16:34:00	3	11,64	4,33
16:34:30	3	11,64	4,33
16:35:00	3	11,64	4,33
16:35:30	3	11,64	4,33
16:36:00	3	11,64	4,33
16:36:30	3	11,64	4,33
16:37:00	3	11,64	4,33
16:37:30	3	11,64	4,33
16:38:00	3	11,64	4,33
16:38:30	3	11,64	4,33
16:39:00	3	11,64	4,33
16:39:30	3	11,64	4,33
16:40:00	3	11,63	4,35
16:40:30	3	11,63	4,35
16:41:00	3	11,63	4,35
16:41:30	3	11,63	4,35
16:42:00	3	11,63	4,35
16:42:30	3	11,63	4,35
16:43:00	3	11,63	4,35
16:43:30	3	11,63	4,35
16:44:00	3	11,64	4,33
16:44:30	3	11,64	4,33
16:45:00	3	11,63	4,35
16:45:30	3	11,63	4,35
16:46:00	3	11,63	4,35
16:46:30	3	11,63	4,35
16:47:00	3	11,63	4,35
16:47:30	3	11,63	4,35
16:48:00	3	11,63	4,35
16:48:30	3	11,63	4,35
16:49:00	3	11,63	4,35
16:49:30	3	11,63	4,35
16:50:00	3	11,63	4,35
16:50:30	3	11,63	4,35
16:51:00	3	11,63	4,35
16:51:30	3	11,63	4,35
16:52:00	3	11,63	4,35
16:52:30	3	11,62	4,36
16:53:00	3	11,62	4,36
16:53:30	3	11,63	4,35
16:54:00	3	11,62	4,36
16:54:30	3	11,63	4,35
16:55:00	3	11,62	4,36
16:55:30	3	11,63	4,35
16:56:00	3	11,62	4,36
16:56:30	3	11,62	4,36
16:57:00	3	11,62	4,36
16:57:30	3	11,62	4,36
16:58:00	3	11,62	4,36
16:58:30	3	11,62	4,36
16:59:00	3	11,62	4,36
16:59:30	3	11,62	4,36
17:00:00	3	11,62	4,36
17:00:30	3	11,62	4,36
17:01:00	3	11,62	4,36
17:01:30	3	11,62	4,36
17:02:00	3	11,62	4,36
17:02:30	3	11,62	4,36
17:03:00	3	11,62	4,36
17:03:30	3	11,62	4,36
17:04:00	3	11,62	4,36
17:04:30	3	11,62	4,37
17:05:00	3	11,62	4,37
17:05:30	3	11,62	4,36
17:06:00	3	11,62	4,37
17:06:30	3	11,62	4,36
17:07:00	3	11,62	4,36
17:07:30	3	11,62	4,37
17:08:00	3	11,62	4,36
17:08:30	3	11,62	4,37
17:09:00	3	11,62	4,37
17:09:30	3	11,62	4,37
17:10:00	3	11,62	4,37
17:10:30	3	11,62	4,37
17:11:00	3	11,62	4,37
17:11:30	3	11,62	4,37
17:12:00	3	11,62	4,37
17:12:30	3	11,62	4,37
17:13:00	3	11,62	4,37
17:13:30	3	11,62	4,37
17:14:00	3	11,62	4,37
17:14:30	3	11,62	4,37
17:15:00	3	11,62	4,37
17:15:30	3	11,62	4,37
17:16:00	3	11,62	4,37
17:16:30	3	11,62	4,37
17:17:00	3	11,62	4,37
17:17:30	3	11,61	4,39
17:18:00	3	11,62	4,37
17:18:30	3	11,61	4,39
17:19:00	3	11,61	4,39
17:19:30	3	11,62	4,37
17:20:00	3	11,62	4,37
17:20:30	3	11,61	4,39
17:21:00	3	11,61	4,39
17:21:30	3	11,62	4,37
17:22:00	3	11,62	4,37
17:22:30	3	11,61	4,39
17:23:00	3	11,61	4,39
17:23:30	3	11,61	4,39
17:24:00	3	11,62	4,37
17:24:30	3	11,62	4,37
17:25:00	3	11,61	4,39
17:25:30	3	11,62	4,37
17:26:00	3	11,61	4,39
17:26:30	3	11,61	4,39
17:27:00	3	11,61	4,39
17:27:30	3	11,61	4,39
17:28:00	3	11,61	4,39
17:28:30	3	11,61	4,39
17:29:00	3	11,61	4,39
17:29:30	3	11,61	4,39
17:30:00	3	11,61	4,39
17:30:30	3	11,61	4,39
17:31:00	3	11,61	4,39
17:31:30	3	11,61	4,39
17:32:00	3	11,61	4,39
17:32:30	3	11,61	4,39
17:33:00	3	11,61	4,39
17:33:30	3	11,61	4,39
17:34:00	3	11,61	4,39
17:34:30	3	11,61	4,39
17:35:00	3	11,61	4,39
17:35:30	3	11,61	4,39
17:36:00	3	11,61	4,39
17:36:30	3	11,61	4,39
17:37:00	3	11,61	4,39
17:37:30	3	11,61	4,39
17:38:00	3	11,61	4,39
17:38:30	3	11,60	4,40
17:39:00	3	11,60	4,40
17:39:30	3	11,61	4,39
17:40:00	3	11,61	4,39
17:40:30	3	11,60	4,40
17:41:00	3	11,60	4,40
17:41:30	3	11,60	4,40
17:42:00	3	11,60	4,40
17:42:30	3	11,61	4,39
17:43:00	3	11,60	4,40
17:43:30	3	11,60	4,40
17:44:00	3	11,60	4,40
17:44:30	3	11,60	4,40
17:45:00	3	11,60	4,40
17:45:30	3	11,60	4,40
17:46:00	3	11,60	4,40
17:46:30	3	11,60	4,40
17:47:00	3	11,60	4,40
17:47:30	3	11,60	4,40
17:48:00	3	11,60	4,40
17:48:30	3	11,60	4,40
17:49:00	3	11,60	4,40
17:49:30	3	11,60	4,40
17:50:00	3	11,60	4,40
17:50:30	3	11,60	4,40
17:51:00	3	11,60	4,40
17:51:30	3	11,60	4,40
17:52:00	3	11,60	4,40
17:52:30	3	11,59	4,42
17:53:00	3	11,59	4,42
17:53:30	3	11,59	4,42
17:54:00	3	11,59	4,42
17:54:30	3	11,60	4,40
17:55:00	3	11,59	4,42
17:55:30	3	11,59	4,42
17:56:00	3	11,59	4,42
17:56:30	3	11,59	4,42
17:57:00	3	11,59	4,42
17:57:30	3	11,59	4,42
17:58:00	3	11,59	4,42
17:58:30	3	11,59	4,42
17:59:00	3	11,59	4,42
17:59:30	3	11,59	4,42
18:00:00	3	11,60	4,40
18:00:30	3	11,59	4,42
18:01:00	3	11,59	4,42
18:01:30	3	11,59	4,42
18:02:00	3	11,59	4,42
18:02:30	3	11,59	4,42
18:03:00	3	11,59	4,42
18:03:30	3	11,59	4,42
18:04:00	3	11,59	4,42
18:04:30	3	11,59	4,42
18:05:00	3	11,59	4,42
18:05:30	3	11,59	4,42
18:06:00	3	11,59	4,42
18:06:30	3	11,59	4,42
18:07:00	3	11,59	4,42
18:07:30	3	11,59	4,42
18:08:00	3	11,59	4,42
18:08:30	3	11,59	4,42
18:09:00	3	11,59	4,42
18:09:30	3	11,59	4,42
18:10:00	3	11,59	4,42
18:10:30	3	11,59	4,42
18:11:00	3	11,59	4,43
18:11:30	3	11,59	4,42
18:12:00	3	11,59	4,42
18:12:30	3	11,59	4,42
18:13:00	3	11,59	4,42
18:13:30	3	11,59	4,42
18:14:00	3	11,59	4,43
18:14:30	3	11,59	4,42
18:15:00	3	11,59	4,42
18:15:30	3	11,59	4,42
18:16:00	3	11,59	4,43
18:16:30	3	11,59	4,42
18:17:00	3	11,59	4,42
18:17:30	3	11,59	4,43
18:18:00	3	11,59	4,43
18:18:30	3	11,59	4,43
18:19:00	3	11,59	4,43
18:19:30	3	11,59	4,43
18:20:00	3	11,59	4,43
18:20:30	3	11,59	4,43
18:21:00	3	11,59	4,43
18:21:30	3	11,59	4,43
18:22:00	3	11,59	4,43
18:22:30	3	11,59	4,43
18:23:00	3	11,59	4,43
18:23:30	3	11,59	4,43
18:24:00	3	11,59	4,43
18:24:30	3	11,59	4,43
18:25:00	3	11,59	4,43
18:25:30	3	11,59	4,43
18:26:00	3	11,59	4,43
18:26:30	3	11,59	4,43
18:27:00	3	11,59	4,43
18:27:30	3	11,59	4,43
18:28:00	3	11,59	4,43
18:28:30	3	11,59	4,43
18:29:00	3	11,59	4,43
18:29:30	3	11,59	4,43
18:30:00	3	11,59	4,43
18:30:30	3	11,59	4,43
18:31:00	3	11,59	4,43
18:31:30	3	11,59	4,43
18:32:00	3	11,59	4,43
18:32:30	3	11,59	4,43
18:33:00	3	11,59	4,43
18:33:30	3	11,58	4,44
18:34:00	3	11,58	4,44
18:34:30	3	11,58	4,44
18:35:00	3	11,58	4,44
18:35:30	3	11,58	4,44
18:36:00	3	11,58	4,44
18:36:30	3	11,58	4,44
18:37:00	3	11,59	4,43
18:37:30	3	11,58	4,44
18:38:00	3	11,58	4,44
18:38:30	3	11,58	4,44
18:39:00	3	11,58	4,44
18:39:30	3	11,58	4,44
18:40:00	3	11,58	4,44
18:40:30	3	11,58	4,44
18:41:00	3	11,58	4,44
18:41:30	3	11,58	4,44
18:42:00	3	11,58	4,44
18:42:30	3	11,58	4,44
18:43:00	3	11,58	4,44
18:43:30	3	11,58	4,44
18:44:00	3	11,58	4,44
18:44:30	3	11,58	4,44
18:45:00	3	11,58	4,44
18:45:30	3	11,58	4,44
18:46:00	3	11,58	4,44
18:46:30	3	11,58	4,44
18:47:00	3	11,58	4,44
18:47:30	3	11,58	4,44
18:48:00	3	11,58	4,44
18:48:30	3	11,58	4,44
18:49:00	3	11,58	4,44
18:49:30	3	11,58	4,44
18:50:00	3	11,57	4,46
18:50:30	3	11,57	4,46
18:51:00	3	11,57	4,46
18:51:30	3	11,58	4,44
18:52:00	3	11,57	4,46
18:52:30	3	11,57	4,46
18:53:00	3	11,58	4,44
18:53:30	3	11,57	4,46
18:54:00	3	11,58	4,44
18:54:30	3	11,57	4,46
18:55:00	3	11,57	4,46
18:55:30	3	11,57	4,46
18:56:00	3	11,57	4,46
18:56:30	3	11,57	4,46
18:57:00	3	11,57	4,46
18:57:30	3	11,57	4,46
18:58:00	3	11,57	4,46
18:58:30	3	11,57	4,46
18:59:00	3	11,57	4,46
18:59:30	3	11,57	4,46
19:00:00	3	11,57	4,46
19:00:30	3	11,57	4,46
19:01:00	3	11,57	4,46
19:01:30	3	11,57	4,46
19:02:00	3	11,57	4,46
19:02:30	3	11,57	4,46
19:03:00	3	11,57	4,46
19:03:30	3	11,57	4,46
19:04:00	3	11,57	4,46
19:04:30	3	11,57	4,46
19:05:00	3	11,57	4,46
19:05:30	3	11,57	4,46
19:06:00	3	11,57	4,46
19:06:30	3	11,57	4,46
19:07:00	3	11,57	4,46
19:07:30	3	11,56	4,47
19:08:00	3	11,57	4,46
19:08:30	3	11,57	4,46
19:09:00	3	11,57	4,46
19:09:30	3	11,57	4,46
19:10:00	3	11,57	4,46
19:10:30	3	11,57	4,46
19:11:00	3	11,56	4,47
19:11:30	3	11,56	4,47
19:12:00	3	11,56	4,47
19:12:30	3	11,56	4,47
19:13:00	3	11,56	4,47
19:13:30	3	11,56	4,47
19:14:00	3	11,56	4,47
19:14:30	3	11,56	4,47
19:15:00	3	11,56	4,47
19:15:30	3	11,56	4,47
19:16:00	3	11,56	4,47
19:16:30	3	11,56	4,47
19:17:00	3	11,56	4,47
19:17:30	3	11,56	4,47
19:18:00	3	11,56	4,47
19:18:30	3	11,56	4,47
19:19:00	3	11,56	4,47
19:19:30	3	11,56	4,47
19:20:00	3	11,56	4,47
19:20:30	3	11,56	4,47
19:21:00	3	11,56	4,47
19:21:30	3	11,56	4,47
19:22:00	3	11,56	4,47
19:22:30	3	11,56	4,47
19:23:00	3	11,56	4,47
19:23:30	3	11,56	4,47
19:24:00	3	11,56	4,47
19:24:30	3	11,56	4,47
19:25:00	3	11,56	4,47
19:25:30	3	11,56	4,47
19:26:00	3	11,56	4,47
19:26:30	3	11,56	4,47
19:27:00	3	11,56	4,47
19:27:30	3	11,56	4,47
19:28:00	3	11,56	4,47
19:28:30	3	11,56	4,47
19:29:00	3	11,56	4,47
19:29:30	3	11,56	4,47
19:30:00	3	11,56	4,47
19:30:30	3	11,56	4,47
19:31:00	3	11,56	4,47
19:31:30	3	11,56	4,47
19:32:00	3	11,55	4,49
19:32:30	3	11,56	4,47
19:33:00	3	11,55	4,49
19:33:30	3	11,56	4,47
19:34:00	3	11,55	4,49
19:34:30	3	11,55	4,49
19:35:00	3	11,55	4,49
19:35:30	3	11,55	4,49
19:36:00	3	11,55	4,49
19:36:30	3	11,55	4,49
19:37:00	3	11,55	4,49
19:37:30	3	11,55	4,49
19:38:00	3	11,55	4,49
19:38:30	3	11,55	4,49
19:39:00	3	11,55	4,49
19:39:30	3	11,55	4,49
19:40:00	3	11,55	4,49
19:40:30	3	11,55	4,49
19:41:00	3	11,55	4,49
19:41:30	3	11,55	4,49
19:42:00	3	11,55	4,49
19:42:30	3	11,55	4,49
19:43:00	3	11,55	4,49
19:43:30	3	11,55	4,49
19:44:00	3	11,55	4,49
19:44:30	3	11,55	4,50
19:45:00	3	11,55	4,50
19:45:30	3	11,55	4,49
19:46:00	3	11,55	4,50
19:46:30	3	11,55	4,50
19:47:00	3	11,55	4,50
19:47:30	3	11,55	4,50
19:48:00	3	11,55	4,50
19:48:30	3	11,55	4,50
19:49:00	3	11,55	4,50
19:49:30	3	11,55	4,50
19:50:00	3	11,55	4,50
19:50:30	3	11,55	4,50
19:51:00	3	11,55	4,50
19:51:30	3	11,55	4,50
19:52:00	3	11,55	4,50
19:52:30	3	11,55	4,50
19:53:00	3	11,55	4,50
19:53:30	3	11,55	4,50
19:54:00	3	11,55	4,50
19:54:30	3	11,55	4,50
19:55:00	3	11,55	4,50
19:55:30	3	11,55	4,50
19:56:00	3	11,55	4,50
19:56:30	3	11,55	4,50
19:57:00	3	11,55	4,50
19:57:30	3	11,55	4,50
19:58:00	3	11,55	4,50
19:58:30	3	11,55	4,50
19:59:00	3	11,55	4,50
19:59:30	3	11,55	4,50
20:00:00	3	11,55	4,50
20:00:30	3	11,55	4,50
20:01:00	3	11,54	4,51
20:01:30	3	11,55	4,50
20:02:00	3	11,54	4,51
20:02:30	3	11,54	4,51
20:03:00	3	11,54	4,51
20:03:30	3	11,54	4,51
20:04:00	3	11,54	4,51
20:04:30	3	11,54	4,51
20:05:00	3	11,54	4,51
20:05:30	3	11,54	4,51
20:06:00	3	11,54	4,51
20:06:30	3	11,54	4,51
20:07:00	3	11,54	4,51
20:07:30	3	11,54	4,51
20:08:00	3	11,54	4,51
20:08:30	3	11,54	4,51
20:09:00	3	11,54	4,51
20:09:30	3	11,54	4,51
20:10:00	3	11,54	4,51
20:10:30	3	11,54	4,51
20:11:00	3	11,54	4,51
20:11:30	3	11,54	4,51
20:12:00	3	11,54	4,51
20:12:30	3	11,54	4,51
20:13:00	3	11,54	4,51
20:13:30	3	11,54	4,51
20:14:00	3	11,54	4,51
20:14:30	3	11,54	4,51
20:15:00	3	11,54	4,51
20:15:30	3	11,54	4,51
20:16:00	3	11,54	4,51
20:16:30	3	11,54	4,51
20:17:00	3	11,54	4,51
20:17:30	3	11,54	4,51
20:18:00	3	11,54	4,51
20:18:30	3	11,54	4,51
20:19:00	3	11,54	4,51
20:19:30	3	11,54	4,51
20:20:00	3	11,54	4,51
20:20:30	3	11,54	4,51
20:21:00	3	11,54	4,51
20:21:30	3	11,54	4,51
20:22:00	3	11,54	4,51
20:22:30	3	11,54	4,51
20:23:00	3	11,54	4,51
20:23:30	3	11,53	4,53
20:24:00	3	11,53	4,53
20:24:30	3	11,53	4,53
20:25:00	3	11,53	4,53
20:25:30	3	11,53	4,53
20:26:00	3	11,53	4,53
20:26:30	3	11,53	4,53
20:27:00	3	11,53	4,53
20:27:30	3	11,53	4,53
20:28:00	3	11,53	4,53
20:28:30	3	11,53	4,53
20:29:00	3	11,53	4,53
20:29:30	3	11,53	4,53
20:30:00	3	11,53	4,53
20:30:30	3	11,53	4,53
20:31:00	3	11,53	4,53
20:31:30	3	11,53	4,53
20:32:00	3	11,53	4,53
20:32:30	3	11,53	4,53
20:33:00	3	11,53	4,53
20:33:30	3	11,53	4,53
20:34:00	3	11,53	4,53
20:34:30	3	11,53	4,53
20:35:00	3	11,53	4,53
20:35:30	3	11,53	4,53
20:36:00	3	11,53	4,53
20:36:30	3	11,53	4,53
20:37:00	3	11,53	4,53
20:37:30	3	11,53	4,53
20:38:00	3	11,53	4,53
20:38:30	3	11,53	4,53
20:39:00	3	11,53	4,53
20:39:30	3	11,53	4,54
20:40:00	3	11,53	4,53
20:40:30	3	11,53	4,54
20:41:00	3	11,53	4,53
20:41:30	3	11,53	4,54
20:42:00	3	11,53	4,54
20:42:30	3	11,53	4,54
20:43:00	3	11,53	4,54
20:43:30	3	11,53	4,54
20:44:00	3	11,53	4,54
20:44:30	3	11,53	4,54
20:45:00	3	11,53	4,54
20:45:30	3	11,53	4,54
20:46:00	3	11,53	4,54
20:46:30	3	11,53	4,54
20:47:00	3	11,53	4,54
20:47:30	3	11,53	4,54
20:48:00	3	11,53	4,54
20:48:30	3	11,53	4,54
20:49:00	3	11,53	4,54
20:49:30	3	11,53	4,54
20:50:00	3	11,53	4,54
20:50:30	3	11,53	4,54
20:51:00	3	11,53	4,54
20:51:30	3	11,53	4,54
20:52:00	3	11,53	4,54
20:52:30	3	11,53	4,54
20:53:00	3	11,53	4,54
20:53:30	3	11,53	4,54
20:54:00	3	11,53	4,54
20:54:30	3	11,53	4,54
20:55:00	3	11,53	4,54
20:55:30	3	11,53	4,54
20:56:00	3	11,53	4,54
20:56:30	3	11,53	4,54
20:57:00	3	11,53	4,54
20:57:30	3	11,53	4,54
20:58:00	3	11,53	4,54
20:58:30	3	11,53	4,54
20:59:00	3	11,53	4,54
20:59:30	3	11,53	4,54
21:00:00	3	11,53	4,54
21:00:30	3	11,53	4,54
21:01:00	3	11,53	4,54
21:01:30	3	11,53	4,54
21:02:00	3	11,53	4,54
21:02:30	3	11,52	4,56
21:03:00	3	11,52	4,56
21:03:30	3	11,52	4,56
21:04:00	3	11,52	4,56
21:04:30	3	11,52	4,56
21:05:00	3	11,53	4,54
21:05:30	3	11,52	4,56
21:06:00	3	11,52	4,56
21:06:30	3	11,52	4,56
21:07:00	3	11,52	4,56
21:07:30	3	11,52	4,56
21:08:00	3	11,52	4,56
21:08:30	3	11,52	4,56
21:09:00	3	11,52	4,56
21:09:30	3	11,52	4,56
21:10:00	3	11,52	4,56
21:10:30	3	11,52	4,56
21:11:00	3	11,52	4,56
21:11:30	3	11,52	4,56
21:12:00	3	11,52	4,56
21:12:30	3	11,52	4,56
21:13:00	3	11,52	4,56
21:13:30	3	11,52	4,56
21:14:00	3	11,52	4,56
21:14:30	3	11,52	4,56
21:15:00	3	11,52	4,56
21:15:30	3	11,52	4,56
21:16:00	3	11,52	4,56
21:16:30	3	11,52	4,56
21:17:00	3	11,52	4,56
21:17:30	3	11,52	4,56
21:18:00	3	11,52	4,56
21:18:30	3	11,52	4,56
21:19:00	3	11,51	4,57
21:19:30	3	11,51	4,57
21:20:00	3	11,51	4,57
21:20:30	3	11,51	4,57
21:21:00	3	11,51	4,57
21:21:30	3	11,51	4,57
21:22:00	3	11,51	4,57
21:22:30	3	11,51	4,57
21:23:00	3	11,51	4,57
21:23:30	3	11,51	4,57
21:24:00	3	11,51	4,57
21:24:30	3	11,51	4,57
21:25:00	3	11,51	4,57
21:25:30	3	11,51	4,57
21:26:00	3	11,51	4,57
21:26:30	3	11,51	4,57
21:27:00	3	11,51	4,57
21:27:30	3	11,51	4,57
21:28:00	3	11,51	4,57
21:28:30	3	11,51	4,57
21:29:00	3	11,51	4,57
21:29:30	3	11,51	4,57
21:30:00	3	11,51	4,57
21:30:30	3	11,51	4,57
21:31:00	3	11,51	4,57
21:31:30	3	11,51	4,57
21:32:00	3	11,51	4,57
21:32:30	3	11,51	4,57
21:33:00	3	11,51	4,57
21:33:30	3	11,51	4,57
21:34:00	3	11,51	4,57
21:34:30	3	11,51	4,57
21:35:00	3	11,51	4,57
21:35:30	3	11,51	4,57
21:36:00	3	11,50	4,59
21:36:30	3	11,50	4,59
21:37:00	3	11,50	4,59
21:37:30	3	11,51	4,57
21:38:00	3	11,50	4,59
21:38:30	3	11,50	4,59
21:39:00	3	11,50	4,59
21:39:30	3	11,50	4,59
21:40:00	3	11,50	4,59
21:40:30	3	11,50	4,59
21:41:00	3	11,50	4,59
21:41:30	3	11,50	4,59
21:42:00	3	11,50	4,59
21:42:30	3	11,50	4,59
21:43:00	3	11,50	4,59
21:43:30	3	11,50	4,59
21:44:00	3	11,50	4,59
21:44:30	3	11,50	4,59
21:45:00	3	11,50	4,59
21:45:30	3	11,50	4,59
21:46:00	3	11,50	4,59
21:46:30	3	11,50	4,59
21:47:00	3	11,50	4,59
21:47:30	3	11,50	4,59
21:48:00	3	11,50	4,59
21:48:30	3	11,50	4,59
21:49:00	3	11,50	4,59
21:49:30	3	11,50	4,59
21:50:00	3	11,50	4,59
21:50:30	3	11,50	4,59
21:51:00	3	11,50	4,59
21:51:30	3	11,50	4,59
21:52:00	3	11,50	4,59
21:52:30	3	11,50	4,59
21:53:00	3	11,50	4,59
21:53:30	3	11,50	4,59
21:54:00	3	11,50	4,59
21:54:30	3	11,50	4,59
21:55:00	3	11,50	4,59
21:55:30	3	11,50	4,59
21:56:00	3	11,50	4,59
21:56:30	3	11,50	4,59
21:57:00	3	11,50	4,60
21:57:30	3	11,50	4,60
21:58:00	3	11,50	4,60
21:58:30	3	11,50	4,60
21:59:00	3	11,50	4,60
21:59:30	3	11,50	4,60
22:00:00	3	11,50	4,60
22:00:30	3	11,50	4,60
22:01:00	3	11,50	4,60
