--Test Summary--
Full Path and File Name	
Instrument Name	UCA Left Cell
Instrument Type	Model 4262 Twin Cell UCA
Instrument Serial Number	
Test Start Date	21.04.2017
Test Start Time	15:34:39
Test Stop Date	22.04.2017
Test Stop Time	8:35:36
Test Length	17:00:57
Final Sample Time Offset	17:00:30
Controller Schedule Name	
Sampling Period	30 seconds
Comments	
Information	WellID	
Information	Customer	
Information	EngName	
Information	CementClass	G
Information	CementMfr	
Information	Additives	100G:120Gipsum+0.3DAF+0.2CitricAcid
Information	Density	1870
Information	BHCT	
Information	BHST	
Information	FluidLoss	
Information	JobType	
Calculated Value	CS_50	1:56:30
Calculated Value	CS_500	3:15:30
Calculated Value	CS_Time8h	4,29 MPa
Calculated Value	CS_Time12h	4,48 MPa
Calculated Value	CS_Time24h	N/A
Calculated Value	CS_Time48h	N/A
Calculated Value	CS_Time72h	N/A
Calculated Curve	Compressive Strength	Compressive strength type B (more than 14 lb/gal)
Initial Temperature (°C)	20 °C
Final Temperature (°C)	3 °C
Initial Transit Time (microsec/in)	16,86 microsec/in
Final Transit Time (microsec/in)	11,16 microsec/in
Initial Compressive Strength (MPa)	0,00 MPa
Final Compressive Strength (MPa)	4,72 MPa
--Data--
Time (HH:MM:SS)	Temperature (°C)	Transit Time (microsec/in)	Compressive Strength (MPa)
0:00:00	20	16,86	0,00
0:00:30	19	16,86	0,00
0:01:00	19	16,88	0,00
0:01:30	19	16,87	0,00
0:02:00	19	16,89	0,00
0:02:30	18	16,90	0,00
0:03:00	18	16,92	0,00
0:03:30	18	16,93	0,00
0:04:00	18	16,95	0,00
0:04:30	18	16,94	0,00
0:05:00	17	16,96	0,00
0:05:30	17	16,97	0,00
0:06:00	17	16,99	0,00
0:06:30	17	17,00	0,00
0:07:00	17	17,02	0,00
0:07:30	16	17,02	0,00
0:08:00	16	17,03	0,00
0:08:30	16	17,05	0,00
0:09:00	16	17,05	0,00
0:09:30	16	17,05	0,00
0:10:00	16	17,08	0,00
0:10:30	15	17,08	0,00
0:11:00	15	17,10	0,00
0:11:30	15	17,10	0,00
0:12:00	15	17,13	0,00
0:12:30	15	17,13	0,00
0:13:00	15	17,15	0,00
0:13:30	14	17,15	0,00
0:14:00	14	17,17	0,00
0:14:30	14	17,17	0,00
0:15:00	14	17,20	0,00
0:15:30	14	17,20	0,00
0:16:00	14	17,21	0,00
0:16:30	13	17,22	0,00
0:17:00	13	17,22	0,00
0:17:30	13	17,24	0,00
0:18:00	13	17,24	0,00
0:18:30	13	17,25	0,00
0:19:00	13	17,27	0,00
0:19:30	13	17,26	0,00
0:20:00	12	17,27	0,00
0:20:30	12	17,29	0,00
0:21:00	12	17,29	0,00
0:21:30	12	17,30	0,00
0:22:00	12	17,32	0,00
0:22:30	12	17,32	0,00
0:23:00	12	17,33	0,00
0:23:30	12	17,34	0,00
0:24:00	11	17,33	0,00
0:24:30	11	17,33	0,00
0:25:00	11	17,34	0,00
0:25:30	11	17,36	0,00
0:26:00	11	17,35	0,00
0:26:30	11	17,37	0,00
0:27:00	11	17,38	0,00
0:27:30	11	17,38	0,00
0:28:00	10	17,39	0,00
0:28:30	10	17,40	0,00
0:29:00	10	17,40	0,00
0:29:30	10	17,41	0,00
0:30:00	10	17,42	0,00
0:30:30	10	17,43	0,00
0:31:00	10	17,43	0,00
0:31:30	10	17,44	0,00
0:32:00	10	17,45	0,00
0:32:30	10	17,46	0,00
0:33:00	9	17,46	0,00
0:33:30	9	17,47	0,00
0:34:00	9	17,47	0,00
0:34:30	9	17,48	0,00
0:35:00	9	17,48	0,00
0:35:30	9	17,49	0,00
0:36:00	9	17,46	0,00
0:36:30	9	17,46	0,00
0:37:00	9	17,47	0,00
0:37:30	9	17,47	0,00
0:38:00	9	17,48	0,00
0:38:30	8	17,48	0,00
0:39:00	8	17,49	0,00
0:39:30	8	17,49	0,00
0:40:00	8	17,49	0,00
0:40:30	8	17,50	0,00
0:41:00	8	17,50	0,00
0:41:30	8	17,50	0,00
0:42:00	8	17,50	0,00
0:42:30	8	17,50	0,00
0:43:00	8	17,51	0,00
0:43:30	8	17,51	0,00
0:44:00	8	17,51	0,00
0:44:30	8	17,51	0,00
0:45:00	8	17,52	0,00
0:45:30	7	17,52	0,00
0:46:00	7	17,52	0,00
0:46:30	7	17,52	0,00
0:47:00	7	17,52	0,00
0:47:30	7	17,52	0,00
0:48:00	7	17,52	0,00
0:48:30	7	17,52	0,00
0:49:00	7	17,52	0,00
0:49:30	7	17,52	0,00
0:50:00	7	17,52	0,00
0:50:30	7	17,52	0,00
0:51:00	7	17,53	0,00
0:51:30	7	17,53	0,00
0:52:00	7	17,53	0,00
0:52:30	7	17,53	0,00
0:53:00	7	17,53	0,00
0:53:30	7	17,53	0,00
0:54:00	7	17,53	0,00
0:54:30	6	17,53	0,00
0:55:00	6	17,52	0,00
0:55:30	6	17,52	0,00
0:56:00	6	17,52	0,00
0:56:30	6	17,52	0,00
0:57:00	6	17,52	0,00
0:57:30	6	17,52	0,00
0:58:00	6	17,52	0,00
0:58:30	6	17,52	0,00
0:59:00	6	17,52	0,00
0:59:30	6	17,52	0,00
1:00:00	6	17,51	0,00
1:00:30	6	17,51	0,00
1:01:00	6	17,51	0,00
1:01:30	6	17,51	0,00
1:02:00	6	17,50	0,00
1:02:30	6	17,50	0,00
1:03:00	6	17,50	0,00
1:03:30	6	17,50	0,00
1:04:00	6	17,50	0,00
1:04:30	6	17,50	0,00
1:05:00	6	17,49	0,00
1:05:30	6	17,49	0,00
1:06:00	6	17,48	0,00
1:06:30	6	17,48	0,00
1:07:00	5	17,47	0,00
1:07:30	5	17,47	0,00
1:08:00	5	17,46	0,00
1:08:30	5	17,46	0,00
1:09:00	5	17,46	0,00
1:09:30	5	17,45	0,00
1:10:00	5	17,45	0,00
1:10:30	5	17,44	0,00
1:11:00	5	17,44	0,00
1:11:30	5	17,43	0,00
1:12:00	5	17,43	0,00
1:12:30	5	17,43	0,00
1:13:00	5	17,42	0,00
1:13:30	5	17,41	0,00
1:14:00	5	17,40	0,00
1:14:30	5	17,40	0,00
1:15:00	5	17,40	0,00
1:15:30	5	17,39	0,00
1:16:00	5	17,38	0,00
1:16:30	5	17,38	0,00
1:17:00	5	17,38	0,00
1:17:30	5	17,37	0,00
1:18:00	5	17,36	0,00
1:18:30	5	17,35	0,00
1:19:00	5	17,34	0,00
1:19:30	5	17,34	0,00
1:20:00	5	17,33	0,00
1:20:30	5	17,32	0,00
1:21:00	5	17,32	0,00
1:21:30	5	17,31	0,00
1:22:00	5	17,29	0,00
1:22:30	5	17,29	0,00
1:23:00	5	17,29	0,00
1:23:30	5	17,27	0,00
1:24:00	5	17,26	0,00
1:24:30	5	17,25	0,00
1:25:00	5	17,25	0,00
1:25:30	5	17,24	0,00
1:26:00	5	17,23	0,00
1:26:30	5	17,22	0,00
1:27:00	5	17,21	0,00
1:27:30	5	17,20	0,00
1:28:00	5	17,19	0,00
1:28:30	5	17,18	0,00
1:29:00	5	17,16	0,00
1:29:30	5	17,16	0,00
1:30:00	5	17,14	0,00
1:30:30	4	17,13	0,00
1:31:00	4	17,12	0,00
1:31:30	4	17,10	0,00
1:32:00	4	17,09	0,00
1:32:30	4	17,08	0,00
1:33:00	4	17,07	0,00
1:33:30	4	17,05	0,00
1:34:00	4	17,04	0,00
1:34:30	4	17,02	0,00
1:35:00	4	17,01	0,00
1:35:30	4	16,99	0,00
1:36:00	4	16,98	0,00
1:36:30	4	16,95	0,00
1:37:00	4	16,94	0,00
1:37:30	4	16,92	0,00
1:38:00	4	16,91	0,00
1:38:30	4	16,89	0,00
1:39:00	4	16,87	0,00
1:39:30	4	16,86	0,00
1:40:00	4	16,84	0,01
1:40:30	4	16,81	0,01
1:41:00	4	16,80	0,01
1:41:30	4	16,78	0,02
1:42:00	4	16,75	0,02
1:42:30	4	16,73	0,03
1:43:00	4	16,71	0,03
1:43:30	4	16,68	0,04
1:44:00	4	16,65	0,05
1:44:30	4	16,63	0,05
1:45:00	4	16,60	0,06
1:45:30	4	16,58	0,07
1:46:00	4	16,55	0,07
1:46:30	4	16,52	0,08
1:47:00	4	16,50	0,09
1:47:30	4	16,47	0,09
1:48:00	4	16,43	0,10
1:48:30	4	16,40	0,11
1:49:00	4	16,36	0,12
1:49:30	4	16,32	0,13
1:50:00	4	16,29	0,14
1:50:30	4	16,24	0,16
1:51:00	4	16,20	0,17
1:51:30	4	16,15	0,18
1:52:00	4	16,11	0,19
1:52:30	4	16,05	0,21
1:53:00	4	16,00	0,23
1:53:30	4	15,93	0,25
1:54:00	4	15,88	0,26
1:54:30	4	15,81	0,29
1:55:00	4	15,74	0,31
1:55:30	4	15,66	0,33
1:56:00	4	15,60	0,35
1:56:30	4	15,54	0,38
1:57:00	4	15,47	0,40
1:57:30	4	15,39	0,43
1:58:00	4	15,33	0,46
1:58:30	4	15,26	0,48
1:59:00	4	15,19	0,51
1:59:30	4	15,12	0,54
2:00:00	4	15,06	0,57
2:00:30	4	14,99	0,60
2:01:00	4	14,92	0,63
2:01:30	4	14,86	0,65
2:02:00	4	14,78	0,69
2:02:30	4	14,71	0,72
2:03:00	4	14,65	0,75
2:03:30	4	14,59	0,78
2:04:00	4	14,53	0,81
2:04:30	4	14,46	0,85
2:05:00	4	14,42	0,87
2:05:30	5	14,36	0,91
2:06:00	5	14,30	0,94
2:06:30	5	14,24	0,98
2:07:00	5	14,19	1,01
2:07:30	5	14,13	1,04
2:08:00	5	14,07	1,08
2:08:30	5	14,03	1,10
2:09:00	5	13,98	1,14
2:09:30	5	13,93	1,17
2:10:00	5	13,89	1,20
2:10:30	5	13,84	1,23
2:11:00	5	13,80	1,26
2:11:30	5	13,76	1,29
2:12:00	5	13,71	1,32
2:12:30	5	13,68	1,35
2:13:00	5	13,64	1,37
2:13:30	5	13,60	1,40
2:14:00	5	13,57	1,42
2:14:30	5	13,54	1,45
2:15:00	5	13,50	1,48
2:15:30	5	13,47	1,51
2:16:00	5	13,43	1,54
2:16:30	5	13,40	1,56
2:17:00	5	13,36	1,59
2:17:30	5	13,33	1,62
2:18:00	5	13,30	1,64
2:18:30	5	13,27	1,67
2:19:00	5	13,24	1,69
2:19:30	5	13,21	1,72
2:20:00	5	13,19	1,74
2:20:30	5	13,16	1,77
2:21:00	5	13,13	1,80
2:21:30	5	13,11	1,82
2:22:00	5	13,08	1,85
2:22:30	5	13,05	1,87
2:23:00	5	13,03	1,89
2:23:30	5	13,01	1,91
2:24:00	5	12,99	1,93
2:24:30	5	12,96	1,96
2:25:00	5	12,93	1,98
2:25:30	5	12,91	2,01
2:26:00	5	12,89	2,03
2:26:30	5	12,87	2,05
2:27:00	5	12,84	2,08
2:27:30	5	12,83	2,09
2:28:00	5	12,81	2,12
2:28:30	5	12,79	2,14
2:29:00	5	12,76	2,16
2:29:30	5	12,75	2,18
2:30:00	5	12,73	2,20
2:30:30	5	12,71	2,22
2:31:00	5	12,69	2,25
2:31:30	5	12,67	2,26
2:32:00	5	12,66	2,28
2:32:30	5	12,64	2,31
2:33:00	5	12,62	2,32
2:33:30	5	12,61	2,34
2:34:00	5	12,58	2,37
2:34:30	5	12,57	2,38
2:35:00	5	12,55	2,40
2:35:30	5	12,54	2,42
2:36:00	4	12,52	2,44
2:36:30	4	12,51	2,46
2:37:00	4	12,49	2,47
2:37:30	4	12,48	2,49
2:38:00	4	12,46	2,51
2:38:30	4	12,45	2,53
2:39:00	4	12,43	2,55
2:39:30	4	12,41	2,58
2:40:00	4	12,39	2,60
2:40:30	4	12,38	2,61
2:41:00	4	12,37	2,62
2:41:30	4	12,36	2,64
2:42:00	4	12,34	2,66
2:42:30	4	12,34	2,67
2:43:00	4	12,32	2,69
2:43:30	4	12,30	2,71
2:44:00	4	12,30	2,72
2:44:30	4	12,28	2,74
2:45:00	4	12,27	2,75
2:45:30	4	12,26	2,77
2:46:00	4	12,25	2,78
2:46:30	4	12,24	2,80
2:47:00	4	12,23	2,81
2:47:30	4	12,21	2,83
2:48:00	4	12,21	2,84
2:48:30	4	12,19	2,87
2:49:00	4	12,18	2,88
2:49:30	4	12,17	2,90
2:50:00	4	12,16	2,91
2:50:30	4	12,16	2,92
2:51:00	4	12,15	2,93
2:51:30	4	12,13	2,95
2:52:00	4	12,13	2,96
2:52:30	4	12,12	2,97
2:53:00	4	12,10	2,99
2:53:30	4	12,09	3,00
2:54:00	4	12,09	3,02
2:54:30	4	12,08	3,03
2:55:00	4	12,07	3,04
2:55:30	4	12,07	3,05
2:56:00	4	12,05	3,07
2:56:30	4	12,04	3,08
2:57:00	4	12,04	3,09
2:57:30	4	12,03	3,10
2:58:00	4	12,02	3,12
2:58:30	4	12,01	3,13
2:59:00	4	12,00	3,14
2:59:30	4	12,00	3,15
3:00:00	4	11,99	3,16
3:00:30	4	11,98	3,17
3:01:00	4	11,98	3,19
3:01:30	4	11,97	3,20
3:02:00	4	11,96	3,21
3:02:30	4	11,95	3,22
3:03:00	4	11,95	3,23
3:03:30	4	11,94	3,24
3:04:00	4	11,94	3,24
3:04:30	4	11,93	3,26
3:05:00	4	11,92	3,27
3:05:30	4	11,91	3,28
3:06:00	4	11,91	3,29
3:06:30	4	11,90	3,30
3:07:00	4	11,90	3,30
3:07:30	4	11,89	3,32
3:08:00	4	11,88	3,33
3:08:30	4	11,88	3,34
3:09:00	4	11,87	3,35
3:09:30	4	11,87	3,35
3:10:00	4	11,86	3,36
3:10:30	4	11,86	3,38
3:11:00	4	11,85	3,39
3:11:30	4	11,85	3,39
3:12:00	4	11,84	3,40
3:12:30	4	11,83	3,41
3:13:00	4	11,83	3,41
3:13:30	4	11,82	3,43
3:14:00	4	11,82	3,44
3:14:30	4	11,82	3,44
3:15:00	4	11,81	3,45
3:15:30	4	11,80	3,46
3:16:00	4	11,80	3,46
3:16:30	4	11,79	3,48
3:17:00	4	11,79	3,48
3:17:30	4	11,79	3,49
3:18:00	4	11,79	3,49
3:18:30	4	11,78	3,50
3:19:00	4	11,77	3,51
3:19:30	4	11,77	3,51
3:20:00	4	11,77	3,53
3:20:30	4	11,77	3,53
3:21:00	4	11,76	3,54
3:21:30	4	11,76	3,54
3:22:00	4	11,75	3,55
3:22:30	4	11,75	3,55
3:23:00	4	11,74	3,56
3:23:30	4	11,74	3,56
3:24:00	4	11,73	3,58
3:24:30	4	11,73	3,58
3:25:00	4	11,73	3,59
3:25:30	4	11,73	3,59
3:26:00	4	11,72	3,60
3:26:30	4	11,72	3,60
3:27:00	4	11,71	3,62
3:27:30	4	11,71	3,62
3:28:00	4	11,71	3,62
3:28:30	4	11,70	3,63
3:29:00	4	11,70	3,63
3:29:30	4	11,70	3,64
3:30:00	4	11,70	3,64
3:30:30	4	11,69	3,66
3:31:00	4	11,69	3,66
3:31:30	4	11,69	3,66
3:32:00	4	11,68	3,67
3:32:30	4	11,68	3,67
3:33:00	4	11,68	3,67
3:33:30	4	11,68	3,68
3:34:00	4	11,68	3,68
3:34:30	4	11,67	3,70
3:35:00	4	11,67	3,70
3:35:30	4	11,67	3,70
3:36:00	4	11,66	3,71
3:36:30	4	11,66	3,71
3:37:00	4	11,66	3,71
3:37:30	4	11,65	3,72
3:38:00	4	11,65	3,72
3:38:30	4	11,65	3,72
3:39:00	4	11,64	3,74
3:39:30	4	11,64	3,74
3:40:00	4	11,64	3,74
3:40:30	4	11,64	3,75
3:41:00	4	11,64	3,75
3:41:30	4	11,64	3,75
3:42:00	4	11,64	3,75
3:42:30	4	11,63	3,76
3:43:00	4	11,63	3,76
3:43:30	4	11,63	3,76
3:44:00	4	11,63	3,76
3:44:30	4	11,62	3,78
3:45:00	4	11,62	3,78
3:45:30	4	11,62	3,78
3:46:00	4	11,62	3,79
3:46:30	4	11,62	3,79
3:47:00	4	11,62	3,79
3:47:30	4	11,62	3,79
3:48:00	4	11,61	3,81
3:48:30	4	11,61	3,81
3:49:00	4	11,61	3,81
3:49:30	4	11,61	3,81
3:50:00	4	11,60	3,82
3:50:30	4	11,60	3,82
3:51:00	4	11,60	3,82
3:51:30	4	11,60	3,82
3:52:00	4	11,59	3,83
3:52:30	4	11,59	3,83
3:53:00	4	11,59	3,83
3:53:30	4	11,59	3,83
3:54:00	4	11,59	3,83
3:54:30	4	11,59	3,85
3:55:00	4	11,59	3,85
3:55:30	4	11,59	3,85
3:56:00	4	11,59	3,85
3:56:30	4	11,58	3,86
3:57:00	4	11,58	3,86
3:57:30	4	11,58	3,86
3:58:00	4	11,58	3,86
3:58:30	4	11,58	3,86
3:59:00	4	11,58	3,86
3:59:30	4	11,57	3,88
4:00:00	4	11,57	3,88
4:00:30	4	11,57	3,88
4:01:00	4	11,57	3,88
4:01:30	4	11,57	3,88
4:02:00	4	11,57	3,88
4:02:30	4	11,57	3,88
4:03:00	4	11,56	3,89
4:03:30	4	11,56	3,89
4:04:00	4	11,56	3,89
4:04:30	4	11,56	3,89
4:05:00	4	11,56	3,89
4:05:30	4	11,56	3,89
4:06:00	4	11,55	3,90
4:06:30	4	11,55	3,90
4:07:00	3	11,55	3,90
4:07:30	3	11,55	3,90
4:08:00	3	11,55	3,90
4:08:30	3	11,55	3,90
4:09:00	3	11,55	3,92
4:09:30	3	11,55	3,92
4:10:00	3	11,55	3,92
4:10:30	3	11,55	3,92
4:11:00	3	11,55	3,92
4:11:30	3	11,55	3,92
4:12:00	3	11,55	3,92
4:12:30	3	11,55	3,92
4:13:00	3	11,55	3,92
4:13:30	3	11,54	3,93
4:14:00	3	11,54	3,93
4:14:30	3	11,54	3,93
4:15:00	3	11,54	3,93
4:15:30	3	11,54	3,93
4:16:00	3	11,53	3,95
4:16:30	3	11,54	3,93
4:17:00	3	11,53	3,95
4:17:30	3	11,53	3,95
4:18:00	3	11,53	3,95
4:18:30	3	11,53	3,95
4:19:00	3	11,53	3,95
4:19:30	3	11,53	3,95
4:20:00	3	11,53	3,95
4:20:30	3	11,53	3,95
4:21:00	3	11,53	3,96
4:21:30	3	11,53	3,96
4:22:00	3	11,53	3,96
4:22:30	3	11,53	3,96
4:23:00	3	11,53	3,96
4:23:30	3	11,53	3,96
4:24:00	3	11,53	3,96
4:24:30	3	11,53	3,96
4:25:00	3	11,53	3,96
4:25:30	3	11,52	3,97
4:26:00	3	11,52	3,97
4:26:30	3	11,52	3,97
4:27:00	3	11,52	3,97
4:27:30	3	11,52	3,97
4:28:00	3	11,52	3,97
4:28:30	3	11,52	3,97
4:29:00	3	11,52	3,97
4:29:30	3	11,52	3,97
4:30:00	3	11,52	3,97
4:30:30	3	11,52	3,97
4:31:00	3	11,51	3,99
4:31:30	3	11,51	3,99
4:32:00	3	11,51	3,99
4:32:30	3	11,51	3,99
4:33:00	3	11,51	3,99
4:33:30	3	11,51	3,99
4:34:00	3	11,51	3,99
4:34:30	3	11,51	3,99
4:35:00	3	11,51	3,99
4:35:30	3	11,50	4,00
4:36:00	3	11,50	4,00
4:36:30	3	11,50	4,00
4:37:00	3	11,50	4,00
4:37:30	3	11,50	4,00
4:38:00	3	11,50	4,00
4:38:30	3	11,50	4,00
4:39:00	3	11,50	4,00
4:39:30	3	11,50	4,00
4:40:00	3	11,50	4,00
4:40:30	3	11,50	4,00
4:41:00	3	11,50	4,02
4:41:30	3	11,50	4,02
4:42:00	3	11,50	4,02
4:42:30	3	11,50	4,02
4:43:00	3	11,50	4,02
4:43:30	3	11,50	4,02
4:44:00	3	11,50	4,02
4:44:30	3	11,50	4,02
4:45:00	3	11,50	4,02
4:45:30	3	11,50	4,02
4:46:00	3	11,50	4,02
4:46:30	3	11,50	4,02
4:47:00	3	11,49	4,03
4:47:30	3	11,49	4,03
4:48:00	3	11,49	4,03
4:48:30	3	11,49	4,03
4:49:00	3	11,49	4,03
4:49:30	3	11,49	4,03
4:50:00	3	11,49	4,03
4:50:30	3	11,49	4,03
4:51:00	3	11,49	4,03
4:51:30	3	11,49	4,03
4:52:00	3	11,49	4,03
4:52:30	3	11,49	4,03
4:53:00	3	11,49	4,03
4:53:30	3	11,48	4,05
4:54:00	3	11,48	4,05
4:54:30	3	11,48	4,05
4:55:00	3	11,48	4,05
4:55:30	3	11,48	4,05
4:56:00	3	11,48	4,05
4:56:30	3	11,48	4,05
4:57:00	3	11,48	4,05
4:57:30	3	11,48	4,05
4:58:00	3	11,48	4,05
4:58:30	3	11,48	4,05
4:59:00	3	11,48	4,05
4:59:30	3	11,48	4,05
5:00:00	3	11,48	4,05
5:00:30	3	11,47	4,06
5:01:00	3	11,47	4,06
5:01:30	3	11,47	4,06
5:02:00	3	11,47	4,06
5:02:30	3	11,47	4,06
5:03:00	3	11,47	4,06
5:03:30	3	11,47	4,06
5:04:00	3	11,47	4,06
5:04:30	3	11,47	4,06
5:05:00	3	11,47	4,06
5:05:30	3	11,47	4,06
5:06:00	3	11,47	4,06
5:06:30	3	11,47	4,06
5:07:00	3	11,47	4,06
5:07:30	3	11,46	4,08
5:08:00	3	11,46	4,08
5:08:30	3	11,46	4,08
5:09:00	3	11,46	4,08
5:09:30	3	11,46	4,08
5:10:00	3	11,46	4,08
5:10:30	3	11,46	4,08
5:11:00	3	11,46	4,08
5:11:30	3	11,46	4,08
5:12:00	3	11,46	4,09
5:12:30	3	11,46	4,08
5:13:00	3	11,46	4,08
5:13:30	3	11,46	4,08
5:14:00	3	11,46	4,09
5:14:30	3	11,46	4,08
5:15:00	3	11,46	4,08
5:15:30	3	11,46	4,09
5:16:00	3	11,46	4,08
5:16:30	3	11,46	4,09
5:17:00	3	11,46	4,09
5:17:30	3	11,46	4,08
5:18:00	3	11,46	4,09
5:18:30	3	11,46	4,09
5:19:00	3	11,46	4,09
5:19:30	3	11,46	4,09
5:20:00	3	11,46	4,09
5:20:30	3	11,46	4,09
5:21:00	3	11,46	4,09
5:21:30	3	11,46	4,09
5:22:00	3	11,46	4,09
5:22:30	3	11,46	4,09
5:23:00	3	11,46	4,09
5:23:30	3	11,46	4,09
5:24:00	3	11,45	4,11
5:24:30	3	11,45	4,11
5:25:00	3	11,45	4,11
5:25:30	3	11,45	4,11
5:26:00	3	11,45	4,11
5:26:30	3	11,45	4,11
5:27:00	3	11,45	4,11
5:27:30	3	11,45	4,11
5:28:00	3	11,45	4,11
5:28:30	3	11,45	4,11
5:29:00	3	11,45	4,11
5:29:30	3	11,45	4,11
5:30:00	3	11,45	4,11
5:30:30	3	11,45	4,11
5:31:00	3	11,45	4,11
5:31:30	3	11,45	4,11
5:32:00	3	11,45	4,11
5:32:30	3	11,45	4,11
5:33:00	3	11,45	4,11
5:33:30	3	11,44	4,12
5:34:00	3	11,44	4,12
5:34:30	3	11,44	4,12
5:35:00	3	11,44	4,12
5:35:30	3	11,44	4,12
5:36:00	3	11,44	4,12
5:36:30	3	11,44	4,12
5:37:00	3	11,44	4,12
5:37:30	3	11,44	4,12
5:38:00	3	11,44	4,12
5:38:30	3	11,44	4,12
5:39:00	3	11,44	4,12
5:39:30	3	11,44	4,12
5:40:00	3	11,44	4,12
5:40:30	3	11,44	4,12
5:41:00	3	11,44	4,12
5:41:30	3	11,44	4,12
5:42:00	3	11,44	4,12
5:42:30	3	11,44	4,12
5:43:00	3	11,44	4,12
5:43:30	3	11,44	4,12
5:44:00	3	11,43	4,14
5:44:30	3	11,43	4,14
5:45:00	3	11,44	4,12
5:45:30	3	11,43	4,14
5:46:00	3	11,43	4,14
5:46:30	3	11,43	4,14
5:47:00	3	11,44	4,12
5:47:30	3	11,43	4,14
5:48:00	3	11,43	4,14
5:48:30	3	11,43	4,14
5:49:00	3	11,43	4,14
5:49:30	3	11,43	4,14
5:50:00	3	11,43	4,14
5:50:30	3	11,43	4,14
5:51:00	3	11,43	4,14
5:51:30	3	11,43	4,14
5:52:00	3	11,43	4,14
5:52:30	3	11,43	4,14
5:53:00	3	11,43	4,14
5:53:30	3	11,43	4,14
5:54:00	3	11,43	4,15
5:54:30	3	11,43	4,14
5:55:00	3	11,43	4,15
5:55:30	3	11,43	4,15
5:56:00	3	11,43	4,15
5:56:30	3	11,43	4,15
5:57:00	3	11,43	4,15
5:57:30	3	11,43	4,15
5:58:00	3	11,43	4,15
5:58:30	3	11,43	4,15
5:59:00	3	11,43	4,15
5:59:30	3	11,43	4,15
6:00:00	3	11,43	4,15
6:00:30	3	11,43	4,15
6:01:00	3	11,43	4,15
6:01:30	3	11,43	4,15
6:02:00	3	11,43	4,15
6:02:30	3	11,43	4,15
6:03:00	3	11,43	4,15
6:03:30	3	11,43	4,15
6:04:00	3	11,42	4,17
6:04:30	3	11,42	4,17
6:05:00	3	11,42	4,17
6:05:30	3	11,42	4,17
6:06:00	3	11,42	4,17
6:06:30	3	11,42	4,17
6:07:00	3	11,42	4,17
6:07:30	3	11,42	4,17
6:08:00	3	11,42	4,17
6:08:30	3	11,42	4,17
6:09:00	3	11,42	4,17
6:09:30	3	11,42	4,17
6:10:00	3	11,42	4,17
6:10:30	3	11,42	4,17
6:11:00	3	11,42	4,17
6:11:30	3	11,42	4,17
6:12:00	3	11,42	4,17
6:12:30	3	11,42	4,17
6:13:00	3	11,42	4,17
6:13:30	3	11,42	4,17
6:14:00	3	11,42	4,17
6:14:30	3	11,41	4,18
6:15:00	3	11,41	4,18
6:15:30	3	11,42	4,17
6:16:00	3	11,41	4,18
6:16:30	3	11,41	4,18
6:17:00	3	11,41	4,18
6:17:30	3	11,41	4,18
6:18:00	3	11,41	4,18
6:18:30	3	11,41	4,18
6:19:00	3	11,41	4,18
6:19:30	3	11,41	4,18
6:20:00	3	11,41	4,18
6:20:30	3	11,41	4,18
6:21:00	3	11,41	4,18
6:21:30	3	11,41	4,18
6:22:00	3	11,40	4,20
6:22:30	3	11,40	4,20
6:23:00	3	11,40	4,20
6:23:30	3	11,41	4,18
6:24:00	3	11,40	4,20
6:24:30	3	11,40	4,20
6:25:00	3	11,41	4,18
6:25:30	3	11,41	4,18
6:26:00	3	11,41	4,18
6:26:30	3	11,40	4,20
6:27:00	3	11,41	4,18
6:27:30	3	11,40	4,20
6:28:00	3	11,40	4,20
6:28:30	3	11,40	4,20
6:29:00	3	11,40	4,20
6:29:30	3	11,40	4,20
6:30:00	3	11,40	4,20
6:30:30	3	11,40	4,20
6:31:00	3	11,40	4,20
6:31:30	3	11,40	4,20
6:32:00	3	11,40	4,20
6:32:30	3	11,40	4,20
6:33:00	3	11,40	4,20
6:33:30	3	11,40	4,20
6:34:00	3	11,40	4,20
6:34:30	3	11,40	4,20
6:35:00	3	11,40	4,20
6:35:30	3	11,40	4,20
6:36:00	3	11,40	4,21
6:36:30	3	11,40	4,20
6:37:00	3	11,40	4,20
6:37:30	3	11,40	4,20
6:38:00	3	11,40	4,20
6:38:30	3	11,40	4,20
6:39:00	3	11,40	4,20
6:39:30	3	11,40	4,20
6:40:00	3	11,40	4,21
6:40:30	3	11,40	4,21
6:41:00	3	11,40	4,21
6:41:30	3	11,40	4,21
6:42:00	3	11,40	4,21
6:42:30	3	11,40	4,21
6:43:00	3	11,40	4,21
6:43:30	3	11,40	4,20
6:44:00	3	11,40	4,21
6:44:30	3	11,40	4,21
6:45:00	3	11,40	4,21
6:45:30	3	11,40	4,21
6:46:00	3	11,40	4,21
6:46:30	3	11,40	4,21
6:47:00	3	11,40	4,21
6:47:30	3	11,40	4,21
6:48:00	3	11,40	4,21
6:48:30	3	11,40	4,21
6:49:00	3	11,40	4,21
6:49:30	3	11,40	4,21
6:50:00	3	11,40	4,21
6:50:30	3	11,40	4,21
6:51:00	3	11,40	4,21
6:51:30	3	11,40	4,21
6:52:00	3	11,39	4,23
6:52:30	3	11,40	4,21
6:53:00	3	11,39	4,23
6:53:30	3	11,40	4,21
6:54:00	3	11,39	4,23
6:54:30	3	11,39	4,23
6:55:00	3	11,39	4,23
6:55:30	3	11,39	4,23
6:56:00	3	11,39	4,23
6:56:30	3	11,39	4,23
6:57:00	3	11,39	4,23
6:57:30	3	11,39	4,23
6:58:00	3	11,39	4,23
6:58:30	3	11,40	4,21
6:59:00	3	11,39	4,23
6:59:30	3	11,39	4,23
7:00:00	3	11,39	4,23
7:00:30	3	11,39	4,23
7:01:00	3	11,39	4,23
7:01:30	3	11,39	4,23
7:02:00	3	11,39	4,23
7:02:30	3	11,39	4,23
7:03:00	3	11,39	4,23
7:03:30	3	11,39	4,23
7:04:00	3	11,38	4,24
7:04:30	3	11,38	4,24
7:05:00	3	11,39	4,23
7:05:30	3	11,39	4,23
7:06:00	3	11,39	4,23
7:06:30	3	11,39	4,23
7:07:00	3	11,39	4,23
7:07:30	3	11,38	4,24
7:08:00	3	11,38	4,24
7:08:30	3	11,39	4,23
7:09:00	3	11,39	4,23
7:09:30	3	11,38	4,24
7:10:00	3	11,39	4,23
7:10:30	3	11,38	4,24
7:11:00	3	11,38	4,24
7:11:30	3	11,38	4,24
7:12:00	3	11,38	4,24
7:12:30	3	11,38	4,24
7:13:00	3	11,38	4,24
7:13:30	3	11,38	4,24
7:14:00	3	11,38	4,24
7:14:30	3	11,38	4,24
7:15:00	3	11,38	4,24
7:15:30	3	11,38	4,24
7:16:00	3	11,38	4,24
7:16:30	3	11,38	4,24
7:17:00	3	11,38	4,24
7:17:30	3	11,38	4,24
7:18:00	3	11,38	4,24
7:18:30	3	11,38	4,24
7:19:00	3	11,38	4,24
7:19:30	3	11,38	4,24
7:20:00	3	11,38	4,24
7:20:30	3	11,38	4,26
7:21:00	3	11,38	4,26
7:21:30	3	11,38	4,26
7:22:00	3	11,38	4,26
7:22:30	3	11,38	4,26
7:23:00	3	11,38	4,26
7:23:30	3	11,38	4,26
7:24:00	3	11,38	4,26
7:24:30	3	11,38	4,26
7:25:00	3	11,38	4,26
7:25:30	3	11,38	4,26
7:26:00	3	11,38	4,26
7:26:30	3	11,38	4,26
7:27:00	3	11,38	4,26
7:27:30	3	11,38	4,26
7:28:00	3	11,38	4,26
7:28:30	3	11,38	4,26
7:29:00	3	11,38	4,26
7:29:30	3	11,38	4,26
7:30:00	3	11,38	4,26
7:30:30	3	11,38	4,26
7:31:00	3	11,38	4,26
7:31:30	3	11,38	4,26
7:32:00	3	11,38	4,26
7:32:30	3	11,38	4,26
7:33:00	3	11,38	4,26
7:33:30	3	11,38	4,26
7:34:00	3	11,38	4,26
7:34:30	3	11,38	4,26
7:35:00	3	11,37	4,27
7:35:30	3	11,37	4,27
7:36:00	3	11,38	4,26
7:36:30	3	11,37	4,27
7:37:00	3	11,37	4,27
7:37:30	3	11,37	4,27
7:38:00	3	11,38	4,26
7:38:30	3	11,37	4,27
7:39:00	3	11,37	4,27
7:39:30	3	11,37	4,27
7:40:00	3	11,37	4,27
7:40:30	3	11,37	4,27
7:41:00	3	11,37	4,27
7:41:30	3	11,37	4,27
7:42:00	3	11,37	4,27
7:42:30	3	11,37	4,27
7:43:00	3	11,37	4,27
7:43:30	3	11,37	4,27
7:44:00	3	11,37	4,27
7:44:30	3	11,37	4,27
7:45:00	3	11,37	4,27
7:45:30	3	11,37	4,27
7:46:00	3	11,37	4,27
7:46:30	3	11,37	4,27
7:47:00	3	11,37	4,27
7:47:30	3	11,37	4,27
7:48:00	3	11,37	4,27
7:48:30	3	11,37	4,27
7:49:00	3	11,37	4,27
7:49:30	3	11,37	4,27
7:50:00	3	11,37	4,27
7:50:30	3	11,37	4,27
7:51:00	3	11,37	4,27
7:51:30	3	11,36	4,29
7:52:00	3	11,37	4,27
7:52:30	3	11,37	4,27
7:53:00	3	11,36	4,29
7:53:30	3	11,36	4,29
7:54:00	3	11,36	4,29
7:54:30	3	11,36	4,29
7:55:00	3	11,36	4,29
7:55:30	3	11,36	4,29
7:56:00	3	11,36	4,29
7:56:30	3	11,36	4,29
7:57:00	3	11,36	4,29
7:57:30	3	11,36	4,29
7:58:00	3	11,36	4,29
7:58:30	3	11,36	4,29
7:59:00	3	11,36	4,29
7:59:30	3	11,36	4,29
8:00:00	3	11,36	4,29
8:00:30	3	11,36	4,29
8:01:00	3	11,36	4,29
8:01:30	3	11,36	4,29
8:02:00	3	11,36	4,29
8:02:30	3	11,36	4,29
8:03:00	3	11,36	4,29
8:03:30	3	11,36	4,29
8:04:00	3	11,36	4,29
8:04:30	3	11,36	4,29
8:05:00	3	11,36	4,29
8:05:30	3	11,36	4,29
8:06:00	3	11,36	4,29
8:06:30	3	11,36	4,29
8:07:00	3	11,36	4,29
8:07:30	3	11,36	4,29
8:08:00	3	11,36	4,29
8:08:30	3	11,36	4,29
8:09:00	3	11,36	4,29
8:09:30	3	11,36	4,29
8:10:00	3	11,36	4,29
8:10:30	3	11,36	4,29
8:11:00	3	11,35	4,31
8:11:30	3	11,35	4,31
8:12:00	3	11,36	4,29
8:12:30	3	11,36	4,29
8:13:00	3	11,36	4,29
8:13:30	3	11,35	4,31
8:14:00	3	11,36	4,29
8:14:30	3	11,35	4,31
8:15:00	3	11,35	4,31
8:15:30	3	11,35	4,31
8:16:00	3	11,35	4,31
8:16:30	3	11,35	4,31
8:17:00	3	11,35	4,31
8:17:30	3	11,35	4,31
8:18:00	3	11,35	4,31
8:18:30	3	11,35	4,31
8:19:00	3	11,35	4,31
8:19:30	3	11,35	4,31
8:20:00	3	11,35	4,31
8:20:30	3	11,35	4,31
8:21:00	3	11,35	4,31
8:21:30	3	11,35	4,31
8:22:00	3	11,35	4,31
8:22:30	3	11,35	4,31
8:23:00	3	11,35	4,31
8:23:30	3	11,35	4,31
8:24:00	3	11,35	4,31
8:24:30	3	11,35	4,31
8:25:00	3	11,35	4,31
8:25:30	3	11,35	4,31
8:26:00	3	11,35	4,31
8:26:30	3	11,35	4,31
8:27:00	3	11,35	4,31
8:27:30	3	11,35	4,31
8:28:00	3	11,35	4,31
8:28:30	3	11,34	4,32
8:29:00	3	11,34	4,32
8:29:30	3	11,34	4,32
8:30:00	3	11,34	4,32
8:30:30	3	11,34	4,32
8:31:00	3	11,34	4,32
8:31:30	3	11,34	4,32
8:32:00	3	11,34	4,32
8:32:30	3	11,34	4,32
8:33:00	3	11,34	4,32
8:33:30	3	11,34	4,32
8:34:00	3	11,34	4,32
8:34:30	3	11,34	4,32
8:35:00	3	11,34	4,32
8:35:30	3	11,34	4,32
8:36:00	3	11,34	4,32
8:36:30	3	11,34	4,32
8:37:00	3	11,34	4,32
8:37:30	3	11,34	4,32
8:38:00	3	11,34	4,32
8:38:30	3	11,34	4,32
8:39:00	3	11,34	4,32
8:39:30	3	11,34	4,32
8:40:00	3	11,34	4,32
8:40:30	3	11,34	4,32
8:41:00	3	11,34	4,34
8:41:30	3	11,34	4,32
8:42:00	3	11,34	4,32
8:42:30	3	11,34	4,34
8:43:00	3	11,34	4,32
8:43:30	3	11,34	4,32
8:44:00	3	11,34	4,32
8:44:30	3	11,34	4,32
8:45:00	3	11,34	4,34
8:45:30	3	11,34	4,32
8:46:00	3	11,34	4,32
8:46:30	3	11,34	4,34
8:47:00	3	11,34	4,34
8:47:30	3	11,34	4,32
8:48:00	3	11,34	4,34
8:48:30	3	11,34	4,32
8:49:00	3	11,34	4,34
8:49:30	3	11,34	4,34
8:50:00	3	11,34	4,34
8:50:30	3	11,34	4,34
8:51:00	3	11,34	4,34
8:51:30	3	11,34	4,34
8:52:00	3	11,34	4,34
8:52:30	3	11,34	4,34
8:53:00	3	11,34	4,34
8:53:30	3	11,34	4,34
8:54:00	3	11,34	4,34
8:54:30	3	11,34	4,34
8:55:00	3	11,34	4,34
8:55:30	3	11,34	4,34
8:56:00	3	11,34	4,34
8:56:30	3	11,34	4,34
8:57:00	3	11,34	4,34
8:57:30	3	11,34	4,34
8:58:00	3	11,34	4,34
8:58:30	3	11,34	4,34
8:59:00	3	11,34	4,34
8:59:30	3	11,34	4,34
9:00:00	3	11,34	4,34
9:00:30	3	11,34	4,34
9:01:00	3	11,34	4,34
9:01:30	3	11,34	4,34
9:02:00	3	11,34	4,34
9:02:30	3	11,33	4,35
9:03:00	3	11,33	4,35
9:03:30	3	11,34	4,34
9:04:00	3	11,34	4,34
9:04:30	3	11,34	4,34
9:05:00	3	11,34	4,34
9:05:30	3	11,34	4,34
9:06:00	3	11,34	4,34
9:06:30	3	11,34	4,34
9:07:00	3	11,34	4,34
9:07:30	3	11,34	4,34
9:08:00	3	11,33	4,35
9:08:30	3	11,33	4,35
9:09:00	3	11,33	4,35
9:09:30	3	11,34	4,34
9:10:00	3	11,33	4,35
9:10:30	3	11,34	4,34
9:11:00	3	11,33	4,35
9:11:30	3	11,33	4,35
9:12:00	3	11,33	4,35
9:12:30	3	11,33	4,35
9:13:00	3	11,34	4,34
9:13:30	3	11,33	4,35
9:14:00	3	11,33	4,35
9:14:30	3	11,33	4,35
9:15:00	3	11,33	4,35
9:15:30	3	11,33	4,35
9:16:00	3	11,33	4,35
9:16:30	3	11,33	4,35
9:17:00	3	11,33	4,35
9:17:30	3	11,33	4,35
9:18:00	3	11,33	4,35
9:18:30	3	11,33	4,35
9:19:00	3	11,33	4,35
9:19:30	3	11,33	4,35
9:20:00	3	11,33	4,35
9:20:30	3	11,33	4,35
9:21:00	3	11,33	4,35
9:21:30	3	11,33	4,35
9:22:00	3	11,33	4,35
9:22:30	3	11,33	4,35
9:23:00	3	11,33	4,35
9:23:30	3	11,33	4,35
9:24:00	3	11,33	4,35
9:24:30	3	11,33	4,35
9:25:00	3	11,33	4,35
9:25:30	3	11,33	4,35
9:26:00	3	11,33	4,35
9:26:30	3	11,33	4,35
9:27:00	3	11,33	4,35
9:27:30	3	11,33	4,35
9:28:00	3	11,33	4,35
9:28:30	3	11,33	4,35
9:29:00	3	11,33	4,35
9:29:30	3	11,33	4,35
9:30:00	3	11,33	4,35
9:30:30	3	11,33	4,35
9:31:00	3	11,33	4,35
9:31:30	3	11,33	4,35
9:32:00	3	11,32	4,37
9:32:30	3	11,32	4,37
9:33:00	3	11,32	4,37
9:33:30	3	11,32	4,37
9:34:00	3	11,32	4,37
9:34:30	3	11,32	4,37
9:35:00	3	11,32	4,37
9:35:30	3	11,32	4,37
9:36:00	3	11,32	4,37
9:36:30	3	11,32	4,37
9:37:00	3	11,32	4,37
9:37:30	3	11,32	4,37
9:38:00	3	11,32	4,37
9:38:30	3	11,32	4,38
9:39:00	3	11,32	4,38
9:39:30	3	11,32	4,38
9:40:00	3	11,32	4,38
9:40:30	3	11,32	4,38
9:41:00	3	11,32	4,38
9:41:30	3	11,32	4,38
9:42:00	3	11,32	4,38
9:42:30	3	11,32	4,38
9:43:00	3	11,32	4,38
9:43:30	3	11,32	4,38
9:44:00	3	11,32	4,38
9:44:30	3	11,32	4,38
9:45:00	3	11,32	4,38
9:45:30	3	11,32	4,38
9:46:00	3	11,32	4,38
9:46:30	3	11,32	4,38
9:47:00	3	11,32	4,38
9:47:30	3	11,32	4,38
9:48:00	3	11,32	4,38
9:48:30	3	11,32	4,38
9:49:00	3	11,32	4,38
9:49:30	3	11,31	4,40
9:50:00	3	11,32	4,38
9:50:30	3	11,32	4,38
9:51:00	3	11,32	4,38
9:51:30	3	11,32	4,38
9:52:00	3	11,32	4,38
9:52:30	3	11,32	4,38
9:53:00	3	11,31	4,40
9:53:30	3	11,32	4,38
9:54:00	3	11,32	4,38
9:54:30	3	11,31	4,40
9:55:00	3	11,32	4,38
9:55:30	3	11,31	4,40
9:56:00	3	11,31	4,40
9:56:30	3	11,31	4,40
9:57:00	3	11,31	4,40
9:57:30	3	11,31	4,40
9:58:00	3	11,31	4,40
9:58:30	3	11,31	4,40
9:59:00	3	11,31	4,40
9:59:30	3	11,31	4,40
10:00:00	3	11,31	4,40
10:00:30	3	11,31	4,40
10:01:00	3	11,31	4,40
10:01:30	3	11,31	4,40
10:02:00	3	11,31	4,40
10:02:30	3	11,31	4,40
10:03:00	3	11,31	4,40
10:03:30	3	11,31	4,40
10:04:00	3	11,31	4,40
10:04:30	3	11,31	4,40
10:05:00	3	11,31	4,40
10:05:30	3	11,31	4,40
10:06:00	3	11,31	4,40
10:06:30	3	11,31	4,40
10:07:00	3	11,31	4,40
10:07:30	3	11,31	4,40
10:08:00	3	11,31	4,40
10:08:30	3	11,31	4,40
10:09:00	3	11,31	4,40
10:09:30	3	11,31	4,40
10:10:00	3	11,31	4,40
10:10:30	3	11,31	4,40
10:11:00	3	11,31	4,40
10:11:30	3	11,31	4,40
10:12:00	3	11,31	4,40
10:12:30	3	11,31	4,40
10:13:00	3	11,31	4,40
10:13:30	3	11,31	4,40
10:14:00	3	11,31	4,40
10:14:30	3	11,31	4,40
10:15:00	3	11,30	4,42
10:15:30	3	11,30	4,42
10:16:00	3	11,31	4,40
10:16:30	3	11,30	4,42
10:17:00	3	11,30	4,42
10:17:30	3	11,30	4,42
10:18:00	3	11,31	4,40
10:18:30	3	11,31	4,40
10:19:00	3	11,30	4,42
10:19:30	3	11,31	4,40
10:20:00	3	11,30	4,42
10:20:30	3	11,30	4,42
10:21:00	3	11,30	4,42
10:21:30	3	11,31	4,40
10:22:00	3	11,30	4,42
10:22:30	3	11,30	4,42
10:23:00	3	11,30	4,42
10:23:30	3	11,30	4,42
10:24:00	3	11,30	4,42
10:24:30	3	11,30	4,42
10:25:00	3	11,30	4,42
10:25:30	3	11,30	4,42
10:26:00	3	11,30	4,42
10:26:30	3	11,30	4,42
10:27:00	3	11,30	4,42
10:27:30	3	11,30	4,42
10:28:00	3	11,30	4,42
10:28:30	3	11,30	4,42
10:29:00	3	11,30	4,42
10:29:30	3	11,30	4,42
10:30:00	3	11,30	4,42
10:30:30	3	11,30	4,42
10:31:00	3	11,30	4,42
10:31:30	3	11,30	4,42
10:32:00	3	11,30	4,42
10:32:30	3	11,30	4,42
10:33:00	3	11,30	4,42
10:33:30	3	11,30	4,42
10:34:00	3	11,30	4,42
10:34:30	3	11,30	4,42
10:35:00	3	11,30	4,42
10:35:30	3	11,30	4,42
10:36:00	3	11,30	4,42
10:36:30	3	11,30	4,42
10:37:00	3	11,30	4,42
10:37:30	3	11,30	4,42
10:38:00	3	11,30	4,42
10:38:30	3	11,30	4,42
10:39:00	3	11,30	4,42
10:39:30	3	11,30	4,42
10:40:00	3	11,30	4,42
10:40:30	3	11,30	4,42
10:41:00	3	11,30	4,42
10:41:30	3	11,30	4,42
10:42:00	3	11,29	4,43
10:42:30	3	11,30	4,42
10:43:00	3	11,30	4,42
10:43:30	3	11,29	4,43
10:44:00	3	11,29	4,43
10:44:30	3	11,29	4,43
10:45:00	3	11,30	4,42
10:45:30	3	11,29	4,43
10:46:00	3	11,29	4,43
10:46:30	3	11,29	4,43
10:47:00	3	11,29	4,43
10:47:30	3	11,29	4,43
10:48:00	3	11,29	4,43
10:48:30	3	11,29	4,43
10:49:00	3	11,29	4,43
10:49:30	3	11,29	4,43
10:50:00	3	11,29	4,43
10:50:30	3	11,29	4,43
10:51:00	3	11,29	4,43
10:51:30	3	11,29	4,43
10:52:00	3	11,29	4,43
10:52:30	3	11,29	4,43
10:53:00	3	11,29	4,43
10:53:30	3	11,29	4,43
10:54:00	3	11,29	4,43
10:54:30	3	11,29	4,43
10:55:00	3	11,29	4,43
10:55:30	3	11,29	4,43
10:56:00	3	11,29	4,43
10:56:30	3	11,29	4,43
10:57:00	3	11,29	4,43
10:57:30	3	11,29	4,43
10:58:00	3	11,29	4,43
10:58:30	3	11,29	4,43
10:59:00	3	11,29	4,43
10:59:30	3	11,29	4,43
11:00:00	3	11,29	4,43
11:00:30	3	11,29	4,43
11:01:00	3	11,29	4,43
11:01:30	3	11,29	4,43
11:02:00	3	11,29	4,43
11:02:30	3	11,29	4,43
11:03:00	3	11,29	4,43
11:03:30	3	11,29	4,43
11:04:00	3	11,29	4,43
11:04:30	3	11,29	4,43
11:05:00	3	11,29	4,43
11:05:30	3	11,29	4,43
11:06:00	3	11,29	4,43
11:06:30	3	11,29	4,45
11:07:00	3	11,29	4,43
11:07:30	3	11,29	4,43
11:08:00	3	11,29	4,45
11:08:30	3	11,29	4,43
11:09:00	3	11,29	4,45
11:09:30	3	11,29	4,45
11:10:00	3	11,29	4,45
11:10:30	3	11,29	4,45
11:11:00	3	11,29	4,45
11:11:30	3	11,29	4,45
11:12:00	3	11,29	4,45
11:12:30	3	11,29	4,45
11:13:00	3	11,29	4,45
11:13:30	3	11,29	4,45
11:14:00	3	11,29	4,45
11:14:30	3	11,29	4,45
11:15:00	3	11,29	4,45
11:15:30	3	11,29	4,45
11:16:00	3	11,29	4,45
11:16:30	3	11,29	4,45
11:17:00	3	11,29	4,45
11:17:30	3	11,29	4,45
11:18:00	3	11,29	4,45
11:18:30	3	11,29	4,45
11:19:00	3	11,29	4,45
11:19:30	3	11,29	4,45
11:20:00	3	11,29	4,45
11:20:30	3	11,29	4,45
11:21:00	3	11,29	4,45
11:21:30	3	11,29	4,45
11:22:00	3	11,29	4,45
11:22:30	3	11,29	4,45
11:23:00	3	11,29	4,45
11:23:30	3	11,29	4,45
11:24:00	3	11,29	4,45
11:24:30	3	11,29	4,45
11:25:00	3	11,29	4,45
11:25:30	3	11,29	4,45
11:26:00	3	11,29	4,45
11:26:30	3	11,29	4,45
11:27:00	3	11,29	4,45
11:27:30	3	11,29	4,45
11:28:00	3	11,29	4,45
11:28:30	3	11,29	4,45
11:29:00	3	11,29	4,45
11:29:30	3	11,29	4,45
11:30:00	3	11,29	4,45
11:30:30	3	11,29	4,45
11:31:00	3	11,29	4,45
11:31:30	3	11,29	4,45
11:32:00	3	11,29	4,45
11:32:30	3	11,28	4,46
11:33:00	3	11,28	4,46
11:33:30	3	11,28	4,46
11:34:00	3	11,28	4,46
11:34:30	3	11,29	4,45
11:35:00	3	11,29	4,45
11:35:30	3	11,28	4,46
11:36:00	3	11,28	4,46
11:36:30	3	11,28	4,46
11:37:00	3	11,28	4,46
11:37:30	3	11,28	4,46
11:38:00	3	11,28	4,46
11:38:30	3	11,28	4,46
11:39:00	3	11,28	4,46
11:39:30	3	11,28	4,46
11:40:00	3	11,28	4,46
11:40:30	3	11,28	4,46
11:41:00	3	11,28	4,46
11:41:30	3	11,28	4,46
11:42:00	3	11,28	4,46
11:42:30	3	11,28	4,46
11:43:00	3	11,28	4,46
11:43:30	3	11,28	4,46
11:44:00	3	11,28	4,46
11:44:30	3	11,28	4,46
11:45:00	3	11,28	4,46
11:45:30	3	11,28	4,46
11:46:00	3	11,28	4,46
11:46:30	3	11,28	4,46
11:47:00	3	11,28	4,46
11:47:30	3	11,28	4,46
11:48:00	3	11,28	4,46
11:48:30	3	11,28	4,46
11:49:00	3	11,28	4,46
11:49:30	3	11,28	4,46
11:50:00	3	11,28	4,46
11:50:30	3	11,28	4,46
11:51:00	3	11,28	4,46
11:51:30	3	11,28	4,46
11:52:00	3	11,28	4,46
11:52:30	3	11,28	4,46
11:53:00	3	11,28	4,46
11:53:30	3	11,28	4,46
11:54:00	3	11,28	4,46
11:54:30	3	11,27	4,48
11:55:00	3	11,28	4,46
11:55:30	3	11,28	4,46
11:56:00	3	11,27	4,48
11:56:30	3	11,28	4,46
11:57:00	3	11,27	4,48
11:57:30	3	11,27	4,48
11:58:00	3	11,27	4,48
11:58:30	3	11,27	4,48
11:59:00	3	11,27	4,48
11:59:30	3	11,28	4,46
12:00:00	3	11,27	4,48
12:00:30	3	11,27	4,48
12:01:00	3	11,27	4,48
12:01:30	3	11,27	4,48
12:02:00	3	11,27	4,48
12:02:30	3	11,27	4,48
12:03:00	3	11,27	4,48
12:03:30	3	11,27	4,48
12:04:00	3	11,27	4,48
12:04:30	3	11,27	4,48
12:05:00	3	11,27	4,48
12:05:30	3	11,27	4,48
12:06:00	3	11,27	4,48
12:06:30	3	11,27	4,48
12:07:00	3	11,27	4,48
12:07:30	3	11,27	4,48
12:08:00	3	11,27	4,48
12:08:30	3	11,27	4,48
12:09:00	3	11,27	4,48
12:09:30	3	11,27	4,48
12:10:00	3	11,27	4,48
12:10:30	3	11,27	4,48
12:11:00	3	11,27	4,48
12:11:30	3	11,27	4,48
12:12:00	3	11,27	4,48
12:12:30	3	11,27	4,48
12:13:00	3	11,27	4,48
12:13:30	3	11,27	4,48
12:14:00	3	11,26	4,50
12:14:30	3	11,27	4,48
12:15:00	3	11,27	4,48
12:15:30	3	11,26	4,50
12:16:00	3	11,26	4,50
12:16:30	3	11,26	4,50
12:17:00	3	11,26	4,50
12:17:30	3	11,26	4,50
12:18:00	3	11,26	4,50
12:18:30	3	11,26	4,50
12:19:00	3	11,26	4,50
12:19:30	3	11,26	4,50
12:20:00	3	11,26	4,50
12:20:30	3	11,26	4,50
12:21:00	3	11,26	4,50
12:21:30	3	11,26	4,50
12:22:00	3	11,26	4,50
12:22:30	3	11,26	4,50
12:23:00	3	11,26	4,50
12:23:30	3	11,26	4,50
12:24:00	3	11,26	4,50
12:24:30	3	11,26	4,50
12:25:00	3	11,26	4,50
12:25:30	3	11,26	4,50
12:26:00	3	11,26	4,50
12:26:30	3	11,26	4,50
12:27:00	3	11,26	4,50
12:27:30	3	11,26	4,50
12:28:00	3	11,26	4,50
12:28:30	3	11,26	4,50
12:29:00	3	11,26	4,50
12:29:30	3	11,26	4,50
12:30:00	3	11,26	4,50
12:30:30	3	11,26	4,50
12:31:00	3	11,26	4,50
12:31:30	3	11,26	4,50
12:32:00	3	11,26	4,50
12:32:30	3	11,26	4,50
12:33:00	3	11,26	4,50
12:33:30	3	11,26	4,50
12:34:00	3	11,26	4,50
12:34:30	3	11,26	4,50
12:35:00	3	11,26	4,50
12:35:30	3	11,25	4,51
12:36:00	3	11,26	4,50
12:36:30	3	11,26	4,50
12:37:00	3	11,26	4,50
12:37:30	3	11,25	4,51
12:38:00	3	11,25	4,51
12:38:30	3	11,25	4,51
12:39:00	3	11,25	4,51
12:39:30	3	11,25	4,51
12:40:00	3	11,25	4,51
12:40:30	3	11,25	4,51
12:41:00	3	11,25	4,51
12:41:30	3	11,25	4,51
12:42:00	3	11,25	4,51
12:42:30	3	11,25	4,51
12:43:00	3	11,25	4,51
12:43:30	3	11,25	4,51
12:44:00	3	11,25	4,51
12:44:30	3	11,25	4,51
12:45:00	3	11,25	4,51
12:45:30	3	11,25	4,51
12:46:00	3	11,25	4,51
12:46:30	3	11,25	4,51
12:47:00	3	11,25	4,51
12:47:30	3	11,25	4,51
12:48:00	3	11,25	4,51
12:48:30	3	11,25	4,51
12:49:00	3	11,25	4,51
12:49:30	3	11,25	4,51
12:50:00	3	11,25	4,51
12:50:30	3	11,25	4,51
12:51:00	3	11,25	4,51
12:51:30	3	11,25	4,51
12:52:00	3	11,25	4,51
12:52:30	3	11,25	4,51
12:53:00	3	11,25	4,51
12:53:30	3	11,25	4,51
12:54:00	3	11,25	4,51
12:54:30	3	11,25	4,51
12:55:00	3	11,25	4,51
12:55:30	3	11,25	4,51
12:56:00	3	11,25	4,51
12:56:30	3	11,25	4,51
12:57:00	3	11,25	4,51
12:57:30	3	11,25	4,51
12:58:00	3	11,25	4,53
12:58:30	3	11,25	4,53
12:59:00	3	11,25	4,51
12:59:30	3	11,25	4,51
13:00:00	3	11,25	4,53
13:00:30	3	11,25	4,53
13:01:00	3	11,25	4,53
13:01:30	3	11,25	4,53
13:02:00	3	11,25	4,53
13:02:30	3	11,25	4,53
13:03:00	3	11,25	4,53
13:03:30	3	11,25	4,53
13:04:00	3	11,25	4,53
13:04:30	3	11,25	4,53
13:05:00	3	11,25	4,53
13:05:30	3	11,25	4,53
13:06:00	3	11,25	4,53
13:06:30	3	11,25	4,53
13:07:00	3	11,25	4,53
13:07:30	3	11,25	4,53
13:08:00	3	11,25	4,53
13:08:30	3	11,25	4,53
13:09:00	3	11,25	4,53
13:09:30	3	11,25	4,53
13:10:00	3	11,25	4,53
13:10:30	3	11,25	4,53
13:11:00	3	11,25	4,53
13:11:30	3	11,25	4,53
13:12:00	3	11,25	4,53
13:12:30	3	11,25	4,53
13:13:00	3	11,25	4,53
13:13:30	3	11,25	4,53
13:14:00	3	11,25	4,53
13:14:30	3	11,25	4,53
13:15:00	3	11,25	4,53
13:15:30	3	11,25	4,53
13:16:00	3	11,25	4,53
13:16:30	3	11,25	4,53
13:17:00	3	11,25	4,53
13:17:30	3	11,25	4,53
13:18:00	3	11,25	4,53
13:18:30	3	11,24	4,55
13:19:00	3	11,24	4,55
13:19:30	3	11,24	4,55
13:20:00	3	11,24	4,55
13:20:30	3	11,24	4,55
13:21:00	3	11,24	4,55
13:21:30	3	11,24	4,55
13:22:00	3	11,24	4,55
13:22:30	3	11,24	4,55
13:23:00	3	11,24	4,55
13:23:30	3	11,24	4,55
13:24:00	3	11,24	4,55
13:24:30	3	11,24	4,55
13:25:00	3	11,24	4,55
13:25:30	3	11,24	4,55
13:26:00	3	11,24	4,55
13:26:30	3	11,24	4,55
13:27:00	3	11,24	4,55
13:27:30	3	11,24	4,55
13:28:00	3	11,24	4,55
13:28:30	3	11,24	4,55
13:29:00	3	11,24	4,55
13:29:30	3	11,24	4,55
13:30:00	3	11,24	4,55
13:30:30	3	11,24	4,55
13:31:00	3	11,24	4,55
13:31:30	3	11,24	4,55
13:32:00	3	11,24	4,55
13:32:30	3	11,24	4,55
13:33:00	3	11,24	4,55
13:33:30	3	11,24	4,55
13:34:00	3	11,24	4,55
13:34:30	3	11,24	4,55
13:35:00	3	11,24	4,55
13:35:30	3	11,24	4,55
13:36:00	3	11,24	4,55
13:36:30	3	11,24	4,55
13:37:00	3	11,24	4,55
13:37:30	3	11,24	4,55
13:38:00	3	11,24	4,55
13:38:30	3	11,24	4,55
13:39:00	3	11,24	4,55
13:39:30	3	11,24	4,55
13:40:00	3	11,24	4,55
13:40:30	3	11,24	4,55
13:41:00	3	11,24	4,55
13:41:30	3	11,23	4,56
13:42:00	3	11,23	4,56
13:42:30	3	11,23	4,56
13:43:00	3	11,23	4,56
13:43:30	3	11,23	4,56
13:44:00	3	11,23	4,56
13:44:30	3	11,23	4,56
13:45:00	3	11,23	4,56
13:45:30	3	11,23	4,56
13:46:00	3	11,23	4,56
13:46:30	3	11,23	4,56
13:47:00	3	11,23	4,56
13:47:30	3	11,23	4,56
13:48:00	3	11,23	4,56
13:48:30	3	11,23	4,56
13:49:00	3	11,23	4,56
13:49:30	3	11,23	4,56
13:50:00	3	11,23	4,56
13:50:30	3	11,23	4,56
13:51:00	3	11,23	4,56
13:51:30	3	11,23	4,56
13:52:00	3	11,23	4,56
13:52:30	3	11,23	4,56
13:53:00	3	11,23	4,56
13:53:30	3	11,23	4,56
13:54:00	3	11,23	4,56
13:54:30	3	11,23	4,56
13:55:00	3	11,23	4,56
13:55:30	3	11,23	4,56
13:56:00	3	11,23	4,56
13:56:30	3	11,23	4,56
13:57:00	3	11,23	4,56
13:57:30	3	11,23	4,56
13:58:00	3	11,23	4,56
13:58:30	3	11,23	4,56
13:59:00	3	11,23	4,56
13:59:30	3	11,23	4,56
14:00:00	3	11,23	4,56
14:00:30	3	11,23	4,56
14:01:00	3	11,23	4,56
14:01:30	3	11,23	4,56
14:02:00	3	11,23	4,56
14:02:30	3	11,23	4,58
14:03:00	3	11,23	4,56
14:03:30	3	11,23	4,58
14:04:00	3	11,23	4,58
14:04:30	3	11,23	4,58
14:05:00	3	11,23	4,58
14:05:30	3	11,23	4,58
14:06:00	3	11,23	4,58
14:06:30	3	11,23	4,58
14:07:00	3	11,23	4,58
14:07:30	3	11,23	4,58
14:08:00	3	11,23	4,58
14:08:30	3	11,23	4,58
14:09:00	3	11,23	4,58
14:09:30	3	11,23	4,58
14:10:00	3	11,23	4,58
14:10:30	3	11,23	4,58
14:11:00	3	11,23	4,58
14:11:30	3	11,23	4,58
14:12:00	3	11,23	4,58
14:12:30	3	11,23	4,58
14:13:00	3	11,23	4,58
14:13:30	3	11,23	4,58
14:14:00	3	11,23	4,58
14:14:30	3	11,23	4,58
14:15:00	3	11,23	4,58
14:15:30	3	11,23	4,58
14:16:00	3	11,23	4,58
14:16:30	3	11,23	4,58
14:17:00	3	11,23	4,58
14:17:30	3	11,23	4,58
14:18:00	3	11,23	4,58
14:18:30	3	11,23	4,58
14:19:00	3	11,23	4,58
14:19:30	3	11,23	4,58
14:20:00	3	11,23	4,58
14:20:30	3	11,23	4,58
14:21:00	3	11,23	4,58
14:21:30	3	11,23	4,58
14:22:00	3	11,23	4,58
14:22:30	3	11,23	4,58
14:23:00	3	11,22	4,60
14:23:30	3	11,23	4,58
14:24:00	3	11,22	4,60
14:24:30	3	11,22	4,60
14:25:00	3	11,22	4,60
14:25:30	3	11,22	4,60
14:26:00	3	11,22	4,60
14:26:30	3	11,22	4,60
14:27:00	3	11,22	4,60
14:27:30	3	11,22	4,60
14:28:00	3	11,22	4,60
14:28:30	3	11,22	4,60
14:29:00	3	11,22	4,60
14:29:30	3	11,22	4,60
14:30:00	3	11,22	4,60
14:30:30	3	11,22	4,60
14:31:00	3	11,22	4,60
14:31:30	3	11,22	4,60
14:32:00	3	11,22	4,60
14:32:30	3	11,22	4,60
14:33:00	3	11,22	4,60
14:33:30	3	11,22	4,60
14:34:00	3	11,22	4,60
14:34:30	3	11,22	4,60
14:35:00	3	11,22	4,60
14:35:30	3	11,22	4,60
14:36:00	3	11,22	4,60
14:36:30	3	11,22	4,60
14:37:00	3	11,22	4,60
14:37:30	3	11,22	4,60
14:38:00	3	11,22	4,60
14:38:30	3	11,22	4,60
14:39:00	3	11,22	4,60
14:39:30	3	11,22	4,60
14:40:00	3	11,22	4,60
14:40:30	3	11,22	4,60
14:41:00	3	11,21	4,61
14:41:30	3	11,22	4,60
14:42:00	3	11,21	4,61
14:42:30	3	11,21	4,61
14:43:00	3	11,22	4,60
14:43:30	3	11,21	4,61
14:44:00	3	11,21	4,61
14:44:30	3	11,21	4,61
14:45:00	3	11,21	4,61
14:45:30	3	11,21	4,61
14:46:00	3	11,21	4,61
14:46:30	3	11,21	4,61
14:47:00	3	11,21	4,61
14:47:30	3	11,21	4,61
14:48:00	3	11,21	4,61
14:48:30	3	11,21	4,61
14:49:00	3	11,21	4,61
14:49:30	3	11,21	4,61
14:50:00	3	11,21	4,61
14:50:30	3	11,21	4,61
14:51:00	3	11,21	4,61
14:51:30	3	11,21	4,61
14:52:00	3	11,21	4,61
14:52:30	3	11,21	4,61
14:53:00	3	11,21	4,61
14:53:30	3	11,21	4,61
14:54:00	3	11,21	4,61
14:54:30	3	11,21	4,61
14:55:00	3	11,21	4,61
14:55:30	3	11,21	4,61
14:56:00	3	11,21	4,61
14:56:30	3	11,21	4,61
14:57:00	3	11,21	4,61
14:57:30	3	11,21	4,61
14:58:00	3	11,21	4,61
14:58:30	3	11,21	4,61
14:59:00	3	11,21	4,61
14:59:30	3	11,21	4,61
15:00:00	3	11,21	4,61
15:00:30	3	11,21	4,61
15:01:00	3	11,21	4,61
15:01:30	3	11,21	4,61
15:02:00	3	11,21	4,61
15:02:30	3	11,21	4,61
15:03:00	3	11,21	4,61
15:03:30	3	11,21	4,61
15:04:00	3	11,21	4,61
15:04:30	3	11,21	4,61
15:05:00	3	11,21	4,61
15:05:30	3	11,21	4,61
15:06:00	3	11,21	4,61
15:06:30	3	11,21	4,61
15:07:00	3	11,20	4,63
15:07:30	3	11,20	4,63
15:08:00	3	11,21	4,61
15:08:30	3	11,20	4,63
15:09:00	3	11,20	4,63
15:09:30	3	11,20	4,63
15:10:00	3	11,20	4,63
15:10:30	3	11,20	4,63
15:11:00	3	11,20	4,63
15:11:30	3	11,20	4,63
15:12:00	3	11,20	4,63
15:12:30	3	11,20	4,63
15:13:00	3	11,20	4,63
15:13:30	3	11,20	4,63
15:14:00	3	11,20	4,63
15:14:30	3	11,20	4,63
15:15:00	3	11,20	4,63
15:15:30	3	11,20	4,63
15:16:00	3	11,20	4,63
15:16:30	3	11,20	4,63
15:17:00	3	11,20	4,63
15:17:30	3	11,20	4,63
15:18:00	3	11,20	4,63
15:18:30	3	11,20	4,63
15:19:00	3	11,20	4,63
15:19:30	3	11,20	4,63
15:20:00	3	11,20	4,63
15:20:30	3	11,20	4,63
15:21:00	3	11,20	4,63
15:21:30	3	11,20	4,63
15:22:00	3	11,20	4,63
15:22:30	3	11,20	4,63
15:23:00	3	11,20	4,63
15:23:30	3	11,20	4,63
15:24:00	3	11,20	4,63
15:24:30	3	11,20	4,63
15:25:00	3	11,20	4,63
15:25:30	3	11,20	4,63
15:26:00	3	11,20	4,63
15:26:30	3	11,20	4,63
15:27:00	3	11,20	4,63
15:27:30	3	11,20	4,63
15:28:00	3	11,20	4,63
15:28:30	3	11,20	4,63
15:29:00	3	11,20	4,63
15:29:30	3	11,20	4,65
15:30:00	3	11,20	4,65
15:30:30	3	11,20	4,65
15:31:00	3	11,20	4,65
15:31:30	3	11,20	4,65
15:32:00	3	11,20	4,65
15:32:30	3	11,20	4,65
15:33:00	3	11,20	4,65
15:33:30	3	11,20	4,65
15:34:00	3	11,20	4,65
15:34:30	3	11,20	4,65
15:35:00	3	11,20	4,65
15:35:30	3	11,20	4,65
15:36:00	3	11,20	4,65
15:36:30	3	11,20	4,65
15:37:00	3	11,20	4,65
15:37:30	3	11,20	4,65
15:38:00	3	11,20	4,65
15:38:30	3	11,20	4,65
15:39:00	3	11,20	4,65
15:39:30	3	11,20	4,65
15:40:00	3	11,20	4,65
15:40:30	3	11,20	4,65
15:41:00	3	11,20	4,65
15:41:30	3	11,20	4,65
15:42:00	3	11,20	4,65
15:42:30	3	11,20	4,65
15:43:00	3	11,20	4,65
15:43:30	3	11,20	4,65
15:44:00	3	11,20	4,65
15:44:30	3	11,20	4,65
15:45:00	3	11,20	4,65
15:45:30	3	11,20	4,65
15:46:00	3	11,20	4,65
15:46:30	3	11,20	4,65
15:47:00	3	11,20	4,65
15:47:30	3	11,20	4,65
15:48:00	3	11,19	4,66
15:48:30	3	11,19	4,66
15:49:00	3	11,19	4,66
15:49:30	3	11,19	4,66
15:50:00	3	11,19	4,66
15:50:30	3	11,19	4,66
15:51:00	3	11,19	4,66
15:51:30	3	11,19	4,66
15:52:00	3	11,19	4,66
15:52:30	3	11,19	4,66
15:53:00	3	11,19	4,66
15:53:30	3	11,19	4,66
15:54:00	3	11,19	4,66
15:54:30	3	11,19	4,66
15:55:00	3	11,19	4,66
15:55:30	3	11,19	4,66
15:56:00	3	11,19	4,66
15:56:30	3	11,19	4,66
15:57:00	3	11,19	4,66
15:57:30	3	11,19	4,66
15:58:00	3	11,19	4,66
15:58:30	3	11,19	4,66
15:59:00	3	11,19	4,66
15:59:30	3	11,19	4,66
16:00:00	3	11,19	4,66
16:00:30	3	11,19	4,66
16:01:00	3	11,19	4,66
16:01:30	3	11,19	4,66
16:02:00	3	11,19	4,66
16:02:30	3	11,19	4,66
16:03:00	3	11,19	4,66
16:03:30	3	11,19	4,66
16:04:00	3	11,19	4,66
16:04:30	3	11,19	4,66
16:05:00	3	11,19	4,66
16:05:30	3	11,19	4,66
16:06:00	3	11,19	4,66
16:06:30	3	11,19	4,66
16:07:00	3	11,19	4,66
16:07:30	3	11,19	4,66
16:08:00	3	11,19	4,66
16:08:30	3	11,19	4,66
16:09:00	3	11,19	4,66
16:09:30	3	11,19	4,66
16:10:00	3	11,18	4,68
16:10:30	3	11,18	4,68
16:11:00	3	11,18	4,68
16:11:30	3	11,18	4,68
16:12:00	3	11,18	4,68
16:12:30	3	11,18	4,68
16:13:00	3	11,18	4,68
16:13:30	3	11,18	4,68
16:14:00	3	11,18	4,68
16:14:30	3	11,18	4,68
16:15:00	3	11,18	4,68
16:15:30	3	11,18	4,68
16:16:00	3	11,18	4,68
16:16:30	3	11,18	4,68
16:17:00	3	11,18	4,68
16:17:30	3	11,18	4,68
16:18:00	3	11,18	4,68
16:18:30	3	11,18	4,68
16:19:00	3	11,18	4,68
16:19:30	3	11,18	4,68
16:20:00	3	11,18	4,68
16:20:30	3	11,18	4,68
16:21:00	3	11,18	4,68
16:21:30	3	11,18	4,68
16:22:00	3	11,18	4,68
16:22:30	3	11,18	4,68
16:23:00	3	11,18	4,68
16:23:30	3	11,18	4,68
16:24:00	3	11,18	4,68
16:24:30	3	11,18	4,68
16:25:00	3	11,18	4,68
16:25:30	3	11,18	4,68
16:26:00	3	11,18	4,68
16:26:30	3	11,18	4,68
16:27:00	3	11,18	4,68
16:27:30	3	11,18	4,68
16:28:00	3	11,18	4,68
16:28:30	3	11,18	4,68
16:29:00	3	11,18	4,68
16:29:30	3	11,18	4,68
16:30:00	3	11,18	4,68
16:30:30	3	11,18	4,68
16:31:00	3	11,18	4,68
16:31:30	3	11,18	4,68
16:32:00	3	11,18	4,68
16:32:30	3	11,18	4,68
16:33:00	3	11,17	4,70
16:33:30	3	11,17	4,70
16:34:00	3	11,17	4,70
16:34:30	3	11,17	4,70
16:35:00	3	11,17	4,70
16:35:30	3	11,17	4,70
16:36:00	3	11,17	4,70
16:36:30	3	11,17	4,70
16:37:00	3	11,17	4,70
16:37:30	3	11,17	4,70
16:38:00	3	11,17	4,70
16:38:30	3	11,17	4,70
16:39:00	3	11,17	4,70
16:39:30	3	11,17	4,70
16:40:00	3	11,17	4,70
16:40:30	3	11,17	4,70
16:41:00	3	11,17	4,70
16:41:30	3	11,17	4,70
16:42:00	3	11,17	4,70
16:42:30	3	11,17	4,70
16:43:00	3	11,17	4,70
16:43:30	3	11,17	4,70
16:44:00	3	11,17	4,70
16:44:30	3	11,17	4,70
16:45:00	3	11,17	4,70
16:45:30	3	11,17	4,70
16:46:00	3	11,17	4,70
16:46:30	3	11,17	4,70
16:47:00	3	11,17	4,70
16:47:30	3	11,17	4,70
16:48:00	3	11,17	4,70
16:48:30	3	11,17	4,70
16:49:00	3	11,17	4,70
16:49:30	3	11,17	4,70
16:50:00	3	11,17	4,70
16:50:30	3	11,17	4,70
16:51:00	3	11,16	4,72
16:51:30	3	11,17	4,70
16:52:00	3	11,16	4,72
16:52:30	3	11,16	4,72
16:53:00	3	11,16	4,72
16:53:30	3	11,16	4,72
16:54:00	3	11,16	4,72
16:54:30	3	11,16	4,72
16:55:00	3	11,16	4,72
16:55:30	3	11,16	4,72
16:56:00	3	11,16	4,72
16:56:30	3	11,16	4,72
16:57:00	3	11,16	4,72
16:57:30	3	11,16	4,72
16:58:00	3	11,16	4,72
16:58:30	3	11,16	4,72
16:59:00	3	11,16	4,72
16:59:30	3	11,16	4,72
17:00:00	3	11,16	4,72
17:00:30	3	11,16	4,72
