--Test Summary--
Full Path and File Name	
Instrument Name	7222
Instrument Type	Model 7222 Consistometer
Instrument Serial Number	
Test Start Date	25.01.2017
Test Start Time	12:11:52
Test Stop Date	25.01.2017
Test Stop Time	17:35:22
Test Length	5:23:30
Final Sample Time Offset	5:23:20
Controller Schedule Name	
Sampling Period	10 seconds
Comments	‡ÚÏ ‰‡‚ÎÂÌËÂ
Information	WellID	
Information	Customer	
Information	EngName	
Information	CementClass	Sample
Information	CementMfr	CementOgneUpor
Information	Additives	
Information	Density	1910
Information	BHCT	25
Information	BHST	
Information	FluidLoss	
Information	JobType	
Calculated Value	Time_30Bc	5:17:40
Calculated Value	Time_70Bc	N/A
Initial Temperature (∞C)	24 ∞C
Final Temperature (∞C)	31 ∞C
Initial Pressure (MPa)	-0,1 MPa
Final Pressure (MPa)	-0,1 MPa
Initial Consistency (Bc)	8 Bc
Final Consistency (Bc)	34 Bc
--Data--
Time (HH:MM:SS)	Temperature (∞C)	Pressure (MPa)	Consistency (Bc)
0:00:00	24	-0,1	8
0:00:10	24	-0,1	9
0:00:20	24	-0,1	8
0:00:30	24	-0,1	8
0:00:40	24	-0,1	9
0:00:50	24	-0,1	14
0:01:00	24	-0,1	15
0:01:10	24	-0,1	14
0:01:20	24	-0,1	16
0:01:30	24	-0,1	12
0:01:40	24	-0,1	15
0:01:50	24	-0,1	13
0:02:00	24	-0,1	15
0:02:10	24	-0,1	15
0:02:20	24	-0,1	14
0:02:30	24	-0,1	16
0:02:40	24	-0,1	18
0:02:50	24	-0,1	16
0:03:00	25	-0,1	16
0:03:10	25	-0,1	17
0:03:20	25	-0,1	17
0:03:30	25	-0,1	18
0:03:40	25	-0,1	15
0:03:50	25	-0,1	15
0:04:00	25	-0,1	13
0:04:10	25	-0,1	13
0:04:20	25	-0,1	13
0:04:30	25	-0,1	13
0:04:40	25	-0,1	14
0:04:50	25	-0,1	17
0:05:00	25	-0,1	17
0:05:10	25	-0,1	18
0:05:20	26	-0,1	19
0:05:30	26	-0,1	25
0:05:40	26	-0,1	24
0:05:50	26	-0,1	18
0:06:00	26	-0,1	20
0:06:10	26	-0,1	20
0:06:20	26	-0,1	18
0:06:30	26	-0,1	18
0:06:40	26	-0,1	18
0:06:50	26	-0,1	18
0:07:00	26	-0,1	19
0:07:10	26	-0,1	19
0:07:20	26	-0,1	17
0:07:30	26	-0,1	11
0:07:40	26	-0,1	11
0:07:50	26	-0,1	11
0:08:00	27	-0,1	12
0:08:10	27	-0,1	15
0:08:20	27	-0,1	13
0:08:30	27	-0,1	13
0:08:40	27	-0,1	12
0:08:50	27	-0,1	13
0:09:00	27	-0,1	12
0:09:10	27	-0,1	12
0:09:20	27	-0,1	12
0:09:30	27	-0,1	12
0:09:40	27	-0,1	14
0:09:50	27	-0,1	14
0:10:00	27	-0,1	14
0:10:10	27	-0,1	14
0:10:20	27	-0,1	14
0:10:30	27	-0,1	13
0:10:40	27	-0,1	13
0:10:50	27	-0,1	13
0:11:00	27	-0,1	13
0:11:10	27	-0,1	13
0:11:20	28	-0,1	13
0:11:30	28	-0,1	13
0:11:40	28	-0,1	13
0:11:50	28	-0,1	13
0:12:00	28	-0,1	13
0:12:10	28	-0,1	13
0:12:20	28	-0,1	13
0:12:30	28	-0,1	13
0:12:40	28	-0,1	13
0:12:50	28	-0,1	13
0:13:00	28	-0,1	13
0:13:10	28	-0,1	13
0:13:20	28	-0,1	13
0:13:30	28	-0,1	13
0:13:40	28	-0,1	13
0:13:50	28	-0,1	13
0:14:00	28	-0,1	13
0:14:10	28	-0,1	13
0:14:20	28	-0,1	13
0:14:30	28	-0,1	13
0:14:40	28	-0,1	13
0:14:50	28	-0,1	13
0:15:00	28	-0,1	13
0:15:10	28	-0,1	13
0:15:20	28	-0,1	12
0:15:30	28	-0,1	12
0:15:40	28	-0,1	12
0:15:50	28	-0,1	12
0:16:00	28	-0,1	12
0:16:10	28	-0,1	12
0:16:20	28	-0,1	12
0:16:30	28	-0,1	12
0:16:40	28	-0,1	12
0:16:50	28	-0,1	13
0:17:00	28	-0,1	13
0:17:10	28	-0,1	12
0:17:20	28	-0,1	12
0:17:30	28	-0,1	12
0:17:40	28	-0,1	13
0:17:50	28	-0,1	13
0:18:00	28	-0,1	12
0:18:10	28	-0,1	13
0:18:20	28	-0,1	13
0:18:30	28	-0,1	14
0:18:40	28	-0,1	14
0:18:50	28	-0,1	13
0:19:00	28	-0,1	13
0:19:10	28	-0,1	13
0:19:20	28	-0,1	14
0:19:30	28	-0,1	15
0:19:40	29	-0,1	21
0:19:50	28	-0,1	19
0:20:00	28	-0,1	17
0:20:10	29	-0,1	15
0:20:20	29	-0,1	14
0:20:30	29	-0,1	14
0:20:40	29	-0,1	13
0:20:50	29	-0,1	13
0:21:00	29	-0,1	19
0:21:10	29	-0,1	17
0:21:20	29	-0,1	16
0:21:30	29	-0,1	16
0:21:40	29	-0,1	16
0:21:50	29	-0,1	16
0:22:00	29	-0,1	15
0:22:10	29	-0,1	15
0:22:20	29	-0,1	15
0:22:30	29	-0,1	15
0:22:40	29	-0,1	15
0:22:50	29	-0,1	14
0:23:00	29	-0,1	14
0:23:10	29	-0,1	14
0:23:20	29	-0,1	14
0:23:30	29	-0,1	14
0:23:40	29	-0,1	14
0:23:50	29	-0,1	14
0:24:00	29	-0,1	14
0:24:10	29	-0,1	14
0:24:20	29	-0,1	14
0:24:30	29	-0,1	14
0:24:40	29	-0,1	14
0:24:50	29	-0,1	14
0:25:00	29	-0,1	14
0:25:10	29	-0,1	14
0:25:20	29	-0,1	14
0:25:30	29	-0,1	14
0:25:40	29	-0,1	14
0:25:50	29	-0,1	14
0:26:00	29	-0,1	14
0:26:10	29	-0,1	14
0:26:20	29	-0,1	14
0:26:30	29	-0,1	14
0:26:40	29	-0,1	14
0:26:50	29	-0,1	14
0:27:00	29	-0,1	14
0:27:10	29	-0,1	14
0:27:20	29	-0,1	14
0:27:30	29	-0,1	14
0:27:40	29	-0,1	14
0:27:50	29	-0,1	14
0:28:00	29	-0,1	14
0:28:10	29	-0,1	14
0:28:20	29	-0,1	14
0:28:30	29	-0,1	14
0:28:40	29	-0,1	14
0:28:50	29	-0,1	14
0:29:00	29	-0,1	14
0:29:10	29	-0,1	14
0:29:20	29	-0,1	14
0:29:30	29	-0,1	14
0:29:40	29	-0,1	14
0:29:50	29	-0,1	14
0:30:00	29	-0,1	14
0:30:10	29	-0,1	14
0:30:20	29	-0,1	14
0:30:30	29	-0,1	14
0:30:40	29	-0,1	14
0:30:50	29	-0,1	14
0:31:00	29	-0,1	14
0:31:10	29	-0,1	15
0:31:20	29	-0,1	26
0:31:30	29	-0,1	23
0:31:40	29	-0,1	23
0:31:50	29	-0,1	24
0:32:00	29	-0,1	21
0:32:10	29	-0,1	20
0:32:20	29	-0,1	19
0:32:30	29	-0,1	19
0:32:40	29	-0,1	26
0:32:50	29	-0,1	21
0:33:00	29	-0,1	18
0:33:10	29	-0,1	17
0:33:20	29	-0,1	16
0:33:30	29	-0,1	15
0:33:40	29	-0,1	15
0:33:50	29	-0,1	15
0:34:00	29	-0,1	15
0:34:10	29	-0,1	15
0:34:20	29	-0,1	15
0:34:30	29	-0,1	15
0:34:40	29	-0,1	15
0:34:50	29	-0,1	15
0:35:00	29	-0,1	15
0:35:10	29	-0,1	15
0:35:20	29	-0,1	15
0:35:30	29	-0,1	15
0:35:40	29	-0,1	15
0:35:50	29	-0,1	15
0:36:00	29	-0,1	15
0:36:10	29	-0,1	15
0:36:20	29	-0,1	16
0:36:30	29	-0,1	16
0:36:40	29	-0,1	16
0:36:50	29	-0,1	16
0:37:00	29	-0,1	16
0:37:10	29	-0,1	16
0:37:20	29	-0,1	16
0:37:30	29	-0,1	16
0:37:40	29	-0,1	16
0:37:50	29	-0,1	15
0:38:00	29	-0,1	15
0:38:10	29	-0,1	15
0:38:20	29	-0,1	15
0:38:30	29	-0,1	15
0:38:40	29	-0,1	15
0:38:50	29	-0,1	15
0:39:00	29	-0,1	15
0:39:10	29	-0,1	15
0:39:20	29	-0,1	15
0:39:30	29	-0,1	15
0:39:40	29	-0,1	15
0:39:50	29	-0,1	14
0:40:00	29	-0,1	14
0:40:10	29	-0,1	14
0:40:20	29	-0,1	14
0:40:30	29	-0,1	14
0:40:40	29	-0,1	14
0:40:50	29	-0,1	14
0:41:00	29	-0,1	14
0:41:10	29	-0,1	14
0:41:20	29	-0,1	14
0:41:30	29	-0,1	14
0:41:40	29	-0,1	14
0:41:50	29	-0,1	14
0:42:00	29	-0,1	14
0:42:10	29	-0,1	14
0:42:20	29	-0,1	14
0:42:30	29	-0,1	14
0:42:40	29	-0,1	14
0:42:50	29	-0,1	15
0:43:00	29	-0,1	15
0:43:10	29	-0,1	15
0:43:20	29	-0,1	15
0:43:30	29	-0,1	15
0:43:40	29	-0,1	15
0:43:50	29	-0,1	15
0:44:00	29	-0,1	15
0:44:10	29	-0,1	15
0:44:20	29	-0,1	15
0:44:30	29	-0,1	15
0:44:40	29	-0,1	14
0:44:50	29	-0,1	14
0:45:00	29	-0,1	14
0:45:10	29	-0,1	14
0:45:20	29	-0,1	14
0:45:30	29	-0,1	14
0:45:40	29	-0,1	14
0:45:50	29	-0,1	14
0:46:00	29	-0,1	14
0:46:10	29	-0,1	14
0:46:20	29	-0,1	14
0:46:30	29	-0,1	14
0:46:40	29	-0,1	14
0:46:50	29	-0,1	14
0:47:00	29	-0,1	14
0:47:10	29	-0,1	14
0:47:20	29	-0,1	14
0:47:30	29	-0,1	14
0:47:40	29	-0,1	15
0:47:50	29	-0,1	15
0:48:00	29	-0,1	15
0:48:10	29	-0,1	19
0:48:20	29	-0,1	19
0:48:30	29	-0,1	17
0:48:40	29	-0,1	16
0:48:50	29	-0,1	16
0:49:00	29	-0,1	16
0:49:10	29	-0,1	16
0:49:20	29	-0,1	16
0:49:30	29	-0,1	16
0:49:40	29	-0,1	16
0:49:50	29	-0,1	16
0:50:00	29	-0,1	16
0:50:10	29	-0,1	16
0:50:20	29	-0,1	16
0:50:30	29	-0,1	16
0:50:40	29	-0,1	16
0:50:50	29	-0,1	16
0:51:00	29	-0,1	16
0:51:10	29	-0,1	20
0:51:20	29	-0,1	18
0:51:30	29	-0,1	17
0:51:40	29	-0,1	18
0:51:50	29	-0,1	18
0:52:00	29	-0,1	18
0:52:10	29	-0,1	17
0:52:20	29	-0,1	17
0:52:30	29	-0,1	17
0:52:40	29	-0,1	17
0:52:50	29	-0,1	16
0:53:00	29	-0,1	16
0:53:10	29	-0,1	16
0:53:20	29	-0,1	16
0:53:30	29	-0,1	16
0:53:40	29	-0,1	16
0:53:50	29	-0,1	16
0:54:00	29	-0,1	16
0:54:10	29	-0,1	16
0:54:20	29	-0,1	16
0:54:30	29	-0,1	16
0:54:40	29	-0,1	16
0:54:50	29	-0,1	16
0:55:00	29	-0,1	16
0:55:10	29	-0,1	18
0:55:20	29	-0,1	21
0:55:30	29	-0,1	17
0:55:40	29	-0,1	17
0:55:50	29	-0,1	17
0:56:00	29	-0,1	17
0:56:10	29	-0,1	16
0:56:20	29	-0,1	23
0:56:30	29	-0,1	21
0:56:40	29	-0,1	21
0:56:50	29	-0,1	20
0:57:00	29	-0,1	20
0:57:10	29	-0,1	20
0:57:20	29	-0,1	19
0:57:30	29	-0,1	19
0:57:40	29	-0,1	19
0:57:50	29	-0,1	19
0:58:00	29	-0,1	18
0:58:10	29	-0,1	17
0:58:20	29	-0,1	17
0:58:30	29	-0,1	16
0:58:40	29	-0,1	16
0:58:50	29	-0,1	16
0:59:00	29	-0,1	15
0:59:10	29	-0,1	14
0:59:20	29	-0,1	14
0:59:30	29	-0,1	14
0:59:40	29	-0,1	14
0:59:50	29	-0,1	13
1:00:00	29	-0,1	13
1:00:10	29	-0,1	13
1:00:20	29	-0,1	13
1:00:30	29	-0,1	13
1:00:40	29	-0,1	13
1:00:50	29	-0,1	13
1:01:00	29	-0,1	16
1:01:10	29	-0,1	15
1:01:20	29	-0,1	14
1:01:30	29	-0,1	13
1:01:40	29	-0,1	13
1:01:50	29	-0,1	13
1:02:00	29	-0,1	13
1:02:10	29	-0,1	13
1:02:20	29	-0,1	14
1:02:30	29	-0,1	14
1:02:40	29	-0,1	14
1:02:50	29	-0,1	14
1:03:00	29	-0,1	14
1:03:10	29	-0,1	13
1:03:20	29	-0,1	13
1:03:30	29	-0,1	13
1:03:40	29	-0,1	13
1:03:50	29	-0,1	13
1:04:00	29	-0,1	14
1:04:10	29	-0,1	14
1:04:20	29	-0,1	14
1:04:30	29	-0,1	13
1:04:40	29	-0,1	13
1:04:50	29	-0,1	13
1:05:00	29	-0,1	13
1:05:10	29	-0,1	14
1:05:20	29	-0,1	13
1:05:30	29	-0,1	13
1:05:40	29	-0,1	13
1:05:50	29	-0,1	13
1:06:00	29	-0,1	13
1:06:10	29	-0,1	13
1:06:20	29	-0,1	13
1:06:30	29	-0,1	13
1:06:40	29	-0,1	13
1:06:50	29	-0,1	13
1:07:00	29	-0,1	15
1:07:10	29	-0,1	15
1:07:20	29	-0,1	14
1:07:30	29	-0,1	13
1:07:40	29	-0,1	13
1:07:50	29	-0,1	13
1:08:00	29	-0,1	13
1:08:10	29	-0,1	13
1:08:20	29	-0,1	13
1:08:30	29	-0,1	12
1:08:40	29	-0,1	13
1:08:50	29	-0,1	12
1:09:00	29	-0,1	15
1:09:10	29	-0,1	14
1:09:20	29	-0,1	14
1:09:30	29	-0,1	13
1:09:40	29	-0,1	13
1:09:50	29	-0,1	13
1:10:00	29	-0,1	13
1:10:10	29	-0,1	12
1:10:20	29	-0,1	12
1:10:30	29	-0,1	12
1:10:40	29	-0,1	12
1:10:50	29	-0,1	12
1:11:00	29	-0,1	12
1:11:10	29	-0,1	12
1:11:20	29	-0,1	12
1:11:30	29	-0,1	12
1:11:40	29	-0,1	12
1:11:50	29	-0,1	12
1:12:00	29	-0,1	12
1:12:10	29	-0,1	12
1:12:20	29	-0,1	12
1:12:30	29	-0,1	12
1:12:40	29	-0,1	12
1:12:50	29	-0,1	12
1:13:00	29	-0,1	12
1:13:10	29	-0,1	12
1:13:20	29	-0,1	12
1:13:30	29	-0,1	12
1:13:40	29	-0,1	12
1:13:50	29	-0,1	12
1:14:00	29	-0,1	12
1:14:10	29	-0,1	12
1:14:20	29	-0,1	12
1:14:30	29	-0,1	12
1:14:40	29	-0,1	12
1:14:50	29	-0,1	12
1:15:00	29	-0,1	12
1:15:10	29	-0,1	12
1:15:20	29	-0,1	12
1:15:30	29	-0,1	12
1:15:40	29	-0,1	12
1:15:50	29	-0,1	12
1:16:00	29	-0,1	12
1:16:10	29	-0,1	12
1:16:20	29	-0,1	12
1:16:30	29	-0,1	12
1:16:40	29	-0,1	12
1:16:50	29	-0,1	12
1:17:00	29	-0,1	12
1:17:10	29	-0,1	12
1:17:20	29	-0,1	12
1:17:30	29	-0,1	12
1:17:40	29	-0,1	12
1:17:50	29	-0,1	12
1:18:00	29	-0,1	12
1:18:10	29	-0,1	12
1:18:20	29	-0,1	12
1:18:30	29	-0,1	12
1:18:40	29	-0,1	12
1:18:50	29	-0,1	12
1:19:00	29	-0,1	12
1:19:10	29	-0,1	12
1:19:20	29	-0,1	12
1:19:30	29	-0,1	12
1:19:40	29	-0,1	12
1:19:50	29	-0,1	12
1:20:00	29	-0,1	12
1:20:10	29	-0,1	12
1:20:20	29	-0,1	12
1:20:30	29	-0,1	12
1:20:40	29	-0,1	12
1:20:50	29	-0,1	12
1:21:00	29	-0,1	12
1:21:10	29	-0,1	12
1:21:20	29	-0,1	12
1:21:30	29	-0,1	12
1:21:40	29	-0,1	12
1:21:50	29	-0,1	12
1:22:00	29	-0,1	12
1:22:10	29	-0,1	12
1:22:20	28	-0,1	12
1:22:30	28	-0,1	12
1:22:40	28	-0,1	12
1:22:50	29	-0,1	12
1:23:00	29	-0,1	12
1:23:10	29	-0,1	12
1:23:20	28	-0,1	12
1:23:30	28	-0,1	12
1:23:40	29	-0,1	12
1:23:50	29	-0,1	12
1:24:00	29	-0,1	12
1:24:10	29	-0,1	12
1:24:20	29	-0,1	12
1:24:30	29	-0,1	12
1:24:40	29	-0,1	12
1:24:50	29	-0,1	12
1:25:00	29	-0,1	12
1:25:10	29	-0,1	12
1:25:20	29	-0,1	12
1:25:30	28	-0,1	12
1:25:40	29	-0,1	12
1:25:50	28	-0,1	12
1:26:00	28	-0,1	12
1:26:10	29	-0,1	12
1:26:20	29	-0,1	12
1:26:30	29	-0,1	12
1:26:40	29	-0,1	12
1:26:50	28	-0,1	12
1:27:00	28	-0,1	13
1:27:10	29	-0,1	13
1:27:20	28	-0,1	13
1:27:30	28	-0,1	13
1:27:40	28	-0,1	13
1:27:50	29	-0,1	13
1:28:00	29	-0,1	13
1:28:10	28	-0,1	13
1:28:20	28	-0,1	13
1:28:30	28	-0,1	13
1:28:40	28	-0,1	13
1:28:50	28	-0,1	13
1:29:00	28	-0,1	13
1:29:10	28	-0,1	13
1:29:20	28	-0,1	13
1:29:30	28	-0,1	13
1:29:40	29	-0,1	13
1:29:50	28	-0,1	13
1:30:00	28	-0,1	13
1:30:10	28	-0,1	13
1:30:20	28	-0,1	13
1:30:30	28	-0,1	13
1:30:40	28	-0,1	13
1:30:50	28	-0,1	13
1:31:00	28	-0,1	13
1:31:10	28	-0,1	13
1:31:20	28	-0,1	13
1:31:30	28	-0,1	13
1:31:40	28	-0,1	13
1:31:50	28	-0,1	13
1:32:00	28	-0,1	13
1:32:10	28	-0,1	13
1:32:20	28	-0,1	13
1:32:30	28	-0,1	13
1:32:40	28	-0,1	13
1:32:50	28	-0,1	13
1:33:00	29	-0,1	13
1:33:10	28	-0,1	13
1:33:20	28	-0,1	13
1:33:30	28	-0,1	13
1:33:40	28	-0,1	13
1:33:50	28	-0,1	13
1:34:00	28	-0,1	13
1:34:10	28	-0,1	13
1:34:20	28	-0,1	13
1:34:30	28	-0,1	13
1:34:40	28	-0,1	13
1:34:50	28	-0,1	13
1:35:00	28	-0,1	13
1:35:10	28	-0,1	13
1:35:20	28	-0,1	13
1:35:30	28	-0,1	13
1:35:40	28	-0,1	13
1:35:50	28	-0,1	13
1:36:00	28	-0,1	13
1:36:10	28	-0,1	13
1:36:20	29	-0,1	13
1:36:30	28	-0,1	13
1:36:40	28	-0,1	13
1:36:50	28	-0,1	13
1:37:00	28	-0,1	13
1:37:10	28	-0,1	13
1:37:20	28	-0,1	13
1:37:30	28	-0,1	13
1:37:40	28	-0,1	13
1:37:50	28	-0,1	13
1:38:00	28	-0,1	13
1:38:10	28	-0,1	13
1:38:20	28	-0,1	13
1:38:30	28	-0,1	13
1:38:40	28	-0,1	13
1:38:50	28	-0,1	13
1:39:00	28	-0,1	13
1:39:10	28	-0,1	13
1:39:20	28	-0,1	13
1:39:30	28	-0,1	13
1:39:40	28	-0,1	13
1:39:50	28	-0,1	13
1:40:00	28	-0,1	13
1:40:10	28	-0,1	13
1:40:20	28	-0,1	13
1:40:30	28	-0,1	13
1:40:40	28	-0,1	13
1:40:50	28	-0,1	12
1:41:00	28	-0,1	13
1:41:10	28	-0,1	12
1:41:20	28	-0,1	12
1:41:30	28	-0,1	12
1:41:40	28	-0,1	12
1:41:50	28	-0,1	12
1:42:00	28	-0,1	12
1:42:10	28	-0,1	12
1:42:20	28	-0,1	12
1:42:30	28	-0,1	13
1:42:40	28	-0,1	12
1:42:50	28	-0,1	12
1:43:00	28	-0,1	12
1:43:10	28	-0,1	12
1:43:20	28	-0,1	12
1:43:30	28	-0,1	12
1:43:40	28	-0,1	12
1:43:50	28	-0,1	12
1:44:00	28	-0,1	12
1:44:10	28	-0,1	12
1:44:20	28	-0,1	12
1:44:30	28	-0,1	13
1:44:40	28	-0,1	13
1:44:50	28	-0,1	12
1:45:00	28	-0,1	12
1:45:10	28	-0,1	12
1:45:20	28	-0,1	12
1:45:30	28	-0,1	12
1:45:40	28	-0,1	12
1:45:50	28	-0,1	12
1:46:00	28	-0,1	12
1:46:10	28	-0,1	12
1:46:20	28	-0,1	12
1:46:30	28	-0,1	12
1:46:40	28	-0,1	12
1:46:50	28	-0,1	12
1:47:00	28	-0,1	12
1:47:10	28	-0,1	12
1:47:20	28	-0,1	12
1:47:30	28	-0,1	12
1:47:40	28	-0,1	12
1:47:50	28	-0,1	12
1:48:00	28	-0,1	12
1:48:10	28	-0,1	12
1:48:20	28	-0,1	12
1:48:30	28	-0,1	12
1:48:40	28	-0,1	12
1:48:50	28	-0,1	12
1:49:00	28	-0,1	12
1:49:10	28	-0,1	12
1:49:20	28	-0,1	12
1:49:30	28	-0,1	12
1:49:40	28	-0,1	12
1:49:50	28	-0,1	12
1:50:00	28	-0,1	12
1:50:10	28	-0,1	12
1:50:20	28	-0,1	12
1:50:30	28	-0,1	12
1:50:40	28	-0,1	12
1:50:50	28	-0,1	12
1:51:00	28	-0,1	12
1:51:10	28	-0,1	12
1:51:20	28	-0,1	12
1:51:30	28	-0,1	12
1:51:40	28	-0,1	12
1:51:50	28	-0,1	12
1:52:00	28	-0,1	12
1:52:10	28	-0,1	12
1:52:20	28	-0,1	12
1:52:30	28	-0,1	12
1:52:40	28	-0,1	12
1:52:50	28	-0,1	12
1:53:00	28	-0,1	12
1:53:10	28	-0,1	12
1:53:20	28	-0,1	12
1:53:30	28	-0,1	12
1:53:40	28	-0,1	12
1:53:50	28	-0,1	12
1:54:00	28	-0,1	12
1:54:10	28	-0,1	12
1:54:20	28	-0,1	12
1:54:30	28	-0,1	12
1:54:40	28	-0,1	12
1:54:50	28	-0,1	12
1:55:00	28	-0,1	12
1:55:10	28	-0,1	12
1:55:20	28	-0,1	12
1:55:30	28	-0,1	12
1:55:40	28	-0,1	12
1:55:50	28	-0,1	12
1:56:00	28	-0,1	12
1:56:10	28	-0,1	12
1:56:20	28	-0,1	12
1:56:30	28	-0,1	12
1:56:40	28	-0,1	12
1:56:50	28	-0,1	12
1:57:00	28	-0,1	12
1:57:10	28	-0,1	12
1:57:20	28	-0,1	12
1:57:30	28	-0,1	12
1:57:40	28	-0,1	12
1:57:50	28	-0,1	12
1:58:00	28	-0,1	12
1:58:10	28	-0,1	12
1:58:20	28	-0,1	12
1:58:30	28	-0,1	12
1:58:40	28	-0,1	12
1:58:50	28	-0,1	12
1:59:00	28	-0,1	16
1:59:10	28	-0,1	15
1:59:20	28	-0,1	14
1:59:30	28	-0,1	14
1:59:40	28	-0,1	13
1:59:50	28	-0,1	13
2:00:00	28	-0,1	13
2:00:10	28	-0,1	13
2:00:20	28	-0,1	13
2:00:30	28	-0,1	12
2:00:40	28	-0,1	12
2:00:50	28	-0,1	12
2:01:00	28	-0,1	12
2:01:10	28	-0,1	12
2:01:20	28	-0,1	12
2:01:30	28	-0,1	12
2:01:40	28	-0,1	12
2:01:50	28	-0,1	12
2:02:00	28	-0,1	12
2:02:10	28	-0,1	13
2:02:20	28	-0,1	13
2:02:30	28	-0,1	13
2:02:40	28	-0,1	12
2:02:50	28	-0,1	12
2:03:00	28	-0,1	12
2:03:10	28	-0,1	12
2:03:20	28	-0,1	12
2:03:30	28	-0,1	12
2:03:40	28	-0,1	12
2:03:50	28	-0,1	12
2:04:00	28	-0,1	12
2:04:10	28	-0,1	12
2:04:20	28	-0,1	12
2:04:30	28	-0,1	12
2:04:40	28	-0,1	12
2:04:50	28	-0,1	12
2:05:00	28	-0,1	12
2:05:10	28	-0,1	12
2:05:20	28	-0,1	12
2:05:30	28	-0,1	12
2:05:40	28	-0,1	12
2:05:50	28	-0,1	12
2:06:00	28	-0,1	12
2:06:10	28	-0,1	12
2:06:20	28	-0,1	12
2:06:30	28	-0,1	12
2:06:40	28	-0,1	12
2:06:50	28	-0,1	12
2:07:00	28	-0,1	12
2:07:10	28	-0,1	12
2:07:20	28	-0,1	13
2:07:30	28	-0,1	12
2:07:40	28	-0,1	12
2:07:50	28	-0,1	12
2:08:00	28	-0,1	12
2:08:10	28	-0,1	12
2:08:20	28	-0,1	12
2:08:30	28	-0,1	12
2:08:40	28	-0,1	12
2:08:50	28	-0,1	12
2:09:00	28	-0,1	12
2:09:10	28	-0,1	12
2:09:20	28	-0,1	12
2:09:30	28	-0,1	12
2:09:40	28	-0,1	12
2:09:50	28	-0,1	12
2:10:00	28	-0,1	12
2:10:10	28	-0,1	12
2:10:20	28	-0,1	12
2:10:30	28	-0,1	12
2:10:40	28	-0,1	12
2:10:50	28	-0,1	12
2:11:00	28	-0,1	12
2:11:10	28	-0,1	12
2:11:20	28	-0,1	12
2:11:30	28	-0,1	12
2:11:40	28	-0,1	12
2:11:50	28	-0,1	12
2:12:00	28	-0,1	12
2:12:10	28	-0,1	12
2:12:20	28	-0,1	12
2:12:30	28	-0,1	12
2:12:40	28	-0,1	12
2:12:50	28	-0,1	12
2:13:00	28	-0,1	12
2:13:10	28	-0,1	12
2:13:20	28	-0,1	12
2:13:30	28	-0,1	12
2:13:40	28	-0,1	12
2:13:50	28	-0,1	12
2:14:00	28	-0,1	12
2:14:10	28	-0,1	12
2:14:20	28	-0,1	12
2:14:30	28	-0,1	12
2:14:40	28	-0,1	12
2:14:50	28	-0,1	12
2:15:00	28	-0,1	12
2:15:10	28	-0,1	12
2:15:20	28	-0,1	12
2:15:30	28	-0,1	12
2:15:40	28	-0,1	12
2:15:50	28	-0,1	12
2:16:00	28	-0,1	12
2:16:10	28	-0,1	12
2:16:20	28	-0,1	12
2:16:30	28	-0,1	12
2:16:40	28	-0,1	12
2:16:50	28	-0,1	12
2:17:00	28	-0,1	12
2:17:10	28	-0,1	11
2:17:20	28	-0,1	11
2:17:30	28	-0,1	13
2:17:40	28	-0,1	12
2:17:50	28	-0,1	12
2:18:00	28	-0,1	12
2:18:10	28	-0,1	12
2:18:20	28	-0,1	12
2:18:30	28	-0,1	12
2:18:40	28	-0,1	12
2:18:50	28	-0,1	12
2:19:00	28	-0,1	12
2:19:10	28	-0,1	12
2:19:20	28	-0,1	12
2:19:30	28	-0,1	12
2:19:40	28	-0,1	12
2:19:50	28	-0,1	12
2:20:00	28	-0,1	12
2:20:10	28	-0,1	12
2:20:20	28	-0,1	12
2:20:30	28	-0,1	12
2:20:40	28	-0,1	12
2:20:50	28	-0,1	12
2:21:00	28	-0,1	12
2:21:10	28	-0,1	12
2:21:20	28	-0,1	12
2:21:30	28	-0,1	12
2:21:40	28	-0,1	12
2:21:50	28	-0,1	12
2:22:00	28	-0,1	12
2:22:10	28	-0,1	12
2:22:20	28	-0,1	12
2:22:30	28	-0,1	12
2:22:40	28	-0,1	12
2:22:50	28	-0,1	12
2:23:00	28	-0,1	12
2:23:10	28	-0,1	12
2:23:20	28	-0,1	12
2:23:30	28	-0,1	12
2:23:40	28	-0,1	12
2:23:50	28	-0,1	12
2:24:00	28	-0,1	12
2:24:10	28	-0,1	12
2:24:20	28	-0,1	12
2:24:30	28	-0,1	12
2:24:40	28	-0,1	12
2:24:50	28	-0,1	12
2:25:00	28	-0,1	12
2:25:10	28	-0,1	12
2:25:20	28	-0,1	12
2:25:30	28	-0,1	12
2:25:40	28	-0,1	12
2:25:50	28	-0,1	12
2:26:00	28	-0,1	12
2:26:10	28	-0,1	12
2:26:20	28	-0,1	12
2:26:30	28	-0,1	12
2:26:40	28	-0,1	12
2:26:50	28	-0,1	12
2:27:00	28	-0,1	12
2:27:10	28	-0,1	12
2:27:20	28	-0,1	12
2:27:30	28	-0,1	12
2:27:40	28	-0,1	12
2:27:50	28	-0,1	12
2:28:00	28	-0,1	12
2:28:10	28	-0,1	12
2:28:20	28	-0,1	12
2:28:30	28	-0,1	12
2:28:40	28	-0,1	12
2:28:50	28	-0,1	12
2:29:00	28	-0,1	12
2:29:10	28	-0,1	12
2:29:20	28	-0,1	12
2:29:30	28	-0,1	12
2:29:40	28	-0,1	12
2:29:50	28	-0,1	12
2:30:00	28	-0,1	12
2:30:10	28	-0,1	12
2:30:20	28	-0,1	12
2:30:30	28	-0,1	12
2:30:40	28	-0,1	12
2:30:50	28	-0,1	12
2:31:00	28	-0,1	12
2:31:10	28	-0,1	12
2:31:20	28	-0,1	12
2:31:30	28	-0,1	12
2:31:40	28	-0,1	12
2:31:50	28	-0,1	12
2:32:00	28	-0,1	12
2:32:10	28	-0,1	12
2:32:20	28	-0,1	12
2:32:30	28	-0,1	12
2:32:40	28	-0,1	12
2:32:50	28	-0,1	12
2:33:00	28	-0,1	12
2:33:10	28	-0,1	12
2:33:20	28	-0,1	12
2:33:30	28	-0,1	12
2:33:40	28	-0,1	12
2:33:50	28	-0,1	12
2:34:00	28	-0,1	12
2:34:10	28	-0,1	12
2:34:20	28	-0,1	12
2:34:30	28	-0,1	12
2:34:40	28	-0,1	12
2:34:50	28	-0,1	12
2:35:00	28	-0,1	12
2:35:10	28	-0,1	12
2:35:20	28	-0,1	12
2:35:30	28	-0,1	12
2:35:40	28	-0,1	12
2:35:50	28	-0,1	12
2:36:00	28	-0,1	12
2:36:10	28	-0,1	12
2:36:20	29	-0,1	12
2:36:30	28	-0,1	12
2:36:40	28	-0,1	12
2:36:50	28	-0,1	12
2:37:00	29	-0,1	12
2:37:10	28	-0,1	12
2:37:20	29	-0,1	12
2:37:30	29	-0,1	12
2:37:40	29	-0,1	12
2:37:50	29	-0,1	12
2:38:00	29	-0,1	12
2:38:10	29	-0,1	12
2:38:20	29	-0,1	12
2:38:30	29	-0,1	12
2:38:40	29	-0,1	12
2:38:50	29	-0,1	12
2:39:00	29	-0,1	12
2:39:10	29	-0,1	12
2:39:20	29	-0,1	12
2:39:30	29	-0,1	12
2:39:40	29	-0,1	12
2:39:50	29	-0,1	12
2:40:00	29	-0,1	12
2:40:10	29	-0,1	12
2:40:20	29	-0,1	12
2:40:30	29	-0,1	12
2:40:40	29	-0,1	12
2:40:50	29	-0,1	12
2:41:00	29	-0,1	12
2:41:10	29	-0,1	12
2:41:20	29	-0,1	12
2:41:30	29	-0,1	12
2:41:40	29	-0,1	12
2:41:50	29	-0,1	12
2:42:00	29	-0,1	12
2:42:10	29	-0,1	12
2:42:20	29	-0,1	12
2:42:30	29	-0,1	12
2:42:40	29	-0,1	12
2:42:50	29	-0,1	12
2:43:00	29	-0,1	12
2:43:10	29	-0,1	12
2:43:20	29	-0,1	12
2:43:30	29	-0,1	12
2:43:40	29	-0,1	11
2:43:50	29	-0,1	11
2:44:00	29	-0,1	12
2:44:10	29	-0,1	12
2:44:20	29	-0,1	12
2:44:30	29	-0,1	12
2:44:40	29	-0,1	12
2:44:50	29	-0,1	12
2:45:00	29	-0,1	12
2:45:10	29	-0,1	12
2:45:20	29	-0,1	12
2:45:30	29	-0,1	12
2:45:40	29	-0,1	12
2:45:50	29	-0,1	12
2:46:00	29	-0,1	12
2:46:10	29	-0,1	12
2:46:20	29	-0,1	12
2:46:30	29	-0,1	12
2:46:40	29	-0,1	12
2:46:50	29	-0,1	12
2:47:00	29	-0,1	12
2:47:10	29	-0,1	12
2:47:20	29	-0,1	12
2:47:30	29	-0,1	12
2:47:40	29	-0,1	12
2:47:50	29	-0,1	12
2:48:00	29	-0,1	12
2:48:10	29	-0,1	12
2:48:20	29	-0,1	11
2:48:30	29	-0,1	11
2:48:40	29	-0,1	11
2:48:50	29	-0,1	11
2:49:00	29	-0,1	11
2:49:10	29	-0,1	11
2:49:20	29	-0,1	11
2:49:30	29	-0,1	11
2:49:40	29	-0,1	11
2:49:50	29	-0,1	11
2:50:00	29	-0,1	11
2:50:10	29	-0,1	11
2:50:20	29	-0,1	11
2:50:30	29	-0,1	11
2:50:40	29	-0,1	11
2:50:50	29	-0,1	11
2:51:00	29	-0,1	11
2:51:10	29	-0,1	11
2:51:20	29	-0,1	11
2:51:30	29	-0,1	11
2:51:40	29	-0,1	11
2:51:50	29	-0,1	11
2:52:00	29	-0,1	11
2:52:10	29	-0,1	11
2:52:20	29	-0,1	12
2:52:30	29	-0,1	11
2:52:40	29	-0,1	11
2:52:50	29	-0,1	11
2:53:00	29	-0,1	11
2:53:10	29	-0,1	11
2:53:20	29	-0,1	11
2:53:30	29	-0,1	11
2:53:40	29	-0,1	11
2:53:50	29	-0,1	11
2:54:00	29	-0,1	11
2:54:10	29	-0,1	11
2:54:20	29	-0,1	11
2:54:30	29	-0,1	11
2:54:40	29	-0,1	11
2:54:50	29	-0,1	11
2:55:00	29	-0,1	11
2:55:10	29	-0,1	11
2:55:20	29	-0,1	11
2:55:30	29	-0,1	11
2:55:40	29	-0,1	11
2:55:50	29	-0,1	11
2:56:00	29	-0,1	11
2:56:10	29	-0,1	11
2:56:20	29	-0,1	11
2:56:30	29	-0,1	11
2:56:40	29	-0,1	11
2:56:50	29	-0,1	11
2:57:00	29	-0,1	11
2:57:10	29	-0,1	11
2:57:20	29	-0,1	11
2:57:30	29	-0,1	11
2:57:40	29	-0,1	11
2:57:50	29	-0,1	11
2:58:00	29	-0,1	11
2:58:10	29	-0,1	11
2:58:20	29	-0,1	11
2:58:30	29	-0,1	11
2:58:40	29	-0,1	11
2:58:50	29	-0,1	11
2:59:00	29	-0,1	11
2:59:10	29	-0,1	11
2:59:20	29	-0,1	11
2:59:30	29	-0,1	11
2:59:40	29	-0,1	11
2:59:50	29	-0,1	11
3:00:00	29	-0,1	11
3:00:10	29	-0,1	11
3:00:20	29	-0,1	11
3:00:30	29	-0,1	11
3:00:40	29	-0,1	13
3:00:50	29	-0,1	13
3:01:00	29	-0,1	13
3:01:10	29	-0,1	13
3:01:20	29	-0,1	12
3:01:30	29	-0,1	12
3:01:40	29	-0,1	12
3:01:50	29	-0,1	12
3:02:00	29	-0,1	12
3:02:10	29	-0,1	12
3:02:20	29	-0,1	12
3:02:30	29	-0,1	12
3:02:40	29	-0,1	11
3:02:50	29	-0,1	11
3:03:00	29	-0,1	11
3:03:10	29	-0,1	11
3:03:20	29	-0,1	11
3:03:30	29	-0,1	11
3:03:40	29	-0,1	11
3:03:50	29	-0,1	12
3:04:00	29	-0,1	12
3:04:10	29	-0,1	11
3:04:20	29	-0,1	11
3:04:30	29	-0,1	11
3:04:40	29	-0,1	11
3:04:50	29	-0,1	11
3:05:00	29	-0,1	11
3:05:10	29	-0,1	11
3:05:20	29	-0,1	11
3:05:30	29	-0,1	11
3:05:40	29	-0,1	11
3:05:50	29	-0,1	11
3:06:00	29	-0,1	11
3:06:10	29	-0,1	11
3:06:20	29	-0,1	11
3:06:30	29	-0,1	11
3:06:40	29	-0,1	11
3:06:50	29	-0,1	15
3:07:00	29	-0,1	14
3:07:10	29	-0,1	14
3:07:20	29	-0,1	14
3:07:30	29	-0,1	13
3:07:40	29	-0,1	13
3:07:50	29	-0,1	13
3:08:00	29	-0,1	13
3:08:10	29	-0,1	13
3:08:20	29	-0,1	12
3:08:30	29	-0,1	12
3:08:40	29	-0,1	13
3:08:50	29	-0,1	12
3:09:00	29	-0,1	12
3:09:10	29	-0,1	12
3:09:20	29	-0,1	12
3:09:30	29	-0,1	12
3:09:40	29	-0,1	12
3:09:50	29	-0,1	12
3:10:00	29	-0,1	12
3:10:10	29	-0,1	12
3:10:20	29	-0,1	12
3:10:30	29	-0,1	12
3:10:40	29	-0,1	12
3:10:50	29	-0,1	12
3:11:00	29	-0,1	12
3:11:10	29	-0,1	12
3:11:20	29	-0,1	12
3:11:30	29	-0,1	12
3:11:40	29	-0,1	12
3:11:50	29	-0,1	12
3:12:00	29	-0,1	12
3:12:10	29	-0,1	12
3:12:20	29	-0,1	12
3:12:30	29	-0,1	12
3:12:40	29	-0,1	12
3:12:50	29	-0,1	12
3:13:00	29	-0,1	12
3:13:10	29	-0,1	12
3:13:20	29	-0,1	12
3:13:30	29	-0,1	12
3:13:40	29	-0,1	12
3:13:50	29	-0,1	12
3:14:00	29	-0,1	12
3:14:10	29	-0,1	12
3:14:20	29	-0,1	12
3:14:30	29	-0,1	12
3:14:40	29	-0,1	12
3:14:50	29	-0,1	12
3:15:00	29	-0,1	12
3:15:10	29	-0,1	12
3:15:20	29	-0,1	12
3:15:30	29	-0,1	12
3:15:40	29	-0,1	12
3:15:50	29	-0,1	12
3:16:00	29	-0,1	12
3:16:10	29	-0,1	12
3:16:20	29	-0,1	12
3:16:30	29	-0,1	12
3:16:40	29	-0,1	12
3:16:50	29	-0,1	12
3:17:00	29	-0,1	12
3:17:10	29	-0,1	12
3:17:20	29	-0,1	12
3:17:30	29	-0,1	12
3:17:40	29	-0,1	12
3:17:50	29	-0,1	12
3:18:00	29	-0,1	12
3:18:10	29	-0,1	12
3:18:20	29	-0,1	12
3:18:30	29	-0,1	12
3:18:40	29	-0,1	12
3:18:50	29	-0,1	12
3:19:00	29	-0,1	12
3:19:10	29	-0,1	12
3:19:20	29	-0,1	12
3:19:30	29	-0,1	12
3:19:40	29	-0,1	12
3:19:50	29	-0,1	12
3:20:00	29	-0,1	12
3:20:10	29	-0,1	12
3:20:20	29	-0,1	12
3:20:30	29	-0,1	12
3:20:40	29	-0,1	12
3:20:50	29	-0,1	12
3:21:00	29	-0,1	12
3:21:10	29	-0,1	12
3:21:20	29	-0,1	12
3:21:30	29	-0,1	12
3:21:40	29	-0,1	12
3:21:50	29	-0,1	12
3:22:00	29	-0,1	12
3:22:10	29	-0,1	12
3:22:20	29	-0,1	12
3:22:30	29	-0,1	12
3:22:40	29	-0,1	12
3:22:50	29	-0,1	12
3:23:00	29	-0,1	12
3:23:10	29	-0,1	12
3:23:20	29	-0,1	12
3:23:30	29	-0,1	12
3:23:40	29	-0,1	12
3:23:50	29	-0,1	12
3:24:00	29	-0,1	12
3:24:10	29	-0,1	12
3:24:20	29	-0,1	12
3:24:30	29	-0,1	12
3:24:40	29	-0,1	12
3:24:50	29	-0,1	12
3:25:00	29	-0,1	12
3:25:10	29	-0,1	12
3:25:20	29	-0,1	12
3:25:30	29	-0,1	12
3:25:40	29	-0,1	12
3:25:50	29	-0,1	12
3:26:00	29	-0,1	12
3:26:10	29	-0,1	12
3:26:20	29	-0,1	12
3:26:30	29	-0,1	12
3:26:40	29	-0,1	12
3:26:50	29	-0,1	12
3:27:00	29	-0,1	12
3:27:10	29	-0,1	12
3:27:20	29	-0,1	12
3:27:30	29	-0,1	12
3:27:40	29	-0,1	12
3:27:50	29	-0,1	12
3:28:00	29	-0,1	12
3:28:10	29	-0,1	12
3:28:20	29	-0,1	12
3:28:30	29	-0,1	12
3:28:40	29	-0,1	12
3:28:50	29	-0,1	12
3:29:00	29	-0,1	12
3:29:10	29	-0,1	12
3:29:20	29	-0,1	12
3:29:30	29	-0,1	12
3:29:40	29	-0,1	12
3:29:50	29	-0,1	12
3:30:00	29	-0,1	12
3:30:10	29	-0,1	12
3:30:20	29	-0,1	12
3:30:30	29	-0,1	12
3:30:40	29	-0,1	12
3:30:50	29	-0,1	12
3:31:00	29	-0,1	12
3:31:10	29	-0,1	12
3:31:20	29	-0,1	12
3:31:30	29	-0,1	12
3:31:40	29	-0,1	12
3:31:50	29	-0,1	12
3:32:00	29	-0,1	12
3:32:10	29	-0,1	12
3:32:20	29	-0,1	12
3:32:30	29	-0,1	12
3:32:40	29	-0,1	12
3:32:50	29	-0,1	12
3:33:00	29	-0,1	12
3:33:10	29	-0,1	12
3:33:20	29	-0,1	12
3:33:30	29	-0,1	12
3:33:40	29	-0,1	12
3:33:50	29	-0,1	12
3:34:00	29	-0,1	12
3:34:10	29	-0,1	12
3:34:20	29	-0,1	12
3:34:30	29	-0,1	12
3:34:40	29	-0,1	12
3:34:50	29	-0,1	12
3:35:00	29	-0,1	12
3:35:10	29	-0,1	12
3:35:20	29	-0,1	12
3:35:30	29	-0,1	12
3:35:40	29	-0,1	12
3:35:50	29	-0,1	12
3:36:00	29	-0,1	12
3:36:10	29	-0,1	12
3:36:20	29	-0,1	12
3:36:30	29	-0,1	12
3:36:40	29	-0,1	12
3:36:50	29	-0,1	12
3:37:00	29	-0,1	12
3:37:10	29	-0,1	12
3:37:20	29	-0,1	12
3:37:30	29	-0,1	12
3:37:40	29	-0,1	12
3:37:50	29	-0,1	12
3:38:00	29	-0,1	12
3:38:10	29	-0,1	12
3:38:20	29	-0,1	12
3:38:30	29	-0,1	12
3:38:40	29	-0,1	12
3:38:50	29	-0,1	12
3:39:00	29	-0,1	12
3:39:10	29	-0,1	12
3:39:20	29	-0,1	12
3:39:30	29	-0,1	12
3:39:40	29	-0,1	12
3:39:50	29	-0,1	12
3:40:00	29	-0,1	12
3:40:10	29	-0,1	12
3:40:20	29	-0,1	12
3:40:30	29	-0,1	12
3:40:40	29	-0,1	12
3:40:50	29	-0,1	12
3:41:00	29	-0,1	12
3:41:10	29	-0,1	12
3:41:20	29	-0,1	12
3:41:30	29	-0,1	12
3:41:40	29	-0,1	13
3:41:50	29	-0,1	13
3:42:00	29	-0,1	13
3:42:10	29	-0,1	13
3:42:20	29	-0,1	13
3:42:30	29	-0,1	13
3:42:40	29	-0,1	13
3:42:50	29	-0,1	13
3:43:00	29	-0,1	13
3:43:10	29	-0,1	13
3:43:20	29	-0,1	13
3:43:30	29	-0,1	13
3:43:40	29	-0,1	13
3:43:50	29	-0,1	13
3:44:00	29	-0,1	13
3:44:10	29	-0,1	13
3:44:20	29	-0,1	13
3:44:30	29	-0,1	13
3:44:40	29	-0,1	13
3:44:50	29	-0,1	13
3:45:00	29	-0,1	13
3:45:10	29	-0,1	13
3:45:20	29	-0,1	13
3:45:30	29	-0,1	13
3:45:40	29	-0,1	13
3:45:50	29	-0,1	13
3:46:00	29	-0,1	13
3:46:10	29	-0,1	13
3:46:20	29	-0,1	13
3:46:30	29	-0,1	13
3:46:40	29	-0,1	13
3:46:50	29	-0,1	13
3:47:00	29	-0,1	13
3:47:10	29	-0,1	13
3:47:20	29	-0,1	13
3:47:30	29	-0,1	13
3:47:40	29	-0,1	13
3:47:50	29	-0,1	13
3:48:00	29	-0,1	13
3:48:10	29	-0,1	13
3:48:20	29	-0,1	13
3:48:30	29	-0,1	13
3:48:40	29	-0,1	13
3:48:50	29	-0,1	13
3:49:00	29	-0,1	13
3:49:10	29	-0,1	13
3:49:20	29	-0,1	13
3:49:30	29	-0,1	13
3:49:40	29	-0,1	13
3:49:50	29	-0,1	13
3:50:00	29	-0,1	13
3:50:10	29	-0,1	13
3:50:20	29	-0,1	13
3:50:30	29	-0,1	13
3:50:40	29	-0,1	13
3:50:50	29	-0,1	13
3:51:00	29	-0,1	13
3:51:10	29	-0,1	13
3:51:20	29	-0,1	13
3:51:30	29	-0,1	13
3:51:40	29	-0,1	13
3:51:50	29	-0,1	13
3:52:00	29	-0,1	13
3:52:10	29	-0,1	13
3:52:20	29	-0,1	13
3:52:30	29	-0,1	13
3:52:40	29	-0,1	13
3:52:50	29	-0,1	13
3:53:00	29	-0,1	13
3:53:10	29	-0,1	13
3:53:20	29	-0,1	13
3:53:30	29	-0,1	13
3:53:40	29	-0,1	13
3:53:50	29	-0,1	13
3:54:00	29	-0,1	13
3:54:10	29	-0,1	13
3:54:20	29	-0,1	13
3:54:30	29	-0,1	13
3:54:40	29	-0,1	13
3:54:50	29	-0,1	13
3:55:00	29	-0,1	13
3:55:10	29	-0,1	13
3:55:20	29	-0,1	13
3:55:30	29	-0,1	13
3:55:40	29	-0,1	13
3:55:50	29	-0,1	13
3:56:00	29	-0,1	13
3:56:10	29	-0,1	13
3:56:20	29	-0,1	13
3:56:30	29	-0,1	13
3:56:40	29	-0,1	13
3:56:50	29	-0,1	13
3:57:00	29	-0,1	13
3:57:10	29	-0,1	13
3:57:20	29	-0,1	13
3:57:30	29	-0,1	13
3:57:40	29	-0,1	13
3:57:50	29	-0,1	13
3:58:00	29	-0,1	13
3:58:10	29	-0,1	13
3:58:20	29	-0,1	13
3:58:30	29	-0,1	13
3:58:40	29	-0,1	13
3:58:50	29	-0,1	13
3:59:00	29	-0,1	13
3:59:10	29	-0,1	13
3:59:20	29	-0,1	13
3:59:30	29	-0,1	13
3:59:40	29	-0,1	13
3:59:50	29	-0,1	13
4:00:00	29	-0,1	13
4:00:10	29	-0,1	13
4:00:20	29	-0,1	13
4:00:30	29	-0,1	13
4:00:40	29	-0,1	13
4:00:50	29	-0,1	13
4:01:00	29	-0,1	13
4:01:10	29	-0,1	13
4:01:20	29	-0,1	13
4:01:30	29	-0,1	13
4:01:40	29	-0,1	13
4:01:50	29	-0,1	13
4:02:00	29	-0,1	13
4:02:10	29	-0,1	13
4:02:20	29	-0,1	13
4:02:30	29	-0,1	13
4:02:40	29	-0,1	13
4:02:50	29	-0,1	13
4:03:00	29	-0,1	13
4:03:10	29	-0,1	13
4:03:20	29	-0,1	13
4:03:30	29	-0,1	13
4:03:40	29	-0,1	13
4:03:50	29	-0,1	13
4:04:00	29	-0,1	13
4:04:10	29	-0,1	13
4:04:20	29	-0,1	13
4:04:30	29	-0,1	13
4:04:40	29	-0,1	13
4:04:50	29	-0,1	13
4:05:00	29	-0,1	13
4:05:10	29	-0,1	13
4:05:20	29	-0,1	13
4:05:30	29	-0,1	13
4:05:40	29	-0,1	13
4:05:50	29	-0,1	13
4:06:00	29	-0,1	13
4:06:10	29	-0,1	13
4:06:20	29	-0,1	13
4:06:30	29	-0,1	13
4:06:40	29	-0,1	13
4:06:50	29	-0,1	13
4:07:00	29	-0,1	13
4:07:10	29	-0,1	13
4:07:20	29	-0,1	13
4:07:30	29	-0,1	13
4:07:40	29	-0,1	13
4:07:50	29	-0,1	13
4:08:00	29	-0,1	13
4:08:10	29	-0,1	14
4:08:20	29	-0,1	14
4:08:30	29	-0,1	14
4:08:40	29	-0,1	14
4:08:50	29	-0,1	14
4:09:00	29	-0,1	14
4:09:10	29	-0,1	14
4:09:20	29	-0,1	14
4:09:30	29	-0,1	14
4:09:40	29	-0,1	14
4:09:50	29	-0,1	14
4:10:00	29	-0,1	14
4:10:10	29	-0,1	14
4:10:20	29	-0,1	14
4:10:30	29	-0,1	14
4:10:40	29	-0,1	14
4:10:50	29	-0,1	14
4:11:00	29	-0,1	14
4:11:10	29	-0,1	14
4:11:20	29	-0,1	14
4:11:30	29	-0,1	14
4:11:40	29	-0,1	14
4:11:50	29	-0,1	14
4:12:00	29	-0,1	14
4:12:10	29	-0,1	14
4:12:20	29	-0,1	14
4:12:30	29	-0,1	14
4:12:40	29	-0,1	14
4:12:50	29	-0,1	14
4:13:00	29	-0,1	14
4:13:10	29	-0,1	14
4:13:20	29	-0,1	14
4:13:30	29	-0,1	14
4:13:40	29	-0,1	14
4:13:50	29	-0,1	14
4:14:00	29	-0,1	14
4:14:10	29	-0,1	14
4:14:20	29	-0,1	14
4:14:30	29	-0,1	14
4:14:40	29	-0,1	14
4:14:50	29	-0,1	14
4:15:00	29	-0,1	14
4:15:10	29	-0,1	14
4:15:20	29	-0,1	14
4:15:30	29	-0,1	14
4:15:40	29	-0,1	14
4:15:50	29	-0,1	14
4:16:00	29	-0,1	14
4:16:10	29	-0,1	14
4:16:20	29	-0,1	14
4:16:30	29	-0,1	14
4:16:40	29	-0,1	14
4:16:50	29	-0,1	14
4:17:00	29	-0,1	14
4:17:10	29	-0,1	14
4:17:20	29	-0,1	14
4:17:30	29	-0,1	14
4:17:40	29	-0,1	14
4:17:50	29	-0,1	14
4:18:00	29	-0,1	14
4:18:10	29	-0,1	14
4:18:20	29	-0,1	14
4:18:30	29	-0,1	14
4:18:40	29	-0,1	14
4:18:50	29	-0,1	14
4:19:00	29	-0,1	14
4:19:10	29	-0,1	14
4:19:20	29	-0,1	14
4:19:30	29	-0,1	14
4:19:40	29	-0,1	14
4:19:50	29	-0,1	14
4:20:00	29	-0,1	14
4:20:10	29	-0,1	14
4:20:20	29	-0,1	14
4:20:30	29	-0,1	14
4:20:40	29	-0,1	14
4:20:50	29	-0,1	14
4:21:00	29	-0,1	14
4:21:10	29	-0,1	14
4:21:20	29	-0,1	14
4:21:30	29	-0,1	14
4:21:40	29	-0,1	14
4:21:50	29	-0,1	14
4:22:00	29	-0,1	14
4:22:10	29	-0,1	14
4:22:20	29	-0,1	14
4:22:30	29	-0,1	14
4:22:40	29	-0,1	14
4:22:50	29	-0,1	14
4:23:00	29	-0,1	14
4:23:10	29	-0,1	14
4:23:20	29	-0,1	14
4:23:30	29	-0,1	14
4:23:40	29	-0,1	14
4:23:50	29	-0,1	14
4:24:00	29	-0,1	14
4:24:10	29	-0,1	14
4:24:20	29	-0,1	14
4:24:30	29	-0,1	14
4:24:40	30	-0,1	14
4:24:50	29	-0,1	14
4:25:00	30	-0,1	14
4:25:10	29	-0,1	14
4:25:20	29	-0,1	14
4:25:30	30	-0,1	14
4:25:40	29	-0,1	14
4:25:50	29	-0,1	15
4:26:00	29	-0,1	14
4:26:10	29	-0,1	14
4:26:20	30	-0,1	15
4:26:30	29	-0,1	15
4:26:40	30	-0,1	15
4:26:50	29	-0,1	15
4:27:00	29	-0,1	15
4:27:10	29	-0,1	15
4:27:20	29	-0,1	15
4:27:30	29	-0,1	15
4:27:40	30	-0,1	15
4:27:50	30	-0,1	15
4:28:00	30	-0,1	15
4:28:10	29	-0,1	15
4:28:20	30	-0,1	15
4:28:30	30	-0,1	15
4:28:40	30	-0,0	15
4:28:50	30	-0,1	15
4:29:00	30	-0,1	15
4:29:10	30	-0,1	15
4:29:20	30	-0,1	15
4:29:30	30	-0,1	15
4:29:40	30	-0,1	15
4:29:50	30	-0,1	15
4:30:00	30	-0,1	15
4:30:10	30	-0,1	15
4:30:20	30	-0,1	15
4:30:30	30	-0,1	15
4:30:40	30	-0,1	15
4:30:50	30	-0,1	15
4:31:00	30	-0,1	15
4:31:10	30	-0,1	15
4:31:20	30	-0,1	15
4:31:30	30	-0,1	15
4:31:40	30	-0,1	15
4:31:50	30	-0,1	15
4:32:00	30	-0,1	15
4:32:10	30	-0,1	15
4:32:20	30	-0,1	15
4:32:30	30	-0,1	15
4:32:40	30	-0,1	15
4:32:50	30	-0,1	15
4:33:00	30	-0,1	15
4:33:10	30	-0,1	15
4:33:20	30	-0,1	15
4:33:30	30	-0,1	15
4:33:40	30	-0,1	15
4:33:50	30	-0,1	15
4:34:00	30	-0,1	15
4:34:10	30	-0,1	15
4:34:20	30	-0,1	15
4:34:30	30	-0,1	15
4:34:40	30	-0,1	15
4:34:50	30	-0,1	15
4:35:00	30	-0,1	15
4:35:10	30	-0,1	15
4:35:20	30	-0,1	15
4:35:30	30	-0,1	15
4:35:40	30	-0,1	15
4:35:50	30	-0,1	15
4:36:00	30	-0,1	15
4:36:10	30	-0,1	15
4:36:20	30	-0,1	15
4:36:30	30	-0,1	15
4:36:40	30	-0,1	15
4:36:50	30	-0,1	15
4:37:00	30	-0,1	15
4:37:10	30	-0,1	15
4:37:20	30	-0,1	15
4:37:30	30	-0,1	16
4:37:40	30	-0,1	16
4:37:50	30	-0,1	16
4:38:00	30	-0,1	16
4:38:10	30	-0,1	16
4:38:20	30	-0,1	16
4:38:30	30	-0,1	16
4:38:40	30	-0,1	16
4:38:50	30	-0,1	16
4:39:00	30	-0,1	16
4:39:10	30	-0,1	16
4:39:20	30	-0,1	16
4:39:30	30	-0,1	16
4:39:40	30	-0,1	16
4:39:50	30	-0,1	16
4:40:00	30	-0,1	16
4:40:10	30	-0,1	16
4:40:20	30	-0,1	16
4:40:30	30	-0,1	16
4:40:40	30	-0,1	16
4:40:50	30	-0,1	16
4:41:00	30	-0,1	16
4:41:10	30	-0,1	16
4:41:20	30	-0,1	16
4:41:30	30	-0,1	16
4:41:40	30	-0,1	16
4:41:50	30	-0,1	16
4:42:00	30	-0,1	16
4:42:10	30	-0,1	16
4:42:20	30	-0,1	16
4:42:30	30	-0,1	16
4:42:40	30	-0,1	16
4:42:50	30	-0,1	16
4:43:00	30	-0,1	16
4:43:10	30	-0,1	16
4:43:20	30	-0,1	16
4:43:30	30	-0,1	16
4:43:40	30	-0,1	16
4:43:50	30	-0,1	16
4:44:00	30	-0,1	17
4:44:10	30	-0,1	17
4:44:20	30	-0,1	17
4:44:30	30	-0,1	17
4:44:40	30	-0,1	16
4:44:50	30	-0,1	17
4:45:00	30	-0,1	17
4:45:10	30	-0,1	17
4:45:20	30	-0,1	17
4:45:30	30	-0,1	17
4:45:40	30	-0,1	17
4:45:50	30	-0,1	17
4:46:00	30	-0,1	17
4:46:10	30	-0,1	17
4:46:20	30	-0,1	17
4:46:30	30	-0,1	17
4:46:40	30	-0,1	17
4:46:50	30	-0,1	17
4:47:00	30	-0,1	17
4:47:10	30	-0,1	17
4:47:20	30	-0,1	17
4:47:30	30	-0,1	17
4:47:40	30	-0,1	17
4:47:50	30	-0,1	17
4:48:00	30	-0,1	17
4:48:10	30	-0,1	17
4:48:20	30	-0,1	17
4:48:30	30	-0,1	17
4:48:40	30	-0,1	17
4:48:50	30	-0,1	17
4:49:00	30	-0,1	17
4:49:10	30	-0,1	17
4:49:20	30	-0,1	17
4:49:30	30	-0,1	17
4:49:40	30	-0,1	17
4:49:50	30	-0,1	17
4:50:00	30	-0,1	17
4:50:10	30	-0,1	17
4:50:20	30	-0,1	18
4:50:30	30	-0,1	18
4:50:40	30	-0,1	18
4:50:50	30	-0,1	18
4:51:00	30	-0,1	18
4:51:10	30	-0,1	18
4:51:20	30	-0,1	18
4:51:30	30	-0,1	18
4:51:40	30	-0,1	18
4:51:50	30	-0,1	18
4:52:00	30	-0,1	18
4:52:10	30	-0,1	18
4:52:20	30	-0,1	18
4:52:30	30	-0,1	18
4:52:40	30	-0,1	18
4:52:50	30	-0,1	18
4:53:00	30	-0,1	18
4:53:10	30	-0,1	18
4:53:20	30	-0,1	18
4:53:30	30	-0,1	18
4:53:40	30	-0,1	18
4:53:50	30	-0,1	18
4:54:00	30	-0,1	18
4:54:10	30	-0,1	19
4:54:20	30	-0,1	19
4:54:30	30	-0,1	19
4:54:40	30	-0,1	19
4:54:50	30	-0,1	19
4:55:00	30	-0,1	19
4:55:10	30	-0,1	19
4:55:20	30	-0,1	19
4:55:30	30	-0,1	19
4:55:40	30	-0,1	19
4:55:50	30	-0,1	19
4:56:00	30	-0,1	19
4:56:10	30	-0,1	20
4:56:20	30	-0,1	20
4:56:30	30	-0,1	20
4:56:40	30	-0,1	20
4:56:50	30	-0,1	20
4:57:00	30	-0,1	20
4:57:10	30	-0,1	20
4:57:20	30	-0,1	20
4:57:30	30	-0,1	20
4:57:40	30	-0,1	20
4:57:50	30	-0,1	20
4:58:00	30	-0,1	20
4:58:10	30	-0,1	20
4:58:20	30	-0,1	20
4:58:30	30	-0,1	20
4:58:40	30	-0,1	20
4:58:50	30	-0,1	20
4:59:00	30	-0,1	20
4:59:10	30	-0,1	20
4:59:20	30	-0,1	20
4:59:30	30	-0,1	20
4:59:40	30	-0,1	20
4:59:50	30	-0,1	20
5:00:00	30	-0,1	21
5:00:10	30	-0,1	21
5:00:20	30	-0,1	21
5:00:30	30	-0,1	21
5:00:40	30	-0,1	21
5:00:50	30	-0,1	21
5:01:00	30	-0,1	21
5:01:10	30	-0,1	21
5:01:20	30	-0,1	21
5:01:30	30	-0,1	22
5:01:40	30	-0,1	22
5:01:50	30	-0,1	22
5:02:00	30	-0,1	22
5:02:10	30	-0,1	22
5:02:20	30	-0,1	22
5:02:30	30	-0,1	22
5:02:40	30	-0,1	22
5:02:50	30	-0,1	22
5:03:00	30	-0,1	22
5:03:10	30	-0,1	23
5:03:20	30	-0,1	22
5:03:30	30	-0,1	22
5:03:40	30	-0,1	23
5:03:50	30	-0,1	23
5:04:00	30	-0,1	23
5:04:10	30	-0,1	23
5:04:20	30	-0,1	23
5:04:30	30	-0,1	23
5:04:40	30	-0,1	23
5:04:50	30	-0,1	23
5:05:00	30	-0,1	23
5:05:10	30	-0,1	23
5:05:20	30	-0,1	23
5:05:30	30	-0,1	23
5:05:40	30	-0,1	23
5:05:50	30	-0,1	23
5:06:00	30	-0,1	23
5:06:10	30	-0,1	23
5:06:20	30	-0,1	23
5:06:30	30	-0,1	24
5:06:40	30	-0,1	24
5:06:50	30	-0,1	24
5:07:00	30	-0,1	24
5:07:10	30	-0,1	24
5:07:20	30	-0,1	24
5:07:30	30	-0,1	24
5:07:40	30	-0,1	24
5:07:50	30	-0,1	24
5:08:00	30	-0,1	24
5:08:10	30	-0,1	25
5:08:20	30	-0,1	25
5:08:30	30	-0,1	25
5:08:40	30	-0,1	25
5:08:50	30	-0,1	25
5:09:00	30	-0,1	26
5:09:10	30	-0,1	26
5:09:20	30	-0,1	26
5:09:30	30	-0,1	26
5:09:40	30	-0,1	26
5:09:50	30	-0,1	26
5:10:00	30	-0,1	26
5:10:10	30	-0,1	26
5:10:20	30	-0,1	26
5:10:30	30	-0,1	26
5:10:40	30	-0,1	26
5:10:50	30	-0,1	26
5:11:00	30	-0,1	26
5:11:10	30	-0,1	26
5:11:20	30	-0,1	26
5:11:30	30	-0,1	26
5:11:40	30	-0,1	26
5:11:50	30	-0,1	26
5:12:00	30	-0,1	26
5:12:10	30	-0,1	26
5:12:20	30	-0,1	26
5:12:30	30	-0,1	26
5:12:40	30	-0,1	26
5:12:50	30	-0,1	27
5:13:00	30	-0,1	27
5:13:10	30	-0,1	27
5:13:20	30	-0,1	27
5:13:30	30	-0,1	27
5:13:40	30	-0,1	27
5:13:50	30	-0,1	27
5:14:00	30	-0,1	27
5:14:10	30	-0,1	27
5:14:20	30	-0,1	27
5:14:30	30	-0,1	28
5:14:40	30	-0,1	28
5:14:50	30	-0,1	28
5:15:00	30	-0,1	28
5:15:10	30	-0,1	28
5:15:20	30	-0,1	28
5:15:30	30	-0,1	28
5:15:40	30	-0,1	28
5:15:50	30	-0,1	29
5:16:00	30	-0,1	29
5:16:10	30	-0,1	29
5:16:20	30	-0,1	29
5:16:30	30	-0,1	29
5:16:40	30	-0,1	29
5:16:50	30	-0,1	29
5:17:00	30	-0,1	30
5:17:10	30	-0,1	30
5:17:20	30	-0,1	30
5:17:30	30	-0,1	30
5:17:40	30	-0,1	30
5:17:50	30	-0,1	30
5:18:00	30	-0,1	30
5:18:10	30	-0,1	30
5:18:20	30	-0,1	30
5:18:30	30	-0,1	30
5:18:40	30	-0,1	30
5:18:50	30	-0,1	30
5:19:00	30	-0,1	31
5:19:10	30	-0,1	31
5:19:20	30	-0,1	31
5:19:30	30	-0,1	31
5:19:40	30	-0,1	31
5:19:50	30	-0,1	31
5:20:00	30	-0,1	31
5:20:10	30	-0,1	32
5:20:20	30	-0,1	32
5:20:30	30	-0,1	32
5:20:40	30	-0,1	32
5:20:50	30	-0,1	32
5:21:00	30	-0,1	32
5:21:10	30	-0,1	32
5:21:20	30	-0,1	33
5:21:30	30	-0,1	33
5:21:40	30	-0,1	33
5:21:50	30	-0,1	33
5:22:00	30	-0,1	33
5:22:10	30	-0,1	33
5:22:20	30	-0,1	33
5:22:30	30	-0,1	33
5:22:40	30	-0,1	33
5:22:50	30	-0,1	33
5:23:00	30	-0,1	34
5:23:10	30	-0,1	34
5:23:20	31	-0,1	34
