--Test Summary--
Full Path and File Name	
Instrument Name	7222-2
Instrument Type	Model 7222 Consistometer
Instrument Serial Number	128
Test Start Date	20.02.2008
Test Start Time	17:28:20
Test Stop Date	21.02.2008
Test Stop Time	11:06:19
Test Length	17:37:59
Final Sample Time Offset	17:37:00
Controller Schedule Name	
Sampling Period	60 seconds
Comments	T:37C(35), P:12MPa(35)
Information	WellID	170-c3-01
Information	Customer	Tomsk
Information	CementClass	PCT-I-G
Information	CementMfr	Suhologskiy
Information	Additives	3%Gel+3%SMS
Information	Density	1420
Information	BHCT	37
Information	BHST	46
Information	FluidLoss	
Information	JobType	
Calculated Value	30Bc - TT	6:49:00
Calculated Value	70Bc - TT	N/A
Calculated Value	100Bc - TT	N/A
Initial Temperature (°C)	30 °C
Final Temperature (°C)	24 °C
Initial Pressure (MPa)	2,5 MPa
Final Pressure (MPa)	0,1 MPa
Initial Consistency (Bc)	17 Bc
Final Consistency (Bc)	0 Bc
--Data--
Time (HH:MM:SS)	Temperature (°C)	Pressure (MPa)	Consistency (Bc)
0:00:00	30	2,5	17
0:01:00	33	3,1	19
0:02:00	36	3,5	20
0:03:00	39	3,8	21
0:04:00	41	4,0	22
0:05:00	43	4,3	20
0:06:00	45	4,6	20
0:07:00	47	4,8	20
0:08:00	48	5,0	21
0:09:00	49	5,4	25
0:10:00	50	5,6	26
0:11:00	51	5,9	21
0:12:00	52	6,1	24
0:13:00			
0:14:00	52	6,2	10
0:15:00	53	6,6	26
0:16:00	53	6,8	15
0:17:00	54	7,3	13
0:18:00	54	7,4	12
0:19:00	54	7,9	11
0:20:00	54	8,3	11
0:21:00	55	8,3	11
0:22:00	55	8,8	11
0:23:00	55	9,2	11
0:24:00	55	9,1	10
0:25:00	55	9,5	11
0:26:00	55	9,9	10
0:27:00	55	10,0	10
0:28:00	55	10,3	10
0:29:00	55	10,6	10
0:30:00	55	11,0	12
0:31:00	55	11,0	14
0:32:00	55	11,4	14
0:33:00	55	11,8	14
0:34:00	55	12,1	11
0:35:00	55	12,5	12
0:36:00	55	12,4	18
0:37:00	55	12,3	13
0:38:00	55	12,2	12
0:39:00	55	12,1	12
0:40:00	55	12,4	12
0:41:00	55	12,3	17
0:42:00	55	12,2	18
0:43:00	54	12,1	17
0:44:00	54	12,5	14
0:45:00	54	12,3	21
0:46:00	54	12,2	9
0:47:00	54	12,2	14
0:48:00	54	12,2	15
0:49:00	54	12,3	22
0:50:00	54	11,9	14
0:51:00	53	12,1	14
0:52:00	52	12,2	13
0:53:00	51	12,4	22
0:54:00	50	12,0	18
0:55:00	49	12,0	20
0:56:00	48	12,0	15
0:57:00	46	12,2	16
0:58:00	45	12,2	22
0:59:00	44	12,0	22
1:00:00	42	12,0	19
1:01:00	41	12,3	29
1:02:00	40	12,2	24
1:03:00	39	12,0	23
1:04:00	38	12,1	23
1:05:00	37	12,3	19
1:06:00	36	12,3	22
1:07:00	36	12,3	28
1:08:00	35	12,5	16
1:09:00	34	12,2	15
1:10:00	33	12,5	20
1:11:00	33	12,3	16
1:12:00	32	12,1	16
1:13:00	32	12,3	16
1:14:00	32	12,1	17
1:15:00	31	12,5	22
1:16:00	31	12,3	10
1:17:00	31	12,2	9
1:18:00	31	12,1	12
1:19:00	30	12,5	15
1:20:00	30	12,4	11
1:21:00	30	12,3	14
1:22:00	30	12,2	17
1:23:00	30	12,2	18
1:24:00	30	12,1	20
1:25:00	30	12,1	17
1:26:00	30	12,6	17
1:27:00	30	12,5	15
1:28:00	30	12,5	15
1:29:00	29	12,4	15
1:30:00	29	12,4	13
1:31:00	29	12,4	15
1:32:00	29	12,4	17
1:33:00	29	12,3	14
1:34:00	29	12,3	18
1:35:00	29	12,3	15
1:36:00	29	12,3	21
1:37:00	29	12,3	19
1:38:00	29	12,3	16
1:39:00	29	12,3	17
1:40:00	29	12,3	14
1:41:00	29	12,3	13
1:42:00	29	12,3	14
1:43:00	29	12,3	13
1:44:00	29	12,3	14
1:45:00	29	12,3	14
1:46:00	29	12,3	18
1:47:00	29	12,2	18
1:48:00	29	12,3	14
1:49:00	29	12,2	15
1:50:00	29	12,2	13
1:51:00	29	12,2	14
1:52:00	29	12,2	12
1:53:00	29	12,2	11
1:54:00	29	12,2	19
1:55:00	30	12,2	19
1:56:00	29	12,2	14
1:57:00	29	12,2	16
1:58:00	29	12,2	13
1:59:00	30	12,2	15
2:00:00	30	12,2	13
2:01:00	29	12,2	13
2:02:00	30	12,2	12
2:03:00	30	12,2	12
2:04:00	30	12,2	13
2:05:00	30	12,2	13
2:06:00	30	12,2	13
2:07:00	30	12,2	13
2:08:00	30	12,2	13
2:09:00	30	12,2	12
2:10:00	30	12,2	12
2:11:00	30	12,2	12
2:12:00	30	12,2	12
2:13:00	30	12,2	12
2:14:00	30	12,2	12
2:15:00	30	12,2	12
2:16:00	30	12,2	12
2:17:00	30	12,2	13
2:18:00	30	12,2	15
2:19:00	30	12,2	16
2:20:00	30	12,2	16
2:21:00	30	12,2	29
2:22:00	30	12,2	25
2:23:00	30	12,2	16
2:24:00	30	12,2	21
2:25:00	30	12,2	26
2:26:00	30	12,2	32
2:27:00	30	12,2	26
2:28:00	30	12,2	18
2:29:00	30	12,2	18
2:30:00	30	12,2	19
2:31:00	30	12,2	17
2:32:00	30	12,2	22
2:33:00	30	12,2	18
2:34:00	30	12,2	16
2:35:00	30	12,2	16
2:36:00	30	12,2	15
2:37:00	30	12,2	21
2:38:00	30	12,2	19
2:39:00	30	12,2	17
2:40:00	30	12,2	15
2:41:00	30	12,2	21
2:42:00	30	12,2	15
2:43:00	30	12,2	18
2:44:00	30	12,2	23
2:45:00	30	12,2	23
2:46:00	30	12,2	22
2:47:00	30	12,2	21
2:48:00	30	12,2	20
2:49:00	30	12,2	21
2:50:00	30	12,2	19
2:51:00	30	12,2	22
2:52:00	30	12,2	23
2:53:00	31	12,2	20
2:54:00	30	12,2	30
2:55:00	30	12,2	18
2:56:00	30	12,2	21
2:57:00	30	12,2	25
2:58:00	30	12,2	15
2:59:00	31	12,2	14
3:00:00	30	12,2	16
3:01:00	30	12,2	19
3:02:00	31	12,2	18
3:03:00	31	12,2	23
3:04:00	31	12,2	23
3:05:00	31	12,2	23
3:06:00	31	12,2	28
3:07:00	31	12,2	23
3:08:00	31	12,2	31
3:09:00	31	12,2	22
3:10:00	31	12,2	16
3:11:00	31	12,2	14
3:12:00	31	12,2	18
3:13:00	31	12,2	16
3:14:00	31	12,2	14
3:15:00	31	12,2	23
3:16:00	31	12,2	26
3:17:00	31	12,2	20
3:18:00	31	12,2	20
3:19:00	31	12,2	20
3:20:00	31	12,2	19
3:21:00	31	12,2	19
3:22:00	31	12,2	19
3:23:00	31	12,1	19
3:24:00	31	12,2	17
3:25:00	31	12,2	19
3:26:00	31	12,1	14
3:27:00	31	12,1	14
3:28:00	31	12,1	14
3:29:00	31	12,1	15
3:30:00	31	12,1	18
3:31:00	31	12,1	16
3:32:00	31	12,1	21
3:33:00	31	12,1	27
3:34:00	31	12,1	21
3:35:00	31	12,1	18
3:36:00	31	12,1	22
3:37:00	31	12,1	14
3:38:00	31	12,1	15
3:39:00	31	12,1	20
3:40:00	31	12,1	18
3:41:00	31	12,1	17
3:42:00	31	12,1	15
3:43:00	31	12,1	14
3:44:00	31	12,1	14
3:45:00	31	12,1	15
3:46:00	31	12,6	18
3:47:00	31	12,6	22
3:48:00	31	12,6	19
3:49:00	31	12,6	15
3:50:00	31	12,6	14
3:51:00	31	12,5	15
3:52:00	31	12,5	13
3:53:00	31	12,5	16
3:54:00	31	12,5	15
3:55:00	31	12,5	21
3:56:00	31	12,5	16
3:57:00	31	12,5	16
3:58:00	31	12,5	19
3:59:00	31	12,5	21
4:00:00	31	12,5	19
4:01:00	31	12,5	14
4:02:00	31	12,5	13
4:03:00	31	12,5	18
4:04:00	31	12,5	13
4:05:00	31	12,5	13
4:06:00	31	12,4	16
4:07:00	31	12,4	14
4:08:00	31	12,4	16
4:09:00	31	12,4	17
4:10:00	31	12,4	18
4:11:00	31	12,4	15
4:12:00	31	12,4	17
4:13:00	31	12,4	16
4:14:00	31	12,4	14
4:15:00	31	12,4	16
4:16:00	31	12,4	15
4:17:00	31	12,4	13
4:18:00	31	12,4	16
4:19:00	31	12,4	13
4:20:00	31	12,4	14
4:21:00	31	12,4	22
4:22:00	31	12,4	23
4:23:00	31	12,4	19
4:24:00	31	12,4	17
4:25:00	31	12,3	18
4:26:00	31	12,3	18
4:27:00	31	12,3	15
4:28:00	31	12,3	13
4:29:00	31	12,3	18
4:30:00	31	12,3	14
4:31:00	31	12,3	15
4:32:00	31	12,3	14
4:33:00	31	12,3	19
4:34:00	31	12,3	15
4:35:00	31	12,3	22
4:36:00	31	12,3	20
4:37:00	31	12,3	13
4:38:00	31	12,3	14
4:39:00	31	12,3	13
4:40:00	31	12,3	13
4:41:00	31	12,2	13
4:42:00	31	12,2	13
4:43:00	31	12,2	12
4:44:00	31	12,2	12
4:45:00	31	12,2	12
4:46:00	31	12,2	12
4:47:00	32	12,2	12
4:48:00	32	12,2	13
4:49:00	31	12,2	13
4:50:00	31	12,2	13
4:51:00	31	12,2	12
4:52:00	31	12,2	12
4:53:00	31	12,2	13
4:54:00	32	12,2	13
4:55:00	32	12,2	13
4:56:00	31	12,2	13
4:57:00	31	12,2	13
4:58:00	31	12,1	13
4:59:00	31	12,1	13
5:00:00	31	12,1	13
5:01:00	32	12,1	13
5:02:00	32	12,1	13
5:03:00	32	12,1	13
5:04:00	31	12,1	13
5:05:00	32	12,1	13
5:06:00	31	12,1	13
5:07:00	32	12,5	14
5:08:00	32	12,5	14
5:09:00	32	12,5	14
5:10:00	32	12,5	14
5:11:00	32	12,5	14
5:12:00	32	12,5	14
5:13:00	32	12,5	14
5:14:00	32	12,4	14
5:15:00	32	12,4	14
5:16:00	32	12,4	14
5:17:00	32	12,4	14
5:18:00	32	12,4	14
5:19:00	32	12,4	14
5:20:00	32	12,4	14
5:21:00	32	12,3	15
5:22:00	32	12,3	15
5:23:00	32	12,3	15
5:24:00	32	12,3	15
5:25:00	32	12,3	15
5:26:00	32	12,3	15
5:27:00	32	12,3	15
5:28:00	32	12,3	15
5:29:00	32	12,3	15
5:30:00	32	12,3	15
5:31:00	32	12,3	15
5:32:00	32	12,2	15
5:33:00	32	12,2	16
5:34:00	32	12,2	16
5:35:00	32	12,2	16
5:36:00	32	12,2	16
5:37:00	32	12,2	16
5:38:00	32	12,2	16
5:39:00	32	12,2	16
5:40:00	32	12,2	16
5:41:00	32	12,2	16
5:42:00	32	12,2	16
5:43:00	32	12,2	17
5:44:00	32	12,2	17
5:45:00	32	12,1	17
5:46:00	32	12,1	17
5:47:00	32	12,1	17
5:48:00	32	12,1	17
5:49:00	32	12,1	17
5:50:00	32	12,1	17
5:51:00	32	12,1	17
5:52:00	32	12,1	17
5:53:00	32	12,2	18
5:54:00	32	12,2	18
5:55:00	32	12,2	18
5:56:00	32	12,2	18
5:57:00	32	12,2	18
5:58:00	32	12,2	18
5:59:00	32	12,2	18
6:00:00	32	12,2	19
6:01:00	32	12,1	19
6:02:00	32	12,1	19
6:03:00	32	12,1	19
6:04:00	32	12,1	19
6:05:00	32	12,1	19
6:06:00	32	12,1	20
6:07:00	32	12,1	20
6:08:00	32	12,6	20
6:09:00	32	12,6	21
6:10:00	32	12,6	21
6:11:00	32	12,5	21
6:12:00	32	12,5	21
6:13:00	32	12,5	21
6:14:00	32	12,5	21
6:15:00	32	12,5	21
6:16:00	32	12,5	22
6:17:00	32	12,5	22
6:18:00	32	12,5	22
6:19:00	32	12,5	22
6:20:00	32	12,5	22
6:21:00	32	12,5	22
6:22:00	32	12,4	23
6:23:00	32	12,4	23
6:24:00	32	12,4	23
6:25:00	32	12,4	24
6:26:00	32	12,4	24
6:27:00	32	12,4	24
6:28:00	32	12,4	24
6:29:00	32	12,4	24
6:30:00	32	12,4	25
6:31:00	32	12,3	25
6:32:00	32	12,3	25
6:33:00	32	12,3	26
6:34:00	32	12,3	26
6:35:00	32	12,3	26
6:36:00	32	12,3	26
6:37:00	32	12,3	26
6:38:00	32	12,3	27
6:39:00	32	12,3	27
6:40:00	32	12,3	27
6:41:00	32	12,2	28
6:42:00	32	12,2	28
6:43:00	32	12,2	29
6:44:00	32	12,2	29
6:45:00	32	12,2	29
6:46:00	32	12,2	29
6:47:00	32	12,2	30
6:48:00	32	12,2	30
6:49:00	32	12,2	31
6:50:00	32	12,2	31
6:51:00	32	12,1	31
6:52:00	32	12,1	32
6:53:00	32	12,1	32
6:54:00	32	12,1	32
6:55:00	32	12,1	32
6:56:00	32	12,1	32
6:57:00	32	12,1	33
6:58:00	32	12,2	33
6:59:00	32	12,2	33
7:00:00	32	12,2	34
7:01:00	32	12,1	34
7:02:00	32	12,1	34
7:03:00	32	12,1	34
7:04:00	32	12,1	34
7:05:00	32	12,1	34
7:06:00	32	12,5	34
7:07:00	32	12,5	34
7:08:00	33	12,5	36
7:09:00	32	12,4	36
7:10:00	32	12,4	37
7:11:00	33	12,4	38
7:12:00	33	12,4	38
7:13:00	32	12,4	38
7:14:00	33	12,4	39
7:15:00	32	12,4	39
7:16:00	32	12,4	39
7:17:00	32	12,4	40
7:18:00	33	12,3	40
7:19:00	32	12,3	40
7:20:00	33	12,3	41
7:21:00	33	12,3	41
7:22:00	33	12,3	41
7:23:00	32	12,3	42
7:24:00	33	12,3	42
7:25:00	33	12,3	43
7:26:00	33	12,3	44
7:27:00	32	12,3	45
7:28:00	33	12,3	45
7:29:00	33	12,2	46
7:30:00	33	12,2	47
7:31:00	33	12,2	47
7:32:00	33	12,2	48
7:33:00	33	12,2	48
7:34:00	33	12,2	49
7:35:00	33	12,2	50
7:36:00	33	12,2	50
7:37:00	33	12,2	50
7:38:00	33	12,2	51
7:39:00	33	12,2	51
7:40:00	33	12,1	51
7:41:00	33	12,1	52
7:42:00	33	12,1	52
7:43:00	33	12,1	53
7:44:00	33	12,1	53
7:45:00	33	12,5	54
7:46:00	33	12,5	54
7:47:00	33	12,5	54
7:48:00	33	12,5	55
7:49:00	33	12,4	55
7:50:00	33	12,4	56
7:51:00	33	12,4	56
7:52:00	33	12,4	57
7:53:00	33	12,4	58
7:54:00	33	12,4	58
7:55:00	33	12,3	59
7:56:00	33	12,3	60
7:57:00	33	12,3	60
7:58:00	33	12,3	60
7:59:00	33	12,3	61
8:00:00	33	12,3	61
8:01:00	33	12,3	61
8:02:00	33	12,2	62
8:03:00	33	12,2	63
8:04:00	33	12,2	63
8:05:00	33	12,2	64
8:06:00	33	12,2	64
8:07:00	33	12,2	65
8:08:00	33	12,2	65
8:09:00	33	12,2	65
8:10:00	33	12,2	65
8:11:00	33	12,2	66
8:12:00	33	12,1	67
8:13:00	33	12,1	67
8:14:00	33	12,1	19
8:15:00	33	12,1	6
8:16:00	33	12,1	3
8:17:00	33	12,1	17
8:18:00	33	12,1	8
8:19:00	33	12,2	13
8:20:00	33	12,2	17
8:21:00	33	12,2	19
8:22:00	33	12,2	71
8:23:00	33	12,2	5
8:24:00	33	12,1	3
8:25:00	33	12,1	3
8:26:00	33	12,1	3
8:27:00	33	12,4	3
8:28:00	33	12,4	3
8:29:00	33	12,4	3
8:30:00	33	12,4	4
8:31:00	33	12,3	3
8:32:00	33	12,3	3
8:33:00	34	12,3	3
8:34:00	33	12,3	3
8:35:00	33	12,2	6
8:36:00	33	12,2	3
8:37:00	33	12,2	3
8:38:00	33	12,2	3
8:39:00	33	12,2	3
8:40:00	33	12,1	3
8:41:00	33	12,1	3
8:42:00	34	12,1	5
8:43:00	33	12,1	3
8:44:00	33	12,3	3
8:45:00	33	12,3	3
8:46:00	33	12,3	3
8:47:00	33	12,3	3
8:48:00	33	12,3	3
8:49:00	33	12,2	5
8:50:00	33	12,2	3
8:51:00	34	12,2	5
8:52:00	33	12,2	3
8:53:00	33	12,2	3
8:54:00	33	12,2	3
8:55:00	33	12,2	3
8:56:00	33	12,2	3
8:57:00	33	12,1	3
8:58:00	33	12,1	5
8:59:00	33	12,1	3
9:00:00	33	12,1	3
9:01:00	33	12,1	3
9:02:00	33	12,4	3
9:03:00	33	12,3	3
9:04:00	33	12,3	3
9:05:00	33	12,3	5
9:06:00	33	12,3	3
9:07:00	33	12,3	3
9:08:00	33	12,3	3
9:09:00	33	12,2	3
9:10:00	33	12,2	3
9:11:00	33	12,2	3
9:12:00	33	12,2	5
9:13:00	33	12,2	3
9:14:00	33	12,2	3
9:15:00	33	12,2	3
9:16:00	33	12,1	3
9:17:00	33	12,1	3
9:18:00	33	12,1	3
9:19:00	33	12,1	3
9:20:00	33	12,1	3
9:21:00	33	12,4	3
9:22:00	33	12,3	3
9:23:00	33	12,3	3
9:24:00	33	12,3	3
9:25:00	33	12,3	3
9:26:00	33	12,3	3
9:27:00	33	12,3	3
9:28:00	33	12,3	3
9:29:00	33	12,2	3
9:30:00	33	12,2	4
9:31:00	33	12,2	3
9:32:00	33	12,2	3
9:33:00	33	12,2	3
9:34:00	33	12,2	3
9:35:00	33	12,2	3
9:36:00	33	12,2	3
9:37:00	33	12,2	4
9:38:00	33	12,1	3
9:39:00	33	12,1	3
9:40:00	33	12,1	3
9:41:00	33	12,1	3
9:42:00	33	12,1	3
9:43:00	33	12,1	3
9:44:00	33	12,3	3
9:45:00	33	12,3	3
9:46:00	33	12,3	3
9:47:00	33	12,2	3
9:48:00	33	12,2	3
9:49:00	33	12,2	3
9:50:00	33	12,2	3
9:51:00	33	12,2	3
9:52:00	33	12,2	3
9:53:00	33	12,2	3
9:54:00	33	12,1	3
9:55:00	33	12,1	3
9:56:00	33	12,1	3
9:57:00	33	12,1	3
9:58:00	33	12,5	3
9:59:00	33	12,4	3
10:00:00	33	12,4	3
10:01:00	33	12,4	3
10:02:00	33	12,4	3
10:03:00	33	12,4	3
10:04:00	33	12,4	3
10:05:00	33	12,4	3
10:06:00	33	12,3	3
10:07:00	33	12,3	3
10:08:00	33	12,3	3
10:09:00	33	12,3	3
10:10:00	33	12,3	3
10:11:00	33	12,3	3
10:12:00	33	12,3	3
10:13:00	33	12,3	3
10:14:00	33	12,3	3
10:15:00	33	12,2	3
10:16:00	33	12,2	3
10:17:00	33	12,2	3
10:18:00	33	12,2	3
10:19:00	33	12,2	3
10:20:00	33	12,2	3
10:21:00	33	12,2	3
10:22:00	33	12,2	3
10:23:00	33	12,2	3
10:24:00	33	12,1	3
10:25:00	33	12,1	3
10:26:00	33	12,1	3
10:27:00	33	12,1	3
10:28:00	33	12,1	3
10:29:00	33	12,1	3
10:30:00	33	12,1	3
10:31:00	33	12,1	3
10:32:00	33	12,2	3
10:33:00	33	12,2	3
10:34:00	33	12,1	3
10:35:00	33	12,1	3
10:36:00	33	12,1	3
10:37:00	33	12,1	3
10:38:00	33	12,5	3
10:39:00	33	12,5	3
10:40:00	33	12,5	3
10:41:00	33	12,4	3
10:42:00	33	12,4	3
10:43:00	33	12,4	3
10:44:00	33	12,4	3
10:45:00	33	12,3	3
10:46:00	33	12,3	3
10:47:00	33	12,3	3
10:48:00	33	12,3	3
10:49:00	33	12,3	3
10:50:00	33	12,2	3
10:51:00	33	12,2	3
10:52:00	33	12,2	3
10:53:00	33	12,2	3
10:54:00	33	12,2	3
10:55:00	33	12,1	3
10:56:00	33	12,1	3
10:57:00	33	12,1	3
10:58:00	33	12,2	3
10:59:00	33	12,2	3
11:00:00	33	12,2	3
11:01:00	33	12,2	3
11:02:00	33	12,2	3
11:03:00	33	12,1	3
11:04:00	33	12,1	3
11:05:00	33	12,1	3
11:06:00	33	12,1	3
11:07:00	33	12,1	3
11:08:00	33	12,1	3
11:09:00	33	12,4	3
11:10:00	33	12,4	3
11:11:00	33	12,3	3
11:12:00	33	12,3	3
11:13:00	33	12,3	3
11:14:00	33	12,3	3
11:15:00	33	12,3	3
11:16:00	33	12,3	3
11:17:00	33	12,2	3
11:18:00	33	12,2	3
11:19:00	33	12,2	3
11:20:00	33	12,2	3
11:21:00	33	12,2	3
11:22:00	33	12,2	3
11:23:00	33	12,2	3
11:24:00	33	12,2	3
11:25:00	33	12,1	3
11:26:00	33	12,1	3
11:27:00	33	12,1	3
11:28:00	33	12,1	3
11:29:00	33	12,1	3
11:30:00	33	12,1	3
11:31:00	33	12,4	3
11:32:00	33	12,3	3
11:33:00	33	12,3	3
11:34:00	33	12,3	3
11:35:00	33	12,3	3
11:36:00	33	12,3	3
11:37:00	33	12,3	3
11:38:00	33	12,3	3
11:39:00	33	12,3	3
11:40:00	33	12,3	3
11:41:00	33	12,3	3
11:42:00	33	12,3	3
11:43:00	33	12,2	3
11:44:00	33	12,2	3
11:45:00	33	12,2	3
11:46:00	33	12,2	3
11:47:00	33	12,2	3
11:48:00	33	12,2	3
11:49:00	33	12,2	3
11:50:00	33	12,2	3
11:51:00	33	12,2	3
11:52:00	33	12,2	3
11:53:00	33	12,2	3
11:54:00	33	12,1	3
11:55:00	33	12,1	3
11:56:00	33	12,1	3
11:57:00	33	12,1	3
11:58:00	33	12,1	3
11:59:00	33	12,1	3
12:00:00	33	12,1	3
12:01:00	33	12,1	3
12:02:00	33	12,2	3
12:03:00	33	12,1	3
12:04:00	33	12,1	3
12:05:00	33	12,1	3
12:06:00	33	12,1	3
12:07:00	33	12,1	3
12:08:00	33	12,6	3
12:09:00	33	12,5	3
12:10:00	33	12,5	3
12:11:00	33	12,5	3
12:12:00	33	12,5	3
12:13:00	33	12,5	3
12:14:00	33	12,5	3
12:15:00	33	12,5	3
12:16:00	33	12,5	3
12:17:00	33	12,4	3
12:18:00	33	12,4	3
12:19:00	33	12,4	3
12:20:00	33	12,4	3
12:21:00	33	12,4	3
12:22:00	33	12,4	4
12:23:00	33	12,4	3
12:24:00	33	12,4	3
12:25:00	33	12,4	3
12:26:00	33	12,4	3
12:27:00	33	12,4	3
12:28:00	33	12,3	3
12:29:00	33	12,3	3
12:30:00	33	12,3	3
12:31:00	33	12,3	4
12:32:00	33	12,3	3
12:33:00	33	12,3	3
12:34:00	33	12,3	3
12:35:00	33	12,3	3
12:36:00	33	12,3	3
12:37:00	33	12,3	3
12:38:00	33	12,3	3
12:39:00	33	12,3	3
12:40:00	33	12,3	3
12:41:00	33	12,2	3
12:42:00	33	12,2	3
12:43:00	33	12,2	3
12:44:00	33	12,2	3
12:45:00	33	12,2	3
12:46:00	33	12,2	4
12:47:00	33	12,2	3
12:48:00	33	12,2	4
12:49:00	33	12,2	3
12:50:00	33	12,2	4
12:51:00	33	12,2	3
12:52:00	33	12,2	3
12:53:00	33	12,2	4
12:54:00	33	12,1	4
12:55:00	33	12,1	4
12:56:00	33	12,1	3
12:57:00	33	12,1	6
12:58:00	33	12,1	4
12:59:00	33	12,1	3
13:00:00	33	12,1	4
13:01:00	33	12,1	3
13:02:00	33	12,1	4
13:03:00	33	12,3	4
13:04:00	33	12,3	4
13:05:00	33	12,3	3
13:06:00	33	12,2	3
13:07:00	33	12,2	4
13:08:00	33	12,2	3
13:09:00	33	12,2	3
13:10:00	33	12,2	3
13:11:00	33	12,2	3
13:12:00	33	12,2	4
13:13:00	33	12,1	4
13:14:00	33	12,1	3
13:15:00	33	12,1	3
13:16:00	33	12,1	4
13:17:00	33	12,1	3
13:18:00	33	12,1	4
13:19:00	33	12,1	4
13:20:00	33	12,1	3
13:21:00	33	12,1	4
13:22:00	33	12,5	4
13:23:00	33	12,5	3
13:24:00	33	12,4	3
13:25:00	33	12,4	4
13:26:00	33	12,4	3
13:27:00	33	12,4	3
13:28:00	33	12,4	3
13:29:00	33	12,4	3
13:30:00	33	12,4	3
13:31:00	33	12,4	3
13:32:00	33	12,4	3
13:33:00	33	12,4	3
13:34:00	33	12,4	5
13:35:00	33	12,3	5
13:36:00	33	12,3	3
13:37:00	33	12,3	3
13:38:00	33	12,3	3
13:39:00	33	12,3	4
13:40:00	33	12,3	4
13:41:00	33	12,3	3
13:42:00	33	12,3	3
13:43:00	33	12,3	3
13:44:00	32	12,3	3
13:45:00	33	12,3	3
13:46:00	33	12,3	3
13:47:00	33	12,3	3
13:48:00	32	12,3	3
13:49:00	33	12,2	3
13:50:00	33	12,3	3
13:51:00	33	12,2	3
13:52:00	33	12,2	3
13:53:00	33	12,2	3
13:54:00	32	12,2	3
13:55:00	33	12,2	3
13:56:00	33	12,2	3
13:57:00	33	12,2	3
13:58:00	33	12,2	3
13:59:00	33	12,2	3
14:00:00	33	12,2	3
14:01:00	33	12,2	4
14:02:00	33	12,2	3
14:03:00	33	12,2	3
14:04:00	33	12,2	3
14:05:00	32	12,1	3
14:06:00	33	12,1	3
14:07:00	33	12,1	3
14:08:00	33	12,1	3
14:09:00	33	12,1	3
14:10:00	33	12,1	3
14:11:00	32	12,1	3
14:12:00	33	12,1	3
14:13:00	33	12,1	3
14:14:00	33	12,1	3
14:15:00	32	12,1	3
14:16:00	33	12,3	3
14:17:00	32	12,3	3
14:18:00	33	12,3	3
14:19:00	33	12,3	3
14:20:00	32	12,3	4
14:21:00	33	12,3	3
14:22:00	32	12,3	3
14:23:00	33	12,3	3
14:24:00	33	12,2	3
14:25:00	32	12,2	3
14:26:00	33	12,2	3
14:27:00	33	12,2	3
14:28:00	33	12,2	3
14:29:00	33	12,2	3
14:30:00	33	12,2	3
14:31:00	33	12,2	3
14:32:00	33	12,2	3
14:33:00	33	12,2	3
14:34:00	33	12,1	3
14:35:00	33	12,1	3
14:36:00	33	12,1	3
14:37:00	33	12,1	3
14:38:00	33	12,1	3
14:39:00	33	12,1	3
14:40:00	33	12,1	3
14:41:00	33	12,1	3
14:42:00	33	12,1	3
14:43:00	33	12,4	3
14:44:00	33	12,4	3
14:45:00	33	12,4	3
14:46:00	33	12,4	3
14:47:00	33	12,4	3
14:48:00	33	12,4	3
14:49:00	33	12,4	3
14:50:00	32	12,4	3
14:51:00	33	12,3	3
14:52:00	33	12,3	3
14:53:00	33	12,3	3
14:54:00	33	12,3	3
14:55:00	33	12,3	2
14:56:00	32	12,3	2
14:57:00	33	12,3	3
14:58:00	33	12,3	3
14:59:00	33	12,3	3
15:00:00	33	12,3	3
15:01:00	33	12,3	3
15:02:00	32	12,3	3
15:03:00	33	12,3	3
15:04:00	32	12,3	3
15:05:00	32	12,3	3
15:06:00	33	12,3	3
15:07:00	32	12,2	3
15:08:00	33	12,3	3
15:09:00	33	12,2	2
15:10:00	32	12,2	3
15:11:00	33	12,2	3
15:12:00	33	12,2	3
15:13:00	33	12,2	3
15:14:00	33	12,2	2
15:15:00	33	12,2	3
15:16:00	32	12,2	3
15:17:00	32	12,2	3
15:18:00	33	12,2	3
15:19:00	32	12,2	3
15:20:00	32	12,2	3
15:21:00	32	12,2	3
15:22:00	32	12,2	3
15:23:00	33	12,2	2
15:24:00	32	12,1	3
15:25:00	33	12,1	3
15:26:00	32	12,1	3
15:27:00	32	12,1	3
15:28:00	32	12,1	3
15:29:00	32	12,1	3
15:30:00	32	12,1	3
15:31:00	32	12,1	3
15:32:00	32	12,1	3
15:33:00	32	12,1	3
15:34:00	32	12,1	2
15:35:00	32	12,2	3
15:36:00	32	12,2	3
15:37:00	32	12,2	3
15:38:00	32	12,2	3
15:39:00	32	12,1	3
15:40:00	32	12,1	3
15:41:00	32	12,1	3
15:42:00	32	12,1	3
15:43:00	32	12,1	3
15:44:00	32	12,6	4
15:45:00	32	12,5	3
15:46:00	32	12,5	3
15:47:00	32	12,5	3
15:48:00	32	12,5	3
15:49:00	32	12,5	3
15:50:00	32	12,5	3
15:51:00	32	12,5	3
15:52:00	32	12,5	3
15:53:00	32	12,5	3
15:54:00	32	12,5	3
15:55:00	32	12,5	3
15:56:00	32	12,4	3
15:57:00	32	12,4	3
15:58:00	32	12,4	3
15:59:00	32	12,4	3
16:00:00	32	12,4	3
16:01:00	32	12,4	3
16:02:00	32	12,4	3
16:03:00	32	12,4	3
16:04:00	32	12,4	3
16:05:00	32	0,8	3
16:06:00	32	0,5	2
16:07:00	32	0,1	2
16:08:00	30	0,2	0
16:09:00	28	0,2	-1
16:10:00	26	0,1	0
16:11:00	26	0,2	0
16:12:00	26	0,1	0
16:13:00	26	0,1	-0
16:14:00	26	0,2	0
16:15:00	25	0,1	0
16:16:00	24	0,2	-1
16:17:00	24	0,1	0
16:18:00	24	0,1	0
16:19:00	25	0,2	-0
16:20:00	25	0,2	-1
16:21:00	24	0,2	-0
16:22:00	24	0,1	-0
16:23:00	25	0,1	-0
16:24:00	25	0,2	0
16:25:00	24	0,1	0
16:26:00	25	0,2	-0
16:27:00	24	0,1	-1
16:28:00	25	0,1	-0
16:29:00	25	0,2	0
16:30:00	25	0,1	-0
16:31:00	24	0,1	0
16:32:00	25	0,2	0
16:33:00	24	0,1	0
16:34:00	25	0,2	-0
16:35:00	25	0,1	0
16:36:00	24	0,2	-0
16:37:00	25	0,2	-1
16:38:00	24	0,1	-0
16:39:00	25	0,1	0
16:40:00	24	0,1	0
16:41:00	25	0,1	-0
16:42:00	25	0,2	0
16:43:00	24	0,2	0
16:44:00	24	0,1	0
16:45:00	25	0,1	0
16:46:00	24	0,2	0
16:47:00	25	0,1	-0
16:48:00	25	0,2	-1
16:49:00	24	0,1	0
16:50:00	25	0,2	0
16:51:00	25	0,2	0
16:52:00	25	0,1	-0
16:53:00	24	0,1	-0
16:54:00	24	0,2	-1
16:55:00	24	0,2	0
16:56:00	25	0,1	0
16:57:00	25	0,1	0
16:58:00	25	0,2	0
16:59:00	25	0,2	-0
17:00:00	24	0,1	-1
17:01:00	25	0,2	-0
17:02:00	24	0,1	-0
17:03:00	25	0,1	0
17:04:00	25	0,2	0
17:05:00	24	0,1	-0
17:06:00	25	0,2	-0
17:07:00	25	0,1	0
17:08:00	24	0,1	0
17:09:00	25	0,2	0
17:10:00	24	0,2	0
17:11:00	25	0,1	0
17:12:00	25	0,2	0
17:13:00	24	0,2	-1
17:14:00	25	0,2	-0
17:15:00	25	0,1	-0
17:16:00	24	0,2	-1
17:17:00	25	0,2	-0
17:18:00	24	0,1	-0
17:19:00	24	0,1	0
17:20:00	24	0,1	0
17:21:00	24	0,1	-1
17:22:00	24	0,1	-0
17:23:00	24	0,1	-0
17:24:00	24	0,2	-0
17:25:00	25	0,1	-0
17:26:00	25	0,2	-0
17:27:00	24	0,1	-1
17:28:00	25	0,1	0
17:29:00	25	0,2	0
17:30:00	24	0,1	0
17:31:00	24	0,1	-0
17:32:00	25	0,1	-1
17:33:00	24	0,1	0
17:34:00	24	0,1	0
17:35:00	25	0,1	-0
17:36:00	25	0,2	0
17:37:00	24	0,1	0
