--Test Summary--
Full Path and File Name	
Instrument Name	7222-2
Instrument Type	Model 7222 Consistometer
Instrument Serial Number	128
Test Start Date	17.07.2008
Test Start Time	14:04:44
Test Stop Date	17.07.2008
Test Stop Time	17:02:45
Test Length	2:58:01
Final Sample Time Offset	2:58:00
Controller Schedule Name	
Sampling Period	60 seconds
Comments	T: 48C (30); P: 20MPa (30)
Information	WellID	Ìîðñêàÿ-1
Information	Customer	PetroResurs
Information	CementClass	G
Information	CementMfr	
Information	Additives	
Information	Density	1920
Information	BHCT	48
Information	BHST	
Information	FluidLoss	n/a
Information	JobType	
Calculated Value	30Bc - TT	2:30:00
Calculated Value	70Bc - TT	2:58:00
Calculated Value	100Bc - TT	N/A
Initial Temperature (°C)	28 °C
Final Temperature (°C)	48 °C
Initial Pressure (MPa)	1,4 MPa
Final Pressure (MPa)	20,1 MPa
Initial Consistency (Bc)	14 Bc
Final Consistency (Bc)	72 Bc
--Data--
Time (HH:MM:SS)	Temperature (°C)	Pressure (MPa)	Consistency (Bc)
0:00:00	28	1,4	14
0:01:00	27	2,7	12
0:02:00	28	3,6	11
0:03:00	28	4,1	11
0:04:00	29	4,8	10
0:05:00	30	5,4	11
0:06:00	31	5,9	10
0:07:00	31	6,5	10
0:08:00	32	7,1	10
0:09:00	33	7,6	10
0:10:00	34	8,1	10
0:11:00	35	9,0	10
0:12:00	36	9,4	12
0:13:00	36	9,9	11
0:14:00	37	10,4	11
0:15:00	38	11,0	10
0:16:00	39	11,8	10
0:17:00	39	12,3	11
0:18:00	40	12,9	11
0:19:00	41	13,4	10
0:20:00	41	14,3	10
0:21:00	42	14,8	10
0:22:00	43	15,3	12
0:23:00	43	15,8	11
0:24:00	44	16,4	11
0:25:00	44	17,1	10
0:26:00	45	17,7	11
0:27:00	46	18,5	11
0:28:00	47	19,0	11
0:29:00	47	19,6	11
0:30:00	48	20,1	11
0:31:00	49	20,1	11
0:32:00	49	20,1	11
0:33:00	49	20,1	11
0:34:00	49	20,3	16
0:35:00	49	20,2	12
0:36:00	49	20,2	11
0:37:00	49	20,3	12
0:38:00	49	20,3	11
0:39:00	49	20,2	11
0:40:00	49	20,2	11
0:41:00	48	20,2	11
0:42:00	48	20,2	12
0:43:00	48	20,2	11
0:44:00	48	20,3	11
0:45:00	48	20,2	11
0:46:00	48	20,2	11
0:47:00	48	20,2	10
0:48:00	48	20,3	10
0:49:00	48	20,3	11
0:50:00	48	20,3	11
0:51:00	48	20,3	11
0:52:00	48	20,3	10
0:53:00	48	20,3	11
0:54:00	48	20,3	10
0:55:00	48	20,3	10
0:56:00	48	20,3	10
0:57:00	48	20,3	11
0:58:00	48	20,3	11
0:59:00	48	20,3	11
1:00:00	48	20,3	11
1:01:00	48	20,3	12
1:02:00	48	20,3	11
1:03:00	48	20,3	14
1:04:00	48	20,3	12
1:05:00	48	20,3	11
1:06:00	48	20,3	11
1:07:00	48	20,2	10
1:08:00	48	20,3	10
1:09:00	48	20,2	10
1:10:00	48	20,2	11
1:11:00	48	20,2	11
1:12:00	48	20,3	11
1:13:00	48	20,2	12
1:14:00	48	20,2	11
1:15:00	48	20,2	11
1:16:00	48	20,2	15
1:17:00	48	20,2	12
1:18:00	48	20,2	12
1:19:00	48	20,2	11
1:20:00	48	20,2	12
1:21:00	48	20,2	11
1:22:00	48	20,1	12
1:23:00	48	20,1	12
1:24:00	48	20,1	12
1:25:00	48	20,1	15
1:26:00	48	20,1	14
1:27:00	48	20,1	13
1:28:00	48	20,1	13
1:29:00	48	20,2	14
1:30:00	48	20,2	16
1:31:00	48	20,2	15
1:32:00	48	20,1	15
1:33:00	48	20,1	17
1:34:00	48	20,2	16
1:35:00	48	20,1	16
1:36:00	48	20,1	15
1:37:00	48	20,4	16
1:38:00	48	20,3	17
1:39:00	48	20,3	16
1:40:00	48	20,3	15
1:41:00	48	20,3	15
1:42:00	48	20,2	16
1:43:00	48	20,2	16
1:44:00	48	20,2	16
1:45:00	48	20,1	16
1:46:00	48	20,1	17
1:47:00	48	20,1	17
1:48:00	48	20,1	17
1:49:00	48	20,4	17
1:50:00	48	20,4	18
1:51:00	48	20,3	19
1:52:00	48	20,2	18
1:53:00	48	20,2	21
1:54:00	48	20,1	21
1:55:00	48	20,0	23
1:56:00	48	20,3	23
1:57:00	48	20,2	25
1:58:00	48	20,2	22
1:59:00	48	20,1	22
2:00:00	48	20,1	22
2:01:00	48	20,1	22
2:02:00	48	20,1	27
2:03:00	48	20,4	27
2:04:00	48	20,3	27
2:05:00	48	20,3	27
2:06:00	48	20,2	26
2:07:00	48	20,2	26
2:08:00	48	20,1	26
2:09:00	48	20,2	27
2:10:00	48	20,2	27
2:11:00	48	20,1	27
2:12:00	48	20,2	27
2:13:00	48	20,1	28
2:14:00	48	20,4	28
2:15:00	48	20,3	28
2:16:00	48	20,3	28
2:17:00	48	20,2	28
2:18:00	48	20,2	28
2:19:00	48	20,1	28
2:20:00	48	20,1	28
2:21:00	48	20,5	28
2:22:00	48	20,4	28
2:23:00	48	20,4	28
2:24:00	48	20,3	28
2:25:00	48	20,2	29
2:26:00	48	20,2	29
2:27:00	48	20,2	29
2:28:00	48	20,1	30
2:29:00	48	20,1	31
2:30:00	48	20,1	32
2:31:00	48	20,4	36
2:32:00	48	20,3	36
2:33:00	48	20,2	37
2:34:00	48	20,1	37
2:35:00	48	20,1	37
2:36:00	48	20,1	37
2:37:00	48	20,0	38
2:38:00	48	20,4	39
2:39:00	48	20,3	43
2:40:00	48	20,3	45
2:41:00	48	20,2	45
2:42:00	48	20,2	46
2:43:00	48	20,1	46
2:44:00	48	20,2	49
2:45:00	48	20,2	50
2:46:00	48	20,2	52
2:47:00	48	20,1	53
2:48:00	48	20,1	53
2:49:00	48	20,4	53
2:50:00	48	20,3	57
2:51:00	48	20,2	60
2:52:00	48	20,1	64
2:53:00	48	20,3	65
2:54:00	48	20,3	66
2:55:00	48	20,2	67
2:56:00	48	20,2	68
2:57:00	48	20,1	71
2:58:00	48	20,1	72
