--Test Summary--
Full Path and File Name	
Instrument Name	7222-1
Instrument Type	Model 7222 Consistometer
Instrument Serial Number	113
Test Start Date	13.10.2008
Test Start Time	10:19:51
Test Stop Date	13.10.2008
Test Stop Time	14:54:49
Test Length	4:34:58
Final Sample Time Offset	4:34:00
Controller Schedule Name	
Sampling Period	60 seconds
Comments	P:31(71) T:60(71)
Information	WellID	Laganskaya-1
Information	Customer	PetroResurs
Information	CementClass	G
Information	CementMfr	Dykerhoff
Information	Additives	1%Gel+1%SMS+0.25%R-7
Information	Density	1500
Information	BHCT	60
Information	BHST	91
Information	FluidLoss	
Information	JobType	168 mm csg production
Calculated Value	30Bc - TT	0:05:00
Calculated Value	70Bc - TT	N/A
Calculated Value	100Bc - TT	N/A
Initial Temperature (°C)	26 °C
Final Temperature (°C)	71 °C
Initial Pressure (MPa)	1,6 MPa
Final Pressure (MPa)	31,0 MPa
Initial Consistency (Bc)	8 Bc
Final Consistency (Bc)	13 Bc
--Data--
Time (HH:MM:SS)	Temperature (°C)	Pressure (MPa)	Consistency (Bc)
0:00:00	26	1,6	8
0:01:00	26	2,3	25
0:02:00	26	3,0	21
0:03:00	26	3,9	25
0:04:00	27	4,4	39
0:05:00	27	4,9	34
0:06:00	27	5,3	22
0:07:00	27	5,8	22
0:08:00	27	6,2	24
0:09:00	27	6,6	23
0:10:00	27	7,0	28
0:11:00	27	7,1	7
0:12:00	31	6,6	6
0:13:00	38	7,3	9
0:14:00	39	7,8	5
0:15:00	39	8,1	9
0:16:00	39	8,6	8
0:17:00	39	8,9	10
0:18:00	40	9,4	9
0:19:00	40	10,0	9
0:20:00	40	10,2	8
0:21:00	41	10,5	11
0:22:00	41	10,9	12
0:23:00	41	11,4	15
0:24:00	42	11,8	16
0:25:00	42	12,1	26
0:26:00	42	12,8	16
0:27:00	42	13,1	19
0:28:00	42	13,6	4
0:29:00	43	14,7	4
0:30:00	43	14,5	22
0:31:00	43	15,3	30
0:32:00	43	15,7	28
0:33:00	43	15,5	11
0:34:00	43	15,9	20
0:35:00	43	17,1	17
0:36:00	43	17,1	7
0:37:00	43	17,3	3
0:38:00	43	17,4	3
0:39:00	44	17,9	2
0:40:00	44	19,1	2
0:41:00	45	19,0	2
0:42:00	54	19,0	4
0:43:00	60	19,5	6
0:44:00	65	19,9	13
0:45:00	67	20,3	21
0:46:00	69	21,0	12
0:47:00	69	21,0	14
0:48:00	70	21,4	12
0:49:00	71	22,0	17
0:50:00	71	22,4	14
0:51:00	71	22,7	13
0:52:00	72	23,4	11
0:53:00	72	23,5	13
0:54:00	72	24,1	9
0:55:00	72	24,3	10
0:56:00	73	24,8	7
0:57:00	71	25,0	4
0:58:00	69	25,6	7
0:59:00	69	26,0	7
1:00:00	69	26,4	12
1:01:00	69	26,8	9
1:02:00	69	27,3	9
1:03:00	69	27,7	10
1:04:00	69	28,2	5
1:05:00	69	28,5	5
1:06:00	69	29,1	5
1:07:00	69	29,5	5
1:08:00	69	29,7	5
1:09:00	69	30,2	5
1:10:00	69	30,9	3
1:11:00	69	31,7	3
1:12:00	67	31,2	3
1:13:00	65	31,8	6
1:14:00	65	30,7	4
1:15:00	66	31,5	3
1:16:00	66	31,7	4
1:17:00	66	32,0	6
1:18:00	67	30,0	8
1:19:00	67	31,9	6
1:20:00	67	31,3	8
1:21:00	68	31,7	3
1:22:00	68	31,9	3
1:23:00	69	31,8	4
1:24:00	70	31,5	5
1:25:00	71	31,4	4
1:26:00	71	31,7	4
1:27:00	75	31,0	4
1:28:00	88	31,0	8
1:29:00	90	31,0	4
1:30:00	90	31,0	8
1:31:00	91	31,2	9
1:32:00	91	31,0	6
1:33:00	91	31,3	6
1:34:00	91	30,9	5
1:35:00	92	31,0	5
1:36:00	92	31,2	5
1:37:00	92	31,0	4
1:38:00	92	31,0	4
1:39:00	92	31,0	4
1:40:00	92	31,1	4
1:41:00	92	31,0	4
1:42:00	90	31,0	8
1:43:00	87	31,0	9
1:44:00	85	31,0	9
1:45:00	85	31,2	10
1:46:00	84	31,3	10
1:47:00	83	31,2	11
1:48:00	83	31,0	10
1:49:00	82	30,9	11
1:50:00	82	31,0	11
1:51:00	81	30,9	9
1:52:00	80	31,1	9
1:53:00	80	31,1	10
1:54:00	79	31,1	10
1:55:00	79	31,4	10
1:56:00	79	31,0	10
1:57:00	79	31,1	10
1:58:00	78	31,2	10
1:59:00	78	31,1	9
2:00:00	77	31,0	10
2:01:00	77	31,0	10
2:02:00	77	31,0	10
2:03:00	77	30,9	10
2:04:00	76	31,0	10
2:05:00	76	31,1	10
2:06:00	76	31,0	9
2:07:00	76	31,1	10
2:08:00	75	31,0	10
2:09:00	75	31,2	10
2:10:00	75	31,0	10
2:11:00	74	31,0	10
2:12:00	74	31,1	10
2:13:00	74	31,0	12
2:14:00	74	31,1	12
2:15:00	74	31,1	12
2:16:00	73	31,0	12
2:17:00	73	31,0	11
2:18:00	73	31,1	12
2:19:00	73	31,0	11
2:20:00	73	31,1	12
2:21:00	72	31,0	12
2:22:00	72	30,9	12
2:23:00	72	31,2	12
2:24:00	72	31,0	11
2:25:00	72	31,2	11
2:26:00	71	31,0	11
2:27:00	71	31,0	11
2:28:00	71	31,2	11
2:29:00	71	31,0	11
2:30:00	71	31,0	11
2:31:00	70	31,1	11
2:32:00	70	31,2	11
2:33:00	70	31,3	11
2:34:00	70	31,3	11
2:35:00	70	31,3	11
2:36:00	70	31,3	11
2:37:00	71	31,2	11
2:38:00	71	31,2	11
2:39:00	71	31,2	11
2:40:00	71	31,2	11
2:41:00	71	31,1	11
2:42:00	71	31,1	11
2:43:00	71	31,1	11
2:44:00	71	31,1	11
2:45:00	71	31,1	11
2:46:00	71	31,0	11
2:47:00	71	31,0	11
2:48:00	71	31,0	11
2:49:00	71	31,0	11
2:50:00	71	31,1	11
2:51:00	71	31,1	11
2:52:00	71	31,1	11
2:53:00	71	31,0	11
2:54:00	71	31,0	11
2:55:00	71	31,0	11
2:56:00	71	31,2	11
2:57:00	71	31,1	11
2:58:00	71	31,1	11
2:59:00	71	31,1	11
3:00:00	71	31,0	11
3:01:00	71	31,0	11
3:02:00	71	31,0	11
3:03:00	71	31,1	11
3:04:00	71	31,1	11
3:05:00	71	31,1	11
3:06:00	71	31,0	11
3:07:00	71	31,0	11
3:08:00	71	31,1	11
3:09:00	71	31,1	11
3:10:00	71	31,0	11
3:11:00	71	31,0	11
3:12:00	71	31,0	11
3:13:00	71	31,3	12
3:14:00	71	31,2	11
3:15:00	71	31,2	11
3:16:00	71	31,1	11
3:17:00	71	31,0	11
3:18:00	71	31,0	11
3:19:00	71	31,0	11
3:20:00	71	31,0	11
3:21:00	71	31,1	11
3:22:00	71	31,0	11
3:23:00	71	31,0	11
3:24:00	71	31,2	11
3:25:00	71	31,1	11
3:26:00	71	31,0	11
3:27:00	71	31,1	11
3:28:00	71	31,0	11
3:29:00	71	31,2	11
3:30:00	71	31,1	11
3:31:00	71	31,0	10
3:32:00	71	31,0	9
3:33:00	71	31,0	8
3:34:00	71	31,0	19
3:35:00	71	31,2	19
3:36:00	71	31,0	18
3:37:00	71	31,0	18
3:38:00	71	31,0	18
3:39:00	71	31,3	21
3:40:00	71	31,2	20
3:41:00	71	31,1	20
3:42:00	71	31,0	24
3:43:00	71	30,9	24
3:44:00	71	31,1	24
3:45:00	71	31,2	29
3:46:00	71	31,1	28
3:47:00	71	31,0	29
3:48:00	71	31,0	31
3:49:00	71	31,0	32
3:50:00	71	31,2	37
3:51:00	71	31,1	39
3:52:00	71	31,0	41
3:53:00	71	31,0	43
3:54:00	71	31,0	54
3:55:00	71	31,2	49
3:56:00	71	31,1	48
3:57:00	71	31,0	50
3:58:00	71	31,2	51
3:59:00	71	31,0	54
4:00:00	71	31,2	44
4:01:00	71	31,0	43
4:02:00	71	31,1	38
4:03:00	72	31,3	34
4:04:00	72	31,0	31
4:05:00	72	31,1	31
4:06:00	73	31,0	25
4:07:00	73	31,1	25
4:08:00	73	31,0	25
4:09:00	73	31,3	25
4:10:00	73	31,0	25
4:11:00	74	31,2	25
4:12:00	74	31,0	25
4:13:00	74	31,0	25
4:14:00	74	31,1	25
4:15:00	74	31,0	24
4:16:00	73	31,1	21
4:17:00	73	31,2	19
4:18:00	73	31,0	17
4:19:00	73	31,2	17
4:20:00	73	31,0	17
4:21:00	73	31,4	16
4:22:00	73	31,2	16
4:23:00	73	31,0	15
4:24:00	73	31,3	15
4:25:00	73	31,1	14
4:26:00	73	30,9	13
4:27:00	72	31,2	13
4:28:00	72	31,0	13
4:29:00	72	30,8	13
4:30:00	72	31,1	13
4:31:00	72	30,9	13
4:32:00	71	31,1	13
4:33:00	71	31,1	13
4:34:00	71	31,0	13
