--Test Summary--
Full Path and File Name	
Instrument Name	7222-1
Instrument Type	Model 7222 Consistometer
Instrument Serial Number	113
Test Start Date	24.06.2008
Test Start Time	13:56:21
Test Stop Date	25.06.2008
Test Stop Time	8:29:50
Test Length	18:33:29
Final Sample Time Offset	18:33:00
Controller Schedule Name	
Sampling Period	60 seconds
Comments	T:30Ñ(30); Ð:8ÌÐà(30)
Information	WellID	research
Information	Customer	Dragon
Information	CementClass	G
Information	CementMfr	Dykerhoff
Information	Additives	50%MKU+3%CaCl2
Information	Density	1400
Information	BHCT	30
Information	BHST	35
Information	FluidLoss	n/a
Information	JobType	508 mm csg
Calculated Value	30Bc - TT	N/A
Calculated Value	70Bc - TT	N/A
Calculated Value	100Bc - TT	N/A
Initial Temperature (°C)	25 °C
Final Temperature (°C)	32 °C
Initial Pressure (MPa)	2,1 MPa
Final Pressure (MPa)	8,2 MPa
Initial Consistency (Bc)	6 Bc
Final Consistency (Bc)	13 Bc
--Data--
Time (HH:MM:SS)	Temperature (°C)	Pressure (MPa)	Consistency (Bc)
0:00:00	25	2,1	6
0:01:00	25	2,4	1
0:02:00	24	2,7	1
0:03:00	25	3,1	0
0:04:00	25	3,3	0
0:05:00	25	3,5	0
0:06:00	26	3,7	0
0:07:00	26	3,8	0
0:08:00	26	3,9	0
0:09:00	27	3,9	0
0:10:00	27	4,1	0
0:11:00	27	4,2	0
0:12:00	27	4,3	0
0:13:00	27	4,8	0
0:14:00	27	4,8	0
0:15:00	28	5,0	0
0:16:00	28	5,6	4
0:17:00	28	5,7	9
0:18:00	28	5,8	1
0:19:00	28	5,9	1
0:20:00	28	6,0	1
0:21:00	29	6,2	1
0:22:00	29	6,8	1
0:23:00	29	6,9	0
0:24:00	29	7,0	1
0:25:00	29	7,2	1
0:26:00	30	7,3	1
0:27:00	30	7,4	1
0:28:00	30	7,6	1
0:29:00	30	8,3	0
0:30:00	30	8,3	0
0:31:00	30	8,3	1
0:32:00	31	8,2	1
0:33:00	31	8,1	2
0:34:00	31	8,3	1
0:35:00	30	8,1	1
0:36:00	30	7,9	0
0:37:00	30	7,8	0
0:38:00	30	8,4	0
0:39:00	30	8,5	0
0:40:00	30	8,7	0
0:41:00	30	8,8	0
0:42:00	30	8,9	0
0:43:00	30	9,0	0
0:44:00	30	9,0	0
0:45:00	30	8,3	0
0:46:00	30	8,3	0
0:47:00	30	8,3	0
0:48:00	30	8,1	0
0:49:00	30	7,9	0
0:50:00	30	7,8	0
0:51:00	30	8,4	0
0:52:00	30	8,5	0
0:53:00	30	8,6	0
0:54:00	30	8,7	0
0:55:00	30	8,7	0
0:56:00	30	8,7	0
0:57:00	30	8,7	0
0:58:00	30	8,7	0
0:59:00	30	8,6	0
1:00:00	30	8,5	0
1:01:00	30	8,4	0
1:02:00	30	8,5	0
1:03:00	30	8,6	0
1:04:00	30	8,6	0
1:05:00	30	8,7	0
1:06:00	30	8,7	0
1:07:00	30	8,7	0
1:08:00	30	8,7	0
1:09:00	30	8,7	1
1:10:00	30	8,7	0
1:11:00	30	8,6	0
1:12:00	30	8,5	0
1:13:00	30	8,5	0
1:14:00	30	8,5	0
1:15:00	30	8,5	0
1:16:00	30	8,6	0
1:17:00	30	8,7	0
1:18:00	30	8,7	0
1:19:00	30	8,7	0
1:20:00	30	8,6	0
1:21:00	30	8,7	0
1:22:00	30	8,6	0
1:23:00	30	8,5	0
1:24:00	30	8,5	0
1:25:00	30	8,5	0
1:26:00	30	8,5	1
1:27:00	30	8,6	0
1:28:00	30	8,6	0
1:29:00	30	8,7	0
1:30:00	30	8,7	0
1:31:00	30	8,7	0
1:32:00	30	8,7	0
1:33:00	30	8,6	0
1:34:00	30	8,6	1
1:35:00	30	8,6	0
1:36:00	30	8,5	1
1:37:00	30	8,5	1
1:38:00	30	8,6	0
1:39:00	30	8,6	0
1:40:00	30	8,6	0
1:41:00	30	8,6	0
1:42:00	30	8,7	1
1:43:00	30	8,7	0
1:44:00	30	8,6	0
1:45:00	30	8,6	0
1:46:00	30	8,6	0
1:47:00	30	8,6	0
1:48:00	30	8,6	0
1:49:00	30	8,5	0
1:50:00	30	8,5	0
1:51:00	30	8,6	0
1:52:00	30	8,6	0
1:53:00	30	8,6	0
1:54:00	30	8,6	0
1:55:00	30	8,6	0
1:56:00	30	8,6	0
1:57:00	30	8,6	1
1:58:00	30	8,6	1
1:59:00	30	8,6	1
2:00:00	30	8,6	1
2:01:00	30	8,6	0
2:02:00	30	8,5	1
2:03:00	30	8,5	1
2:04:00	30	8,5	1
2:05:00	30	8,6	1
2:06:00	30	8,6	0
2:07:00	30	8,6	0
2:08:00	30	8,6	1
2:09:00	30	8,6	1
2:10:00	30	8,6	1
2:11:00	30	8,6	1
2:12:00	30	8,6	0
2:13:00	30	8,6	0
2:14:00	30	8,6	0
2:15:00	30	8,6	1
2:16:00	30	8,6	1
2:17:00	30	8,6	0
2:18:00	30	8,6	0
2:19:00	30	8,6	0
2:20:00	30	8,6	1
2:21:00	30	8,5	1
2:22:00	30	8,6	1
2:23:00	30	8,5	1
2:24:00	30	8,6	1
2:25:00	30	8,6	1
2:26:00	30	8,5	1
2:27:00	30	8,5	1
2:28:00	30	8,5	1
2:29:00	30	8,6	1
2:30:00	30	8,6	1
2:31:00	30	8,5	1
2:32:00	30	8,5	1
2:33:00	30	8,5	1
2:34:00	30	8,5	1
2:35:00	30	8,6	1
2:36:00	30	8,6	1
2:37:00	30	8,5	1
2:38:00	30	8,6	1
2:39:00	30	8,6	1
2:40:00	30	8,6	1
2:41:00	30	8,6	1
2:42:00	30	8,5	1
2:43:00	30	8,6	1
2:44:00	30	8,6	1
2:45:00	30	8,6	1
2:46:00	30	8,6	1
2:47:00	30	8,6	1
2:48:00	30	8,6	1
2:49:00	30	8,6	0
2:50:00	30	8,6	0
2:51:00	30	8,6	0
2:52:00	30	8,6	0
2:53:00	30	8,6	0
2:54:00	30	8,6	0
2:55:00	30	8,6	0
2:56:00	30	8,6	0
2:57:00	30	8,6	0
2:58:00	30	8,6	0
2:59:00	30	8,6	0
3:00:00	30	8,6	0
3:01:00	30	8,6	0
3:02:00	31	8,6	0
3:03:00	30	8,6	0
3:04:00	30	8,6	0
3:05:00	30	8,6	0
3:06:00	31	8,6	0
3:07:00	30	8,6	0
3:08:00	30	8,6	0
3:09:00	30	8,6	0
3:10:00	30	8,6	0
3:11:00	30	8,6	1
3:12:00	30	8,6	1
3:13:00	30	8,6	0
3:14:00	31	8,6	1
3:15:00	30	8,6	1
3:16:00	30	8,6	1
3:17:00	31	8,6	2
3:18:00	30	8,6	1
3:19:00	31	8,6	1
3:20:00	30	8,6	1
3:21:00	30	8,6	1
3:22:00	31	8,6	1
3:23:00	30	8,6	1
3:24:00	30	8,6	1
3:25:00	30	8,6	1
3:26:00	31	8,6	1
3:27:00	30	8,6	1
3:28:00	30	8,6	1
3:29:00	30	8,6	1
3:30:00	30	8,6	1
3:31:00	30	8,6	1
3:32:00	31	8,6	1
3:33:00	30	8,6	1
3:34:00	31	8,6	0
3:35:00	30	8,6	0
3:36:00	30	8,6	1
3:37:00	31	8,6	1
3:38:00	30	8,6	1
3:39:00	31	8,6	0
3:40:00	30	8,6	0
3:41:00	30	8,6	0
3:42:00	31	8,6	0
3:43:00	31	8,6	1
3:44:00	31	8,6	1
3:45:00	31	8,6	0
3:46:00	31	8,6	0
3:47:00	31	8,6	0
3:48:00	31	8,6	0
3:49:00	31	8,6	0
3:50:00	30	8,6	0
3:51:00	31	8,6	1
3:52:00	31	8,6	0
3:53:00	31	8,6	0
3:54:00	31	8,6	0
3:55:00	31	8,6	0
3:56:00	31	8,6	0
3:57:00	31	8,6	1
3:58:00	31	8,6	0
3:59:00	30	8,6	0
4:00:00	31	8,6	0
4:01:00	31	8,6	0
4:02:00	31	8,6	0
4:03:00	31	8,6	0
4:04:00	31	8,6	0
4:05:00	31	8,6	0
4:06:00	31	8,6	0
4:07:00	31	8,6	0
4:08:00	31	8,6	0
4:09:00	31	8,6	0
4:10:00	31	8,6	0
4:11:00	31	8,6	0
4:12:00	31	8,6	0
4:13:00	31	8,6	0
4:14:00	31	8,7	0
4:15:00	31	8,6	0
4:16:00	31	8,7	0
4:17:00	31	8,6	0
4:18:00	31	8,6	0
4:19:00	31	8,6	0
4:20:00	31	8,6	0
4:21:00	31	8,6	0
4:22:00	31	8,7	0
4:23:00	31	8,7	0
4:24:00	31	8,7	0
4:25:00	31	8,6	0
4:26:00	31	8,7	0
4:27:00	31	8,6	0
4:28:00	31	8,7	0
4:29:00	31	8,7	0
4:30:00	31	8,6	0
4:31:00	31	8,7	0
4:32:00	31	8,7	0
4:33:00	31	8,7	0
4:34:00	31	8,7	0
4:35:00	31	8,7	0
4:36:00	31	8,7	0
4:37:00	31	8,7	0
4:38:00	31	8,7	0
4:39:00	31	8,7	0
4:40:00	31	8,7	0
4:41:00	31	8,7	0
4:42:00	31	8,7	0
4:43:00	31	8,7	0
4:44:00	31	8,7	0
4:45:00	31	8,7	0
4:46:00	31	8,7	0
4:47:00	31	8,7	0
4:48:00	31	8,7	0
4:49:00	31	8,7	0
4:50:00	31	8,7	0
4:51:00	31	8,7	0
4:52:00	31	8,7	0
4:53:00	31	8,7	0
4:54:00	31	8,7	0
4:55:00	31	8,7	0
4:56:00	31	8,7	0
4:57:00	31	8,7	0
4:58:00	31	8,7	0
4:59:00	31	8,7	0
5:00:00	31	8,7	0
5:01:00	31	8,7	0
5:02:00	31	8,7	0
5:03:00	31	8,7	0
5:04:00	31	8,7	0
5:05:00	31	8,7	0
5:06:00	31	8,7	0
5:07:00	31	8,7	0
5:08:00	31	8,7	0
5:09:00	31	8,7	0
5:10:00	31	8,7	0
5:11:00	31	8,7	0
5:12:00	31	8,7	0
5:13:00	31	8,7	0
5:14:00	31	8,7	0
5:15:00	31	8,7	0
5:16:00	31	8,7	0
5:17:00	31	8,7	0
5:18:00	31	8,7	0
5:19:00	31	8,7	0
5:20:00	31	8,7	0
5:21:00	31	8,7	0
5:22:00	31	8,7	0
5:23:00	31	8,7	0
5:24:00	31	8,7	0
5:25:00	31	8,7	0
5:26:00	31	8,7	0
5:27:00	31	8,7	0
5:28:00	31	8,7	0
5:29:00	31	8,7	0
5:30:00	31	8,7	0
5:31:00	31	8,7	0
5:32:00	31	8,7	0
5:33:00	31	8,7	0
5:34:00	31	8,7	0
5:35:00	31	8,7	0
5:36:00	31	8,7	0
5:37:00	31	8,7	0
5:38:00	31	8,7	0
5:39:00	31	8,7	0
5:40:00	31	8,7	0
5:41:00	31	8,7	0
5:42:00	31	8,7	0
5:43:00	31	8,7	0
5:44:00	31	8,7	0
5:45:00	31	8,7	0
5:46:00	31	8,7	0
5:47:00	31	8,7	0
5:48:00	31	8,7	0
5:49:00	31	8,7	0
5:50:00	31	8,7	0
5:51:00	31	8,7	0
5:52:00	31	8,7	0
5:53:00	31	8,7	0
5:54:00	31	8,7	0
5:55:00	31	8,7	0
5:56:00	31	8,7	0
5:57:00	31	8,7	0
5:58:00	31	8,7	0
5:59:00	31	8,7	0
6:00:00	31	8,7	0
6:01:00	31	8,7	0
6:02:00	31	8,7	0
6:03:00	31	8,7	0
6:04:00	31	8,7	0
6:05:00	31	8,6	0
6:06:00	31	8,7	0
6:07:00	31	8,7	0
6:08:00	31	8,6	0
6:09:00	31	8,6	0
6:10:00	31	8,7	0
6:11:00	31	8,6	0
6:12:00	31	8,6	0
6:13:00	31	8,6	0
6:14:00	31	8,6	0
6:15:00	31	8,6	0
6:16:00	31	8,6	0
6:17:00	31	8,6	0
6:18:00	31	8,6	0
6:19:00	31	8,6	0
6:20:00	31	8,6	0
6:21:00	31	8,6	0
6:22:00	31	8,6	0
6:23:00	31	8,6	0
6:24:00	31	8,6	0
6:25:00	31	8,6	0
6:26:00	31	8,6	0
6:27:00	31	8,6	0
6:28:00	31	8,6	0
6:29:00	31	8,6	0
6:30:00	31	8,6	0
6:31:00	31	8,6	0
6:32:00	31	8,6	0
6:33:00	31	8,6	0
6:34:00	31	8,6	0
6:35:00	31	8,6	0
6:36:00	31	8,6	0
6:37:00	31	8,6	0
6:38:00	31	8,6	0
6:39:00	31	8,6	0
6:40:00	31	8,6	0
6:41:00	31	8,6	0
6:42:00	31	8,6	0
6:43:00	31	8,6	0
6:44:00	31	8,6	0
6:45:00	31	8,6	0
6:46:00	31	8,6	0
6:47:00	31	8,6	0
6:48:00	31	8,6	0
6:49:00	31	8,6	0
6:50:00	31	8,6	0
6:51:00	31	8,6	0
6:52:00	31	8,6	0
6:53:00	31	8,6	0
6:54:00	31	8,6	0
6:55:00	31	8,6	0
6:56:00	31	8,6	0
6:57:00	31	8,6	0
6:58:00	31	8,6	0
6:59:00	31	8,6	0
7:00:00	31	8,6	0
7:01:00	31	8,6	0
7:02:00	31	8,6	0
7:03:00	31	8,6	0
7:04:00	31	8,6	0
7:05:00	31	8,6	0
7:06:00	31	8,6	0
7:07:00	31	8,6	0
7:08:00	31	8,6	0
7:09:00	31	8,6	0
7:10:00	31	8,6	0
7:11:00	31	8,6	0
7:12:00	31	8,6	0
7:13:00	31	8,6	0
7:14:00	31	8,6	0
7:15:00	31	8,6	0
7:16:00	31	8,6	0
7:17:00	31	8,6	0
7:18:00	31	8,6	0
7:19:00	31	8,6	0
7:20:00	31	8,6	0
7:21:00	31	8,6	0
7:22:00	31	8,6	0
7:23:00	31	8,6	0
7:24:00	31	8,6	0
7:25:00	31	8,6	0
7:26:00	31	8,6	0
7:27:00	31	8,6	0
7:28:00	31	8,6	0
7:29:00	31	8,6	0
7:30:00	31	8,6	0
7:31:00	31	8,5	0
7:32:00	31	8,6	0
7:33:00	31	8,6	0
7:34:00	31	8,5	0
7:35:00	31	8,5	0
7:36:00	31	8,5	0
7:37:00	31	8,5	0
7:38:00	31	8,5	0
7:39:00	31	8,5	0
7:40:00	31	8,5	0
7:41:00	31	8,5	0
7:42:00	31	8,5	0
7:43:00	31	8,5	0
7:44:00	31	8,5	0
7:45:00	31	8,5	0
7:46:00	31	8,5	0
7:47:00	31	8,5	0
7:48:00	31	8,5	0
7:49:00	31	8,5	0
7:50:00	31	8,5	0
7:51:00	31	8,5	0
7:52:00	31	8,5	0
7:53:00	31	8,5	0
7:54:00	31	8,5	0
7:55:00	31	8,5	0
7:56:00	31	8,5	0
7:57:00	31	8,5	0
7:58:00	31	8,5	0
7:59:00	31	8,5	0
8:00:00	31	8,5	0
8:01:00	31	8,5	0
8:02:00	31	8,5	0
8:03:00	31	8,5	0
8:04:00	31	8,5	0
8:05:00	31	8,5	0
8:06:00	31	8,5	0
8:07:00	31	8,5	0
8:08:00	31	8,5	0
8:09:00	31	8,5	0
8:10:00	31	8,5	0
8:11:00	31	8,5	0
8:12:00	31	8,5	0
8:13:00	31	8,4	0
8:14:00	31	8,4	0
8:15:00	31	8,4	0
8:16:00	31	8,4	0
8:17:00	31	8,4	0
8:18:00	31	8,4	0
8:19:00	31	8,4	0
8:20:00	31	8,4	0
8:21:00	31	8,4	0
8:22:00	31	8,4	0
8:23:00	31	8,4	0
8:24:00	31	8,4	0
8:25:00	31	8,4	0
8:26:00	31	8,4	0
8:27:00	31	8,4	0
8:28:00	31	8,4	0
8:29:00	32	8,4	0
8:30:00	31	8,4	0
8:31:00	31	8,4	0
8:32:00	31	8,4	0
8:33:00	31	8,4	0
8:34:00	31	8,4	0
8:35:00	31	8,4	0
8:36:00	32	8,4	0
8:37:00	31	8,4	0
8:38:00	31	8,4	0
8:39:00	32	8,4	0
8:40:00	32	8,3	0
8:41:00	31	8,3	0
8:42:00	31	8,3	0
8:43:00	32	8,3	0
8:44:00	32	8,3	0
8:45:00	31	8,3	0
8:46:00	32	8,3	0
8:47:00	31	8,3	0
8:48:00	31	8,3	0
8:49:00	32	8,3	0
8:50:00	31	8,3	0
8:51:00	32	8,3	0
8:52:00	31	8,3	0
8:53:00	32	8,3	0
8:54:00	32	8,3	0
8:55:00	32	8,3	0
8:56:00	32	8,3	0
8:57:00	32	8,3	0
8:58:00	31	8,3	0
8:59:00	31	8,3	0
9:00:00	31	8,3	0
9:01:00	31	8,3	0
9:02:00	32	8,2	0
9:03:00	31	8,2	0
9:04:00	32	8,2	0
9:05:00	32	8,2	0
9:06:00	31	8,2	0
9:07:00	32	8,2	0
9:08:00	32	8,2	0
9:09:00	31	8,2	0
9:10:00	32	8,2	0
9:11:00	32	8,2	0
9:12:00	32	8,2	0
9:13:00	32	8,2	0
9:14:00	32	8,2	0
9:15:00	32	8,2	0
9:16:00	32	8,2	0
9:17:00	32	8,2	0
9:18:00	32	8,2	0
9:19:00	32	8,2	0
9:20:00	32	8,2	0
9:21:00	32	8,2	0
9:22:00	32	8,2	0
9:23:00	32	8,1	0
9:24:00	32	8,1	0
9:25:00	32	8,1	0
9:26:00	32	8,1	0
9:27:00	32	8,1	0
9:28:00	32	8,1	0
9:29:00	32	8,1	0
9:30:00	32	8,1	0
9:31:00	32	8,1	0
9:32:00	32	8,1	0
9:33:00	32	8,1	0
9:34:00	32	8,1	0
9:35:00	32	8,1	0
9:36:00	32	8,1	0
9:37:00	32	8,1	0
9:38:00	32	8,1	0
9:39:00	32	8,0	0
9:40:00	32	8,0	0
9:41:00	32	8,0	0
9:42:00	32	8,0	0
9:43:00	32	8,0	0
9:44:00	32	8,0	0
9:45:00	32	8,0	0
9:46:00	32	8,0	0
9:47:00	32	8,0	0
9:48:00	32	8,0	0
9:49:00	32	8,0	0
9:50:00	32	8,0	0
9:51:00	32	8,0	0
9:52:00	32	8,0	0
9:53:00	32	8,0	0
9:54:00	32	8,0	0
9:55:00	32	8,0	0
9:56:00	32	8,0	0
9:57:00	32	8,0	0
9:58:00	32	8,0	0
9:59:00	32	8,0	0
10:00:00	32	8,0	0
10:01:00	32	8,0	0
10:02:00	32	8,0	0
10:03:00	32	8,0	0
10:04:00	32	8,5	0
10:05:00	32	8,5	0
10:06:00	32	8,4	0
10:07:00	32	8,4	0
10:08:00	32	8,4	0
10:09:00	32	8,4	0
10:10:00	32	8,4	0
10:11:00	32	8,4	0
10:12:00	32	8,4	0
10:13:00	32	8,4	0
10:14:00	32	8,4	0
10:15:00	32	8,4	0
10:16:00	32	8,4	0
10:17:00	32	8,3	0
10:18:00	32	8,3	0
10:19:00	32	8,3	0
10:20:00	32	8,3	0
10:21:00	32	8,3	0
10:22:00	32	8,3	0
10:23:00	32	8,3	0
10:24:00	32	8,3	0
10:25:00	32	8,3	0
10:26:00	32	8,3	0
10:27:00	32	8,3	0
10:28:00	32	8,3	0
10:29:00	32	8,3	0
10:30:00	32	8,3	0
10:31:00	32	8,2	0
10:32:00	32	8,2	0
10:33:00	32	8,2	0
10:34:00	32	8,2	0
10:35:00	32	8,2	0
10:36:00	32	8,2	0
10:37:00	32	8,2	0
10:38:00	32	8,2	0
10:39:00	32	8,2	0
10:40:00	32	8,2	0
10:41:00	32	8,2	0
10:42:00	32	8,2	0
10:43:00	32	8,2	0
10:44:00	32	8,1	0
10:45:00	32	8,1	0
10:46:00	32	8,1	0
10:47:00	32	8,1	0
10:48:00	32	8,1	0
10:49:00	32	8,1	0
10:50:00	32	8,1	0
10:51:00	32	8,1	0
10:52:00	32	8,1	0
10:53:00	32	8,1	0
10:54:00	32	8,1	0
10:55:00	32	8,1	0
10:56:00	32	8,1	0
10:57:00	32	8,0	0
10:58:00	32	8,1	0
10:59:00	32	8,0	0
11:00:00	32	8,0	0
11:01:00	32	8,0	0
11:02:00	32	8,0	0
11:03:00	32	8,0	0
11:04:00	32	8,0	0
11:05:00	32	8,0	0
11:06:00	32	8,0	0
11:07:00	32	8,0	0
11:08:00	32	8,0	0
11:09:00	32	8,0	0
11:10:00	32	8,0	0
11:11:00	32	8,0	0
11:12:00	32	8,0	0
11:13:00	32	8,0	0
11:14:00	32	8,0	0
11:15:00	32	8,0	0
11:16:00	32	8,0	0
11:17:00	32	8,0	0
11:18:00	32	8,0	0
11:19:00	32	8,0	0
11:20:00	32	8,0	0
11:21:00	32	8,0	0
11:22:00	32	8,0	0
11:23:00	32	8,0	0
11:24:00	32	8,0	0
11:25:00	32	8,4	0
11:26:00	32	8,4	0
11:27:00	32	8,4	0
11:28:00	32	8,4	0
11:29:00	32	8,4	0
11:30:00	32	8,4	0
11:31:00	32	8,4	0
11:32:00	32	8,4	0
11:33:00	32	8,4	0
11:34:00	32	8,3	0
11:35:00	32	8,3	0
11:36:00	32	8,3	0
11:37:00	32	8,3	0
11:38:00	32	8,3	0
11:39:00	32	8,3	0
11:40:00	32	8,3	0
11:41:00	32	8,3	0
11:42:00	32	8,3	0
11:43:00	32	8,3	0
11:44:00	32	8,3	0
11:45:00	32	8,3	0
11:46:00	32	8,2	0
11:47:00	32	8,2	0
11:48:00	32	8,2	0
11:49:00	32	8,2	0
11:50:00	32	8,2	0
11:51:00	32	8,2	0
11:52:00	32	8,2	0
11:53:00	32	8,2	0
11:54:00	32	8,2	0
11:55:00	32	8,2	0
11:56:00	32	8,2	0
11:57:00	32	8,2	0
11:58:00	32	8,2	0
11:59:00	32	8,1	1
12:00:00	32	8,1	1
12:01:00	32	8,1	1
12:02:00	32	8,1	1
12:03:00	32	8,1	1
12:04:00	32	8,1	1
12:05:00	32	8,1	1
12:06:00	32	8,1	1
12:07:00	32	8,1	1
12:08:00	32	8,1	1
12:09:00	32	8,1	1
12:10:00	32	8,1	1
12:11:00	32	8,0	1
12:12:00	32	8,0	1
12:13:00	32	8,0	1
12:14:00	32	8,0	1
12:15:00	32	8,0	1
12:16:00	32	8,0	1
12:17:00	32	8,0	1
12:18:00	32	8,0	1
12:19:00	32	8,0	1
12:20:00	32	8,0	1
12:21:00	32	8,0	1
12:22:00	32	8,0	1
12:23:00	32	8,0	1
12:24:00	32	8,0	1
12:25:00	32	8,0	2
12:26:00	32	8,0	2
12:27:00	32	8,0	2
12:28:00	32	8,0	2
12:29:00	32	7,9	2
12:30:00	32	7,9	2
12:31:00	32	7,9	2
12:32:00	32	7,9	2
12:33:00	32	7,9	2
12:34:00	32	7,9	2
12:35:00	32	8,4	2
12:36:00	32	8,4	2
12:37:00	32	8,4	2
12:38:00	32	8,4	2
12:39:00	32	8,3	2
12:40:00	32	8,3	2
12:41:00	32	8,3	2
12:42:00	32	8,3	3
12:43:00	32	8,3	3
12:44:00	32	8,3	3
12:45:00	32	8,3	3
12:46:00	32	8,3	3
12:47:00	32	8,3	3
12:48:00	32	8,3	3
12:49:00	32	8,3	3
12:50:00	32	8,2	3
12:51:00	32	8,2	3
12:52:00	32	8,2	3
12:53:00	32	8,2	3
12:54:00	32	8,2	3
12:55:00	32	8,2	3
12:56:00	32	8,2	3
12:57:00	32	8,2	3
12:58:00	32	8,2	3
12:59:00	32	8,2	3
13:00:00	32	8,2	3
13:01:00	32	8,2	3
13:02:00	32	8,1	3
13:03:00	32	8,1	3
13:04:00	32	8,1	3
13:05:00	32	8,1	3
13:06:00	32	8,1	3
13:07:00	32	8,1	3
13:08:00	32	8,1	3
13:09:00	32	8,1	3
13:10:00	32	8,1	3
13:11:00	32	8,1	3
13:12:00	32	8,0	4
13:13:00	32	8,0	4
13:14:00	32	8,0	4
13:15:00	32	8,0	4
13:16:00	32	8,0	4
13:17:00	32	8,0	4
13:18:00	32	8,0	4
13:19:00	32	8,0	4
13:20:00	32	8,0	4
13:21:00	32	8,0	4
13:22:00	32	8,0	4
13:23:00	32	8,0	4
13:24:00	32	7,9	4
13:25:00	32	8,5	4
13:26:00	32	8,5	4
13:27:00	32	8,4	4
13:28:00	32	8,4	4
13:29:00	32	8,4	4
13:30:00	32	8,4	4
13:31:00	32	8,4	4
13:32:00	32	8,4	4
13:33:00	32	8,4	4
13:34:00	32	8,4	4
13:35:00	32	8,4	5
13:36:00	32	8,3	5
13:37:00	32	8,3	5
13:38:00	32	8,3	5
13:39:00	32	8,3	5
13:40:00	32	8,3	5
13:41:00	32	8,3	5
13:42:00	32	8,3	5
13:43:00	32	8,3	5
13:44:00	32	8,3	5
13:45:00	32	8,3	5
13:46:00	32	8,3	5
13:47:00	32	8,2	5
13:48:00	32	8,2	5
13:49:00	32	8,2	5
13:50:00	32	8,2	5
13:51:00	32	8,2	5
13:52:00	32	8,2	5
13:53:00	32	8,2	5
13:54:00	32	8,2	5
13:55:00	32	8,2	5
13:56:00	32	8,2	5
13:57:00	32	8,2	5
13:58:00	32	8,1	5
13:59:00	32	8,1	5
14:00:00	32	8,1	5
14:01:00	32	8,1	5
14:02:00	32	8,1	5
14:03:00	32	8,1	5
14:04:00	32	8,1	5
14:05:00	32	8,1	5
14:06:00	32	8,1	5
14:07:00	32	8,1	5
14:08:00	32	8,1	5
14:09:00	32	8,0	5
14:10:00	32	8,1	5
14:11:00	32	8,0	5
14:12:00	32	8,0	5
14:13:00	32	8,0	5
14:14:00	32	8,0	5
14:15:00	32	8,0	5
14:16:00	32	8,0	5
14:17:00	32	8,0	5
14:18:00	32	8,0	5
14:19:00	32	8,0	5
14:20:00	32	8,0	5
14:21:00	32	8,0	5
14:22:00	32	8,0	5
14:23:00	32	8,0	5
14:24:00	32	8,0	5
14:25:00	32	8,0	5
14:26:00	32	8,2	5
14:27:00	32	8,1	5
14:28:00	32	8,1	5
14:29:00	32	8,1	5
14:30:00	32	8,1	5
14:31:00	32	8,1	5
14:32:00	32	8,1	5
14:33:00	32	8,1	5
14:34:00	32	8,1	5
14:35:00	32	8,1	5
14:36:00	32	8,1	5
14:37:00	32	8,1	7
14:38:00	32	8,0	7
14:39:00	32	8,0	7
14:40:00	32	8,0	7
14:41:00	32	8,0	7
14:42:00	32	8,0	8
14:43:00	32	8,0	8
14:44:00	32	8,0	8
14:45:00	32	8,0	8
14:46:00	32	8,0	8
14:47:00	32	8,0	8
14:48:00	32	8,0	8
14:49:00	32	8,3	8
14:50:00	32	8,3	8
14:51:00	32	8,3	8
14:52:00	32	8,3	9
14:53:00	32	8,3	9
14:54:00	32	8,3	9
14:55:00	32	8,2	9
14:56:00	32	8,2	9
14:57:00	32	8,2	9
14:58:00	32	8,2	9
14:59:00	32	8,2	9
15:00:00	32	8,2	9
15:01:00	32	8,2	9
15:02:00	32	8,2	9
15:03:00	32	8,2	9
15:04:00	32	8,2	9
15:05:00	32	8,1	9
15:06:00	32	8,1	9
15:07:00	32	8,1	9
15:08:00	32	8,1	9
15:09:00	32	8,1	9
15:10:00	32	8,1	9
15:11:00	32	8,1	9
15:12:00	32	8,1	9
15:13:00	32	8,1	9
15:14:00	32	8,1	9
15:15:00	32	8,1	9
15:16:00	32	8,1	9
15:17:00	32	8,1	9
15:18:00	32	8,0	9
15:19:00	32	8,0	9
15:20:00	32	8,0	9
15:21:00	32	8,0	9
15:22:00	32	8,0	9
15:23:00	32	8,0	9
15:24:00	32	8,0	9
15:25:00	32	8,0	9
15:26:00	32	8,0	9
15:27:00	32	8,0	10
15:28:00	32	8,0	10
15:29:00	32	8,0	10
15:30:00	32	8,0	10
15:31:00	32	8,0	10
15:32:00	32	8,0	10
15:33:00	32	8,0	10
15:34:00	32	8,0	10
15:35:00	32	8,0	10
15:36:00	32	7,9	10
15:37:00	32	7,9	10
15:38:00	32	8,4	10
15:39:00	32	8,4	10
15:40:00	32	8,4	10
15:41:00	32	8,4	10
15:42:00	32	8,4	10
15:43:00	32	8,4	10
15:44:00	32	8,4	10
15:45:00	32	8,3	10
15:46:00	32	8,3	10
15:47:00	32	8,3	10
15:48:00	32	8,3	10
15:49:00	32	8,3	10
15:50:00	32	8,3	10
15:51:00	32	8,3	10
15:52:00	32	8,3	10
15:53:00	32	8,3	10
15:54:00	32	8,3	10
15:55:00	32	8,3	10
15:56:00	32	8,3	10
15:57:00	32	8,3	10
15:58:00	32	8,2	10
15:59:00	32	8,2	10
16:00:00	32	8,2	10
16:01:00	32	8,2	10
16:02:00	32	8,2	11
16:03:00	32	8,2	11
16:04:00	32	8,2	11
16:05:00	32	8,2	11
16:06:00	32	8,2	11
16:07:00	32	8,2	11
16:08:00	32	8,2	11
16:09:00	32	8,2	11
16:10:00	32	8,2	11
16:11:00	32	8,1	11
16:12:00	32	8,1	11
16:13:00	32	8,1	11
16:14:00	32	8,1	11
16:15:00	32	8,1	11
16:16:00	32	8,1	11
16:17:00	32	8,1	11
16:18:00	32	8,1	11
16:19:00	32	8,1	11
16:20:00	32	8,1	11
16:21:00	32	8,1	11
16:22:00	32	8,1	11
16:23:00	32	8,1	11
16:24:00	32	8,0	12
16:25:00	32	8,0	12
16:26:00	32	8,0	12
16:27:00	32	8,0	12
16:28:00	32	8,0	12
16:29:00	32	8,0	12
16:30:00	32	8,0	12
16:31:00	32	8,0	12
16:32:00	32	8,0	12
16:33:00	32	8,0	12
16:34:00	32	8,0	12
16:35:00	32	8,0	12
16:36:00	32	8,0	12
16:37:00	32	8,0	12
16:38:00	32	7,9	12
16:39:00	32	7,9	12
16:40:00	32	7,9	12
16:41:00	32	8,4	12
16:42:00	32	8,4	12
16:43:00	32	8,4	12
16:44:00	32	8,4	12
16:45:00	32	8,4	12
16:46:00	32	8,4	12
16:47:00	32	8,4	12
16:48:00	32	8,3	12
16:49:00	32	8,3	12
16:50:00	32	8,3	12
16:51:00	32	8,3	12
16:52:00	32	8,3	12
16:53:00	32	8,3	12
16:54:00	32	8,3	12
16:55:00	32	8,3	12
16:56:00	32	8,3	12
16:57:00	32	8,3	12
16:58:00	32	8,3	12
16:59:00	32	8,3	12
17:00:00	32	8,3	12
17:01:00	32	8,2	12
17:02:00	32	8,2	12
17:03:00	32	8,2	12
17:04:00	32	8,2	12
17:05:00	32	8,2	12
17:06:00	32	8,2	12
17:07:00	32	8,2	12
17:08:00	32	8,2	12
17:09:00	32	8,2	12
17:10:00	32	8,2	12
17:11:00	32	8,2	12
17:12:00	32	8,2	13
17:13:00	32	8,2	13
17:14:00	32	8,2	13
17:15:00	32	8,2	13
17:16:00	32	8,2	14
17:17:00	32	8,1	15
17:18:00	32	8,1	16
17:19:00	32	8,1	16
17:20:00	32	8,1	16
17:21:00	32	8,1	17
17:22:00	32	8,1	17
17:23:00	32	8,1	17
17:24:00	32	8,1	17
17:25:00	32	8,1	17
17:26:00	32	8,1	17
17:27:00	32	8,1	17
17:28:00	32	8,1	17
17:29:00	32	8,1	17
17:30:00	32	8,0	17
17:31:00	32	8,0	17
17:32:00	32	8,0	17
17:33:00	32	8,0	17
17:34:00	32	8,0	17
17:35:00	32	8,0	17
17:36:00	32	8,0	17
17:37:00	32	8,0	17
17:38:00	32	8,0	17
17:39:00	32	8,0	17
17:40:00	32	8,0	17
17:41:00	32	8,0	17
17:42:00	32	8,0	17
17:43:00	32	8,0	17
17:44:00	32	8,0	17
17:45:00	32	8,0	17
17:46:00	32	8,0	17
17:47:00	32	8,5	17
17:48:00	32	8,5	17
17:49:00	32	8,4	17
17:50:00	32	8,4	17
17:51:00	32	8,4	17
17:52:00	32	8,4	17
17:53:00	32	8,4	17
17:54:00	32	8,4	17
17:55:00	32	8,4	17
17:56:00	32	8,4	17
17:57:00	32	8,4	17
17:58:00	32	8,4	17
17:59:00	32	8,4	17
18:00:00	32	8,4	17
18:01:00	32	8,3	17
18:02:00	32	8,3	17
18:03:00	32	8,3	17
18:04:00	32	8,3	17
18:05:00	32	8,3	17
18:06:00	32	8,3	17
18:07:00	32	8,3	17
18:08:00	32	8,3	17
18:09:00	32	8,3	17
18:10:00	32	8,3	17
18:11:00	32	8,3	17
18:12:00	32	8,3	17
18:13:00	32	8,3	17
18:14:00	32	8,3	17
18:15:00	32	8,3	17
18:16:00	32	8,3	17
18:17:00	32	8,3	17
18:18:00	32	8,3	17
18:19:00	32	8,3	17
18:20:00	32	8,2	18
18:21:00	32	8,2	18
18:22:00	32	8,2	18
18:23:00	32	8,2	18
18:24:00	32	8,2	18
18:25:00	32	8,2	18
18:26:00	32	8,2	18
18:27:00	32	8,2	18
18:28:00	32	8,2	18
18:29:00	32	8,2	18
18:30:00	32	8,2	18
18:31:00	32	8,2	18
18:32:00	32	8,2	18
18:33:00	32	8,2	13
