--Test Summary--
Full Path and File Name	
Instrument Name	7222-1
Instrument Type	Model 7222 Consistometer
Instrument Serial Number	113
Test Start Date	09.10.2008
Test Start Time	12:24:57
Test Stop Date	09.10.2008
Test Stop Time	17:44:24
Test Length	5:19:27
Final Sample Time Offset	5:19:00
Controller Schedule Name	
Sampling Period	60 seconds
Comments	MPa: (31(71). T:70(71)
Information	WellID	Laganskaya-1
Information	Customer	PetroResurs
Information	CementClass	G
Information	CementMfr	Dykerhoff
Information	Additives	1%Gel+1%SMS+0.3%R-7
Information	Density	1500
Information	BHCT	70
Information	BHST	91
Information	FluidLoss	
Information	JobType	168 mm csg production
Calculated Value	30Bc - TT	N/A
Calculated Value	70Bc - TT	N/A
Calculated Value	100Bc - TT	N/A
Initial Temperature (°C)	27 °C
Final Temperature (°C)	69 °C
Initial Pressure (MPa)	1,8 MPa
Final Pressure (MPa)	0,8 MPa
Initial Consistency (Bc)	11 Bc
Final Consistency (Bc)	8 Bc
--Data--
Time (HH:MM:SS)	Temperature (°C)	Pressure (MPa)	Consistency (Bc)
0:00:00	27	1,8	11
0:01:00	27	2,5	9
0:02:00	27	2,9	14
0:03:00	27	3,5	11
0:04:00	28	4,4	13
0:05:00	28	4,9	12
0:06:00	29	5,4	13
0:07:00	30	5,8	12
0:08:00	31	6,1	12
0:09:00	32	6,4	13
0:10:00	32	6,7	13
0:11:00	33	7,0	14
0:12:00	34	7,5	15
0:13:00	35	7,9	13
0:14:00	35	8,3	13
0:15:00	36	8,8	13
0:16:00	37	9,3	13
0:17:00	37	9,8	13
0:18:00	38	9,9	12
0:19:00	39	10,5	9
0:20:00	39	10,7	9
0:21:00	39	11,3	11
0:22:00	40	11,9	13
0:23:00	41	12,1	13
0:24:00	42	12,7	12
0:25:00	42	13,1	11
0:26:00	43	13,4	14
0:27:00	44	13,6	14
0:28:00	45	13,9	14
0:29:00	45	14,2	13
0:30:00	46	14,6	15
0:31:00	46	15,1	16
0:32:00	47	15,6	12
0:33:00	47	16,3	16
0:34:00	48	16,1	14
0:35:00	48	16,8	12
0:36:00	49	17,4	12
0:37:00	50	18,0	12
0:38:00	50	17,7	11
0:39:00	51	18,2	11
0:40:00	52	18,7	11
0:41:00	52	19,2	15
0:42:00	53	19,6	14
0:43:00	54	20,1	13
0:44:00	54	20,6	12
0:45:00	55	21,1	12
0:46:00	55	20,6	13
0:47:00	56	21,8	13
0:48:00	56	22,4	11
0:49:00	57	22,5	14
0:50:00	58	23,2	16
0:51:00	58	22,8	15
0:52:00	59	23,5	14
0:53:00	60	24,1	12
0:54:00	60	24,7	12
0:55:00	61	25,2	12
0:56:00	62	25,7	12
0:57:00	62	25,1	12
0:58:00	63	26,1	12
0:59:00	64	26,5	12
1:00:00	64	27,1	12
1:01:00	65	27,6	12
1:02:00	66	28,2	12
1:03:00	66	28,5	12
1:04:00	67	28,4	13
1:05:00	67	29,1	12
1:06:00	68	29,7	13
1:07:00	69	29,7	11
1:08:00	69	30,4	10
1:09:00	70	30,9	10
1:10:00	70	30,8	11
1:11:00	71	31,6	10
1:12:00	72	31,5	10
1:13:00	72	31,1	9
1:14:00	73	31,1	13
1:15:00	74	30,9	11
1:16:00	74	30,9	10
1:17:00	74	31,2	13
1:18:00	74	31,1	12
1:19:00	73	31,1	13
1:20:00	73	31,0	13
1:21:00	72	31,0	14
1:22:00	71	31,0	14
1:23:00	71	31,1	14
1:24:00	70	31,7	14
1:25:00	69	30,5	14
1:26:00	69	31,6	16
1:27:00	68	31,7	14
1:28:00	68	31,7	12
1:29:00	69	31,5	16
1:30:00	69	31,7	12
1:31:00	70	31,4	11
1:32:00	71	31,3	10
1:33:00	71	31,0	8
1:34:00	72	31,1	6
1:35:00	73	30,9	6
1:36:00	73	31,1	7
1:37:00	74	30,9	7
1:38:00	74	31,0	7
1:39:00	73	31,0	7
1:40:00	73	31,0	9
1:41:00	72	30,9	9
1:42:00	72	31,1	10
1:43:00	71	31,2	10
1:44:00	71	31,0	10
1:45:00	70	31,5	10
1:46:00	70	31,4	11
1:47:00	69	31,7	11
1:48:00	69	31,4	15
1:49:00	69	32,0	20
1:50:00	69	32,0	13
1:51:00	70	31,6	13
1:52:00	70	31,9	12
1:53:00	71	31,8	12
1:54:00	71	31,3	12
1:55:00	72	30,9	12
1:56:00	72	31,1	12
1:57:00	73	31,2	11
1:58:00	73	31,1	10
1:59:00	73	31,2	11
2:00:00	73	31,2	15
2:01:00	72	31,3	14
2:02:00	72	31,0	13
2:03:00	72	31,0	13
2:04:00	71	30,9	13
2:05:00	71	31,0	13
2:06:00	70	31,5	15
2:07:00	70	31,2	13
2:08:00	70	31,0	14
2:09:00	69	32,0	14
2:10:00	69	31,9	12
2:11:00	69	32,0	14
2:12:00	70	32,0	10
2:13:00	70	31,7	9
2:14:00	71	31,7	9
2:15:00	71	31,4	9
2:16:00	72	31,2	9
2:17:00	72	31,0	10
2:18:00	72	30,9	10
2:19:00	73	31,0	10
2:20:00	73	31,0	8
2:21:00	72	31,0	8
2:22:00	72	31,1	8
2:23:00	72	31,0	8
2:24:00	72	31,2	8
2:25:00	71	30,9	8
2:26:00	71	31,0	8
2:27:00	70	31,3	7
2:28:00	70	31,8	8
2:29:00	70	31,8	8
2:30:00	69	31,4	8
2:31:00	69	31,6	9
2:32:00	70	31,7	10
2:33:00	70	31,7	11
2:34:00	70	31,5	9
2:35:00	70	31,6	10
2:36:00	71	31,5	10
2:37:00	71	31,1	9
2:38:00	72	30,9	9
2:39:00	72	31,0	10
2:40:00	72	30,9	9
2:41:00	73	31,0	9
2:42:00	72	31,0	10
2:43:00	72	31,0	11
2:44:00	72	31,1	12
2:45:00	72	31,2	12
2:46:00	71	31,1	13
2:47:00	71	31,2	13
2:48:00	71	31,1	13
2:49:00	70	31,5	12
2:50:00	70	32,0	12
2:51:00	70	32,0	9
2:52:00	70	31,3	8
2:53:00	69	31,4	8
2:54:00	70	31,6	9
2:55:00	70	31,5	8
2:56:00	70	31,9	8
2:57:00	70	32,0	7
2:58:00	71	31,8	7
2:59:00	72	31,4	7
3:00:00	72	30,9	7
3:01:00	72	31,2	6
3:02:00	72	31,0	6
3:03:00	73	31,2	6
3:04:00	73	31,2	6
3:05:00	72	31,1	6
3:06:00	72	31,1	7
3:07:00	72	31,1	7
3:08:00	72	31,0	7
3:09:00	71	31,2	7
3:10:00	71	31,2	7
3:11:00	70	31,6	6
3:12:00	70	31,5	8
3:13:00	70	31,5	8
3:14:00	70	31,6	9
3:15:00	70	31,8	10
3:16:00	70	31,8	8
3:17:00	70	31,6	9
3:18:00	70	31,9	8
3:19:00	71	31,2	7
3:20:00	71	31,1	7
3:21:00	72	31,0	7
3:22:00	72	31,1	7
3:23:00	72	31,0	7
3:24:00	73	30,9	7
3:25:00	73	31,0	7
3:26:00	73	31,1	7
3:27:00	72	31,1	7
3:28:00	72	31,2	7
3:29:00	72	31,2	7
3:30:00	72	30,9	7
3:31:00	71	31,0	7
3:32:00	71	31,1	7
3:33:00	70	31,4	7
3:34:00	70	31,9	7
3:35:00	70	31,9	7
3:36:00	70	31,7	7
3:37:00	69	31,7	7
3:38:00	69	31,7	8
3:39:00	70	31,5	8
3:40:00	70	30,5	6
3:41:00	70	31,6	7
3:42:00	71	31,5	7
3:43:00	71	31,2	6
3:44:00	72	30,9	6
3:45:00	72	31,1	6
3:46:00	72	31,0	7
3:47:00	73	31,0	7
3:48:00	73	31,0	7
3:49:00	73	31,0	7
3:50:00	72	31,1	7
3:51:00	72	31,0	7
3:52:00	72	31,2	7
3:53:00	71	30,9	7
3:54:00	71	31,0	7
3:55:00	71	31,3	7
3:56:00	71	31,5	7
3:57:00	70	31,9	6
3:58:00	70	32,0	7
3:59:00	70	31,9	8
4:00:00	69	32,0	8
4:01:00	69	31,3	7
4:02:00	70	31,5	6
4:03:00	70	31,5	6
4:04:00	70	31,8	6
4:05:00	71	31,9	6
4:06:00	71	31,7	6
4:07:00	72	31,2	6
4:08:00	72	31,0	6
4:09:00	72	31,1	6
4:10:00	73	31,1	6
4:11:00	73	31,2	6
4:12:00	73	31,0	6
4:13:00	73	31,1	6
4:14:00	73	31,2	6
4:15:00	72	31,0	6
4:16:00	72	31,0	6
4:17:00	72	31,2	6
4:18:00	71	31,1	6
4:19:00	71	31,1	6
4:20:00	71	31,2	6
4:21:00	70	31,5	5
4:22:00	70	31,5	7
4:23:00	70	31,5	8
4:24:00	70	31,7	7
4:25:00	70	31,9	7
4:26:00	69	31,3	6
4:27:00	70	31,4	6
4:28:00	70	31,9	6
4:29:00	70	31,5	7
4:30:00	71	31,5	7
4:31:00	71	31,1	7
4:32:00	72	30,9	7
4:33:00	72	31,0	7
4:34:00	73	31,0	7
4:35:00	73	31,0	7
4:36:00	73	31,1	7
4:37:00	73	31,0	7
4:38:00	73	31,1	7
4:39:00	72	31,0	7
4:40:00	72	31,1	7
4:41:00	72	31,0	7
4:42:00	72	31,1	7
4:43:00	71	30,9	7
4:44:00	71	31,0	7
4:45:00	71	31,3	7
4:46:00	70	31,8	6
4:47:00	70	31,7	9
4:48:00	70	31,6	10
4:49:00	70	31,8	10
4:50:00	69	31,9	8
4:51:00	70	32,0	8
4:52:00	70	31,9	8
4:53:00	70	31,8	9
4:54:00	70	31,9	8
4:55:00	71	31,8	8
4:56:00	71	31,4	8
4:57:00	72	31,2	9
4:58:00	72	31,2	8
4:59:00	73	30,9	8
5:00:00	73	31,2	8
5:01:00	73	31,0	8
5:02:00	73	31,2	8
5:03:00	73	31,1	8
5:04:00	72	31,0	8
5:05:00	72	31,0	7
5:06:00	72	31,1	8
5:07:00	72	31,1	8
5:08:00	71	31,0	8
5:09:00	71	31,2	8
5:10:00	71	31,1	8
5:11:00	71	31,2	8
5:12:00	71	31,4	8
5:13:00	70	31,6	6
5:14:00	70	31,9	7
5:15:00	70	32,0	7
5:16:00	70	31,7	6
5:17:00	69	1,4	16
5:18:00	69	0,9	8
5:19:00	69	0,8	8
