--Test Summary--
Full Path and File Name	
Instrument Name	4262L
Instrument Type	Model 4262 Twin Cell UCA
Instrument Serial Number	111L
Test Start Date	06.08.2008
Test Start Time	10:47:20
Test Stop Date	07.08.2008
Test Stop Time	15:12:12
Test Length	28:24:52
Final Sample Time Offset	28:24:00
Controller Schedule Name	
Sampling Period	60 seconds
Comments	T: 70(40), 80(240)
Information	WellID	research
Information	Customer	Priobskoe
Information	CementClass	G
Information	CementMfr	Dykerhoff
Information	Additives	0.05%FL
Information	Density	2000
Information	BHCT	70
Information	BHST	80
Information	FluidLoss	
Information	JobType	168 mm csg production
Calculated Value	CS_50	1:47:00
Calculated Value	CS_500	3:02:00
Calculated Value	CS_Time8h	15,02 MPa
Calculated Value	CS_Time16h	21,78 MPa
Calculated Value	CS_Time24h	24,64 MPa
Calculated Value	CS_Time48h	N/A
Calculated Value	CS_Time72h	N/A
Calculated Curve	Compressive Strength	Compressive strength type B (more than 14 lb/gal)
Initial Temperature (°C)	21 °C
Final Temperature (°C)	79 °C
Initial Transit Time (microsec/in)	16,91 microsec/in
Final Transit Time (microsec/in)	7,95 microsec/in
Initial Compressive Strength (MPa)	0,00 MPa
Final Compressive Strength (MPa)	25,65 MPa
--Data--
Time (HH:MM:SS)	Temperature (°C)	Transit Time (microsec/in)	Compressive Strength (MPa)
0:00:00	21	16,91	0,00
0:01:00	21	16,92	0,00
0:02:00	21	16,94	0,00
0:03:00	22	16,96	0,00
0:04:00	23	16,96	0,00
0:05:00	23	16,98	0,00
0:06:00	23	16,97	0,00
0:07:00	23	16,96	0,00
0:08:00	23	16,96	0,00
0:09:00	24	16,96	0,00
0:10:00	25	16,95	0,00
0:11:00	26	16,92	0,00
0:12:00	28	16,90	0,00
0:13:00	29	16,89	0,01
0:14:00	30	16,88	0,01
0:15:00	32	16,86	0,01
0:16:00	33	16,84	0,02
0:17:00	33	16,79	0,03
0:18:00	35		
0:19:00	36	16,73	0,04
0:20:00	37	16,71	0,04
0:21:00	38	16,64	0,06
0:22:00	40	16,60	0,07
0:23:00	41	16,57	0,08
0:24:00	43	16,54	0,09
0:25:00	44	16,50	0,10
0:26:00	46	16,50	0,10
0:27:00	47	16,48	0,10
0:28:00	48	16,44	0,11
0:29:00	49	16,43	0,12
0:30:00	51	16,41	0,12
0:31:00	52	16,41	0,12
0:32:00	53	16,38	0,13
0:33:00	55	16,38	0,13
0:34:00	56	16,36	0,14
0:35:00	57	16,36	0,14
0:36:00	59	16,34	0,14
0:37:00	60	16,32	0,15
0:38:00	61	16,30	0,15
0:39:00	63	16,30	0,15
0:40:00	64	16,29	0,15
0:41:00	65	16,29	0,15
0:42:00	66	16,28	0,16
0:43:00	68	16,28	0,16
0:44:00	69	16,27	0,16
0:45:00	70	16,28	0,16
0:46:00	71		
0:47:00	71	16,27	0,16
0:48:00	72	16,27	0,16
0:49:00	72	16,27	0,16
0:50:00	72	16,28	0,16
0:51:00	73	16,27	0,16
0:52:00	72	16,28	0,16
0:53:00	72	16,28	0,16
0:54:00	72	16,29	0,15
0:55:00	72	16,30	0,15
0:56:00	72	16,30	0,15
0:57:00	72	16,30	0,15
0:58:00	72	16,30	0,15
0:59:00	71	16,31	0,15
1:00:00	71	16,32	0,14
1:01:00	71	16,32	0,14
1:02:00	71	16,32	0,14
1:03:00	71	16,32	0,14
1:04:00	71	16,32	0,14
1:05:00	71	16,34	0,14
1:06:00	71	16,34	0,14
1:07:00	71	16,34	0,14
1:08:00	71	16,34	0,14
1:09:00	71	16,34	0,14
1:10:00	71	16,34	0,14
1:11:00	71	16,33	0,14
1:12:00	71	16,33	0,14
1:13:00	71	16,32	0,15
1:14:00	71	16,32	0,15
1:15:00	71	16,32	0,15
1:16:00	71	16,31	0,15
1:17:00	71	16,31	0,15
1:18:00	71	16,30	0,15
1:19:00	71	16,30	0,15
1:20:00	71	16,30	0,15
1:21:00	71	16,29	0,15
1:22:00	71	16,28	0,16
1:23:00	71	16,27	0,16
1:24:00	71	16,23	0,17
1:25:00	71	16,23	0,17
1:26:00	71	16,21	0,18
1:27:00	71	16,20	0,18
1:28:00	71	16,19	0,18
1:29:00	71	16,17	0,19
1:30:00	71	16,15	0,19
1:31:00	71	16,13	0,20
1:32:00	71	16,11	0,21
1:33:00	71	16,09	0,21
1:34:00	71	16,05	0,22
1:35:00	71	16,03	0,23
1:36:00	71	16,01	0,23
1:37:00	72	15,98	0,24
1:38:00	72	15,96	0,25
1:39:00	71	15,93	0,26
1:40:00	71	15,90	0,27
1:41:00	71	15,87	0,28
1:42:00	72	15,84	0,29
1:43:00	72	15,81	0,30
1:44:00	72	15,78	0,31
1:45:00	72	15,71	0,33
1:46:00	71	15,68	0,34
1:47:00	72	15,64	0,35
1:48:00	72	15,60	0,37
1:49:00	72	15,56	0,38
1:50:00	72	15,52	0,40
1:51:00	72	15,47	0,41
1:52:00	72	15,42	0,43
1:53:00	72	15,36	0,45
1:54:00	72	15,31	0,47
1:55:00	72	15,26	0,50
1:56:00	72	15,20	0,52
1:57:00	72	15,14	0,54
1:58:00	72	15,08	0,57
1:59:00	72	15,02	0,59
2:00:00	72	14,96	0,62
2:01:00	72	14,90	0,65
2:02:00	73	14,83	0,68
2:03:00	72	14,77	0,71
2:04:00	72	14,71	0,74
2:05:00	72	14,65	0,77
2:06:00	72	14,56	0,81
2:07:00	73	14,50	0,85
2:08:00	72	14,44	0,87
2:09:00	72	14,38	0,91
2:10:00	72	14,31	0,95
2:11:00	73	14,25	0,98
2:12:00	73	14,18	1,02
2:13:00	73	14,13	1,06
2:14:00	73	14,07	1,09
2:15:00	72	13,98	1,15
2:16:00	73	13,92	1,19
2:17:00	73	13,86	1,23
2:18:00	73	13,80	1,27
2:19:00	73	13,74	1,31
2:20:00	73	13,68	1,36
2:21:00	73	13,63	1,40
2:22:00	73	13,56	1,44
2:23:00	73	13,51	1,48
2:24:00	73	13,46	1,52
2:25:00	73	13,41	1,57
2:26:00	73	13,36	1,61
2:27:00	73	13,29	1,66
2:28:00	73	13,23	1,72
2:29:00	73	13,17	1,77
2:30:00	73	13,12	1,81
2:31:00	74	13,07	1,86
2:32:00	73	13,02	1,91
2:33:00	74	12,96	1,97
2:34:00	74	12,92	2,01
2:35:00	74	12,87	2,06
2:36:00	74	12,82	2,12
2:37:00	74	12,77	2,17
2:38:00	74	12,72	2,22
2:39:00	74	12,67	2,27
2:40:00	74	12,63	2,33
2:41:00	74	12,58	2,38
2:42:00	74	12,54	2,43
2:43:00	74	12,49	2,49
2:44:00	74	12,45	2,54
2:45:00	74	12,41	2,59
2:46:00	74	12,36	2,65
2:47:00	74	12,33	2,69
2:48:00	74	12,29	2,74
2:49:00	74	12,25	2,79
2:50:00	74	12,21	2,86
2:51:00	74	12,17	2,91
2:52:00	74	12,13	2,96
2:53:00	74	12,09	3,02
2:54:00	74	12,06	3,07
2:55:00	75	12,02	3,13
2:56:00	75	11,99	3,17
2:57:00	75	11,95	3,23
2:58:00	75	11,91	3,29
2:59:00	75	11,88	3,34
3:00:00	75	11,86	3,39
3:01:00	74	11,82	3,45
3:02:00	75	11,79	3,50
3:03:00	75	11,76	3,55
3:04:00	75	11,73	3,60
3:05:00	75	11,70	3,66
3:06:00	75	11,67	3,71
3:07:00	75	11,64	3,76
3:08:00	75	11,61	3,82
3:09:00	75	11,58	3,87
3:10:00	75	11,55	3,92
3:11:00	75	11,52	3,97
3:12:00	75	11,49	4,03
3:13:00	75	11,47	4,07
3:14:00	75	11,44	4,13
3:15:00	75	11,42	4,18
3:16:00	75	11,39	4,24
3:17:00	75	11,37	4,29
3:18:00	75	11,34	4,35
3:19:00	75	11,32	4,40
3:20:00	75	11,29	4,44
3:21:00	75	11,27	4,49
3:22:00	75	11,25	4,54
3:23:00	75	11,22	4,59
3:24:00	76	11,20	4,64
3:25:00	76	11,18	4,69
3:26:00	76	11,16	4,74
3:27:00	76	11,12	4,83
3:28:00	76	11,10	4,88
3:29:00	75	11,07	4,94
3:30:00	76	11,05	4,99
3:31:00	76	11,04	5,03
3:32:00	76	11,02	5,08
3:33:00	76	10,99	5,14
3:34:00	76	10,97	5,20
3:35:00	76	10,95	5,23
3:36:00	76	10,93	5,29
3:37:00	76	10,91	5,35
3:38:00	76	10,89	5,39
3:39:00	76	10,87	5,45
3:40:00	76	10,86	5,49
3:41:00	76	10,84	5,53
3:42:00	76	10,82	5,59
3:43:00	76	10,80	5,63
3:44:00	77	10,79	5,67
3:45:00	76	10,77	5,72
3:46:00	76	10,74	5,80
3:47:00	77	10,73	5,84
3:48:00	76	10,71	5,89
3:49:00	76	10,70	5,93
3:50:00	77	10,68	5,99
3:51:00	77	10,66	6,04
3:52:00	77	10,65	6,08
3:53:00	77	10,63	6,13
3:54:00	77	10,61	6,20
3:55:00	77	10,59	6,24
3:56:00	77	10,58	6,29
3:57:00	77	10,56	6,34
3:58:00	77	10,56	6,36
3:59:00	77	10,54	6,41
4:00:00	77	10,53	6,45
4:01:00	77	10,51	6,50
4:02:00	77	10,50	6,55
4:03:00	77	10,49	6,57
4:04:00	77	10,47	6,62
4:05:00	77	10,47	6,65
4:06:00	77	10,45	6,70
4:07:00	77	10,43	6,77
4:08:00	77	10,41	6,82
4:09:00	77	10,41	6,85
4:10:00	77	10,39	6,90
4:11:00	77	10,38	6,95
4:12:00	77	10,36	7,00
4:13:00	77	10,36	7,03
4:14:00	78	10,34	7,08
4:15:00	78	10,32	7,14
4:16:00	78	10,32	7,16
4:17:00	78	10,30	7,22
4:18:00	78	10,29	7,24
4:19:00	78	10,28	7,30
4:20:00	78	10,27	7,32
4:21:00	78	10,26	7,38
4:22:00	78	10,25	7,41
4:23:00	78	10,24	7,44
4:24:00	78	10,23	7,49
4:25:00	78	10,22	7,52
4:26:00	78	10,20	7,60
4:27:00	78	10,19	7,63
4:28:00	78	10,18	7,66
4:29:00	79	10,17	7,72
4:30:00	78	10,15	7,78
4:31:00	78	10,14	7,81
4:32:00	79	10,13	7,87
4:33:00	78	10,12	7,90
4:34:00	79	10,11	7,93
4:35:00	79	10,10	7,99
4:36:00	78	10,09	8,02
4:37:00	79	10,08	8,05
4:38:00	79	10,08	8,08
4:39:00	79	10,06	8,14
4:40:00	79	10,05	8,17
4:41:00	78	10,05	8,20
4:42:00	79	10,04	8,23
4:43:00	79	10,03	8,26
4:44:00	79	10,02	8,33
4:45:00	79	10,01	8,36
4:46:00	79	10,00	8,39
4:47:00	79	9,99	8,42
4:48:00	79	9,98	8,48
4:49:00	79	9,96	8,55
4:50:00	79	9,96	8,58
4:51:00	79	9,95	8,61
4:52:00	79	9,94	8,65
4:53:00	79	9,93	8,68
4:54:00	79	9,92	8,75
4:55:00	79	9,91	8,78
4:56:00	79	9,90	8,85
4:57:00	79	9,89	8,88
4:58:00	79	9,88	8,92
4:59:00	79	9,88	8,95
5:00:00	79	9,87	8,98
5:01:00	79	9,86	9,02
5:02:00	79	9,84	9,09
5:03:00	79	9,84	9,12
5:04:00	79	9,83	9,16
5:05:00	79	9,82	9,19
5:06:00	79	9,82	9,23
5:07:00	79	9,81	9,26
5:08:00	79	9,80	9,30
5:09:00	79	9,79	9,37
5:10:00	79	9,78	9,41
5:11:00	79	9,77	9,44
5:12:00	79	9,76	9,48
5:13:00	79	9,75	9,52
5:14:00	79	9,74	9,59
5:15:00	79	9,73	9,63
5:16:00	79	9,72	9,66
5:17:00	79	9,72	9,70
5:18:00	79	9,71	9,74
5:19:00	79	9,70	9,78
5:20:00	79	9,69	9,81
5:21:00	79	9,68	9,89
5:22:00	79	9,67	9,93
5:23:00	79	9,66	9,97
5:24:00	79	9,66	10,01
5:25:00	79	9,65	10,04
5:26:00	79	9,64	10,08
5:27:00	79	9,63	10,12
5:28:00	79	9,63	10,16
5:29:00	79	9,62	10,20
5:30:00	79	9,61	10,24
5:31:00	79	9,60	10,28
5:32:00	79	9,60	10,32
5:33:00	79	9,59	10,36
5:34:00	78	9,58	10,40
5:35:00	79	9,57	10,44
5:36:00	79	9,57	10,48
5:37:00	79	9,56	10,52
5:38:00	79	9,55	10,57
5:39:00	79	9,54	10,65
5:40:00	79	9,54	10,65
5:41:00	79	9,53	10,69
5:42:00	78	9,52	10,73
5:43:00	79	9,52	10,77
5:44:00	78	9,51	10,82
5:45:00	79	9,50	10,86
5:46:00	79	9,49	10,90
5:47:00	79	9,48	10,94
5:48:00	78	9,48	10,99
5:49:00	79	9,47	11,03
5:50:00	79	9,46	11,07
5:51:00	79	9,46	11,07
5:52:00	79	9,45	11,12
5:53:00	79	9,45	11,16
5:54:00	79	9,44	11,20
5:55:00	79	9,43	11,25
5:56:00	79	9,43	11,25
5:57:00	79	9,43	11,29
5:58:00	79	9,42	11,34
5:59:00	79	9,41	11,38
6:00:00	79	9,40	11,43
6:01:00	79	9,39	11,47
6:02:00	79	9,39	11,47
6:03:00	79	9,38	11,56
6:04:00	79	9,38	11,56
6:05:00	79	9,37	11,61
6:06:00	79	9,36	11,66
6:07:00	79	9,36	11,70
6:08:00	79	9,36	11,70
6:09:00	79	9,35	11,75
6:10:00	79	9,34	11,79
6:11:00	79	9,34	11,84
6:12:00	78	9,33	11,89
6:13:00	79	9,33	11,89
6:14:00	79	9,32	11,94
6:15:00	79	9,31	11,98
6:16:00	79	9,30	12,03
6:17:00	79	9,30	12,03
6:18:00	79	9,30	12,08
6:19:00	79	9,29	12,13
6:20:00	78	9,29	12,13
6:21:00	79	9,28	12,17
6:22:00	79	9,27	12,22
6:23:00	79	9,27	12,22
6:24:00	79	9,27	12,27
6:25:00	79	9,26	12,32
6:26:00	79	9,26	12,32
6:27:00	79	9,25	12,37
6:28:00	79	9,25	12,37
6:29:00	79	9,24	12,42
6:30:00	79	9,24	12,47
6:31:00	79	9,23	12,52
6:32:00	79	9,23	12,52
6:33:00	79	9,22	12,57
6:34:00	79	9,21	12,62
6:35:00	79	9,21	12,67
6:36:00	79	9,21	12,67
6:37:00	79	9,20	12,72
6:38:00	79	9,20	12,72
6:39:00	79	9,19	12,77
6:40:00	79	9,18	12,82
6:41:00	79	9,18	12,82
6:42:00	79	9,18	12,87
6:43:00	79	9,18	12,87
6:44:00	79	9,17	12,93
6:45:00	79	9,16	12,98
6:46:00	79	9,16	12,98
6:47:00	79	9,15	13,03
6:48:00	79	9,15	13,03
6:49:00	79	9,15	13,08
6:50:00	79	9,15	13,08
6:51:00	79	9,14	13,14
6:52:00	79	9,14	13,14
6:53:00	79	9,13	13,19
6:54:00	79	9,13	13,19
6:55:00	79	9,13	13,24
6:56:00	79	9,12	13,30
6:57:00	79	9,12	13,30
6:58:00	79	9,11	13,35
6:59:00	79	9,11	13,35
7:00:00	79	9,10	13,40
7:01:00	79	9,09	13,46
7:02:00	79	9,09	13,46
7:03:00	79	9,09	13,51
7:04:00	79	9,09	13,51
7:05:00	79	9,08	13,57
7:06:00	79	9,08	13,57
7:07:00	79	9,07	13,62
7:08:00	79	9,07	13,62
7:09:00	79	9,06	13,68
7:10:00	79	9,06	13,68
7:11:00	79	9,06	13,73
7:12:00	79	9,06	13,73
7:13:00	79	9,05	13,79
7:14:00	79	9,05	13,79
7:15:00	79	9,04	13,84
7:16:00	79	9,04	13,84
7:17:00	79	9,04	13,90
7:18:00	79	9,04	13,90
7:19:00	79	9,04	13,90
7:20:00	79	9,03	13,96
7:21:00	79	9,02	14,01
7:22:00	79	9,02	14,01
7:23:00	79	9,01	14,07
7:24:00	79	9,01	14,07
7:25:00	79	9,00	14,13
7:26:00	79	9,00	14,13
7:27:00	79	9,00	14,18
7:28:00	79	9,00	14,18
7:29:00	79	8,99	14,24
7:30:00	79	8,99	14,24
7:31:00	79	8,98	14,30
7:32:00	79	8,98	14,30
7:33:00	79	8,98	14,30
7:34:00	79	8,97	14,36
7:35:00	79	8,97	14,36
7:36:00	79	8,97	14,42
7:37:00	79	8,97	14,42
7:38:00	79	8,96	14,48
7:39:00	79	8,96	14,48
7:40:00	79	8,96	14,48
7:41:00	79	8,95	14,54
7:42:00	79	8,95	14,54
7:43:00	79	8,95	14,59
7:44:00	79	8,95	14,59
7:45:00	79	8,94	14,65
7:46:00	78	8,94	14,65
7:47:00	79	8,93	14,71
7:48:00	79	8,93	14,71
7:49:00	79	8,92	14,77
7:50:00	79	8,92	14,77
7:51:00	79	8,92	14,77
7:52:00	79	8,92	14,77
7:53:00	79	8,91	14,84
7:54:00	79	8,91	14,84
7:55:00	79	8,91	14,90
7:56:00	79	8,91	14,90
7:57:00	79	8,90	14,96
7:58:00	79	8,90	14,96
7:59:00	79	8,89	15,02
8:00:00	79	8,89	15,02
8:01:00	79	8,89	15,02
8:02:00	79	8,89	15,02
8:03:00	79	8,88	15,08
8:04:00	79	8,88	15,08
8:05:00	79	8,88	15,14
8:06:00	79	8,88	15,14
8:07:00	79	8,88	15,14
8:08:00	79	8,88	15,14
8:09:00	79	8,87	15,20
8:10:00	79	8,86	15,27
8:11:00	79	8,86	15,27
8:12:00	79	8,86	15,27
8:13:00	79	8,86	15,33
8:14:00	79	8,86	15,33
8:15:00	79	8,86	15,33
8:16:00	79	8,85	15,39
8:17:00	79	8,85	15,39
8:18:00	79	8,84	15,46
8:19:00	79	8,84	15,46
8:20:00	79	8,84	15,46
8:21:00	79	8,83	15,52
8:22:00	79	8,83	15,52
8:23:00	79	8,83	15,52
8:24:00	79	8,82	15,58
8:25:00	79	8,82	15,58
8:26:00	79	8,82	15,58
8:27:00	79	8,82	15,65
8:28:00	79	8,82	15,65
8:29:00	79	8,82	15,65
8:30:00	78	8,81	15,71
8:31:00	79	8,81	15,71
8:32:00	79	8,81	15,71
8:33:00	79	8,80	15,78
8:34:00	79	8,80	15,78
8:35:00	79	8,80	15,78
8:36:00	79	8,79	15,84
8:37:00	79	8,79	15,84
8:38:00	79	8,79	15,91
8:39:00	79	8,79	15,91
8:40:00	79	8,79	15,91
8:41:00	79	8,79	15,91
8:42:00	79	8,78	15,98
8:43:00	79	8,78	15,98
8:44:00	79	8,77	16,04
8:45:00	79	8,77	16,04
8:46:00	79	8,77	16,04
8:47:00	79	8,77	16,04
8:48:00	79	8,77	16,11
8:49:00	79	8,77	16,11
8:50:00	79	8,77	16,11
8:51:00	79	8,76	16,18
8:52:00	79	8,76	16,18
8:53:00	79	8,75	16,24
8:54:00	79	8,75	16,24
8:55:00	79	8,75	16,24
8:56:00	79	8,75	16,24
8:57:00	78	8,75	16,24
8:58:00	79	8,74	16,31
8:59:00	79	8,74	16,31
9:00:00	79	8,74	16,31
9:01:00	79	8,73	16,38
9:02:00	79	8,73	16,38
9:03:00	79	8,73	16,45
9:04:00	79	8,73	16,45
9:05:00	79	8,73	16,45
9:06:00	79	8,73	16,45
9:07:00	79	8,72	16,52
9:08:00	79	8,72	16,52
9:09:00	79	8,72	16,52
9:10:00	79	8,71	16,58
9:11:00	79	8,71	16,58
9:12:00	79	8,71	16,58
9:13:00	79	8,71	16,58
9:14:00	79	8,70	16,65
9:15:00	79	8,70	16,65
9:16:00	79	8,70	16,65
9:17:00	79	8,70	16,72
9:18:00	79	8,70	16,72
9:19:00	79	8,70	16,72
9:20:00	79	8,70	16,72
9:21:00	79	8,69	16,79
9:22:00	79	8,69	16,79
9:23:00	79	8,69	16,79
9:24:00	79	8,68	16,86
9:25:00	79	8,68	16,86
9:26:00	79	8,68	16,86
9:27:00	79	8,68	16,86
9:28:00	79	8,67	16,93
9:29:00	79	8,67	16,93
9:30:00	79	8,67	16,93
9:31:00	79	8,67	17,01
9:32:00	79	8,67	17,01
9:33:00	79	8,67	17,01
9:34:00	79	8,67	17,01
9:35:00	79	8,66	17,08
9:36:00	79	8,66	17,08
9:37:00	79	8,66	17,08
9:38:00	79	8,66	17,08
9:39:00	79	8,65	17,15
9:40:00	79	8,65	17,15
9:41:00	79	8,65	17,15
9:42:00	79	8,65	17,15
9:43:00	79	8,64	17,22
9:44:00	79	8,64	17,22
9:45:00	79	8,64	17,22
9:46:00	79	8,64	17,22
9:47:00	79	8,64	17,29
9:48:00	79	8,64	17,29
9:49:00	79	8,64	17,29
9:50:00	79	8,64	17,29
9:51:00	79	8,64	17,29
9:52:00	79	8,63	17,37
9:53:00	79	8,63	17,37
9:54:00	79	8,63	17,37
9:55:00	79	8,62	17,44
9:56:00	79	8,62	17,44
9:57:00	79	8,62	17,44
9:58:00	79	8,62	17,44
9:59:00	79	8,62	17,44
10:00:00	79	8,61	17,51
10:01:00	79	8,61	17,51
10:02:00	79	8,61	17,51
10:03:00	79	8,61	17,59
10:04:00	79	8,61	17,59
10:05:00	79	8,61	17,59
10:06:00	79	8,61	17,59
10:07:00	79	8,60	17,66
10:08:00	79	8,60	17,66
10:09:00	79	8,60	17,66
10:10:00	79	8,60	17,66
10:11:00	79	8,60	17,66
10:12:00	79	8,59	17,73
10:13:00	78	8,59	17,73
10:14:00	79	8,59	17,73
10:15:00	79	8,59	17,73
10:16:00	79	8,58	17,81
10:17:00	79	8,58	17,81
10:18:00	79	8,58	17,81
10:19:00	79	8,58	17,88
10:20:00	79	8,58	17,88
10:21:00	79	8,58	17,88
10:22:00	79	8,58	17,88
10:23:00	79	8,58	17,88
10:24:00	79	8,57	17,96
10:25:00	79	8,57	17,96
10:26:00	79	8,57	17,96
10:27:00	79	8,57	17,96
10:28:00	79	8,57	17,96
10:29:00	79	8,56	18,04
10:30:00	79	8,56	18,04
10:31:00	79	8,56	18,04
10:32:00	79	8,56	18,04
10:33:00	79	8,56	18,04
10:34:00	79	8,55	18,11
10:35:00	78	8,55	18,11
10:36:00	79	8,55	18,11
10:37:00	79	8,55	18,11
10:38:00	79	8,55	18,19
10:39:00	78	8,55	18,19
10:40:00	79	8,55	18,19
10:41:00	79	8,55	18,19
10:42:00	79	8,55	18,19
10:43:00	79	8,55	18,19
10:44:00	79	8,54	18,27
10:45:00	79	8,54	18,27
10:46:00	79	8,54	18,27
10:47:00	79	8,54	18,27
10:48:00	79	8,53	18,34
10:49:00	79	8,53	18,34
10:50:00	79	8,53	18,34
10:51:00	78	8,53	18,34
10:52:00	79	8,53	18,34
10:53:00	79	8,52	18,42
10:54:00	79	8,52	18,42
10:55:00	79	8,52	18,42
10:56:00	79	8,52	18,42
10:57:00	79	8,52	18,42
10:58:00	79	8,52	18,50
10:59:00	78	8,52	18,50
11:00:00	79	8,52	18,50
11:01:00	79	8,52	18,50
11:02:00	79	8,52	18,50
11:03:00	79	8,51	18,58
11:04:00	79	8,51	18,58
11:05:00	79	8,51	18,58
11:06:00	79	8,51	18,58
11:07:00	79	8,51	18,58
11:08:00	79	8,51	18,58
11:09:00	79	8,51	18,58
11:10:00	79	8,50	18,66
11:11:00	79	8,50	18,66
11:12:00	79	8,50	18,66
11:13:00	79	8,50	18,66
11:14:00	79	8,49	18,74
11:15:00	79	8,49	18,74
11:16:00	79	8,49	18,74
11:17:00	79	8,49	18,74
11:18:00	79	8,49	18,74
11:19:00	79	8,49	18,82
11:20:00	79	8,49	18,82
11:21:00	79	8,49	18,82
11:22:00	79	8,49	18,82
11:23:00	79	8,49	18,82
11:24:00	79	8,49	18,82
11:25:00	79	8,48	18,90
11:26:00	79	8,48	18,90
11:27:00	79	8,48	18,90
11:28:00	79	8,48	18,90
11:29:00	79	8,48	18,90
11:30:00	79	8,48	18,90
11:31:00	79	8,47	18,98
11:32:00	79	8,47	18,98
11:33:00	79	8,47	18,98
11:34:00	79	8,47	18,98
11:35:00	79	8,47	18,98
11:36:00	79	8,47	18,98
11:37:00	79	8,46	19,06
11:38:00	79	8,46	19,06
11:39:00	79	8,46	19,06
11:40:00	79	8,46	19,06
11:41:00	79	8,46	19,06
11:42:00	79	8,46	19,14
11:43:00	79	8,46	19,14
11:44:00	79	8,46	19,14
11:45:00	79	8,46	19,14
11:46:00	79	8,46	19,14
11:47:00	79	8,46	19,14
11:48:00	79	8,45	19,22
11:49:00	79	8,45	19,22
11:50:00	79	8,45	19,22
11:51:00	79	8,45	19,22
11:52:00	79	8,45	19,22
11:53:00	79	8,45	19,22
11:54:00	79	8,44	19,30
11:55:00	79	8,44	19,30
11:56:00	78	8,44	19,30
11:57:00	79	8,44	19,30
11:58:00	79	8,44	19,30
11:59:00	79	8,44	19,30
12:00:00	79	8,44	19,30
12:01:00	79	8,44	19,30
12:02:00	79	8,44	19,30
12:03:00	79	8,43	19,39
12:04:00	79	8,43	19,39
12:05:00	79	8,43	19,39
12:06:00	78	8,43	19,39
12:07:00	78	8,43	19,47
12:08:00	79	8,43	19,47
12:09:00	79	8,43	19,47
12:10:00	79	8,43	19,47
12:11:00	79	8,43	19,47
12:12:00	78	8,43	19,47
12:13:00	78	8,43	19,47
12:14:00	79	8,43	19,47
12:15:00	79	8,42	19,55
12:16:00	79	8,42	19,55
12:17:00	79	8,42	19,55
12:18:00	79	8,42	19,55
12:19:00	79	8,42	19,55
12:20:00	79	8,42	19,55
12:21:00	79	8,42	19,55
12:22:00	79	8,42	19,55
12:23:00	79	8,41	19,64
12:24:00	79	8,41	19,64
12:25:00	79	8,41	19,64
12:26:00	79	8,40	19,72
12:27:00	79	8,41	19,64
12:28:00	79	8,40	19,72
12:29:00	78	8,40	19,72
12:30:00	79	8,40	19,72
12:31:00	79	8,40	19,72
12:32:00	79	8,40	19,72
12:33:00	79	8,40	19,72
12:34:00	78	8,40	19,81
12:35:00	79	8,40	19,81
12:36:00	79	8,40	19,81
12:37:00	79	8,40	19,81
12:38:00	79	8,40	19,81
12:39:00	79	8,40	19,81
12:40:00	79	8,40	19,81
12:41:00	79	8,39	19,89
12:42:00	79	8,39	19,89
12:43:00	79	8,39	19,89
12:44:00	79	8,39	19,89
12:45:00	79	8,39	19,89
12:46:00	79	8,39	19,89
12:47:00	79	8,39	19,89
12:48:00	79	8,39	19,89
12:49:00	79	8,38	19,98
12:50:00	79	8,38	19,98
12:51:00	79	8,38	19,98
12:52:00	79	8,38	19,98
12:53:00	79	8,38	19,98
12:54:00	79	8,38	19,98
12:55:00	79	8,38	19,98
12:56:00	79	8,38	20,06
12:57:00	79	8,38	20,06
12:58:00	79	8,38	20,06
12:59:00	79	8,38	20,06
13:00:00	79	8,38	20,06
13:01:00	79	8,38	20,06
13:02:00	79	8,38	20,06
13:03:00	79	8,38	20,06
13:04:00	79	8,38	20,06
13:05:00	79	8,37	20,15
13:06:00	79	8,37	20,15
13:07:00	79	8,37	20,15
13:08:00	79	8,37	20,15
13:09:00	78	8,37	20,15
13:10:00	79	8,37	20,15
13:11:00	79	8,36	20,24
13:12:00	79	8,36	20,24
13:13:00	79	8,36	20,24
13:14:00	79	8,36	20,24
13:15:00	79	8,36	20,24
13:16:00	79	8,36	20,24
13:17:00	79	8,36	20,24
13:18:00	79	8,36	20,24
13:19:00	78	8,36	20,24
13:20:00	79	8,35	20,32
13:21:00	79	8,35	20,32
13:22:00	79	8,35	20,32
13:23:00	79	8,35	20,32
13:24:00	79	8,35	20,32
13:25:00	79	8,35	20,32
13:26:00	79	8,35	20,32
13:27:00	79	8,35	20,32
13:28:00	79	8,35	20,32
13:29:00	79	8,34	20,41
13:30:00	79	8,34	20,41
13:31:00	79	8,34	20,41
13:32:00	79	8,34	20,41
13:33:00	79	8,34	20,41
13:34:00	79	8,34	20,41
13:35:00	79	8,34	20,50
13:36:00	79	8,34	20,41
13:37:00	79	8,34	20,50
13:38:00	79	8,34	20,50
13:39:00	79	8,34	20,50
13:40:00	79	8,34	20,50
13:41:00	79	8,34	20,50
13:42:00	79	8,34	20,50
13:43:00	79	8,34	20,50
13:44:00	79	8,34	20,50
13:45:00	79	8,33	20,59
13:46:00	78	8,33	20,59
13:47:00	79	8,33	20,59
13:48:00	79	8,33	20,59
13:49:00	79	8,33	20,59
13:50:00	79	8,33	20,59
13:51:00	79	8,33	20,59
13:52:00	79	8,33	20,59
13:53:00	79	8,33	20,59
13:54:00	79	8,32	20,68
13:55:00	79	8,32	20,68
13:56:00	79	8,32	20,68
13:57:00	79	8,32	20,68
13:58:00	79	8,32	20,68
13:59:00	79	8,32	20,68
14:00:00	79	8,32	20,68
14:01:00	79	8,32	20,68
14:02:00	79	8,32	20,68
14:03:00	79	8,32	20,77
14:04:00	79	8,32	20,77
14:05:00	79	8,32	20,77
14:06:00	79	8,32	20,77
14:07:00	79	8,32	20,77
14:08:00	79	8,32	20,77
14:09:00	79	8,32	20,77
14:10:00	79	8,32	20,77
14:11:00	79	8,32	20,77
14:12:00	79	8,32	20,77
14:13:00	79	8,31	20,86
14:14:00	79	8,31	20,86
14:15:00	79	8,31	20,86
14:16:00	79	8,31	20,86
14:17:00	78	8,31	20,86
14:18:00	79	8,31	20,86
14:19:00	79	8,31	20,86
14:20:00	79	8,31	20,86
14:21:00	79	8,31	20,86
14:22:00	79	8,30	20,95
14:23:00	79	8,30	20,95
14:24:00	79	8,30	20,95
14:25:00	79	8,30	20,95
14:26:00	79	8,30	20,95
14:27:00	79	8,30	20,95
14:28:00	79	8,30	20,95
14:29:00	79	8,30	20,95
14:30:00	79	8,30	20,95
14:31:00	79	8,30	20,95
14:32:00	79	8,30	20,95
14:33:00	78	8,30	20,95
14:34:00	79	8,29	21,04
14:35:00	79	8,29	21,04
14:36:00	79	8,29	21,04
14:37:00	79	8,29	21,04
14:38:00	79	8,29	21,04
14:39:00	79	8,29	21,04
14:40:00	79	8,29	21,04
14:41:00	79	8,29	21,04
14:42:00	79	8,29	21,13
14:43:00	79	8,29	21,13
14:44:00	79	8,29	21,13
14:45:00	79	8,29	21,13
14:46:00	79	8,29	21,13
14:47:00	79	8,29	21,13
14:48:00	79	8,29	21,13
14:49:00	79	8,29	21,13
14:50:00	78	8,29	21,13
14:51:00	79	8,29	21,13
14:52:00	79	8,29	21,13
14:53:00	79	8,28	21,22
14:54:00	79	8,28	21,22
14:55:00	79	8,28	21,22
14:56:00	79	8,28	21,22
14:57:00	79	8,28	21,22
14:58:00	79	8,28	21,22
14:59:00	79	8,28	21,22
15:00:00	79	8,28	21,22
15:01:00	78	8,27	21,31
15:02:00	79	8,27	21,31
15:03:00	79	8,27	21,31
15:04:00	79	8,28	21,22
15:05:00	79	8,27	21,31
15:06:00	79	8,27	21,31
15:07:00	79	8,27	21,31
15:08:00	79	8,27	21,31
15:09:00	79	8,27	21,31
15:10:00	79	8,27	21,31
15:11:00	79	8,27	21,31
15:12:00	79	8,27	21,31
15:13:00	79	8,26	21,41
15:14:00	79	8,27	21,31
15:15:00	79	8,26	21,41
15:16:00	79	8,26	21,41
15:17:00	79	8,26	21,41
15:18:00	79	8,26	21,41
15:19:00	79	8,26	21,41
15:20:00	79	8,26	21,41
15:21:00	79	8,26	21,41
15:22:00	79	8,26	21,41
15:23:00	79	8,26	21,41
15:24:00	79	8,25	21,50
15:25:00	79	8,25	21,50
15:26:00	79	8,25	21,50
15:27:00	79	8,25	21,50
15:28:00	79	8,25	21,50
15:29:00	79	8,25	21,50
15:30:00	79	8,25	21,50
15:31:00	79	8,25	21,50
15:32:00	79	8,25	21,50
15:33:00	79	8,25	21,50
15:34:00	79	8,25	21,50
15:35:00	79	8,25	21,59
15:36:00	79	8,25	21,59
15:37:00	79	8,25	21,59
15:38:00	79	8,25	21,59
15:39:00	79	8,25	21,59
15:40:00	79	8,25	21,59
15:41:00	79	8,25	21,59
15:42:00	79	8,25	21,59
15:43:00	79	8,25	21,59
15:44:00	79	8,25	21,59
15:45:00	79	8,25	21,59
15:46:00	79	8,24	21,69
15:47:00	79	8,24	21,69
15:48:00	79	8,24	21,69
15:49:00	79	8,24	21,69
15:50:00	79	8,24	21,69
15:51:00	79	8,24	21,69
15:52:00	79	8,24	21,69
15:53:00	79	8,24	21,69
15:54:00	79	8,24	21,69
15:55:00	78	8,24	21,69
15:56:00	79	8,24	21,69
15:57:00	79	8,23	21,78
15:58:00	79	8,24	21,69
15:59:00	79	8,23	21,78
16:00:00	79	8,23	21,78
16:01:00	79	8,23	21,78
16:02:00	79	8,23	21,78
16:03:00	79	8,23	21,78
16:04:00	79	8,23	21,78
16:05:00	79	8,23	21,78
16:06:00	79	8,23	21,78
16:07:00	79	8,23	21,78
16:08:00	79	8,23	21,78
16:09:00	79	8,23	21,78
16:10:00	78	8,22	21,88
16:11:00	79	8,23	21,78
16:12:00	79	8,22	21,88
16:13:00	79	8,22	21,88
16:14:00	79	8,22	21,88
16:15:00	79	8,22	21,88
16:16:00	79	8,22	21,88
16:17:00	79	8,22	21,88
16:18:00	79	8,22	21,88
16:19:00	79	8,22	21,88
16:20:00	79	8,22	21,88
16:21:00	79	8,22	21,88
16:22:00	79	8,22	21,97
16:23:00	79	8,22	21,88
16:24:00	79	8,22	21,97
16:25:00	79	8,22	21,97
16:26:00	79	8,22	21,97
16:27:00	79	8,22	21,97
16:28:00	79	8,22	21,97
16:29:00	79	8,22	21,97
16:30:00	79	8,22	21,97
16:31:00	79	8,22	21,97
16:32:00	79	8,22	21,97
16:33:00	79	8,22	21,97
16:34:00	79	8,21	22,07
16:35:00	79	8,21	22,07
16:36:00	78	8,21	22,07
16:37:00	79	8,21	22,07
16:38:00	79	8,21	22,07
16:39:00	79	8,21	22,07
16:40:00	79	8,21	22,07
16:41:00	79	8,21	22,07
16:42:00	79	8,21	22,07
16:43:00	79	8,21	22,07
16:44:00	79	8,21	22,07
16:45:00	79	8,21	22,07
16:46:00	79	8,21	22,07
16:47:00	79	8,21	22,07
16:48:00	79	8,20	22,17
16:49:00	79	8,20	22,17
16:50:00	79	8,20	22,17
16:51:00	78	8,20	22,17
16:52:00	79	8,20	22,17
16:53:00	79	8,20	22,17
16:54:00	79	8,20	22,17
16:55:00	78	8,20	22,17
16:56:00	79	8,20	22,17
16:57:00	79	8,20	22,17
16:58:00	79	8,20	22,17
16:59:00	79	8,20	22,17
17:00:00	79	8,20	22,17
17:01:00	79	8,19	22,26
17:02:00	79	8,19	22,26
17:03:00	79	8,19	22,26
17:04:00	78	8,19	22,26
17:05:00	79	8,19	22,26
17:06:00	79	8,19	22,26
17:07:00	79	8,19	22,26
17:08:00	79	8,19	22,26
17:09:00	78	8,19	22,26
17:10:00	78	8,19	22,26
17:11:00	79	8,19	22,26
17:12:00	78	8,19	22,26
17:13:00	79	8,19	22,26
17:14:00	79	8,19	22,36
17:15:00	79	8,19	22,26
17:16:00	79	8,19	22,36
17:17:00	79	8,19	22,36
17:18:00	79	8,19	22,36
17:19:00	79	8,19	22,36
17:20:00	79	8,19	22,36
17:21:00	79	8,19	22,36
17:22:00	79	8,19	22,36
17:23:00	79	8,19	22,36
17:24:00	79	8,19	22,36
17:25:00	79	8,19	22,36
17:26:00	79	8,19	22,36
17:27:00	79	8,19	22,36
17:28:00	79	8,18	22,46
17:29:00	79	8,18	22,46
17:30:00	79	8,18	22,46
17:31:00	79	8,18	22,46
17:32:00	79	8,18	22,46
17:33:00	78	8,18	22,46
17:34:00	79	8,18	22,46
17:35:00	78	8,18	22,46
17:36:00	79	8,18	22,46
17:37:00	79	8,18	22,46
17:38:00	79	8,18	22,46
17:39:00	79	8,18	22,46
17:40:00	79	8,18	22,46
17:41:00	79	8,18	22,46
17:42:00	79	8,17	22,56
17:43:00	78	8,17	22,56
17:44:00	79	8,17	22,56
17:45:00	79	8,17	22,56
17:46:00	79	8,17	22,56
17:47:00	79	8,17	22,56
17:48:00	79	8,17	22,56
17:49:00	79	8,17	22,56
17:50:00	79	8,17	22,56
17:51:00	79	8,17	22,56
17:52:00	79	8,17	22,56
17:53:00	79	8,17	22,56
17:54:00	79	8,17	22,56
17:55:00	79	8,16	22,66
17:56:00	79	8,17	22,56
17:57:00	79	8,16	22,66
17:58:00	79	8,16	22,66
17:59:00	79	8,16	22,66
18:00:00	79	8,16	22,66
18:01:00	79	8,16	22,66
18:02:00	79	8,16	22,66
18:03:00	78	8,16	22,66
18:04:00	79	8,16	22,66
18:05:00	79	8,16	22,66
18:06:00	79	8,16	22,66
18:07:00	79	8,16	22,66
18:08:00	79	8,16	22,66
18:09:00	79	8,16	22,66
18:10:00	79	8,16	22,76
18:11:00	79	8,16	22,66
18:12:00	79	8,16	22,76
18:13:00	79	8,16	22,76
18:14:00	79	8,16	22,76
18:15:00	79	8,16	22,76
18:16:00	79	8,16	22,76
18:17:00	79	8,16	22,76
18:18:00	79	8,16	22,76
18:19:00	79	8,16	22,76
18:20:00	79	8,16	22,76
18:21:00	79	8,16	22,76
18:22:00	79	8,16	22,76
18:23:00	79	8,16	22,76
18:24:00	79	8,16	22,76
18:25:00	79	8,16	22,76
18:26:00	79	8,15	22,86
18:27:00	79	8,15	22,86
18:28:00	79	8,15	22,86
18:29:00	78	8,15	22,86
18:30:00	79	8,15	22,86
18:31:00	79	8,15	22,86
18:32:00	79	8,15	22,86
18:33:00	79	8,15	22,86
18:34:00	79	8,15	22,86
18:35:00	79	8,15	22,86
18:36:00	78	8,15	22,86
18:37:00	79	8,15	22,86
18:38:00	79	8,15	22,86
18:39:00	79	8,15	22,86
18:40:00	79	8,14	22,96
18:41:00	79	8,14	22,96
18:42:00	79	8,14	22,96
18:43:00	79	8,14	22,96
18:44:00	79	8,15	22,86
18:45:00	79	8,14	22,96
18:46:00	79	8,14	22,96
18:47:00	79	8,14	22,96
18:48:00	79	8,14	22,96
18:49:00	79	8,14	22,96
18:50:00	79	8,14	22,96
18:51:00	79	8,14	22,96
18:52:00	79	8,14	22,96
18:53:00	79	8,14	22,96
18:54:00	79	8,14	22,96
18:55:00	79	8,14	22,96
18:56:00	78	8,14	22,96
18:57:00	79	8,14	22,96
18:58:00	79	8,13	23,06
18:59:00	79	8,13	23,06
19:00:00	79	8,13	23,06
19:01:00	79	8,13	23,06
19:02:00	79	8,13	23,06
19:03:00	79	8,13	23,06
19:04:00	79	8,13	23,06
19:05:00	79	8,13	23,06
19:06:00	79	8,13	23,06
19:07:00	79	8,13	23,06
19:08:00	79	8,13	23,06
19:09:00	79	8,13	23,06
19:10:00	79	8,13	23,06
19:11:00	78	8,13	23,06
19:12:00	79	8,13	23,06
19:13:00	79	8,13	23,06
19:14:00	79	8,13	23,06
19:15:00	79	8,13	23,16
19:16:00	79	8,13	23,16
19:17:00	79	8,13	23,16
19:18:00	79	8,13	23,16
19:19:00	79	8,13	23,16
19:20:00	79	8,13	23,16
19:21:00	79	8,13	23,16
19:22:00	79	8,13	23,16
19:23:00	79	8,13	23,16
19:24:00	79	8,13	23,16
19:25:00	79	8,13	23,16
19:26:00	79	8,13	23,16
19:27:00	79	8,13	23,16
19:28:00	79	8,13	23,16
19:29:00	79	8,12	23,26
19:30:00	79	8,13	23,16
19:31:00	78	8,12	23,26
19:32:00	79	8,12	23,26
19:33:00	78	8,12	23,26
19:34:00	79	8,12	23,26
19:35:00	79	8,12	23,26
19:36:00	79	8,12	23,26
19:37:00	79	8,12	23,26
19:38:00	79	8,12	23,26
19:39:00	79	8,12	23,26
19:40:00	79	8,12	23,26
19:41:00	79	8,12	23,26
19:42:00	79	8,12	23,26
19:43:00	79	8,12	23,26
19:44:00	79	8,12	23,26
19:45:00	79	8,12	23,26
19:46:00	79	8,12	23,26
19:47:00	78	8,11	23,37
19:48:00	79	8,11	23,37
19:49:00	79	8,11	23,37
19:50:00	79	8,11	23,37
19:51:00	79	8,11	23,37
19:52:00	79	8,11	23,37
19:53:00	79	8,11	23,37
19:54:00	79	8,11	23,37
19:55:00	79	8,11	23,37
19:56:00	79	8,11	23,37
19:57:00	79	8,11	23,37
19:58:00	79	8,11	23,37
19:59:00	79	8,11	23,37
20:00:00	79	8,11	23,37
20:01:00	79	8,11	23,37
20:02:00	79	8,11	23,37
20:03:00	79	8,11	23,37
20:04:00	79	8,11	23,37
20:05:00	78	8,11	23,37
20:06:00	79	8,11	23,37
20:07:00	79	8,10	23,47
20:08:00	79	8,10	23,47
20:09:00	78	8,10	23,47
20:10:00	79	8,10	23,47
20:11:00	79	8,10	23,47
20:12:00	79	8,10	23,47
20:13:00	79	8,10	23,47
20:14:00	79	8,10	23,47
20:15:00	79	8,10	23,47
20:16:00	79	8,10	23,47
20:17:00	79	8,10	23,47
20:18:00	79	8,10	23,47
20:19:00	79	8,10	23,47
20:20:00	79	8,10	23,47
20:21:00	79	8,10	23,47
20:22:00	79	8,10	23,57
20:23:00	79	8,10	23,57
20:24:00	79	8,10	23,57
20:25:00	79	8,10	23,57
20:26:00	78	8,10	23,57
20:27:00	79	8,10	23,57
20:28:00	79	8,10	23,57
20:29:00	79	8,10	23,57
20:30:00	79	8,10	23,57
20:31:00	79	8,10	23,57
20:32:00	79	8,10	23,57
20:33:00	79	8,10	23,57
20:34:00	79	8,10	23,57
20:35:00	79	8,10	23,57
20:36:00	79	8,10	23,57
20:37:00	79	8,10	23,57
20:38:00	79	8,10	23,57
20:39:00	79	8,10	23,57
20:40:00	79	8,10	23,57
20:41:00	79	8,09	23,68
20:42:00	79	8,09	23,68
20:43:00	79	8,09	23,68
20:44:00	79	8,10	23,57
20:45:00	79	8,09	23,68
20:46:00	79	8,09	23,68
20:47:00	79	8,09	23,68
20:48:00	79	8,09	23,68
20:49:00	79	8,09	23,68
20:50:00	79	8,09	23,68
20:51:00	79	8,09	23,68
20:52:00	79	8,09	23,68
20:53:00	79	8,09	23,68
20:54:00	79	8,09	23,68
20:55:00	79	8,09	23,68
20:56:00	79	8,09	23,68
20:57:00	79	8,09	23,68
20:58:00	79	8,08	23,78
20:59:00	79	8,09	23,68
21:00:00	79	8,09	23,68
21:01:00	79	8,08	23,78
21:02:00	79	8,08	23,78
21:03:00	78	8,08	23,78
21:04:00	79	8,08	23,78
21:05:00	79	8,08	23,78
21:06:00	78	8,08	23,78
21:07:00	79	8,08	23,78
21:08:00	79	8,08	23,78
21:09:00	79	8,08	23,78
21:10:00	79	8,08	23,78
21:11:00	79	8,08	23,78
21:12:00	79	8,08	23,78
21:13:00	79	8,08	23,78
21:14:00	79	8,08	23,78
21:15:00	79	8,08	23,78
21:16:00	79	8,08	23,78
21:17:00	79	8,08	23,78
21:18:00	79	8,08	23,78
21:19:00	79	8,08	23,78
21:20:00	79	8,08	23,78
21:21:00	79	8,08	23,78
21:22:00	79	8,08	23,78
21:23:00	79	8,07	23,89
21:24:00	79	8,07	23,89
21:25:00	79	8,07	23,89
21:26:00	79	8,07	23,89
21:27:00	79	8,07	23,89
21:28:00	79	8,07	23,89
21:29:00	79	8,07	23,89
21:30:00	79	8,07	23,89
21:31:00	79	8,07	23,89
21:32:00	79	8,07	23,89
21:33:00	79	8,07	23,89
21:34:00	79	8,07	23,89
21:35:00	79	8,07	23,89
21:36:00	79	8,07	23,89
21:37:00	79	8,07	23,89
21:38:00	79	8,07	23,89
21:39:00	79	8,07	23,89
21:40:00	79	8,07	23,99
21:41:00	79	8,07	23,99
21:42:00	79	8,07	23,99
21:43:00	79	8,07	23,99
21:44:00	79	8,07	23,99
21:45:00	79	8,07	23,99
21:46:00	79	8,07	23,99
21:47:00	79	8,07	23,99
21:48:00	79	8,07	23,99
21:49:00	79	8,07	23,99
21:50:00	78	8,07	23,99
21:51:00	79	8,07	23,99
21:52:00	79	8,07	23,99
21:53:00	79	8,07	23,99
21:54:00	79	8,07	23,99
21:55:00	79	8,07	23,99
21:56:00	79	8,06	24,10
21:57:00	79	8,07	23,99
21:58:00	79	8,07	23,99
21:59:00	79	8,06	24,10
22:00:00	79	8,06	24,10
22:01:00	79	8,07	23,99
22:02:00	79	8,06	24,10
22:03:00	79	8,06	24,10
22:04:00	79	8,06	24,10
22:05:00	79	8,06	24,10
22:06:00	79	8,06	24,10
22:07:00	79	8,06	24,10
22:08:00	79	8,06	24,10
22:09:00	79	8,06	24,10
22:10:00	79	8,06	24,10
22:11:00	79	8,06	24,10
22:12:00	79	8,06	24,10
22:13:00	79	8,06	24,10
22:14:00	79	8,06	24,10
22:15:00	79	8,06	24,10
22:16:00	79	8,06	24,10
22:17:00	79	8,06	24,10
22:18:00	79	8,06	24,10
22:19:00	79	8,06	24,10
22:20:00	79	8,06	24,10
22:21:00	79	8,05	24,21
22:22:00	79	8,05	24,21
22:23:00	79	8,05	24,21
22:24:00	79	8,05	24,21
22:25:00	79	8,05	24,21
22:26:00	79	8,05	24,21
22:27:00	79	8,05	24,21
22:28:00	79	8,05	24,21
22:29:00	79	8,05	24,21
22:30:00	79	8,05	24,21
22:31:00	79	8,05	24,21
22:32:00	78	8,05	24,21
22:33:00	79	8,05	24,21
22:34:00	78	8,05	24,21
22:35:00	79	8,05	24,21
22:36:00	79	8,05	24,21
22:37:00	79	8,05	24,21
22:38:00	79	8,05	24,21
22:39:00	79	8,05	24,21
22:40:00	79	8,05	24,21
22:41:00	79	8,05	24,21
22:42:00	79	8,05	24,21
22:43:00	79	8,04	24,31
22:44:00	79	8,04	24,31
22:45:00	79	8,04	24,31
22:46:00	78	8,04	24,31
22:47:00	79	8,04	24,31
22:48:00	79	8,04	24,31
22:49:00	79	8,04	24,31
22:50:00	79	8,04	24,31
22:51:00	79	8,04	24,31
22:52:00	79	8,04	24,31
22:53:00	79	8,04	24,31
22:54:00	79	8,04	24,31
22:55:00	79	8,04	24,31
22:56:00	79	8,04	24,31
22:57:00	79	8,04	24,31
22:58:00	79	8,04	24,31
22:59:00	79	8,04	24,31
23:00:00	79	8,04	24,31
23:01:00	79	8,04	24,31
23:02:00	79	8,04	24,31
23:03:00	79	8,04	24,42
23:04:00	79	8,04	24,42
23:05:00	79	8,04	24,42
23:06:00	79	8,04	24,42
23:07:00	79	8,04	24,42
23:08:00	79	8,04	24,42
23:09:00	79	8,04	24,42
23:10:00	79	8,04	24,42
23:11:00	79	8,04	24,42
23:12:00	79	8,04	24,42
23:13:00	79	8,04	24,42
23:14:00	79	8,04	24,42
23:15:00	79	8,04	24,42
23:16:00	79	8,04	24,42
23:17:00	79	8,04	24,42
23:18:00	79	8,04	24,42
23:19:00	79	8,04	24,42
23:20:00	79	8,04	24,42
23:21:00	79	8,04	24,42
23:22:00	79	8,04	24,42
23:23:00	79	8,04	24,42
23:24:00	79	8,04	24,42
23:25:00	79	8,04	24,42
23:26:00	78	8,04	24,42
23:27:00	79	8,04	24,42
23:28:00	79	8,04	24,42
23:29:00	79	8,03	24,53
23:30:00	79	8,04	24,42
23:31:00	79	8,04	24,42
23:32:00	79	8,03	24,53
23:33:00	79	8,03	24,53
23:34:00	79	8,03	24,53
23:35:00	79	8,03	24,53
23:36:00	79	8,03	24,53
23:37:00	79	8,03	24,53
23:38:00	79	8,03	24,53
23:39:00	79	8,03	24,53
23:40:00	79	8,03	24,53
23:41:00	79	8,03	24,53
23:42:00	79	8,03	24,53
23:43:00	79	8,03	24,53
23:44:00	79	8,03	24,53
23:45:00	79	8,03	24,53
23:46:00	79	8,03	24,53
23:47:00	79	8,03	24,53
23:48:00	79	8,03	24,53
23:49:00	79	8,03	24,53
23:50:00	79	8,03	24,53
23:51:00	79	8,03	24,53
23:52:00	79	8,03	24,53
23:53:00	79	8,02	24,64
23:54:00	79	8,02	24,64
23:55:00	79	8,02	24,64
23:56:00	79	8,02	24,64
23:57:00	79	8,02	24,64
23:58:00	79	8,02	24,64
23:59:00	79	8,02	24,64
24:00:00	79	8,02	24,64
24:01:00	79	8,02	24,64
24:02:00	79	8,02	24,64
24:03:00	79	8,02	24,64
24:04:00	79	8,02	24,64
24:05:00	79	8,02	24,64
24:06:00	79	8,02	24,64
24:07:00	79	8,02	24,64
24:08:00	79	8,02	24,64
24:09:00	79	8,02	24,64
24:10:00	79	8,02	24,64
24:11:00	79	8,02	24,64
24:12:00	79	8,02	24,64
24:13:00	79	8,02	24,64
24:14:00	79	8,02	24,75
24:15:00	79	8,02	24,75
24:16:00	79	8,02	24,64
24:17:00	79	8,02	24,75
24:18:00	79	8,02	24,75
24:19:00	79	8,02	24,75
24:20:00	79	8,02	24,75
24:21:00	79	8,02	24,75
24:22:00	79	8,02	24,75
24:23:00	79	8,02	24,75
24:24:00	79	8,02	24,75
24:25:00	79	8,02	24,75
24:26:00	79	8,02	24,75
24:27:00	78	8,02	24,75
24:28:00	79	8,02	24,75
24:29:00	79	8,02	24,75
24:30:00	79	8,02	24,75
24:31:00	79	8,02	24,75
24:32:00	79	8,02	24,75
24:33:00	79	8,02	24,75
24:34:00	79	8,02	24,75
24:35:00	79	8,02	24,75
24:36:00	79	8,02	24,75
24:37:00	79	8,02	24,75
24:38:00	79	8,01	24,86
24:39:00	78	8,02	24,75
24:40:00	79	8,02	24,75
24:41:00	79	8,01	24,86
24:42:00	78	8,01	24,86
24:43:00	79	8,01	24,86
24:44:00	79	8,02	24,75
24:45:00	79	8,01	24,86
24:46:00	79	8,01	24,86
24:47:00	79	8,01	24,86
24:48:00	79	8,01	24,86
24:49:00	79	8,01	24,86
24:50:00	79	8,01	24,86
24:51:00	78	8,01	24,86
24:52:00	79	8,01	24,86
24:53:00	79	8,01	24,86
24:54:00	79	8,01	24,86
24:55:00	79	8,01	24,86
24:56:00	79	8,01	24,86
24:57:00	79	8,01	24,86
24:58:00	79	8,01	24,86
24:59:00	79	8,01	24,86
25:00:00	79	8,01	24,86
25:01:00	79	8,01	24,86
25:02:00	79	8,01	24,86
25:03:00	79	8,01	24,86
25:04:00	79	8,01	24,86
25:05:00	79	8,01	24,86
25:06:00	79	8,00	24,97
25:07:00	78	8,00	24,97
25:08:00	79	8,00	24,97
25:09:00	79	8,00	24,97
25:10:00	79	8,00	24,97
25:11:00	79	8,00	24,97
25:12:00	79	8,00	24,97
25:13:00	79	8,00	24,97
25:14:00	79	8,00	24,97
25:15:00	79	8,00	24,97
25:16:00	79	8,00	24,97
25:17:00	79	8,00	24,97
25:18:00	79	8,00	24,97
25:19:00	79	8,00	24,97
25:20:00	79	8,00	24,97
25:21:00	79	8,00	24,97
25:22:00	79	8,00	24,97
25:23:00	79	8,00	24,97
25:24:00	79	8,00	24,97
25:25:00	79	8,00	24,97
25:26:00	79	8,00	24,97
25:27:00	79	8,00	24,97
25:28:00	79	8,00	24,97
25:29:00	79	8,00	24,97
25:30:00	79	7,99	25,09
25:31:00	79	7,99	25,09
25:32:00	79	7,99	25,09
25:33:00	79	7,99	25,09
25:34:00	79	7,99	25,09
25:35:00	79	8,00	24,97
25:36:00	79	7,99	25,09
25:37:00	79	7,99	25,09
25:38:00	79	7,99	25,09
25:39:00	79	7,99	25,09
25:40:00	79	7,99	25,09
25:41:00	79	7,99	25,09
25:42:00	79	7,99	25,09
25:43:00	79	7,99	25,09
25:44:00	79	7,99	25,09
25:45:00	79	7,99	25,09
25:46:00	79	7,99	25,09
25:47:00	79	7,99	25,09
25:48:00	79	7,99	25,09
25:49:00	79	7,99	25,09
25:50:00	79	7,99	25,09
25:51:00	79	7,99	25,09
25:52:00	79	7,99	25,09
25:53:00	79	7,99	25,09
25:54:00	79	7,99	25,09
25:55:00	79	7,99	25,09
25:56:00	79	7,99	25,09
25:57:00	79	7,99	25,09
25:58:00	79	7,98	25,20
25:59:00	79	7,99	25,09
26:00:00	79	7,99	25,09
26:01:00	78	7,99	25,09
26:02:00	79	7,98	25,20
26:03:00	79	7,98	25,20
26:04:00	79	7,98	25,20
26:05:00	79	7,98	25,20
26:06:00	79	7,98	25,20
26:07:00	79	7,98	25,20
26:08:00	79	7,98	25,20
26:09:00	79	7,98	25,20
26:10:00	79	7,98	25,20
26:11:00	79	7,98	25,20
26:12:00	79	7,98	25,20
26:13:00	79	7,98	25,20
26:14:00	79	7,98	25,20
26:15:00	79	7,98	25,20
26:16:00	79	7,98	25,20
26:17:00	79	7,98	25,20
26:18:00	79	7,98	25,20
26:19:00	79	7,98	25,20
26:20:00	79	7,98	25,20
26:21:00	79	7,98	25,20
26:22:00	79	7,98	25,20
26:23:00	79	7,98	25,20
26:24:00	79	7,98	25,20
26:25:00	79	7,98	25,31
26:26:00	79	7,98	25,31
26:27:00	79	7,98	25,31
26:28:00	79	7,98	25,31
26:29:00	79	7,98	25,31
26:30:00	79	7,98	25,31
26:31:00	79	7,98	25,31
26:32:00	79	7,98	25,31
26:33:00	79	7,98	25,31
26:34:00	79	7,98	25,31
26:35:00	79	7,98	25,31
26:36:00	79	7,98	25,31
26:37:00	79	7,98	25,31
26:38:00	79	7,98	25,31
26:39:00	79	7,98	25,31
26:40:00	79	7,98	25,31
26:41:00	79	7,98	25,31
26:42:00	79	7,98	25,31
26:43:00	79	7,98	25,31
26:44:00	79	7,98	25,31
26:45:00	79	7,98	25,31
26:46:00	79	7,98	25,31
26:47:00	79	7,98	25,31
26:48:00	79	7,98	25,31
26:49:00	79	7,98	25,31
26:50:00	79	7,98	25,31
26:51:00	79	7,98	25,31
26:52:00	79	7,98	25,31
26:53:00	79	7,98	25,31
26:54:00	79	7,98	25,31
26:55:00	79	7,97	25,42
26:56:00	79	7,97	25,42
26:57:00	79	7,97	25,42
26:58:00	79	7,97	25,42
26:59:00	79	7,97	25,42
27:00:00	79	7,97	25,42
27:01:00	78	7,97	25,42
27:02:00	79	7,97	25,42
27:03:00	79	7,97	25,42
27:04:00	79	7,97	25,42
27:05:00	79	7,97	25,42
27:06:00	79	7,97	25,42
27:07:00	79	7,97	25,42
27:08:00	79	7,97	25,42
27:09:00	79	7,97	25,42
27:10:00	79	7,97	25,42
27:11:00	79	7,97	25,42
27:12:00	79	7,97	25,42
27:13:00	79	7,97	25,42
27:14:00	79	7,97	25,42
27:15:00	79	7,97	25,42
27:16:00	79	7,97	25,42
27:17:00	79	7,97	25,42
27:18:00	79	7,97	25,42
27:19:00	79	7,97	25,42
27:20:00	79	7,97	25,42
27:21:00	79	7,97	25,42
27:22:00	79	7,97	25,42
27:23:00	79	7,97	25,42
27:24:00	79	7,97	25,42
27:25:00	79	7,97	25,42
27:26:00	79	7,96	25,54
27:27:00	79	7,96	25,54
27:28:00	79	7,97	25,42
27:29:00	79	7,96	25,54
27:30:00	79	7,96	25,54
27:31:00	79	7,96	25,54
27:32:00	79	7,96	25,54
27:33:00	79	7,96	25,54
27:34:00	79	7,96	25,54
27:35:00	79	7,96	25,54
27:36:00	78	7,96	25,54
27:37:00	79	7,96	25,54
27:38:00	79	7,96	25,54
27:39:00	79	7,96	25,54
27:40:00	79	7,96	25,54
27:41:00	79	7,96	25,54
27:42:00	79	7,96	25,54
27:43:00	79	7,96	25,54
27:44:00	79	7,96	25,54
27:45:00	79	7,96	25,54
27:46:00	79	7,96	25,54
27:47:00	79	7,96	25,54
27:48:00	79	7,96	25,54
27:49:00	78	7,96	25,54
27:50:00	79	7,96	25,54
27:51:00	78	7,96	25,54
27:52:00	79	7,96	25,54
27:53:00	79	7,96	25,54
27:54:00	79	7,96	25,54
27:55:00	79	7,96	25,54
27:56:00	79	7,96	25,54
27:57:00	79	7,95	25,65
27:58:00	79	7,95	25,65
27:59:00	79	7,95	25,65
28:00:00	79	7,95	25,65
28:01:00	79	7,95	25,65
28:02:00	78	7,95	25,65
28:03:00	79	7,95	25,65
28:04:00	79	7,95	25,65
28:05:00	79	7,95	25,65
28:06:00	79	7,95	25,65
28:07:00	79	7,95	25,65
28:08:00	79	7,95	25,65
28:09:00	79	7,95	25,65
28:10:00	79	7,95	25,65
28:11:00	79	7,95	25,65
28:12:00	79	7,95	25,65
28:13:00	79	7,95	25,65
28:14:00	79	7,95	25,65
28:15:00	79	7,95	25,65
28:16:00	79	7,95	25,65
28:17:00	79	7,95	25,65
28:18:00	79	7,95	25,65
28:19:00	79	7,95	25,65
28:20:00	79	7,95	25,65
28:21:00	79	7,95	25,65
28:22:00	79	7,95	25,65
28:23:00	79	7,95	25,65
28:24:00	79	7,95	25,65
