--Test Summary--
Full Path and File Name	
Instrument Name	4262 L
Instrument Type	UCA
Instrument Serial Number	111
Test Start Date	10.10.2001
Test Start Time	0:17:40
Test Stop Date	12.10.2001
Test Stop Time	3:35:37
Test Length	51:17:57
Final Sample Time Offset	51:17:00
Controller Schedule Name	
Sampling Period	60 seconds
Comments	T: 50(50min), tap water, all dry-blending
Information	WellID	
Information	Customer	Kogalym
Information	EngName	
Information	CementClass	G
Information	CementMfr	Dyckerhoff
Information	Additives	0.4%FL-52+0.4%CD-12
Information	Density	1900
Information	BHCT	50
Information	BHST	55
Information	FluidLoss	
Information	JobType	Research
Calculated Value	Finish Set	12:48:00
Calculated Curve	Compressive Strength	Compressive strength type B (more than 14 lb/gal)
Initial Temperature (°C)	20 °C
Final Temperature (°C)	50 °C
Initial Transit Time (microsec/in)	16,56 microsec/in
Final Transit Time (microsec/in)	8,42 microsec/in
Initial Compressive Strength (MPa)	0,00 MPa
Final Compressive Strength (MPa)	19,47 MPa
--Data--
Time (HH:MM:SS)	Temperature (°C)	Transit Time (microsec/in)	Compressive Strength (MPa)
0:00:00	20	16,56	0,00
0:01:00	20	16,56	0,00
0:02:00	20	16,57	0,00
0:03:00	20	16,57	0,00
0:04:00	20	16,58	0,00
0:05:00	20	16,58	0,00
0:06:00	21	16,59	0,00
0:07:00	21	16,59	0,00
0:08:00	21	16,57	0,00
0:09:00	22	16,57	0,00
0:10:00	23	16,57	0,00
0:11:00	23	16,57	0,00
0:12:00	23	16,56	0,00
0:13:00	24	16,54	0,00
0:14:00	25	16,54	0,01
0:15:00	26	16,52	0,01
0:16:00	27	16,50	0,02
0:17:00	27	16,49	0,02
0:18:00	28	16,48	0,02
0:19:00	29	16,46	0,02
0:20:00	29	16,44	0,03
0:21:00	29	16,42	0,03
0:22:00	30	16,42	0,03
0:23:00	31	16,40	0,04
0:24:00	32	16,40	0,04
0:25:00	32	16,39	0,04
0:26:00	33	16,37	0,05
0:27:00	34	16,35	0,05
0:28:00	34	16,33	0,06
0:29:00	35	16,32	0,06
0:30:00	36	16,31	0,06
0:31:00	36	16,30	0,07
0:32:00	37	16,29	0,07
0:33:00	38	16,28	0,07
0:34:00	38	16,27	0,08
0:35:00	39	16,26	0,08
0:36:00	40	16,25	0,08
0:37:00	41	16,23	0,09
0:38:00	41	16,23	0,09
0:39:00	42	16,21	0,09
0:40:00	42	16,21	0,09
0:41:00	43	16,20	0,10
0:42:00	44	16,19	0,10
0:43:00	44	16,18	0,10
0:44:00	45	16,17	0,10
0:45:00	46	16,17	0,10
0:46:00	46	16,15	0,11
0:47:00	47	16,14	0,11
0:48:00	48	16,14	0,11
0:49:00	48	16,13	0,12
0:50:00	49	16,12	0,12
0:51:00	49	16,11	0,12
0:52:00	50	16,11	0,12
0:53:00	51	16,09	0,13
0:54:00	52	16,09	0,13
0:55:00	52	16,09	0,13
0:56:00	52	16,08	0,13
0:57:00	52	16,07	0,13
0:58:00	53	16,07	0,13
0:59:00	53	16,07	0,13
1:00:00	53	16,07	0,13
1:01:00	53	16,06	0,14
1:02:00	53	16,06	0,14
1:03:00	54	16,07	0,13
1:04:00	53	16,06	0,14
1:05:00	53	16,07	0,13
1:06:00	53	16,07	0,13
1:07:00	53	16,06	0,14
1:08:00	53	16,06	0,14
1:09:00	53	16,06	0,14
1:10:00	53	16,06	0,14
1:11:00	53	16,07	0,13
1:12:00	53	16,07	0,13
1:13:00	52	16,07	0,13
1:14:00	52	16,07	0,13
1:15:00	52	16,08	0,13
1:16:00	52	16,08	0,13
1:17:00	52	16,06	0,14
1:18:00	52	16,07	0,13
1:19:00	52	16,07	0,13
1:20:00	51	16,07	0,13
1:21:00	51	16,07	0,13
1:22:00	51	16,09	0,13
1:23:00	51	16,08	0,13
1:24:00	51	16,08	0,13
1:25:00	51	16,09	0,13
1:26:00	51	16,08	0,13
1:27:00	51	16,09	0,13
1:28:00	51	16,09	0,13
1:29:00	51	16,09	0,13
1:30:00	51	16,09	0,13
1:31:00	51	16,09	0,13
1:32:00	51	16,09	0,13
1:33:00	51	16,09	0,13
1:34:00	51	16,09	0,13
1:35:00	51	16,09	0,13
1:36:00	51	16,09	0,13
1:37:00	50	16,10	0,12
1:38:00	50	16,09	0,13
1:39:00	51	16,09	0,13
1:40:00	51	16,09	0,13
1:41:00	51	16,09	0,13
1:42:00	50	16,09	0,13
1:43:00	50	16,09	0,13
1:44:00	50	16,10	0,12
1:45:00	50	16,11	0,12
1:46:00	50	16,10	0,12
1:47:00	51	16,10	0,12
1:48:00	50	16,10	0,12
1:49:00	50	16,10	0,12
1:50:00	50	16,11	0,12
1:51:00	50	16,11	0,12
1:52:00	50	16,11	0,12
1:53:00	50	16,11	0,12
1:54:00	50	16,11	0,12
1:55:00	50	16,10	0,12
1:56:00	50	16,11	0,12
1:57:00	50	16,11	0,12
1:58:00	50	16,11	0,12
1:59:00	50	16,11	0,12
2:00:00	50	16,11	0,12
2:01:00	50	16,11	0,12
2:02:00	50	16,11	0,12
2:03:00	50	16,11	0,12
2:04:00	50	16,11	0,12
2:05:00	50	16,11	0,12
2:06:00	50	16,12	0,12
2:07:00	50	16,13	0,12
2:08:00	50	16,11	0,12
2:09:00	50	16,11	0,12
2:10:00	50	16,11	0,12
2:11:00	50	16,11	0,12
2:12:00	50	16,11	0,12
2:13:00	50	16,11	0,12
2:14:00	50	16,11	0,12
2:15:00	50	16,11	0,12
2:16:00	50	16,11	0,12
2:17:00	50	16,11	0,12
2:18:00	50	16,11	0,12
2:19:00	50	16,11	0,12
2:20:00	50	16,11	0,12
2:21:00	50	16,11	0,12
2:22:00	50	16,11	0,12
2:23:00	50	16,11	0,12
2:24:00	50	16,11	0,12
2:25:00	50	16,11	0,12
2:26:00	50	16,11	0,12
2:27:00	50	16,11	0,12
2:28:00	50	16,11	0,12
2:29:00	50	16,11	0,12
2:30:00	49	16,11	0,12
2:31:00	50	16,11	0,12
2:32:00	50	16,11	0,12
2:33:00	50	16,11	0,12
2:34:00	50	16,11	0,12
2:35:00	50	16,11	0,12
2:36:00	50	16,11	0,12
2:37:00	50	16,11	0,12
2:38:00	50	16,11	0,12
2:39:00	50	16,11	0,12
2:40:00	50	16,12	0,12
2:41:00	50	16,11	0,12
2:42:00	50	16,11	0,12
2:43:00	50	16,12	0,12
2:44:00	50	16,11	0,12
2:45:00	50	16,11	0,12
2:46:00	50	16,12	0,12
2:47:00	50	16,11	0,12
2:48:00	49	16,11	0,12
2:49:00	50	16,11	0,12
2:50:00	50	16,12	0,12
2:51:00	50	16,12	0,12
2:52:00	50	16,12	0,12
2:53:00	50	16,12	0,12
2:54:00	50	16,12	0,12
2:55:00	50	16,12	0,12
2:56:00	50	16,12	0,12
2:57:00	50	16,12	0,12
2:58:00	50	16,12	0,12
2:59:00	50	16,12	0,12
3:00:00	49	16,12	0,12
3:01:00	50	16,11	0,12
3:02:00	50	16,13	0,12
3:03:00	50	16,12	0,12
3:04:00	50	16,12	0,12
3:05:00	50	16,12	0,12
3:06:00	50	16,11	0,12
3:07:00	50	16,11	0,12
3:08:00	50	16,12	0,12
3:09:00	50	16,12	0,12
3:10:00	50	16,12	0,12
3:11:00	50	16,12	0,12
3:12:00	50	16,12	0,12
3:13:00	50	16,12	0,12
3:14:00	49	16,12	0,12
3:15:00	50	16,12	0,12
3:16:00	50	16,12	0,12
3:17:00	50	16,12	0,12
3:18:00	50	16,13	0,12
3:19:00	50	16,13	0,12
3:20:00	50	16,12	0,12
3:21:00	50	16,14	0,11
3:22:00	50	16,13	0,12
3:23:00	50	16,13	0,12
3:24:00	50	16,13	0,12
3:25:00	50	16,13	0,12
3:26:00	50	16,14	0,11
3:27:00	50	16,14	0,11
3:28:00	50	16,14	0,11
3:29:00	50	16,13	0,12
3:30:00	50	16,14	0,11
3:31:00	50	16,13	0,12
3:32:00	50	16,14	0,11
3:33:00	50	16,14	0,11
3:34:00	50	16,14	0,11
3:35:00	50	16,14	0,11
3:36:00	50	16,14	0,11
3:37:00	49	16,14	0,11
3:38:00	50	16,14	0,11
3:39:00	50	16,14	0,11
3:40:00	50	16,16	0,11
3:41:00	50	16,12	0,12
3:42:00	50	16,12	0,12
3:43:00	50	16,13	0,12
3:44:00	50	16,12	0,12
3:45:00	50	16,13	0,12
3:46:00	50	16,13	0,12
3:47:00	50	16,12	0,12
3:48:00	50	16,14	0,11
3:49:00	50	16,13	0,12
3:50:00	49	16,14	0,11
3:51:00	50	16,13	0,12
3:52:00	50	16,13	0,12
3:53:00	50	16,14	0,11
3:54:00	50	16,14	0,11
3:55:00	50	16,14	0,11
3:56:00	49	16,14	0,11
3:57:00	50	16,14	0,11
3:58:00	50	16,14	0,11
3:59:00	49	16,14	0,11
4:00:00	50	16,13	0,12
4:01:00	50	16,13	0,12
4:02:00	49	16,14	0,11
4:03:00	50	16,14	0,11
4:04:00	49	16,13	0,12
4:05:00	50	16,14	0,11
4:06:00	50	16,14	0,11
4:07:00	50	16,14	0,11
4:08:00	50	16,14	0,11
4:09:00	50	16,14	0,11
4:10:00	50	16,14	0,11
4:11:00	50	16,14	0,11
4:12:00	50	16,14	0,11
4:13:00	50	16,14	0,11
4:14:00	49	16,14	0,11
4:15:00	50	16,14	0,11
4:16:00	49	16,14	0,11
4:17:00	50	16,14	0,11
4:18:00	50	16,14	0,11
4:19:00	50	16,15	0,11
4:20:00	50	16,14	0,11
4:21:00	50	16,14	0,11
4:22:00	50	16,14	0,11
4:23:00	50	16,14	0,11
4:24:00	50	16,14	0,11
4:25:00	50	16,14	0,11
4:26:00	50	16,14	0,11
4:27:00	50	16,14	0,11
4:28:00	50	16,14	0,11
4:29:00	50	16,14	0,11
4:30:00	50	16,14	0,11
4:31:00	50	16,14	0,11
4:32:00	50	16,15	0,11
4:33:00	50	16,14	0,11
4:34:00	49	16,14	0,11
4:35:00	50	16,14	0,11
4:36:00	50	16,14	0,11
4:37:00	50	16,15	0,11
4:38:00	50	16,15	0,11
4:39:00	50	16,15	0,11
4:40:00	50	16,14	0,11
4:41:00	50	16,14	0,11
4:42:00	50	16,14	0,11
4:43:00	50	16,15	0,11
4:44:00	50	16,15	0,11
4:45:00	50	16,15	0,11
4:46:00	50	16,14	0,11
4:47:00	50	16,15	0,11
4:48:00	50	16,15	0,11
4:49:00	50	16,15	0,11
4:50:00	50	16,14	0,11
4:51:00	50	16,15	0,11
4:52:00	50	16,14	0,11
4:53:00	50	16,14	0,11
4:54:00	50	16,15	0,11
4:55:00	50	16,14	0,11
4:56:00	50	16,14	0,11
4:57:00	50	16,14	0,11
4:58:00	50	16,15	0,11
4:59:00	50	16,14	0,11
5:00:00	49	16,15	0,11
5:01:00	50	16,15	0,11
5:02:00	50	16,15	0,11
5:03:00	50	16,14	0,11
5:04:00	50	16,14	0,11
5:05:00	50	16,16	0,11
5:06:00	50	16,14	0,11
5:07:00	50	16,15	0,11
5:08:00	50	16,15	0,11
5:09:00	50	16,16	0,11
5:10:00	50	16,15	0,11
5:11:00	50	16,14	0,11
5:12:00	50	16,16	0,11
5:13:00	50	16,16	0,11
5:14:00	50	16,16	0,11
5:15:00	50	16,17	0,10
5:16:00	50	16,16	0,11
5:17:00	50	16,17	0,10
5:18:00	50	16,16	0,11
5:19:00	50	16,16	0,11
5:20:00	49	16,16	0,11
5:21:00	50	16,17	0,10
5:22:00	50	16,17	0,10
5:23:00	50	16,16	0,11
5:24:00	50	16,16	0,11
5:25:00	50	16,17	0,10
5:26:00	50	16,16	0,11
5:27:00	50	16,17	0,10
5:28:00	50	16,18	0,10
5:29:00	50	16,17	0,10
5:30:00	50	16,18	0,10
5:31:00	50	16,16	0,11
5:32:00	50	16,14	0,11
5:33:00	49	16,16	0,11
5:34:00	50	16,16	0,11
5:35:00	50	16,16	0,11
5:36:00	50	16,16	0,11
5:37:00	50	16,16	0,11
5:38:00	50	16,15	0,11
5:39:00	50	16,15	0,11
5:40:00	50	16,17	0,10
5:41:00	50	16,17	0,10
5:42:00	50	16,16	0,11
5:43:00	50	16,15	0,11
5:44:00	50	16,17	0,10
5:45:00	50	16,17	0,10
5:46:00	50	16,17	0,10
5:47:00	50	16,17	0,10
5:48:00	50	16,18	0,10
5:49:00	50	16,17	0,10
5:50:00	49	16,18	0,10
5:51:00	50	16,17	0,10
5:52:00	50	16,17	0,10
5:53:00	50	16,17	0,10
5:54:00	50	16,18	0,10
5:55:00	50	16,18	0,10
5:56:00	50	16,17	0,10
5:57:00	50	16,17	0,10
5:58:00	50	16,18	0,10
5:59:00	50	16,17	0,10
6:00:00	50	16,17	0,10
6:01:00	50	16,16	0,11
6:02:00	50	16,18	0,10
6:03:00	50	16,18	0,10
6:04:00	50	16,17	0,10
6:05:00	50	16,17	0,10
6:06:00	50	16,19	0,10
6:07:00	50	16,18	0,10
6:08:00	50	16,18	0,10
6:09:00	50	16,18	0,10
6:10:00	50	16,18	0,10
6:11:00	50	16,18	0,10
6:12:00	50	16,18	0,10
6:13:00	49	16,18	0,10
6:14:00	49	16,18	0,10
6:15:00	50	16,18	0,10
6:16:00	50	16,18	0,10
6:17:00	50	16,18	0,10
6:18:00	50	16,18	0,10
6:19:00	50	16,18	0,10
6:20:00	50	16,18	0,10
6:21:00	50	16,18	0,10
6:22:00	50	16,18	0,10
6:23:00	50	16,18	0,10
6:24:00	50	16,18	0,10
6:25:00	50	16,18	0,10
6:26:00	50	16,18	0,10
6:27:00	50	16,18	0,10
6:28:00	50	16,18	0,10
6:29:00	50	16,18	0,10
6:30:00	50	16,18	0,10
6:31:00	50	16,18	0,10
6:32:00	50	16,18	0,10
6:33:00	50	16,18	0,10
6:34:00	50	16,18	0,10
6:35:00	50	16,18	0,10
6:36:00	50	16,19	0,10
6:37:00	50	16,18	0,10
6:38:00	50	16,19	0,10
6:39:00	50	16,19	0,10
6:40:00	50	16,19	0,10
6:41:00	50	16,19	0,10
6:42:00	50	16,18	0,10
6:43:00	49	16,18	0,10
6:44:00	50	16,18	0,10
6:45:00	50	16,18	0,10
6:46:00	50	16,18	0,10
6:47:00	50	16,18	0,10
6:48:00	50	16,18	0,10
6:49:00	49	16,18	0,10
6:50:00	50	16,19	0,10
6:51:00	50	16,19	0,10
6:52:00	50	16,19	0,10
6:53:00	50	16,19	0,10
6:54:00	50	16,19	0,10
6:55:00	50	16,20	0,10
6:56:00	50	16,19	0,10
6:57:00	50	16,19	0,10
6:58:00	50	16,19	0,10
6:59:00	50	16,19	0,10
7:00:00	50	16,20	0,10
7:01:00	50	16,20	0,10
7:02:00	50	16,20	0,10
7:03:00	50	16,20	0,10
7:04:00	50	16,20	0,10
7:05:00	50	16,21	0,09
7:06:00	50	16,21	0,09
7:07:00	50	16,20	0,10
7:08:00	50	16,20	0,10
7:09:00	50	16,20	0,10
7:10:00	50	16,20	0,10
7:11:00	50	16,21	0,09
7:12:00	50	16,21	0,09
7:13:00	50	16,21	0,09
7:14:00	50	16,21	0,09
7:15:00	49	16,21	0,09
7:16:00	50	16,21	0,09
7:17:00	49	16,21	0,09
7:18:00	50	16,20	0,10
7:19:00	50	16,21	0,09
7:20:00	50	16,21	0,09
7:21:00	50	16,22	0,09
7:22:00	49	16,23	0,09
7:23:00	50	16,21	0,09
7:24:00	50	16,19	0,10
7:25:00	50	16,21	0,09
7:26:00	50	16,21	0,09
7:27:00	50	16,21	0,09
7:28:00	50	16,20	0,10
7:29:00	50	16,21	0,09
7:30:00	50	16,21	0,09
7:31:00	50	16,21	0,09
7:32:00	50	16,22	0,09
7:33:00	50	16,21	0,09
7:34:00	50	16,21	0,09
7:35:00	50	16,21	0,09
7:36:00	50	16,21	0,09
7:37:00	50	16,21	0,09
7:38:00	50	16,22	0,09
7:39:00	50	16,21	0,09
7:40:00	49	16,22	0,09
7:41:00	50	16,22	0,09
7:42:00	50	16,23	0,09
7:43:00	49	16,22	0,09
7:44:00	50	16,22	0,09
7:45:00	50	16,23	0,09
7:46:00	50	16,23	0,09
7:47:00	50	16,22	0,09
7:48:00	50	16,23	0,09
7:49:00	50	16,22	0,09
7:50:00	50	16,23	0,09
7:51:00	50	16,23	0,09
7:52:00	50	16,21	0,09
7:53:00	50	16,22	0,09
7:54:00	50	16,23	0,09
7:55:00	50	16,23	0,09
7:56:00	50	16,23	0,09
7:57:00	50	16,21	0,09
7:58:00	50	16,23	0,09
7:59:00	50	16,24	0,08
8:00:00	50	16,23	0,09
8:01:00	50	16,23	0,09
8:02:00	49	16,23	0,09
8:03:00	50	16,25	0,08
8:04:00	50	16,26	0,08
8:05:00	50	16,25	0,08
8:06:00	50	16,25	0,08
8:07:00	50	16,23	0,09
8:08:00	50	16,26	0,08
8:09:00	50	16,26	0,08
8:10:00	50	16,26	0,08
8:11:00	50	16,25	0,08
8:12:00	50	16,26	0,08
8:13:00	50	16,27	0,08
8:14:00	49	16,26	0,08
8:15:00	50	16,27	0,08
8:16:00	50	16,27	0,08
8:17:00	50	16,27	0,08
8:18:00	50	16,27	0,08
8:19:00	50	16,27	0,08
8:20:00	50	16,27	0,08
8:21:00	50	16,27	0,08
8:22:00	50	16,27	0,08
8:23:00	50	16,27	0,08
8:24:00	49	16,27	0,08
8:25:00	50	16,27	0,08
8:26:00	50	16,28	0,07
8:27:00	50	16,27	0,08
8:28:00	50	16,28	0,07
8:29:00	50	16,29	0,07
8:30:00	49	16,29	0,07
8:31:00	50	16,29	0,07
8:32:00	50	16,29	0,07
8:33:00	50	16,29	0,07
8:34:00	50	16,29	0,07
8:35:00	50	16,29	0,07
8:36:00	49	16,29	0,07
8:37:00	50	16,29	0,07
8:38:00	50	16,30	0,07
8:39:00	50	16,30	0,07
8:40:00	50	16,29	0,07
8:41:00	50	16,29	0,07
8:42:00	50	16,30	0,07
8:43:00	50	16,29	0,07
8:44:00	50	16,29	0,07
8:45:00	50	16,31	0,06
8:46:00	50	16,29	0,07
8:47:00	50	16,30	0,07
8:48:00	50	16,31	0,06
8:49:00	50	16,31	0,06
8:50:00	50	16,31	0,06
8:51:00	50	16,31	0,06
8:52:00	50	16,31	0,06
8:53:00	50	16,32	0,06
8:54:00	50	16,32	0,06
8:55:00	50	16,32	0,06
8:56:00	50	16,32	0,06
8:57:00	50	16,32	0,06
8:58:00	50	16,32	0,06
8:59:00	50	16,33	0,06
9:00:00	49	16,33	0,06
9:01:00	50	16,32	0,06
9:02:00	50	16,33	0,06
9:03:00	49	16,34	0,06
9:04:00	50	16,33	0,06
9:05:00	50	16,33	0,06
9:06:00	50	16,33	0,06
9:07:00	50	16,34	0,06
9:08:00	50	16,35	0,05
9:09:00	50	16,35	0,05
9:10:00	50	16,34	0,06
9:11:00	50	16,35	0,05
9:12:00	50	16,35	0,05
9:13:00	50	16,35	0,05
9:14:00	50	16,36	0,05
9:15:00	50	16,35	0,05
9:16:00	50	16,37	0,05
9:17:00	50	16,35	0,05
9:18:00	50	16,35	0,05
9:19:00	50	16,35	0,05
9:20:00	50	16,35	0,05
9:21:00	50	16,36	0,05
9:22:00	50	16,37	0,05
9:23:00	50	16,38	0,05
9:24:00	50	16,36	0,05
9:25:00	50	16,35	0,05
9:26:00	50	16,38	0,05
9:27:00	50	16,39	0,04
9:28:00	50	16,38	0,05
9:29:00	49	16,39	0,04
9:30:00	50	16,39	0,04
9:31:00	50	16,39	0,04
9:32:00	50	16,39	0,04
9:33:00	50	16,41	0,04
9:34:00	50	16,42	0,03
9:35:00	50	16,41	0,04
9:36:00	50	16,41	0,04
9:37:00	50	16,41	0,04
9:38:00	50	16,41	0,04
9:39:00	50	16,41	0,04
9:40:00	50	16,41	0,04
9:41:00	50	16,41	0,04
9:42:00	50	16,42	0,03
9:43:00	50	16,44	0,03
9:44:00	50	16,42	0,03
9:45:00	50	16,43	0,03
9:46:00	49	16,43	0,03
9:47:00	50	16,44	0,03
9:48:00	50	16,44	0,03
9:49:00	49	16,45	0,03
9:50:00	50	16,45	0,03
9:51:00	50	16,45	0,03
9:52:00	50	16,45	0,03
9:53:00	50	16,45	0,03
9:54:00	49	16,44	0,03
9:55:00	50	16,45	0,03
9:56:00	50	16,45	0,03
9:57:00	49	16,45	0,03
9:58:00	50	16,46	0,02
9:59:00	50	16,50	0,02
10:00:00	50	16,48	0,02
10:01:00	50	16,48	0,02
10:02:00	50	16,52	0,01
10:03:00	50	16,51	0,01
10:04:00	50	16,50	0,02
10:05:00	50	16,54	0,00
10:06:00	50	16,51	0,01
10:07:00	50	16,52	0,01
10:08:00	50	16,51	0,01
10:09:00	50	16,55	0,00
10:10:00	50	16,54	0,00
10:11:00	50	16,54	0,00
10:12:00	50	16,56	0,00
10:13:00	49	16,60	0,00
10:14:00	50	16,61	0,00
10:15:00	49	16,64	0,00
10:16:00	50		
10:17:00	50	16,63	0,00
10:18:00	50		
10:19:00	49	16,67	0,00
10:20:00	49	16,57	0,00
10:21:00	50	16,56	0,00
10:22:00	50	16,57	0,00
10:23:00	49	16,66	0,00
10:24:00	50	16,63	0,00
10:25:00	50	16,66	0,00
10:26:00	49	16,65	0,00
10:27:00	50	16,65	0,00
10:28:00	50	16,65	0,00
10:29:00	49	16,64	0,00
10:30:00	50	16,65	0,00
10:31:00	50	16,63	0,00
10:32:00	50	16,65	0,00
10:33:00	50	16,65	0,00
10:34:00	49	16,64	0,00
10:35:00	50	16,66	0,00
10:36:00	50	16,66	0,00
10:37:00	50	16,65	0,00
10:38:00	50	16,65	0,00
10:39:00	50	16,64	0,00
10:40:00	50	16,65	0,00
10:41:00	50	16,65	0,00
10:42:00	50	16,65	0,00
10:43:00	50	16,65	0,00
10:44:00	50	16,65	0,00
10:45:00	50	16,66	0,00
10:46:00	50	16,65	0,00
10:47:00	50	16,65	0,00
10:48:00	50	16,66	0,00
10:49:00	50	16,66	0,00
10:50:00	50	16,66	0,00
10:51:00	50	16,66	0,00
10:52:00	50	16,66	0,00
10:53:00	50	16,67	0,00
10:54:00	50	16,67	0,00
10:55:00	50	16,68	0,00
10:56:00	50	16,68	0,00
10:57:00	50	16,67	0,00
10:58:00	50	16,66	0,00
10:59:00	50	16,67	0,00
11:00:00	49	16,66	0,00
11:01:00	50	16,67	0,00
11:02:00	50	16,67	0,00
11:03:00	50	16,67	0,00
11:04:00	50	16,68	0,00
11:05:00	50	16,68	0,00
11:06:00	50	16,68	0,00
11:07:00	50	16,68	0,00
11:08:00	49	16,69	0,00
11:09:00	50	16,66	0,00
11:10:00	50	16,65	0,00
11:11:00	50	16,66	0,00
11:12:00	50	16,66	0,00
11:13:00	49	16,66	0,00
11:14:00	50	16,65	0,00
11:15:00	50	16,65	0,00
11:16:00	50	16,65	0,00
11:17:00	50	16,65	0,00
11:18:00	50	16,65	0,00
11:19:00	50	16,65	0,00
11:20:00	50	16,65	0,00
11:21:00	50	16,65	0,00
11:22:00	50	16,65	0,00
11:23:00	50	16,65	0,00
11:24:00	50	16,65	0,00
11:25:00	50	16,64	0,00
11:26:00	50	16,64	0,00
11:27:00	50	16,64	0,00
11:28:00	50	16,63	0,00
11:29:00	50	16,64	0,00
11:30:00	50	16,63	0,00
11:31:00	50	16,63	0,00
11:32:00	50	16,63	0,00
11:33:00	50	16,63	0,00
11:34:00	50	16,63	0,00
11:35:00	50	16,62	0,00
11:36:00	50	16,62	0,00
11:37:00	49	16,61	0,00
11:38:00	50	16,61	0,00
11:39:00	50	16,61	0,00
11:40:00	50	16,60	0,00
11:41:00	49	16,60	0,00
11:42:00	50	16,59	0,00
11:43:00	50	16,59	0,00
11:44:00	50	16,59	0,00
11:45:00	50	16,58	0,00
11:46:00	49	16,58	0,00
11:47:00	49	16,57	0,00
11:48:00	50	16,57	0,00
11:49:00	50	16,56	0,00
11:50:00	50	16,55	0,00
11:51:00	50	16,55	0,00
11:52:00	50	16,54	0,00
11:53:00	49	16,54	0,01
11:54:00	50	16,53	0,01
11:55:00	49	16,52	0,01
11:56:00	50	16,51	0,01
11:57:00	50	16,51	0,01
11:58:00	50	16,50	0,02
11:59:00	50	16,49	0,02
12:00:00	50	16,48	0,02
12:01:00	50	16,48	0,02
12:02:00	50	16,47	0,02
12:03:00	49	16,46	0,02
12:04:00	49	16,45	0,03
12:05:00	50	16,44	0,03
12:06:00	50	16,42	0,03
12:07:00	50	16,41	0,04
12:08:00	49	16,40	0,04
12:09:00	50	16,39	0,04
12:10:00	50	16,38	0,05
12:11:00	49	16,37	0,05
12:12:00	50	16,35	0,05
12:13:00	50	16,34	0,06
12:14:00	49	16,32	0,06
12:15:00	49	16,31	0,06
12:16:00	50	16,29	0,07
12:17:00	50	16,27	0,08
12:18:00	50	16,26	0,08
12:19:00	50	16,23	0,09
12:20:00	50	16,22	0,09
12:21:00	50	16,20	0,10
12:22:00	50	16,18	0,10
12:23:00	50	16,15	0,11
12:24:00	50	16,14	0,11
12:25:00	50	16,12	0,12
12:26:00	50	16,08	0,13
12:27:00	50	16,05	0,14
12:28:00	50	16,03	0,14
12:29:00	50	16,00	0,15
12:30:00	50	15,98	0,16
12:31:00	49	15,95	0,17
12:32:00	50	15,93	0,18
12:33:00	50	15,90	0,19
12:34:00	50	15,87	0,20
12:35:00	50	15,84	0,21
12:36:00	49	15,81	0,21
12:37:00	49	15,78	0,22
12:38:00	49	15,75	0,23
12:39:00	50	15,71	0,25
12:40:00	50	15,67	0,26
12:41:00	50	15,64	0,27
12:42:00	50	15,61	0,28
12:43:00	50	15,57	0,29
12:44:00	50	15,55	0,30
12:45:00	50	15,51	0,32
12:46:00	50	15,47	0,33
12:47:00	50	15,44	0,34
12:48:00	50	15,41	0,35
12:49:00	50	15,36	0,37
12:50:00	50	15,33	0,39
12:51:00	50	15,30	0,40
12:52:00	49	15,26	0,41
12:53:00	50	15,22	0,43
12:54:00	50	15,19	0,44
12:55:00	50	15,15	0,45
12:56:00	50	15,13	0,47
12:57:00	50	15,09	0,48
12:58:00	50	15,05	0,50
12:59:00	50	15,01	0,51
13:00:00	50	14,98	0,53
13:01:00	50	14,94	0,55
13:02:00	50	14,90	0,56
13:03:00	50	14,86	0,58
13:04:00	50	14,83	0,60
13:05:00	50	14,79	0,61
13:06:00	50	14,77	0,63
13:07:00	50	14,71	0,65
13:08:00	50	14,68	0,67
13:09:00	50	14,64	0,69
13:10:00	50	14,61	0,70
13:11:00	50	14,57	0,72
13:12:00	50	14,53	0,74
13:13:00	50	14,50	0,76
13:14:00	50	14,46	0,78
13:15:00	50	14,42	0,80
13:16:00	50	14,38	0,83
13:17:00	50	14,34	0,85
13:18:00	50	14,31	0,87
13:19:00	50	14,27	0,89
13:20:00	50	14,24	0,90
13:21:00	49	14,20	0,93
13:22:00	50	14,16	0,95
13:23:00	50	14,13	0,97
13:24:00	50	14,10	0,99
13:25:00	50	14,07	1,01
13:26:00	50	14,03	1,03
13:27:00	50	14,00	1,05
13:28:00	50	13,96	1,08
13:29:00	50	13,93	1,10
13:30:00	50	13,89	1,12
13:31:00	50	13,86	1,14
13:32:00	50	13,84	1,16
13:33:00	50	13,80	1,19
13:34:00	50	13,77	1,21
13:35:00	50	13,73	1,24
13:36:00	50	13,70	1,26
13:37:00	50	13,66	1,28
13:38:00	50	13,63	1,31
13:39:00	50	13,59	1,34
13:40:00	50	13,56	1,36
13:41:00	50	13,53	1,39
13:42:00	50	13,49	1,42
13:43:00	50	13,46	1,44
13:44:00	50	13,43	1,46
13:45:00	50	13,40	1,49
13:46:00	50	13,37	1,51
13:47:00	50	13,33	1,55
13:48:00	50	13,30	1,57
13:49:00	50	13,27	1,60
13:50:00	50	13,24	1,62
13:51:00	50	13,21	1,65
13:52:00	50	13,18	1,68
13:53:00	50	13,15	1,70
13:54:00	50	13,12	1,73
13:55:00	50	13,09	1,76
13:56:00	50	13,06	1,79
13:57:00	50	13,03	1,82
13:58:00	50	13,01	1,84
13:59:00	50	12,97	1,87
14:00:00	50	12,95	1,90
14:01:00	49	12,92	1,93
14:02:00	50	12,90	1,95
14:03:00	50	12,87	1,98
14:04:00	50	12,84	2,00
14:05:00	50	12,81	2,04
14:06:00	50	12,79	2,07
14:07:00	50	12,76	2,09
14:08:00	50	12,73	2,12
14:09:00	50	12,71	2,15
14:10:00	50	12,68	2,18
14:11:00	50	12,66	2,21
14:12:00	50	12,63	2,24
14:13:00	50	12,60	2,27
14:14:00	50	12,57	2,30
14:15:00	50	12,55	2,33
14:16:00	50	12,53	2,36
14:17:00	49	12,50	2,39
14:18:00	50	12,48	2,42
14:19:00	49	12,45	2,46
14:20:00	50	12,43	2,49
14:21:00	50	12,40	2,51
14:22:00	50	12,37	2,55
14:23:00	50	12,35	2,58
14:24:00	50	12,33	2,61
14:25:00	50	12,30	2,64
14:26:00	50	12,28	2,67
14:27:00	50	12,26	2,70
14:28:00	50	12,24	2,73
14:29:00	50	12,21	2,77
14:30:00	50	12,18	2,80
14:31:00	50	12,16	2,84
14:32:00	49	12,14	2,87
14:33:00	50	12,12	2,90
14:34:00	50	12,09	2,93
14:35:00	50	12,07	2,97
14:36:00	50	12,06	2,99
14:37:00	50	12,04	3,02
14:38:00	50	12,01	3,06
14:39:00	50	12,00	3,08
14:40:00	50	11,97	3,11
14:41:00	50	11,95	3,15
14:42:00	50	11,94	3,17
14:43:00	50	11,91	3,21
14:44:00	50	11,89	3,24
14:45:00	50	11,88	3,27
14:46:00	50	11,86	3,30
14:47:00	50	11,84	3,33
14:48:00	50	11,82	3,37
14:49:00	50	11,79	3,40
14:50:00	50	11,78	3,43
14:51:00	50	11,76	3,47
14:52:00	50	11,74	3,49
14:53:00	50	11,72	3,53
14:54:00	50	11,70	3,56
14:55:00	50	11,69	3,59
14:56:00	50	11,67	3,63
14:57:00	50	11,64	3,67
14:58:00	50	11,63	3,69
14:59:00	50	11,61	3,73
15:00:00	50	11,59	3,76
15:01:00	49	11,58	3,79
15:02:00	50	11,55	3,83
15:03:00	50	11,54	3,86
15:04:00	50	11,52	3,89
15:05:00	50	11,51	3,92
15:06:00	50	11,49	3,96
15:07:00	50	11,47	3,99
15:08:00	49	11,45	4,04
15:09:00	50	11,43	4,07
15:10:00	50	11,42	4,10
15:11:00	50	11,40	4,13
15:12:00	50	11,39	4,16
15:13:00	50	11,37	4,20
15:14:00	50	11,35	4,23
15:15:00	50	11,34	4,27
15:16:00	50	11,32	4,30
15:17:00	50	11,31	4,33
15:18:00	50	11,29	4,36
15:19:00	49	11,28	4,39
15:20:00	50	11,26	4,43
15:21:00	50	11,25	4,46
15:22:00	50	11,23	4,49
15:23:00	50	11,22	4,53
15:24:00	50	11,20	4,56
15:25:00	50	11,19	4,59
15:26:00	50	11,18	4,61
15:27:00	50	11,16	4,64
15:28:00	50	11,15	4,68
15:29:00	50	11,13	4,71
15:30:00	50	11,12	4,75
15:31:00	50	11,10	4,78
15:32:00	50	11,09	4,82
15:33:00	50	11,07	4,85
15:34:00	50	11,07	4,87
15:35:00	50	11,05	4,91
15:36:00	50	11,04	4,95
15:37:00	50	11,03	4,96
15:38:00	50	11,01	5,02
15:39:00	50	11,00	5,04
15:40:00	50	10,98	5,08
15:41:00	50	10,97	5,11
15:42:00	49	10,95	5,15
15:43:00	50	10,95	5,17
15:44:00	50	10,93	5,21
15:45:00	50	10,92	5,25
15:46:00	49	10,91	5,27
15:47:00	50	10,89	5,31
15:48:00	50	10,88	5,35
15:49:00	50	10,87	5,37
15:50:00	50	10,86	5,41
15:51:00	50	10,84	5,45
15:52:00	49	10,84	5,47
15:53:00	49	10,82	5,51
15:54:00	50	10,81	5,53
15:55:00	50	10,80	5,57
15:56:00	50	10,79	5,59
15:57:00	50	10,77	5,63
15:58:00	50	10,77	5,65
15:59:00	50	10,75	5,69
16:00:00	50	10,75	5,72
16:01:00	50	10,73	5,76
16:02:00	49	10,71	5,80
16:03:00	50	10,71	5,82
16:04:00	50	10,70	5,85
16:05:00	49	10,69	5,87
16:06:00	50	10,68	5,91
16:07:00	49	10,67	5,93
16:08:00	49	10,65	5,98
16:09:00	50	10,65	6,00
16:10:00	50	10,63	6,05
16:11:00	50	10,63	6,07
16:12:00	50	10,62	6,09
16:13:00	50	10,60	6,14
16:14:00	50	10,59	6,16
16:15:00	50	10,59	6,18
16:16:00	50	10,57	6,23
16:17:00	49	10,56	6,25
16:18:00	50	10,56	6,28
16:19:00	50	10,54	6,32
16:20:00	50	10,54	6,35
16:21:00	50	10,52	6,39
16:22:00	50	10,52	6,39
16:23:00	50	10,51	6,42
16:24:00	50	10,50	6,47
16:25:00	50	10,48	6,52
16:26:00	50	10,47	6,54
16:27:00	50	10,47	6,56
16:28:00	50	10,46	6,59
16:29:00	50	10,45	6,64
16:30:00	50	10,44	6,66
16:31:00	50	10,43	6,69
16:32:00	49	10,42	6,71
16:33:00	50	10,41	6,74
16:34:00	50	10,41	6,77
16:35:00	50	10,40	6,79
16:36:00	50	10,38	6,84
16:37:00	50	10,38	6,87
16:38:00	50	10,37	6,89
16:39:00	50	10,36	6,92
16:40:00	50	10,35	6,97
16:41:00	50	10,34	7,00
16:42:00	50	10,33	7,03
16:43:00	50	10,32	7,05
16:44:00	50	10,32	7,08
16:45:00	50	10,31	7,11
16:46:00	50	10,30	7,13
16:47:00	50	10,29	7,16
16:48:00	50	10,29	7,19
16:49:00	50	10,28	7,21
16:50:00	50	10,27	7,24
16:51:00	50	10,27	7,27
16:52:00	50	10,26	7,30
16:53:00	50	10,25	7,32
16:54:00	50	10,24	7,35
16:55:00	50	10,23	7,38
16:56:00	49	10,23	7,41
16:57:00	50	10,22	7,44
16:58:00	50	10,21	7,46
16:59:00	50	10,20	7,49
17:00:00	50	10,20	7,52
17:01:00	50	10,19	7,55
17:02:00	50	10,18	7,58
17:03:00	50	10,18	7,61
17:04:00	50	10,17	7,64
17:05:00	50	10,16	7,67
17:06:00	50	10,15	7,69
17:07:00	50	10,15	7,69
17:08:00	50	10,14	7,72
17:09:00	50	10,14	7,75
17:10:00	50	10,13	7,78
17:11:00	49	10,12	7,81
17:12:00	50	10,11	7,84
17:13:00	50	10,11	7,87
17:14:00	49	10,10	7,90
17:15:00	50	10,09	7,93
17:16:00	50	10,08	7,96
17:17:00	50	10,08	7,99
17:18:00	50	10,07	8,02
17:19:00	50	10,06	8,05
17:20:00	50	10,06	8,05
17:21:00	50	10,05	8,09
17:22:00	49	10,05	8,12
17:23:00	50	10,04	8,15
17:24:00	50	10,03	8,18
17:25:00	50	10,03	8,18
17:26:00	50	10,02	8,21
17:27:00	50	10,02	8,24
17:28:00	50	10,01	8,27
17:29:00	50	10,00	8,31
17:30:00	50	9,99	8,34
17:31:00	50	9,99	8,34
17:32:00	50	9,99	8,37
17:33:00	50	9,98	8,40
17:34:00	50	9,97	8,43
17:35:00	50	9,96	8,47
17:36:00	50	9,96	8,47
17:37:00	50	9,96	8,50
17:38:00	50	9,95	8,53
17:39:00	50	9,94	8,56
17:40:00	50	9,94	8,56
17:41:00	50	9,93	8,60
17:42:00	50	9,93	8,63
17:43:00	50	9,93	8,63
17:44:00	50	9,92	8,66
17:45:00	50	9,91	8,70
17:46:00	50	9,90	8,73
17:47:00	50	9,90	8,73
17:48:00	50	9,90	8,76
17:49:00	50	9,90	8,76
17:50:00	50	9,89	8,80
17:51:00	50	9,88	8,83
17:52:00	50	9,88	8,87
17:53:00	50	9,88	8,87
17:54:00	50	9,87	8,90
17:55:00	50	9,87	8,90
17:56:00	50	9,86	8,93
17:57:00	50	9,85	8,97
17:58:00	50	9,84	9,00
17:59:00	50	9,84	9,00
18:00:00	50	9,84	9,04
18:01:00	50	9,84	9,04
18:02:00	50	9,83	9,07
18:03:00	50	9,82	9,11
18:04:00	50	9,81	9,14
18:05:00	50	9,81	9,18
18:06:00	50	9,81	9,18
18:07:00	49	9,80	9,22
18:08:00	50	9,80	9,22
18:09:00	49	9,79	9,25
18:10:00	50	9,79	9,29
18:11:00	50	9,79	9,29
18:12:00	50	9,78	9,32
18:13:00	50	9,78	9,32
18:14:00	50	9,77	9,36
18:15:00	49	9,76	9,40
18:16:00	50	9,76	9,40
18:17:00	50	9,75	9,43
18:18:00	50	9,75	9,47
18:19:00	50	9,75	9,47
18:20:00	50	9,75	9,47
18:21:00	50	9,74	9,51
18:22:00	50	9,73	9,54
18:23:00	50	9,73	9,54
18:24:00	50	9,73	9,54
18:25:00	50	9,73	9,58
18:26:00	50	9,72	9,62
18:27:00	50	9,72	9,62
18:28:00	49	9,71	9,66
18:29:00	50	9,70	9,69
18:30:00	50	9,70	9,69
18:31:00	49	9,70	9,73
18:32:00	50	9,69	9,77
18:33:00	50	9,69	9,77
18:34:00	50	9,68	9,81
18:35:00	49	9,68	9,81
18:36:00	50	9,67	9,85
18:37:00	50	9,67	9,85
18:38:00	50	9,66	9,88
18:39:00	50	9,66	9,88
18:40:00	50	9,66	9,88
18:41:00	50	9,66	9,92
18:42:00	50	9,65	9,96
18:43:00	50	9,65	9,96
18:44:00	50	9,64	10,00
18:45:00	50	9,64	10,00
18:46:00	50	9,63	10,04
18:47:00	50	9,63	10,04
18:48:00	50	9,63	10,08
18:49:00	50	9,63	10,08
18:50:00	50	9,62	10,12
18:51:00	50	9,62	10,12
18:52:00	50	9,62	10,12
18:53:00	50	9,61	10,16
18:54:00	50	9,61	10,16
18:55:00	50	9,60	10,20
18:56:00	50	9,60	10,20
18:57:00	50	9,60	10,24
18:58:00	50	9,60	10,24
18:59:00	50	9,59	10,28
19:00:00	50	9,59	10,28
19:01:00	50	9,58	10,32
19:02:00	50	9,58	10,32
19:03:00	50	9,58	10,32
19:04:00	50	9,57	10,36
19:05:00	50	9,57	10,40
19:06:00	50	9,57	10,40
19:07:00	49	9,56	10,44
19:08:00	49	9,56	10,44
19:09:00	50	9,55	10,48
19:10:00	50	9,55	10,48
19:11:00	50	9,55	10,48
19:12:00	50	9,54	10,52
19:13:00	50	9,54	10,52
19:14:00	50	9,54	10,57
19:15:00	50	9,54	10,57
19:16:00	49	9,53	10,61
19:17:00	50	9,53	10,61
19:18:00	50	9,52	10,65
19:19:00	50	9,52	10,65
19:20:00	50	9,52	10,65
19:21:00	50	9,51	10,69
19:22:00	50	9,51	10,69
19:23:00	49	9,51	10,73
19:24:00	49	9,51	10,73
19:25:00	50	9,51	10,73
19:26:00	50	9,50	10,78
19:27:00	50	9,50	10,78
19:28:00	50	9,49	10,82
19:29:00	50	9,49	10,82
19:30:00	50	9,49	10,82
19:31:00	49	9,48	10,86
19:32:00	50	9,48	10,86
19:33:00	50	9,48	10,86
19:34:00	50	9,48	10,90
19:35:00	50	9,48	10,90
19:36:00	50	9,47	10,95
19:37:00	50	9,47	10,95
19:38:00	50	9,46	10,99
19:39:00	50	9,46	10,99
19:40:00	50	9,45	11,03
19:41:00	50	9,45	11,03
19:42:00	50	9,45	11,03
19:43:00	50	9,45	11,08
19:44:00	50	9,45	11,08
19:45:00	49	9,45	11,08
19:46:00	50	9,44	11,12
19:47:00	50	9,44	11,12
19:48:00	50	9,44	11,12
19:49:00	50	9,43	11,17
19:50:00	50	9,43	11,17
19:51:00	50	9,43	11,17
19:52:00	50	9,43	11,21
19:53:00	50	9,43	11,21
19:54:00	50	9,43	11,21
19:55:00	50	9,42	11,25
19:56:00	50	9,42	11,25
19:57:00	49	9,42	11,25
19:58:00	50	9,41	11,30
19:59:00	50	9,41	11,30
20:00:00	50	9,40	11,34
20:01:00	50	9,40	11,34
20:02:00	50	9,40	11,34
20:03:00	50	9,39	11,39
20:04:00	50	9,39	11,39
20:05:00	50	9,39	11,39
20:06:00	50	9,39	11,39
20:07:00	50	9,39	11,43
20:08:00	50	9,39	11,43
20:09:00	50	9,39	11,43
20:10:00	50	9,38	11,48
20:11:00	50	9,37	11,53
20:12:00	49	9,37	11,53
20:13:00	50	9,37	11,53
20:14:00	50	9,36	11,57
20:15:00	50	9,36	11,57
20:16:00	50	9,36	11,57
20:17:00	50	9,36	11,57
20:18:00	50	9,36	11,62
20:19:00	50	9,36	11,62
20:20:00	50	9,36	11,62
20:21:00	50	9,35	11,66
20:22:00	50	9,35	11,66
20:23:00	50	9,35	11,66
20:24:00	50	9,34	11,71
20:25:00	50	9,34	11,71
20:26:00	50	9,34	11,71
20:27:00	50	9,34	11,76
20:28:00	50	9,34	11,76
20:29:00	50	9,34	11,76
20:30:00	50	9,34	11,76
20:31:00	50	9,33	11,80
20:32:00	50	9,33	11,80
20:33:00	50	9,32	11,85
20:34:00	50	9,32	11,85
20:35:00	50	9,32	11,85
20:36:00	50	9,32	11,85
20:37:00	50	9,31	11,90
20:38:00	50	9,31	11,90
20:39:00	50	9,31	11,90
20:40:00	50	9,30	11,95
20:41:00	50	9,30	11,95
20:42:00	50	9,30	11,95
20:43:00	50	9,30	11,95
20:44:00	50	9,30	12,00
20:45:00	50	9,30	12,00
20:46:00	50	9,30	12,00
20:47:00	50	9,29	12,04
20:48:00	50	9,29	12,04
20:49:00	49	9,29	12,04
20:50:00	50	9,28	12,09
20:51:00	50	9,28	12,09
20:52:00	50	9,28	12,09
20:53:00	50	9,28	12,09
20:54:00	50	9,27	12,14
20:55:00	50	9,27	12,14
20:56:00	50	9,27	12,14
20:57:00	50	9,27	12,19
20:58:00	50	9,27	12,14
20:59:00	50	9,27	12,19
21:00:00	50	9,27	12,19
21:01:00	50	9,27	12,19
21:02:00	50	9,26	12,24
21:03:00	50	9,26	12,24
21:04:00	50	9,26	12,24
21:05:00	50	9,26	12,24
21:06:00	50	9,25	12,29
21:07:00	50	9,25	12,29
21:08:00	50	9,25	12,29
21:09:00	50	9,25	12,29
21:10:00	50	9,25	12,34
21:11:00	50	9,25	12,34
21:12:00	49	9,25	12,34
21:13:00	49	9,25	12,34
21:14:00	50	9,24	12,39
21:15:00	50	9,24	12,39
21:16:00	50	9,24	12,39
21:17:00	50	9,24	12,39
21:18:00	50	9,24	12,39
21:19:00	50	9,23	12,44
21:20:00	50	9,23	12,44
21:21:00	50	9,23	12,44
21:22:00	50	9,23	12,44
21:23:00	50	9,22	12,49
21:24:00	50	9,22	12,49
21:25:00	50	9,21	12,54
21:26:00	50	9,21	12,54
21:27:00	49	9,21	12,54
21:28:00	50	9,21	12,54
21:29:00	50	9,21	12,54
21:30:00	50	9,21	12,59
21:31:00	50	9,21	12,59
21:32:00	50	9,21	12,59
21:33:00	50	9,20	12,64
21:34:00	50	9,20	12,64
21:35:00	50	9,20	12,64
21:36:00	50	9,20	12,64
21:37:00	50	9,20	12,64
21:38:00	50	9,20	12,64
21:39:00	50	9,19	12,69
21:40:00	50	9,19	12,69
21:41:00	50	9,19	12,69
21:42:00	49	9,19	12,69
21:43:00	50	9,18	12,74
21:44:00	50	9,18	12,74
21:45:00	50	9,18	12,74
21:46:00	50	9,18	12,74
21:47:00	50	9,18	12,79
21:48:00	50	9,18	12,79
21:49:00	50	9,18	12,79
21:50:00	50	9,17	12,84
21:51:00	50	9,18	12,79
21:52:00	50	9,17	12,84
21:53:00	50	9,17	12,84
21:54:00	50	9,17	12,84
21:55:00	49	9,17	12,84
21:56:00	50	9,16	12,89
21:57:00	50	9,16	12,89
21:58:00	50	9,16	12,89
21:59:00	50	9,16	12,89
22:00:00	50	9,15	12,95
22:01:00	50	9,15	12,95
22:02:00	50	9,15	12,95
22:03:00	50	9,15	12,95
22:04:00	50	9,15	12,95
22:05:00	49	9,15	13,00
22:06:00	50	9,15	13,00
22:07:00	50	9,15	13,00
22:08:00	50	9,15	13,00
22:09:00	50	9,15	13,00
22:10:00	49	9,14	13,05
22:11:00	49	9,14	13,05
22:12:00	50	9,14	13,05
22:13:00	50	9,14	13,05
22:14:00	50	9,14	13,05
22:15:00	50	9,13	13,11
22:16:00	50	9,13	13,11
22:17:00	50	9,13	13,11
22:18:00	50	9,13	13,11
22:19:00	50	9,13	13,11
22:20:00	50	9,13	13,11
22:21:00	50	9,13	13,16
22:22:00	49	9,13	13,16
22:23:00	50	9,13	13,16
22:24:00	50	9,13	13,16
22:25:00	50	9,13	13,16
22:26:00	50	9,12	13,21
22:27:00	50	9,12	13,21
22:28:00	50	9,12	13,21
22:29:00	50	9,12	13,21
22:30:00	49	9,12	13,21
22:31:00	50	9,11	13,27
22:32:00	50	9,11	13,27
22:33:00	50	9,11	13,27
22:34:00	50	9,11	13,27
22:35:00	49	9,11	13,27
22:36:00	50	9,10	13,32
22:37:00	50	9,10	13,32
22:38:00	50	9,10	13,32
22:39:00	50	9,10	13,32
22:40:00	50	9,10	13,32
22:41:00	50	9,10	13,32
22:42:00	50	9,10	13,32
22:43:00	50	9,09	13,37
22:44:00	50	9,09	13,37
22:45:00	50	9,09	13,43
22:46:00	50	9,09	13,37
22:47:00	50	9,09	13,43
22:48:00	50	9,09	13,43
22:49:00	50	9,09	13,43
22:50:00	49	9,09	13,43
22:51:00	49	9,09	13,43
22:52:00	50	9,09	13,43
22:53:00	50	9,08	13,48
22:54:00	49	9,08	13,48
22:55:00	50	9,08	13,48
22:56:00	50	9,08	13,48
22:57:00	50	9,08	13,48
22:58:00	50	9,08	13,48
22:59:00	50	9,07	13,54
23:00:00	50	9,07	13,54
23:01:00	50	9,07	13,54
23:02:00	50	9,07	13,54
23:03:00	50	9,06	13,59
23:04:00	50	9,06	13,59
23:05:00	49	9,06	13,59
23:06:00	50	9,06	13,59
23:07:00	50	9,06	13,59
23:08:00	50	9,06	13,59
23:09:00	50	9,06	13,59
23:10:00	50	9,06	13,65
23:11:00	50	9,06	13,65
23:12:00	50	9,06	13,65
23:13:00	50	9,06	13,65
23:14:00	50	9,06	13,65
23:15:00	49	9,05	13,70
23:16:00	50	9,05	13,70
23:17:00	50	9,05	13,70
23:18:00	49	9,05	13,70
23:19:00	50	9,05	13,70
23:20:00	50	9,05	13,70
23:21:00	50	9,05	13,70
23:22:00	50	9,04	13,76
23:23:00	50	9,04	13,76
23:24:00	49	9,04	13,76
23:25:00	50	9,04	13,76
23:26:00	50	9,04	13,76
23:27:00	50	9,04	13,76
23:28:00	50	9,04	13,76
23:29:00	50	9,04	13,82
23:30:00	50	9,04	13,82
23:31:00	50	9,04	13,82
23:32:00	50	9,04	13,82
23:33:00	50	9,04	13,82
23:34:00	50	9,03	13,87
23:35:00	50	9,03	13,87
23:36:00	50	9,03	13,87
23:37:00	50	9,03	13,87
23:38:00	49	9,03	13,87
23:39:00	50	9,03	13,87
23:40:00	50	9,03	13,87
23:41:00	50	9,03	13,87
23:42:00	50	9,02	13,93
23:43:00	50	9,02	13,93
23:44:00	50	9,02	13,93
23:45:00	50	9,02	13,93
23:46:00	50	9,02	13,93
23:47:00	50	9,02	13,93
23:48:00	50	9,02	13,93
23:49:00	50	9,01	13,99
23:50:00	50	9,01	13,99
23:51:00	50	9,01	13,99
23:52:00	50	9,01	13,99
23:53:00	50	9,01	13,99
23:54:00	50	9,01	13,99
23:55:00	50	9,01	13,99
23:56:00	50	9,00	14,04
23:57:00	50	9,01	13,99
23:58:00	50	9,00	14,04
23:59:00	50	9,00	14,04
24:00:00	50	9,00	14,04
24:01:00	50	9,00	14,04
24:02:00	50	9,00	14,04
24:03:00	50	9,00	14,04
24:04:00	50	9,00	14,10
24:05:00	50	9,00	14,10
24:06:00	50	9,00	14,10
24:07:00	50	9,00	14,10
24:08:00	50	9,00	14,10
24:09:00	50	8,99	14,16
24:10:00	50	8,99	14,16
24:11:00	50	8,99	14,16
24:12:00	50	8,99	14,16
24:13:00	50	8,99	14,16
24:14:00	50	8,99	14,16
24:15:00	50	8,99	14,16
24:16:00	50	8,99	14,16
24:17:00	50	8,99	14,16
24:18:00	50	8,98	14,22
24:19:00	50	8,98	14,22
24:20:00	50	8,98	14,22
24:21:00	50	8,98	14,22
24:22:00	50	8,98	14,22
24:23:00	50	8,97	14,27
24:24:00	50	8,98	14,22
24:25:00	50	8,97	14,27
24:26:00	50	8,97	14,27
24:27:00	50	8,97	14,27
24:28:00	50	8,97	14,27
24:29:00	50	8,97	14,27
24:30:00	50	8,97	14,27
24:31:00	50	8,97	14,33
24:32:00	50	8,97	14,33
24:33:00	50	8,97	14,33
24:34:00	50	8,97	14,33
24:35:00	50	8,97	14,33
24:36:00	49	8,97	14,33
24:37:00	50	8,97	14,33
24:38:00	50	8,97	14,33
24:39:00	50	8,97	14,33
24:40:00	50	8,96	14,39
24:41:00	50	8,96	14,39
24:42:00	50	8,96	14,39
24:43:00	50	8,96	14,39
24:44:00	50	8,96	14,39
24:45:00	50	8,96	14,39
24:46:00	50	8,96	14,39
24:47:00	49	8,95	14,45
24:48:00	50	8,95	14,45
24:49:00	49	8,95	14,45
24:50:00	50	8,95	14,45
24:51:00	50	8,95	14,45
24:52:00	50	8,95	14,45
24:53:00	50	8,95	14,45
24:54:00	50	8,95	14,45
24:55:00	50	8,95	14,45
24:56:00	50	8,95	14,51
24:57:00	50	8,95	14,51
24:58:00	50	8,95	14,51
24:59:00	50	8,95	14,51
25:00:00	50	8,95	14,51
25:01:00	50	8,95	14,51
25:02:00	50	8,95	14,51
25:03:00	50	8,95	14,51
25:04:00	50	8,95	14,51
25:05:00	50	8,94	14,57
25:06:00	50	8,94	14,57
25:07:00	50	8,94	14,57
25:08:00	50	8,94	14,57
25:09:00	50	8,94	14,57
25:10:00	50	8,94	14,57
25:11:00	50	8,93	14,63
25:12:00	50	8,94	14,57
25:13:00	50	8,93	14,63
25:14:00	50	8,94	14,57
25:15:00	50	8,93	14,63
25:16:00	50	8,93	14,63
25:17:00	50	8,93	14,63
25:18:00	50	8,93	14,63
25:19:00	50	8,93	14,63
25:20:00	50	8,93	14,63
25:21:00	50	8,93	14,63
25:22:00	50	8,92	14,69
25:23:00	49	8,92	14,69
25:24:00	50	8,93	14,63
25:25:00	50	8,92	14,69
25:26:00	50	8,92	14,69
25:27:00	49	8,92	14,69
25:28:00	50	8,92	14,69
25:29:00	50	8,92	14,69
25:30:00	49	8,92	14,69
25:31:00	49	8,92	14,69
25:32:00	50	8,91	14,75
25:33:00	50	8,92	14,69
25:34:00	50	8,91	14,75
25:35:00	50	8,91	14,75
25:36:00	50	8,91	14,75
25:37:00	50	8,91	14,75
25:38:00	50	8,91	14,75
25:39:00	49	8,91	14,75
25:40:00	50	8,91	14,75
25:41:00	50	8,91	14,75
25:42:00	50	8,91	14,75
25:43:00	50	8,91	14,75
25:44:00	50	8,91	14,81
25:45:00	50	8,91	14,81
25:46:00	50	8,91	14,81
25:47:00	50	8,91	14,81
25:48:00	50	8,91	14,81
25:49:00	50	8,91	14,81
25:50:00	49	8,90	14,87
25:51:00	50	8,90	14,87
25:52:00	49	8,90	14,87
25:53:00	50	8,90	14,87
25:54:00	50	8,90	14,87
25:55:00	50	8,90	14,87
25:56:00	50	8,90	14,87
25:57:00	50	8,90	14,87
25:58:00	49	8,90	14,87
25:59:00	50	8,90	14,87
26:00:00	50	8,89	14,94
26:01:00	50	8,89	14,94
26:02:00	50	8,89	14,94
26:03:00	50	8,89	14,94
26:04:00	50	8,89	14,94
26:05:00	50	8,89	14,94
26:06:00	50	8,89	14,94
26:07:00	50	8,89	14,94
26:08:00	50	8,89	14,94
26:09:00	50	8,89	14,94
26:10:00	50	8,89	14,94
26:11:00	50	8,88	15,00
26:12:00	50	8,88	15,00
26:13:00	50	8,88	15,00
26:14:00	50	8,88	15,00
26:15:00	50	8,88	15,00
26:16:00	50	8,88	15,00
26:17:00	50	8,89	14,94
26:18:00	49	8,88	15,00
26:19:00	50	8,88	15,06
26:20:00	50	8,88	15,06
26:21:00	50	8,88	15,06
26:22:00	50	8,88	15,06
26:23:00	50	8,88	15,06
26:24:00	50	8,88	15,06
26:25:00	50	8,88	15,06
26:26:00	50	8,88	15,06
26:27:00	50	8,88	15,06
26:28:00	50	8,87	15,12
26:29:00	50	8,87	15,12
26:30:00	50	8,87	15,12
26:31:00	50	8,87	15,12
26:32:00	50	8,87	15,12
26:33:00	50	8,87	15,12
26:34:00	50	8,87	15,12
26:35:00	50	8,87	15,12
26:36:00	50	8,87	15,12
26:37:00	50	8,86	15,18
26:38:00	50	8,86	15,18
26:39:00	49	8,87	15,12
26:40:00	50	8,87	15,12
26:41:00	50	8,87	15,12
26:42:00	49	8,87	15,12
26:43:00	50	8,87	15,12
26:44:00	50	8,87	15,12
26:45:00	50	8,86	15,18
26:46:00	50	8,86	15,18
26:47:00	50	8,86	15,18
26:48:00	50	8,86	15,18
26:49:00	50	8,86	15,18
26:50:00	50	8,86	15,18
26:51:00	50	8,86	15,18
26:52:00	50	8,86	15,25
26:53:00	50	8,86	15,18
26:54:00	50	8,86	15,25
26:55:00	50	8,86	15,25
26:56:00	50	8,86	15,25
26:57:00	50	8,86	15,25
26:58:00	49	8,86	15,25
26:59:00	50	8,86	15,25
27:00:00	50	8,86	15,25
27:01:00	50	8,86	15,25
27:02:00	49	8,85	15,31
27:03:00	50	8,85	15,31
27:04:00	50	8,85	15,31
27:05:00	50	8,85	15,31
27:06:00	50	8,85	15,31
27:07:00	50	8,85	15,31
27:08:00	50	8,85	15,31
27:09:00	50	8,85	15,31
27:10:00	50	8,85	15,31
27:11:00	50	8,85	15,31
27:12:00	50	8,85	15,31
27:13:00	50	8,85	15,31
27:14:00	50	8,84	15,37
27:15:00	50	8,84	15,37
27:16:00	49	8,84	15,37
27:17:00	50	8,84	15,37
27:18:00	50	8,84	15,37
27:19:00	50	8,84	15,37
27:20:00	50	8,84	15,37
27:21:00	50	8,84	15,37
27:22:00	50	8,84	15,37
27:23:00	50	8,84	15,37
27:24:00	50	8,84	15,37
27:25:00	50	8,84	15,37
27:26:00	50	8,84	15,37
27:27:00	50	8,84	15,37
27:28:00	50	8,83	15,44
27:29:00	50	8,83	15,44
27:30:00	50	8,83	15,44
27:31:00	50	8,83	15,44
27:32:00	50	8,83	15,44
27:33:00	50	8,83	15,44
27:34:00	50	8,83	15,44
27:35:00	49	8,83	15,44
27:36:00	50	8,83	15,44
27:37:00	50	8,83	15,44
27:38:00	50	8,83	15,44
27:39:00	50	8,83	15,44
27:40:00	50	8,83	15,44
27:41:00	50	8,83	15,44
27:42:00	50	8,82	15,50
27:43:00	50	8,83	15,44
27:44:00	50	8,82	15,50
27:45:00	50	8,82	15,50
27:46:00	50	8,82	15,50
27:47:00	50	8,82	15,50
27:48:00	50	8,82	15,50
27:49:00	50	8,82	15,50
27:50:00	50	8,82	15,50
27:51:00	50	8,82	15,50
27:52:00	50	8,82	15,50
27:53:00	50	8,82	15,50
27:54:00	50	8,82	15,50
27:55:00	50	8,82	15,50
27:56:00	50	8,82	15,57
27:57:00	50	8,82	15,57
27:58:00	50	8,82	15,57
27:59:00	50	8,82	15,57
28:00:00	50	8,82	15,57
28:01:00	50	8,82	15,57
28:02:00	50	8,82	15,57
28:03:00	50	8,82	15,57
28:04:00	50	8,81	15,63
28:05:00	50	8,82	15,57
28:06:00	50	8,82	15,57
28:07:00	49	8,82	15,57
28:08:00	50	8,81	15,63
28:09:00	50	8,81	15,63
28:10:00	49	8,81	15,63
28:11:00	50	8,81	15,63
28:12:00	50	8,81	15,63
28:13:00	49	8,81	15,63
28:14:00	50	8,81	15,63
28:15:00	50	8,81	15,63
28:16:00	50	8,81	15,63
28:17:00	50	8,80	15,70
28:18:00	50	8,80	15,70
28:19:00	50	8,80	15,70
28:20:00	50	8,81	15,63
28:21:00	50	8,81	15,63
28:22:00	50	8,80	15,70
28:23:00	50	8,80	15,70
28:24:00	49	8,80	15,70
28:25:00	50	8,80	15,70
28:26:00	50	8,80	15,70
28:27:00	50	8,80	15,70
28:28:00	50	8,80	15,70
28:29:00	50	8,79	15,76
28:30:00	50	8,79	15,76
28:31:00	50	8,79	15,76
28:32:00	50	8,79	15,76
28:33:00	50	8,79	15,76
28:34:00	50	8,79	15,76
28:35:00	50	8,79	15,76
28:36:00	50	8,79	15,76
28:37:00	50	8,79	15,76
28:38:00	50	8,79	15,76
28:39:00	50	8,79	15,76
28:40:00	50	8,79	15,76
28:41:00	50	8,79	15,76
28:42:00	50	8,79	15,76
28:43:00	50	8,79	15,83
28:44:00	50	8,79	15,83
28:45:00	50	8,79	15,76
28:46:00	49	8,79	15,76
28:47:00	50	8,79	15,83
28:48:00	50	8,79	15,83
28:49:00	50	8,79	15,83
28:50:00	50	8,79	15,83
28:51:00	50	8,79	15,83
28:52:00	50	8,79	15,83
28:53:00	50	8,79	15,83
28:54:00	50	8,79	15,83
28:55:00	50	8,79	15,83
28:56:00	50	8,79	15,83
28:57:00	49	8,79	15,83
28:58:00	50	8,79	15,83
28:59:00	50	8,78	15,89
29:00:00	49	8,79	15,83
29:01:00	49	8,79	15,83
29:02:00	50	8,78	15,89
29:03:00	50	8,78	15,89
29:04:00	50	8,79	15,83
29:05:00	50	8,79	15,83
29:06:00	50	8,78	15,89
29:07:00	50	8,78	15,89
29:08:00	50	8,78	15,89
29:09:00	50	8,78	15,89
29:10:00	50	8,78	15,89
29:11:00	50	8,78	15,89
29:12:00	50	8,78	15,89
29:13:00	50	8,78	15,89
29:14:00	50	8,78	15,89
29:15:00	50	8,77	15,96
29:16:00	50	8,77	15,96
29:17:00	50	8,77	15,96
29:18:00	50	8,77	15,96
29:19:00	50	8,77	15,96
29:20:00	50	8,77	15,96
29:21:00	50	8,77	15,96
29:22:00	50	8,77	15,96
29:23:00	49	8,77	15,96
29:24:00	50	8,77	15,96
29:25:00	50	8,77	16,03
29:26:00	50	8,77	16,03
29:27:00	50	8,77	16,03
29:28:00	50	8,77	16,03
29:29:00	50	8,77	16,03
29:30:00	50	8,77	16,03
29:31:00	50	8,77	16,03
29:32:00	50	8,77	16,03
29:33:00	50	8,77	16,03
29:34:00	50	8,77	16,03
29:35:00	50	8,77	16,03
29:36:00	50	8,77	16,03
29:37:00	50	8,77	16,03
29:38:00	50	8,77	16,03
29:39:00	49	8,77	16,03
29:40:00	50	8,77	16,03
29:41:00	50	8,77	16,03
29:42:00	50	8,77	16,03
29:43:00	50	8,76	16,09
29:44:00	50	8,76	16,09
29:45:00	50	8,76	16,09
29:46:00	50	8,76	16,09
29:47:00	50	8,76	16,09
29:48:00	50	8,76	16,09
29:49:00	50	8,76	16,09
29:50:00	50	8,76	16,09
29:51:00	50	8,76	16,09
29:52:00	50	8,76	16,09
29:53:00	50	8,76	16,09
29:54:00	50	8,76	16,09
29:55:00	50	8,76	16,09
29:56:00	50	8,76	16,09
29:57:00	50	8,75	16,16
29:58:00	50	8,75	16,16
29:59:00	50	8,75	16,16
30:00:00	50	8,75	16,16
30:01:00	49	8,75	16,16
30:02:00	50	8,75	16,16
30:03:00	50	8,75	16,16
30:04:00	50	8,75	16,16
30:05:00	50	8,75	16,16
30:06:00	50	8,75	16,16
30:07:00	50	8,75	16,16
30:08:00	50	8,75	16,16
30:09:00	50	8,75	16,16
30:10:00	50	8,75	16,16
30:11:00	50	8,75	16,16
30:12:00	50	8,75	16,16
30:13:00	50	8,74	16,23
30:14:00	50	8,75	16,16
30:15:00	50	8,75	16,16
30:16:00	50	8,74	16,23
30:17:00	49	8,75	16,16
30:18:00	49	8,74	16,23
30:19:00	50	8,74	16,23
30:20:00	50	8,74	16,23
30:21:00	50	8,74	16,23
30:22:00	50	8,74	16,23
30:23:00	50	8,74	16,23
30:24:00	50	8,74	16,23
30:25:00	50	8,74	16,23
30:26:00	50	8,74	16,23
30:27:00	50	8,74	16,23
30:28:00	50	8,74	16,23
30:29:00	50	8,74	16,23
30:30:00	50	8,74	16,23
30:31:00	50	8,74	16,23
30:32:00	49	8,73	16,30
30:33:00	50	8,73	16,30
30:34:00	50	8,73	16,30
30:35:00	50	8,73	16,30
30:36:00	49	8,73	16,30
30:37:00	50	8,73	16,30
30:38:00	50	8,73	16,30
30:39:00	50	8,73	16,30
30:40:00	50	8,73	16,30
30:41:00	50	8,73	16,30
30:42:00	50	8,73	16,30
30:43:00	50	8,73	16,30
30:44:00	50	8,73	16,30
30:45:00	50	8,73	16,36
30:46:00	50	8,73	16,36
30:47:00	50	8,73	16,36
30:48:00	50	8,73	16,36
30:49:00	50	8,73	16,36
30:50:00	50	8,73	16,36
30:51:00	50	8,73	16,36
30:52:00	50	8,73	16,36
30:53:00	50	8,73	16,36
30:54:00	50	8,73	16,36
30:55:00	50	8,73	16,36
30:56:00	50	8,73	16,36
30:57:00	50	8,73	16,36
30:58:00	50	8,73	16,36
30:59:00	50	8,73	16,36
31:00:00	50	8,73	16,36
31:01:00	50	8,73	16,36
31:02:00	50	8,73	16,36
31:03:00	50	8,73	16,36
31:04:00	50	8,73	16,36
31:05:00	50	8,73	16,36
31:06:00	50	8,72	16,43
31:07:00	50	8,73	16,36
31:08:00	49	8,72	16,43
31:09:00	50	8,72	16,43
31:10:00	50	8,72	16,43
31:11:00	50	8,72	16,43
31:12:00	50	8,72	16,43
31:13:00	50	8,72	16,43
31:14:00	50	8,72	16,43
31:15:00	50	8,72	16,43
31:16:00	50	8,72	16,43
31:17:00	50	8,72	16,43
31:18:00	50	8,72	16,43
31:19:00	49	8,72	16,43
31:20:00	50	8,72	16,43
31:21:00	50	8,72	16,43
31:22:00	49	8,72	16,43
31:23:00	50	8,71	16,50
31:24:00	50	8,71	16,50
31:25:00	50	8,71	16,50
31:26:00	50	8,71	16,50
31:27:00	49	8,71	16,50
31:28:00	50	8,71	16,50
31:29:00	50	8,71	16,50
31:30:00	50	8,71	16,50
31:31:00	50	8,71	16,50
31:32:00	50	8,71	16,50
31:33:00	50	8,71	16,50
31:34:00	50	8,71	16,50
31:35:00	50	8,71	16,50
31:36:00	50	8,70	16,57
31:37:00	50	8,71	16,50
31:38:00	50	8,71	16,50
31:39:00	50	8,70	16,57
31:40:00	50	8,70	16,57
31:41:00	50	8,70	16,57
31:42:00	50	8,70	16,57
31:43:00	49	8,70	16,57
31:44:00	50	8,70	16,57
31:45:00	49	8,70	16,57
31:46:00	49	8,70	16,57
31:47:00	50	8,70	16,57
31:48:00	50	8,70	16,57
31:49:00	50	8,70	16,57
31:50:00	50	8,70	16,57
31:51:00	50	8,70	16,57
31:52:00	50	8,70	16,57
31:53:00	50	8,70	16,57
31:54:00	49	8,70	16,57
31:55:00	50	8,70	16,57
31:56:00	50	8,70	16,57
31:57:00	50	8,70	16,57
31:58:00	50	8,70	16,57
31:59:00	50	8,70	16,57
32:00:00	50	8,70	16,57
32:01:00	50	8,70	16,57
32:02:00	50	8,70	16,57
32:03:00	49	8,70	16,64
32:04:00	50	8,70	16,64
32:05:00	50	8,70	16,64
32:06:00	50	8,70	16,64
32:07:00	50	8,70	16,64
32:08:00	50	8,70	16,64
32:09:00	50	8,70	16,64
32:10:00	49	8,70	16,64
32:11:00	49	8,70	16,64
32:12:00	50	8,70	16,64
32:13:00	50	8,70	16,64
32:14:00	49	8,70	16,64
32:15:00	50	8,70	16,64
32:16:00	50	8,69	16,71
32:17:00	50	8,69	16,71
32:18:00	50	8,69	16,71
32:19:00	50	8,69	16,71
32:20:00	49	8,69	16,71
32:21:00	50	8,69	16,71
32:22:00	50	8,69	16,71
32:23:00	50	8,69	16,71
32:24:00	50	8,69	16,71
32:25:00	49	8,69	16,71
32:26:00	50	8,69	16,71
32:27:00	50	8,69	16,71
32:28:00	50	8,69	16,71
32:29:00	50	8,69	16,71
32:30:00	50	8,69	16,71
32:31:00	50	8,69	16,71
32:32:00	50	8,69	16,71
32:33:00	50	8,69	16,71
32:34:00	49	8,69	16,71
32:35:00	50	8,68	16,78
32:36:00	50	8,69	16,71
32:37:00	50	8,69	16,71
32:38:00	50	8,69	16,71
32:39:00	50	8,69	16,71
32:40:00	50	8,68	16,78
32:41:00	50	8,68	16,78
32:42:00	50	8,68	16,78
32:43:00	50	8,68	16,78
32:44:00	49	8,68	16,78
32:45:00	50	8,68	16,78
32:46:00	49	8,68	16,78
32:47:00	50	8,68	16,78
32:48:00	50	8,68	16,78
32:49:00	50	8,68	16,78
32:50:00	49	8,68	16,78
32:51:00	50	8,68	16,78
32:52:00	49	8,68	16,78
32:53:00	50	8,68	16,78
32:54:00	50	8,68	16,78
32:55:00	49	8,68	16,78
32:56:00	50	8,68	16,85
32:57:00	50	8,68	16,85
32:58:00	49	8,68	16,85
32:59:00	50	8,68	16,85
33:00:00	50	8,68	16,85
33:01:00	50	8,68	16,85
33:02:00	50	8,68	16,85
33:03:00	49	8,68	16,85
33:04:00	50	8,68	16,85
33:05:00	50	8,68	16,85
33:06:00	50	8,68	16,85
33:07:00	50	8,68	16,85
33:08:00	50	8,68	16,85
33:09:00	50	8,68	16,85
33:10:00	49	8,68	16,85
33:11:00	50	8,68	16,85
33:12:00	49	8,68	16,85
33:13:00	50	8,68	16,85
33:14:00	50	8,67	16,92
33:15:00	50	8,68	16,85
33:16:00	50	8,67	16,92
33:17:00	50	8,67	16,92
33:18:00	49	8,67	16,92
33:19:00	49	8,67	16,92
33:20:00	49	8,67	16,92
33:21:00	50	8,67	16,92
33:22:00	49	8,67	16,92
33:23:00	50	8,67	16,92
33:24:00	49	8,67	16,92
33:25:00	50	8,67	16,92
33:26:00	50	8,67	16,92
33:27:00	50	8,67	16,92
33:28:00	50	8,67	16,92
33:29:00	50	8,67	16,92
33:30:00	50	8,67	16,92
33:31:00	49	8,67	16,92
33:32:00	50	8,67	16,92
33:33:00	50	8,67	16,92
33:34:00	49	8,67	16,92
33:35:00	50	8,67	16,92
33:36:00	50	8,67	16,92
33:37:00	50	8,67	16,92
33:38:00	49	8,66	16,99
33:39:00	50	8,67	16,92
33:40:00	49	8,67	16,92
33:41:00	49	8,67	16,92
33:42:00	50	8,66	16,99
33:43:00	50	8,66	16,99
33:44:00	50	8,66	16,99
33:45:00	50	8,66	16,99
33:46:00	50	8,66	16,99
33:47:00	50	8,66	16,99
33:48:00	50	8,66	16,99
33:49:00	49	8,66	16,99
33:50:00	50	8,66	16,99
33:51:00	49	8,66	16,99
33:52:00	50	8,66	16,99
33:53:00	50	8,66	16,99
33:54:00	50	8,66	16,99
33:55:00	50	8,66	16,99
33:56:00	50	8,66	16,99
33:57:00	50	8,65	17,06
33:58:00	50	8,66	16,99
33:59:00	50	8,65	17,06
34:00:00	50	8,65	17,06
34:01:00	50	8,65	17,06
34:02:00	49	8,65	17,06
34:03:00	50	8,65	17,06
34:04:00	50	8,65	17,06
34:05:00	50	8,65	17,06
34:06:00	50	8,65	17,06
34:07:00	49	8,65	17,06
34:08:00	49	8,65	17,06
34:09:00	50	8,65	17,06
34:10:00	50	8,65	17,06
34:11:00	50	8,65	17,06
34:12:00	50	8,65	17,06
34:13:00	50	8,65	17,06
34:14:00	50	8,65	17,06
34:15:00	50	8,65	17,06
34:16:00	50	8,65	17,06
34:17:00	50	8,65	17,06
34:18:00	50	8,64	17,14
34:19:00	50	8,65	17,06
34:20:00	50	8,64	17,14
34:21:00	49	8,64	17,14
34:22:00	50	8,64	17,14
34:23:00	50	8,64	17,14
34:24:00	49	8,64	17,14
34:25:00	50	8,64	17,14
34:26:00	50	8,64	17,14
34:27:00	50	8,64	17,14
34:28:00	50	8,64	17,14
34:29:00	50	8,64	17,14
34:30:00	50	8,64	17,14
34:31:00	50	8,64	17,14
34:32:00	50	8,64	17,14
34:33:00	50	8,64	17,14
34:34:00	50	8,64	17,14
34:35:00	50	8,64	17,14
34:36:00	50	8,64	17,14
34:37:00	50	8,64	17,14
34:38:00	50	8,64	17,14
34:39:00	50	8,64	17,14
34:40:00	50	8,64	17,14
34:41:00	50	8,64	17,14
34:42:00	50	8,64	17,14
34:43:00	50	8,64	17,14
34:44:00	50	8,64	17,14
34:45:00	50	8,64	17,14
34:46:00	50	8,64	17,21
34:47:00	50	8,64	17,14
34:48:00	50	8,64	17,14
34:49:00	50	8,64	17,21
34:50:00	50	8,64	17,21
34:51:00	50	8,64	17,21
34:52:00	50	8,64	17,21
34:53:00	50	8,64	17,21
34:54:00	50	8,64	17,21
34:55:00	49	8,64	17,21
34:56:00	50	8,64	17,21
34:57:00	49	8,64	17,21
34:58:00	50	8,64	17,21
34:59:00	50	8,64	17,21
35:00:00	50	8,64	17,21
35:01:00	49	8,64	17,21
35:02:00	50	8,64	17,21
35:03:00	50	8,64	17,21
35:04:00	50	8,64	17,21
35:05:00	50	8,63	17,28
35:06:00	50	8,64	17,21
35:07:00	50	8,63	17,28
35:08:00	50	8,63	17,28
35:09:00	49	8,64	17,21
35:10:00	49	8,63	17,28
35:11:00	50	8,63	17,28
35:12:00	50	8,63	17,28
35:13:00	49	8,63	17,28
35:14:00	50	8,63	17,28
35:15:00	50	8,63	17,28
35:16:00	50	8,63	17,28
35:17:00	50	8,63	17,28
35:18:00	50	8,63	17,28
35:19:00	50	8,63	17,28
35:20:00	50	8,63	17,28
35:21:00	50	8,63	17,28
35:22:00	50	8,63	17,28
35:23:00	50	8,63	17,28
35:24:00	50	8,63	17,28
35:25:00	50	8,63	17,28
35:26:00	50	8,63	17,28
35:27:00	50	8,63	17,28
35:28:00	50	8,63	17,28
35:29:00	50	8,62	17,35
35:30:00	50	8,63	17,28
35:31:00	50	8,62	17,35
35:32:00	50	8,62	17,35
35:33:00	49	8,62	17,35
35:34:00	50	8,62	17,35
35:35:00	50	8,62	17,35
35:36:00	50	8,62	17,35
35:37:00	50	8,62	17,35
35:38:00	49	8,62	17,35
35:39:00	50	8,62	17,35
35:40:00	50	8,62	17,35
35:41:00	50	8,62	17,35
35:42:00	50	8,62	17,35
35:43:00	50	8,62	17,35
35:44:00	50	8,62	17,35
35:45:00	50	8,62	17,35
35:46:00	50	8,62	17,35
35:47:00	50	8,62	17,35
35:48:00	50	8,62	17,35
35:49:00	50	8,62	17,35
35:50:00	50	8,62	17,35
35:51:00	50	8,62	17,35
35:52:00	50	8,62	17,35
35:53:00	50	8,62	17,35
35:54:00	50	8,61	17,43
35:55:00	50	8,62	17,35
35:56:00	50	8,62	17,35
35:57:00	50	8,62	17,35
35:58:00	50	8,62	17,35
35:59:00	50	8,61	17,43
36:00:00	50	8,61	17,43
36:01:00	50	8,61	17,43
36:02:00	50	8,61	17,43
36:03:00	50	8,61	17,43
36:04:00	50	8,61	17,43
36:05:00	50	8,61	17,43
36:06:00	49	8,61	17,43
36:07:00	50	8,61	17,43
36:08:00	50	8,61	17,43
36:09:00	50	8,61	17,43
36:10:00	50	8,61	17,43
36:11:00	50	8,61	17,43
36:12:00	50	8,61	17,43
36:13:00	50	8,61	17,43
36:14:00	50	8,61	17,43
36:15:00	50	8,61	17,43
36:16:00	50	8,61	17,50
36:17:00	50	8,61	17,50
36:18:00	50	8,61	17,50
36:19:00	50	8,61	17,50
36:20:00	49	8,61	17,50
36:21:00	50	8,61	17,50
36:22:00	49	8,61	17,50
36:23:00	50	8,61	17,50
36:24:00	50	8,61	17,50
36:25:00	49	8,61	17,50
36:26:00	50	8,61	17,50
36:27:00	50	8,61	17,50
36:28:00	50	8,61	17,50
36:29:00	50	8,61	17,50
36:30:00	50	8,61	17,50
36:31:00	50	8,61	17,50
36:32:00	50	8,61	17,50
36:33:00	50	8,61	17,50
36:34:00	50	8,61	17,50
36:35:00	49	8,61	17,50
36:36:00	49	8,61	17,50
36:37:00	50	8,61	17,50
36:38:00	50	8,61	17,50
36:39:00	50	8,60	17,58
36:40:00	50	8,61	17,50
36:41:00	50	8,61	17,50
36:42:00	50	8,61	17,50
36:43:00	50	8,61	17,50
36:44:00	50	8,60	17,58
36:45:00	50	8,60	17,58
36:46:00	50	8,60	17,58
36:47:00	50	8,60	17,58
36:48:00	50	8,60	17,58
36:49:00	50	8,60	17,58
36:50:00	50	8,60	17,58
36:51:00	50	8,60	17,58
36:52:00	50	8,60	17,58
36:53:00	50	8,60	17,58
36:54:00	50	8,60	17,58
36:55:00	50	8,60	17,58
36:56:00	50	8,60	17,58
36:57:00	50	8,60	17,58
36:58:00	50	8,60	17,58
36:59:00	49	8,60	17,58
37:00:00	50	8,60	17,58
37:01:00	50	8,60	17,58
37:02:00	50	8,60	17,58
37:03:00	50	8,60	17,58
37:04:00	50	8,60	17,58
37:05:00	50	8,60	17,58
37:06:00	49	8,60	17,58
37:07:00	50	8,60	17,58
37:08:00	50	8,60	17,58
37:09:00	50	8,60	17,58
37:10:00	50	8,59	17,65
37:11:00	50	8,59	17,65
37:12:00	50	8,60	17,58
37:13:00	50	8,60	17,58
37:14:00	50	8,59	17,65
37:15:00	50	8,59	17,65
37:16:00	50	8,59	17,65
37:17:00	50	8,59	17,65
37:18:00	50	8,59	17,65
37:19:00	50	8,59	17,65
37:20:00	50	8,59	17,65
37:21:00	50	8,59	17,65
37:22:00	50	8,59	17,65
37:23:00	50	8,59	17,65
37:24:00	50	8,59	17,65
37:25:00	50	8,59	17,65
37:26:00	50	8,59	17,65
37:27:00	49	8,59	17,65
37:28:00	50	8,59	17,65
37:29:00	50	8,59	17,65
37:30:00	50	8,59	17,65
37:31:00	50	8,59	17,65
37:32:00	50	8,59	17,65
37:33:00	50	8,59	17,65
37:34:00	50	8,59	17,65
37:35:00	49	8,59	17,65
37:36:00	50	8,58	17,73
37:37:00	50	8,58	17,73
37:38:00	50	8,58	17,73
37:39:00	50	8,58	17,73
37:40:00	50	8,58	17,73
37:41:00	50	8,58	17,73
37:42:00	49	8,58	17,73
37:43:00	49	8,58	17,73
37:44:00	50	8,58	17,73
37:45:00	50	8,58	17,73
37:46:00	50	8,58	17,73
37:47:00	50	8,58	17,73
37:48:00	50	8,58	17,73
37:49:00	50	8,58	17,73
37:50:00	50	8,58	17,73
37:51:00	50	8,58	17,73
37:52:00	50	8,58	17,73
37:53:00	50	8,58	17,73
37:54:00	50	8,58	17,73
37:55:00	50	8,58	17,73
37:56:00	50	8,58	17,73
37:57:00	49	8,58	17,73
37:58:00	49	8,58	17,73
37:59:00	50	8,58	17,73
38:00:00	50	8,58	17,73
38:01:00	50	8,58	17,73
38:02:00	50	8,58	17,73
38:03:00	50	8,58	17,80
38:04:00	50	8,58	17,73
38:05:00	50	8,58	17,80
38:06:00	50	8,58	17,80
38:07:00	50	8,58	17,80
38:08:00	50	8,58	17,80
38:09:00	50	8,58	17,80
38:10:00	50	8,58	17,80
38:11:00	50	8,58	17,80
38:12:00	50	8,58	17,80
38:13:00	49	8,58	17,80
38:14:00	50	8,58	17,80
38:15:00	49	8,58	17,80
38:16:00	50	8,58	17,80
38:17:00	50	8,58	17,80
38:18:00	49	8,58	17,80
38:19:00	50	8,58	17,80
38:20:00	50	8,58	17,80
38:21:00	50	8,58	17,80
38:22:00	50	8,58	17,80
38:23:00	50	8,58	17,80
38:24:00	50	8,58	17,80
38:25:00	50	8,58	17,80
38:26:00	50	8,58	17,80
38:27:00	49	8,58	17,80
38:28:00	50	8,58	17,80
38:29:00	50	8,58	17,80
38:30:00	50	8,58	17,80
38:31:00	50	8,57	17,88
38:32:00	50	8,58	17,80
38:33:00	50	8,58	17,80
38:34:00	50	8,57	17,88
38:35:00	50	8,57	17,88
38:36:00	49	8,57	17,88
38:37:00	50	8,57	17,88
38:38:00	50	8,57	17,88
38:39:00	50	8,57	17,88
38:40:00	50	8,57	17,88
38:41:00	50	8,57	17,88
38:42:00	50	8,57	17,88
38:43:00	50	8,57	17,88
38:44:00	49	8,57	17,88
38:45:00	50	8,57	17,88
38:46:00	50	8,57	17,88
38:47:00	50	8,57	17,88
38:48:00	50	8,57	17,88
38:49:00	50	8,57	17,88
38:50:00	50	8,57	17,88
38:51:00	50	8,57	17,88
38:52:00	50	8,57	17,88
38:53:00	50	8,57	17,88
38:54:00	50	8,57	17,88
38:55:00	49	8,57	17,88
38:56:00	50	8,57	17,88
38:57:00	50	8,57	17,88
38:58:00	50	8,56	17,95
38:59:00	50	8,56	17,95
39:00:00	50	8,56	17,95
39:01:00	49	8,56	17,95
39:02:00	50	8,56	17,95
39:03:00	50	8,56	17,95
39:04:00	50	8,56	17,95
39:05:00	50	8,56	17,95
39:06:00	50	8,56	17,95
39:07:00	50	8,56	17,95
39:08:00	50	8,56	17,95
39:09:00	50	8,56	17,95
39:10:00	50	8,56	17,95
39:11:00	50	8,56	17,95
39:12:00	50	8,56	17,95
39:13:00	49	8,56	17,95
39:14:00	50	8,56	17,95
39:15:00	50	8,56	17,95
39:16:00	50	8,56	17,95
39:17:00	50	8,56	17,95
39:18:00	50	8,56	17,95
39:19:00	50	8,56	17,95
39:20:00	50	8,55	18,03
39:21:00	50	8,56	17,95
39:22:00	50	8,56	17,95
39:23:00	50	8,56	17,95
39:24:00	50	8,56	17,95
39:25:00	50	8,56	17,95
39:26:00	50	8,56	17,95
39:27:00	50	8,55	18,03
39:28:00	50	8,55	18,03
39:29:00	50	8,55	18,03
39:30:00	50	8,55	18,03
39:31:00	50	8,55	18,03
39:32:00	50	8,55	18,03
39:33:00	50	8,55	18,03
39:34:00	50	8,55	18,03
39:35:00	50	8,55	18,03
39:36:00	50	8,55	18,03
39:37:00	50	8,55	18,03
39:38:00	50	8,55	18,03
39:39:00	50	8,55	18,03
39:40:00	50	8,55	18,03
39:41:00	50	8,55	18,03
39:42:00	50	8,55	18,03
39:43:00	50	8,55	18,03
39:44:00	50	8,55	18,03
39:45:00	50	8,55	18,03
39:46:00	50	8,55	18,03
39:47:00	50	8,55	18,03
39:48:00	50	8,55	18,03
39:49:00	50	8,55	18,03
39:50:00	50	8,55	18,03
39:51:00	50	8,55	18,03
39:52:00	49	8,55	18,11
39:53:00	50	8,55	18,03
39:54:00	50	8,55	18,03
39:55:00	50	8,55	18,11
39:56:00	50	8,55	18,11
39:57:00	50	8,55	18,03
39:58:00	50	8,55	18,11
39:59:00	49	8,55	18,11
40:00:00	50	8,55	18,03
40:01:00	50	8,55	18,11
40:02:00	50	8,55	18,11
40:03:00	50	8,55	18,11
40:04:00	50	8,55	18,11
40:05:00	50	8,55	18,11
40:06:00	50	8,55	18,11
40:07:00	49	8,55	18,11
40:08:00	50	8,55	18,11
40:09:00	50	8,55	18,11
40:10:00	50	8,55	18,11
40:11:00	50	8,55	18,11
40:12:00	50	8,55	18,11
40:13:00	50	8,55	18,11
40:14:00	50	8,55	18,11
40:15:00	50	8,55	18,11
40:16:00	50	8,55	18,11
40:17:00	50	8,55	18,11
40:18:00	50	8,55	18,11
40:19:00	50	8,55	18,11
40:20:00	50	8,55	18,11
40:21:00	50	8,55	18,11
40:22:00	50	8,55	18,11
40:23:00	50	8,55	18,11
40:24:00	50	8,55	18,11
40:25:00	50	8,55	18,11
40:26:00	50	8,55	18,11
40:27:00	50	8,55	18,11
40:28:00	50	8,54	18,18
40:29:00	49	8,54	18,18
40:30:00	49	8,54	18,18
40:31:00	50	8,54	18,18
40:32:00	50	8,54	18,18
40:33:00	50	8,54	18,18
40:34:00	50	8,54	18,18
40:35:00	50	8,54	18,18
40:36:00	50	8,54	18,18
40:37:00	50	8,54	18,18
40:38:00	50	8,54	18,18
40:39:00	50	8,54	18,18
40:40:00	50	8,54	18,18
40:41:00	50	8,54	18,18
40:42:00	50	8,54	18,18
40:43:00	50	8,54	18,18
40:44:00	50	8,54	18,18
40:45:00	49	8,54	18,18
40:46:00	50	8,54	18,18
40:47:00	50	8,54	18,18
40:48:00	50	8,54	18,18
40:49:00	50	8,54	18,18
40:50:00	50	8,54	18,18
40:51:00	50	8,54	18,18
40:52:00	50	8,54	18,18
40:53:00	50	8,54	18,18
40:54:00	50	8,53	18,26
40:55:00	50	8,54	18,18
40:56:00	50	8,53	18,26
40:57:00	50	8,54	18,18
40:58:00	50	8,53	18,26
40:59:00	50	8,54	18,18
41:00:00	50	8,53	18,26
41:01:00	50	8,53	18,26
41:02:00	49	8,53	18,26
41:03:00	49	8,53	18,26
41:04:00	50	8,53	18,26
41:05:00	50	8,53	18,26
41:06:00	50	8,53	18,26
41:07:00	50	8,53	18,26
41:08:00	49	8,53	18,26
41:09:00	50	8,53	18,26
41:10:00	50	8,53	18,26
41:11:00	49	8,53	18,26
41:12:00	50	8,53	18,26
41:13:00	50	8,53	18,26
41:14:00	50	8,53	18,26
41:15:00	50	8,53	18,26
41:16:00	50	8,53	18,26
41:17:00	50	8,53	18,26
41:18:00	50	8,53	18,26
41:19:00	50	8,53	18,26
41:20:00	50	8,53	18,26
41:21:00	50	8,53	18,26
41:22:00	50	8,53	18,26
41:23:00	50	8,53	18,26
41:24:00	50	8,53	18,26
41:25:00	50	8,53	18,26
41:26:00	50	8,53	18,26
41:27:00	50	8,53	18,26
41:28:00	50	8,52	18,34
41:29:00	50	8,53	18,26
41:30:00	50	8,53	18,26
41:31:00	50	8,52	18,34
41:32:00	50	8,53	18,26
41:33:00	50	8,52	18,34
41:34:00	50	8,53	18,26
41:35:00	50	8,52	18,34
41:36:00	50	8,52	18,34
41:37:00	50	8,52	18,34
41:38:00	50	8,52	18,34
41:39:00	50	8,52	18,34
41:40:00	50	8,52	18,34
41:41:00	50	8,52	18,34
41:42:00	49	8,52	18,34
41:43:00	49	8,52	18,34
41:44:00	50	8,52	18,34
41:45:00	50	8,52	18,34
41:46:00	50	8,52	18,34
41:47:00	50	8,52	18,34
41:48:00	50	8,52	18,34
41:49:00	50	8,52	18,34
41:50:00	50	8,52	18,34
41:51:00	50	8,52	18,34
41:52:00	50	8,52	18,34
41:53:00	49	8,52	18,34
41:54:00	50	8,52	18,34
41:55:00	50	8,52	18,34
41:56:00	49	8,52	18,34
41:57:00	49	8,52	18,34
41:58:00	49	8,52	18,34
41:59:00	50	8,52	18,34
42:00:00	50	8,52	18,34
42:01:00	50	8,52	18,34
42:02:00	50	8,52	18,34
42:03:00	50	8,52	18,34
42:04:00	50	8,52	18,42
42:05:00	50	8,52	18,42
42:06:00	50	8,52	18,42
42:07:00	50	8,52	18,42
42:08:00	50	8,52	18,42
42:09:00	50	8,52	18,42
42:10:00	50	8,52	18,42
42:11:00	50	8,52	18,42
42:12:00	50	8,52	18,42
42:13:00	50	8,52	18,42
42:14:00	50	8,52	18,42
42:15:00	50	8,52	18,42
42:16:00	50	8,52	18,42
42:17:00	50	8,52	18,42
42:18:00	50	8,52	18,42
42:19:00	50	8,52	18,42
42:20:00	50	8,52	18,42
42:21:00	50	8,52	18,42
42:22:00	50	8,52	18,42
42:23:00	50	8,52	18,42
42:24:00	50	8,52	18,42
42:25:00	50	8,52	18,42
42:26:00	49	8,52	18,42
42:27:00	50	8,52	18,42
42:28:00	50	8,52	18,42
42:29:00	50	8,52	18,42
42:30:00	50	8,52	18,42
42:31:00	50	8,52	18,42
42:32:00	50	8,52	18,42
42:33:00	50	8,52	18,42
42:34:00	50	8,52	18,42
42:35:00	50	8,51	18,49
42:36:00	50	8,51	18,49
42:37:00	50	8,52	18,42
42:38:00	50	8,52	18,42
42:39:00	50	8,52	18,42
42:40:00	50	8,52	18,42
42:41:00	50	8,51	18,49
42:42:00	50	8,51	18,49
42:43:00	50	8,51	18,49
42:44:00	50	8,52	18,42
42:45:00	50	8,51	18,49
42:46:00	50	8,51	18,49
42:47:00	50	8,51	18,49
42:48:00	50	8,51	18,49
42:49:00	50	8,51	18,49
42:50:00	50	8,51	18,49
42:51:00	50	8,51	18,49
42:52:00	50	8,51	18,49
42:53:00	50	8,51	18,49
42:54:00	50	8,51	18,49
42:55:00	50	8,51	18,49
42:56:00	50	8,51	18,49
42:57:00	50	8,51	18,49
42:58:00	50	8,51	18,49
42:59:00	50	8,51	18,49
43:00:00	50	8,51	18,49
43:01:00	50	8,51	18,49
43:02:00	50	8,51	18,49
43:03:00	50	8,51	18,49
43:04:00	50	8,51	18,49
43:05:00	50	8,51	18,49
43:06:00	50	8,51	18,49
43:07:00	50	8,51	18,49
43:08:00	50	8,51	18,49
43:09:00	50	8,51	18,49
43:10:00	50	8,51	18,49
43:11:00	50	8,51	18,49
43:12:00	50	8,51	18,49
43:13:00	49	8,51	18,49
43:14:00	50	8,51	18,49
43:15:00	50	8,51	18,49
43:16:00	50	8,50	18,57
43:17:00	49	8,50	18,57
43:18:00	50	8,50	18,57
43:19:00	50	8,50	18,57
43:20:00	50	8,50	18,57
43:21:00	50	8,50	18,57
43:22:00	50	8,50	18,57
43:23:00	50	8,50	18,57
43:24:00	49	8,50	18,57
43:25:00	50	8,50	18,57
43:26:00	50	8,50	18,57
43:27:00	50	8,50	18,57
43:28:00	50	8,50	18,57
43:29:00	49	8,50	18,57
43:30:00	50	8,50	18,57
43:31:00	50	8,50	18,57
43:32:00	50	8,50	18,57
43:33:00	50	8,50	18,57
43:34:00	50	8,50	18,57
43:35:00	50	8,50	18,57
43:36:00	50	8,50	18,57
43:37:00	50	8,50	18,57
43:38:00	50	8,50	18,57
43:39:00	50	8,50	18,57
43:40:00	50	8,50	18,57
43:41:00	50	8,50	18,57
43:42:00	50	8,50	18,57
43:43:00	50	8,50	18,57
43:44:00	50	8,50	18,57
43:45:00	50	8,50	18,57
43:46:00	50	8,50	18,57
43:47:00	49	8,50	18,57
43:48:00	50	8,50	18,57
43:49:00	50	8,50	18,57
43:50:00	50	8,50	18,57
43:51:00	50	8,49	18,65
43:52:00	50	8,50	18,57
43:53:00	50	8,50	18,57
43:54:00	50	8,49	18,65
43:55:00	50	8,49	18,65
43:56:00	50	8,49	18,65
43:57:00	50	8,49	18,65
43:58:00	50	8,49	18,65
43:59:00	50	8,49	18,65
44:00:00	50	8,49	18,65
44:01:00	50	8,49	18,65
44:02:00	50	8,49	18,65
44:03:00	50	8,49	18,65
44:04:00	50	8,49	18,65
44:05:00	50	8,49	18,65
44:06:00	50	8,49	18,65
44:07:00	50	8,49	18,65
44:08:00	50	8,49	18,65
44:09:00	50	8,49	18,65
44:10:00	49	8,49	18,65
44:11:00	50	8,49	18,65
44:12:00	50	8,49	18,65
44:13:00	50	8,49	18,65
44:14:00	50	8,49	18,65
44:15:00	50	8,49	18,65
44:16:00	50	8,49	18,65
44:17:00	49	8,49	18,65
44:18:00	50	8,49	18,65
44:19:00	50	8,49	18,65
44:20:00	50	8,49	18,65
44:21:00	50	8,49	18,65
44:22:00	50	8,49	18,65
44:23:00	50	8,49	18,73
44:24:00	50	8,49	18,73
44:25:00	50	8,49	18,73
44:26:00	50	8,49	18,73
44:27:00	50	8,49	18,73
44:28:00	50	8,49	18,73
44:29:00	50	8,49	18,73
44:30:00	50	8,49	18,73
44:31:00	50	8,49	18,73
44:32:00	50	8,49	18,73
44:33:00	50	8,49	18,73
44:34:00	50	8,49	18,73
44:35:00	50	8,49	18,73
44:36:00	50	8,49	18,73
44:37:00	50	8,49	18,73
44:38:00	50	8,49	18,73
44:39:00	49	8,49	18,73
44:40:00	49	8,49	18,73
44:41:00	50	8,49	18,73
44:42:00	50	8,49	18,73
44:43:00	50	8,49	18,73
44:44:00	50	8,49	18,73
44:45:00	50	8,49	18,73
44:46:00	50	8,49	18,73
44:47:00	50	8,49	18,73
44:48:00	50	8,49	18,73
44:49:00	50	8,49	18,73
44:50:00	50	8,49	18,73
44:51:00	50	8,49	18,73
44:52:00	50	8,49	18,73
44:53:00	50	8,49	18,73
44:54:00	50	8,49	18,73
44:55:00	50	8,49	18,73
44:56:00	50	8,49	18,73
44:57:00	50	8,49	18,73
44:58:00	50	8,49	18,73
44:59:00	49	8,49	18,73
45:00:00	50	8,48	18,81
45:01:00	50	8,49	18,73
45:02:00	50	8,48	18,81
45:03:00	50	8,48	18,81
45:04:00	50	8,48	18,81
45:05:00	50	8,48	18,81
45:06:00	50	8,48	18,81
45:07:00	50	8,48	18,81
45:08:00	50	8,48	18,81
45:09:00	50	8,48	18,81
45:10:00	50	8,48	18,81
45:11:00	50	8,48	18,81
45:12:00	50	8,48	18,81
45:13:00	49	8,48	18,81
45:14:00	50	8,48	18,81
45:15:00	50	8,48	18,81
45:16:00	50	8,48	18,81
45:17:00	50	8,48	18,81
45:18:00	50	8,48	18,81
45:19:00	50	8,48	18,81
45:20:00	50	8,48	18,81
45:21:00	50	8,48	18,81
45:22:00	50	8,48	18,81
45:23:00	50	8,48	18,81
45:24:00	50	8,48	18,81
45:25:00	50	8,48	18,81
45:26:00	50	8,48	18,81
45:27:00	50	8,48	18,81
45:28:00	50	8,48	18,81
45:29:00	50	8,48	18,81
45:30:00	49	8,48	18,81
45:31:00	50	8,48	18,81
45:32:00	50	8,48	18,81
45:33:00	50	8,48	18,81
45:34:00	50	8,48	18,81
45:35:00	50	8,48	18,81
45:36:00	50	8,47	18,89
45:37:00	50	8,47	18,89
45:38:00	50	8,48	18,81
45:39:00	49	8,48	18,81
45:40:00	49	8,48	18,81
45:41:00	50	8,48	18,81
45:42:00	50	8,48	18,81
45:43:00	50	8,48	18,81
45:44:00	50	8,48	18,81
45:45:00	50	8,47	18,89
45:46:00	50	8,47	18,89
45:47:00	49	8,47	18,89
45:48:00	50	8,48	18,81
45:49:00	50	8,47	18,89
45:50:00	50	8,47	18,89
45:51:00	50	8,47	18,89
45:52:00	50	8,47	18,89
45:53:00	50	8,47	18,89
45:54:00	50	8,47	18,89
45:55:00	50	8,47	18,89
45:56:00	50	8,47	18,89
45:57:00	50	8,47	18,89
45:58:00	50	8,47	18,89
45:59:00	50	8,47	18,89
46:00:00	50	8,47	18,89
46:01:00	50	8,47	18,89
46:02:00	50	8,47	18,89
46:03:00	50	8,47	18,89
46:04:00	50	8,47	18,89
46:05:00	50	8,47	18,89
46:06:00	50	8,47	18,89
46:07:00	50	8,47	18,89
46:08:00	50	8,47	18,89
46:09:00	50	8,47	18,89
46:10:00	50	8,47	18,89
46:11:00	50	8,47	18,89
46:12:00	50	8,47	18,89
46:13:00	50	8,46	18,97
46:14:00	50	8,47	18,89
46:15:00	50	8,47	18,89
46:16:00	50	8,47	18,89
46:17:00	50	8,47	18,89
46:18:00	50	8,47	18,89
46:19:00	50	8,46	18,97
46:20:00	50	8,46	18,97
46:21:00	50	8,47	18,89
46:22:00	50	8,47	18,89
46:23:00	50	8,46	18,97
46:24:00	50	8,46	18,97
46:25:00	50	8,46	18,97
46:26:00	50	8,46	18,97
46:27:00	50	8,46	18,97
46:28:00	50	8,46	18,97
46:29:00	50	8,46	18,97
46:30:00	50	8,46	18,97
46:31:00	50	8,46	18,97
46:32:00	50	8,46	18,97
46:33:00	50	8,46	18,97
46:34:00	49	8,46	18,97
46:35:00	50	8,46	18,97
46:36:00	50	8,46	18,97
46:37:00	50	8,46	18,97
46:38:00	50	8,46	18,97
46:39:00	50	8,46	18,97
46:40:00	50	8,46	18,97
46:41:00	50	8,46	18,97
46:42:00	50	8,46	18,97
46:43:00	50	8,46	18,97
46:44:00	50	8,46	18,97
46:45:00	50	8,46	18,97
46:46:00	50	8,46	18,97
46:47:00	50	8,46	18,97
46:48:00	50	8,46	18,97
46:49:00	50	8,46	18,97
46:50:00	50	8,46	18,97
46:51:00	49	8,46	18,97
46:52:00	50	8,46	18,97
46:53:00	50	8,46	18,97
46:54:00	50	8,46	18,97
46:55:00	50	8,46	18,97
46:56:00	50	8,46	18,97
46:57:00	50	8,46	18,97
46:58:00	50	8,46	19,06
46:59:00	50	8,46	18,97
47:00:00	50	8,46	18,97
47:01:00	50	8,46	18,97
47:02:00	50	8,46	18,97
47:03:00	50	8,46	19,06
47:04:00	50	8,46	19,06
47:05:00	50	8,46	19,06
47:06:00	50	8,46	19,06
47:07:00	50	8,46	19,06
47:08:00	50	8,46	18,97
47:09:00	50	8,46	19,06
47:10:00	50	8,46	19,06
47:11:00	50	8,46	19,06
47:12:00	49	8,46	19,06
47:13:00	50	8,46	19,06
47:14:00	50	8,46	19,06
47:15:00	50	8,46	19,06
47:16:00	50	8,46	19,06
47:17:00	50	8,46	19,06
47:18:00	50	8,46	19,06
47:19:00	50	8,46	19,06
47:20:00	50	8,46	19,06
47:21:00	50	8,46	19,06
47:22:00	50	8,46	19,06
47:23:00	50	8,46	19,06
47:24:00	50	8,46	19,06
47:25:00	49	8,46	19,06
47:26:00	50	8,46	19,06
47:27:00	50	8,46	19,06
47:28:00	50	8,46	19,06
47:29:00	50	8,46	19,06
47:30:00	50	8,46	19,06
47:31:00	50	8,46	19,06
47:32:00	50	8,46	19,06
47:33:00	50	8,46	19,06
47:34:00	50	8,46	19,06
47:35:00	50	8,46	19,06
47:36:00	50	8,46	19,06
47:37:00	50	8,46	19,06
47:38:00	50	8,46	19,06
47:39:00	50	8,46	19,06
47:40:00	50	8,45	19,14
47:41:00	50	8,46	19,06
47:42:00	50	8,46	19,06
47:43:00	50	8,45	19,14
47:44:00	50	8,46	19,06
47:45:00	50	8,46	19,06
47:46:00	50	8,45	19,14
47:47:00	49	8,45	19,14
47:48:00	50	8,46	19,06
47:49:00	50	8,45	19,14
47:50:00	50	8,45	19,14
47:51:00	50	8,45	19,14
47:52:00	50	8,45	19,14
47:53:00	49	8,45	19,14
47:54:00	50	8,45	19,14
47:55:00	50	8,45	19,14
47:56:00	50	8,45	19,14
47:57:00	50	8,45	19,14
47:58:00	50	8,45	19,14
47:59:00	49	8,45	19,14
48:00:00	50	8,45	19,14
48:01:00	50	8,45	19,14
48:02:00	50	8,45	19,14
48:03:00	50	8,45	19,14
48:04:00	49	8,45	19,14
48:05:00	50	8,45	19,14
48:06:00	50	8,45	19,14
48:07:00	50	8,45	19,14
48:08:00	50	8,45	19,14
48:09:00	50	8,45	19,14
48:10:00	50	8,45	19,14
48:11:00	50	8,45	19,14
48:12:00	50	8,45	19,14
48:13:00	50	8,45	19,14
48:14:00	50	8,45	19,14
48:15:00	50	8,45	19,14
48:16:00	50	8,45	19,14
48:17:00	50	8,45	19,14
48:18:00	50	8,45	19,14
48:19:00	50	8,45	19,14
48:20:00	50	8,45	19,14
48:21:00	50	8,45	19,14
48:22:00	50	8,45	19,14
48:23:00	50	8,45	19,14
48:24:00	50	8,45	19,14
48:25:00	50	8,44	19,22
48:26:00	50	8,44	19,22
48:27:00	50	8,44	19,22
48:28:00	50	8,44	19,22
48:29:00	50	8,44	19,22
48:30:00	49	8,44	19,22
48:31:00	50	8,44	19,22
48:32:00	50	8,44	19,22
48:33:00	50	8,44	19,22
48:34:00	50	8,44	19,22
48:35:00	50	8,44	19,22
48:36:00	50	8,44	19,22
48:37:00	50	8,44	19,22
48:38:00	50	8,44	19,22
48:39:00	50	8,44	19,22
48:40:00	50	8,44	19,22
48:41:00	50	8,44	19,22
48:42:00	50	8,44	19,22
48:43:00	50	8,44	19,22
48:44:00	50	8,44	19,22
48:45:00	50	8,44	19,22
48:46:00	50	8,44	19,22
48:47:00	50	8,44	19,22
48:48:00	50	8,44	19,22
48:49:00	50	8,44	19,22
48:50:00	50	8,44	19,22
48:51:00	50	8,44	19,22
48:52:00	50	8,44	19,22
48:53:00	50	8,44	19,22
48:54:00	50	8,44	19,22
48:55:00	50	8,44	19,22
48:56:00	50	8,44	19,22
48:57:00	50	8,44	19,22
48:58:00	50	8,44	19,22
48:59:00	50	8,44	19,22
49:00:00	50	8,44	19,22
49:01:00	50	8,44	19,22
49:02:00	50	8,44	19,22
49:03:00	50	8,44	19,22
49:04:00	50	8,44	19,22
49:05:00	50	8,44	19,22
49:06:00	50	8,43	19,30
49:07:00	50	8,44	19,22
49:08:00	49	8,43	19,30
49:09:00	50	8,44	19,22
49:10:00	50	8,43	19,30
49:11:00	50	8,43	19,30
49:12:00	50	8,44	19,22
49:13:00	49	8,44	19,22
49:14:00	50	8,43	19,30
49:15:00	50	8,43	19,30
49:16:00	50	8,44	19,22
49:17:00	50	8,43	19,30
49:18:00	49	8,43	19,30
49:19:00	50	8,43	19,30
49:20:00	50	8,43	19,30
49:21:00	50	8,43	19,30
49:22:00	50	8,43	19,30
49:23:00	50	8,43	19,30
49:24:00	50	8,43	19,30
49:25:00	50	8,43	19,30
49:26:00	49	8,43	19,30
49:27:00	50	8,43	19,30
49:28:00	50	8,43	19,30
49:29:00	50	8,43	19,30
49:30:00	50	8,43	19,30
49:31:00	50	8,43	19,30
49:32:00	50	8,43	19,30
49:33:00	49	8,43	19,30
49:34:00	49	8,43	19,30
49:35:00	50	8,43	19,30
49:36:00	49	8,43	19,30
49:37:00	49	8,43	19,30
49:38:00	50	8,43	19,30
49:39:00	50	8,43	19,30
49:40:00	50	8,43	19,30
49:41:00	49	8,43	19,30
49:42:00	50	8,43	19,30
49:43:00	50	8,43	19,30
49:44:00	50	8,43	19,30
49:45:00	50	8,43	19,30
49:46:00	50	8,43	19,30
49:47:00	50	8,43	19,30
49:48:00	50	8,43	19,30
49:49:00	50	8,43	19,30
49:50:00	50	8,43	19,30
49:51:00	50	8,43	19,30
49:52:00	50	8,43	19,39
49:53:00	50	8,43	19,30
49:54:00	50	8,43	19,39
49:55:00	50	8,43	19,30
49:56:00	50	8,43	19,39
49:57:00	49	8,43	19,39
49:58:00	50	8,43	19,39
49:59:00	50	8,43	19,39
50:00:00	49	8,43	19,39
50:01:00	50	8,43	19,39
50:02:00	50	8,43	19,39
50:03:00	50	8,43	19,39
50:04:00	50	8,43	19,39
50:05:00	50	8,43	19,39
50:06:00	50	8,43	19,39
50:07:00	50	8,43	19,39
50:08:00	50	8,43	19,39
50:09:00	50	8,43	19,39
50:10:00	50	8,43	19,39
50:11:00	50	8,43	19,39
50:12:00	50	8,43	19,39
50:13:00	50	8,43	19,39
50:14:00	50	8,43	19,39
50:15:00	50	8,43	19,39
50:16:00	50	8,43	19,39
50:17:00	50	8,43	19,39
50:18:00	50	8,43	19,39
50:19:00	50	8,43	19,39
50:20:00	49	8,43	19,39
50:21:00	50	8,43	19,39
50:22:00	50	8,43	19,39
50:23:00	50	8,43	19,39
50:24:00	50	8,43	19,39
50:25:00	50	8,43	19,39
50:26:00	50	8,43	19,39
50:27:00	50	8,42	19,47
50:28:00	50	8,43	19,39
50:29:00	50	8,43	19,39
50:30:00	50	8,43	19,39
50:31:00	50	8,43	19,39
50:32:00	50	8,43	19,39
50:33:00	50	8,43	19,39
50:34:00	50	8,42	19,47
50:35:00	50	8,43	19,39
50:36:00	50	8,43	19,39
50:37:00	49	8,43	19,39
50:38:00	50	8,43	19,39
50:39:00	50	8,42	19,47
50:40:00	50	8,42	19,47
50:41:00	50	8,42	19,47
50:42:00	50	8,42	19,47
50:43:00	50	8,42	19,47
50:44:00	50	8,42	19,47
50:45:00	50	8,42	19,47
50:46:00	50	8,42	19,47
50:47:00	50	8,42	19,47
50:48:00	50	8,42	19,47
50:49:00	50	8,42	19,47
50:50:00	50	8,42	19,47
50:51:00	50	8,42	19,47
50:52:00	50	8,42	19,47
50:53:00	50	8,42	19,47
50:54:00	50	8,42	19,47
50:55:00	50	8,42	19,47
50:56:00	49	8,42	19,47
50:57:00	50	8,42	19,47
50:58:00	50	8,42	19,47
50:59:00	50	8,42	19,47
51:00:00	50	8,42	19,47
51:01:00	50	8,42	19,47
51:02:00	50	8,42	19,47
51:03:00	50	8,42	19,47
51:04:00	50	8,42	19,47
51:05:00	50	8,42	19,47
51:06:00	50	8,42	19,47
51:07:00	50	8,42	19,47
51:08:00	50	8,42	19,47
51:09:00	50	8,42	19,47
51:10:00	50	8,42	19,47
51:11:00	50	8,42	19,47
51:12:00	50	8,42	19,47
51:13:00	49	8,42	19,47
51:14:00	50	8,42	19,47
51:15:00	50	8,42	19,47
51:16:00	49	8,42	19,47
51:17:00	50	8,42	19,47
