--Test Summary--
Full Path and File Name	
Instrument Name	7222-2
Instrument Type	Model 7222 Consistometer
Instrument Serial Number	128
Test Start Date	26.03.2009
Test Start Time	18:33:02
Test Stop Date	27.03.2009
Test Stop Time	0:51:03
Test Length	6:18:01
Final Sample Time Offset	6:18:00
Controller Schedule Name	
Sampling Period	60 seconds
Comments	MPa: 10(45), T:40(45)
Information	WellID	Kurmangazy2
Information	Customer	LUKoil-Shelf
Information	CementClass	G
Information	CementMfr	Dykerhoff (Germany)
Information	Additives	no
Information	Density	1900
Information	BHCT	40
Information	BHST	50
Information	FluidLoss	
Information	JobType	339.7 mm csg
Calculated Value	30Bc - TT	2:31:00
Calculated Value	70Bc - TT	6:18:00
Calculated Value	100Bc - TT	N/A
Initial Temperature (°C)	24 °C
Final Temperature (°C)	39 °C
Initial Pressure (MPa)	0,7 MPa
Final Pressure (MPa)	10,1 MPa
Initial Consistency (Bc)	14 Bc
Final Consistency (Bc)	73 Bc
--Data--
Time (HH:MM:SS)	Temperature (°C)	Pressure (MPa)	Consistency (Bc)
0:00:00	24	0,7	14
0:01:00	25	2,1	12
0:02:00	25	2,3	9
0:03:00	25	2,6	9
0:04:00	25	3,1	8
0:05:00	25	3,5	9
0:06:00	25	3,7	10
0:07:00	26	3,9	10
0:08:00	26	4,0	9
0:09:00	27	4,1	10
0:10:00	27	4,3	10
0:11:00	28	4,5	10
0:12:00	28	4,3	12
0:13:00	28	4,6	12
0:14:00	29	4,8	12
0:15:00	29	5,0	13
0:16:00	30	5,2	12
0:17:00	30	5,5	13
0:18:00	31	5,8	12
0:19:00	31	5,4	13
0:20:00	31	5,7	13
0:21:00	32	6,0	13
0:22:00	32	6,2	13
0:23:00	32	6,4	13
0:24:00	33	6,8	13
0:25:00	33	7,0	13
0:26:00	33	7,3	13
0:27:00	34	6,9	14
0:28:00	34	7,2	14
0:29:00	34	7,5	14
0:30:00	35	7,8	14
0:31:00	35	8,1	14
0:32:00	35	7,5	13
0:33:00	36	8,1	14
0:34:00	36	8,4	14
0:35:00	36	8,7	14
0:36:00	37	9,0	14
0:37:00	37	8,4	15
0:38:00	38	8,9	15
0:39:00	38	9,2	15
0:40:00	38	9,6	15
0:41:00	39	9,9	15
0:42:00	39	10,1	15
0:43:00	39	9,9	16
0:44:00	40	10,2	16
0:45:00	40	10,5	16
0:46:00	40	10,5	16
0:47:00	41	10,3	16
0:48:00	41	10,1	16
0:49:00	41	10,2	16
0:50:00	41	10,1	17
0:51:00	41	10,2	17
0:52:00	40	10,1	17
0:53:00	40	10,2	17
0:54:00	40	10,2	17
0:55:00	40	10,2	17
0:56:00	40	10,2	17
0:57:00	40	10,2	17
0:58:00	40	10,2	17
0:59:00	40	10,2	17
1:00:00	40	10,2	17
1:01:00	40	10,2	17
1:02:00	40	10,2	18
1:03:00	40	10,2	18
1:04:00	40	10,2	18
1:05:00	40	10,2	18
1:06:00	40	10,2	18
1:07:00	40	10,2	18
1:08:00	40	10,2	18
1:09:00	40	10,2	18
1:10:00	40	10,2	18
1:11:00	40	10,2	18
1:12:00	40	10,2	18
1:13:00	40	10,2	18
1:14:00	40	10,3	18
1:15:00	40	10,2	18
1:16:00	40	10,2	18
1:17:00	40	10,2	18
1:18:00	40	10,2	18
1:19:00	40	10,2	18
1:20:00	40	10,2	18
1:21:00	40	10,2	18
1:22:00	40	10,2	18
1:23:00	40	10,2	18
1:24:00	40	10,2	19
1:25:00	40	10,2	19
1:26:00	40	10,2	19
1:27:00	40	10,2	19
1:28:00	40	10,2	19
1:29:00	40	10,2	19
1:30:00	40	10,2	19
1:31:00	40	10,2	19
1:32:00	40	10,2	19
1:33:00	40	10,2	19
1:34:00	40	10,2	19
1:35:00	40	10,2	19
1:36:00	40	10,2	19
1:37:00	40	10,2	19
1:38:00	40	10,2	19
1:39:00	40	10,2	20
1:40:00	40	10,2	20
1:41:00	40	10,1	20
1:42:00	40	10,1	20
1:43:00	40	10,1	20
1:44:00	40	10,1	20
1:45:00	40	10,1	20
1:46:00	40	10,1	20
1:47:00	40	10,1	20
1:48:00	40	10,1	21
1:49:00	40	10,1	21
1:50:00	40	10,2	21
1:51:00	40	10,2	21
1:52:00	40	10,2	21
1:53:00	40	10,1	21
1:54:00	40	10,1	21
1:55:00	40	10,1	21
1:56:00	40	10,1	21
1:57:00	40	10,1	22
1:58:00	40	10,1	22
1:59:00	40	10,1	22
2:00:00	40	10,1	22
2:01:00	40	10,1	22
2:02:00	40	10,1	22
2:03:00	40	10,1	22
2:04:00	40	10,2	23
2:05:00	40	10,1	23
2:06:00	40	10,1	23
2:07:00	40	10,1	23
2:08:00	40	10,1	24
2:09:00	40	10,1	24
2:10:00	40	10,2	24
2:11:00	40	10,1	24
2:12:00	40	10,2	25
2:13:00	40	10,1	25
2:14:00	40	10,2	25
2:15:00	40	10,1	25
2:16:00	40	10,2	26
2:17:00	40	10,2	26
2:18:00	40	10,1	26
2:19:00	40	10,1	26
2:20:00	40	10,2	27
2:21:00	40	10,2	27
2:22:00	40	10,2	27
2:23:00	40	10,1	27
2:24:00	40	10,1	28
2:25:00	40	10,1	28
2:26:00	40	10,2	28
2:27:00	40	10,2	29
2:28:00	40	10,2	29
2:29:00	40	10,1	30
2:30:00	40	10,1	30
2:31:00	40	10,1	31
2:32:00	40	10,1	31
2:33:00	40	10,1	32
2:34:00	40	10,1	32
2:35:00	40	10,1	32
2:36:00	40	10,1	32
2:37:00	40	10,1	33
2:38:00	40	10,2	33
2:39:00	40	10,1	34
2:40:00	40	10,1	34
2:41:00	40	10,1	34
2:42:00	40	10,2	34
2:43:00	40	10,2	35
2:44:00	40	10,2	35
2:45:00	40	10,1	35
2:46:00	40	10,1	36
2:47:00	40	10,1	36
2:48:00	40	10,1	36
2:49:00	40	10,1	37
2:50:00	40	10,1	37
2:51:00	40	10,1	38
2:52:00	40	10,2	39
2:53:00	40	10,2	39
2:54:00	40	10,1	40
2:55:00	40	10,2	40
2:56:00	40	10,1	41
2:57:00	40	10,1	41
2:58:00	40	10,1	41
2:59:00	40	10,2	42
3:00:00	40	10,1	42
3:01:00	40	10,1	43
3:02:00	40	10,1	44
3:03:00	40	10,1	45
3:04:00	40	10,1	45
3:05:00	40	10,1	46
3:06:00	40	10,1	47
3:07:00	40	10,1	48
3:08:00	40	10,2	48
3:09:00	40	10,1	49
3:10:00	40	10,1	50
3:11:00	40	10,1	52
3:12:00	40	10,1	52
3:13:00	40	10,1	53
3:14:00	40	10,1	54
3:15:00	40	10,1	55
3:16:00	40	10,1	55
3:17:00	40	10,1	56
3:18:00	40	10,1	56
3:19:00	40	10,1	57
3:20:00	40	10,2	59
3:21:00	40	10,2	59
3:22:00	40	10,1	60
3:23:00	40	10,1	61
3:24:00	40	10,1	62
3:25:00	40	10,1	63
3:26:00	40	10,1	64
3:27:00	40	10,1	20
3:28:00	40	10,1	23
3:29:00	40	10,1	19
3:30:00	40	10,1	12
3:31:00	40	10,1	13
3:32:00	40	10,1	16
3:33:00	40	10,2	55
3:34:00	40	10,1	53
3:35:00	40	10,1	52
3:36:00	40	10,2	53
3:37:00	41	10,1	52
3:38:00	41	10,1	51
3:39:00	41	10,1	51
3:40:00	41	10,1	51
3:41:00	41	10,1	51
3:42:00	41	10,1	50
3:43:00	41	10,1	50
3:44:00	41	10,1	49
3:45:00	42	10,1	49
3:46:00	42	10,1	48
3:47:00	42	10,2	47
3:48:00	42	10,1	47
3:49:00	42	10,1	45
3:50:00	42	10,2	44
3:51:00	42	10,1	44
3:52:00	42	10,1	44
3:53:00	42	10,1	44
3:54:00	42	10,1	44
3:55:00	42	10,1	43
3:56:00	42	10,2	42
3:57:00	42	10,1	43
3:58:00	42	10,1	43
3:59:00	42	10,1	43
4:00:00	43	10,2	42
4:01:00	42	10,1	43
4:02:00	43	10,1	43
4:03:00	43	10,2	41
4:04:00	43	10,1	41
4:05:00	43	10,1	41
4:06:00	43	10,2	39
4:07:00	43	10,1	39
4:08:00	43	10,1	39
4:09:00	43	10,1	36
4:10:00	43	10,1	36
4:11:00	43	10,1	35
4:12:00	43	10,2	34
4:13:00	43	10,1	33
4:14:00	43	10,1	33
4:15:00	43	10,1	33
4:16:00	43	10,2	34
4:17:00	43	10,1	35
4:18:00	43	10,1	34
4:19:00	43	10,2	33
4:20:00	43	10,1	36
4:21:00	43	10,1	34
4:22:00	43	10,1	34
4:23:00	43	10,1	33
4:24:00	43	10,1	37
4:25:00	43	10,1	34
4:26:00	43	10,1	33
4:27:00	43	10,1	33
4:28:00	43	10,1	39
4:29:00	43	10,1	38
4:30:00	43	10,1	39
4:31:00	43	10,1	35
4:32:00	43	10,1	34
4:33:00	43	10,1	33
4:34:00	42	10,2	37
4:35:00	42	10,1	35
4:36:00	42	10,1	37
4:37:00	43	10,2	34
4:38:00	42	10,1	35
4:39:00	43	10,1	34
4:40:00	42	10,2	35
4:41:00	42	10,1	34
4:42:00	42	10,1	38
4:43:00	42	10,1	37
4:44:00	42	10,1	38
4:45:00	42	10,2	37
4:46:00	42	10,1	37
4:47:00	42	10,1	37
4:48:00	42	10,2	37
4:49:00	42	10,1	39
4:50:00	42	10,1	40
4:51:00	42	10,2	43
4:52:00	42	10,1	41
4:53:00	42	10,1	42
4:54:00	42	10,1	45
4:55:00	42	10,1	46
4:56:00	42	10,2	50
4:57:00	42	10,1	52
4:58:00	42	10,1	52
4:59:00	42	10,2	59
5:00:00	42	10,1	56
5:01:00	42	10,1	55
5:02:00	42	10,1	63
5:03:00	42	10,1	61
5:04:00	42	10,1	50
5:05:00	42	10,2	58
5:06:00	42	10,1	63
5:07:00	42	10,1	58
5:08:00	42	10,1	56
5:09:00	41	10,1	56
5:10:00	41	10,1	56
5:11:00	41	10,1	56
5:12:00	41	10,2	62
5:13:00	41	10,1	58
5:14:00	41	10,1	59
5:15:00	41	10,2	66
5:16:00	41	10,1	62
5:17:00	41	10,1	60
5:18:00	41	10,1	65
5:19:00	41	10,1	58
5:20:00	41	10,2	58
5:21:00	41	10,1	62
5:22:00	41	10,1	60
5:23:00	41	10,1	62
5:24:00	41	10,1	62
5:25:00	41	10,2	55
5:26:00	41	10,1	62
5:27:00	41	10,1	62
5:28:00	41	10,1	61
5:29:00	41	10,1	63
5:30:00	41	10,1	65
5:31:00	41	10,1	58
5:32:00	41	10,2	60
5:33:00	41	10,1	60
5:34:00	41	10,1	63
5:35:00	40	10,1	64
5:36:00	40	10,1	63
5:37:00	40	10,2	63
5:38:00	41	10,2	68
5:39:00	40	10,1	57
5:40:00	40	10,1	57
5:41:00	40	10,2	57
5:42:00	40	10,1	57
5:43:00	40	10,1	58
5:44:00	40	10,2	66
5:45:00	40	10,1	66
5:46:00	40	10,1	68
5:47:00	40	10,1	70
5:48:00	40	10,1	61
5:49:00	40	10,1	63
5:50:00	40	10,1	63
5:51:00	40	10,1	64
5:52:00	40	10,2	63
5:53:00	40	10,1	64
5:54:00	40	10,1	62
5:55:00	40	10,2	61
5:56:00	40	10,1	65
5:57:00	40	10,2	58
5:58:00	40	10,1	60
5:59:00	40	10,1	73
6:00:00	40	10,1	65
6:01:00	39	10,1	60
6:02:00	40	10,1	59
6:03:00	39	10,1	62
6:04:00	39	10,1	61
6:05:00	39	10,2	62
6:06:00	39	10,1	57
6:07:00	39	10,1	54
6:08:00	39	10,2	60
6:09:00	39	10,1	66
6:10:00	39	10,1	59
6:11:00	39	10,1	64
6:12:00	39	10,1	63
6:13:00	39	10,2	66
6:14:00	39	10,1	70
6:15:00	39	10,1	74
6:16:00	39	10,2	58
6:17:00	39	10,1	72
6:18:00	39	10,1	73
