--Test Summary--
Full Path and File Name	
Instrument Name	7222-2
Instrument Type	Model 7222 Consistometer
Instrument Serial Number	128
Test Start Date	15.09.2009
Test Start Time	15:17:30
Test Stop Date	15.09.2009
Test Stop Time	20:06:31
Test Length	4:49:01
Final Sample Time Offset	4:49:00
Controller Schedule Name	
Sampling Period	60 seconds
Comments	MPa: 25(120), T:45(120)
Information	WellID	
Information	Customer	Dragon
Information	CementClass	G
Information	CementMfr	Dykerhoff
Information	Additives	0.8gpsLX+20%MK85+0.45%HE400+1%RPM+0.4%SMS+0.4%LTR-100
Information	Density	1620
Information	BHCT	45
Information	BHST	
Information	FluidLoss	
Information	JobType	Research
Calculated Value	30Bc - TT	2:32:00
Calculated Value	70Bc - TT	4:49:00
Calculated Value	100Bc - TT	N/A
Initial Temperature (°C)	26 °C
Final Temperature (°C)	45 °C
Initial Pressure (MPa)	1,2 MPa
Final Pressure (MPa)	25,3 MPa
Initial Consistency (Bc)	13 Bc
Final Consistency (Bc)	77 Bc
--Data--
Time (HH:MM:SS)	Temperature (°C)	Pressure (MPa)	Consistency (Bc)
0:00:00	26	1,2	13
0:01:00	26	2,4	16
0:02:00	27	2,7	24
0:03:00	28	2,9	18
0:04:00	28	3,1	20
0:05:00	29	3,3	11
0:06:00	29	3,4	21
0:07:00	30	3,5	25
0:08:00	30	3,6	19
0:09:00	31	3,8	25
0:10:00	31	3,9	23
0:11:00	31	4,2	12
0:12:00	31	4,6	22
0:13:00	32	4,6	22
0:14:00	32	4,8	18
0:15:00	32	5,0	23
0:16:00	32	5,1	23
0:17:00	32	5,3	22
0:18:00	32	5,5	14
0:19:00	32	5,7	13
0:20:00	32	5,8	9
0:21:00	33	6,1	22
0:22:00	33	6,3	22
0:23:00	33	6,5	23
0:24:00	33	6,7	19
0:25:00	33	6,8	25
0:26:00	33	7,0	25
0:27:00	33	7,2	21
0:28:00	33	7,4	24
0:29:00	33	7,6	26
0:30:00	33	7,8	20
0:31:00	33	8,0	13
0:32:00	33	8,2	21
0:33:00	33	8,4	22
0:34:00	33	8,5	25
0:35:00	33	8,7	20
0:36:00	33	9,0	19
0:37:00	33	9,1	24
0:38:00	33	9,3	21
0:39:00	33	9,5	24
0:40:00	33	9,7	29
0:41:00	33	9,9	25
0:42:00	33	10,1	17
0:43:00	33	10,3	20
0:44:00	33	10,5	19
0:45:00	33	10,8	16
0:46:00	33	11,1	20
0:47:00	33	11,3	26
0:48:00	34	11,4	19
0:49:00	34	11,5	29
0:50:00	34	11,7	21
0:51:00	34	11,8	18
0:52:00	34	12,0	12
0:53:00	34	12,2	20
0:54:00	35	12,6	12
0:55:00	35	12,7	9
0:56:00	35	12,8	10
0:57:00	35	12,9	9
0:58:00	35	13,2	9
0:59:00	35	13,4	8
1:00:00	35	13,6	11
1:01:00	36	13,7	10
1:02:00	36	14,1	14
1:03:00	36	14,2	10
1:04:00	36	14,3	10
1:05:00	36	14,5	10
1:06:00	37	14,7	10
1:07:00	37	14,9	10
1:08:00	37	15,1	11
1:09:00	37	15,2	10
1:10:00	37	15,5	12
1:11:00	37	15,6	13
1:12:00	37	15,8	13
1:13:00	38	16,0	12
1:14:00	38	16,2	21
1:15:00	38	16,4	11
1:16:00	38	16,6	11
1:17:00	38	16,8	13
1:18:00	39	17,0	10
1:19:00	39	17,2	12
1:20:00	39	17,4	13
1:21:00	39	17,6	11
1:22:00	39	17,8	21
1:23:00	39	17,9	14
1:24:00	39	18,1	12
1:25:00	40	18,3	14
1:26:00	40	18,5	14
1:27:00	40	18,7	17
1:28:00	40	18,9	17
1:29:00	40	19,1	12
1:30:00	40	19,3	15
1:31:00	41	19,5	12
1:32:00	41	19,7	22
1:33:00	41	19,9	11
1:34:00	41	20,1	11
1:35:00	41	20,2	10
1:36:00	42	20,4	10
1:37:00	42	20,6	10
1:38:00	42	20,8	10
1:39:00	42	21,0	11
1:40:00	42	21,2	10
1:41:00	42	21,4	11
1:42:00	43	21,6	9
1:43:00	43	21,8	10
1:44:00	43	22,0	10
1:45:00	43	22,2	9
1:46:00	43	22,4	9
1:47:00	43	22,5	10
1:48:00	43	22,7	9
1:49:00	44	22,9	10
1:50:00	44	23,2	13
1:51:00	44	23,4	11
1:52:00	44	23,5	11
1:53:00	44	23,9	10
1:54:00	44	24,0	11
1:55:00	45	24,2	12
1:56:00	45	24,3	11
1:57:00	45	24,5	10
1:58:00	45	24,7	11
1:59:00	45	24,9	10
2:00:00	45	25,0	9
2:01:00	46	25,1	10
2:02:00	46	25,1	10
2:03:00	46	25,2	10
2:04:00	46	25,1	10
2:05:00	46	25,1	9
2:06:00	46	25,2	9
2:07:00	46	25,2	11
2:08:00	46	25,2	11
2:09:00	45	25,2	10
2:10:00	45	25,3	10
2:11:00	45	25,4	11
2:12:00	45	25,4	11
2:13:00	45	25,4	11
2:14:00	45	25,4	11
2:15:00	45	25,4	12
2:16:00	45	25,4	12
2:17:00	45	25,4	13
2:18:00	45	25,4	13
2:19:00	45	25,4	14
2:20:00	45	25,3	20
2:21:00	45	25,3	15
2:22:00	45	25,3	16
2:23:00	45	25,3	18
2:24:00	45	25,3	18
2:25:00	45	25,3	17
2:26:00	45	25,3	17
2:27:00	45	25,4	28
2:28:00	45	25,3	26
2:29:00	45	25,3	29
2:30:00	45	25,3	27
2:31:00	45	25,3	36
2:32:00	45	25,3	53
2:33:00	45	25,3	43
2:34:00	45	25,3	70
2:35:00	45	25,3	53
2:36:00	45	25,3	50
2:37:00	45	25,3	77
2:38:00	45	25,3	53
2:39:00	45	25,3	41
2:40:00	45	25,3	36
2:41:00	45	25,3	29
2:42:00	45	25,3	28
2:43:00	45	25,3	28
2:44:00	45	25,3	32
2:45:00	45	25,3	36
2:46:00	45	25,3	32
2:47:00	45	25,2	30
2:48:00	45	25,2	30
2:49:00	45	25,2	36
2:50:00	45	25,2	33
2:51:00	45	25,2	35
2:52:00	45	25,2	36
2:53:00	45	25,2	41
2:54:00	45	25,2	38
2:55:00	45	25,2	36
2:56:00	45	25,2	37
2:57:00	45	25,2	34
2:58:00	45	25,2	38
2:59:00	45	25,2	47
3:00:00	45	25,2	38
3:01:00	45	25,2	36
3:02:00	45	25,2	37
3:03:00	45	25,2	37
3:04:00	45	25,2	37
3:05:00	45	25,2	36
3:06:00	45	25,2	37
3:07:00	45	25,2	36
3:08:00	45	25,2	35
3:09:00	45	25,2	35
3:10:00	45	25,2	35
3:11:00	45	25,2	35
3:12:00	45	25,2	35
3:13:00	45	25,2	35
3:14:00	45	25,2	35
3:15:00	45	25,2	35
3:16:00	45	25,2	35
3:17:00	45	25,2	35
3:18:00	45	25,2	35
3:19:00	45	25,2	35
3:20:00	45	25,2	35
3:21:00	45	25,1	35
3:22:00	45	25,1	35
3:23:00	45	25,1	35
3:24:00	45	25,1	36
3:25:00	45	25,1	36
3:26:00	45	25,1	36
3:27:00	45	25,1	36
3:28:00	45	25,1	36
3:29:00	45	25,1	36
3:30:00	45	25,1	36
3:31:00	45	25,1	36
3:32:00	45	25,1	36
3:33:00	45	25,1	36
3:34:00	45	25,1	36
3:35:00	45	25,1	36
3:36:00	45	25,1	36
3:37:00	45	25,1	36
3:38:00	45	25,1	36
3:39:00	45	25,1	36
3:40:00	45	25,1	36
3:41:00	45	25,1	36
3:42:00	45	25,1	36
3:43:00	45	25,1	36
3:44:00	45	25,1	36
3:45:00	45	25,1	36
3:46:00	45	25,1	37
3:47:00	45	25,1	37
3:48:00	45	25,1	36
3:49:00	45	25,2	36
3:50:00	45	25,2	37
3:51:00	45	25,2	37
3:52:00	45	25,2	38
3:53:00	45	25,2	38
3:54:00	45	25,2	38
3:55:00	45	25,2	38
3:56:00	45	25,2	38
3:57:00	45	25,2	39
3:58:00	45	25,2	39
3:59:00	45	25,2	39
4:00:00	45	25,2	39
4:01:00	45	25,2	40
4:02:00	45	25,2	40
4:03:00	45	25,1	40
4:04:00	45	25,1	40
4:05:00	45	25,1	40
4:06:00	45	25,1	40
4:07:00	45	25,1	40
4:08:00	45	25,1	41
4:09:00	45	25,2	41
4:10:00	45	25,1	41
4:11:00	45	25,1	41
4:12:00	45	25,1	42
4:13:00	45	25,1	43
4:14:00	45	25,1	43
4:15:00	45	25,1	43
4:16:00	45	25,1	44
4:17:00	45	25,1	44
4:18:00	45	25,3	44
4:19:00	45	25,3	45
4:20:00	45	25,2	45
4:21:00	45	25,2	46
4:22:00	45	25,2	46
4:23:00	45	25,3	47
4:24:00	45	25,2	47
4:25:00	45	25,2	48
4:26:00	45	25,2	48
4:27:00	45	25,2	49
4:28:00	45	25,2	50
4:29:00	45	25,2	51
4:30:00	45	25,2	52
4:31:00	45	25,2	52
4:32:00	45	25,2	53
4:33:00	45	25,2	54
4:34:00	45	25,2	56
4:35:00	45	25,2	56
4:36:00	45	25,1	58
4:37:00	45	25,1	58
4:38:00	45	25,1	59
4:39:00	45	25,1	59
4:40:00	45	25,1	61
4:41:00	45	25,3	62
4:42:00	45	25,2	65
4:43:00	45	25,2	66
4:44:00	45	25,2	68
4:45:00	45	25,2	10
4:46:00	45	25,2	16
4:47:00	45	25,2	49
4:48:00	45	25,2	76
4:49:00	45	25,3	77
