--Test Summary--
Full Path and File Name	
Instrument Name	7222-2
Instrument Type	Model 7222 Consistometer
Instrument Serial Number	128
Test Start Date	13.08.2009
Test Start Time	15:08:11
Test Stop Date	13.08.2009
Test Stop Time	23:00:12
Test Length	7:52:01
Final Sample Time Offset	7:52:00
Controller Schedule Name	
Sampling Period	60 seconds
Comments	MPa: 25(120), T:45(120)
Information	WellID	
Information	Customer	Dragon
Information	CementClass	G
Information	CementMfr	Dykerhoff
Information	Additives	0.8gpsLX+20.1%MK85+16.4%MSAS+0.1%HE400+1.5%RPM+0.33%LTR-100
Information	Density	1560
Information	BHCT	45
Information	BHST	65
Information	FluidLoss	
Information	JobType	Research
Calculated Value	30Bc - TT	6:33:00
Calculated Value	70Bc - TT	7:52:00
Calculated Value	100Bc - TT	N/A
Initial Temperature (°C)	27 °C
Final Temperature (°C)	45 °C
Initial Pressure (MPa)	0,9 MPa
Final Pressure (MPa)	25,2 MPa
Initial Consistency (Bc)	9 Bc
Final Consistency (Bc)	80 Bc
--Data--
Time (HH:MM:SS)	Temperature (°C)	Pressure (MPa)	Consistency (Bc)
0:00:00	27	0,9	9
0:01:00	27	2,2	22
0:02:00	27	2,4	18
0:03:00	27	2,6	21
0:04:00	27	2,8	15
0:05:00	27	3,1	12
0:06:00	27	3,2	12
0:07:00	27	3,3	15
0:08:00	28	3,6	15
0:09:00	28	3,7	18
0:10:00	28	3,9	25
0:11:00	28	4,1	16
0:12:00	28	4,3	13
0:13:00	29	4,5	12
0:14:00	29	4,7	11
0:15:00	29	4,8	12
0:16:00	29	5,1	16
0:17:00	29	5,3	9
0:18:00	29	5,5	9
0:19:00	29	5,8	8
0:20:00	30	5,8	8
0:21:00	30	6,0	8
0:22:00	30	6,2	9
0:23:00	30	6,4	7
0:24:00	30	6,7	8
0:25:00	31	6,8	8
0:26:00	31	7,0	7
0:27:00	31	7,2	7
0:28:00	31	7,4	7
0:29:00	31	7,5	6
0:30:00	31	7,8	6
0:31:00	31	7,9	6
0:32:00	31	8,1	6
0:33:00	32	8,3	6
0:34:00	32	8,5	6
0:35:00	32	8,7	6
0:36:00	32	8,9	6
0:37:00	32	9,2	6
0:38:00	33	9,4	6
0:39:00	33	9,5	6
0:40:00	33	9,6	6
0:41:00	33	9,9	6
0:42:00	33	10,0	6
0:43:00	33	10,3	6
0:44:00	33	10,4	6
0:45:00	34	10,6	6
0:46:00	34	10,8	6
0:47:00	34	11,0	6
0:48:00	34	11,3	6
0:49:00	34	11,4	6
0:50:00	34	11,6	6
0:51:00	34	11,8	6
0:52:00	35	12,0	6
0:53:00	35	12,1	6
0:54:00	35	12,4	6
0:55:00	35	12,5	6
0:56:00	35	12,7	6
0:57:00	35	12,9	6
0:58:00	36	13,4	6
0:59:00	36	13,3	6
1:00:00	36	13,5	6
1:01:00	36	13,9	6
1:02:00	36	13,9	6
1:03:00	36	14,1	6
1:04:00	37	14,3	6
1:05:00	37	14,5	6
1:06:00	37	14,6	6
1:07:00	37	14,8	6
1:08:00	37	15,0	6
1:09:00	37	15,3	6
1:10:00	37	15,4	6
1:11:00	38	15,9	6
1:12:00	38	15,8	6
1:13:00	38	16,0	6
1:14:00	38	16,2	6
1:15:00	38	16,4	6
1:16:00	38	16,6	6
1:17:00	39	17,0	6
1:18:00	39	17,0	6
1:19:00	39	17,1	6
1:20:00	39	17,3	6
1:21:00	39	17,5	6
1:22:00	39	17,7	6
1:23:00	39	17,9	6
1:24:00	40	18,1	6
1:25:00	40	18,3	6
1:26:00	40	18,5	6
1:27:00	40	18,7	6
1:28:00	40	18,9	6
1:29:00	41	19,1	6
1:30:00	41	19,2	6
1:31:00	41	19,5	6
1:32:00	41	19,6	6
1:33:00	41	19,8	6
1:34:00	41	20,0	6
1:35:00	41	20,2	6
1:36:00	41	20,4	6
1:37:00	42	20,6	6
1:38:00	42	20,9	6
1:39:00	42	21,0	6
1:40:00	42	21,3	6
1:41:00	42	21,4	6
1:42:00	43	21,7	7
1:43:00	43	21,7	6
1:44:00	43	22,0	6
1:45:00	43	22,1	7
1:46:00	43	22,4	7
1:47:00	43	22,5	7
1:48:00	43	22,7	7
1:49:00	44	23,0	7
1:50:00	44	23,1	7
1:51:00	44	23,4	7
1:52:00	44	23,5	7
1:53:00	44	23,9	7
1:54:00	44	23,9	7
1:55:00	45	24,0	7
1:56:00	45	24,3	7
1:57:00	45	24,5	7
1:58:00	45	24,7	8
1:59:00	45	25,0	8
2:00:00	45	25,0	8
2:01:00	46	25,2	8
2:02:00	46	25,1	8
2:03:00	46	25,1	8
2:04:00	46	25,1	8
2:05:00	46	25,1	9
2:06:00	46	25,1	9
2:07:00	46	25,1	9
2:08:00	45	25,1	9
2:09:00	45	25,1	9
2:10:00	46	25,2	9
2:11:00	46	25,2	9
2:12:00	45	25,1	10
2:13:00	45	25,1	10
2:14:00	45	25,2	10
2:15:00	46	25,2	10
2:16:00	45	25,1	10
2:17:00	45	25,1	10
2:18:00	45	25,1	10
2:19:00	45	25,1	11
2:20:00	46	25,1	10
2:21:00	45	25,1	10
2:22:00	45	25,1	11
2:23:00	45	25,1	11
2:24:00	45	25,1	11
2:25:00	45	25,1	11
2:26:00	45	25,1	11
2:27:00	45	25,1	11
2:28:00	45	25,1	11
2:29:00	45	25,1	11
2:30:00	45	25,1	12
2:31:00	45	25,1	11
2:32:00	45	25,1	12
2:33:00	45	25,1	12
2:34:00	45	25,1	12
2:35:00	45	25,3	12
2:36:00	45	25,3	12
2:37:00	45	25,3	13
2:38:00	45	25,2	13
2:39:00	45	25,2	13
2:40:00	45	25,2	13
2:41:00	45	25,2	13
2:42:00	45	25,2	13
2:43:00	45	25,2	14
2:44:00	45	25,2	14
2:45:00	45	25,2	14
2:46:00	45	25,2	14
2:47:00	45	25,2	14
2:48:00	45	25,2	14
2:49:00	45	25,1	15
2:50:00	45	25,1	15
2:51:00	45	25,1	15
2:52:00	45	25,3	16
2:53:00	45	25,3	16
2:54:00	45	25,3	16
2:55:00	45	25,3	16
2:56:00	45	25,3	16
2:57:00	45	25,3	16
2:58:00	45	25,3	17
2:59:00	45	25,3	17
3:00:00	45	25,2	17
3:01:00	45	25,2	17
3:02:00	45	25,2	18
3:03:00	45	25,2	18
3:04:00	45	25,2	18
3:05:00	45	25,2	18
3:06:00	45	25,2	19
3:07:00	45	25,2	19
3:08:00	45	25,2	19
3:09:00	45	25,2	20
3:10:00	45	25,2	20
3:11:00	45	25,2	20
3:12:00	45	25,2	21
3:13:00	45	25,1	21
3:14:00	45	25,1	21
3:15:00	45	25,1	21
3:16:00	45	25,1	22
3:17:00	45	25,1	22
3:18:00	45	25,1	22
3:19:00	45	25,1	23
3:20:00	45	25,1	23
3:21:00	45	25,3	24
3:22:00	45	25,3	24
3:23:00	45	25,3	24
3:24:00	45	25,3	25
3:25:00	45	25,3	25
3:26:00	45	25,3	25
3:27:00	45	25,2	25
3:28:00	45	25,3	26
3:29:00	45	25,2	26
3:30:00	45	25,2	26
3:31:00	45	25,2	26
3:32:00	45	25,2	27
3:33:00	45	25,2	27
3:34:00	45	25,2	27
3:35:00	45	25,2	28
3:36:00	45	25,2	28
3:37:00	45	25,2	28
3:38:00	45	25,2	28
3:39:00	45	25,1	28
3:40:00	45	25,1	28
3:41:00	45	25,1	28
3:42:00	45	25,1	29
3:43:00	45	25,1	29
3:44:00	45	25,1	29
3:45:00	45	25,1	29
3:46:00	45	25,1	29
3:47:00	45	25,1	29
3:48:00	45	25,1	29
3:49:00	45	25,1	29
3:50:00	45	25,1	29
3:51:00	45	25,1	29
3:52:00	45	25,2	29
3:53:00	45	25,2	29
3:54:00	45	25,2	29
3:55:00	45	25,2	29
3:56:00	45	25,2	29
3:57:00	45	25,2	29
3:58:00	45	25,2	29
3:59:00	45	25,2	29
4:00:00	45	25,2	29
4:01:00	45	25,2	29
4:02:00	45	25,2	29
4:03:00	45	25,2	29
4:04:00	45	25,2	29
4:05:00	45	25,2	29
4:06:00	45	25,2	29
4:07:00	45	25,2	29
4:08:00	45	25,2	28
4:09:00	45	25,2	28
4:10:00	45	25,1	28
4:11:00	45	25,1	28
4:12:00	45	25,1	28
4:13:00	45	25,1	28
4:14:00	45	25,1	28
4:15:00	45	25,1	28
4:16:00	45	25,1	28
4:17:00	45	25,1	28
4:18:00	45	25,1	28
4:19:00	45	25,3	28
4:20:00	45	25,2	28
4:21:00	45	25,2	28
4:22:00	45	25,2	28
4:23:00	45	25,2	28
4:24:00	45	25,2	28
4:25:00	45	25,2	28
4:26:00	45	25,2	28
4:27:00	45	25,2	28
4:28:00	45	25,2	28
4:29:00	45	25,2	28
4:30:00	45	25,2	28
4:31:00	45	25,2	28
4:32:00	45	25,1	28
4:33:00	45	25,2	28
4:34:00	45	25,2	28
4:35:00	45	25,2	28
4:36:00	45	25,1	28
4:37:00	45	25,1	28
4:38:00	45	25,1	28
4:39:00	45	25,1	28
4:40:00	45	25,1	28
4:41:00	45	25,1	28
4:42:00	45	25,1	28
4:43:00	45	25,1	28
4:44:00	45	25,1	28
4:45:00	45	25,1	28
4:46:00	45	25,1	28
4:47:00	45	25,1	28
4:48:00	45	25,1	28
4:49:00	45	25,1	28
4:50:00	45	25,1	28
4:51:00	45	25,1	28
4:52:00	45	25,1	28
4:53:00	45	25,1	28
4:54:00	45	25,1	28
4:55:00	45	25,1	28
4:56:00	45	25,1	27
4:57:00	45	25,1	27
4:58:00	45	25,1	27
4:59:00	45	25,1	27
5:00:00	45	25,1	27
5:01:00	45	25,3	27
5:02:00	45	25,3	27
5:03:00	45	25,3	27
5:04:00	45	25,3	27
5:05:00	45	25,3	27
5:06:00	45	25,3	27
5:07:00	45	25,3	27
5:08:00	45	25,3	27
5:09:00	45	25,3	27
5:10:00	45	25,3	27
5:11:00	45	25,3	27
5:12:00	45	25,3	27
5:13:00	45	25,3	27
5:14:00	45	25,3	27
5:15:00	45	25,2	27
5:16:00	45	25,3	27
5:17:00	45	25,3	27
5:18:00	45	25,3	27
5:19:00	45	25,2	27
5:20:00	45	25,2	27
5:21:00	45	25,2	27
5:22:00	45	25,2	27
5:23:00	45	25,2	27
5:24:00	45	25,2	27
5:25:00	45	25,2	27
5:26:00	45	25,2	27
5:27:00	45	25,2	27
5:28:00	45	25,2	27
5:29:00	45	25,2	27
5:30:00	45	25,2	27
5:31:00	45	25,2	27
5:32:00	45	25,2	27
5:33:00	45	25,2	27
5:34:00	45	25,2	27
5:35:00	45	25,2	27
5:36:00	45	25,2	27
5:37:00	45	25,2	27
5:38:00	45	25,1	27
5:39:00	45	25,1	27
5:40:00	45	25,2	27
5:41:00	45	25,2	27
5:42:00	45	25,1	27
5:43:00	45	25,1	27
5:44:00	45	25,1	27
5:45:00	45	25,1	27
5:46:00	45	25,1	28
5:47:00	45	25,1	28
5:48:00	45	25,1	28
5:49:00	45	25,1	28
5:50:00	45	25,1	28
5:51:00	45	25,3	28
5:52:00	45	25,3	28
5:53:00	45	25,3	28
5:54:00	45	25,3	28
5:55:00	45	25,3	28
5:56:00	45	25,3	28
5:57:00	45	25,3	28
5:58:00	45	25,3	28
5:59:00	45	25,3	28
6:00:00	45	25,3	28
6:01:00	45	25,3	28
6:02:00	45	25,3	28
6:03:00	45	25,3	28
6:04:00	45	25,3	28
6:05:00	45	25,2	28
6:06:00	45	25,3	28
6:07:00	45	25,3	28
6:08:00	45	25,3	28
6:09:00	45	25,3	28
6:10:00	45	25,3	28
6:11:00	45	25,2	29
6:12:00	45	25,2	29
6:13:00	45	25,2	29
6:14:00	45	25,2	29
6:15:00	45	25,2	29
6:16:00	45	25,2	29
6:17:00	45	25,2	29
6:18:00	45	25,3	29
6:19:00	45	25,3	29
6:20:00	45	25,2	29
6:21:00	45	25,2	29
6:22:00	45	25,2	29
6:23:00	45	25,2	29
6:24:00	45	25,2	29
6:25:00	45	25,2	29
6:26:00	45	25,2	29
6:27:00	45	25,2	30
6:28:00	45	25,2	30
6:29:00	45	25,2	30
6:30:00	45	25,2	30
6:31:00	45	25,2	30
6:32:00	45	25,2	30
6:33:00	45	25,2	30
6:34:00	45	25,2	30
6:35:00	45	25,2	30
6:36:00	45	25,2	31
6:37:00	45	25,2	31
6:38:00	45	25,2	31
6:39:00	45	25,1	31
6:40:00	45	25,1	31
6:41:00	45	25,1	31
6:42:00	45	25,1	31
6:43:00	45	25,1	31
6:44:00	45	25,1	31
6:45:00	45	25,1	32
6:46:00	45	25,1	32
6:47:00	45	25,2	32
6:48:00	45	25,1	33
6:49:00	45	25,1	34
6:50:00	45	25,1	34
6:51:00	45	25,1	34
6:52:00	45	25,1	34
6:53:00	45	25,1	34
6:54:00	45	25,1	34
6:55:00	45	25,1	35
6:56:00	45	25,1	37
6:57:00	45	25,1	35
6:58:00	45	25,1	35
6:59:00	45	25,1	36
7:00:00	45	25,1	35
7:01:00	45	25,1	37
7:02:00	45	25,1	36
7:03:00	45	25,1	36
7:04:00	45	25,1	36
7:05:00	45	25,1	38
7:06:00	45	25,1	43
7:07:00	45	25,1	38
7:08:00	45	25,2	38
7:09:00	45	25,2	39
7:10:00	45	25,1	40
7:11:00	45	25,1	39
7:12:00	45	25,1	40
7:13:00	45	25,1	40
7:14:00	45	25,1	41
7:15:00	45	25,1	41
7:16:00	45	25,1	42
7:17:00	45	25,3	42
7:18:00	45	25,3	42
7:19:00	45	25,3	43
7:20:00	45	25,3	43
7:21:00	45	25,3	44
7:22:00	45	25,3	44
7:23:00	45	25,3	44
7:24:00	45	25,3	45
7:25:00	45	25,3	45
7:26:00	45	25,2	45
7:27:00	45	25,2	45
7:28:00	45	25,2	46
7:29:00	45	25,2	46
7:30:00	45	25,2	47
7:31:00	45	25,2	47
7:32:00	45	25,2	49
7:33:00	45	25,2	52
7:34:00	45	25,2	51
7:35:00	45	25,2	51
7:36:00	45	25,2	52
7:37:00	45	25,1	52
7:38:00	45	25,1	54
7:39:00	45	25,1	55
7:40:00	45	25,1	55
7:41:00	45	25,1	56
7:42:00	45	25,1	57
7:43:00	45	25,3	60
7:44:00	45	25,3	62
7:45:00	45	25,3	63
7:46:00	45	25,3	65
7:47:00	45	25,3	4
7:48:00	45	25,2	6
7:49:00	45	25,2	25
7:50:00	45	25,2	61
7:51:00	45	25,2	78
7:52:00	45	25,2	80
