--Test Summary--
Full Path and File Name	
Instrument Name	7222-2
Instrument Type	Model 7222 Consistometer
Instrument Serial Number	128
Test Start Date	07.05.2009
Test Start Time	12:15:30
Test Stop Date	07.05.2009
Test Stop Time	16:21:12
Test Length	4:05:42
Final Sample Time Offset	4:05:00
Controller Schedule Name	
Sampling Period	60 seconds
Comments	MPa atm(60), 54(35), T:25(60), 70(35)
Information	WellID	Research
Information	Customer	PetroAlliance
Information	CementClass	G
Information	CementMfr	Dykerhoff
Information	Additives	1.5gpsLX+20%MicroMax+0.25%VC-120+0.05%HTR-100
Information	Density	2040
Information	BHCT	70
Information	BHST	84
Information	FluidLoss	
Information	JobType	Research
Calculated Value	30Bc - TT	2:58:00
Calculated Value	70Bc - TT	N/A
Calculated Value	100Bc - TT	N/A
Initial Temperature (°C)	25 °C
Final Temperature (°C)	70 °C
Initial Pressure (MPa)	0,3 MPa
Final Pressure (MPa)	54,3 MPa
Initial Consistency (Bc)	10 Bc
Final Consistency (Bc)	65 Bc
--Data--
Time (HH:MM:SS)	Temperature (°C)	Pressure (MPa)	Consistency (Bc)
0:00:00	25	0,3	10
0:01:00	25	0,3	15
0:02:00	25	0,4	16
0:03:00	25	0,4	14
0:04:00	25	0,4	17
0:05:00	25	0,5	20
0:06:00	25	0,5	21
0:07:00	25	0,6	20
0:08:00	25	0,6	19
0:09:00	25	0,6	17
0:10:00	25	0,6	16
0:11:00	25	0,6	19
0:12:00	25	0,7	20
0:13:00	25	0,7	19
0:14:00	25	0,8	16
0:15:00	25	0,8	16
0:16:00	25	0,8	15
0:17:00	25	0,9	12
0:18:00	26	0,9	13
0:19:00	25	0,9	16
0:20:00	26	1,0	14
0:21:00	25	1,0	14
0:22:00	26	1,0	14
0:23:00	26	1,0	15
0:24:00	26	1,2	16
0:25:00	26	1,2	19
0:26:00	25	1,2	19
0:27:00	26	1,2	19
0:28:00	26	1,2	19
0:29:00	26	1,2	18
0:30:00	26	1,2	20
0:31:00	26	1,4	22
0:32:00	26	1,4	15
0:33:00	26	1,4	13
0:34:00	26	1,4	10
0:35:00	26	1,4	9
0:36:00	26	1,5	7
0:37:00	26	1,5	9
0:38:00	26	1,6	9
0:39:00	26	1,6	4
0:40:00	26	1,6	12
0:41:00	26	1,6	13
0:42:00	26	1,6	19
0:43:00	26	1,7	16
0:44:00	26	1,7	14
0:45:00	26	1,8	12
0:46:00	26	1,8	13
0:47:00	26	1,8	7
0:48:00	26	1,8	1
0:49:00	26	1,8	1
0:50:00	26	1,9	5
0:51:00	26	1,9	1
0:52:00	26	2,0	1
0:53:00	26	2,0	2
0:54:00	26	2,0	4
0:55:00	26	2,0	12
0:56:00	26	2,1	2
0:57:00	26	2,1	2
0:58:00	26	2,2	4
0:59:00	26	2,2	6
1:00:00	26	3,6	15
1:01:00	26	5,3	4
1:02:00	27	7,4	11
1:03:00	28	8,4	14
1:04:00	29	9,9	17
1:05:00	31	11,3	19
1:06:00	32	12,5	16
1:07:00	34	14,1	19
1:08:00	36	15,5	21
1:09:00	37	16,9	18
1:10:00	38	18,4	18
1:11:00	40	19,9	22
1:12:00	41	21,4	22
1:13:00	42	22,9	15
1:14:00	44	24,4	17
1:15:00	45	25,9	18
1:16:00	46	27,4	20
1:17:00	48	28,8	15
1:18:00	49	30,4	19
1:19:00	50	31,9	31
1:20:00	51	33,5	18
1:21:00	53	34,8	12
1:22:00	54	36,2	16
1:23:00	55	37,7	18
1:24:00	56	39,3	10
1:25:00	58	40,7	21
1:26:00	59	42,2	16
1:27:00	60	43,7	10
1:28:00	61	45,2	17
1:29:00	63	46,7	15
1:30:00	64	48,1	25
1:31:00	65	49,7	18
1:32:00	66	51,0	10
1:33:00	68	52,2	19
1:34:00	69	54,3	5
1:35:00	70	54,4	6
1:36:00	71	54,1	13
1:37:00	72	54,0	21
1:38:00	72	54,1	13
1:39:00	72	53,8	8
1:40:00	72	53,9	9
1:41:00	72	53,9	18
1:42:00	71	53,8	11
1:43:00	71	53,8	8
1:44:00	71	53,8	5
1:45:00	71	53,8	4
1:46:00	71	53,8	3
1:47:00	70	54,0	4
1:48:00	70	53,9	4
1:49:00	70	53,9	5
1:50:00	70	54,0	5
1:51:00	70	54,1	6
1:52:00	70	54,1	5
1:53:00	70	54,0	6
1:54:00	70	54,1	7
1:55:00	70	54,1	6
1:56:00	70	54,2	6
1:57:00	70	54,2	5
1:58:00	70	54,2	5
1:59:00	70	54,2	6
2:00:00	70	54,3	6
2:01:00	70	54,3	6
2:02:00	70	54,3	5
2:03:00	70	54,3	6
2:04:00	70	54,4	6
2:05:00	70	54,4	6
2:06:00	70	54,4	7
2:07:00	70	54,5	6
2:08:00	70	54,5	7
2:09:00	70	54,4	11
2:10:00	70	54,4	8
2:11:00	70	54,4	7
2:12:00	70	54,4	10
2:13:00	70	54,5	10
2:14:00	70	54,5	11
2:15:00	70	54,5	11
2:16:00	70	54,4	12
2:17:00	69	54,4	12
2:18:00	70	54,4	12
2:19:00	69	54,4	12
2:20:00	70	54,5	18
2:21:00	69	54,5	32
2:22:00	70	54,5	20
2:23:00	69	54,5	16
2:24:00	69	54,5	18
2:25:00	69	54,5	18
2:26:00	70	54,5	15
2:27:00	70	54,6	16
2:28:00	70	54,6	17
2:29:00	70	54,6	21
2:30:00	70	54,6	19
2:31:00	70	54,6	31
2:32:00	70	54,6	20
2:33:00	70	54,7	20
2:34:00	70	54,7	20
2:35:00	70	54,7	20
2:36:00	70	54,7	20
2:37:00	70	54,7	21
2:38:00	70	54,7	22
2:39:00	70	54,7	22
2:40:00	70	54,7	22
2:41:00	70	54,8	-1
2:42:00	70	54,8	23
2:43:00	70	54,8	22
2:44:00	69	54,8	24
2:45:00	70	54,8	25
2:46:00	69	54,8	25
2:47:00	69	54,8	25
2:48:00	69	54,8	26
2:49:00	70	54,8	26
2:50:00	70	54,8	27
2:51:00	70	54,8	27
2:52:00	70	54,8	28
2:53:00	70	54,8	28
2:54:00	70	54,8	28
2:55:00	70	54,8	29
2:56:00	70	54,8	29
2:57:00	70	54,8	30
2:58:00	70	54,9	31
2:59:00	70	52,2	41
3:00:00	70	54,0	36
3:01:00	70	53,9	33
3:02:00	70	54,0	33
3:03:00	70	54,0	34
3:04:00	70	54,0	34
3:05:00	70	53,9	35
3:06:00	70	53,9	35
3:07:00	69	54,0	35
3:08:00	69	54,0	36
3:09:00	69	54,0	35
3:10:00	70	54,0	36
3:11:00	70	54,0	36
3:12:00	70	54,0	37
3:13:00	70	54,0	37
3:14:00	70	54,0	37
3:15:00	69	54,0	37
3:16:00	69	54,0	38
3:17:00	70	53,9	38
3:18:00	70	54,0	39
3:19:00	69	54,0	39
3:20:00	70	54,0	41
3:21:00	70	54,0	40
3:22:00	69	54,0	41
3:23:00	69	54,0	42
3:24:00	69	54,0	42
3:25:00	70	54,0	43
3:26:00	70	54,0	43
3:27:00	70	54,0	43
3:28:00	70	54,0	44
3:29:00	69	54,0	44
3:30:00	69	54,0	44
3:31:00	70	54,0	44
3:32:00	70	54,0	45
3:33:00	69	54,0	46
3:34:00	69	54,0	46
3:35:00	69	54,0	46
3:36:00	70	54,1	47
3:37:00	69	54,1	47
3:38:00	69	54,1	47
3:39:00	70	54,1	48
3:40:00	70	54,0	49
3:41:00	70	54,0	49
3:42:00	70	54,0	49
3:43:00	70	54,1	49
3:44:00	70	54,1	50
3:45:00	70	54,1	50
3:46:00	69	54,1	51
3:47:00	70	54,1	51
3:48:00	70	54,1	51
3:49:00	70	54,0	52
3:50:00	69	54,0	52
3:51:00	70	54,0	52
3:52:00	70	54,1	53
3:53:00	70	54,1	53
3:54:00	69	54,1	54
3:55:00	69	54,0	54
3:56:00	70	54,0	54
3:57:00	69	54,0	54
3:58:00	70	54,0	54
3:59:00	69	54,0	55
4:00:00	69	54,0	24
4:01:00	70	54,1	23
4:02:00	70	54,1	-0
4:03:00	70	54,1	-0
4:04:00	69	54,2	64
4:05:00	70	54,3	65
