--Test Summary--
Full Path and File Name	
Instrument Name	4262L
Instrument Type	Model 4262 Twin Cell UCA
Instrument Serial Number	111L
Test Start Date	23.03.2009
Test Start Time	10:42:49
Test Stop Date	24.03.2009
Test Stop Time	10:50:24
Test Length	24:07:35
Final Sample Time Offset	24:07:00
Controller Schedule Name	
Sampling Period	60 seconds
Comments	T:60(50), 80(240)
Information	WellID	Research
Information	Customer	PetroAlliance
Information	CementClass	G
Information	CementMfr	Dykerhoff
Information	Additives	1.5gpsLX+0.4%RPM+0.1%SMS+0.12%SF-100
Information	Density	1900
Information	BHCT	60
Information	BHST	80
Information	FluidLoss	
Information	JobType	Research
Calculated Value	CS_50	11:22:00
Calculated Value	CS_500	13:38:00
Calculated Value	CS_Time8h	0,00 MPa
Calculated Value	CS_Time16h	7,52 MPa
Calculated Value	CS_Time24h	13,57 MPa
Calculated Value	CS_Time48h	N/A
Calculated Value	CS_Time72h	N/A
Calculated Curve	Compressive Strength	Compressive strength type B (more than 14 lb/gal)
Initial Temperature (°C)	27 °C
Final Temperature (°C)	79 °C
Initial Transit Time (microsec/in)	16,68 microsec/in
Final Transit Time (microsec/in)	9,06 microsec/in
Initial Compressive Strength (MPa)	0,00 MPa
Final Compressive Strength (MPa)	13,62 MPa
--Data--
Time (HH:MM:SS)	Temperature (°C)	Transit Time (microsec/in)	Compressive Strength (MPa)
0:00:00	27	16,68	0,00
0:01:00	27	16,66	0,00
0:02:00	27	16,65	0,01
0:03:00	27	16,64	0,01
0:04:00	27	16,64	0,01
0:05:00	27	16,63	0,01
0:06:00	28	16,63	0,01
0:07:00	29	16,61	0,02
0:08:00	29	16,59	0,02
0:09:00	30	16,60	0,02
0:10:00	30	16,58	0,02
0:11:00	32	16,57	0,03
0:12:00	32	16,57	0,03
0:13:00	33	16,56	0,03
0:14:00	33	16,54	0,04
0:15:00	34	16,54	0,03
0:16:00	35	16,54	0,04
0:17:00	35	16,52	0,04
0:18:00	36	16,52	0,04
0:19:00	37	16,50	0,04
0:20:00	38	16,52	0,04
0:21:00	38	16,51	0,04
0:22:00	39	16,51	0,04
0:23:00	40	16,52	0,04
0:24:00	41	16,51	0,04
0:25:00	41	16,50	0,04
0:26:00	42	16,53	0,04
0:27:00	43	16,52	0,04
0:28:00	44	16,52	0,04
0:29:00	44	16,53	0,04
0:30:00	45	16,53	0,04
0:31:00	45	16,54	0,04
0:32:00	46	16,54	0,04
0:33:00	47	16,54	0,03
0:34:00	47	16,54	0,03
0:35:00	48	16,54	0,03
0:36:00	49	16,54	0,03
0:37:00	50	16,54	0,03
0:38:00	50	16,54	0,03
0:39:00	51	16,54	0,04
0:40:00	52	16,55	0,03
0:41:00	52	16,55	0,03
0:42:00	53	16,57	0,03
0:43:00	54	16,57	0,03
0:44:00	54	16,59	0,02
0:45:00	55	16,60	0,02
0:46:00	56	16,62	0,01
0:47:00	56	16,62	0,01
0:48:00	57	16,63	0,01
0:49:00	58	16,64	0,01
0:50:00	58	16,66	0,01
0:51:00	59	16,66	0,00
0:52:00	60	16,67	0,00
0:53:00	60	16,69	0,00
0:54:00	61	16,69	0,00
0:55:00	61	16,72	0,00
0:56:00	62	16,71	0,00
0:57:00	62	16,73	0,00
0:58:00	62	16,72	0,00
0:59:00	62	16,74	0,00
1:00:00	62	16,74	0,00
1:01:00	62	16,76	0,00
1:02:00	62	16,77	0,00
1:03:00	62	16,77	0,00
1:04:00	62	16,77	0,00
1:05:00	62	16,78	0,00
1:06:00	62	16,78	0,00
1:07:00	62	16,78	0,00
1:08:00	62	16,80	0,00
1:09:00	62	16,80	0,00
1:10:00	61	16,80	0,00
1:11:00	61	16,80	0,00
1:12:00	62	16,81	0,00
1:13:00	62	16,83	0,00
1:14:00	62	16,81	0,00
1:15:00	62	16,82	0,00
1:16:00	62	16,82	0,00
1:17:00	62	16,83	0,00
1:18:00	62	16,84	0,00
1:19:00	62	16,85	0,00
1:20:00	62	16,84	0,00
1:21:00	62	16,85	0,00
1:22:00	62	16,85	0,00
1:23:00	62	16,85	0,00
1:24:00	62	16,86	0,00
1:25:00	62	16,86	0,00
1:26:00	62	16,86	0,00
1:27:00	62	16,86	0,00
1:28:00	62	16,87	0,00
1:29:00	62	16,87	0,00
1:30:00	63	16,87	0,00
1:31:00	62	16,87	0,00
1:32:00	63	16,88	0,00
1:33:00	63	16,89	0,00
1:34:00	63	16,89	0,00
1:35:00	63	16,89	0,00
1:36:00	63	16,89	0,00
1:37:00	63	16,89	0,00
1:38:00	63	16,89	0,00
1:39:00	63	16,89	0,00
1:40:00	63	16,90	0,00
1:41:00	63	16,90	0,00
1:42:00	63	16,91	0,00
1:43:00	63	16,91	0,00
1:44:00	63	16,91	0,00
1:45:00	64	16,91	0,00
1:46:00	64	16,92	0,00
1:47:00	64	16,92	0,00
1:48:00	64	16,92	0,00
1:49:00	64	16,92	0,00
1:50:00	64	16,91	0,00
1:51:00	64	16,92	0,00
1:52:00	64	16,92	0,00
1:53:00	64	16,92	0,00
1:54:00	64	16,94	0,00
1:55:00	64	16,93	0,00
1:56:00	64	16,93	0,00
1:57:00	64	16,93	0,00
1:58:00	64	16,94	0,00
1:59:00	64	16,94	0,00
2:00:00	65	16,94	0,00
2:01:00	65	16,94	0,00
2:02:00	65	16,94	0,00
2:03:00	65	16,95	0,00
2:04:00	65	16,94	0,00
2:05:00	65	16,95	0,00
2:06:00	65	16,95	0,00
2:07:00	65	16,95	0,00
2:08:00	65	16,95	0,00
2:09:00	65	16,95	0,00
2:10:00	66	16,95	0,00
2:11:00	66	16,95	0,00
2:12:00	66	16,95	0,00
2:13:00	65	16,95	0,00
2:14:00	66	16,95	0,00
2:15:00	66	16,95	0,00
2:16:00	66	16,95	0,00
2:17:00	66	16,96	0,00
2:18:00	66	16,97	0,00
2:19:00	66	16,97	0,00
2:20:00	66	16,97	0,00
2:21:00	66	16,97	0,00
2:22:00	66	16,98	0,00
2:23:00	67	16,98	0,00
2:24:00	67	16,98	0,00
2:25:00	67	16,98	0,00
2:26:00	67	16,98	0,00
2:27:00	67	16,98	0,00
2:28:00	67	16,98	0,00
2:29:00	67	16,98	0,00
2:30:00	67	16,98	0,00
2:31:00	67	16,98	0,00
2:32:00	67	16,98	0,00
2:33:00	67	16,98	0,00
2:34:00	67	16,98	0,00
2:35:00	67	16,98	0,00
2:36:00	68	16,98	0,00
2:37:00	68	16,98	0,00
2:38:00	68	16,98	0,00
2:39:00	68	16,98	0,00
2:40:00	68	16,98	0,00
2:41:00	68	16,98	0,00
2:42:00	68	16,99	0,00
2:43:00	68	16,99	0,00
2:44:00	68	16,99	0,00
2:45:00	68	17,00	0,00
2:46:00	68	16,99	0,00
2:47:00	69	17,00	0,00
2:48:00	69	17,00	0,00
2:49:00	69	17,00	0,00
2:50:00	69	17,01	0,00
2:51:00	69	17,01	0,00
2:52:00	69	17,01	0,00
2:53:00	69	17,01	0,00
2:54:00	69	17,01	0,00
2:55:00	69	17,01	0,00
2:56:00	69	17,01	0,00
2:57:00	69	17,01	0,00
2:58:00	69	17,02	0,00
2:59:00	69	17,02	0,00
3:00:00	70	17,02	0,00
3:01:00	70	17,02	0,00
3:02:00	70	17,02	0,00
3:03:00	70	17,02	0,00
3:04:00	70	17,02	0,00
3:05:00	70	17,02	0,00
3:06:00	70	17,03	0,00
3:07:00	70	17,02	0,00
3:08:00	70	17,03	0,00
3:09:00	70	17,03	0,00
3:10:00	70	17,03	0,00
3:11:00	70	17,04	0,00
3:12:00	71	17,04	0,00
3:13:00	70	17,04	0,00
3:14:00	71	17,04	0,00
3:15:00	71	17,04	0,00
3:16:00	71	17,04	0,00
3:17:00	71	17,04	0,00
3:18:00	71	17,04	0,00
3:19:00	71	17,04	0,00
3:20:00	71	17,04	0,00
3:21:00	71	17,04	0,00
3:22:00	71	17,04	0,00
3:23:00	72	17,05	0,00
3:24:00	71	17,05	0,00
3:25:00	72	17,05	0,00
3:26:00	72	17,06	0,00
3:27:00	72	17,06	0,00
3:28:00	72	17,05	0,00
3:29:00	72	17,06	0,00
3:30:00	72	17,06	0,00
3:31:00	72	17,06	0,00
3:32:00	72	17,07	0,00
3:33:00	72	17,07	0,00
3:34:00	72	17,07	0,00
3:35:00	72	17,07	0,00
3:36:00	72	17,07	0,00
3:37:00	72	17,08	0,00
3:38:00	72	17,08	0,00
3:39:00	73	17,09	0,00
3:40:00	73	17,08	0,00
3:41:00	73	17,07	0,00
3:42:00	73	17,07	0,00
3:43:00	73	17,09	0,00
3:44:00	73	17,09	0,00
3:45:00	74	17,08	0,00
3:46:00	73	17,09	0,00
3:47:00	73	17,09	0,00
3:48:00	74	17,09	0,00
3:49:00	74	17,09	0,00
3:50:00	74	17,10	0,00
3:51:00	74	17,09	0,00
3:52:00	74	17,10	0,00
3:53:00	74	17,09	0,00
3:54:00	74	17,11	0,00
3:55:00	74	17,10	0,00
3:56:00	74	17,11	0,00
3:57:00	74	17,10	0,00
3:58:00	75	17,11	0,00
3:59:00	75	17,11	0,00
4:00:00	74	17,11	0,00
4:01:00	75	17,11	0,00
4:02:00	75	17,11	0,00
4:03:00	75	17,11	0,00
4:04:00	75	17,11	0,00
4:05:00	75	17,11	0,00
4:06:00	75	17,11	0,00
4:07:00	75	17,12	0,00
4:08:00	75	17,12	0,00
4:09:00	75	17,12	0,00
4:10:00	75	17,13	0,00
4:11:00	76	17,13	0,00
4:12:00	75	17,12	0,00
4:13:00	76	17,12	0,00
4:14:00	76	17,13	0,00
4:15:00	76	17,13	0,00
4:16:00	76	17,13	0,00
4:17:00	76	17,13	0,00
4:18:00	76	17,14	0,00
4:19:00	76	17,14	0,00
4:20:00	76	17,14	0,00
4:21:00	76	17,13	0,00
4:22:00	76	17,14	0,00
4:23:00	76	17,14	0,00
4:24:00	77	17,14	0,00
4:25:00	77	17,14	0,00
4:26:00	77	17,14	0,00
4:27:00	77	17,15	0,00
4:28:00	77	17,15	0,00
4:29:00	77	17,14	0,00
4:30:00	77	17,15	0,00
4:31:00	77	17,16	0,00
4:32:00	77	17,16	0,00
4:33:00	77	17,16	0,00
4:34:00	77	17,16	0,00
4:35:00	77	17,16	0,00
4:36:00	77	17,16	0,00
4:37:00	78	17,16	0,00
4:38:00	78	17,16	0,00
4:39:00	77	17,16	0,00
4:40:00	78	17,16	0,00
4:41:00	78	17,16	0,00
4:42:00	78	17,16	0,00
4:43:00	78	17,16	0,00
4:44:00	78	17,17	0,00
4:45:00	78	17,17	0,00
4:46:00	78	17,16	0,00
4:47:00	78	17,17	0,00
4:48:00	78	17,17	0,00
4:49:00	78	17,17	0,00
4:50:00	79	17,18	0,00
4:51:00	79	17,18	0,00
4:52:00	79	17,18	0,00
4:53:00	79	17,17	0,00
4:54:00	79	17,18	0,00
4:55:00	79	17,18	0,00
4:56:00	79	17,18	0,00
4:57:00	79	17,19	0,00
4:58:00	79	17,19	0,00
4:59:00	79	17,19	0,00
5:00:00	79	17,19	0,00
5:01:00	79	17,20	0,00
5:02:00	79	17,20	0,00
5:03:00	79	17,20	0,00
5:04:00	79	17,20	0,00
5:05:00	79	17,20	0,00
5:06:00	79	17,20	0,00
5:07:00	79	17,20	0,00
5:08:00	79	17,20	0,00
5:09:00	79	17,20	0,00
5:10:00	79	17,20	0,00
5:11:00	79	17,20	0,00
5:12:00	79	17,21	0,00
5:13:00	79	17,21	0,00
5:14:00	79	17,21	0,00
5:15:00	79	17,21	0,00
5:16:00	79	17,21	0,00
5:17:00	79	17,21	0,00
5:18:00	79	17,21	0,00
5:19:00	79	17,21	0,00
5:20:00	79	17,21	0,00
5:21:00	79	17,21	0,00
5:22:00	79	17,22	0,00
5:23:00	79	17,21	0,00
5:24:00	79	17,22	0,00
5:25:00	79	17,22	0,00
5:26:00	79	17,22	0,00
5:27:00	79	17,22	0,00
5:28:00	79	17,22	0,00
5:29:00	79	17,22	0,00
5:30:00	79	17,22	0,00
5:31:00	79	17,22	0,00
5:32:00	79	17,22	0,00
5:33:00	79	17,22	0,00
5:34:00	79	17,22	0,00
5:35:00	79	17,22	0,00
5:36:00	78	17,22	0,00
5:37:00	79	17,22	0,00
5:38:00	79	17,22	0,00
5:39:00	79	17,22	0,00
5:40:00	79	17,22	0,00
5:41:00	79	17,22	0,00
5:42:00	79	17,22	0,00
5:43:00	79	17,22	0,00
5:44:00	79	17,22	0,00
5:45:00	79	17,22	0,00
5:46:00	79	17,22	0,00
5:47:00	79	17,22	0,00
5:48:00	79	17,22	0,00
5:49:00	79	17,22	0,00
5:50:00	79	17,22	0,00
5:51:00	79	17,22	0,00
5:52:00	79	17,22	0,00
5:53:00	79	17,22	0,00
5:54:00	79	17,22	0,00
5:55:00	79	17,22	0,00
5:56:00	79	17,22	0,00
5:57:00	79	17,22	0,00
5:58:00	79	17,22	0,00
5:59:00	79	17,22	0,00
6:00:00	79	17,22	0,00
6:01:00	79	17,22	0,00
6:02:00	79	17,22	0,00
6:03:00	79	17,22	0,00
6:04:00	79	17,22	0,00
6:05:00	79	17,22	0,00
6:06:00	79	17,22	0,00
6:07:00	79	17,22	0,00
6:08:00	79	17,22	0,00
6:09:00	79	17,22	0,00
6:10:00	79	17,22	0,00
6:11:00	79	17,22	0,00
6:12:00	79	17,22	0,00
6:13:00	79	17,22	0,00
6:14:00	79	17,22	0,00
6:15:00	79	17,22	0,00
6:16:00	79	17,22	0,00
6:17:00	78	17,22	0,00
6:18:00	79	17,22	0,00
6:19:00	78	17,22	0,00
6:20:00	79	17,22	0,00
6:21:00	79	17,22	0,00
6:22:00	79	17,22	0,00
6:23:00	79	17,23	0,00
6:24:00	79	17,22	0,00
6:25:00	79	17,23	0,00
6:26:00	79	17,22	0,00
6:27:00	78	17,22	0,00
6:28:00	79	17,22	0,00
6:29:00	78	17,22	0,00
6:30:00	79	17,22	0,00
6:31:00	79	17,22	0,00
6:32:00	78	17,22	0,00
6:33:00	79	17,22	0,00
6:34:00	78	17,22	0,00
6:35:00	79	17,22	0,00
6:36:00	79	17,23	0,00
6:37:00	79	17,22	0,00
6:38:00	79	17,22	0,00
6:39:00	79	17,22	0,00
6:40:00	79	17,22	0,00
6:41:00	79	17,22	0,00
6:42:00	79	17,22	0,00
6:43:00	79	17,22	0,00
6:44:00	79	17,22	0,00
6:45:00	79	17,22	0,00
6:46:00	79	17,22	0,00
6:47:00	79	17,22	0,00
6:48:00	79	17,22	0,00
6:49:00	79	17,22	0,00
6:50:00	79	17,22	0,00
6:51:00	79	17,22	0,00
6:52:00	79	17,22	0,00
6:53:00	79	17,22	0,00
6:54:00	79	17,22	0,00
6:55:00	78	17,22	0,00
6:56:00	78	17,22	0,00
6:57:00	79	17,22	0,00
6:58:00	78	17,22	0,00
6:59:00	79	17,22	0,00
7:00:00	79	17,22	0,00
7:01:00	79	17,22	0,00
7:02:00	79	17,22	0,00
7:03:00	79	17,22	0,00
7:04:00	79	17,22	0,00
7:05:00	79	17,22	0,00
7:06:00	79	17,22	0,00
7:07:00	79	17,22	0,00
7:08:00	79	17,22	0,00
7:09:00	79	17,22	0,00
7:10:00	79	17,21	0,00
7:11:00	78	17,21	0,00
7:12:00	78	17,21	0,00
7:13:00	79	17,21	0,00
7:14:00	79	17,20	0,00
7:15:00	79	17,20	0,00
7:16:00	79	17,20	0,00
7:17:00	79	17,20	0,00
7:18:00	79	17,20	0,00
7:19:00	79	17,20	0,00
7:20:00	78	17,20	0,00
7:21:00	79	17,20	0,00
7:22:00	79	17,20	0,00
7:23:00	79	17,20	0,00
7:24:00	79	17,20	0,00
7:25:00	78	17,20	0,00
7:26:00	79	17,20	0,00
7:27:00	79	17,20	0,00
7:28:00	79	17,20	0,00
7:29:00	79	17,20	0,00
7:30:00	79	17,20	0,00
7:31:00	79	17,20	0,00
7:32:00	79	17,20	0,00
7:33:00	79	17,20	0,00
7:34:00	79	17,20	0,00
7:35:00	79	17,20	0,00
7:36:00	79	17,20	0,00
7:37:00	79	17,20	0,00
7:38:00	79	17,20	0,00
7:39:00	79	17,20	0,00
7:40:00	79	17,20	0,00
7:41:00	79	17,20	0,00
7:42:00	78	17,20	0,00
7:43:00	79	17,19	0,00
7:44:00	79	17,19	0,00
7:45:00	79	17,19	0,00
7:46:00	79	17,19	0,00
7:47:00	79	17,19	0,00
7:48:00	79	17,19	0,00
7:49:00	79	17,19	0,00
7:50:00	79	17,19	0,00
7:51:00	78	17,18	0,00
7:52:00	79	17,19	0,00
7:53:00	79	17,18	0,00
7:54:00	78	17,19	0,00
7:55:00	78	17,18	0,00
7:56:00	79	17,18	0,00
7:57:00	79	17,18	0,00
7:58:00	78	17,18	0,00
7:59:00	78	17,18	0,00
8:00:00	79	17,18	0,00
8:01:00	79	17,18	0,00
8:02:00	79	17,18	0,00
8:03:00	79	17,18	0,00
8:04:00	79	17,18	0,00
8:05:00	79	17,18	0,00
8:06:00	79	17,18	0,00
8:07:00	79	17,18	0,00
8:08:00	79	17,17	0,00
8:09:00	79	17,18	0,00
8:10:00	79	17,17	0,00
8:11:00	79	17,17	0,00
8:12:00	78	17,17	0,00
8:13:00	79	17,17	0,00
8:14:00	79	17,17	0,00
8:15:00	78	17,16	0,00
8:16:00	79	17,16	0,00
8:17:00	79	17,16	0,00
8:18:00	79	17,16	0,00
8:19:00	79	17,16	0,00
8:20:00	78	17,16	0,00
8:21:00	79	17,16	0,00
8:22:00	78	17,16	0,00
8:23:00	79	17,16	0,00
8:24:00	79	17,15	0,00
8:25:00	79	17,15	0,00
8:26:00	78	17,15	0,00
8:27:00	79	17,15	0,00
8:28:00	79	17,15	0,00
8:29:00	78	17,14	0,00
8:30:00	79	17,14	0,00
8:31:00	79	17,14	0,00
8:32:00	79	17,14	0,00
8:33:00	79	17,14	0,00
8:34:00	79	17,14	0,00
8:35:00	79	17,14	0,00
8:36:00	79	17,14	0,00
8:37:00	79	17,14	0,00
8:38:00	79	17,14	0,00
8:39:00	79	17,14	0,00
8:40:00	78	17,14	0,00
8:41:00	79	17,14	0,00
8:42:00	79	17,14	0,00
8:43:00	79	17,14	0,00
8:44:00	79	17,13	0,00
8:45:00	79	17,13	0,00
8:46:00	79	17,13	0,00
8:47:00	79	17,13	0,00
8:48:00	78	17,12	0,00
8:49:00	79	17,12	0,00
8:50:00	79	17,12	0,00
8:51:00	79	17,11	0,00
8:52:00	79	17,11	0,00
8:53:00	79	17,11	0,00
8:54:00	79	17,11	0,00
8:55:00	79	17,11	0,00
8:56:00	79	17,10	0,00
8:57:00	79	17,10	0,00
8:58:00	79	17,10	0,00
8:59:00	79	17,10	0,00
9:00:00	78	17,10	0,00
9:01:00	79	17,09	0,00
9:02:00	79	17,08	0,00
9:03:00	79	17,08	0,00
9:04:00	79	17,08	0,00
9:05:00	79	17,08	0,00
9:06:00	79	17,08	0,00
9:07:00	78	17,07	0,00
9:08:00	79	17,06	0,00
9:09:00	78	17,06	0,00
9:10:00	79	17,06	0,00
9:11:00	79	17,06	0,00
9:12:00	79	17,07	0,00
9:13:00	79	17,07	0,00
9:14:00	79	17,07	0,00
9:15:00	79	17,07	0,00
9:16:00	79	17,04	0,00
9:17:00	79	17,02	0,00
9:18:00	78	17,02	0,00
9:19:00	79	17,02	0,00
9:20:00	78	17,02	0,00
9:21:00	79	17,02	0,00
9:22:00	79	17,01	0,00
9:23:00	78	17,01	0,00
9:24:00	79	17,00	0,00
9:25:00	79	16,99	0,00
9:26:00	79	16,99	0,00
9:27:00	79	16,98	0,00
9:28:00	79	16,98	0,00
9:29:00	79	16,98	0,00
9:30:00	79	16,98	0,00
9:31:00	79	16,96	0,00
9:32:00	79	16,96	0,00
9:33:00	79	16,96	0,00
9:34:00	78	16,95	0,00
9:35:00	79	16,95	0,00
9:36:00	79	16,94	0,00
9:37:00	79	16,93	0,00
9:38:00	79	16,93	0,00
9:39:00	79	16,92	0,00
9:40:00	79	16,92	0,00
9:41:00	79	16,92	0,00
9:42:00	79	16,91	0,00
9:43:00	79	16,90	0,00
9:44:00	79	16,89	0,00
9:45:00	79	16,89	0,00
9:46:00	79	16,89	0,00
9:47:00	79	16,89	0,00
9:48:00	79	16,89	0,00
9:49:00	78	16,88	0,00
9:50:00	79	16,88	0,00
9:51:00	79	16,86	0,00
9:52:00	78	16,86	0,00
9:53:00	79	16,85	0,00
9:54:00	78	16,84	0,00
9:55:00	78	16,84	0,00
9:56:00	79	16,83	0,00
9:57:00	79	16,82	0,00
9:58:00	78	16,81	0,00
9:59:00	79	16,80	0,00
10:00:00	79	16,80	0,00
10:01:00	79	16,78	0,00
10:02:00	79	16,78	0,00
10:03:00	79	16,77	0,00
10:04:00	79	16,76	0,00
10:05:00	79	16,76	0,00
10:06:00	79	16,75	0,00
10:07:00	79	16,74	0,00
10:08:00	79	16,74	0,00
10:09:00	79	16,73	0,00
10:10:00	79	16,72	0,00
10:11:00	79	16,71	0,00
10:12:00	79	16,71	0,00
10:13:00	79	16,70	0,00
10:14:00	79	16,69	0,00
10:15:00	79	16,68	0,00
10:16:00	79	16,68	0,00
10:17:00	79	16,67	0,00
10:18:00	79	16,61	0,02
10:19:00	79	16,60	0,02
10:20:00	79	16,58	0,02
10:21:00	79	16,57	0,03
10:22:00	79	16,56	0,03
10:23:00	79	16,54	0,03
10:24:00	78	16,54	0,04
10:25:00	79	16,53	0,04
10:26:00	79	16,52	0,04
10:27:00	79	16,51	0,04
10:28:00	79	16,50	0,04
10:29:00	79	16,49	0,05
10:30:00	79	16,48	0,05
10:31:00	79	16,47	0,05
10:32:00	79	16,45	0,06
10:33:00	79	16,44	0,06
10:34:00	78	16,43	0,06
10:35:00	79	16,41	0,07
10:36:00	79	16,40	0,07
10:37:00	79	16,38	0,07
10:38:00	79	16,37	0,08
10:39:00	79	16,36	0,08
10:40:00	79	16,34	0,09
10:41:00	79	16,32	0,09
10:42:00	79	16,31	0,09
10:43:00	79	16,30	0,10
10:44:00	79	16,27	0,10
10:45:00	79	16,26	0,11
10:46:00	79	16,24	0,11
10:47:00	79	16,23	0,12
10:48:00	79	16,21	0,12
10:49:00	79	16,19	0,13
10:50:00	79	16,18	0,13
10:51:00	79	16,16	0,14
10:52:00	79	16,14	0,14
10:53:00	79	16,12	0,15
10:54:00	79	16,11	0,15
10:55:00	79	16,09	0,16
10:56:00	79	16,07	0,16
10:57:00	79	16,05	0,17
10:58:00	79	16,03	0,17
10:59:00	79	16,01	0,18
11:00:00	79	15,99	0,19
11:01:00	79	15,97	0,19
11:02:00	79	15,95	0,20
11:03:00	79	15,93	0,20
11:04:00	79	15,92	0,21
11:05:00	79	15,90	0,22
11:06:00	79	15,88	0,22
11:07:00	79	15,85	0,23
11:08:00	79	15,84	0,23
11:09:00	79	15,82	0,24
11:10:00	78	15,79	0,25
11:11:00	79	15,76	0,26
11:12:00	78	15,74	0,27
11:13:00	78	15,72	0,27
11:14:00	79	15,70	0,28
11:15:00	79	15,67	0,29
11:16:00	78	15,65	0,30
11:17:00	78	15,63	0,30
11:18:00	79	15,60	0,32
11:19:00	79	15,58	0,32
11:20:00	79	15,55	0,33
11:21:00	79	15,52	0,34
11:22:00	79	15,50	0,35
11:23:00	79	15,48	0,36
11:24:00	79	15,45	0,37
11:25:00	79	15,43	0,37
11:26:00	79	15,41	0,38
11:27:00	79	15,38	0,39
11:28:00	79	15,36	0,40
11:29:00	79	15,34	0,41
11:30:00	78	15,31	0,42
11:31:00	79	15,29	0,43
11:32:00	79	15,27	0,44
11:33:00	79	15,24	0,45
11:34:00	79	15,21	0,46
11:35:00	79	15,18	0,47
11:36:00	79	15,13	0,50
11:37:00	79	15,08	0,51
11:38:00	79	15,06	0,52
11:39:00	79	15,03	0,54
11:40:00	79	15,00	0,55
11:41:00	79	14,97	0,56
11:42:00	79	14,94	0,57
11:43:00	79	14,92	0,58
11:44:00	78	14,89	0,60
11:45:00	79	14,86	0,61
11:46:00	79	14,84	0,62
11:47:00	79	14,81	0,64
11:48:00	79	14,78	0,65
11:49:00	79	14,74	0,67
11:50:00	79	14,72	0,68
11:51:00	79	14,69	0,69
11:52:00	79	14,65	0,71
11:53:00	79	14,62	0,73
11:54:00	79	14,59	0,74
11:55:00	78	14,56	0,76
11:56:00	79	14,52	0,78
11:57:00	79	14,50	0,79
11:58:00	79	14,46	0,81
11:59:00	79	14,43	0,82
12:00:00	79	14,40	0,84
12:01:00	79	14,38	0,86
12:02:00	78	14,34	0,87
12:03:00	79	14,31	0,90
12:04:00	79	14,28	0,91
12:05:00	78	14,25	0,93
12:06:00	79	14,22	0,94
12:07:00	79	14,19	0,97
12:08:00	78	14,16	0,98
12:09:00	79	14,13	1,00
12:10:00	78	14,10	1,02
12:11:00	79	14,08	1,03
12:12:00	79	14,04	1,06
12:13:00	79	14,01	1,08
12:14:00	79	13,98	1,10
12:15:00	79	13,95	1,12
12:16:00	79	13,92	1,14
12:17:00	79	13,89	1,15
12:18:00	79	13,86	1,17
12:19:00	79	13,83	1,20
12:20:00	78	13,80	1,21
12:21:00	79	13,77	1,23
12:22:00	79	13,75	1,25
12:23:00	79	13,72	1,27
12:24:00	79	13,68	1,30
12:25:00	79	13,65	1,32
12:26:00	79	13,62	1,35
12:27:00	79	13,59	1,36
12:28:00	79	13,56	1,39
12:29:00	79	13,54	1,41
12:30:00	78	13,50	1,43
12:31:00	79	13,47	1,46
12:32:00	79	13,45	1,48
12:33:00	79	13,42	1,50
12:34:00	79	13,39	1,52
12:35:00	79	13,37	1,54
12:36:00	79	13,33	1,58
12:37:00	79	13,30	1,60
12:38:00	78	13,27	1,63
12:39:00	79	13,25	1,65
12:40:00	79	13,22	1,67
12:41:00	79	13,20	1,69
12:42:00	79	13,17	1,72
12:43:00	79	13,11	1,77
12:44:00	79	13,08	1,80
12:45:00	78	13,06	1,82
12:46:00	79	13,04	1,84
12:47:00	79	13,01	1,87
12:48:00	79	12,98	1,90
12:49:00	79	12,96	1,92
12:50:00	79	12,93	1,95
12:51:00	79	12,90	1,98
12:52:00	79	12,88	2,00
12:53:00	78	12,84	2,03
12:54:00	79	12,82	2,06
12:55:00	79	12,79	2,09
12:56:00	79	12,77	2,11
12:57:00	79	12,75	2,14
12:58:00	79	12,72	2,17
12:59:00	79	12,69	2,20
13:00:00	79	12,66	2,23
13:01:00	79	12,64	2,25
13:02:00	79	12,61	2,29
13:03:00	79	12,59	2,32
13:04:00	79	12,57	2,34
13:05:00	79	12,54	2,38
13:06:00	79	12,52	2,40
13:07:00	79	12,49	2,43
13:08:00	79	12,46	2,47
13:09:00	79	12,44	2,50
13:10:00	79	12,41	2,53
13:11:00	79	12,39	2,55
13:12:00	79	12,36	2,59
13:13:00	79	12,34	2,62
13:14:00	79	12,32	2,65
13:15:00	79	12,30	2,68
13:16:00	79	12,27	2,72
13:17:00	79	12,25	2,74
13:18:00	79	12,22	2,78
13:19:00	79	12,20	2,81
13:20:00	79	12,18	2,84
13:21:00	78	12,15	2,88
13:22:00	79	12,13	2,91
13:23:00	79	12,11	2,94
13:24:00	79	12,09	2,96
13:25:00	79	12,06	3,01
13:26:00	78	12,04	3,04
13:27:00	79	12,02	3,07
13:28:00	79	12,00	3,11
13:29:00	79	11,98	3,13
13:30:00	79	11,96	3,17
13:31:00	79	11,93	3,21
13:32:00	79	11,91	3,24
13:33:00	79	11,89	3,27
13:34:00	79	11,87	3,31
13:35:00	79	11,85	3,35
13:36:00	79	11,83	3,37
13:37:00	79	11,80	3,42
13:38:00	79	11,79	3,45
13:39:00	79	11,77	3,47
13:40:00	78	11,75	3,51
13:41:00	79	11,73	3,54
13:42:00	79	11,71	3,57
13:43:00	79	11,70	3,60
13:44:00	78	11,68	3,63
13:45:00	79	11,67	3,65
13:46:00	79	11,63	3,72
13:47:00	79	11,61	3,76
13:48:00	79	11,58	3,81
13:49:00	78	11,57	3,83
13:50:00	79	11,55	3,86
13:51:00	79	11,54	3,89
13:52:00	79	11,52	3,93
13:53:00	79	11,50	3,96
13:54:00	79	11,49	3,99
13:55:00	79	11,46	4,04
13:56:00	78	11,45	4,06
13:57:00	79	11,43	4,09
13:58:00	79	11,41	4,14
13:59:00	78	11,40	4,17
14:00:00	79	11,38	4,20
14:01:00	79	11,37	4,23
14:02:00	79	11,34	4,28
14:03:00	79	11,33	4,31
14:04:00	79	11,32	4,34
14:05:00	79	11,30	4,37
14:06:00	79	11,29	4,41
14:07:00	79	11,27	4,44
14:08:00	79	11,25	4,47
14:09:00	79	11,24	4,50
14:10:00	79	11,22	4,55
14:11:00	78	11,21	4,57
14:12:00	79	11,19	4,62
14:13:00	79	11,18	4,64
14:14:00	79	11,16	4,67
14:15:00	79	11,14	4,73
14:16:00	78	11,13	4,74
14:17:00	79	11,12	4,78
14:18:00	79	11,10	4,81
14:19:00	79	11,09	4,85
14:20:00	79	11,08	4,87
14:21:00	79	11,07	4,90
14:22:00	79	11,05	4,94
14:23:00	79	11,04	4,97
14:24:00	78	11,03	4,99
14:25:00	79	11,02	5,03
14:26:00	79	11,01	5,05
14:27:00	79	11,00	5,07
14:28:00	78	10,98	5,10
14:29:00	79	10,97	5,14
14:30:00	79	10,95	5,18
14:31:00	79	10,95	5,20
14:32:00	79	10,93	5,24
14:33:00	79	10,92	5,28
14:34:00	79	10,91	5,30
14:35:00	79	10,89	5,34
14:36:00	79	10,89	5,36
14:37:00	78	10,87	5,40
14:38:00	79	10,86	5,44
14:39:00	79	10,85	5,46
14:40:00	79	10,84	5,50
14:41:00	78	10,83	5,52
14:42:00	79	10,82	5,54
14:43:00	79	10,80	5,58
14:44:00	79	10,80	5,60
14:45:00	79	10,79	5,62
14:46:00	79	10,77	5,66
14:47:00	78	10,77	5,68
14:48:00	79	10,76	5,70
14:49:00	79	10,75	5,72
14:50:00	78	10,74	5,77
14:51:00	79	10,73	5,79
14:52:00	79	10,72	5,81
14:53:00	79	10,71	5,85
14:54:00	79	10,70	5,88
14:55:00	79	10,69	5,90
14:56:00	78	10,68	5,92
14:57:00	79	10,65	6,01
14:58:00	78	10,65	6,03
14:59:00	79	10,64	6,05
15:00:00	79	10,63	6,07
15:01:00	79	10,62	6,12
15:02:00	79	10,61	6,14
15:03:00	79	10,60	6,17
15:04:00	79	10,59	6,19
15:05:00	79	10,59	6,21
15:06:00	79	10,58	6,24
15:07:00	79	10,57	6,26
15:08:00	79	10,56	6,28
15:09:00	78	10,56	6,31
15:10:00	79	10,54	6,35
15:11:00	79	10,54	6,38
15:12:00	79	10,53	6,40
15:13:00	79	10,53	6,40
15:14:00	79	10,51	6,45
15:15:00	79	10,51	6,45
15:16:00	79	10,50	6,50
15:17:00	79	10,49	6,52
15:18:00	79	10,49	6,52
15:19:00	79	10,47	6,57
15:20:00	79	10,47	6,59
15:21:00	79	10,46	6,62
15:22:00	78	10,46	6,62
15:23:00	79	10,45	6,64
15:24:00	79	10,44	6,69
15:25:00	79	10,43	6,72
15:26:00	79	10,42	6,74
15:27:00	79	10,41	6,77
15:28:00	79	10,41	6,79
15:29:00	79	10,40	6,82
15:30:00	79	10,40	6,82
15:31:00	78	10,39	6,85
15:32:00	79	10,38	6,87
15:33:00	78	10,38	6,90
15:34:00	78	10,37	6,92
15:35:00	78	10,36	6,95
15:36:00	79	10,36	6,98
15:37:00	79	10,35	7,00
15:38:00	79	10,34	7,03
15:39:00	79	10,33	7,05
15:40:00	78	10,32	7,08
15:41:00	79	10,32	7,08
15:42:00	79	10,32	7,11
15:43:00	79	10,31	7,13
15:44:00	79	10,30	7,16
15:45:00	79	10,30	7,16
15:46:00	78	10,29	7,19
15:47:00	79	10,29	7,22
15:48:00	78	10,28	7,24
15:49:00	78	10,27	7,27
15:50:00	79	10,27	7,27
15:51:00	79	10,27	7,30
15:52:00	79	10,26	7,33
15:53:00	79	10,25	7,35
15:54:00	79	10,24	7,38
15:55:00	78	10,23	7,41
15:56:00	78	10,23	7,41
15:57:00	79	10,23	7,44
15:58:00	78	10,22	7,47
15:59:00	78	10,21	7,49
16:00:00	79	10,20	7,52
16:01:00	78	10,20	7,52
16:02:00	79	10,20	7,55
16:03:00	79	10,19	7,58
16:04:00	79	10,18	7,61
16:05:00	79	10,18	7,61
16:06:00	79	10,17	7,64
16:07:00	79	10,17	7,67
16:08:00	79	10,16	7,69
16:09:00	79	10,16	7,69
16:10:00	79	10,15	7,72
16:11:00	79	10,14	7,75
16:12:00	79	10,14	7,75
16:13:00	79	10,14	7,78
16:14:00	79	10,13	7,81
16:15:00	79	10,13	7,81
16:16:00	79	10,12	7,84
16:17:00	78	10,11	7,87
16:18:00	79	10,11	7,87
16:19:00	79	10,11	7,90
16:20:00	79	10,10	7,93
16:21:00	79	10,10	7,93
16:22:00	79	10,09	7,96
16:23:00	79	10,09	7,96
16:24:00	79	10,08	7,99
16:25:00	78	10,08	8,02
16:26:00	79	10,08	8,02
16:27:00	79	10,07	8,05
16:28:00	79	10,06	8,08
16:29:00	79	10,05	8,12
16:30:00	78	10,05	8,15
16:31:00	79	10,04	8,18
16:32:00	79	10,04	8,18
16:33:00	79	10,03	8,21
16:34:00	79	10,03	8,21
16:35:00	79	10,02	8,24
16:36:00	79	10,02	8,27
16:37:00	79	10,02	8,27
16:38:00	78	10,01	8,30
16:39:00	79	10,01	8,30
16:40:00	79	10,00	8,33
16:41:00	79	9,99	8,37
16:42:00	79	9,99	8,40
16:43:00	79	9,99	8,40
16:44:00	79	9,98	8,43
16:45:00	79	9,98	8,43
16:46:00	79	9,97	8,46
16:47:00	78	9,96	8,50
16:48:00	79	9,96	8,50
16:49:00	79	9,96	8,53
16:50:00	79	9,96	8,53
16:51:00	79	9,95	8,56
16:52:00	79	9,94	8,59
16:53:00	79	9,94	8,59
16:54:00	78	9,93	8,63
16:55:00	79	9,93	8,63
16:56:00	79	9,93	8,66
16:57:00	79	9,92	8,69
16:58:00	79	9,92	8,69
16:59:00	79	9,91	8,73
17:00:00	79	9,91	8,73
17:01:00	79	9,90	8,76
17:02:00	79	9,90	8,79
17:03:00	79	9,90	8,79
17:04:00	79	9,89	8,83
17:05:00	79	9,89	8,83
17:06:00	79	9,88	8,86
17:07:00	78	9,88	8,86
17:08:00	79	9,88	8,86
17:09:00	79	9,88	8,90
17:10:00	79	9,87	8,93
17:11:00	79	9,87	8,93
17:12:00	79	9,86	8,96
17:13:00	79	9,86	8,96
17:14:00	78	9,86	8,96
17:15:00	79	9,85	9,00
17:16:00	79	9,84	9,03
17:17:00	79	9,84	9,03
17:18:00	79	9,84	9,07
17:19:00	79	9,84	9,07
17:20:00	78	9,83	9,10
17:21:00	78	9,83	9,10
17:22:00	79	9,82	9,14
17:23:00	79	9,82	9,14
17:24:00	79	9,82	9,17
17:25:00	79	9,82	9,17
17:26:00	79	9,81	9,21
17:27:00	79	9,81	9,21
17:28:00	79	9,80	9,25
17:29:00	79	9,80	9,25
17:30:00	79	9,79	9,28
17:31:00	79	9,79	9,28
17:32:00	78	9,79	9,32
17:33:00	79	9,79	9,32
17:34:00	79	9,78	9,35
17:35:00	79	9,78	9,35
17:36:00	79	9,77	9,39
17:37:00	79	9,77	9,39
17:38:00	79	9,76	9,43
17:39:00	79	9,76	9,43
17:40:00	79	9,75	9,46
17:41:00	79	9,75	9,46
17:42:00	78	9,75	9,50
17:43:00	79	9,75	9,50
17:44:00	79	9,75	9,50
17:45:00	79	9,74	9,54
17:46:00	79	9,74	9,54
17:47:00	79	9,73	9,57
17:48:00	79	9,73	9,57
17:49:00	79	9,72	9,61
17:50:00	79	9,72	9,61
17:51:00	79	9,72	9,61
17:52:00	79	9,72	9,65
17:53:00	79	9,72	9,65
17:54:00	79	9,71	9,68
17:55:00	79	9,71	9,68
17:56:00	79	9,71	9,68
17:57:00	79	9,70	9,72
17:58:00	79	9,70	9,72
17:59:00	79	9,69	9,76
18:00:00	79	9,69	9,80
18:01:00	79	9,69	9,80
18:02:00	79	9,69	9,80
18:03:00	79	9,69	9,80
18:04:00	79	9,68	9,84
18:05:00	79	9,68	9,84
18:06:00	78	9,67	9,88
18:07:00	79	9,67	9,88
18:08:00	79	9,67	9,88
18:09:00	79	9,66	9,91
18:10:00	78	9,66	9,91
18:11:00	79	9,66	9,95
18:12:00	78	9,66	9,95
18:13:00	79	9,66	9,95
18:14:00	79	9,65	9,99
18:15:00	79	9,65	9,99
18:16:00	79	9,64	10,03
18:17:00	79	9,64	10,03
18:18:00	79	9,64	10,03
18:19:00	79	9,63	10,07
18:20:00	79	9,63	10,07
18:21:00	79	9,63	10,07
18:22:00	79	9,62	10,15
18:23:00	79	9,62	10,15
18:24:00	78	9,61	10,19
18:25:00	78	9,61	10,19
18:26:00	79	9,61	10,19
18:27:00	79	9,60	10,23
18:28:00	79	9,60	10,23
18:29:00	79	9,60	10,23
18:30:00	79	9,60	10,27
18:31:00	79	9,60	10,27
18:32:00	79	9,59	10,31
18:33:00	79	9,59	10,31
18:34:00	78	9,59	10,31
18:35:00	79	9,58	10,35
18:36:00	78	9,58	10,35
18:37:00	79	9,58	10,35
18:38:00	79	9,57	10,39
18:39:00	79	9,57	10,39
18:40:00	79	9,57	10,43
18:41:00	79	9,57	10,43
18:42:00	79	9,57	10,43
18:43:00	79	9,56	10,47
18:44:00	79	9,56	10,47
18:45:00	79	9,55	10,51
18:46:00	79	9,55	10,51
18:47:00	79	9,55	10,51
18:48:00	79	9,54	10,55
18:49:00	79	9,54	10,55
18:50:00	79	9,54	10,59
18:51:00	79	9,54	10,59
18:52:00	79	9,54	10,59
18:53:00	79	9,53	10,64
18:54:00	79	9,53	10,64
18:55:00	79	9,53	10,64
18:56:00	79	9,52	10,68
18:57:00	79	9,52	10,68
18:58:00	79	9,52	10,68
18:59:00	79	9,52	10,72
19:00:00	79	9,52	10,72
19:01:00	79	9,52	10,72
19:02:00	78	9,51	10,76
19:03:00	79	9,51	10,76
19:04:00	79	9,51	10,76
19:05:00	79	9,50	10,80
19:06:00	79	9,50	10,80
19:07:00	79	9,50	10,80
19:08:00	79	9,50	10,80
19:09:00	79	9,49	10,85
19:10:00	79	9,49	10,85
19:11:00	79	9,49	10,85
19:12:00	79	9,48	10,89
19:13:00	79	9,48	10,89
19:14:00	79	9,48	10,89
19:15:00	79	9,48	10,93
19:16:00	79	9,48	10,93
19:17:00	79	9,48	10,93
19:18:00	79	9,47	10,98
19:19:00	79	9,47	10,98
19:20:00	79	9,47	10,98
19:21:00	79	9,46	11,02
19:22:00	79	9,46	11,02
19:23:00	79	9,46	11,02
19:24:00	79	9,45	11,06
19:25:00	79	9,45	11,06
19:26:00	79	9,45	11,06
19:27:00	79	9,45	11,11
19:28:00	79	9,45	11,11
19:29:00	78	9,45	11,11
19:30:00	79	9,45	11,11
19:31:00	79	9,44	11,15
19:32:00	79	9,44	11,15
19:33:00	79	9,44	11,15
19:34:00	79	9,43	11,20
19:35:00	79	9,43	11,20
19:36:00	79	9,43	11,20
19:37:00	79	9,43	11,20
19:38:00	79	9,43	11,24
19:39:00	79	9,43	11,24
19:40:00	79	9,43	11,24
19:41:00	79	9,42	11,28
19:42:00	79	9,42	11,28
19:43:00	79	9,42	11,28
19:44:00	79	9,42	11,28
19:45:00	78	9,41	11,33
19:46:00	78	9,41	11,33
19:47:00	79	9,41	11,33
19:48:00	78	9,41	11,33
19:49:00	79	9,40	11,37
19:50:00	79	9,40	11,37
19:51:00	79	9,40	11,37
19:52:00	79	9,40	11,37
19:53:00	79	9,39	11,42
19:54:00	79	9,39	11,42
19:55:00	79	9,39	11,42
19:56:00	79	9,39	11,46
19:57:00	79	9,39	11,46
19:58:00	78	9,39	11,46
19:59:00	79	9,38	11,51
20:00:00	79	9,38	11,51
20:01:00	79	9,38	11,51
20:02:00	79	9,38	11,51
20:03:00	79	9,37	11,56
20:04:00	79	9,37	11,56
20:05:00	79	9,37	11,56
20:06:00	79	9,37	11,56
20:07:00	79	9,36	11,60
20:08:00	79	9,36	11,60
20:09:00	79	9,36	11,60
20:10:00	79	9,36	11,60
20:11:00	79	9,36	11,65
20:12:00	79	9,36	11,65
20:13:00	79	9,36	11,65
20:14:00	79	9,36	11,65
20:15:00	79	9,35	11,69
20:16:00	79	9,35	11,69
20:17:00	79	9,35	11,69
20:18:00	79	9,35	11,69
20:19:00	78	9,34	11,74
20:20:00	79	9,34	11,74
20:21:00	79	9,34	11,74
20:22:00	79	9,34	11,74
20:23:00	79	9,34	11,74
20:24:00	79	9,34	11,79
20:25:00	79	9,34	11,79
20:26:00	79	9,34	11,79
20:27:00	79	9,34	11,79
20:28:00	79	9,33	11,83
20:29:00	79	9,33	11,83
20:30:00	79	9,33	11,83
20:31:00	79	9,33	11,83
20:32:00	79	9,33	11,83
20:33:00	79	9,32	11,88
20:34:00	79	9,32	11,88
20:35:00	79	9,32	11,88
20:36:00	79	9,32	11,88
20:37:00	79	9,32	11,88
20:38:00	79	9,31	11,93
20:39:00	79	9,31	11,93
20:40:00	79	9,31	11,93
20:41:00	79	9,31	11,93
20:42:00	78	9,30	11,98
20:43:00	79	9,30	11,98
20:44:00	78	9,30	11,98
20:45:00	79	9,30	11,98
20:46:00	79	9,30	11,98
20:47:00	78	9,30	12,02
20:48:00	79	9,30	11,98
20:49:00	79	9,30	12,02
20:50:00	79	9,30	12,02
20:51:00	78	9,30	12,02
20:52:00	79	9,30	12,02
20:53:00	79	9,29	12,07
20:54:00	78	9,29	12,07
20:55:00	79	9,28	12,12
20:56:00	79	9,28	12,12
20:57:00	79	9,28	12,12
20:58:00	79	9,27	12,17
20:59:00	79	9,27	12,17
21:00:00	79	9,27	12,17
21:01:00	79	9,27	12,17
21:02:00	79	9,27	12,17
21:03:00	79	9,27	12,17
21:04:00	79	9,27	12,22
21:05:00	79	9,27	12,22
21:06:00	79	9,27	12,22
21:07:00	79	9,26	12,27
21:08:00	79	9,27	12,22
21:09:00	79	9,26	12,27
21:10:00	79	9,26	12,27
21:11:00	79	9,26	12,27
21:12:00	79	9,26	12,27
21:13:00	79	9,26	12,27
21:14:00	79	9,25	12,32
21:15:00	79	9,25	12,32
21:16:00	79	9,25	12,32
21:17:00	79	9,24	12,37
21:18:00	79	9,25	12,32
21:19:00	79	9,24	12,37
21:20:00	79	9,24	12,37
21:21:00	79	9,24	12,37
21:22:00	79	9,24	12,37
21:23:00	78	9,24	12,42
21:24:00	79	9,24	12,42
21:25:00	79	9,24	12,42
21:26:00	79	9,24	12,42
21:27:00	79	9,24	12,42
21:28:00	79	9,23	12,47
21:29:00	79	9,23	12,47
21:30:00	79	9,23	12,47
21:31:00	79	9,23	12,47
21:32:00	79	9,23	12,47
21:33:00	79	9,22	12,52
21:34:00	79	9,22	12,52
21:35:00	79	9,22	12,52
21:36:00	78	9,22	12,52
21:37:00	79	9,22	12,52
21:38:00	79	9,22	12,52
21:39:00	79	9,22	12,52
21:40:00	79	9,21	12,57
21:41:00	79	9,21	12,57
21:42:00	79	9,21	12,57
21:43:00	79	9,21	12,57
21:44:00	79	9,21	12,57
21:45:00	79	9,21	12,57
21:46:00	79	9,21	12,62
21:47:00	79	9,21	12,62
21:48:00	79	9,21	12,62
21:49:00	79	9,21	12,62
21:50:00	79	9,20	12,67
21:51:00	79	9,21	12,62
21:52:00	79	9,20	12,67
21:53:00	79	9,20	12,67
21:54:00	79	9,20	12,67
21:55:00	79	9,20	12,67
21:56:00	79	9,19	12,72
21:57:00	79	9,19	12,72
21:58:00	78	9,19	12,72
21:59:00	79	9,19	12,72
22:00:00	79	9,19	12,72
22:01:00	79	9,19	12,72
22:02:00	79	9,18	12,77
22:03:00	79	9,18	12,77
22:04:00	79	9,18	12,77
22:05:00	78	9,18	12,77
22:06:00	78	9,18	12,77
22:07:00	79	9,18	12,77
22:08:00	79	9,18	12,77
22:09:00	79	9,18	12,82
22:10:00	79	9,18	12,82
22:11:00	79	9,18	12,82
22:12:00	79	9,18	12,82
22:13:00	79	9,18	12,82
22:14:00	79	9,18	12,82
22:15:00	78	9,17	12,87
22:16:00	79	9,17	12,87
22:17:00	79	9,17	12,87
22:18:00	79	9,17	12,87
22:19:00	79	9,17	12,87
22:20:00	79	9,17	12,87
22:21:00	79	9,17	12,87
22:22:00	79	9,16	12,92
22:23:00	79	9,16	12,92
22:24:00	79	9,16	12,92
22:25:00	79	9,16	12,92
22:26:00	79	9,16	12,92
22:27:00	78	9,16	12,92
22:28:00	79	9,15	12,98
22:29:00	79	9,15	12,98
22:30:00	79	9,15	12,98
22:31:00	79	9,15	12,98
22:32:00	79	9,15	12,98
22:33:00	79	9,15	12,98
22:34:00	79	9,15	12,98
22:35:00	79	9,15	13,03
22:36:00	79	9,15	13,03
22:37:00	79	9,15	13,03
22:38:00	79	9,15	13,03
22:39:00	79	9,15	13,03
22:40:00	79	9,15	13,03
22:41:00	79	9,14	13,08
22:42:00	79	9,14	13,08
22:43:00	79	9,14	13,08
22:44:00	79	9,14	13,08
22:45:00	79	9,14	13,08
22:46:00	79	9,14	13,08
22:47:00	79	9,14	13,08
22:48:00	79	9,13	13,13
22:49:00	79	9,13	13,13
22:50:00	79	9,13	13,13
22:51:00	79	9,13	13,13
22:52:00	79	9,13	13,13
22:53:00	79	9,13	13,13
22:54:00	79	9,13	13,13
22:55:00	79	9,13	13,19
22:56:00	79	9,13	13,19
22:57:00	79	9,13	13,19
22:58:00	79	9,13	13,19
22:59:00	79	9,13	13,19
23:00:00	79	9,13	13,19
23:01:00	79	9,13	13,19
23:02:00	79	9,13	13,19
23:03:00	79	9,13	13,19
23:04:00	79	9,12	13,24
23:05:00	79	9,12	13,24
23:06:00	79	9,12	13,24
23:07:00	79	9,12	13,24
23:08:00	78	9,12	13,24
23:09:00	79	9,12	13,24
23:10:00	79	9,11	13,29
23:11:00	79	9,11	13,29
23:12:00	79	9,11	13,29
23:13:00	79	9,11	13,29
23:14:00	79	9,11	13,29
23:15:00	78	9,11	13,29
23:16:00	79	9,11	13,29
23:17:00	79	9,11	13,29
23:18:00	79	9,10	13,35
23:19:00	79	9,10	13,35
23:20:00	79	9,10	13,35
23:21:00	79	9,10	13,35
23:22:00	79	9,10	13,35
23:23:00	79	9,10	13,35
23:24:00	79	9,10	13,35
23:25:00	79	9,10	13,35
23:26:00	79	9,10	13,35
23:27:00	79	9,10	13,35
23:28:00	79	9,09	13,40
23:29:00	79	9,09	13,40
23:30:00	79	9,09	13,40
23:31:00	79	9,09	13,40
23:32:00	79	9,09	13,40
23:33:00	79	9,09	13,40
23:34:00	79	9,09	13,40
23:35:00	79	9,09	13,46
23:36:00	78	9,09	13,40
23:37:00	79	9,09	13,46
23:38:00	79	9,09	13,46
23:39:00	79	9,09	13,46
23:40:00	79	9,09	13,46
23:41:00	79	9,09	13,46
23:42:00	79	9,09	13,46
23:43:00	79	9,09	13,46
23:44:00	79	9,09	13,46
23:45:00	79	9,08	13,51
23:46:00	79	9,08	13,51
23:47:00	79	9,08	13,51
23:48:00	79	9,08	13,51
23:49:00	79	9,08	13,51
23:50:00	79	9,08	13,51
23:51:00	79	9,08	13,51
23:52:00	79	9,08	13,51
23:53:00	79	9,08	13,51
23:54:00	79	9,08	13,51
23:55:00	79	9,07	13,57
23:56:00	79	9,07	13,57
23:57:00	79	9,07	13,57
23:58:00	79	9,07	13,57
23:59:00	79	9,07	13,57
24:00:00	79	9,07	13,57
24:01:00	79	9,07	13,57
24:02:00	79	9,07	13,57
24:03:00	79	9,06	13,62
24:04:00	79	9,06	13,62
24:05:00	79	9,06	13,62
24:06:00	79	9,06	13,62
24:07:00	79	9,06	13,62
