--Test Summary--
Full Path and File Name	
Instrument Name	4262L
Instrument Type	Model 4262 Twin Cell UCA
Instrument Serial Number	111L
Test Start Date	15.06.2009
Test Start Time	17:49:58
Test Stop Date	17.06.2009
Test Stop Time	9:08:09
Test Length	39:18:11
Final Sample Time Offset	39:18:00
Controller Schedule Name	
Sampling Period	60 seconds
Comments	T:45(120), 65(240)
Information	WellID	
Information	Customer	Dragon
Information	CementClass	G
Information	CementMfr	Dykerhoff
Information	Additives	1.5gpsLX+7%MKU+0.6%RPM+0.15%HE400
Information	Density	1800
Information	BHCT	65
Information	BHST	45
Information	FluidLoss	35
Information	JobType	
Calculated Value	CS_50	6:51:00
Calculated Value	CS_500	12:05:00
Calculated Value	CS_Time8h	1,13 MPa
Calculated Value	CS_Time16h	5,38 MPa
Calculated Value	CS_Time24h	7,96 MPa
Calculated Value	CS_Time48h	N/A
Calculated Value	CS_Time72h	N/A
Calculated Curve	Compressive Strength	Compressive strength type B (more than 14 lb/gal)
Initial Temperature (°C)	25 °C
Final Temperature (°C)	28 °C
Initial Transit Time (microsec/in)	16,78 microsec/in
Final Transit Time (microsec/in)	ERROR
Initial Compressive Strength (MPa)	0,00 MPa
Final Compressive Strength (MPa)	N/A
--Data--
Time (HH:MM:SS)	Temperature (°C)	Transit Time (microsec/in)	Compressive Strength (MPa)
0:00:00	25	16,78	0,00
0:01:00	25	16,78	0,00
0:02:00	25	16,78	0,00
0:03:00	25	16,78	0,00
0:04:00	26	16,79	0,00
0:05:00	25	16,80	0,00
0:06:00	26	16,79	0,00
0:07:00	26	16,80	0,00
0:08:00	26	16,80	0,00
0:09:00	26	16,79	0,00
0:10:00	27	16,80	0,00
0:11:00	27	16,80	0,00
0:12:00	27	16,79	0,00
0:13:00	27	16,80	0,00
0:14:00	27	16,80	0,00
0:15:00	27	16,79	0,00
0:16:00	27	16,80	0,00
0:17:00	27	16,80	0,00
0:18:00	28	16,80	0,00
0:19:00	28	16,79	0,00
0:20:00	28	16,78	0,00
0:21:00	28	16,78	0,00
0:22:00	29	16,78	0,00
0:23:00	28	16,78	0,00
0:24:00	29	16,78	0,00
0:25:00	29	16,78	0,00
0:26:00	29	16,78	0,00
0:27:00	30	16,78	0,00
0:28:00	30	16,78	0,00
0:29:00	30	16,78	0,00
0:30:00	30	16,77	0,00
0:31:00	30	16,77	0,00
0:32:00	30	16,77	0,00
0:33:00	30	16,77	0,00
0:34:00	31	16,76	0,01
0:35:00	31	16,77	0,00
0:36:00	31	16,76	0,01
0:37:00	31	16,76	0,01
0:38:00	31	16,76	0,01
0:39:00	31	16,75	0,01
0:40:00	31	16,75	0,01
0:41:00	32	16,76	0,01
0:42:00	32	16,75	0,01
0:43:00	32	16,75	0,01
0:44:00	32	16,76	0,01
0:45:00	32	16,76	0,01
0:46:00	32	16,75	0,01
0:47:00	33	16,75	0,01
0:48:00	33	16,75	0,01
0:49:00	33	16,75	0,01
0:50:00	33	16,75	0,01
0:51:00	33	16,77	0,00
0:52:00	33	16,77	0,00
0:53:00	33	16,77	0,00
0:54:00	34	16,77	0,00
0:55:00	34	16,77	0,00
0:56:00	34	16,77	0,00
0:57:00	34	16,77	0,00
0:58:00	34	16,77	0,00
0:59:00	35	16,77	0,00
1:00:00	35	16,77	0,00
1:01:00	35	16,77	0,00
1:02:00	35	16,77	0,00
1:03:00	35	16,77	0,00
1:04:00	35	16,77	0,00
1:05:00	36	16,77	0,00
1:06:00	35	16,77	0,00
1:07:00	36	16,77	0,00
1:08:00	36	16,77	0,00
1:09:00	36	16,77	0,00
1:10:00	36	16,78	0,00
1:11:00	36	16,78	0,00
1:12:00	36	16,78	0,00
1:13:00	37	16,78	0,00
1:14:00	37	16,78	0,00
1:15:00	37	16,78	0,00
1:16:00	37	16,78	0,00
1:17:00	37	16,79	0,00
1:18:00	37	16,79	0,00
1:19:00	38	16,79	0,00
1:20:00	38	16,79	0,00
1:21:00	38	16,79	0,00
1:22:00	38	16,80	0,00
1:23:00	38	16,79	0,00
1:24:00	38	16,80	0,00
1:25:00	39	16,80	0,00
1:26:00	39	16,80	0,00
1:27:00	39	16,80	0,00
1:28:00	39	16,80	0,00
1:29:00	39	16,80	0,00
1:30:00	40	16,80	0,00
1:31:00	40	16,81	0,00
1:32:00	40	16,81	0,00
1:33:00	40	16,81	0,00
1:34:00	40	16,81	0,00
1:35:00	40	16,83	0,00
1:36:00	40	16,83	0,00
1:37:00	41	16,83	0,00
1:38:00	40	16,84	0,00
1:39:00	41	16,84	0,00
1:40:00	41	16,85	0,00
1:41:00	41	16,84	0,00
1:42:00	41	16,84	0,00
1:43:00	41	16,85	0,00
1:44:00	42	16,85	0,00
1:45:00	42	16,86	0,00
1:46:00	42	16,86	0,00
1:47:00	42	16,86	0,00
1:48:00	42	16,87	0,00
1:49:00	42	16,86	0,00
1:50:00	42	16,88	0,00
1:51:00	42	16,88	0,00
1:52:00	43	16,89	0,00
1:53:00	43	16,89	0,00
1:54:00	43	16,89	0,00
1:55:00	43	16,89	0,00
1:56:00	43	16,89	0,00
1:57:00	43	16,90	0,00
1:58:00	44	16,90	0,00
1:59:00	44	16,90	0,00
2:00:00	44	16,91	0,00
2:01:00	44	16,91	0,00
2:02:00	44	16,91	0,00
2:03:00	44	16,92	0,00
2:04:00	45	16,92	0,00
2:05:00	45	16,92	0,00
2:06:00	45	16,92	0,00
2:07:00	44	16,92	0,00
2:08:00	45	16,94	0,00
2:09:00	45	16,94	0,00
2:10:00	45	16,94	0,00
2:11:00	45	16,95	0,00
2:12:00	45	16,95	0,00
2:13:00	45	16,95	0,00
2:14:00	46	16,95	0,00
2:15:00	45	16,98	0,00
2:16:00	46	16,98	0,00
2:17:00	46	16,99	0,00
2:18:00	46	17,00	0,00
2:19:00	46	16,99	0,00
2:20:00	46	17,00	0,00
2:21:00	46	17,01	0,00
2:22:00	46	17,01	0,00
2:23:00	46	17,02	0,00
2:24:00	46	17,02	0,00
2:25:00	46	17,03	0,00
2:26:00	46	17,02	0,00
2:27:00	46	17,03	0,00
2:28:00	46	17,02	0,00
2:29:00	47	17,03	0,00
2:30:00	47	17,03	0,00
2:31:00	46	17,04	0,00
2:32:00	47	17,04	0,00
2:33:00	47	17,04	0,00
2:34:00	47	17,04	0,00
2:35:00	47	17,05	0,00
2:36:00	47	17,04	0,00
2:37:00	47	17,08	0,00
2:38:00	47	17,08	0,00
2:39:00	47	17,08	0,00
2:40:00	47	17,08	0,00
2:41:00	47	17,08	0,00
2:42:00	47	17,08	0,00
2:43:00	48	17,09	0,00
2:44:00	48	17,09	0,00
2:45:00	48	17,10	0,00
2:46:00	48	17,11	0,00
2:47:00	48	17,10	0,00
2:48:00	48	17,11	0,00
2:49:00	48	17,11	0,00
2:50:00	48	17,11	0,00
2:51:00	48	17,13	0,00
2:52:00	48	17,13	0,00
2:53:00	48	17,13	0,00
2:54:00	49	17,14	0,00
2:55:00	49	17,11	0,00
2:56:00	49	17,13	0,00
2:57:00	49	17,12	0,00
2:58:00	49		
2:59:00	49	17,13	0,00
3:00:00	49	17,14	0,00
3:01:00	49	17,13	0,00
3:02:00	49	17,14	0,00
3:03:00	49	17,14	0,00
3:04:00	49	17,14	0,00
3:05:00	49	17,15	0,00
3:06:00	49	17,14	0,00
3:07:00	49	17,15	0,00
3:08:00	50	17,17	0,00
3:09:00	50	17,16	0,00
3:10:00	50	17,16	0,00
3:11:00	50	17,16	0,00
3:12:00	50	17,16	0,00
3:13:00	50	17,16	0,00
3:14:00	50	17,15	0,00
3:15:00	50	17,16	0,00
3:16:00	51	17,17	0,00
3:17:00	50	17,18	0,00
3:18:00	51	17,16	0,00
3:19:00	50	17,18	0,00
3:20:00	51	17,18	0,00
3:21:00	51	17,19	0,00
3:22:00	51	17,20	0,00
3:23:00	51	17,20	0,00
3:24:00	51	17,19	0,00
3:25:00	51	17,21	0,00
3:26:00	51	17,20	0,00
3:27:00	51	17,20	0,00
3:28:00	51	17,19	0,00
3:29:00	52	17,20	0,00
3:30:00	51	17,20	0,00
3:31:00	51	17,22	0,00
3:32:00	52	17,20	0,00
3:33:00	52	17,21	0,00
3:34:00	52	17,21	0,00
3:35:00	52	17,22	0,00
3:36:00	52	17,21	0,00
3:37:00	52	17,21	0,00
3:38:00	52	17,22	0,00
3:39:00	52	17,22	0,00
3:40:00	52	17,22	0,00
3:41:00	52	17,22	0,00
3:42:00	52	17,22	0,00
3:43:00	52	17,22	0,00
3:44:00	52	17,21	0,00
3:45:00	53	17,21	0,00
3:46:00	53	17,22	0,00
3:47:00	53	17,22	0,00
3:48:00	53	17,23	0,00
3:49:00	53	17,22	0,00
3:50:00	53	17,22	0,00
3:51:00	53	17,22	0,00
3:52:00	53	17,22	0,00
3:53:00	53	17,22	0,00
3:54:00	53	17,22	0,00
3:55:00	53	17,22	0,00
3:56:00	54	17,21	0,00
3:57:00	54	17,22	0,00
3:58:00	54	17,22	0,00
3:59:00	54	17,21	0,00
4:00:00	54	17,22	0,00
4:01:00	54	17,22	0,00
4:02:00	54	17,22	0,00
4:03:00	54	17,22	0,00
4:04:00	54	17,22	0,00
4:05:00	54	17,22	0,00
4:06:00	54	17,22	0,00
4:07:00	54	17,22	0,00
4:08:00	54	17,22	0,00
4:09:00	55	17,22	0,00
4:10:00	55	17,22	0,00
4:11:00	55	17,22	0,00
4:12:00	55	17,22	0,00
4:13:00	55	17,21	0,00
4:14:00	55	17,22	0,00
4:15:00	55	17,21	0,00
4:16:00	55	17,21	0,00
4:17:00	55	17,22	0,00
4:18:00	55	17,21	0,00
4:19:00	56	17,22	0,00
4:20:00	55	17,22	0,00
4:21:00	55	17,21	0,00
4:22:00	56	17,22	0,00
4:23:00	56	17,22	0,00
4:24:00	56	17,21	0,00
4:25:00	56	17,21	0,00
4:26:00	56	17,21	0,00
4:27:00	56	17,21	0,00
4:28:00	56	17,21	0,00
4:29:00	56	17,21	0,00
4:30:00	56	17,21	0,00
4:31:00	56	17,21	0,00
4:32:00	56	17,20	0,00
4:33:00	57	17,20	0,00
4:34:00	57	17,20	0,00
4:35:00	57	17,20	0,00
4:36:00	57	17,21	0,00
4:37:00	57	17,20	0,00
4:38:00	57	17,20	0,00
4:39:00	57	17,20	0,00
4:40:00	57	17,20	0,00
4:41:00	57	17,20	0,00
4:42:00	57	17,20	0,00
4:43:00	57	17,20	0,00
4:44:00	57	17,20	0,00
4:45:00	58	17,20	0,00
4:46:00	58	17,20	0,00
4:47:00	58	17,20	0,00
4:48:00	58	17,20	0,00
4:49:00	58	17,20	0,00
4:50:00	58	17,20	0,00
4:51:00	58	17,20	0,00
4:52:00	58	17,19	0,00
4:53:00	58	17,19	0,00
4:54:00	58	17,18	0,00
4:55:00	58	17,18	0,00
4:56:00	58	17,19	0,00
4:57:00	59	17,18	0,00
4:58:00	59	17,18	0,00
4:59:00	59	17,18	0,00
5:00:00	59	17,18	0,00
5:01:00	59	17,17	0,00
5:02:00	59	17,17	0,00
5:03:00	59	17,17	0,00
5:04:00	59	17,17	0,00
5:05:00	59	17,16	0,00
5:06:00	59	17,16	0,00
5:07:00	60	17,16	0,00
5:08:00	59	17,16	0,00
5:09:00	60	17,16	0,00
5:10:00	60	17,15	0,00
5:11:00	60	17,15	0,00
5:12:00	60	17,15	0,00
5:13:00	60	17,14	0,00
5:14:00	60	17,14	0,00
5:15:00	60	17,14	0,00
5:16:00	60	17,14	0,00
5:17:00	60	17,13	0,00
5:18:00	60	17,13	0,00
5:19:00	61	17,12	0,00
5:20:00	60	17,11	0,00
5:21:00	60	17,11	0,00
5:22:00	61	17,11	0,00
5:23:00	61	17,11	0,00
5:24:00	61	17,10	0,00
5:25:00	61	17,10	0,00
5:26:00	61	17,09	0,00
5:27:00	61	17,09	0,00
5:28:00	61	17,08	0,00
5:29:00	61	17,08	0,00
5:30:00	61	17,06	0,00
5:31:00	61	17,05	0,00
5:32:00	62	17,04	0,00
5:33:00	62	17,04	0,00
5:34:00	62	17,03	0,00
5:35:00	62	17,02	0,00
5:36:00	62	17,02	0,00
5:37:00	62	17,02	0,00
5:38:00	62	17,01	0,00
5:39:00	62	17,00	0,00
5:40:00	62	16,98	0,00
5:41:00	63	16,98	0,00
5:42:00	62	16,97	0,00
5:43:00	62	16,96	0,00
5:44:00	63	16,95	0,00
5:45:00	62	16,93	0,00
5:46:00	63	16,92	0,00
5:47:00	63	16,92	0,00
5:48:00	63	16,90	0,00
5:49:00	63	16,89	0,00
5:50:00	63	16,89	0,00
5:51:00	63	16,86	0,00
5:52:00	63	16,86	0,00
5:53:00	63	16,84	0,00
5:54:00	63	16,84	0,00
5:55:00	63	16,81	0,00
5:56:00	63	16,80	0,00
5:57:00	64	16,79	0,00
5:58:00	63	16,78	0,00
5:59:00	63	16,77	0,00
6:00:00	64	16,75	0,01
6:01:00	64	16,74	0,01
6:02:00	64	16,72	0,01
6:03:00	64	16,70	0,02
6:04:00	64	16,68	0,02
6:05:00	64	16,67	0,03
6:06:00	64	16,65	0,03
6:07:00	64	16,63	0,04
6:08:00	64	16,61	0,04
6:09:00	64	16,59	0,05
6:10:00	64	16,56	0,05
6:11:00	64	16,55	0,06
6:12:00	64	16,53	0,06
6:13:00	64	16,52	0,06
6:14:00	64	16,50	0,07
6:15:00	64	16,47	0,08
6:16:00	64	16,45	0,08
6:17:00	64	16,43	0,09
6:18:00	64	16,41	0,09
6:19:00	65	16,39	0,10
6:20:00	64	16,37	0,10
6:21:00	64	16,36	0,11
6:22:00	64	16,32	0,12
6:23:00	64	16,30	0,12
6:24:00	64	16,28	0,13
6:25:00	64	16,25	0,14
6:26:00	64	16,23	0,14
6:27:00	64	16,20	0,15
6:28:00	64	16,18	0,15
6:29:00	64	16,16	0,16
6:30:00	64	16,14	0,17
6:31:00	64	16,11	0,18
6:32:00	64	16,08	0,19
6:33:00	64	16,05	0,19
6:34:00	64	16,03	0,20
6:35:00	64	16,01	0,21
6:36:00	64	15,98	0,21
6:37:00	64	15,95	0,22
6:38:00	64	15,93	0,23
6:39:00	64	15,90	0,24
6:40:00	64	15,86	0,25
6:41:00	64	15,83	0,26
6:42:00	64	15,82	0,27
6:43:00	64	15,80	0,27
6:44:00	64	15,77	0,28
6:45:00	64	15,74	0,29
6:46:00	64	15,70	0,30
6:47:00	64	15,67	0,31
6:48:00	64	15,64	0,32
6:49:00	64	15,62	0,33
6:50:00	64	15,59	0,34
6:51:00	64	15,58	0,35
6:52:00	64	15,54	0,36
6:53:00	64	15,52	0,37
6:54:00	64	15,48	0,38
6:55:00	64	15,45	0,39
6:56:00	64	15,42	0,40
6:57:00	64	15,40	0,41
6:58:00	64	15,37	0,42
6:59:00	64	15,35	0,43
7:00:00	64	15,34	0,43
7:01:00	64	15,28	0,46
7:02:00	64	15,25	0,47
7:03:00	64	15,23	0,48
7:04:00	64	15,21	0,49
7:05:00	64	15,18	0,50
7:06:00	64	15,16	0,51
7:07:00	64	15,12	0,52
7:08:00	64	15,09	0,54
7:09:00	64	15,07	0,54
7:10:00	64	15,04	0,56
7:11:00	64	15,02	0,57
7:12:00	64	15,00	0,58
7:13:00	64	14,97	0,59
7:14:00	64	14,95	0,60
7:15:00	64	14,92	0,61
7:16:00	64	14,90	0,62
7:17:00	64	14,87	0,63
7:18:00	64	14,86	0,64
7:19:00	64	14,83	0,65
7:20:00	64	14,81	0,66
7:21:00	64	14,78	0,67
7:22:00	64	14,75	0,69
7:23:00	64	14,73	0,70
7:24:00	64	14,70	0,71
7:25:00	64	14,68	0,72
7:26:00	64	14,65	0,74
7:27:00	64	14,64	0,74
7:28:00	64	14,62	0,76
7:29:00	64	14,59	0,77
7:30:00	63	14,56	0,78
7:31:00	64	14,54	0,79
7:32:00	64	14,52	0,81
7:33:00	64	14,50	0,81
7:34:00	63	14,49	0,82
7:35:00	64	14,46	0,83
7:36:00	64	14,44	0,85
7:37:00	64	14,40	0,87
7:38:00	64	14,40	0,87
7:39:00	64	14,37	0,89
7:40:00	64	14,35	0,89
7:41:00	64	14,33	0,91
7:42:00	64	14,32	0,92
7:43:00	64	14,29	0,93
7:44:00	64	14,27	0,94
7:45:00	64	14,25	0,95
7:46:00	64	14,22	0,97
7:47:00	64	14,22	0,97
7:48:00	64	14,19	0,99
7:49:00	64	14,16	1,00
7:50:00	64	14,16	1,01
7:51:00	64	14,14	1,02
7:52:00	64	14,12	1,03
7:53:00	64	14,09	1,05
7:54:00	64	14,07	1,06
7:55:00	64	14,06	1,07
7:56:00	64	14,04	1,08
7:57:00	64	14,02	1,09
7:58:00	64	14,01	1,10
7:59:00	64	13,99	1,11
8:00:00	64	13,97	1,13
8:01:00	63	13,95	1,14
8:02:00	64	13,93	1,15
8:03:00	64	13,91	1,17
8:04:00	64	13,90	1,17
8:05:00	64	13,89	1,18
8:06:00	64	13,87	1,19
8:07:00	64	13,86	1,20
8:08:00	64	13,84	1,21
8:09:00	64	13,82	1,23
8:10:00	64	13,80	1,24
8:11:00	64	13,79	1,25
8:12:00	64	13,77	1,26
8:13:00	64	13,75	1,27
8:14:00	64	13,74	1,28
8:15:00	64	13,73	1,29
8:16:00	64	13,71	1,30
8:17:00	64	13,70	1,31
8:18:00	64	13,68	1,33
8:19:00	64	13,64	1,36
8:20:00	64	13,63	1,37
8:21:00	64	13,62	1,37
8:22:00	64	13,59	1,39
8:23:00	64	13,57	1,41
8:24:00	64	13,55	1,42
8:25:00	64	13,54	1,43
8:26:00	64	13,53	1,44
8:27:00	64	13,52	1,45
8:28:00	64	13,50	1,46
8:29:00	64	13,49	1,47
8:30:00	64	13,47	1,48
8:31:00	64	13,45	1,50
8:32:00	64	13,45	1,51
8:33:00	64	13,43	1,52
8:34:00	64	13,42	1,53
8:35:00	64	13,41	1,53
8:36:00	64	13,41	1,54
8:37:00	64	13,39	1,55
8:38:00	64	13,38	1,56
8:39:00	64	13,36	1,57
8:40:00	64	13,35	1,59
8:41:00	64	13,32	1,61
8:42:00	64	13,32	1,61
8:43:00	64	13,29	1,63
8:44:00	64	13,29	1,64
8:45:00	64	13,28	1,64
8:46:00	64	13,27	1,65
8:47:00	64	13,26	1,66
8:48:00	64	13,24	1,68
8:49:00	64	13,23	1,69
8:50:00	64	13,21	1,70
8:51:00	64	13,20	1,72
8:52:00	64	13,19	1,72
8:53:00	64	13,18	1,73
8:54:00	63	13,17	1,74
8:55:00	64	13,16	1,75
8:56:00	64	13,14	1,77
8:57:00	64	13,13	1,78
8:58:00	63	13,12	1,79
8:59:00	64	13,11	1,80
9:00:00	64	13,10	1,81
9:01:00	64	13,09	1,81
9:02:00	63	13,08	1,83
9:03:00	64	13,07	1,83
9:04:00	64	13,05	1,85
9:05:00	64	13,04	1,86
9:06:00	63	13,03	1,87
9:07:00	64	13,02	1,88
9:08:00	64	13,02	1,89
9:09:00	64	13,00	1,90
9:10:00	64	12,99	1,91
9:11:00	64	12,97	1,93
9:12:00	64	12,96	1,94
9:13:00	64	12,96	1,94
9:14:00	64	12,95	1,95
9:15:00	64	12,93	1,97
9:16:00	64	12,93	1,97
9:17:00	64	12,92	1,98
9:18:00	64	12,91	1,99
9:19:00	63	12,90	2,00
9:20:00	64	12,89	2,01
9:21:00	64	12,88	2,02
9:22:00	64	12,87	2,04
9:23:00	64	12,86	2,04
9:24:00	64	12,85	2,05
9:25:00	64	12,84	2,06
9:26:00	64	12,83	2,07
9:27:00	64	12,82	2,08
9:28:00	63	12,81	2,10
9:29:00	64	12,80	2,11
9:30:00	64	12,80	2,11
9:31:00	64	12,79	2,12
9:32:00	64	12,79	2,12
9:33:00	64	12,78	2,13
9:34:00	64	12,77	2,14
9:35:00	64	12,75	2,16
9:36:00	64	12,74	2,17
9:37:00	64	12,73	2,18
9:38:00	64	12,72	2,19
9:39:00	64	12,72	2,20
9:40:00	64	12,71	2,20
9:41:00	64	12,70	2,21
9:42:00	64	12,69	2,23
9:43:00	64	12,68	2,24
9:44:00	64	12,67	2,25
9:45:00	64	12,66	2,25
9:46:00	64	12,66	2,26
9:47:00	64	12,65	2,27
9:48:00	64	12,64	2,28
9:49:00	64	12,63	2,30
9:50:00	64	12,62	2,31
9:51:00	64	12,61	2,31
9:52:00	64	12,60	2,32
9:53:00	64	12,60	2,33
9:54:00	64	12,60	2,33
9:55:00	64	12,59	2,34
9:56:00	64	12,58	2,35
9:57:00	64	12,57	2,36
9:58:00	64	12,56	2,38
9:59:00	64	12,56	2,38
10:00:00	64	12,54	2,40
10:01:00	64	12,53	2,41
10:02:00	64	12,52	2,43
10:03:00	64	12,51	2,44
10:04:00	64	12,51	2,44
10:05:00	64	12,49	2,46
10:06:00	64	12,48	2,47
10:07:00	64	12,48	2,47
10:08:00	64	12,48	2,47
10:09:00	64	12,46	2,49
10:10:00	64	12,45	2,50
10:11:00	64	12,45	2,50
10:12:00	64	12,45	2,51
10:13:00	64	12,44	2,52
10:14:00	64	12,43	2,53
10:15:00	64	12,43	2,54
10:16:00	63	12,42	2,55
10:17:00	64	12,41	2,56
10:18:00	64	12,41	2,56
10:19:00	64	12,40	2,57
10:20:00	63	12,39	2,59
10:21:00	64	12,38	2,60
10:22:00	64	12,37	2,61
10:23:00	63	12,37	2,61
10:24:00	64	12,36	2,62
10:25:00	64	12,36	2,63
10:26:00	64	12,35	2,64
10:27:00	64	12,34	2,65
10:28:00	64	12,34	2,66
10:29:00	64	12,33	2,67
10:30:00	64	12,32	2,67
10:31:00	64	12,31	2,68
10:32:00	64	12,30	2,69
10:33:00	64	12,30	2,69
10:34:00	64	12,30	2,70
10:35:00	64	12,29	2,71
10:36:00	64	12,28	2,72
10:37:00	64	12,27	2,73
10:38:00	64	12,27	2,75
10:39:00	64	12,27	2,75
10:40:00	64	12,25	2,77
10:41:00	64	12,25	2,77
10:42:00	64	12,24	2,78
10:43:00	64	12,24	2,79
10:44:00	64	12,24	2,79
10:45:00	64	12,22	2,81
10:46:00	64	12,21	2,82
10:47:00	64	12,21	2,82
10:48:00	64	12,21	2,83
10:49:00	63	12,20	2,84
10:50:00	64	12,20	2,84
10:51:00	64	12,19	2,85
10:52:00	64	12,18	2,86
10:53:00	64	12,18	2,87
10:54:00	64	12,17	2,88
10:55:00	64	12,17	2,88
10:56:00	64	12,16	2,89
10:57:00	64	12,15	2,90
10:58:00	64	12,15	2,91
10:59:00	64	12,15	2,91
11:00:00	64	12,14	2,92
11:01:00	64	12,14	2,92
11:02:00	64	12,13	2,93
11:03:00	64	12,12	2,95
11:04:00	64	12,12	2,95
11:05:00	64	12,11	2,97
11:06:00	64	12,11	2,97
11:07:00	64	12,10	2,98
11:08:00	64	12,09	2,99
11:09:00	64	12,09	3,00
11:10:00	64	12,09	3,00
11:11:00	64	12,08	3,01
11:12:00	64	12,08	3,01
11:13:00	64	12,06	3,03
11:14:00	63	12,06	3,03
11:15:00	64	12,06	3,04
11:16:00	64	12,06	3,04
11:17:00	63	12,05	3,05
11:18:00	64	12,04	3,07
11:19:00	64	12,04	3,08
11:20:00	64	12,04	3,08
11:21:00	64	12,03	3,09
11:22:00	64	12,02	3,10
11:23:00	64	12,02	3,10
11:24:00	64	12,01	3,11
11:25:00	63	12,00	3,12
11:26:00	64	12,00	3,13
11:27:00	64	12,00	3,13
11:28:00	64	11,99	3,14
11:29:00	64	11,98	3,16
11:30:00	64	11,98	3,16
11:31:00	64	11,97	3,17
11:32:00	64	11,97	3,17
11:33:00	64	11,97	3,18
11:34:00	64	11,96	3,19
11:35:00	64	11,96	3,19
11:36:00	64	11,95	3,20
11:37:00	64	11,95	3,21
11:38:00	64	11,95	3,21
11:39:00	64	11,94	3,23
11:40:00	63	11,94	3,23
11:41:00	64	11,93	3,24
11:42:00	64	11,92	3,25
11:43:00	63	11,92	3,25
11:44:00	64	11,91	3,27
11:45:00	64	11,91	3,27
11:46:00	64	11,90	3,29
11:47:00	64	11,89	3,30
11:48:00	64	11,89	3,30
11:49:00	64	11,89	3,30
11:50:00	64	11,88	3,31
11:51:00	64	11,88	3,32
11:52:00	64	11,88	3,32
11:53:00	64	11,87	3,33
11:54:00	64	11,86	3,35
11:55:00	63	11,86	3,35
11:56:00	64	11,86	3,36
11:57:00	64	11,86	3,36
11:58:00	64	11,85	3,37
11:59:00	64	11,85	3,37
12:00:00	64	11,85	3,37
12:01:00	64	11,83	3,40
12:02:00	64	11,82	3,41
12:03:00	64	11,83	3,40
12:04:00	64	11,82	3,41
12:05:00	64	11,82	3,42
12:06:00	64	11,82	3,42
12:07:00	64	11,81	3,43
12:08:00	64	11,81	3,43
12:09:00	64	11,80	3,45
12:10:00	64	11,79	3,46
12:11:00	64	11,78	3,48
12:12:00	64	11,78	3,48
12:13:00	64	11,77	3,50
12:14:00	64	11,77	3,51
12:15:00	64	11,76	3,52
12:16:00	64	11,76	3,52
12:17:00	64	11,75	3,53
12:18:00	64	11,74	3,55
12:19:00	64	11,74	3,55
12:20:00	64	11,73	3,56
12:21:00	64	11,73	3,56
12:22:00	64	11,73	3,56
12:23:00	64	11,73	3,57
12:24:00	64	11,72	3,59
12:25:00	64	11,71	3,60
12:26:00	64	11,71	3,60
12:27:00	64	11,70	3,61
12:28:00	64	11,70	3,63
12:29:00	64	11,70	3,63
12:30:00	64	11,70	3,63
12:31:00	64	11,69	3,64
12:32:00	64	11,68	3,65
12:33:00	64	11,67	3,67
12:34:00	64	11,67	3,67
12:35:00	64	11,67	3,68
12:36:00	64	11,67	3,68
12:37:00	64	11,66	3,69
12:38:00	64	11,66	3,69
12:39:00	64	11,65	3,71
12:40:00	64	11,65	3,71
12:41:00	64	11,64	3,72
12:42:00	64	11,64	3,72
12:43:00	64	11,64	3,73
12:44:00	64	11,64	3,73
12:45:00	64	11,64	3,73
12:46:00	64	11,62	3,76
12:47:00	64	11,62	3,76
12:48:00	64	11,61	3,77
12:49:00	64	11,61	3,79
12:50:00	64	11,61	3,79
12:51:00	64	11,61	3,79
12:52:00	64	11,60	3,80
12:53:00	64	11,60	3,80
12:54:00	64	11,59	3,82
12:55:00	64	11,59	3,82
12:56:00	64	11,58	3,83
12:57:00	64	11,58	3,84
12:58:00	64	11,57	3,86
12:59:00	64	11,57	3,86
13:00:00	64	11,57	3,86
13:01:00	64	11,56	3,87
13:02:00	64	11,55	3,89
13:03:00	64	11,55	3,89
13:04:00	64	11,55	3,90
13:05:00	64	11,54	3,91
13:06:00	64	11,54	3,91
13:07:00	64	11,54	3,91
13:08:00	64	11,53	3,93
13:09:00	64	11,53	3,93
13:10:00	63	11,52	3,94
13:11:00	64	11,52	3,94
13:12:00	64	11,52	3,96
13:13:00	64	11,51	3,97
13:14:00	64	11,50	3,99
13:15:00	64	11,50	3,99
13:16:00	64	11,50	3,99
13:17:00	64	11,49	4,02
13:18:00	64	11,49	4,00
13:19:00	64	11,49	4,02
13:20:00	64	11,48	4,03
13:21:00	64	11,48	4,03
13:22:00	64	11,47	4,05
13:23:00	64	11,47	4,05
13:24:00	64	11,46	4,06
13:25:00	64	11,46	4,06
13:26:00	64	11,46	4,06
13:27:00	64	11,46	4,06
13:28:00	64	11,46	4,07
13:29:00	64	11,45	4,09
13:30:00	64	11,44	4,10
13:31:00	64	11,44	4,10
13:32:00	64	11,43	4,12
13:33:00	64	11,43	4,12
13:34:00	64	11,43	4,13
13:35:00	64	11,43	4,13
13:36:00	64	11,42	4,15
13:37:00	64	11,41	4,16
13:38:00	64	11,41	4,16
13:39:00	64	11,41	4,16
13:40:00	64	11,40	4,18
13:41:00	64	11,40	4,20
13:42:00	64	11,40	4,20
13:43:00	64	11,39	4,21
13:44:00	64	11,38	4,23
13:45:00	64	11,38	4,23
13:46:00	64	11,38	4,23
13:47:00	64	11,38	4,24
13:48:00	64	11,38	4,24
13:49:00	64	11,37	4,26
13:50:00	64	11,36	4,27
13:51:00	64	11,35	4,29
13:52:00	64	11,35	4,29
13:53:00	64	11,35	4,29
13:54:00	64	11,34	4,30
13:55:00	64	11,34	4,32
13:56:00	64	11,34	4,32
13:57:00	64	11,34	4,32
13:58:00	64	11,33	4,34
13:59:00	64	11,32	4,35
14:00:00	64	11,32	4,35
14:01:00	64	11,32	4,37
14:02:00	64	11,32	4,37
14:03:00	64	11,32	4,37
14:04:00	64	11,31	4,38
14:05:00	64	11,30	4,40
14:06:00	64	11,30	4,40
14:07:00	64	11,29	4,42
14:08:00	64	11,29	4,42
14:09:00	64	11,29	4,43
14:10:00	64	11,28	4,45
14:11:00	64	11,28	4,45
14:12:00	64	11,28	4,45
14:13:00	64	11,27	4,46
14:14:00	64	11,27	4,46
14:15:00	64	11,26	4,48
14:16:00	64	11,25	4,50
14:17:00	64	11,25	4,50
14:18:00	64	11,25	4,50
14:19:00	64	11,25	4,51
14:20:00	64	11,24	4,53
14:21:00	64	11,24	4,53
14:22:00	64	11,24	4,53
14:23:00	64	11,23	4,55
14:24:00	64	11,22	4,56
14:25:00	64	11,22	4,58
14:26:00	64	11,22	4,58
14:27:00	64	11,22	4,58
14:28:00	64	11,21	4,60
14:29:00	64	11,21	4,60
14:30:00	64	11,20	4,61
14:31:00	64	11,19	4,63
14:32:00	64	11,19	4,63
14:33:00	64	11,19	4,65
14:34:00	64	11,19	4,65
14:35:00	64	11,18	4,66
14:36:00	64	11,18	4,66
14:37:00	63	11,18	4,66
14:38:00	64	11,17	4,68
14:39:00	64	11,17	4,68
14:40:00	64	11,16	4,70
14:41:00	64	11,16	4,70
14:42:00	64	11,16	4,72
14:43:00	64	11,16	4,72
14:44:00	64	11,15	4,73
14:45:00	64	11,15	4,73
14:46:00	64	11,15	4,73
14:47:00	64	11,14	4,75
14:48:00	64	11,13	4,78
14:49:00	64	11,13	4,78
14:50:00	64	11,12	4,80
14:51:00	64	11,11	4,82
14:52:00	64	11,11	4,82
14:53:00	64	11,10	4,84
14:54:00	64	11,10	4,84
14:55:00	64	11,10	4,86
14:56:00	64	11,10	4,86
14:57:00	64	11,09	4,87
14:58:00	64	11,08	4,89
14:59:00	64	11,08	4,89
15:00:00	64	11,07	4,91
15:01:00	64	11,07	4,91
15:02:00	64	11,07	4,91
15:03:00	64	11,07	4,93
15:04:00	64	11,07	4,93
15:05:00	64	11,06	4,95
15:06:00	64	11,06	4,95
15:07:00	64	11,06	4,95
15:08:00	64	11,05	4,96
15:09:00	64	11,04	4,98
15:10:00	64	11,04	4,98
15:11:00	64	11,04	4,98
15:12:00	64	11,04	5,00
15:13:00	64	11,04	5,00
15:14:00	64	11,04	5,00
15:15:00	64	11,03	5,02
15:16:00	64	11,02	5,04
15:17:00	64	11,02	5,04
15:18:00	64	11,02	5,06
15:19:00	64	11,02	5,06
15:20:00	64	11,02	5,06
15:21:00	64	11,02	5,06
15:22:00	64	11,01	5,07
15:23:00	64	11,00	5,09
15:24:00	64	11,00	5,09
15:25:00	64	11,00	5,09
15:26:00	64	11,00	5,09
15:27:00	64	10,98	5,13
15:28:00	64	10,98	5,13
15:29:00	64	10,98	5,13
15:30:00	64	10,98	5,15
15:31:00	64	10,98	5,15
15:32:00	64	10,98	5,15
15:33:00	64	10,97	5,17
15:34:00	64	10,96	5,19
15:35:00	64	10,96	5,19
15:36:00	64	10,96	5,19
15:37:00	64	10,95	5,21
15:38:00	64	10,95	5,21
15:39:00	64	10,95	5,21
15:40:00	64	10,95	5,22
15:41:00	64	10,95	5,22
15:42:00	64	10,94	5,24
15:43:00	64	10,94	5,24
15:44:00	64	10,94	5,24
15:45:00	64	10,93	5,26
15:46:00	64	10,93	5,26
15:47:00	64	10,93	5,28
15:48:00	64	10,93	5,28
15:49:00	64	10,93	5,28
15:50:00	64	10,92	5,30
15:51:00	64	10,92	5,30
15:52:00	64	10,92	5,30
15:53:00	64	10,91	5,32
15:54:00	64	10,91	5,32
15:55:00	64	10,90	5,34
15:56:00	64	10,90	5,34
15:57:00	64	10,89	5,36
15:58:00	64	10,89	5,36
15:59:00	64	10,89	5,36
16:00:00	64	10,89	5,38
16:01:00	64	10,88	5,40
16:02:00	64	10,88	5,40
16:03:00	64	10,88	5,40
16:04:00	64	10,87	5,42
16:05:00	64	10,87	5,42
16:06:00	64	10,87	5,42
16:07:00	64	10,86	5,44
16:08:00	64	10,86	5,44
16:09:00	64	10,86	5,44
16:10:00	64	10,86	5,46
16:11:00	64	10,86	5,46
16:12:00	64	10,85	5,48
16:13:00	64	10,85	5,48
16:14:00	64	10,84	5,50
16:15:00	64	10,84	5,50
16:16:00	64	10,84	5,50
16:17:00	64	10,84	5,52
16:18:00	64	10,84	5,52
16:19:00	64	10,83	5,54
16:20:00	64	10,83	5,54
16:21:00	64	10,83	5,54
16:22:00	64	10,82	5,56
16:23:00	64	10,82	5,56
16:24:00	64	10,82	5,56
16:25:00	64	10,82	5,56
16:26:00	64	10,81	5,58
16:27:00	64	10,81	5,58
16:28:00	64	10,81	5,58
16:29:00	64	10,80	5,60
16:30:00	64	10,80	5,60
16:31:00	64	10,80	5,62
16:32:00	64	10,80	5,62
16:33:00	64	10,80	5,62
16:34:00	64	10,80	5,62
16:35:00	64	10,79	5,64
16:36:00	64	10,79	5,64
16:37:00	64	10,78	5,67
16:38:00	64	10,78	5,67
16:39:00	64	10,78	5,67
16:40:00	64	10,77	5,69
16:41:00	64	10,77	5,69
16:42:00	64	10,77	5,69
16:43:00	64	10,77	5,69
16:44:00	64	10,77	5,71
16:45:00	64	10,76	5,73
16:46:00	64	10,77	5,71
16:47:00	64	10,76	5,73
16:48:00	64	10,76	5,73
16:49:00	64	10,75	5,75
16:50:00	64	10,75	5,75
16:51:00	64	10,75	5,75
16:52:00	64	10,74	5,77
16:53:00	64	10,74	5,77
16:54:00	64	10,74	5,77
16:55:00	64	10,74	5,79
16:56:00	64	10,74	5,79
16:57:00	64	10,73	5,81
16:58:00	64	10,73	5,81
16:59:00	64	10,73	5,81
17:00:00	64	10,73	5,81
17:01:00	64	10,73	5,81
17:02:00	64	10,72	5,83
17:03:00	64	10,72	5,83
17:04:00	64	10,71	5,86
17:05:00	64	10,71	5,86
17:06:00	64	10,71	5,86
17:07:00	64	10,71	5,88
17:08:00	64	10,71	5,88
17:09:00	64	10,70	5,90
17:10:00	64	10,70	5,90
17:11:00	64	10,70	5,90
17:12:00	64	10,69	5,92
17:13:00	64	10,69	5,92
17:14:00	64	10,69	5,92
17:15:00	64	10,68	5,94
17:16:00	64	10,69	5,92
17:17:00	64	10,68	5,94
17:18:00	64	10,68	5,94
17:19:00	64	10,68	5,97
17:20:00	64	10,68	5,97
17:21:00	64	10,68	5,97
17:22:00	64	10,67	5,99
17:23:00	64	10,67	5,99
17:24:00	64	10,66	6,01
17:25:00	64	10,66	6,01
17:26:00	64	10,66	6,01
17:27:00	64	10,66	6,01
17:28:00	64	10,66	6,01
17:29:00	64	10,65	6,03
17:30:00	64	10,65	6,03
17:31:00	64	10,65	6,05
17:32:00	64	10,65	6,05
17:33:00	64	10,65	6,05
17:34:00	64	10,64	6,08
17:35:00	64	10,64	6,08
17:36:00	64	10,64	6,08
17:37:00	64	10,64	6,08
17:38:00	64	10,64	6,08
17:39:00	64	10,63	6,10
17:40:00	64	10,63	6,10
17:41:00	64	10,63	6,12
17:42:00	64	10,63	6,12
17:43:00	64	10,63	6,12
17:44:00	64	10,63	6,12
17:45:00	64	10,63	6,12
17:46:00	64	10,62	6,15
17:47:00	64	10,62	6,15
17:48:00	64	10,61	6,17
17:49:00	64	10,61	6,17
17:50:00	64	10,61	6,17
17:51:00	64	10,61	6,17
17:52:00	64	10,60	6,19
17:53:00	64	10,60	6,19
17:54:00	64	10,60	6,19
17:55:00	64	10,60	6,19
17:56:00	64	10,59	6,21
17:57:00	64	10,59	6,21
17:58:00	64	10,59	6,21
17:59:00	64	10,59	6,24
18:00:00	64	10,59	6,24
18:01:00	64	10,58	6,26
18:02:00	64	10,59	6,24
18:03:00	64	10,58	6,26
18:04:00	64	10,59	6,24
18:05:00	64	10,58	6,26
18:06:00	64	10,57	6,28
18:07:00	64	10,57	6,28
18:08:00	64	10,57	6,28
18:09:00	64	10,57	6,28
18:10:00	64	10,57	6,28
18:11:00	64	10,57	6,28
18:12:00	64	10,56	6,31
18:13:00	64	10,56	6,31
18:14:00	64	10,56	6,31
18:15:00	64	10,56	6,33
18:16:00	64	10,56	6,33
18:17:00	64	10,56	6,33
18:18:00	64	10,55	6,35
18:19:00	64	10,55	6,35
18:20:00	64	10,56	6,33
18:21:00	64	10,55	6,35
18:22:00	64	10,55	6,35
18:23:00	64	10,54	6,38
18:24:00	64	10,54	6,38
18:25:00	64	10,54	6,38
18:26:00	64	10,54	6,38
18:27:00	64	10,54	6,40
18:28:00	64	10,54	6,40
18:29:00	64	10,54	6,40
18:30:00	64	10,54	6,40
18:31:00	64	10,54	6,40
18:32:00	64	10,53	6,42
18:33:00	64	10,53	6,42
18:34:00	64	10,52	6,45
18:35:00	64	10,52	6,45
18:36:00	64	10,52	6,45
18:37:00	64	10,52	6,45
18:38:00	64	10,52	6,45
18:39:00	64	10,51	6,47
18:40:00	64	10,51	6,47
18:41:00	64	10,51	6,47
18:42:00	64	10,51	6,47
18:43:00	64	10,51	6,47
18:44:00	64	10,51	6,47
18:45:00	64	10,50	6,50
18:46:00	64	10,50	6,50
18:47:00	64	10,50	6,50
18:48:00	64	10,50	6,50
18:49:00	64	10,50	6,50
18:50:00	64	10,50	6,52
18:51:00	64	10,50	6,52
18:52:00	64	10,50	6,52
18:53:00	64	10,49	6,55
18:54:00	64	10,49	6,55
18:55:00	64	10,49	6,55
18:56:00	64	10,49	6,55
18:57:00	64	10,49	6,55
18:58:00	64	10,49	6,55
18:59:00	64	10,48	6,57
19:00:00	64	10,48	6,57
19:01:00	64	10,48	6,57
19:02:00	64	10,48	6,57
19:03:00	64	10,48	6,57
19:04:00	64	10,47	6,59
19:05:00	64	10,47	6,59
19:06:00	64	10,47	6,59
19:07:00	64	10,47	6,59
19:08:00	64	10,47	6,59
19:09:00	64	10,47	6,62
19:10:00	64	10,47	6,62
19:11:00	64	10,47	6,62
19:12:00	64	10,47	6,62
19:13:00	64	10,47	6,62
19:14:00	64	10,46	6,64
19:15:00	64	10,46	6,64
19:16:00	64	10,46	6,64
19:17:00	64	10,45	6,67
19:18:00	64	10,46	6,64
19:19:00	64	10,45	6,67
19:20:00	64	10,46	6,64
19:21:00	64	10,45	6,67
19:22:00	64	10,45	6,69
19:23:00	64	10,42	6,77
19:24:00	64	10,41	6,82
19:25:00	64	10,40	6,85
19:26:00	64	10,39	6,87
19:27:00	64	10,40	6,85
19:28:00	64	10,39	6,87
19:29:00	64	10,39	6,87
19:30:00	64	10,39	6,87
19:31:00	64	10,38	6,90
19:32:00	64	10,38	6,90
19:33:00	64	10,38	6,90
19:34:00	64	10,38	6,90
19:35:00	64	10,38	6,90
19:36:00	64	10,38	6,92
19:37:00	64	10,38	6,92
19:38:00	64	10,38	6,92
19:39:00	64	10,38	6,92
19:40:00	64	10,37	6,95
19:41:00	64	10,37	6,95
19:42:00	64	10,36	6,97
19:43:00	64	10,37	6,95
19:44:00	64	10,37	6,95
19:45:00	64	10,36	6,97
19:46:00	64	10,36	6,97
19:47:00	64	10,36	6,97
19:48:00	64	10,36	6,97
19:49:00	64	10,36	7,00
19:50:00	64	10,36	7,00
19:51:00	64	10,36	7,00
19:52:00	64	10,36	7,00
19:53:00	64	10,35	7,03
19:54:00	64	10,35	7,03
19:55:00	64	10,35	7,03
19:56:00	64	10,35	7,03
19:57:00	64	10,34	7,05
19:58:00	64	10,34	7,05
19:59:00	64	10,34	7,05
20:00:00	64	10,34	7,05
20:01:00	64	10,33	7,08
20:02:00	64	10,33	7,08
20:03:00	64	10,33	7,08
20:04:00	64	10,33	7,08
20:05:00	64	10,33	7,08
20:06:00	64	10,33	7,08
20:07:00	64	10,32	7,11
20:08:00	64	10,32	7,11
20:09:00	64	10,32	7,11
20:10:00	64	10,32	7,11
20:11:00	64	10,32	7,11
20:12:00	64	10,32	7,13
20:13:00	64	10,32	7,13
20:14:00	64	10,32	7,13
20:15:00	64	10,32	7,13
20:16:00	64	10,32	7,13
20:17:00	64	10,32	7,13
20:18:00	64	10,31	7,16
20:19:00	64	10,31	7,16
20:20:00	64	10,31	7,16
20:21:00	64	10,31	7,16
20:22:00	64	10,31	7,16
20:23:00	64	10,31	7,16
20:24:00	64	10,30	7,19
20:25:00	64	10,30	7,19
20:26:00	64	10,30	7,19
20:27:00	64	10,30	7,19
20:28:00	64	10,30	7,19
20:29:00	64	10,29	7,21
20:30:00	64	10,29	7,21
20:31:00	64	10,30	7,19
20:32:00	64	10,29	7,24
20:33:00	64	10,29	7,21
20:34:00	64	10,29	7,24
20:35:00	64	10,29	7,21
20:36:00	64	10,29	7,24
20:37:00	64	10,29	7,24
20:38:00	64	10,29	7,24
20:39:00	64	10,29	7,24
20:40:00	64	10,28	7,27
20:41:00	64	10,28	7,27
20:42:00	64	10,28	7,27
20:43:00	64	10,27	7,30
20:44:00	64	10,27	7,30
20:45:00	64	10,28	7,27
20:46:00	64	10,28	7,27
20:47:00	64	10,28	7,27
20:48:00	64	10,27	7,30
20:49:00	64	10,27	7,32
20:50:00	64	10,27	7,30
20:51:00	64	10,27	7,30
20:52:00	64	10,27	7,32
20:53:00	64	10,27	7,32
20:54:00	64	10,26	7,35
20:55:00	64	10,27	7,32
20:56:00	64	10,27	7,32
20:57:00	64	10,26	7,35
20:58:00	64	10,26	7,35
20:59:00	64	10,26	7,35
21:00:00	64	10,26	7,35
21:01:00	64	10,26	7,35
21:02:00	64	10,25	7,38
21:03:00	64	10,25	7,38
21:04:00	64	10,25	7,38
21:05:00	64	10,24	7,41
21:06:00	64	10,25	7,38
21:07:00	64	10,25	7,38
21:08:00	64	10,24	7,41
21:09:00	64	10,25	7,38
21:10:00	64	10,24	7,41
21:11:00	64	10,24	7,41
21:12:00	64	10,24	7,41
21:13:00	64	10,23	7,43
21:14:00	64	10,24	7,41
21:15:00	64	10,23	7,43
21:16:00	64	10,23	7,43
21:17:00	64	10,23	7,43
21:18:00	64	10,23	7,43
21:19:00	64	10,23	7,43
21:20:00	64	10,23	7,43
21:21:00	64	10,23	7,46
21:22:00	64	10,23	7,46
21:23:00	64	10,23	7,46
21:24:00	64	10,23	7,46
21:25:00	64	10,23	7,46
21:26:00	64	10,23	7,46
21:27:00	64	10,22	7,49
21:28:00	64	10,23	7,46
21:29:00	64	10,22	7,49
21:30:00	64	10,22	7,49
21:31:00	64	10,22	7,49
21:32:00	64	10,22	7,49
21:33:00	64	10,22	7,49
21:34:00	64	10,22	7,49
21:35:00	64	10,21	7,52
21:36:00	64	10,21	7,52
21:37:00	64	10,21	7,52
21:38:00	64	10,22	7,49
21:39:00	64	10,22	7,49
21:40:00	64	10,21	7,52
21:41:00	64	10,21	7,52
21:42:00	64	10,21	7,52
21:43:00	64	10,21	7,52
21:44:00	64	10,20	7,55
21:45:00	64	10,20	7,55
21:46:00	64	10,20	7,55
21:47:00	64	10,20	7,55
21:48:00	64	10,20	7,55
21:49:00	64	10,20	7,55
21:50:00	64	10,20	7,55
21:51:00	63	10,20	7,55
21:52:00	64	10,20	7,58
21:53:00	64	10,20	7,58
21:54:00	64	10,20	7,58
21:55:00	64	10,20	7,58
21:56:00	64	10,20	7,58
21:57:00	64	10,20	7,58
21:58:00	64	10,20	7,58
21:59:00	64	10,20	7,58
22:00:00	64	10,19	7,60
22:01:00	64	10,19	7,60
22:02:00	64	10,19	7,60
22:03:00	64	10,19	7,60
22:04:00	64	10,19	7,60
22:05:00	64	10,18	7,63
22:06:00	64	10,19	7,60
22:07:00	64	10,19	7,60
22:08:00	64	10,18	7,63
22:09:00	64	10,18	7,63
22:10:00	64	10,18	7,63
22:11:00	64	10,18	7,63
22:12:00	64	10,18	7,63
22:13:00	64	10,18	7,63
22:14:00	64	10,18	7,63
22:15:00	64	10,17	7,66
22:16:00	64	10,17	7,66
22:17:00	64	10,17	7,66
22:18:00	64	10,17	7,66
22:19:00	64	10,17	7,66
22:20:00	64	10,17	7,66
22:21:00	64	10,17	7,66
22:22:00	64	10,17	7,66
22:23:00	64	10,17	7,66
22:24:00	64	10,17	7,69
22:25:00	64	10,17	7,69
22:26:00	64	10,17	7,69
22:27:00	64	10,17	7,69
22:28:00	64	10,17	7,69
22:29:00	64	10,17	7,69
22:30:00	64	10,17	7,69
22:31:00	64	10,17	7,69
22:32:00	64	10,17	7,69
22:33:00	64	10,17	7,69
22:34:00	64	10,17	7,69
22:35:00	64	10,16	7,72
22:36:00	64	10,17	7,69
22:37:00	64	10,16	7,72
22:38:00	64	10,15	7,75
22:39:00	64	10,15	7,75
22:40:00	64	10,15	7,75
22:41:00	64	10,15	7,75
22:42:00	63	10,14	7,78
22:43:00	64	10,15	7,75
22:44:00	64	10,14	7,78
22:45:00	64	10,14	7,78
22:46:00	64	10,14	7,78
22:47:00	64	10,14	7,78
22:48:00	64	10,14	7,78
22:49:00	64	10,14	7,78
22:50:00	64	10,14	7,78
22:51:00	64	10,14	7,78
22:52:00	64	10,14	7,81
22:53:00	64	10,14	7,78
22:54:00	64	10,14	7,81
22:55:00	64	10,14	7,81
22:56:00	64	10,14	7,81
22:57:00	64	10,14	7,78
22:58:00	64	10,14	7,81
22:59:00	64	10,14	7,81
23:00:00	64	10,14	7,81
23:01:00	64	10,14	7,81
23:02:00	64	10,14	7,81
23:03:00	64	10,14	7,81
23:04:00	64	10,14	7,81
23:05:00	64	10,13	7,84
23:06:00	63	10,13	7,84
23:07:00	64	10,13	7,84
23:08:00	64	10,13	7,84
23:09:00	64	10,13	7,84
23:10:00	64	10,13	7,84
23:11:00	64	10,13	7,84
23:12:00	64	10,13	7,84
23:13:00	63	10,13	7,84
23:14:00	64	10,12	7,87
23:15:00	64	10,12	7,87
23:16:00	64	10,12	7,87
23:17:00	64	10,12	7,87
23:18:00	64	10,12	7,87
23:19:00	63	10,12	7,87
23:20:00	64	10,12	7,87
23:21:00	64	10,11	7,90
23:22:00	64	10,12	7,87
23:23:00	64	10,11	7,90
23:24:00	64	10,11	7,90
23:25:00	64	10,11	7,90
23:26:00	64	10,11	7,90
23:27:00	64	10,11	7,90
23:28:00	64	10,11	7,90
23:29:00	64	10,11	7,90
23:30:00	63	10,11	7,90
23:31:00	64	10,11	7,90
23:32:00	64	10,11	7,90
23:33:00	64	10,11	7,90
23:34:00	64	10,11	7,90
23:35:00	64	10,11	7,93
23:36:00	64	10,11	7,90
23:37:00	64	10,11	7,93
23:38:00	64	10,11	7,93
23:39:00	64	10,11	7,93
23:40:00	64	10,11	7,93
23:41:00	64	10,11	7,93
23:42:00	64	10,11	7,93
23:43:00	64	10,11	7,93
23:44:00	64	10,11	7,93
23:45:00	64	10,11	7,93
23:46:00	64	10,10	7,96
23:47:00	64	10,10	7,96
23:48:00	64	10,10	7,96
23:49:00	64	10,10	7,96
23:50:00	64	10,10	7,96
23:51:00	64	10,10	7,96
23:52:00	64	10,09	7,99
23:53:00	64	10,10	7,96
23:54:00	64	10,10	7,96
23:55:00	64	10,10	7,96
23:56:00	64	10,09	7,99
23:57:00	64	10,09	7,99
23:58:00	64	10,09	7,99
23:59:00	64	10,09	7,99
24:00:00	63	10,10	7,96
24:01:00	64	10,09	7,99
24:02:00	64	10,09	7,99
24:03:00	64	10,09	7,99
24:04:00	64	10,09	7,99
24:05:00	64	10,09	7,99
24:06:00	64	10,09	7,99
24:07:00	64	10,09	7,99
24:08:00	64	10,09	7,99
24:09:00	64	10,09	7,99
24:10:00	63	10,09	7,99
24:11:00	64	10,08	8,02
24:12:00	64	10,08	8,02
24:13:00	64	10,08	8,02
24:14:00	64	10,08	8,02
24:15:00	64	10,08	8,02
24:16:00	64	10,08	8,02
24:17:00	64	10,08	8,02
24:18:00	63	10,08	8,02
24:19:00	63	10,08	8,02
24:20:00	64	10,08	8,02
24:21:00	64	10,08	8,05
24:22:00	64	10,08	8,05
24:23:00	64	10,08	8,05
24:24:00	64	10,08	8,05
24:25:00	64	10,08	8,05
24:26:00	64	10,08	8,05
24:27:00	64	10,08	8,05
24:28:00	64	10,08	8,05
24:29:00	64	10,08	8,05
24:30:00	64	10,08	8,05
24:31:00	64	10,08	8,05
24:32:00	64	10,07	8,08
24:33:00	64	10,07	8,08
24:34:00	64	10,07	8,08
24:35:00	64	10,08	8,05
24:36:00	64	10,07	8,08
24:37:00	64	10,08	8,05
24:38:00	64	10,07	8,08
24:39:00	64	10,07	8,08
24:40:00	64	10,07	8,08
24:41:00	64	10,07	8,08
24:42:00	64	10,07	8,08
24:43:00	64	10,07	8,08
24:44:00	64	10,07	8,08
24:45:00	64	10,07	8,08
24:46:00	64	10,07	8,08
24:47:00	64	10,07	8,08
24:48:00	64	10,07	8,08
24:49:00	64	10,07	8,08
24:50:00	64	10,06	8,11
24:51:00	64	10,07	8,08
24:52:00	64	10,06	8,11
24:53:00	63	10,06	8,11
24:54:00	64	10,06	8,11
24:55:00	64	10,06	8,11
24:56:00	64	10,06	8,11
24:57:00	64	10,06	8,11
24:58:00	64	10,06	8,11
24:59:00	64	10,06	8,11
25:00:00	64	10,05	8,14
25:01:00	64	10,05	8,14
25:02:00	64	10,05	8,14
25:03:00	64	10,05	8,14
25:04:00	64	10,05	8,14
25:05:00	63	10,05	8,14
25:06:00	64	10,05	8,14
25:07:00	64	10,05	8,14
25:08:00	64	10,05	8,14
25:09:00	64	10,05	8,14
25:10:00	64	10,05	8,14
25:11:00	64	10,05	8,14
25:12:00	64	10,05	8,14
25:13:00	64	10,05	8,14
25:14:00	64	10,05	8,14
25:15:00	64	10,05	8,14
25:16:00	64	10,05	8,17
25:17:00	64	10,05	8,17
25:18:00	64	10,05	8,17
25:19:00	64	10,05	8,17
25:20:00	64	10,04	8,20
25:21:00	64	10,04	8,20
25:22:00	64	10,04	8,20
25:23:00	64	10,04	8,20
25:24:00	64	10,04	8,20
25:25:00	64	10,04	8,20
25:26:00	64	10,04	8,20
25:27:00	64	10,04	8,20
25:28:00	64	10,04	8,20
25:29:00	64	10,04	8,20
25:30:00	64	10,04	8,20
25:31:00	64	10,04	8,20
25:32:00	64	10,04	8,20
25:33:00	64	10,03	8,23
25:34:00	64	10,04	8,20
25:35:00	64	10,03	8,23
25:36:00	64	10,03	8,23
25:37:00	63	10,03	8,23
25:38:00	64	10,03	8,23
25:39:00	64	10,03	8,23
25:40:00	64	10,03	8,23
25:41:00	64	10,03	8,23
25:42:00	64	10,03	8,23
25:43:00	64	10,03	8,23
25:44:00	64	10,03	8,23
25:45:00	64	10,02	8,26
25:46:00	64	10,02	8,26
25:47:00	64	10,02	8,26
25:48:00	64	10,02	8,26
25:49:00	64	10,02	8,26
25:50:00	64	10,02	8,26
25:51:00	64	10,02	8,26
25:52:00	64	10,02	8,26
25:53:00	64	10,02	8,26
25:54:00	64	10,02	8,26
25:55:00	64	10,02	8,26
25:56:00	64	10,02	8,26
25:57:00	63	10,02	8,26
25:58:00	64	10,02	8,26
25:59:00	64	10,02	8,26
26:00:00	64	10,02	8,26
26:01:00	64	10,02	8,26
26:02:00	64	10,02	8,30
26:03:00	64	10,02	8,26
26:04:00	64	10,02	8,26
26:05:00	64	10,02	8,30
26:06:00	64	10,02	8,30
26:07:00	64	10,02	8,30
26:08:00	64	10,02	8,30
26:09:00	64	10,02	8,30
26:10:00	64	10,02	8,30
26:11:00	64	10,02	8,30
26:12:00	64	10,02	8,30
26:13:00	64	10,02	8,30
26:14:00	64	10,02	8,30
26:15:00	64	10,01	8,33
26:16:00	64	10,02	8,30
26:17:00	64	10,02	8,30
26:18:00	64	10,02	8,30
26:19:00	64	10,01	8,33
26:20:00	64	10,01	8,33
26:21:00	64	10,01	8,33
26:22:00	64	10,01	8,33
26:23:00	64	10,01	8,33
26:24:00	64	10,01	8,33
26:25:00	64	10,01	8,33
26:26:00	64	10,01	8,33
26:27:00	64	10,01	8,33
26:28:00	64	10,01	8,33
26:29:00	64	10,01	8,33
26:30:00	64	10,01	8,33
26:31:00	64	10,01	8,33
26:32:00	64	10,01	8,33
26:33:00	64	10,01	8,33
26:34:00	64	10,01	8,33
26:35:00	63	10,01	8,33
26:36:00	64	10,01	8,33
26:37:00	64	10,01	8,33
26:38:00	64	10,01	8,33
26:39:00	64	10,01	8,33
26:40:00	64	10,00	8,36
26:41:00	64	10,00	8,36
26:42:00	64	10,00	8,36
26:43:00	64	10,00	8,36
26:44:00	64	9,99	8,39
26:45:00	64	10,00	8,36
26:46:00	64	10,00	8,36
26:47:00	64	10,00	8,36
26:48:00	64	10,00	8,36
26:49:00	64	10,00	8,36
26:50:00	64	9,99	8,39
26:51:00	64	9,99	8,39
26:52:00	64	9,99	8,39
26:53:00	64	9,99	8,39
26:54:00	64	9,99	8,39
26:55:00	64	9,99	8,39
26:56:00	64	9,99	8,39
26:57:00	64	9,99	8,39
26:58:00	64	9,99	8,39
26:59:00	64	9,99	8,39
27:00:00	64	9,99	8,39
27:01:00	64	9,99	8,39
27:02:00	64	9,99	8,39
27:03:00	64	9,99	8,39
27:04:00	64	9,99	8,39
27:05:00	64	9,99	8,39
27:06:00	64	9,99	8,39
27:07:00	64	9,99	8,42
27:08:00	64	9,99	8,42
27:09:00	64	9,99	8,42
27:10:00	64	9,99	8,42
27:11:00	64	9,99	8,42
27:12:00	64	9,99	8,42
27:13:00	64	9,99	8,42
27:14:00	64	9,99	8,42
27:15:00	64	9,99	8,42
27:16:00	64	9,99	8,42
27:17:00	64	9,99	8,42
27:18:00	64	9,99	8,42
27:19:00	64	9,99	8,42
27:20:00	64	9,99	8,42
27:21:00	64	9,99	8,42
27:22:00	64	9,99	8,42
27:23:00	64	9,99	8,42
27:24:00	64	9,98	8,46
27:25:00	64	9,98	8,46
27:26:00	64	9,98	8,46
27:27:00	64	9,98	8,46
27:28:00	64	9,99	8,42
27:29:00	63	9,98	8,46
27:30:00	64	9,98	8,46
27:31:00	64	9,98	8,46
27:32:00	64	9,99	8,42
27:33:00	64	9,98	8,46
27:34:00	64	9,98	8,46
27:35:00	64	9,98	8,46
27:36:00	64	9,98	8,46
27:37:00	63	9,98	8,46
27:38:00	64	9,98	8,46
27:39:00	64	9,98	8,46
27:40:00	64	9,98	8,46
27:41:00	64	9,98	8,46
27:42:00	64	9,98	8,46
27:43:00	64	9,97	8,49
27:44:00	64	9,98	8,46
27:45:00	64	9,98	8,46
27:46:00	64	9,97	8,49
27:47:00	64	9,97	8,49
27:48:00	64	9,97	8,49
27:49:00	64	9,97	8,49
27:50:00	64	9,96	8,52
27:51:00	64	9,96	8,52
27:52:00	64	9,96	8,52
27:53:00	64	9,96	8,52
27:54:00	64	9,96	8,52
27:55:00	64	9,96	8,52
27:56:00	64	9,96	8,52
27:57:00	64	9,96	8,52
27:58:00	64	9,96	8,52
27:59:00	64	9,96	8,52
28:00:00	64	9,96	8,52
28:01:00	64	9,96	8,55
28:02:00	64	9,96	8,55
28:03:00	64	9,96	8,52
28:04:00	63	9,96	8,52
28:05:00	64	9,96	8,55
28:06:00	64	9,96	8,55
28:07:00	64	9,96	8,55
28:08:00	64	9,96	8,55
28:09:00	64	9,96	8,55
28:10:00	64	9,96	8,55
28:11:00	64	9,96	8,55
28:12:00	64	9,96	8,55
28:13:00	64	9,96	8,55
28:14:00	64	9,95	8,59
28:15:00	64	9,95	8,59
28:16:00	64	9,95	8,59
28:17:00	64	9,95	8,59
28:18:00	64	9,95	8,59
28:19:00	64	9,95	8,59
28:20:00	64	9,95	8,59
28:21:00	64	9,95	8,59
28:22:00	63	9,95	8,59
28:23:00	63	9,95	8,59
28:24:00	64	9,95	8,59
28:25:00	64	9,95	8,59
28:26:00	64	9,95	8,59
28:27:00	64	9,95	8,59
28:28:00	64	9,94	8,62
28:29:00	64	9,95	8,59
28:30:00	64	9,95	8,59
28:31:00	64	9,94	8,62
28:32:00	64	9,95	8,59
28:33:00	64	9,95	8,59
28:34:00	64	9,94	8,62
28:35:00	64	9,95	8,59
28:36:00	64	9,95	8,59
28:37:00	64	9,94	8,62
28:38:00	64	9,95	8,59
28:39:00	64	9,94	8,62
28:40:00	64	9,94	8,62
28:41:00	64	9,94	8,62
28:42:00	63	9,94	8,62
28:43:00	64	9,94	8,62
28:44:00	64	9,94	8,62
28:45:00	64	9,94	8,62
28:46:00	64	9,94	8,62
28:47:00	64	9,94	8,62
28:48:00	64	9,94	8,62
28:49:00	64	9,93	8,65
28:50:00	64	9,94	8,62
28:51:00	64	9,94	8,62
28:52:00	64	9,94	8,62
28:53:00	64	9,94	8,62
28:54:00	64	9,93	8,65
28:55:00	64	9,93	8,65
28:56:00	64	9,93	8,65
28:57:00	64	9,93	8,65
28:58:00	64	9,93	8,65
28:59:00	64	9,93	8,65
29:00:00	64	9,93	8,65
29:01:00	64	9,93	8,65
29:02:00	64	9,93	8,65
29:03:00	64	9,93	8,65
29:04:00	64	9,93	8,65
29:05:00	64	9,93	8,65
29:06:00	64	9,93	8,65
29:07:00	64	9,93	8,65
29:08:00	64	9,93	8,65
29:09:00	64	9,93	8,65
29:10:00	64	9,93	8,65
29:11:00	64	9,93	8,65
29:12:00	64	9,93	8,68
29:13:00	64	9,93	8,68
29:14:00	64	9,93	8,68
29:15:00	64	9,93	8,68
29:16:00	64	9,93	8,68
29:17:00	64	9,93	8,68
29:18:00	64	9,93	8,68
29:19:00	64	9,93	8,68
29:20:00	64	9,93	8,68
29:21:00	64	9,93	8,68
29:22:00	64	9,93	8,68
29:23:00	64	9,93	8,68
29:24:00	64	9,93	8,68
29:25:00	64	9,93	8,68
29:26:00	64	9,93	8,68
29:27:00	64	9,93	8,68
29:28:00	64	9,92	8,72
29:29:00	64	9,92	8,72
29:30:00	64	9,93	8,68
29:31:00	64	9,92	8,72
29:32:00	64	9,93	8,68
29:33:00	64	9,92	8,72
29:34:00	64	9,92	8,72
29:35:00	64	9,92	8,72
29:36:00	64	9,92	8,72
29:37:00	64	9,92	8,72
29:38:00	64	9,92	8,72
29:39:00	64	9,92	8,72
29:40:00	63	9,92	8,72
29:41:00	64	9,92	8,72
29:42:00	64	9,92	8,72
29:43:00	64	9,92	8,72
29:44:00	64	9,92	8,72
29:45:00	64	9,92	8,72
29:46:00	64	9,92	8,72
29:47:00	64	9,92	8,72
29:48:00	64	9,92	8,72
29:49:00	64	9,91	8,75
29:50:00	64	9,92	8,72
29:51:00	64	9,92	8,72
29:52:00	63	9,91	8,75
29:53:00	64	9,91	8,75
29:54:00	64	9,91	8,75
29:55:00	64	9,91	8,75
29:56:00	64	9,91	8,75
29:57:00	63	9,91	8,75
29:58:00	64	9,91	8,75
29:59:00	64	9,90	8,78
30:00:00	64	9,91	8,75
30:01:00	64	9,91	8,75
30:02:00	64	9,91	8,75
30:03:00	64	9,91	8,75
30:04:00	64	9,90	8,78
30:05:00	64	9,90	8,78
30:06:00	64	9,90	8,78
30:07:00	64	9,90	8,78
30:08:00	64	9,90	8,78
30:09:00	64	9,90	8,78
30:10:00	64	9,90	8,78
30:11:00	64	9,90	8,78
30:12:00	64	9,90	8,78
30:13:00	64	9,90	8,78
30:14:00	64	9,90	8,78
30:15:00	64	9,90	8,78
30:16:00	64	9,90	8,78
30:17:00	64	9,90	8,78
30:18:00	63	9,90	8,78
30:19:00	64	9,90	8,78
30:20:00	64	9,90	8,78
30:21:00	63	9,90	8,78
30:22:00	64	9,90	8,78
30:23:00	64	9,90	8,78
30:24:00	64	9,90	8,78
30:25:00	64	9,90	8,82
30:26:00	64	9,90	8,78
30:27:00	64	9,90	8,82
30:28:00	64	9,90	8,82
30:29:00	64	9,90	8,82
30:30:00	64	9,90	8,82
30:31:00	64	9,90	8,82
30:32:00	64	9,90	8,82
30:33:00	64	9,90	8,82
30:34:00	64	9,90	8,82
30:35:00	64	9,90	8,82
30:36:00	64	9,90	8,82
30:37:00	64	9,90	8,82
30:38:00	64	9,90	8,82
30:39:00	64	9,90	8,82
30:40:00	64	9,90	8,78
30:41:00	64	9,89	8,85
30:42:00	64	9,90	8,82
30:43:00	64	9,89	8,85
30:44:00	64	9,89	8,85
30:45:00	63	9,89	8,85
30:46:00	64	9,89	8,85
30:47:00	64	9,90	8,82
30:48:00	64	9,90	8,82
30:49:00	64	9,89	8,85
30:50:00	64	9,89	8,85
30:51:00	64	9,89	8,85
30:52:00	64	9,89	8,85
30:53:00	63	9,89	8,85
30:54:00	64	9,89	8,85
30:55:00	64	9,89	8,85
30:56:00	63	9,89	8,85
30:57:00	64	9,89	8,85
30:58:00	64	9,89	8,85
30:59:00	64	9,89	8,85
31:00:00	64	9,89	8,85
31:01:00	64	9,89	8,85
31:02:00	64	9,89	8,85
31:03:00	64	9,89	8,85
31:04:00	64	9,89	8,85
31:05:00	64	9,89	8,85
31:06:00	64	9,89	8,85
31:07:00	64	9,88	8,89
31:08:00	64	9,88	8,89
31:09:00	64	9,88	8,89
31:10:00	64	9,88	8,89
31:11:00	64	9,88	8,89
31:12:00	64	9,88	8,89
31:13:00	64	9,88	8,89
31:14:00	64	9,88	8,92
31:15:00	64	9,88	8,92
31:16:00	64	9,88	8,92
31:17:00	63	9,88	8,92
31:18:00	64	9,88	8,92
31:19:00	64	9,88	8,92
31:20:00	64	9,88	8,92
31:21:00	64	9,88	8,92
31:22:00	64	9,88	8,92
31:23:00	64	9,88	8,92
31:24:00	64	9,88	8,92
31:25:00	64	9,87	8,95
31:26:00	64	9,88	8,92
31:27:00	64	9,88	8,92
31:28:00	64	9,88	8,92
31:29:00	64	9,87	8,95
31:30:00	64	9,87	8,95
31:31:00	64	9,87	8,95
31:32:00	64	9,87	8,95
31:33:00	64	9,88	8,92
31:34:00	64	9,87	8,95
31:35:00	64	9,87	8,95
31:36:00	64	9,87	8,95
31:37:00	64	9,87	8,95
31:38:00	64	9,87	8,95
31:39:00	64	9,87	8,95
31:40:00	63	9,86	8,99
31:41:00	64	9,87	8,95
31:42:00	64	9,87	8,95
31:43:00	64	9,86	8,99
31:44:00	64	9,86	8,99
31:45:00	64	9,87	8,95
31:46:00	64	9,87	8,95
31:47:00	64	9,86	8,99
31:48:00	64	9,86	8,99
31:49:00	64	9,86	8,99
31:50:00	64	9,87	8,95
31:51:00	64	9,87	8,95
31:52:00	64	9,86	8,99
31:53:00	64	9,87	8,95
31:54:00	64	9,87	8,95
31:55:00	64	9,87	8,95
31:56:00	64	9,87	8,95
31:57:00	64	9,86	8,99
31:58:00	64	9,86	8,99
31:59:00	64	9,87	8,95
32:00:00	64	9,85	9,02
32:01:00	64	9,85	9,02
32:02:00	63	9,86	8,99
32:03:00	64	9,85	9,02
32:04:00	64	9,85	9,02
32:05:00	64	9,86	8,99
32:06:00	64	9,85	9,02
32:07:00	64	9,86	8,99
32:08:00	64	9,85	9,02
32:09:00	64	9,85	9,02
32:10:00	64	9,85	9,02
32:11:00	64	9,85	9,02
32:12:00	63	9,86	8,99
32:13:00	64	9,85	9,02
32:14:00	63	9,85	9,02
32:15:00	64	9,85	9,02
32:16:00	64	9,85	9,02
32:17:00	64	9,85	9,02
32:18:00	64	9,85	9,02
32:19:00	64	9,85	9,02
32:20:00	64	9,84	9,06
32:21:00	64	9,85	9,02
32:22:00	64	9,85	9,02
32:23:00	64	9,85	9,02
32:24:00	64	9,85	9,02
32:25:00	64	9,85	9,02
32:26:00	64	9,85	9,02
32:27:00	64	9,84	9,06
32:28:00	64	9,85	9,02
32:29:00	64	9,85	9,02
32:30:00	64	9,84	9,06
32:31:00	64	9,84	9,06
32:32:00	64	9,85	9,02
32:33:00	64	9,84	9,06
32:34:00	63	9,84	9,06
32:35:00	64	9,84	9,06
32:36:00	64	9,84	9,06
32:37:00	64	9,84	9,06
32:38:00	64	9,84	9,06
32:39:00	64	9,84	9,06
32:40:00	64	9,84	9,06
32:41:00	63	9,84	9,06
32:42:00	64	9,84	9,06
32:43:00	64	9,84	9,09
32:44:00	64	9,84	9,06
32:45:00	63	9,84	9,06
32:46:00	63	9,84	9,09
32:47:00	64	9,84	9,09
32:48:00	64	9,84	9,06
32:49:00	64	9,84	9,09
32:50:00	64	9,84	9,09
32:51:00	64	9,84	9,09
32:52:00	64	9,84	9,09
32:53:00	64	9,84	9,09
32:54:00	63	9,84	9,09
32:55:00	63	9,84	9,09
32:56:00	64	9,84	9,09
32:57:00	64	9,84	9,09
32:58:00	63	9,84	9,09
32:59:00	64	9,84	9,09
33:00:00	64	9,84	9,09
33:01:00	64	9,84	9,09
33:02:00	64	9,84	9,09
33:03:00	64	9,84	9,09
33:04:00	64	9,83	9,13
33:05:00	64	9,84	9,09
33:06:00	64	9,84	9,09
33:07:00	64	9,83	9,13
33:08:00	64	9,84	9,09
33:09:00	64	9,84	9,09
33:10:00	64	9,83	9,13
33:11:00	64	9,84	9,09
33:12:00	64	9,83	9,13
33:13:00	64	9,83	9,13
33:14:00	64	9,83	9,13
33:15:00	64	9,83	9,13
33:16:00	64	9,83	9,13
33:17:00	64	9,83	9,13
33:18:00	64	9,83	9,13
33:19:00	64	9,83	9,13
33:20:00	63	9,83	9,13
33:21:00	64	9,83	9,13
33:22:00	64	9,83	9,13
33:23:00	64	9,82	9,16
33:24:00	64	9,83	9,13
33:25:00	64	9,82	9,16
33:26:00	64	9,83	9,13
33:27:00	64	9,83	9,13
33:28:00	64	9,82	9,16
33:29:00	64	9,82	9,16
33:30:00	64	9,82	9,16
33:31:00	64	9,83	9,13
33:32:00	64	9,82	9,16
33:33:00	64	9,82	9,16
33:34:00	64	9,82	9,16
33:35:00	64	9,82	9,16
33:36:00	64	9,82	9,16
33:37:00	64	9,82	9,16
33:38:00	64	9,82	9,16
33:39:00	64	9,82	9,16
33:40:00	64	9,82	9,16
33:41:00	63	9,82	9,16
33:42:00	64	9,82	9,20
33:43:00	64	9,82	9,16
33:44:00	64	9,82	9,20
33:45:00	64	9,82	9,20
33:46:00	64	9,82	9,20
33:47:00	64	9,82	9,20
33:48:00	64	9,82	9,20
33:49:00	64	9,82	9,20
33:50:00	64	9,82	9,20
33:51:00	63	9,82	9,20
33:52:00	64	9,82	9,20
33:53:00	64	9,82	9,20
33:54:00	64	9,82	9,20
33:55:00	64	9,82	9,20
33:56:00	64	9,82	9,20
33:57:00	64	9,82	9,20
33:58:00	64	9,82	9,20
33:59:00	64	9,82	9,20
34:00:00	64	9,82	9,20
34:01:00	64	9,82	9,20
34:02:00	64	9,82	9,20
34:03:00	64	9,82	9,20
34:04:00	64	9,82	9,20
34:05:00	64	9,82	9,20
34:06:00	64	9,81	9,23
34:07:00	64	9,81	9,23
34:08:00	64	9,81	9,23
34:09:00	64	9,82	9,20
34:10:00	64	9,81	9,23
34:11:00	64	9,81	9,23
34:12:00	64	9,81	9,23
34:13:00	64	9,82	9,20
34:14:00	64	9,81	9,23
34:15:00	64	9,82	9,20
34:16:00	64	9,81	9,23
34:17:00	64	9,81	9,23
34:18:00	64	9,81	9,23
34:19:00	64	9,81	9,23
34:20:00	64	9,81	9,23
34:21:00	64	9,81	9,23
34:22:00	64	9,81	9,23
34:23:00	64	9,81	9,23
34:24:00	64	9,80	9,27
34:25:00	64	9,81	9,23
34:26:00	64	9,81	9,23
34:27:00	64	9,81	9,23
34:28:00	64	9,80	9,27
34:29:00	64	9,80	9,27
34:30:00	64	9,80	9,27
34:31:00	64	9,80	9,27
34:32:00	64	9,80	9,27
34:33:00	64	9,81	9,23
34:34:00	64	9,80	9,27
34:35:00	64	9,80	9,27
34:36:00	64	9,80	9,27
34:37:00	63	9,80	9,27
34:38:00	64	9,80	9,27
34:39:00	64	9,80	9,27
34:40:00	64	9,80	9,27
34:41:00	64	9,80	9,27
34:42:00	64	9,80	9,27
34:43:00	63	9,80	9,27
34:44:00	64	9,80	9,27
34:45:00	63	9,80	9,27
34:46:00	64	9,80	9,27
34:47:00	64	9,80	9,27
34:48:00	64	9,80	9,27
34:49:00	64	9,80	9,27
34:50:00	64	9,80	9,27
34:51:00	64	9,79	9,31
34:52:00	64	9,80	9,27
34:53:00	64	9,79	9,31
34:54:00	64	9,79	9,31
34:55:00	64	9,79	9,31
34:56:00	64	9,79	9,31
34:57:00	64	9,79	9,31
34:58:00	64	9,79	9,31
34:59:00	64	9,79	9,31
35:00:00	64	9,79	9,31
35:01:00	64	9,79	9,31
35:02:00	64	9,79	9,31
35:03:00	64	9,79	9,31
35:04:00	63	9,79	9,31
35:05:00	64	9,79	9,31
35:06:00	64	9,79	9,31
35:07:00	63	9,79	9,31
35:08:00	64	9,79	9,31
35:09:00	64	9,79	9,31
35:10:00	64	9,79	9,34
35:11:00	64	9,79	9,31
35:12:00	64	9,79	9,31
35:13:00	64	9,79	9,34
35:14:00	64	9,79	9,34
35:15:00	64	9,79	9,34
35:16:00	64	9,79	9,34
35:17:00	64	9,79	9,34
35:18:00	64	9,79	9,34
35:19:00	64	9,79	9,34
35:20:00	63	9,79	9,34
35:21:00	64	9,79	9,34
35:22:00	64	9,79	9,34
35:23:00	64	9,79	9,34
35:24:00	64	9,79	9,34
35:25:00	64	9,79	9,34
35:26:00	64	9,79	9,34
35:27:00	64	9,79	9,34
35:28:00	64	9,79	9,34
35:29:00	64	9,79	9,34
35:30:00	64	9,79	9,34
35:31:00	64	9,79	9,34
35:32:00	64	9,79	9,34
35:33:00	64	9,78	9,38
35:34:00	64	9,78	9,38
35:35:00	64	9,78	9,38
35:36:00	64	9,78	9,38
35:37:00	64	9,78	9,38
35:38:00	64	9,77	9,41
35:39:00	64	9,78	9,38
35:40:00	64	9,77	9,41
35:41:00	64	9,77	9,41
35:42:00	64	9,76	9,45
35:43:00	64	9,77	9,41
35:44:00	63	9,77	9,41
35:45:00	64	9,78	9,38
35:46:00	64	9,77	9,41
35:47:00	64	9,78	9,38
35:48:00	64	9,77	9,41
35:49:00	64	9,77	9,41
35:50:00	64	9,77	9,41
35:51:00	64	9,77	9,41
35:52:00	64	9,76	9,45
35:53:00	64	9,77	9,41
35:54:00	63	9,77	9,41
35:55:00	64	9,77	9,41
35:56:00	64	9,77	9,41
35:57:00	64	9,77	9,41
35:58:00	64	9,77	9,41
35:59:00	64	9,77	9,41
36:00:00	64	9,77	9,41
36:01:00	64	9,77	9,41
36:02:00	64	9,76	9,45
36:03:00	64	9,76	9,45
36:04:00	64	9,76	9,45
36:05:00	64	9,76	9,45
36:06:00	64	9,76	9,45
36:07:00	64	9,76	9,45
36:08:00	64	9,76	9,45
36:09:00	64	9,76	9,45
36:10:00	64	9,76	9,45
36:11:00	64	9,76	9,45
36:12:00	64	9,76	9,45
36:13:00	64	9,76	9,45
36:14:00	64	9,75	9,49
36:15:00	64	9,76	9,45
36:16:00	63	9,76	9,45
36:17:00	64	9,77	9,41
36:18:00	64	9,76	9,45
36:19:00	64	9,76	9,45
36:20:00	64	9,76	9,45
36:21:00	63	9,76	9,45
36:22:00	64	9,76	9,45
36:23:00	64	9,76	9,45
36:24:00	64	9,76	9,45
36:25:00	64	9,76	9,45
36:26:00	64	9,76	9,45
36:27:00	64	9,76	9,45
36:28:00	63	9,75	9,49
36:29:00	64	9,75	9,49
36:30:00	63	9,75	9,49
36:31:00	64	9,75	9,49
36:32:00	64	9,76	9,45
36:33:00	64	9,75	9,49
36:34:00	64	9,75	9,49
36:35:00	64	9,75	9,49
36:36:00	64	9,75	9,49
36:37:00	64	9,75	9,49
36:38:00	64	9,75	9,49
36:39:00	64	9,75	9,49
36:40:00	64	9,75	9,49
36:41:00	64	9,75	9,49
36:42:00	64	9,75	9,49
36:43:00	64	9,75	9,49
36:44:00	64	9,75	9,49
36:45:00	64	9,75	9,52
36:46:00	64	9,75	9,49
36:47:00	64	9,75	9,49
36:48:00	64	9,75	9,52
36:49:00	64	9,75	9,49
36:50:00	64	9,75	9,52
36:51:00	64	9,75	9,52
36:52:00	64	9,75	9,52
36:53:00	64	9,75	9,52
36:54:00	64	9,75	9,52
36:55:00	64	9,75	9,52
36:56:00	64	9,75	9,52
36:57:00	64	9,75	9,52
36:58:00	64	9,75	9,52
36:59:00	64	9,75	9,52
37:00:00	64	9,75	9,52
37:01:00	64	9,75	9,52
37:02:00	64	9,75	9,52
37:03:00	64	9,75	9,52
37:04:00	64	9,75	9,52
37:05:00	64	9,75	9,52
37:06:00	64	9,75	9,52
37:07:00	64	9,75	9,52
37:08:00	64	9,75	9,52
37:09:00	64	9,74	9,56
37:10:00	63	9,74	9,56
37:11:00	64	9,74	9,56
37:12:00	64	9,75	9,52
37:13:00	64	9,74	9,56
37:14:00	64	9,74	9,56
37:15:00	63	9,74	9,56
37:16:00	63	9,74	9,56
37:17:00	64	9,74	9,56
37:18:00	64	9,74	9,56
37:19:00	64	9,74	9,56
37:20:00	64	9,74	9,56
37:21:00	64	9,74	9,56
37:22:00	64	9,74	9,56
37:23:00	64	9,74	9,56
37:24:00	64	9,74	9,56
37:25:00	64	9,73	9,60
37:26:00	64	9,74	9,56
37:27:00	63	9,74	9,56
37:28:00	64	9,74	9,56
37:29:00	64	9,74	9,56
37:30:00	64	9,73	9,60
37:31:00	64	9,74	9,56
37:32:00	64	9,73	9,60
37:33:00	64	9,73	9,60
37:34:00	64	9,73	9,60
37:35:00	64	9,74	9,56
37:36:00	64	9,74	9,56
37:37:00	64	9,73	9,60
37:38:00	64	9,73	9,60
37:39:00	64	9,73	9,60
37:40:00	63	9,73	9,60
37:41:00	64	9,73	9,60
37:42:00	64	9,73	9,60
37:43:00	64	9,73	9,60
37:44:00	64	9,73	9,60
37:45:00	64	9,73	9,60
37:46:00	64	9,73	9,60
37:47:00	64	9,72	9,63
37:48:00	64	9,73	9,60
37:49:00	64	9,72	9,63
37:50:00	64	9,73	9,60
37:51:00	64	9,73	9,60
37:52:00	64	9,72	9,63
37:53:00	64	9,72	9,63
37:54:00	64	9,72	9,63
37:55:00	64	9,72	9,63
37:56:00	64	9,73	9,60
37:57:00	64	9,73	9,60
37:58:00	64	9,72	9,63
37:59:00	64	9,72	9,63
38:00:00	64	9,72	9,63
38:01:00	64	9,72	9,63
38:02:00	64	9,72	9,63
38:03:00	64	9,72	9,63
38:04:00	64	9,72	9,63
38:05:00	64	9,72	9,63
38:06:00	64	9,72	9,63
38:07:00	64	9,72	9,63
38:08:00	64	9,72	9,63
38:09:00	64	9,72	9,63
38:10:00	64	9,72	9,63
38:11:00	64	9,72	9,63
38:12:00	64	9,72	9,63
38:13:00	64	9,72	9,63
38:14:00	64	9,72	9,63
38:15:00	64	9,72	9,67
38:16:00	64	9,72	9,67
38:17:00	64	9,72	9,63
38:18:00	64	9,72	9,63
38:19:00	64	9,72	9,63
38:20:00	64	9,72	9,67
38:21:00	64	9,72	9,67
38:22:00	64	9,72	9,67
38:23:00	64	9,72	9,63
38:24:00	63	9,72	9,67
38:25:00	64	9,72	9,67
38:26:00	64	9,72	9,67
38:27:00	64	9,72	9,67
38:28:00	64	9,72	9,67
38:29:00	64	9,72	9,67
38:30:00	64	9,72	9,67
38:31:00	64	9,72	9,67
38:32:00	64	9,72	9,67
38:33:00	64	9,72	9,67
38:34:00	64	9,72	9,67
38:35:00	64	9,72	9,67
38:36:00	64	9,72	9,67
38:37:00	64	9,72	9,67
38:38:00	64	9,72	9,67
38:39:00	64	9,72	9,67
38:40:00	64	9,72	9,67
38:41:00	64	9,72	9,67
38:42:00	64	9,72	9,67
38:43:00	64	9,72	9,67
38:44:00	64	9,72	9,67
38:45:00	64	9,72	9,67
38:46:00	64	9,72	9,67
38:47:00	64	9,72	9,67
38:48:00	64	9,71	9,71
38:49:00	64	9,71	9,71
38:50:00	64	9,71	9,71
38:51:00	64	9,71	9,71
38:52:00	64	9,71	9,71
38:53:00	64	9,71	9,71
38:54:00	64	9,71	9,71
38:55:00	64	9,71	9,71
38:56:00	64	9,71	9,71
38:57:00	64	9,70	9,75
38:58:00	64	9,71	9,71
38:59:00	63	9,71	9,71
39:00:00	64	9,71	9,71
39:01:00	64	9,71	9,71
39:02:00	64	9,71	9,71
39:03:00	63		
39:04:00	63		
39:05:00	1294		
39:06:00	1295		
39:07:00	327		
39:08:00	33		
39:09:00	31		
39:10:00	30		
39:11:00	29		
39:12:00	29		
39:13:00	27		
39:14:00	27		
39:15:00	26		
39:16:00	26		
39:17:00	27		
39:18:00	28		
