--Test Summary--
Full Path and File Name	
Instrument Name	7322
Instrument Type	Model 7322 Consistometer - Variable Speed
Instrument Serial Number	
Test Start Date	12.02.2015
Test Start Time	10:19:35
Test Stop Date	12.02.2015
Test Stop Time	14:29:05
Test Length	4:09:30
Final Sample Time Offset	4:09:30
Controller Schedule Name	
Sampling Period	10 seconds
Comments	
Information	WellID	Research
Information	Customer	Trican
Information	EngName	Aleksanyan Mikhail
Information	CementClass	100% G
Information	CementMfr	Dyckerhoff - Suhoy Log
Information	Additives	1%CFA-1 (bwow)+0.1%LWL+0.5%CFL-5 (bwoc)
Information	Density	1900
Information	BHCT	75
Information	BHST	85
Information	FluidLoss	283cc/30 min
Information	JobType	Research
Calculated Value	Time_30Bc	3:24:40
Calculated Value	Time_70Bc	4:09:30
Initial Temperature (°C)	26 °C
Final Temperature (°C)	75 °C
Initial Pressure (MPa)	0,6 MPa
Final Pressure (MPa)	40,2 MPa
Initial Consistency (Bc)	13 Bc
Final Consistency (Bc)	70 Bc
Initial Wall Temperature (°C)	25 °C
Final Wall Temperature (°C)	71 °C
Initial Motor Speed (RPM)	150 RPM
Final Motor Speed (RPM)	150 RPM
--Data--
Time (HH:MM:SS)	Temperature (°C)	Pressure (MPa)	Consistency (Bc)	Wall Temperature (°C)	Motor Speed (RPM)
0:00:00	26	0,6	13	25	150
0:00:10	26	0,6	13	24	150
0:00:20	26	0,7	13	25	150
0:00:30	26	0,9	13	25	150
0:00:40	26	1,2	14	26	150
0:00:50	26	1,5	14	26	150
0:01:00	26	1,8	14	27	150
0:01:10	26	2,1	14	28	150
0:01:20	26	2,3	14	29	150
0:01:30	26	2,5	14	30	150
0:01:40	26	2,9	14	32	150
0:01:50	26	3,1	14	33	150
0:02:00	26	3,4	14	34	150
0:02:10	27	3,6	14	35	150
0:02:20	27	3,9	14	36	150
0:02:30	27	4,1	15	36	150
0:02:40	27	4,4	14	37	150
0:02:50	27	4,6	13	38	150
0:03:00	28	4,9	11	38	150
0:03:10	28	5,1	11	39	150
0:03:20	28	5,2	10	39	150
0:03:30	28	5,4	10	39	150
0:03:40	29	5,6	10	40	150
0:03:50	29	5,8	10	40	150
0:04:00	29	5,9	10	40	150
0:04:10	30	6,1	10	40	150
0:04:20	30	6,2	10	41	150
0:04:30	30	6,8	11	41	150
0:04:40	30	6,9	11	41	150
0:04:50	31	7,1	11	42	150
0:05:00	31	7,3	11	42	150
0:05:10	31	7,5	10	42	150
0:05:20	31	7,7	10	43	150
0:05:30	32	8,0	10	44	150
0:05:40	32	8,2	10	44	150
0:05:50	32	8,5	10	45	150
0:06:00	33	8,7	10	45	150
0:06:10	33	8,9	11	46	150
0:06:20	33	9,2	10	46	150
0:06:30	33	9,4	10	46	150
0:06:40	34	9,7	10	47	150
0:06:50	34	9,8	10	47	150
0:07:00	34	10,0	10	47	150
0:07:10	35	10,2	10	47	150
0:07:20	35	10,4	10	47	150
0:07:30	35	10,5	10	48	150
0:07:40	36	10,7	10	48	150
0:07:50	36	10,8	10	48	150
0:08:00	37	11,3	10	48	150
0:08:10	37	11,4	10	48	150
0:08:20	37	11,5	10	48	150
0:08:30	38	11,9	10	48	150
0:08:40	38	12,1	10	48	150
0:08:50	38	12,3	10	48	150
0:09:00	38	12,4	10	49	150
0:09:10	39	12,6	10	49	150
0:09:20	39	12,8	10	49	150
0:09:30	39	13,0	10	50	150
0:09:40	39	13,3	10	50	150
0:09:50	40	13,5	10	51	150
0:10:00	40	13,7	10	51	150
0:10:10	40	13,9	10	51	150
0:10:20	41	14,2	10	52	150
0:10:30	41	14,4	10	52	150
0:10:40	41	14,6	9	53	150
0:10:50	41	14,8	9	53	150
0:11:00	42	15,0	9	53	150
0:11:10	42	15,4	9	53	150
0:11:20	42	15,7	9	54	150
0:11:30	42	15,9	9	54	150
0:11:40	43	16,1	9	54	150
0:11:50	43	16,3	9	54	150
0:12:00	43	16,5	9	55	150
0:12:10	44	16,7	9	55	150
0:12:20	44	16,9	9	55	150
0:12:30	44	17,1	9	56	150
0:12:40	44	17,3	9	56	150
0:12:50	45	17,5	9	56	150
0:13:00	45	17,7	9	56	150
0:13:10	45	17,9	9	57	150
0:13:20	45	18,1	9	57	150
0:13:30	46	18,4	9	57	150
0:13:40	46	18,6	9	57	150
0:13:50	46	18,8	9	58	150
0:14:00	47	19,0	9	58	150
0:14:10	47	19,3	9	59	150
0:14:20	47	19,5	9	59	150
0:14:30	47	19,7	9	59	150
0:14:40	48	20,0	9	60	150
0:14:50	48	20,2	9	60	150
0:15:00	48	20,5	9	60	150
0:15:10	48	20,7	9	60	150
0:15:20	49	21,0	9	61	150
0:15:30	49	21,3	9	62	150
0:15:40	49	21,5	9	62	150
0:15:50	49	21,7	9	62	150
0:16:00	50	22,0	9	62	150
0:16:10	50	22,2	9	63	150
0:16:20	50	22,4	10	63	150
0:16:30	51	22,6	10	64	150
0:16:40	51	22,9	10	64	150
0:16:50	51	23,0	10	64	150
0:17:00	52	23,2	10	64	150
0:17:10	52	23,4	10	64	150
0:17:20	52	23,6	9	65	150
0:17:30	52	23,8	9	65	150
0:17:40	53	24,0	9	65	150
0:17:50	53	24,2	9	65	150
0:18:00	53	24,4	9	66	150
0:18:10	54	24,5	9	66	150
0:18:20	54	24,7	9	66	150
0:18:30	54	24,9	9	66	150
0:18:40	54	25,1	9	66	150
0:18:50	55	25,5	9	66	150
0:19:00	55	25,7	9	67	150
0:19:10	55	25,9	9	67	150
0:19:20	56	26,0	9	67	150
0:19:30	56	26,2	9	68	150
0:19:40	56	26,4	9	67	150
0:19:50	56	26,6	9	68	150
0:20:00	57	26,8	9	68	150
0:20:10	57	27,1	9	69	150
0:20:20	57	27,3	9	69	150
0:20:30	57	27,5	9	69	150
0:20:40	58	27,7	9	70	150
0:20:50	58	28,0	9	70	150
0:21:00	58	28,2	9	70	150
0:21:10	58	28,4	9	71	150
0:21:20	59	28,7	9	71	150
0:21:30	59	28,9	9	71	150
0:21:40	59	29,2	9	72	150
0:21:50	60	29,4	9	72	150
0:22:00	60	29,7	9	72	150
0:22:10	60	29,9	9	73	150
0:22:20	60	30,3	9	73	150
0:22:30	61	30,5	9	73	150
0:22:40	61	30,7	9	74	150
0:22:50	61	31,0	9	74	150
0:23:00	61	31,2	9	74	150
0:23:10	62	31,4	9	74	150
0:23:20	62	31,6	9	75	150
0:23:30	62	31,8	9	75	150
0:23:40	63	32,0	9	75	150
0:23:50	63	32,2	9	75	150
0:24:00	63	32,3	9	75	150
0:24:10	63	32,6	9	76	150
0:24:20	64	32,8	9	76	150
0:24:30	64	33,0	9	77	150
0:24:40	64	33,2	9	76	150
0:24:50	65	33,4	9	77	150
0:25:00	65	33,6	9	77	150
0:25:10	65	33,8	9	77	150
0:25:20	65	34,0	9	77	150
0:25:30	66	34,2	9	78	150
0:25:40	66	34,4	9	78	150
0:25:50	66	34,6	9	78	150
0:26:00	66	34,8	9	78	150
0:26:10	67	35,0	9	79	150
0:26:20	67	35,2	9	79	150
0:26:30	67	35,5	9	79	150
0:26:40	67	35,7	9	80	150
0:26:50	68	36,0	9	80	150
0:27:00	68	36,2	9	80	150
0:27:10	68	36,4	9	80	150
0:27:20	69	36,6	9	80	150
0:27:30	69	36,9	9	81	150
0:27:40	69	37,2	9	82	150
0:27:50	69	37,5	9	82	150
0:28:00	70	37,7	9	82	150
0:28:10	70	38,0	9	83	150
0:28:20	70	38,2	9	83	150
0:28:30	70	38,4	9	83	150
0:28:40	71	38,6	9	83	150
0:28:50	71	38,9	9	83	150
0:29:00	71	39,1	9	84	150
0:29:10	71	39,3	9	84	150
0:29:20	72	39,5	9	84	150
0:29:30	72	39,7	9	84	150
0:29:40	72	40,0	9	85	150
0:29:50	73	40,2	9	85	150
0:30:00	73	40,4	9	85	150
0:30:10	73	40,6	9	86	150
0:30:20	73	40,8	9	86	150
0:30:30	74	41,0	9	86	150
0:30:40	74	40,5	9	86	150
0:30:50	74	40,5	10	85	150
0:31:00	74	40,6	10	86	150
0:31:10	75	40,6	10	85	150
0:31:20	75	40,6	10	85	150
0:31:30	75	40,6	10	85	150
0:31:40	75	40,5	10	84	150
0:31:50	75	40,5	10	84	150
0:32:00	75	40,4	10	84	150
0:32:10	76	40,4	10	83	150
0:32:20	76	40,3	10	83	150
0:32:30	76	40,2	10	83	150
0:32:40	76	40,1	10	82	150
0:32:50	76	40,0	10	82	150
0:33:00	76	40,0	10	82	150
0:33:10	76	40,1	10	81	150
0:33:20	76	40,0	9	81	150
0:33:30	77	40,0	10	81	150
0:33:40	77	40,1	10	81	150
0:33:50	77	40,0	9	80	150
0:34:00	77	39,9	10	80	150
0:34:10	77	40,2	9	80	150
0:34:20	77	40,1	9	80	150
0:34:30	77	40,1	10	79	150
0:34:40	77	40,0	10	79	150
0:34:50	77	40,0	10	79	150
0:35:00	77	40,0	10	79	150
0:35:10	77	40,3	10	79	150
0:35:20	77	40,2	10	79	150
0:35:30	77	40,2	10	79	150
0:35:40	77	40,2	10	78	150
0:35:50	77	40,1	10	78	150
0:36:00	77	40,1	10	78	150
0:36:10	77	40,1	10	78	150
0:36:20	77	40,1	10	78	150
0:36:30	77	40,0	10	78	150
0:36:40	77	40,0	10	78	150
0:36:50	77	40,0	10	78	150
0:37:00	77	40,0	11	78	150
0:37:10	77	40,0	11	78	150
0:37:20	77	40,1	11	78	150
0:37:30	76	40,1	11	78	150
0:37:40	76	40,1	11	78	150
0:37:50	76	40,1	11	78	150
0:38:00	76	40,1	11	78	150
0:38:10	76	40,1	11	78	150
0:38:20	76	40,1	11	78	150
0:38:30	76	40,1	11	78	150
0:38:40	76	40,1	11	78	150
0:38:50	76	40,1	11	78	150
0:39:00	76	40,2	11	78	150
0:39:10	76	40,2	11	78	150
0:39:20	76	40,2	11	78	150
0:39:30	76	40,2	10	78	150
0:39:40	76	40,2	10	78	150
0:39:50	76	40,3	10	78	150
0:40:00	76	40,3	10	78	150
0:40:10	76	40,3	10	78	150
0:40:20	76	40,3	10	78	150
0:40:30	76	40,3	10	78	150
0:40:40	76	40,4	10	78	150
0:40:50	76	40,4	10	78	150
0:41:00	76	40,4	10	78	150
0:41:10	76	40,4	10	78	150
0:41:20	76	40,5	10	78	150
0:41:30	76	40,5	10	78	150
0:41:40	76	40,5	10	78	150
0:41:50	76	40,5	10	78	150
0:42:00	76	40,5	10	78	150
0:42:10	76	40,5	10	78	150
0:42:20	76	40,5	10	78	150
0:42:30	76	40,5	10	78	150
0:42:40	76	40,5	10	78	150
0:42:50	76	40,5	10	78	150
0:43:00	76	40,5	10	78	150
0:43:10	76	40,5	10	78	150
0:43:20	76	40,5	10	78	150
0:43:30	76	40,5	10	78	150
0:43:40	76	40,5	10	78	150
0:43:50	76	40,5	10	78	150
0:44:00	76	40,6	10	78	150
0:44:10	76	40,5	10	78	150
0:44:20	76	40,5	9	77	150
0:44:30	76	40,5	9	77	150
0:44:40	76	40,5	9	77	150
0:44:50	76	40,6	10	77	150
0:45:00	76	40,6	10	77	150
0:45:10	76	40,6	10	77	150
0:45:20	76	40,6	10	77	150
0:45:30	76	40,6	10	77	150
0:45:40	76	40,6	10	77	150
0:45:50	76	40,6	10	77	150
0:46:00	76	40,7	10	77	150
0:46:10	76	40,7	10	77	150
0:46:20	76	40,7	10	77	150
0:46:30	75	40,7	10	77	150
0:46:40	75	40,7	10	77	150
0:46:50	75	40,7	10	77	150
0:47:00	75	40,7	10	77	150
0:47:10	75	40,8	10	77	150
0:47:20	75	40,8	10	77	150
0:47:30	75	40,8	10	77	150
0:47:40	75	40,8	10	77	150
0:47:50	75	40,8	10	77	150
0:48:00	75	40,8	10	77	150
0:48:10	75	40,8	10	77	150
0:48:20	75	40,8	11	77	150
0:48:30	75	40,9	11	77	150
0:48:40	75	40,9	11	77	150
0:48:50	75	41,0	11	77	150
0:49:00	75	41,0	11	77	150
0:49:10	75	41,0	11	77	150
0:49:20	75	41,0	11	77	150
0:49:30	75	41,0	11	77	150
0:49:40	75	40,9	11	77	150
0:49:50	75	40,4	11	77	150
0:50:00	75	40,4	10	77	150
0:50:10	75	40,4	10	77	150
0:50:20	75	40,5	10	77	150
0:50:30	75	40,5	10	77	150
0:50:40	75	40,5	9	77	150
0:50:50	75	40,5	9	77	150
0:51:00	75	40,5	9	77	150
0:51:10	75	40,5	9	77	150
0:51:20	75	40,5	9	77	150
0:51:30	75	40,5	9	77	150
0:51:40	75	40,5	9	77	150
0:51:50	75	40,5	9	77	150
0:52:00	75	40,5	9	77	150
0:52:10	75	40,6	9	77	150
0:52:20	75	40,6	9	77	150
0:52:30	75	40,6	9	77	150
0:52:40	75	40,6	9	77	150
0:52:50	75	40,6	9	77	150
0:53:00	75	40,6	9	77	150
0:53:10	75	40,6	9	77	150
0:53:20	75	40,6	9	77	150
0:53:30	75	40,6	9	77	150
0:53:40	75	40,6	9	77	150
0:53:50	75	40,6	9	77	150
0:54:00	75	40,7	9	77	150
0:54:10	75	40,7	9	77	150
0:54:20	75	40,7	9	77	150
0:54:30	75	40,7	9	77	150
0:54:40	75	40,7	9	77	150
0:54:50	75	40,7	9	77	150
0:55:00	75	40,7	9	77	150
0:55:10	75	40,7	9	77	150
0:55:20	75	40,8	9	77	150
0:55:30	75	40,8	9	77	150
0:55:40	75	40,8	9	77	150
0:55:50	75	40,8	9	77	150
0:56:00	75	40,8	9	77	150
0:56:10	75	40,8	9	77	150
0:56:20	75	40,9	9	77	150
0:56:30	75	40,9	9	77	150
0:56:40	75	40,9	9	77	150
0:56:50	75	40,9	9	77	150
0:57:00	75	40,9	9	77	150
0:57:10	75	40,9	9	77	150
0:57:20	75	40,9	9	77	150
0:57:30	75	40,9	9	77	150
0:57:40	75	40,9	9	77	150
0:57:50	75	40,9	9	77	150
0:58:00	75	40,9	9	77	150
0:58:10	75	40,9	9	77	150
0:58:20	75	41,0	9	77	150
0:58:30	75	41,0	9	77	150
0:58:40	75	41,0	9	77	150
0:58:50	75	41,0	9	77	150
0:59:00	75	41,0	9	77	150
0:59:10	75	41,0	10	77	150
0:59:20	75	41,0	10	77	150
0:59:30	75	40,6	10	77	150
0:59:40	75	40,5	10	77	150
0:59:50	75	40,5	10	77	150
1:00:00	75	40,5	10	77	150
1:00:10	75	40,5	10	77	150
1:00:20	75	40,5	10	76	150
1:00:30	75	40,6	10	76	150
1:00:40	75	40,6	10	76	150
1:00:50	75	40,6	10	77	150
1:01:00	75	40,6	10	76	150
1:01:10	75	40,6	10	77	150
1:01:20	75	40,6	10	77	150
1:01:30	75	40,6	10	77	150
1:01:40	75	40,6	10	77	150
1:01:50	75	40,6	10	76	150
1:02:00	75	40,6	10	77	150
1:02:10	75	40,7	10	76	150
1:02:20	75	40,7	10	77	150
1:02:30	75	40,7	10	77	150
1:02:40	75	40,7	10	77	150
1:02:50	75	40,7	10	76	150
1:03:00	75	40,7	10	76	150
1:03:10	75	40,7	10	76	150
1:03:20	75	40,7	10	76	150
1:03:30	75	40,7	10	76	150
1:03:40	75	40,7	10	77	150
1:03:50	75	40,7	10	76	150
1:04:00	75	40,7	10	76	150
1:04:10	75	40,8	10	77	150
1:04:20	75	40,8	10	76	150
1:04:30	75	40,8	10	76	150
1:04:40	75	40,8	11	76	150
1:04:50	75	40,8	11	76	150
1:05:00	75	40,8	11	76	150
1:05:10	75	40,8	11	76	150
1:05:20	75	40,8	11	76	150
1:05:30	75	40,8	11	76	150
1:05:40	75	40,8	11	76	150
1:05:50	75	40,8	11	76	150
1:06:00	75	40,8	11	76	150
1:06:10	75	40,8	11	76	150
1:06:20	75	40,8	11	76	150
1:06:30	75	40,8	11	76	150
1:06:40	75	40,8	11	76	150
1:06:50	75	40,8	11	76	150
1:07:00	75	40,8	11	76	150
1:07:10	75	40,8	11	76	150
1:07:20	75	40,8	11	76	150
1:07:30	75	40,8	11	76	150
1:07:40	75	40,8	11	76	150
1:07:50	75	40,8	11	76	150
1:08:00	75	40,9	11	76	150
1:08:10	75	40,9	11	76	150
1:08:20	75	40,9	11	76	150
1:08:30	75	40,9	11	76	150
1:08:40	75	40,9	11	76	150
1:08:50	75	40,9	11	76	150
1:09:00	75	40,9	11	76	150
1:09:10	75	40,9	11	76	150
1:09:20	75	40,9	11	76	150
1:09:30	75	40,9	11	76	150
1:09:40	75	40,9	11	76	150
1:09:50	75	40,9	11	76	150
1:10:00	75	40,9	11	76	150
1:10:10	75	41,0	11	76	150
1:10:20	75	41,0	11	76	150
1:10:30	75	41,0	11	76	150
1:10:40	75	41,0	11	76	150
1:10:50	75	41,0	11	76	150
1:11:00	75	41,0	11	76	150
1:11:10	75	41,0	11	76	150
1:11:20	75	41,0	11	76	150
1:11:30	75	40,4	11	76	150
1:11:40	75	40,4	11	76	150
1:11:50	75	40,4	11	76	150
1:12:00	75	40,4	11	76	150
1:12:10	75	40,5	11	76	150
1:12:20	75	40,5	11	76	150
1:12:30	75	40,5	12	76	150
1:12:40	75	40,5	12	76	150
1:12:50	75	40,5	12	76	150
1:13:00	75	40,5	12	76	150
1:13:10	75	40,6	12	76	150
1:13:20	75	40,6	12	76	150
1:13:30	75	40,6	12	76	150
1:13:40	75	40,6	12	76	150
1:13:50	75	40,6	12	76	150
1:14:00	75	40,6	12	76	150
1:14:10	75	40,6	12	76	150
1:14:20	75	40,6	12	76	150
1:14:30	75	40,6	12	76	150
1:14:40	75	40,6	12	76	150
1:14:50	75	40,6	12	76	150
1:15:00	75	40,7	12	76	150
1:15:10	75	40,7	12	76	150
1:15:20	75	40,7	12	76	150
1:15:30	75	40,7	12	76	150
1:15:40	75	40,7	12	76	150
1:15:50	75	40,6	12	76	150
1:16:00	75	40,6	12	76	150
1:16:10	75	40,6	12	76	150
1:16:20	75	40,6	12	76	150
1:16:30	75	40,6	12	76	150
1:16:40	75	40,6	12	76	150
1:16:50	75	40,6	12	76	150
1:17:00	75	40,6	12	76	150
1:17:10	75	40,6	13	76	150
1:17:20	75	40,6	13	76	150
1:17:30	75	40,6	13	76	150
1:17:40	75	40,6	13	76	150
1:17:50	75	40,6	13	76	150
1:18:00	75	40,6	13	76	150
1:18:10	75	40,6	13	76	150
1:18:20	75	40,6	13	76	150
1:18:30	75	40,6	13	76	150
1:18:40	75	40,6	13	76	150
1:18:50	75	40,6	13	76	150
1:19:00	75	40,6	13	76	150
1:19:10	75	40,6	13	76	150
1:19:20	75	40,6	13	76	150
1:19:30	75	40,6	13	76	150
1:19:40	75	40,6	13	76	150
1:19:50	75	40,7	13	76	150
1:20:00	75	40,7	13	76	150
1:20:10	75	40,8	13	76	150
1:20:20	75	40,8	13	76	150
1:20:30	75	40,8	12	76	150
1:20:40	75	40,8	12	76	150
1:20:50	75	40,8	12	76	150
1:21:00	75	40,8	12	76	150
1:21:10	75	40,8	12	76	150
1:21:20	75	40,8	12	76	150
1:21:30	75	40,8	12	76	150
1:21:40	75	40,8	12	76	150
1:21:50	75	40,8	12	76	150
1:22:00	75	40,8	12	76	150
1:22:10	75	40,8	12	76	150
1:22:20	75	40,8	12	76	150
1:22:30	75	40,8	12	76	150
1:22:40	75	40,8	12	76	150
1:22:50	75	40,7	12	76	150
1:23:00	75	40,7	12	76	150
1:23:10	75	40,7	12	76	150
1:23:20	75	40,7	12	76	150
1:23:30	75	40,7	12	76	150
1:23:40	75	40,7	12	76	150
1:23:50	75	40,7	12	76	150
1:24:00	75	40,7	12	76	150
1:24:10	75	40,7	12	76	150
1:24:20	75	40,7	12	76	150
1:24:30	75	40,7	12	76	150
1:24:40	75	40,7	12	76	150
1:24:50	75	40,7	12	76	150
1:25:00	75	40,7	12	76	150
1:25:10	75	40,7	12	76	150
1:25:20	75	40,7	12	76	150
1:25:30	75	40,7	12	76	150
1:25:40	75	40,7	12	76	150
1:25:50	75	40,7	12	76	150
1:26:00	75	40,7	12	76	150
1:26:10	75	40,8	12	76	150
1:26:20	75	40,8	12	76	150
1:26:30	75	40,8	12	76	150
1:26:40	75	40,8	12	76	150
1:26:50	75	40,8	12	76	150
1:27:00	75	40,8	12	76	150
1:27:10	75	40,8	12	76	150
1:27:20	75	40,8	12	76	150
1:27:30	75	40,8	12	76	150
1:27:40	75	40,8	12	76	150
1:27:50	75	40,8	12	76	150
1:28:00	75	40,9	12	76	150
1:28:10	75	40,9	12	76	150
1:28:20	75	40,9	12	76	150
1:28:30	75	40,9	12	76	150
1:28:40	75	40,9	12	76	150
1:28:50	75	40,9	12	76	150
1:29:00	75	40,9	12	76	150
1:29:10	75	40,9	12	76	150
1:29:20	75	40,9	12	76	150
1:29:30	75	40,9	12	76	150
1:29:40	75	40,9	12	76	150
1:29:50	75	40,9	12	76	150
1:30:00	75	40,9	12	76	150
1:30:10	75	40,9	12	76	150
1:30:20	75	40,9	12	76	150
1:30:30	75	40,9	12	76	150
1:30:40	75	40,9	12	76	150
1:30:50	75	40,9	12	76	150
1:31:00	75	40,9	12	76	150
1:31:10	75	40,9	12	76	150
1:31:20	75	40,9	12	76	150
1:31:30	75	40,9	12	76	150
1:31:40	75	40,9	12	76	150
1:31:50	75	40,9	12	76	150
1:32:00	75	40,9	12	76	150
1:32:10	75	40,9	12	76	150
1:32:20	75	40,9	12	76	150
1:32:30	75	40,9	12	76	150
1:32:40	75	40,9	12	76	150
1:32:50	75	40,9	13	76	150
1:33:00	75	40,9	13	76	150
1:33:10	75	40,9	13	76	150
1:33:20	75	40,9	13	76	150
1:33:30	75	40,9	13	76	150
1:33:40	75	40,9	13	76	150
1:33:50	75	40,9	13	76	150
1:34:00	75	40,9	13	76	150
1:34:10	75	40,9	13	76	150
1:34:20	75	40,9	13	76	150
1:34:30	75	40,9	13	76	150
1:34:40	75	40,9	13	76	150
1:34:50	75	40,9	12	76	150
1:35:00	75	40,9	12	76	150
1:35:10	75	40,9	12	76	150
1:35:20	75	40,9	12	76	150
1:35:30	75	40,9	12	76	150
1:35:40	75	40,9	12	76	150
1:35:50	75	40,9	13	76	150
1:36:00	75	40,9	13	76	150
1:36:10	75	40,9	13	76	150
1:36:20	75	40,9	13	76	150
1:36:30	75	40,9	13	76	150
1:36:40	75	40,9	13	76	150
1:36:50	75	40,9	13	76	150
1:37:00	75	40,9	13	76	150
1:37:10	75	40,9	13	76	150
1:37:20	75	40,9	13	76	150
1:37:30	75	40,9	13	76	150
1:37:40	75	40,9	13	76	150
1:37:50	75	40,9	13	76	150
1:38:00	75	40,9	13	76	150
1:38:10	75	41,0	13	76	150
1:38:20	75	41,0	13	76	150
1:38:30	75	41,0	13	76	150
1:38:40	75	41,0	13	76	150
1:38:50	75	41,0	13	76	150
1:39:00	75	41,0	13	76	150
1:39:10	75	41,0	13	76	150
1:39:20	75	41,0	13	76	150
1:39:30	75	41,0	13	76	150
1:39:40	75	41,0	13	76	150
1:39:50	75	41,0	13	76	150
1:40:00	75	41,0	13	76	150
1:40:10	75	41,0	13	76	150
1:40:20	75	40,6	13	76	150
1:40:30	75	40,4	12	76	150
1:40:40	75	40,4	12	76	150
1:40:50	75	40,4	12	76	150
1:41:00	75	40,4	12	76	150
1:41:10	75	40,5	12	76	150
1:41:20	75	40,5	13	76	150
1:41:30	75	40,5	13	76	150
1:41:40	75	40,5	13	76	150
1:41:50	75	40,5	13	76	150
1:42:00	75	40,5	13	76	150
1:42:10	75	40,5	13	76	150
1:42:20	75	40,5	13	76	150
1:42:30	75	40,5	13	76	150
1:42:40	75	40,5	13	76	150
1:42:50	75	40,5	13	76	150
1:43:00	75	40,5	13	76	150
1:43:10	75	40,5	12	76	150
1:43:20	75	40,5	12	76	150
1:43:30	75	40,5	12	76	150
1:43:40	75	40,5	12	76	150
1:43:50	75	40,5	12	76	150
1:44:00	75	40,5	12	76	150
1:44:10	75	40,5	12	76	150
1:44:20	75	40,5	12	76	150
1:44:30	75	40,5	12	76	150
1:44:40	75	40,5	13	76	150
1:44:50	75	40,5	13	76	150
1:45:00	75	40,5	12	76	150
1:45:10	75	40,5	12	76	150
1:45:20	75	40,5	12	76	150
1:45:30	75	40,5	12	76	150
1:45:40	75	40,5	12	76	150
1:45:50	75	40,5	12	76	150
1:46:00	75	40,5	12	76	150
1:46:10	75	40,5	12	76	150
1:46:20	75	40,5	12	76	150
1:46:30	75	40,5	12	76	150
1:46:40	75	40,5	12	76	150
1:46:50	75	40,5	12	76	150
1:47:00	75	40,5	12	76	150
1:47:10	75	40,5	13	76	150
1:47:20	75	40,5	13	76	150
1:47:30	75	40,5	13	76	150
1:47:40	75	40,5	13	76	150
1:47:50	75	40,5	13	76	150
1:48:00	75	40,5	13	76	150
1:48:10	75	40,5	13	76	150
1:48:20	75	40,5	13	76	150
1:48:30	75	40,5	13	75	150
1:48:40	75	40,5	13	76	150
1:48:50	75	40,5	14	75	150
1:49:00	75	40,5	14	76	150
1:49:10	75	40,5	14	75	150
1:49:20	75	40,5	14	76	150
1:49:30	75	40,5	14	75	150
1:49:40	75	40,5	14	76	150
1:49:50	75	40,5	14	76	150
1:50:00	75	40,5	14	75	150
1:50:10	75	40,5	14	76	150
1:50:20	75	40,5	14	75	150
1:50:30	75	40,5	14	75	150
1:50:40	75	40,5	14	75	150
1:50:50	75	40,5	14	76	150
1:51:00	75	40,5	14	76	150
1:51:10	75	40,5	14	76	150
1:51:20	75	40,5	14	76	150
1:51:30	75	40,6	14	76	150
1:51:40	75	40,6	14	76	150
1:51:50	75	40,6	14	76	150
1:52:00	75	40,6	14	76	150
1:52:10	75	40,6	15	76	150
1:52:20	75	40,6	15	76	150
1:52:30	75	40,6	15	76	150
1:52:40	75	40,6	15	76	150
1:52:50	75	40,6	15	76	150
1:53:00	75	40,6	14	76	150
1:53:10	75	40,6	14	76	150
1:53:20	75	40,6	14	76	150
1:53:30	75	40,6	14	76	150
1:53:40	75	40,6	14	76	150
1:53:50	75	40,6	14	76	150
1:54:00	75	40,6	15	76	150
1:54:10	75	40,6	15	76	150
1:54:20	75	40,6	15	75	150
1:54:30	75	40,6	15	76	150
1:54:40	75	40,6	15	75	150
1:54:50	75	40,6	15	76	150
1:55:00	75	40,6	15	76	150
1:55:10	75	40,6	15	76	150
1:55:20	75	40,6	15	76	150
1:55:30	75	40,6	15	76	150
1:55:40	75	40,6	15	76	150
1:55:50	75	40,6	15	75	150
1:56:00	75	40,6	15	76	150
1:56:10	75	40,6	15	76	150
1:56:20	75	40,6	15	76	150
1:56:30	75	40,6	15	76	150
1:56:40	75	40,6	15	76	150
1:56:50	75	40,6	15	76	150
1:57:00	75	40,6	15	76	150
1:57:10	75	40,6	15	76	150
1:57:20	75	40,6	15	75	150
1:57:30	75	40,6	15	75	150
1:57:40	75	40,6	15	75	150
1:57:50	75	40,6	15	76	150
1:58:00	75	40,6	15	75	150
1:58:10	75	40,6	14	75	150
1:58:20	75	40,6	15	76	150
1:58:30	75	40,6	15	75	150
1:58:40	75	40,6	16	76	150
1:58:50	75	40,6	16	75	150
1:59:00	75	40,6	17	75	150
1:59:10	75	40,6	17	75	150
1:59:20	75	40,6	17	75	150
1:59:30	75	40,6	17	75	150
1:59:40	75	40,6	18	76	150
1:59:50	75	40,6	18	76	150
2:00:00	75	40,6	18	75	150
2:00:10	75	40,6	18	75	150
2:00:20	75	40,6	18	76	150
2:00:30	75	40,6	18	76	150
2:00:40	75	40,6	18	75	150
2:00:50	75	40,6	18	76	150
2:01:00	75	40,6	18	75	150
2:01:10	75	40,6	18	75	150
2:01:20	75	40,6	18	75	150
2:01:30	75	40,6	19	75	150
2:01:40	75	40,6	19	75	150
2:01:50	75	40,6	19	75	150
2:02:00	75	40,6	19	76	150
2:02:10	75	40,6	19	76	150
2:02:20	75	40,6	19	76	150
2:02:30	75	40,6	19	75	150
2:02:40	75	40,6	19	76	150
2:02:50	75	40,6	19	76	150
2:03:00	75	40,6	18	76	150
2:03:10	75	40,6	18	75	150
2:03:20	75	40,6	18	76	150
2:03:30	75	40,6	18	76	150
2:03:40	75	40,6	17	76	150
2:03:50	75	40,6	17	76	150
2:04:00	75	40,6	17	76	150
2:04:10	75	40,6	16	76	150
2:04:20	75	40,6	16	76	150
2:04:30	75	40,6	16	76	150
2:04:40	75	40,6	16	75	150
2:04:50	75	40,6	16	76	150
2:05:00	75	40,6	16	75	150
2:05:10	75	40,6	15	75	150
2:05:20	75	40,6	15	75	150
2:05:30	75	40,6	15	75	150
2:05:40	75	40,6	15	75	150
2:05:50	75	40,6	15	75	150
2:06:00	75	40,6	15	76	150
2:06:10	75	40,6	15	75	150
2:06:20	75	40,6	15	75	150
2:06:30	75	40,6	15	75	150
2:06:40	75	40,6	15	75	150
2:06:50	75	40,6	15	75	150
2:07:00	75	40,6	15	75	150
2:07:10	75	40,6	15	75	150
2:07:20	75	40,6	16	75	150
2:07:30	75	40,6	16	75	150
2:07:40	75	40,6	16	75	150
2:07:50	75	40,6	16	75	150
2:08:00	75	40,6	17	75	150
2:08:10	75	40,6	17	75	150
2:08:20	75	40,6	17	75	150
2:08:30	75	40,6	17	75	150
2:08:40	75	40,6	17	76	150
2:08:50	75	40,6	17	75	150
2:09:00	75	40,6	17	75	150
2:09:10	75	40,6	18	75	150
2:09:20	75	40,6	18	76	150
2:09:30	75	40,6	19	75	150
2:09:40	75	40,6	19	76	150
2:09:50	75	40,6	19	76	150
2:10:00	75	40,6	19	75	150
2:10:10	75	40,6	19	76	150
2:10:20	75	40,6	18	75	150
2:10:30	75	40,6	17	75	150
2:10:40	75	40,6	16	75	150
2:10:50	75	40,6	15	75	150
2:11:00	75	40,6	14	76	150
2:11:10	75	40,7	14	75	150
2:11:20	75	40,7	14	75	150
2:11:30	75	40,7	15	75	150
2:11:40	75	40,7	15	75	150
2:11:50	75	40,7	15	76	150
2:12:00	75	40,7	16	75	150
2:12:10	75	40,7	16	75	150
2:12:20	75	40,7	16	75	150
2:12:30	75	40,7	16	75	150
2:12:40	75	40,7	16	75	150
2:12:50	75	40,7	16	75	150
2:13:00	75	40,7	16	76	150
2:13:10	75	40,7	16	75	150
2:13:20	75	40,7	17	75	150
2:13:30	75	40,6	17	75	150
2:13:40	75	40,6	17	75	150
2:13:50	75	40,6	16	75	150
2:14:00	75	40,6	15	75	150
2:14:10	75	40,6	15	76	150
2:14:20	75	40,6	14	75	150
2:14:30	75	40,6	14	75	150
2:14:40	75	40,7	14	75	150
2:14:50	75	40,6	14	75	150
2:15:00	75	40,6	14	75	150
2:15:10	75	40,6	14	76	150
2:15:20	75	40,6	14	76	150
2:15:30	75	40,6	14	76	150
2:15:40	75	40,6	14	76	150
2:15:50	75	40,6	14	75	150
2:16:00	75	40,6	14	76	150
2:16:10	75	40,6	14	75	150
2:16:20	75	40,6	14	75	150
2:16:30	75	40,6	14	75	150
2:16:40	75	40,6	14	75	150
2:16:50	75	40,6	14	75	150
2:17:00	75	40,6	14	75	150
2:17:10	75	40,7	14	75	150
2:17:20	75	40,7	14	75	150
2:17:30	75	40,7	14	75	150
2:17:40	75	40,7	14	75	150
2:17:50	75	40,7	14	76	150
2:18:00	75	40,6	14	75	150
2:18:10	75	40,6	14	76	150
2:18:20	75	40,6	14	75	150
2:18:30	75	40,6	14	75	150
2:18:40	75	40,6	15	76	150
2:18:50	75	40,6	15	75	150
2:19:00	75	40,6	15	75	150
2:19:10	75	40,6	16	75	150
2:19:20	75	40,6	17	75	150
2:19:30	75	40,6	17	75	150
2:19:40	75	40,7	18	75	150
2:19:50	75	40,7	19	75	150
2:20:00	75	40,7	19	75	150
2:20:10	75	40,7	19	75	150
2:20:20	75	40,7	19	75	150
2:20:30	75	40,7	19	75	150
2:20:40	75	40,7	19	75	150
2:20:50	75	40,7	19	75	150
2:21:00	75	40,7	19	75	150
2:21:10	75	40,7	20	76	150
2:21:20	75	40,7	20	76	150
2:21:30	75	40,7	20	75	150
2:21:40	75	40,7	20	75	150
2:21:50	75	40,7	20	75	150
2:22:00	75	40,7	19	75	150
2:22:10	75	40,7	19	75	150
2:22:20	75	40,7	19	75	150
2:22:30	75	40,7	19	75	150
2:22:40	75	40,6	19	75	150
2:22:50	75	40,6	19	75	150
2:23:00	75	40,6	19	75	150
2:23:10	75	40,6	19	75	150
2:23:20	75	40,6	19	75	150
2:23:30	75	40,6	19	75	150
2:23:40	75	40,6	19	75	150
2:23:50	75	40,6	19	75	150
2:24:00	75	40,6	19	75	150
2:24:10	75	40,6	19	75	150
2:24:20	75	40,6	19	75	150
2:24:30	75	40,6	19	75	150
2:24:40	75	40,7	19	75	150
2:24:50	75	40,6	19	75	150
2:25:00	75	40,6	19	75	150
2:25:10	75	40,6	19	75	150
2:25:20	75	40,6	20	75	150
2:25:30	75	40,6	20	75	150
2:25:40	75	40,6	20	75	150
2:25:50	75	40,7	20	75	150
2:26:00	75	40,7	20	75	150
2:26:10	75	40,7	20	75	150
2:26:20	75	40,6	21	75	150
2:26:30	75	40,7	21	75	150
2:26:40	75	40,7	21	75	150
2:26:50	75	40,6	21	75	150
2:27:00	75	40,7	23	75	150
2:27:10	75	40,7	24	75	150
2:27:20	75	40,7	24	75	150
2:27:30	75	40,7	24	76	150
2:27:40	75	40,7	24	75	150
2:27:50	75	40,7	25	75	150
2:28:00	75	40,7	25	75	150
2:28:10	75	40,7	25	76	150
2:28:20	75	40,7	25	75	150
2:28:30	75	40,7	25	75	150
2:28:40	75	40,7	25	75	150
2:28:50	75	40,7	25	75	150
2:29:00	75	40,7	25	75	150
2:29:10	75	40,7	25	75	150
2:29:20	75	40,7	25	75	150
2:29:30	75	40,6	25	75	150
2:29:40	75	40,6	25	75	150
2:29:50	75	40,6	24	75	150
2:30:00	75	40,6	24	75	150
2:30:10	75	40,6	24	75	150
2:30:20	75	40,6	24	75	150
2:30:30	75	40,6	24	75	150
2:30:40	75	40,6	24	75	150
2:30:50	75	40,6	24	75	150
2:31:00	75	40,6	24	75	150
2:31:10	75	40,6	24	75	150
2:31:20	75	40,6	24	75	150
2:31:30	75	40,6	24	75	150
2:31:40	75	40,6	24	75	150
2:31:50	75	40,6	24	75	150
2:32:00	75	40,6	24	75	150
2:32:10	75	40,6	24	75	150
2:32:20	75	40,6	24	75	150
2:32:30	75	40,6	24	75	150
2:32:40	75	40,6	24	75	150
2:32:50	75	40,6	23	75	150
2:33:00	75	40,6	23	75	150
2:33:10	75	40,6	23	75	150
2:33:20	75	40,6	22	75	150
2:33:30	75	40,6	21	75	150
2:33:40	75	40,6	20	75	150
2:33:50	75	40,6	20	75	150
2:34:00	75	40,6	20	75	150
2:34:10	75	40,6	20	75	150
2:34:20	75	40,6	19	75	150
2:34:30	75	40,6	19	75	150
2:34:40	75	40,6	19	75	150
2:34:50	75	40,7	19	75	150
2:35:00	75	40,7	19	75	150
2:35:10	75	40,6	19	75	150
2:35:20	75	40,7	18	75	150
2:35:30	75	40,6	18	75	150
2:35:40	75	40,6	18	75	150
2:35:50	75	40,6	18	75	150
2:36:00	75	40,6	18	75	150
2:36:10	75	40,6	18	75	150
2:36:20	75	40,6	19	75	150
2:36:30	75	40,6	19	75	150
2:36:40	75	40,6	19	75	150
2:36:50	75	40,6	19	75	150
2:37:00	75	40,6	19	75	150
2:37:10	75	40,6	19	75	150
2:37:20	75	40,6	19	75	150
2:37:30	75	40,6	19	75	150
2:37:40	75	40,6	18	75	150
2:37:50	75	40,6	18	75	150
2:38:00	75	40,6	16	75	150
2:38:10	75	40,6	14	75	150
2:38:20	75	40,6	11	75	150
2:38:30	75	40,6	10	75	150
2:38:40	75	40,6	9	75	150
2:38:50	75	40,6	8	75	150
2:39:00	75	40,6	7	75	150
2:39:10	75	40,6	7	75	150
2:39:20	75	40,6	7	75	150
2:39:30	75	40,6	7	75	150
2:39:40	75	40,6	7	75	150
2:39:50	75	40,6	7	75	150
2:40:00	75	40,6	7	75	150
2:40:10	75	40,6	7	75	150
2:40:20	75	40,6	7	75	150
2:40:30	75	40,6	7	75	150
2:40:40	75	40,5	7	75	150
2:40:50	75	40,5	7	75	150
2:41:00	75	40,5	7	75	150
2:41:10	75	40,5	7	75	150
2:41:20	75	40,5	7	75	150
2:41:30	75	40,5	7	75	150
2:41:40	75	40,5	7	75	150
2:41:50	75	40,5	7	75	150
2:42:00	75	40,5	7	75	150
2:42:10	75	40,5	7	75	150
2:42:20	75	40,5	7	75	150
2:42:30	75	40,5	7	75	150
2:42:40	75	40,5	7	75	150
2:42:50	75	40,5	7	75	150
2:43:00	75	40,5	7	75	150
2:43:10	75	40,5	7	75	150
2:43:20	75	40,5	7	75	150
2:43:30	75	40,5	7	75	150
2:43:40	75	40,5	7	75	150
2:43:50	75	40,5	7	75	150
2:44:00	75	40,5	7	75	150
2:44:10	75	40,5	7	75	150
2:44:20	75	40,5	8	75	150
2:44:30	75	40,5	8	75	150
2:44:40	75	40,5	7	75	150
2:44:50	75	40,5	7	75	150
2:45:00	75	40,5	7	75	150
2:45:10	75	40,5	7	75	150
2:45:20	75	40,5	7	75	150
2:45:30	75	40,5	7	75	150
2:45:40	75	40,5	7	75	150
2:45:50	75	40,5	7	75	150
2:46:00	75	40,5	7	75	150
2:46:10	75	40,5	7	75	150
2:46:20	75	40,4	7	75	150
2:46:30	75	40,4	7	75	150
2:46:40	75	40,4	7	75	150
2:46:50	75	40,4	7	75	150
2:47:00	75	40,4	7	75	150
2:47:10	75	40,4	7	75	150
2:47:20	75	40,4	7	75	150
2:47:30	75	40,4	7	75	150
2:47:40	75	40,4	7	75	150
2:47:50	75	40,4	7	75	150
2:48:00	75	40,4	7	75	150
2:48:10	75	40,4	7	75	150
2:48:20	75	40,4	7	75	150
2:48:30	75	40,4	7	75	150
2:48:40	75	40,4	7	75	150
2:48:50	75	40,4	7	75	150
2:49:00	75	40,4	7	75	150
2:49:10	75	40,4	7	75	150
2:49:20	75	40,4	7	75	150
2:49:30	75	40,5	7	75	150
2:49:40	75	40,4	7	75	150
2:49:50	75	40,4	7	75	150
2:50:00	75	40,4	7	75	150
2:50:10	75	40,4	7	75	150
2:50:20	75	40,4	7	75	150
2:50:30	75	40,4	7	75	150
2:50:40	75	40,4	7	75	150
2:50:50	75	40,4	7	75	150
2:51:00	75	40,4	7	75	150
2:51:10	75	40,4	7	75	150
2:51:20	75	40,5	7	75	150
2:51:30	75	40,5	7	75	150
2:51:40	75	40,4	7	75	150
2:51:50	75	40,4	7	75	150
2:52:00	75	40,4	7	75	150
2:52:10	75	40,4	7	75	150
2:52:20	75	40,4	7	75	150
2:52:30	75	40,4	7	75	150
2:52:40	75	40,5	7	75	150
2:52:50	75	40,4	7	75	150
2:53:00	75	40,4	7	75	150
2:53:10	75	40,4	7	75	150
2:53:20	75	40,4	7	75	150
2:53:30	75	40,4	7	75	150
2:53:40	75	40,4	8	75	150
2:53:50	75	40,4	7	75	150
2:54:00	75	40,4	7	75	150
2:54:10	75	40,4	7	75	150
2:54:20	75	40,4	7	75	150
2:54:30	75	40,4	7	75	150
2:54:40	75	40,4	7	75	150
2:54:50	75	40,5	7	75	150
2:55:00	75	40,5	8	75	150
2:55:10	75	40,5	7	75	150
2:55:20	75	40,5	7	75	150
2:55:30	75	40,5	8	75	150
2:55:40	75	40,5	8	75	150
2:55:50	75	40,5	8	75	150
2:56:00	75	40,5	8	75	150
2:56:10	75	40,5	8	75	150
2:56:20	75	40,5	8	75	150
2:56:30	75	40,5	8	75	150
2:56:40	75	40,5	8	75	150
2:56:50	75	40,5	8	75	150
2:57:00	75	40,5	8	75	150
2:57:10	75	40,5	8	75	150
2:57:20	75	40,5	8	75	150
2:57:30	75	40,5	8	75	150
2:57:40	75	40,5	8	75	150
2:57:50	75	40,5	8	75	150
2:58:00	75	40,5	8	75	150
2:58:10	75	40,5	8	75	150
2:58:20	75	40,5	8	76	150
2:58:30	75	40,6	8	76	150
2:58:40	75	40,6	8	76	150
2:58:50	75	40,6	8	76	150
2:59:00	75	40,6	8	76	150
2:59:10	75	40,6	8	76	150
2:59:20	75	40,6	8	76	150
2:59:30	75	40,7	8	76	150
2:59:40	75	40,7	9	76	150
2:59:50	75	40,7	9	76	150
3:00:00	75	40,7	9	76	150
3:00:10	75	40,7	9	76	150
3:00:20	75	40,7	9	76	150
3:00:30	75	40,8	9	76	150
3:00:40	75	40,8	9	76	150
3:00:50	75	40,8	9	76	150
3:01:00	75	40,8	9	76	150
3:01:10	75	40,8	10	76	150
3:01:20	75	40,9	10	76	150
3:01:30	75	40,9	10	76	150
3:01:40	75	40,9	11	76	150
3:01:50	75	40,9	10	76	150
3:02:00	75	40,8	11	76	150
3:02:10	75	40,8	11	76	150
3:02:20	75	40,9	11	76	150
3:02:30	75	40,8	11	76	150
3:02:40	75	40,8	11	76	150
3:02:50	75	40,8	11	76	150
3:03:00	75	40,8	11	76	150
3:03:10	75	40,8	11	76	150
3:03:20	75	40,8	11	76	150
3:03:30	75	40,8	11	76	150
3:03:40	75	40,7	11	76	150
3:03:50	75	40,7	11	76	150
3:04:00	75	40,7	11	76	150
3:04:10	75	40,7	11	76	150
3:04:20	75	40,7	11	75	150
3:04:30	75	40,6	12	76	150
3:04:40	75	40,6	12	75	150
3:04:50	75	40,6	12	75	150
3:05:00	75	40,6	12	75	150
3:05:10	75	40,6	12	75	150
3:05:20	75	40,5	12	75	150
3:05:30	75	40,5	12	75	150
3:05:40	75	40,5	12	75	150
3:05:50	75	40,5	12	75	150
3:06:00	75	40,5	12	75	150
3:06:10	75	40,5	12	75	150
3:06:20	75	40,4	12	75	150
3:06:30	75	40,4	12	75	150
3:06:40	75	40,4	12	75	150
3:06:50	75	40,4	12	75	150
3:07:00	75	40,4	12	75	150
3:07:10	75	40,4	12	75	150
3:07:20	75	40,3	12	75	150
3:07:30	75	40,3	12	75	150
3:07:40	75	40,3	12	75	150
3:07:50	75	40,3	12	75	150
3:08:00	75	40,3	12	75	150
3:08:10	75	40,3	12	75	150
3:08:20	75	40,3	12	75	150
3:08:30	75	40,3	12	75	150
3:08:40	75	40,3	12	75	150
3:08:50	75	40,3	12	75	150
3:09:00	75	40,3	12	75	150
3:09:10	75	40,3	12	75	150
3:09:20	75	40,3	13	75	150
3:09:30	75	40,3	13	75	150
3:09:40	75	40,3	13	75	150
3:09:50	75	40,3	13	75	150
3:10:00	75	40,3	13	75	150
3:10:10	75	40,3	13	75	150
3:10:20	75	40,3	13	75	150
3:10:30	75	40,3	13	75	150
3:10:40	75	40,3	13	75	150
3:10:50	75	40,3	13	75	150
3:11:00	75	40,3	13	75	150
3:11:10	75	40,3	13	75	150
3:11:20	75	40,3	13	75	150
3:11:30	75	40,3	13	75	150
3:11:40	75	40,3	13	75	150
3:11:50	75	40,3	13	75	150
3:12:00	75	40,3	13	75	150
3:12:10	75	40,3	14	75	150
3:12:20	75	40,3	14	75	150
3:12:30	75	40,3	14	75	150
3:12:40	75	40,3	14	75	150
3:12:50	75	40,3	14	75	150
3:13:00	75	40,3	14	75	150
3:13:10	75	40,4	14	75	150
3:13:20	75	40,4	14	75	150
3:13:30	75	40,4	14	75	150
3:13:40	75	40,4	14	75	150
3:13:50	75	40,4	14	75	150
3:14:00	75	40,4	14	75	150
3:14:10	75	40,4	14	75	150
3:14:20	75	40,4	14	75	150
3:14:30	75	40,4	14	75	150
3:14:40	75	40,4	14	75	150
3:14:50	75	40,4	14	75	150
3:15:00	75	40,4	14	75	150
3:15:10	75	40,4	14	75	150
3:15:20	75	40,5	15	75	150
3:15:30	75	40,5	15	75	150
3:15:40	75	40,5	15	75	150
3:15:50	75	40,5	15	75	150
3:16:00	75	40,5	15	75	150
3:16:10	75	40,5	15	75	150
3:16:20	75	40,5	15	76	150
3:16:30	75	40,5	16	75	150
3:16:40	75	40,5	16	75	150
3:16:50	75	40,5	16	75	150
3:17:00	75	40,5	16	76	150
3:17:10	75	40,5	16	76	150
3:17:20	75	40,5	16	76	150
3:17:30	75	40,5	16	76	150
3:17:40	75	40,5	16	76	150
3:17:50	75	40,5	17	76	150
3:18:00	75	40,6	17	76	150
3:18:10	75	40,6	17	76	150
3:18:20	75	40,6	17	76	150
3:18:30	75	40,6	17	76	150
3:18:40	75	40,6	17	76	150
3:18:50	75	40,6	17	76	150
3:19:00	75	40,6	17	76	150
3:19:10	75	40,6	18	76	150
3:19:20	75	40,6	18	76	150
3:19:30	75	40,6	18	76	150
3:19:40	75	40,6	19	76	150
3:19:50	75	40,6	19	76	150
3:20:00	75	40,6	19	76	150
3:20:10	75	40,6	19	76	150
3:20:20	75	40,6	20	76	150
3:20:30	75	40,6	20	76	150
3:20:40	75	40,6	20	76	150
3:20:50	75	40,6	21	76	150
3:21:00	75	40,7	21	76	150
3:21:10	75	40,7	21	76	150
3:21:20	75	40,7	22	76	150
3:21:30	75	40,7	22	76	150
3:21:40	75	40,7	23	76	150
3:21:50	75	40,7	23	76	150
3:22:00	75	40,7	24	76	150
3:22:10	75	40,7	24	76	150
3:22:20	75	40,7	24	76	150
3:22:30	75	40,7	25	76	150
3:22:40	75	40,7	25	76	150
3:22:50	75	40,7	26	76	150
3:23:00	75	40,7	26	76	150
3:23:10	75	40,7	26	76	150
3:23:20	75	40,7	27	76	150
3:23:30	75	40,7	27	76	150
3:23:40	75	40,7	28	76	150
3:23:50	75	40,7	28	76	150
3:24:00	75	40,6	29	76	150
3:24:10	75	40,6	29	75	150
3:24:20	75	40,6	29	76	150
3:24:30	75	40,6	30	76	150
3:24:40	75	40,6	31	76	150
3:24:50	75	40,6	31	76	150
3:25:00	75	40,6	32	76	150
3:25:10	75	40,6	32	76	150
3:25:20	75	40,6	33	76	150
3:25:30	75	40,6	33	75	150
3:25:40	75	40,6	34	75	150
3:25:50	75	40,6	35	75	150
3:26:00	75	40,6	36	75	150
3:26:10	75	40,6	36	75	150
3:26:20	75	40,6	37	75	150
3:26:30	75	40,6	37	75	150
3:26:40	75	40,6	38	75	150
3:26:50	75	40,5	38	75	150
3:27:00	75	40,5	39	75	150
3:27:10	75	40,5	40	75	150
3:27:20	75	40,5	41	75	150
3:27:30	75	40,5	42	75	150
3:27:40	75	40,5	43	75	150
3:27:50	75	40,5	43	75	150
3:28:00	75	40,5	44	75	150
3:28:10	75	40,4	44	75	150
3:28:20	75	40,4	45	75	150
3:28:30	75	40,4	46	75	150
3:28:40	75	40,4	48	75	150
3:28:50	75	40,4	49	75	150
3:29:00	75	40,4	49	75	150
3:29:10	75	40,4	49	75	150
3:29:20	75	40,3	49	75	150
3:29:30	75	40,3	49	75	150
3:29:40	75	40,3	49	75	150
3:29:50	75	40,3	49	75	150
3:30:00	75	40,3	49	75	150
3:30:10	75	40,3	49	75	150
3:30:20	75	40,3	49	75	150
3:30:30	75	40,2	50	75	150
3:30:40	75	40,2	50	75	150
3:30:50	75	40,2	50	75	150
3:31:00	75	40,2	50	75	150
3:31:10	75	40,2	50	75	150
3:31:20	75	40,2	51	75	150
3:31:30	75	40,2	51	75	150
3:31:40	75	40,1	51	75	150
3:31:50	75	40,1	52	75	150
3:32:00	75	40,1	52	74	150
3:32:10	75	40,1	53	75	150
3:32:20	75	40,1	53	75	150
3:32:30	75	40,1	54	75	150
3:32:40	75	40,1	54	74	150
3:32:50	75	40,0	54	75	150
3:33:00	75	40,0	54	74	150
3:33:10	75	40,0	54	74	150
3:33:20	75	40,0	55	74	150
3:33:30	75	40,0	55	74	150
3:33:40	75	40,0	55	74	150
3:33:50	75	40,0	55	74	150
3:34:00	75	40,0	55	74	150
3:34:10	75	40,0	56	74	150
3:34:20	75	40,0	56	74	150
3:34:30	75	40,0	56	74	150
3:34:40	75	40,0	56	74	150
3:34:50	75	40,0	56	74	150
3:35:00	75	40,0	56	74	150
3:35:10	75	40,0	56	74	150
3:35:20	75	40,0	56	74	150
3:35:30	75	40,0	56	74	150
3:35:40	75	40,0	56	74	150
3:35:50	75	40,3	57	74	150
3:36:00	75	40,3	57	74	150
3:36:10	75	40,3	57	74	150
3:36:20	75	40,3	57	74	150
3:36:30	75	40,3	57	74	150
3:36:40	75	40,3	57	74	150
3:36:50	75	40,3	58	74	150
3:37:00	75	40,3	58	74	150
3:37:10	75	40,3	58	74	150
3:37:20	75	40,2	58	74	150
3:37:30	75	40,3	58	74	150
3:37:40	75	40,3	58	74	150
3:37:50	75	40,3	58	74	150
3:38:00	75	40,3	58	74	150
3:38:10	75	40,3	58	74	150
3:38:20	75	40,3	58	74	150
3:38:30	75	40,3	58	75	150
3:38:40	75	40,3	58	74	150
3:38:50	75	40,3	57	74	150
3:39:00	75	40,3	57	74	150
3:39:10	75	40,3	57	75	150
3:39:20	75	40,3	57	74	150
3:39:30	75	40,3	57	75	150
3:39:40	75	40,3	56	75	150
3:39:50	75	40,3	55	75	150
3:40:00	75	40,3	55	75	150
3:40:10	75	40,3	54	75	150
3:40:20	75	40,4	54	75	150
3:40:30	75	40,4	53	75	150
3:40:40	75	40,4	52	75	150
3:40:50	75	40,4	52	75	150
3:41:00	75	40,4	52	75	150
3:41:10	75	40,4	52	75	150
3:41:20	75	40,4	51	75	150
3:41:30	75	40,4	51	75	150
3:41:40	75	40,4	51	75	150
3:41:50	75	40,5	51	75	150
3:42:00	75	40,5	50	75	150
3:42:10	75	40,5	50	75	150
3:42:20	75	40,5	49	75	150
3:42:30	75	40,5	49	75	150
3:42:40	75	40,5	49	75	150
3:42:50	75	40,5	49	75	150
3:43:00	75	40,5	49	75	150
3:43:10	75	40,6	49	75	150
3:43:20	75	40,6	49	75	150
3:43:30	75	40,6	48	75	150
3:43:40	75	40,6	48	75	150
3:43:50	75	40,6	48	75	150
3:44:00	75	40,6	48	75	150
3:44:10	75	40,6	48	75	150
3:44:20	75	40,7	48	75	150
3:44:30	75	40,7	48	75	150
3:44:40	75	40,7	48	75	150
3:44:50	75	40,7	48	75	150
3:45:00	75	40,7	48	76	150
3:45:10	75	40,7	48	76	150
3:45:20	75	40,8	48	76	150
3:45:30	75	40,8	48	76	150
3:45:40	75	40,8	48	76	150
3:45:50	75	40,8	48	76	150
3:46:00	75	40,8	48	76	150
3:46:10	75	40,8	48	76	150
3:46:20	75	40,8	48	76	150
3:46:30	75	40,8	48	76	150
3:46:40	75	40,9	48	76	150
3:46:50	75	40,9	48	76	150
3:47:00	75	40,9	48	76	150
3:47:10	75	40,9	48	76	150
3:47:20	75	40,9	48	76	150
3:47:30	75	40,9	48	76	150
3:47:40	75	40,9	48	76	150
3:47:50	75	40,9	48	76	150
3:48:00	75	40,9	48	76	150
3:48:10	75	40,9	48	76	150
3:48:20	75	40,9	48	76	150
3:48:30	75	40,9	48	76	150
3:48:40	75	41,0	48	76	150
3:48:50	75	41,0	48	76	150
3:49:00	75	41,0	48	76	150
3:49:10	75	41,0	48	76	150
3:49:20	75	41,0	48	76	150
3:49:30	75	41,0	48	76	150
3:49:40	75	41,0	48	76	150
3:49:50	75	41,0	48	76	150
3:50:00	75	41,0	48	76	150
3:50:10	75	41,0	48	76	150
3:50:20	75	41,0	48	76	150
3:50:30	75	41,0	48	76	150
3:50:40	75	41,0	48	76	150
3:50:50	75	41,0	48	76	150
3:51:00	75	41,0	49	76	150
3:51:10	75	41,0	49	76	150
3:51:20	75	41,0	49	76	150
3:51:30	75	41,0	49	76	150
3:51:40	75	41,0	49	76	150
3:51:50	75	41,0	49	76	150
3:52:00	75	41,0	50	76	150
3:52:10	75	40,9	50	76	150
3:52:20	75	40,9	50	76	150
3:52:30	75	40,9	50	76	150
3:52:40	75	40,9	50	76	150
3:52:50	75	40,9	51	76	150
3:53:00	75	40,9	51	76	150
3:53:10	75	40,9	51	76	150
3:53:20	75	40,9	51	76	150
3:53:30	75	40,8	51	76	150
3:53:40	75	40,8	51	76	150
3:53:50	75	40,8	51	76	150
3:54:00	75	40,8	51	76	150
3:54:10	75	40,7	51	75	150
3:54:20	75	40,7	51	76	150
3:54:30	75	40,7	51	75	150
3:54:40	75	40,7	51	75	150
3:54:50	75	40,6	52	75	150
3:55:00	75	40,6	52	75	150
3:55:10	75	40,6	52	75	150
3:55:20	75	40,5	52	75	150
3:55:30	75	40,5	52	75	150
3:55:40	75	40,4	53	75	150
3:55:50	75	40,4	53	75	150
3:56:00	75	40,4	53	75	150
3:56:10	75	40,3	53	75	150
3:56:20	75	40,3	53	75	150
3:56:30	75	40,3	53	75	150
3:56:40	75	40,2	53	75	150
3:56:50	75	40,2	54	74	150
3:57:00	75	40,1	54	74	150
3:57:10	75	40,1	54	74	150
3:57:20	75	40,1	54	74	150
3:57:30	75	40,0	55	74	150
3:57:40	75	40,0	56	74	150
3:57:50	75	40,0	56	74	150
3:58:00	75	40,0	56	74	150
3:58:10	75	40,2	57	74	150
3:58:20	75	40,2	57	74	150
3:58:30	75	40,1	57	74	150
3:58:40	75	40,1	58	73	150
3:58:50	75	40,0	58	73	150
3:59:00	75	39,9	58	73	150
3:59:10	75	40,0	59	73	150
3:59:20	75	40,0	59	73	150
3:59:30	75	40,0	59	73	150
3:59:40	75	40,2	59	73	150
3:59:50	75	40,2	59	73	150
4:00:00	75	40,1	59	72	150
4:00:10	75	40,0	60	72	150
4:00:20	75	40,0	60	72	150
4:00:30	75	40,1	60	72	150
4:00:40	75	40,2	60	72	150
4:00:50	75	40,1	60	72	150
4:01:00	75	40,1	61	72	150
4:01:10	75	40,0	61	72	150
4:01:20	75	40,0	61	72	150
4:01:30	75	40,0	61	72	150
4:01:40	75	40,0	62	72	150
4:01:50	75	40,0	62	72	150
4:02:00	75	40,0	62	72	150
4:02:10	75	40,0	62	71	150
4:02:20	75	40,2	63	71	150
4:02:30	75	40,2	63	71	150
4:02:40	75	40,1	63	71	150
4:02:50	75	40,1	63	71	150
4:03:00	75	40,0	63	71	150
4:03:10	75	40,0	64	71	150
4:03:20	75	40,0	64	71	150
4:03:30	75	40,0	64	71	150
4:03:40	75	40,1	64	71	150
4:03:50	75	40,0	64	71	150
4:04:00	75	40,0	64	71	150
4:04:10	75	40,2	64	71	150
4:04:20	75	40,2	64	71	150
4:04:30	75	40,2	65	71	150
4:04:40	75	40,1	65	71	150
4:04:50	75	40,1	65	71	150
4:05:00	75	40,0	65	71	150
4:05:10	75	40,0	65	71	150
4:05:20	75	39,9	65	71	150
4:05:30	75	40,2	65	71	150
4:05:40	75	40,1	66	70	150
4:05:50	75	40,1	66	70	150
4:06:00	75	40,0	66	70	150
4:06:10	75	40,0	66	70	150
4:06:20	75	40,0	67	70	150
4:06:30	75	40,1	67	70	150
4:06:40	75	40,1	68	70	150
4:06:50	75	40,1	68	70	150
4:07:00	75	40,1	68	70	150
4:07:10	75	40,1	68	70	150
4:07:20	75	40,0	68	70	150
4:07:30	75	40,0	68	70	150
4:07:40	75	40,0	68	70	150
4:07:50	75	40,0	69	70	150
4:08:00	75	40,0	69	71	150
4:08:10	75	40,0	69	71	150
4:08:20	75	40,1	69	71	150
4:08:30	75	40,1	69	71	150
4:08:40	75	40,1	69	71	150
4:08:50	75	40,1	70	71	150
4:09:00	75	40,1	70	71	150
4:09:10	75	40,1	70	71	150
4:09:20	75	40,1	70	71	150
4:09:30	75	40,2	70	71	150
