--Test Summary--
Full Path and File Name	
Instrument Name	7222
Instrument Type	Model 7222 Consistometer
Instrument Serial Number	
Test Start Date	01.06.2015
Test Start Time	12:38:21
Test Stop Date	01.06.2015
Test Stop Time	16:06:43
Test Length	3:28:22
Final Sample Time Offset	3:28:20
Controller Schedule Name	
Sampling Period	10 seconds
Comments	P: 20MPA (30min)
Information	WellID	Research
Information	Customer	Trican
Information	EngName	Aleksanyan Mikhail
Information	CementClass	100%G 
Information	CementMfr	Dyckerhoff - Suhoy Log
Information	Additives	1.5%TC-101+2%SMS
Information	Density	1520
Information	BHCT	25
Information	BHST	
Information	FluidLoss	
Information	JobType	
Calculated Value	Time_30Bc	N/A
Calculated Value	Time_70Bc	N/A
Initial Temperature (°C)	24 °C
Final Temperature (°C)	29 °C
Initial Pressure (MPa)	0,5 MPa
Final Pressure (MPa)	20,6 MPa
Initial Consistency (Bc)	24 Bc
Final Consistency (Bc)	22 Bc
--Data--
Time (HH:MM:SS)	Temperature (°C)	Pressure (MPa)	Consistency (Bc)
0:00:00	24	0,5	24
0:00:10	24	0,6	24
0:00:20	24	0,6	24
0:00:30	24	0,8	24
0:00:40	24	0,9	24
0:00:50	24	1,1	23
0:01:00	24	1,2	23
0:01:10	24	1,3	24
0:01:20	24	1,3	24
0:01:30	24	1,4	24
0:01:40	24	1,7	24
0:01:50	24	1,6	24
0:02:00	24	1,8	24
0:02:10	24	1,9	24
0:02:20	24	2,0	24
0:02:30	24	2,3	23
0:02:40	24	2,1	24
0:02:50	24	2,3	24
0:03:00	24	2,4	24
0:03:10	24	2,6	24
0:03:20	24	2,5	24
0:03:30	24	2,8	24
0:03:40	24	3,0	24
0:03:50	24	2,9	24
0:04:00	24	3,0	24
0:04:10	24	3,3	24
0:04:20	24	3,4	24
0:04:30	24	3,3	25
0:04:40	24	3,5	25
0:04:50	24	3,7	24
0:05:00	24	3,6	24
0:05:10	24	4,0	24
0:05:20	24	3,9	24
0:05:30	24	4,0	24
0:05:40	24	4,4	24
0:05:50	24	4,3	24
0:06:00	24	4,4	24
0:06:10	24	4,8	24
0:06:20	24	4,7	25
0:06:30	24	4,6	25
0:06:40	24	4,7	25
0:06:50	24	5,1	24
0:07:00	24	5,1	24
0:07:10	24	5,1	24
0:07:20	24	5,6	23
0:07:30	24	5,5	23
0:07:40	24	5,4	23
0:07:50	24	5,5	23
0:08:00	24	5,8	24
0:08:10	24	6,0	28
0:08:20	24	5,8	26
0:08:30	25	5,9	25
0:08:40	24	6,2	24
0:08:50	25	6,1	23
0:09:00	25	6,3	23
0:09:10	25	6,6	23
0:09:20	25	6,5	23
0:09:30	25	6,6	25
0:09:40	25	7,0	23
0:09:50	25	7,0	23
0:10:00	25	6,9	22
0:10:10	25	7,0	22
0:10:20	25	7,3	23
0:10:30	25	7,2	22
0:10:40	25	7,5	22
0:10:50	25	7,4	22
0:11:00	25	7,7	23
0:11:10	25	7,6	27
0:11:20	24	7,8	24
0:11:30	25	8,2	24
0:11:40	25	8,2	28
0:11:50	25	8,1	22
0:12:00	25	8,5	22
0:12:10	25	8,5	21
0:12:20	25	8,5	22
0:12:30	25	8,6	22
0:12:40	25	8,6	21
0:12:50	25	8,9	21
0:13:00	25	8,9	21
0:13:10	25	9,0	21
0:13:20	25	9,3	21
0:13:30	25	9,2	21
0:13:40	25	9,2	22
0:13:50	25	9,3	21
0:14:00	25	9,7	21
0:14:10	25	9,7	22
0:14:20	25	9,7	25
0:14:30	25	10,2	22
0:14:40	25	10,2	20
0:14:50	25	10,2	21
0:15:00	25	10,2	21
0:15:10	25	10,6	21
0:15:20	25	10,6	20
0:15:30	25	10,6	20
0:15:40	25	10,6	20
0:15:50	25	10,6	21
0:16:00	25	11,1	20
0:16:10	25	11,1	20
0:16:20	25	11,0	20
0:16:30	25	11,1	20
0:16:40	25	11,5	20
0:16:50	25	11,5	20
0:17:00	25	11,5	20
0:17:10	25	11,6	20
0:17:20	25	11,8	20
0:17:30	25	11,8	20
0:17:40	25	12,1	20
0:17:50	25	12,0	20
0:18:00	25	12,0	20
0:18:10	25	12,3	20
0:18:20	25	12,3	20
0:18:30	25	12,5	20
0:18:40	25	12,5	20
0:18:50	25	12,7	20
0:19:00	25	12,7	20
0:19:10	25	13,0	20
0:19:20	25	13,0	21
0:19:30	25	13,1	21
0:19:40	25	13,3	20
0:19:50	25	13,3	20
0:20:00	25	13,5	20
0:20:10	25	13,5	20
0:20:20	25	13,7	20
0:20:30	25	13,7	20
0:20:40	25	13,8	20
0:20:50	25	14,1	20
0:21:00	25	14,1	20
0:21:10	25	14,1	20
0:21:20	25	14,4	21
0:21:30	25	14,4	21
0:21:40	25	14,6	21
0:21:50	25	14,5	22
0:22:00	25	14,8	22
0:22:10	25	14,8	21
0:22:20	25	14,8	24
0:22:30	25	15,0	24
0:22:40	25	15,2	24
0:22:50	25	15,2	23
0:23:00	25	15,3	24
0:23:10	25	15,6	25
0:23:20	25	15,6	31
0:23:30	25	15,6	28
0:23:40	25	15,8	28
0:23:50	25	15,8	28
0:24:00	25	15,9	27
0:24:10	25	16,1	25
0:24:20	25	16,1	24
0:24:30	25	16,3	23
0:24:40	25	16,4	23
0:24:50	25	16,7	27
0:25:00	25	16,7	24
0:25:10	25	16,7	23
0:25:20	25	17,0	25
0:25:30	25	17,0	24
0:25:40	25	17,0	22
0:25:50	25	17,2	21
0:26:00	25	17,4	21
0:26:10	25	17,4	21
0:26:20	25	17,5	22
0:26:30	25	17,7	22
0:26:40	25	17,7	23
0:26:50	25	17,8	23
0:27:00	25	18,1	24
0:27:10	25	18,1	23
0:27:20	25	18,2	23
0:27:30	25	18,2	23
0:27:40	25	18,4	25
0:27:50	25	18,4	27
0:28:00	25	18,5	26
0:28:10	25	19,0	27
0:28:20	25	19,0	27
0:28:30	25	19,0	25
0:28:40	25	19,0	27
0:28:50	25	19,5	27
0:29:00	25	19,5	31
0:29:10	25	19,5	25
0:29:20	25	19,5	25
0:29:30	25	20,0	26
0:29:40	25	19,9	23
0:29:50	25	19,9	23
0:30:00	25	19,9	23
0:30:10	25	19,8	23
0:30:20	25	20,3	30
0:30:30	25	20,3	29
0:30:40	25	20,3	25
0:30:50	25	20,3	25
0:31:00	25	20,3	24
0:31:10	25	20,3	24
0:31:20	25	20,3	27
0:31:30	25	20,3	27
0:31:40	25	20,3	26
0:31:50	25	20,3	26
0:32:00	25	20,3	25
0:32:10	25	20,2	25
0:32:20	25	20,2	24
0:32:30	25	20,2	24
0:32:40	25	20,2	23
0:32:50	25	20,1	23
0:33:00	25	20,1	24
0:33:10	25	20,1	23
0:33:20	25	20,1	24
0:33:30	25	20,1	24
0:33:40	25	20,1	28
0:33:50	25	20,1	30
0:34:00	25	20,1	29
0:34:10	25	20,2	28
0:34:20	25	20,2	28
0:34:30	25	20,2	26
0:34:40	25	20,2	26
0:34:50	25	20,1	26
0:35:00	25	20,1	26
0:35:10	25	20,1	28
0:35:20	25	20,1	27
0:35:30	25	20,2	27
0:35:40	25	20,2	28
0:35:50	25	20,2	28
0:36:00	25	20,1	28
0:36:10	25	20,1	29
0:36:20	25	20,1	29
0:36:30	25	20,1	28
0:36:40	25	20,1	27
0:36:50	25	20,1	27
0:37:00	25	20,1	27
0:37:10	25	20,1	27
0:37:20	25	20,2	28
0:37:30	25	20,2	29
0:37:40	25	20,2	30
0:37:50	25	20,2	29
0:38:00	25	20,1	29
0:38:10	25	20,1	28
0:38:20	25	20,1	27
0:38:30	25	20,1	27
0:38:40	25	20,2	27
0:38:50	25	20,2	27
0:39:00	25	20,2	26
0:39:10	25	20,2	26
0:39:20	25	20,2	26
0:39:30	25	20,2	26
0:39:40	25	20,2	26
0:39:50	25	20,2	26
0:40:00	25	20,2	26
0:40:10	25	20,2	26
0:40:20	25	20,2	26
0:40:30	25	20,2	26
0:40:40	25	20,2	26
0:40:50	25	20,2	27
0:41:00	25	20,2	30
0:41:10	25	20,1	29
0:41:20	25	20,1	29
0:41:30	25	20,1	28
0:41:40	25	20,1	27
0:41:50	25	20,1	28
0:42:00	25	20,0	27
0:42:10	25	20,0	28
0:42:20	25	20,0	29
0:42:30	25	20,0	29
0:42:40	25	20,0	26
0:42:50	25	20,1	26
0:43:00	25	20,0	27
0:43:10	25	20,0	27
0:43:20	25	20,0	27
0:43:30	25	20,0	27
0:43:40	25	20,0	27
0:43:50	25	20,0	27
0:44:00	25	20,0	27
0:44:10	25	20,0	28
0:44:20	25	20,0	25
0:44:30	25	19,9	23
0:44:40	25	19,9	23
0:44:50	25	19,9	23
0:45:00	25	19,9	24
0:45:10	25	20,0	23
0:45:20	25	19,9	24
0:45:30	25	19,9	23
0:45:40	25	19,9	23
0:45:50	25	20,0	23
0:46:00	25	19,9	23
0:46:10	25	19,9	23
0:46:20	25	20,0	23
0:46:30	25	19,9	23
0:46:40	25	19,9	23
0:46:50	25	19,9	23
0:47:00	25	19,9	23
0:47:10	25	19,9	23
0:47:20	25	19,9	23
0:47:30	25	20,0	23
0:47:40	25	19,9	23
0:47:50	25	19,9	23
0:48:00	25	19,9	23
0:48:10	25	20,0	23
0:48:20	25	19,9	23
0:48:30	25	20,0	23
0:48:40	25	19,9	23
0:48:50	25	20,0	23
0:49:00	25	20,0	23
0:49:10	25	19,9	23
0:49:20	25	20,0	23
0:49:30	25	19,9	23
0:49:40	25	20,0	23
0:49:50	25	19,9	23
0:50:00	25	19,9	23
0:50:10	25	19,9	23
0:50:20	25	19,9	23
0:50:30	25	19,9	23
0:50:40	25	19,9	23
0:50:50	25	19,9	23
0:51:00	25	19,9	23
0:51:10	25	19,9	23
0:51:20	25	19,9	23
0:51:30	25	19,9	23
0:51:40	25	19,9	24
0:51:50	25	19,9	23
0:52:00	25	19,9	24
0:52:10	25	19,9	24
0:52:20	25	19,9	24
0:52:30	25	19,9	24
0:52:40	25	19,9	24
0:52:50	25	19,9	24
0:53:00	25	19,9	24
0:53:10	25	19,9	24
0:53:20	25	19,9	24
0:53:30	25	19,9	24
0:53:40	25	19,9	24
0:53:50	25	19,9	24
0:54:00	25	19,9	25
0:54:10	25	19,9	25
0:54:20	25	19,9	25
0:54:30	25	19,9	25
0:54:40	25	19,9	25
0:54:50	25	19,9	26
0:55:00	25	19,9	24
0:55:10	25	19,9	25
0:55:20	25	19,9	25
0:55:30	25	19,9	25
0:55:40	25	19,9	25
0:55:50	25	19,9	25
0:56:00	25	19,9	25
0:56:10	25	19,9	24
0:56:20	25	19,9	24
0:56:30	25	19,8	24
0:56:40	25	20,4	24
0:56:50	25	20,4	23
0:57:00	25	20,4	23
0:57:10	25	20,4	23
0:57:20	25	20,4	23
0:57:30	25	20,4	23
0:57:40	25	20,4	24
0:57:50	25	20,3	29
0:58:00	25	20,3	28
0:58:10	25	20,3	29
0:58:20	25	20,3	29
0:58:30	25	20,3	28
0:58:40	25	20,3	27
0:58:50	25	20,3	26
0:59:00	25	20,2	26
0:59:10	25	20,2	26
0:59:20	25	20,2	26
0:59:30	25	20,2	26
0:59:40	25	20,2	26
0:59:50	25	20,2	26
1:00:00	25	20,2	26
1:00:10	25	20,2	25
1:00:20	25	20,2	25
1:00:30	25	20,2	25
1:00:40	25	20,2	25
1:00:50	25	20,2	25
1:01:00	25	20,2	25
1:01:10	25	20,2	25
1:01:20	25	20,2	25
1:01:30	25	20,2	25
1:01:40	25	20,2	25
1:01:50	25	20,2	25
1:02:00	25	20,2	25
1:02:10	25	20,2	25
1:02:20	25	20,2	25
1:02:30	25	20,2	25
1:02:40	25	20,2	25
1:02:50	25	20,2	24
1:03:00	25	20,2	24
1:03:10	25	20,2	24
1:03:20	25	20,2	24
1:03:30	26	20,2	24
1:03:40	25	20,2	24
1:03:50	25	20,2	24
1:04:00	26	20,2	24
1:04:10	25	20,2	24
1:04:20	26	20,2	24
1:04:30	26	20,2	24
1:04:40	26	20,2	24
1:04:50	26	20,2	24
1:05:00	26	20,2	24
1:05:10	26	20,2	24
1:05:20	26	20,2	24
1:05:30	26	20,2	24
1:05:40	26	20,2	24
1:05:50	26	20,3	24
1:06:00	26	20,3	24
1:06:10	26	20,3	24
1:06:20	25	20,3	24
1:06:30	26	20,3	24
1:06:40	26	20,3	23
1:06:50	26	20,3	24
1:07:00	26	20,3	24
1:07:10	26	20,3	24
1:07:20	26	20,3	24
1:07:30	26	20,3	24
1:07:40	26	20,3	24
1:07:50	26	20,3	23
1:08:00	26	20,3	23
1:08:10	26	20,3	23
1:08:20	26	20,3	23
1:08:30	26	20,3	23
1:08:40	26	20,3	23
1:08:50	26	20,3	23
1:09:00	26	20,3	23
1:09:10	26	20,3	23
1:09:20	26	20,3	23
1:09:30	26	20,3	23
1:09:40	26	20,3	23
1:09:50	26	20,3	23
1:10:00	26	20,3	23
1:10:10	26	20,3	23
1:10:20	26	20,3	23
1:10:30	26	20,3	23
1:10:40	26	20,3	29
1:10:50	26	20,3	29
1:11:00	26	20,3	29
1:11:10	26	20,3	28
1:11:20	26	20,3	28
1:11:30	26	20,3	28
1:11:40	26	20,3	28
1:11:50	26	20,3	28
1:12:00	26	20,3	28
1:12:10	26	20,3	28
1:12:20	26	20,3	28
1:12:30	26	20,3	28
1:12:40	26	20,3	28
1:12:50	26	20,3	28
1:13:00	26	20,3	28
1:13:10	26	20,3	28
1:13:20	26	20,3	28
1:13:30	26	20,3	29
1:13:40	26	20,3	28
1:13:50	26	20,3	29
1:14:00	26	20,3	29
1:14:10	26	20,3	29
1:14:20	26	20,3	29
1:14:30	26	20,3	29
1:14:40	26	20,3	29
1:14:50	26	20,3	29
1:15:00	26	20,3	28
1:15:10	26	20,3	28
1:15:20	26	20,3	28
1:15:30	26	20,3	27
1:15:40	26	20,3	27
1:15:50	26	20,3	26
1:16:00	26	20,3	26
1:16:10	26	20,3	26
1:16:20	26	20,3	25
1:16:30	26	20,3	25
1:16:40	26	20,3	25
1:16:50	26	20,3	25
1:17:00	26	20,3	25
1:17:10	26	20,3	25
1:17:20	26	20,3	25
1:17:30	26	20,3	25
1:17:40	26	20,3	25
1:17:50	26	20,3	25
1:18:00	26	20,3	25
1:18:10	26	20,3	25
1:18:20	26	20,3	25
1:18:30	26	20,3	25
1:18:40	26	20,3	25
1:18:50	26	20,3	25
1:19:00	26	20,3	25
1:19:10	26	20,3	25
1:19:20	26	20,3	25
1:19:30	26	20,3	25
1:19:40	26	20,3	25
1:19:50	26	20,3	25
1:20:00	26	20,3	25
1:20:10	26	20,3	25
1:20:20	26	20,3	25
1:20:30	26	20,3	25
1:20:40	26	20,3	25
1:20:50	26	20,3	25
1:21:00	26	20,3	25
1:21:10	26	20,3	25
1:21:20	26	20,3	25
1:21:30	26	20,3	25
1:21:40	26	20,3	24
1:21:50	26	20,3	28
1:22:00	26	20,3	28
1:22:10	26	20,3	28
1:22:20	26	20,3	28
1:22:30	26	20,3	28
1:22:40	26	20,3	28
1:22:50	26	20,3	28
1:23:00	26	20,4	28
1:23:10	26	20,4	28
1:23:20	26	20,4	28
1:23:30	26	20,4	28
1:23:40	26	20,4	28
1:23:50	26	20,4	28
1:24:00	26	20,4	28
1:24:10	26	20,4	28
1:24:20	26	20,4	28
1:24:30	26	20,4	28
1:24:40	26	20,4	27
1:24:50	26	20,4	27
1:25:00	26	20,4	26
1:25:10	26	20,4	23
1:25:20	26	20,4	24
1:25:30	26	20,4	24
1:25:40	26	20,4	24
1:25:50	26	20,4	24
1:26:00	26	20,4	24
1:26:10	26	20,4	24
1:26:20	26	20,4	24
1:26:30	26	20,4	24
1:26:40	26	20,4	24
1:26:50	26	20,4	24
1:27:00	26	20,4	24
1:27:10	26	20,4	24
1:27:20	26	20,4	24
1:27:30	26	20,4	24
1:27:40	26	20,4	24
1:27:50	26	20,4	24
1:28:00	26	20,4	24
1:28:10	26	20,4	24
1:28:20	26	20,4	24
1:28:30	26	20,4	24
1:28:40	26	20,4	24
1:28:50	26	20,4	24
1:29:00	26	20,4	24
1:29:10	26	20,4	24
1:29:20	26	20,4	24
1:29:30	26	20,4	24
1:29:40	26	20,4	24
1:29:50	26	20,4	24
1:30:00	26	20,4	24
1:30:10	26	20,4	24
1:30:20	26	20,4	24
1:30:30	26	20,4	24
1:30:40	26	20,4	24
1:30:50	26	20,4	24
1:31:00	26	20,4	24
1:31:10	26	20,4	24
1:31:20	26	20,4	24
1:31:30	26	20,4	24
1:31:40	26	20,4	24
1:31:50	26	20,4	24
1:32:00	26	20,4	24
1:32:10	26	20,4	24
1:32:20	26	20,4	24
1:32:30	26	20,4	24
1:32:40	26	20,5	24
1:32:50	26	20,4	24
1:33:00	26	20,5	24
1:33:10	26	20,5	24
1:33:20	26	20,5	24
1:33:30	26	20,5	24
1:33:40	26	20,5	24
1:33:50	26	20,5	24
1:34:00	26	20,5	24
1:34:10	26	20,5	24
1:34:20	26	20,5	24
1:34:30	26	20,5	24
1:34:40	26	20,5	24
1:34:50	26	20,5	24
1:35:00	26	20,5	24
1:35:10	26	20,5	24
1:35:20	26	20,5	24
1:35:30	26	20,5	24
1:35:40	26	20,5	24
1:35:50	26	20,5	24
1:36:00	26	20,5	24
1:36:10	26	20,5	24
1:36:20	26	20,5	24
1:36:30	26	20,5	24
1:36:40	26	20,5	24
1:36:50	26	20,5	24
1:37:00	26	20,5	24
1:37:10	26	20,5	24
1:37:20	26	20,5	24
1:37:30	26	20,5	24
1:37:40	26	20,5	24
1:37:50	26	20,5	24
1:38:00	26	20,5	24
1:38:10	26	20,5	24
1:38:20	26	20,5	24
1:38:30	26	20,5	24
1:38:40	26	20,5	24
1:38:50	26	20,5	24
1:39:00	26	20,5	24
1:39:10	26	20,5	24
1:39:20	26	20,5	24
1:39:30	26	20,5	24
1:39:40	26	20,5	24
1:39:50	26	20,5	24
1:40:00	26	20,5	24
1:40:10	26	20,5	24
1:40:20	26	20,5	24
1:40:30	26	20,5	24
1:40:40	26	20,5	24
1:40:50	26	20,5	24
1:41:00	26	20,5	24
1:41:10	26	20,5	24
1:41:20	26	20,5	24
1:41:30	26	20,5	24
1:41:40	26	20,5	24
1:41:50	26	20,5	24
1:42:00	26	20,5	24
1:42:10	26	20,5	24
1:42:20	26	20,5	24
1:42:30	26	20,5	24
1:42:40	26	20,5	24
1:42:50	26	20,5	24
1:43:00	26	20,5	24
1:43:10	26	20,5	24
1:43:20	26	20,5	24
1:43:30	26	20,5	24
1:43:40	26	20,5	24
1:43:50	26	20,5	24
1:44:00	26	20,5	24
1:44:10	26	20,5	24
1:44:20	26	20,5	24
1:44:30	26	20,5	24
1:44:40	26	20,6	24
1:44:50	26	20,5	24
1:45:00	26	20,6	24
1:45:10	26	20,6	24
1:45:20	26	20,6	24
1:45:30	26	20,6	24
1:45:40	26	20,6	24
1:45:50	26	20,6	24
1:46:00	26	20,6	24
1:46:10	26	20,6	24
1:46:20	26	20,6	24
1:46:30	26	20,6	24
1:46:40	26	20,6	24
1:46:50	26	20,6	24
1:47:00	26	20,6	24
1:47:10	26	20,6	24
1:47:20	26	20,6	24
1:47:30	26	20,6	24
1:47:40	26	20,6	24
1:47:50	26	20,6	24
1:48:00	26	20,6	24
1:48:10	26	20,6	24
1:48:20	26	20,6	24
1:48:30	26	20,6	24
1:48:40	26	20,6	24
1:48:50	26	20,6	24
1:49:00	26	20,6	24
1:49:10	26	20,6	24
1:49:20	26	20,6	24
1:49:30	27	20,6	24
1:49:40	26	20,6	24
1:49:50	27	20,6	24
1:50:00	27	20,6	24
1:50:10	27	20,6	24
1:50:20	27	20,6	24
1:50:30	27	20,6	24
1:50:40	27	20,6	24
1:50:50	27	20,6	24
1:51:00	27	20,6	24
1:51:10	27	20,6	24
1:51:20	27	20,6	24
1:51:30	27	20,6	24
1:51:40	27	20,6	24
1:51:50	27	20,6	24
1:52:00	27	20,6	24
1:52:10	27	20,6	24
1:52:20	27	20,6	24
1:52:30	27	20,6	24
1:52:40	27	20,6	24
1:52:50	27	20,6	24
1:53:00	27	20,6	24
1:53:10	27	20,6	24
1:53:20	27	20,6	24
1:53:30	27	20,6	24
1:53:40	27	20,6	24
1:53:50	27	20,6	24
1:54:00	27	20,7	24
1:54:10	27	20,7	24
1:54:20	27	20,7	24
1:54:30	27	20,7	24
1:54:40	27	20,7	24
1:54:50	27	20,7	24
1:55:00	27	20,7	24
1:55:10	27	20,7	24
1:55:20	27	20,7	24
1:55:30	27	20,7	24
1:55:40	27	20,7	24
1:55:50	27	20,7	24
1:56:00	27	20,7	24
1:56:10	27	20,7	24
1:56:20	27	20,7	24
1:56:30	27	20,7	24
1:56:40	27	20,7	24
1:56:50	27	20,7	24
1:57:00	27	20,7	24
1:57:10	27	20,7	24
1:57:20	27	20,7	24
1:57:30	27	20,7	24
1:57:40	27	20,7	24
1:57:50	27	20,7	24
1:58:00	27	20,7	24
1:58:10	27	20,7	24
1:58:20	27	20,7	24
1:58:30	27	20,7	24
1:58:40	27	20,7	24
1:58:50	27	20,7	24
1:59:00	27	20,7	24
1:59:10	27	20,7	24
1:59:20	27	20,7	24
1:59:30	27	20,7	24
1:59:40	27	20,7	24
1:59:50	27	20,7	24
2:00:00	27	20,7	24
2:00:10	27	20,7	24
2:00:20	27	20,7	24
2:00:30	27	20,7	24
2:00:40	27	20,7	24
2:00:50	27	20,7	24
2:01:00	27	20,7	24
2:01:10	27	20,7	24
2:01:20	27	20,7	24
2:01:30	27	20,7	24
2:01:40	27	20,7	24
2:01:50	27	20,7	24
2:02:00	27	20,7	24
2:02:10	27	20,7	24
2:02:20	27	20,7	24
2:02:30	27	20,7	24
2:02:40	27	20,7	24
2:02:50	27	20,7	24
2:03:00	27	20,7	24
2:03:10	27	20,7	24
2:03:20	27	20,7	24
2:03:30	27	20,7	24
2:03:40	27	20,7	24
2:03:50	27	20,7	24
2:04:00	27	20,7	24
2:04:10	27	20,7	24
2:04:20	27	20,7	24
2:04:30	27	20,7	24
2:04:40	27	20,7	24
2:04:50	27	20,7	24
2:05:00	27	20,7	24
2:05:10	27	20,8	24
2:05:20	27	20,8	24
2:05:30	27	20,8	24
2:05:40	27	20,8	24
2:05:50	27	20,8	24
2:06:00	27	20,8	24
2:06:10	27	20,8	24
2:06:20	27	20,8	24
2:06:30	27	20,8	24
2:06:40	27	20,8	24
2:06:50	27	20,8	24
2:07:00	27	20,8	24
2:07:10	27	20,8	24
2:07:20	27	20,8	24
2:07:30	27	20,8	24
2:07:40	27	20,8	24
2:07:50	27	20,8	24
2:08:00	27	20,8	24
2:08:10	27	20,8	24
2:08:20	27	20,8	24
2:08:30	27	20,8	24
2:08:40	27	20,8	24
2:08:50	27	20,8	24
2:09:00	27	20,8	24
2:09:10	27	20,8	24
2:09:20	27	20,8	24
2:09:30	27	20,8	24
2:09:40	27	20,8	24
2:09:50	27	20,8	24
2:10:00	27	20,8	24
2:10:10	27	20,8	24
2:10:20	27	20,8	24
2:10:30	27	20,8	24
2:10:40	27	20,8	24
2:10:50	27	20,8	24
2:11:00	27	20,8	24
2:11:10	27	20,8	24
2:11:20	27	20,8	24
2:11:30	27	20,8	24
2:11:40	27	20,8	24
2:11:50	27	20,8	24
2:12:00	27	20,8	24
2:12:10	27	20,8	24
2:12:20	27	20,8	24
2:12:30	27	20,8	24
2:12:40	27	20,8	24
2:12:50	27	20,8	24
2:13:00	27	20,8	24
2:13:10	27	20,8	25
2:13:20	27	20,8	24
2:13:30	27	20,8	24
2:13:40	27	20,8	24
2:13:50	27	20,8	24
2:14:00	27	20,8	25
2:14:10	27	20,8	24
2:14:20	27	20,8	25
2:14:30	27	20,8	24
2:14:40	27	20,8	24
2:14:50	27	20,8	25
2:15:00	27	20,8	25
2:15:10	27	20,8	24
2:15:20	27	20,8	24
2:15:30	27	20,8	24
2:15:40	27	20,8	24
2:15:50	27	20,8	24
2:16:00	27	20,8	24
2:16:10	27	20,8	24
2:16:20	27	20,8	24
2:16:30	27	20,8	24
2:16:40	27	20,8	24
2:16:50	27	20,8	24
2:17:00	27	20,8	24
2:17:10	27	20,9	24
2:17:20	27	20,9	24
2:17:30	27	20,9	24
2:17:40	27	20,9	24
2:17:50	27	20,9	24
2:18:00	27	20,9	24
2:18:10	27	20,9	24
2:18:20	27	20,9	24
2:18:30	27	20,9	24
2:18:40	27	20,9	24
2:18:50	27	20,9	24
2:19:00	27	20,4	24
2:19:10	27	20,4	24
2:19:20	27	20,4	24
2:19:30	27	20,4	24
2:19:40	27	20,4	24
2:19:50	27	20,4	24
2:20:00	27	20,4	24
2:20:10	27	20,4	24
2:20:20	27	20,4	24
2:20:30	27	20,4	24
2:20:40	27	20,4	24
2:20:50	27	20,4	24
2:21:00	27	20,4	24
2:21:10	27	20,4	24
2:21:20	27	20,4	24
2:21:30	27	20,4	24
2:21:40	27	20,4	24
2:21:50	27	20,4	24
2:22:00	27	20,4	24
2:22:10	27	20,4	24
2:22:20	27	20,4	24
2:22:30	27	20,4	24
2:22:40	27	20,4	24
2:22:50	27	20,4	24
2:23:00	27	20,4	24
2:23:10	27	20,4	24
2:23:20	27	20,4	24
2:23:30	27	20,4	24
2:23:40	27	20,4	24
2:23:50	27	20,5	24
2:24:00	27	20,5	24
2:24:10	27	20,5	24
2:24:20	27	20,5	24
2:24:30	27	20,5	24
2:24:40	27	20,5	24
2:24:50	27	20,5	24
2:25:00	27	20,5	24
2:25:10	27	20,5	24
2:25:20	27	20,5	24
2:25:30	27	20,5	24
2:25:40	27	20,5	24
2:25:50	27	20,5	24
2:26:00	27	20,5	24
2:26:10	27	20,5	24
2:26:20	27	20,5	24
2:26:30	27	20,5	24
2:26:40	27	20,5	24
2:26:50	27	20,5	24
2:27:00	27	20,5	24
2:27:10	27	20,5	24
2:27:20	27	20,5	24
2:27:30	27	20,5	24
2:27:40	27	20,5	24
2:27:50	27	20,5	24
2:28:00	27	20,5	24
2:28:10	27	20,5	24
2:28:20	27	20,5	24
2:28:30	27	20,5	24
2:28:40	27	20,5	24
2:28:50	27	20,5	24
2:29:00	27	20,5	24
2:29:10	27	20,5	24
2:29:20	27	20,5	24
2:29:30	27	20,5	24
2:29:40	27	20,5	24
2:29:50	27	20,5	24
2:30:00	27	20,5	24
2:30:10	27	20,5	24
2:30:20	27	20,5	24
2:30:30	27	20,5	24
2:30:40	27	20,5	24
2:30:50	27	20,5	24
2:31:00	27	20,5	24
2:31:10	27	20,5	24
2:31:20	27	20,5	24
2:31:30	27	20,5	24
2:31:40	27	20,5	24
2:31:50	27	20,5	24
2:32:00	27	20,5	24
2:32:10	27	20,5	24
2:32:20	27	20,5	24
2:32:30	27	20,5	24
2:32:40	27	20,5	24
2:32:50	27	20,5	24
2:33:00	27	20,5	24
2:33:10	28	20,5	24
2:33:20	28	20,5	24
2:33:30	28	20,5	24
2:33:40	28	20,5	24
2:33:50	28	20,5	24
2:34:00	28	20,5	24
2:34:10	28	20,5	24
2:34:20	28	20,5	24
2:34:30	28	20,5	24
2:34:40	28	20,5	24
2:34:50	28	20,5	24
2:35:00	28	20,5	24
2:35:10	28	20,5	24
2:35:20	28	20,5	24
2:35:30	28	20,5	24
2:35:40	28	20,5	24
2:35:50	28	20,5	24
2:36:00	28	20,5	24
2:36:10	28	20,5	24
2:36:20	28	20,5	24
2:36:30	28	20,5	24
2:36:40	28	20,5	24
2:36:50	28	20,5	24
2:37:00	28	20,5	24
2:37:10	28	20,5	24
2:37:20	28	20,5	24
2:37:30	28	20,6	24
2:37:40	28	20,6	24
2:37:50	28	20,6	24
2:38:00	28	20,6	24
2:38:10	28	20,6	24
2:38:20	28	20,6	24
2:38:30	28	20,6	24
2:38:40	28	20,6	24
2:38:50	28	20,6	24
2:39:00	28	20,6	24
2:39:10	28	20,6	24
2:39:20	28	20,6	24
2:39:30	28	20,6	24
2:39:40	28	20,6	24
2:39:50	28	20,6	24
2:40:00	28	20,6	24
2:40:10	28	20,6	24
2:40:20	28	20,6	24
2:40:30	28	20,6	24
2:40:40	28	20,6	24
2:40:50	28	20,6	24
2:41:00	28	20,6	24
2:41:10	28	20,6	24
2:41:20	28	20,6	24
2:41:30	28	20,6	24
2:41:40	28	20,6	23
2:41:50	28	20,6	23
2:42:00	28	20,6	24
2:42:10	28	20,6	24
2:42:20	28	20,6	24
2:42:30	28	20,6	24
2:42:40	28	20,6	24
2:42:50	28	20,6	24
2:43:00	28	20,6	24
2:43:10	28	20,6	24
2:43:20	28	20,6	24
2:43:30	28	20,6	24
2:43:40	28	20,6	24
2:43:50	28	20,6	24
2:44:00	28	20,6	24
2:44:10	28	20,6	24
2:44:20	28	20,6	24
2:44:30	28	20,6	24
2:44:40	28	20,6	24
2:44:50	28	20,6	24
2:45:00	28	20,6	24
2:45:10	28	20,6	24
2:45:20	28	20,6	24
2:45:30	28	20,6	24
2:45:40	28	20,6	24
2:45:50	28	20,6	24
2:46:00	28	20,6	24
2:46:10	28	20,6	24
2:46:20	28	20,6	24
2:46:30	28	20,6	24
2:46:40	28	20,6	24
2:46:50	28	20,6	24
2:47:00	28	20,6	24
2:47:10	28	20,6	24
2:47:20	28	20,6	24
2:47:30	28	20,6	24
2:47:40	28	20,6	24
2:47:50	28	20,6	24
2:48:00	28	20,6	24
2:48:10	28	20,6	24
2:48:20	28	20,6	24
2:48:30	28	20,6	24
2:48:40	28	20,6	24
2:48:50	28	20,6	24
2:49:00	28	20,6	24
2:49:10	28	20,6	24
2:49:20	28	20,6	24
2:49:30	28	20,6	24
2:49:40	28	20,6	24
2:49:50	28	20,6	24
2:50:00	28	20,6	24
2:50:10	28	20,6	24
2:50:20	28	20,6	24
2:50:30	28	20,6	24
2:50:40	28	20,6	24
2:50:50	28	20,6	24
2:51:00	28	20,6	24
2:51:10	28	20,6	24
2:51:20	28	20,6	24
2:51:30	28	20,6	24
2:51:40	28	20,6	24
2:51:50	28	20,6	24
2:52:00	28	20,6	24
2:52:10	28	20,6	24
2:52:20	28	20,6	24
2:52:30	28	20,6	24
2:52:40	28	20,6	24
2:52:50	28	20,6	24
2:53:00	28	20,6	24
2:53:10	28	20,6	24
2:53:20	28	20,6	24
2:53:30	28	20,6	24
2:53:40	28	20,6	24
2:53:50	28	20,6	24
2:54:00	28	20,6	24
2:54:10	28	20,6	24
2:54:20	28	20,6	24
2:54:30	28	20,6	24
2:54:40	28	20,6	24
2:54:50	28	20,6	24
2:55:00	28	20,6	24
2:55:10	28	20,6	24
2:55:20	28	20,6	24
2:55:30	28	20,6	24
2:55:40	28	20,6	24
2:55:50	28	20,6	24
2:56:00	28	20,6	24
2:56:10	28	20,6	24
2:56:20	28	20,6	24
2:56:30	28	20,6	24
2:56:40	28	20,6	24
2:56:50	28	20,6	24
2:57:00	28	20,6	24
2:57:10	28	20,6	23
2:57:20	28	20,6	23
2:57:30	28	20,6	23
2:57:40	28	20,6	23
2:57:50	28	20,6	23
2:58:00	28	20,6	23
2:58:10	28	20,6	24
2:58:20	28	20,6	24
2:58:30	28	20,6	24
2:58:40	28	20,6	24
2:58:50	28	20,6	24
2:59:00	28	20,6	24
2:59:10	28	20,6	24
2:59:20	28	20,6	24
2:59:30	28	20,6	24
2:59:40	28	20,6	24
2:59:50	28	20,6	24
3:00:00	28	20,6	24
3:00:10	28	20,6	24
3:00:20	28	20,6	24
3:00:30	28	20,6	24
3:00:40	28	20,6	24
3:00:50	28	20,6	24
3:01:00	28	20,6	24
3:01:10	28	20,6	24
3:01:20	28	20,6	24
3:01:30	28	20,6	24
3:01:40	28	20,6	24
3:01:50	28	20,6	24
3:02:00	28	20,6	24
3:02:10	28	20,6	24
3:02:20	28	20,6	24
3:02:30	28	20,6	24
3:02:40	28	20,6	24
3:02:50	28	20,6	24
3:03:00	28	20,6	24
3:03:10	28	20,6	24
3:03:20	28	20,6	24
3:03:30	28	20,6	24
3:03:40	28	20,6	24
3:03:50	28	20,6	24
3:04:00	28	20,6	24
3:04:10	28	20,6	24
3:04:20	28	20,6	24
3:04:30	28	20,6	24
3:04:40	28	20,6	23
3:04:50	28	20,6	23
3:05:00	28	20,6	23
3:05:10	28	20,7	23
3:05:20	28	20,6	23
3:05:30	28	20,6	23
3:05:40	28	20,6	23
3:05:50	28	20,6	23
3:06:00	28	20,6	23
3:06:10	28	20,6	24
3:06:20	28	20,6	23
3:06:30	28	20,6	23
3:06:40	28	20,6	23
3:06:50	28	20,6	23
3:07:00	28	20,6	23
3:07:10	28	20,6	23
3:07:20	28	20,6	23
3:07:30	28	20,6	23
3:07:40	28	20,6	23
3:07:50	28	20,6	23
3:08:00	28	20,6	23
3:08:10	28	20,6	23
3:08:20	28	20,6	23
3:08:30	28	20,6	23
3:08:40	28	20,6	23
3:08:50	28	20,6	23
3:09:00	28	20,6	23
3:09:10	28	20,6	23
3:09:20	28	20,6	23
3:09:30	28	20,6	23
3:09:40	28	20,6	23
3:09:50	28	20,6	23
3:10:00	28	20,6	23
3:10:10	28	20,6	23
3:10:20	28	20,6	23
3:10:30	28	20,6	23
3:10:40	28	20,6	23
3:10:50	28	20,6	23
3:11:00	28	20,6	23
3:11:10	28	20,6	23
3:11:20	28	20,6	23
3:11:30	28	20,6	23
3:11:40	28	20,6	23
3:11:50	28	20,6	23
3:12:00	28	20,7	23
3:12:10	28	20,7	23
3:12:20	28	20,7	23
3:12:30	28	20,6	23
3:12:40	28	20,6	23
3:12:50	28	20,6	23
3:13:00	28	20,6	23
3:13:10	28	20,6	23
3:13:20	28	20,6	23
3:13:30	28	20,6	23
3:13:40	28	20,6	23
3:13:50	28	20,6	23
3:14:00	28	20,6	23
3:14:10	28	20,6	23
3:14:20	28	20,6	23
3:14:30	28	20,6	23
3:14:40	28	20,6	23
3:14:50	28	20,6	23
3:15:00	28	20,6	23
3:15:10	28	20,6	23
3:15:20	28	20,6	23
3:15:30	28	20,6	23
3:15:40	28	20,6	23
3:15:50	28	20,6	23
3:16:00	28	20,6	23
3:16:10	28	20,6	23
3:16:20	28	20,6	23
3:16:30	28	20,6	23
3:16:40	28	20,6	23
3:16:50	28	20,6	23
3:17:00	28	20,6	23
3:17:10	28	20,6	23
3:17:20	28	20,6	23
3:17:30	28	20,6	23
3:17:40	28	20,6	23
3:17:50	28	20,6	23
3:18:00	28	20,6	23
3:18:10	28	20,6	23
3:18:20	28	20,6	23
3:18:30	28	20,6	23
3:18:40	28	20,6	23
3:18:50	28	20,6	23
3:19:00	28	20,6	23
3:19:10	28	20,6	23
3:19:20	28	20,6	23
3:19:30	28	20,6	23
3:19:40	28	20,6	23
3:19:50	28	20,6	23
3:20:00	28	20,6	23
3:20:10	29	20,6	23
3:20:20	28	20,6	23
3:20:30	28	20,6	22
3:20:40	29	20,6	23
3:20:50	28	20,6	23
3:21:00	29	20,6	23
3:21:10	29	20,6	22
3:21:20	29	20,6	22
3:21:30	29	20,6	23
3:21:40	29	20,6	22
3:21:50	29	20,6	22
3:22:00	29	20,6	22
3:22:10	29	20,6	22
3:22:20	29	20,6	22
3:22:30	29	20,6	22
3:22:40	29	20,6	22
3:22:50	29	20,6	22
3:23:00	29	20,6	22
3:23:10	29	20,6	22
3:23:20	29	20,6	22
3:23:30	29	20,6	22
3:23:40	29	20,6	22
3:23:50	29	20,6	22
3:24:00	29	20,6	23
3:24:10	29	20,6	23
3:24:20	29	20,6	22
3:24:30	29	20,6	22
3:24:40	29	20,6	22
3:24:50	29	20,6	23
3:25:00	29	20,6	23
3:25:10	29	20,6	23
3:25:20	29	20,6	23
3:25:30	29	20,6	22
3:25:40	29	20,6	22
3:25:50	29	20,6	22
3:26:00	29	20,6	22
3:26:10	29	20,6	22
3:26:20	29	20,6	22
3:26:30	29	20,6	22
3:26:40	29	20,6	22
3:26:50	29	20,6	22
3:27:00	29	20,6	22
3:27:10	29	20,6	22
3:27:20	29	20,6	22
3:27:30	29	20,6	22
3:27:40	29	20,6	22
3:27:50	29	20,6	22
3:28:00	29	20,6	22
3:28:10	29	20,6	22
3:28:20	29	20,6	22
