--Test Summary--
Full Path and File Name	
Instrument Name	7322
Instrument Type	Model 7322 Consistometer - Variable Speed
Instrument Serial Number	
Test Start Date	16.04.2015
Test Start Time	14:33:24
Test Stop Date	16.04.2015
Test Stop Time	16:00:35
Test Length	1:27:11
Final Sample Time Offset	1:27:08
Controller Schedule Name	
Sampling Period	10 seconds
Comments	API Test T: 52C (28min); P: 36.5MPa (28min). 1. 150rpm (75min)
                                                                           2. Cycles - 0rpm for 1min, 1rpm for 2min
Information	WellID	Research
Information	Customer	Trican
Information	EngName	Aleksanyan Mikhail
Information	CementClass	100%G
Information	CementMfr	Dyckerhoff - Suhoy Log
Information	Additives	
Information	Density	
Information	BHCT	
Information	BHST	
Information	FluidLoss	
Information	JobType	
Calculated Value	Time_30Bc	0:06:10
Calculated Value	Time_70Bc	1:26:20
Initial Temperature (°C)	29 °C
Final Temperature (°C)	54 °C
Initial Pressure (MPa)	0,4 MPa
Final Pressure (MPa)	35,9 MPa
Initial Consistency (Bc)	17 Bc
Final Consistency (Bc)	1 Bc
Initial Wall Temperature (°C)	31 °C
Final Wall Temperature (°C)	48 °C
Initial Motor Speed (RPM)	150 RPM
Final Motor Speed (RPM)	150 RPM
--Data--
Time (HH:MM:SS)	Temperature (°C)	Pressure (MPa)	Consistency (Bc)	Wall Temperature (°C)	Motor Speed (RPM)
0:00:00	29	0,4	17	31	150
0:00:10	29	0,5	18	31	150
0:00:20	29	0,8	19	32	150
0:00:30	29	0,9	14	32	150
0:00:40	29	1,1	19	32	150
0:00:50	29	1,5	19	32	150
0:01:00	29	1,6	19	32	150
0:01:10	29	2,0	17	32	150
0:01:20	30	2,0	20	32	150
0:01:30	30	2,4	20	32	150
0:01:40	30	2,5	18	32	150
0:01:50	30	2,6	19	32	150
0:02:00	30	3,1	21	32	150
0:02:10	30	3,1	18	32	150
0:02:20	30	3,2	19	32	150
0:02:30	30	3,8	18	33	150
0:02:40	30	3,8	18	33	150
0:02:50	31	3,9	20	33	150
0:03:00	31	4,4	25	33	150
0:03:10	31	4,4	24	33	150
0:03:20	31	4,5	21	33	150
0:03:30	31	5,0	18	33	150
0:03:40	31	5,0	19	33	150
0:03:50	31	5,2	23	33	150
0:04:00	31	5,6	21	33	150
0:04:10	31	5,7	22	33	150
0:04:20	31	5,8	23	33	150
0:04:30	31	6,2	22	34	150
0:04:40	31	6,3	21	34	150
0:04:50	32	6,4	21	34	150
0:05:00	32	6,7	20	34	150
0:05:10	32	7,3	18	35	150
0:05:20	32	7,4	20	35	150
0:05:30	32	7,5	15	35	150
0:05:40	32	7,7	27	36	150
0:05:50	32	7,8	30	36	150
0:06:00	32	7,9	31	36	150
0:06:10	32	8,4	37	36	150
0:06:20	33	8,5	34	36	150
0:06:30	33	8,6	22	36	150
0:06:40	33	8,8	27	36	150
0:06:50	33	9,2	41	37	150
0:07:00	33	9,3	40	37	150
0:07:10	33	9,4	41	37	150
0:07:20	33	9,9	35	37	150
0:07:30	34	10,0	32	37	150
0:07:40	34	10,0	27	37	150
0:07:50	34	10,4	32	37	150
0:08:00	34	10,7	33	37	150
0:08:10	34	10,7	34	37	150
0:08:20	34	10,9	31	38	150
0:08:30	34	11,4	33	38	150
0:08:40	35	11,4	33	38	150
0:08:50	35	11,5	32	38	150
0:09:00	35	12,0	31	38	150
0:09:10	35	12,2	32	38	150
0:09:20	35	12,3	36	39	150
0:09:30	35	12,4	35	39	150
0:09:40	35	12,9	34	39	150
0:09:50	35	13,1	34	39	150
0:10:00	36	13,1	24	39	150
0:10:10	36	13,2	19	39	150
0:10:20	36	13,7	36	40	150
0:10:30	36	13,9	33	40	150
0:10:40	36	14,0	40	40	150
0:10:50	36	14,1	21	40	150
0:11:00	36	14,6	47	40	150
0:11:10	37	14,7	21	40	150
0:11:20	37	14,8	33	41	150
0:11:30	37	14,9	37	41	150
0:11:40	37	15,5	29	41	150
0:11:50	37	15,5	22	41	150
0:12:00	37	15,6	20	41	150
0:12:10	37	15,8	21	41	150
0:12:20	38	16,3	22	42	150
0:12:30	38	16,4	20	42	150
0:12:40	38	16,4	17	42	150
0:12:50	38	16,7	17	42	150
0:13:00	38	17,1	16	42	150
0:13:10	38	17,2	17	42	150
0:13:20	38	17,2	17	42	150
0:13:30	39	17,8	13	42	150
0:13:40	39	17,9	12	42	150
0:13:50	39	17,9	13	43	150
0:14:00	39	18,4	11	43	150
0:14:10	39	18,6	14	43	150
0:14:20	39	18,7	12	43	150
0:14:30	39	18,8	12	43	150
0:14:40	40	19,3	9	43	150
0:14:50	40	19,4	11	44	150
0:15:00	40	19,5	10	44	150
0:15:10	40	19,6	10	44	150
0:15:20	40	19,8	8	44	150
0:15:30	40	20,3	11	44	150
0:15:40	40	20,4	11	44	150
0:15:50	40	20,5	11	44	150
0:16:00	41	20,7	10	45	150
0:16:10	41	21,2	10	45	150
0:16:20	41	21,3	11	45	150
0:16:30	41	21,4	10	45	150
0:16:40	41	21,5	10	45	150
0:16:50	41	22,0	11	45	150
0:17:00	41	22,1	11	46	150
0:17:10	42	22,2	9	46	150
0:17:20	42	22,3	8	46	150
0:17:30	42	22,8	10	46	150
0:17:40	42	22,9	9	46	150
0:17:50	42	23,0	11	46	150
0:18:00	42	23,6	11	46	150
0:18:10	43	23,6	9	46	150
0:18:20	43	23,7	10	47	150
0:18:30	43	23,8	10	47	150
0:18:40	43	24,4	11	47	150
0:18:50	43	24,5	11	47	150
0:19:00	43	24,6	12	47	150
0:19:10	43	24,7	10	47	150
0:19:20	43	25,3	10	48	150
0:19:30	44	25,3	9	48	150
0:19:40	44	25,4	11	48	150
0:19:50	44	25,5	11	48	150
0:20:00	44	25,9	10	48	150
0:20:10	44	26,0	11	48	150
0:20:20	44	26,4	10	49	150
0:20:30	44	26,5	10	49	150
0:20:40	45	26,6	9	49	150
0:20:50	45	27,1	8	49	150
0:21:00	45	27,2	11	49	150
0:21:10	45	27,3	11	49	150
0:21:20	45	27,4	8	49	150
0:21:30	45	27,9	11	50	150
0:21:40	45	28,0	12	50	150
0:21:50	46	28,1	8	50	150
0:22:00	46	28,3	10	50	150
0:22:10	46	28,5	12	50	150
0:22:20	46	28,9	9	50	150
0:22:30	46	29,0	11	50	150
0:22:40	46	29,1	10	51	150
0:22:50	46	29,4	10	51	150
0:23:00	47	29,8	9	51	150
0:23:10	47	29,9	10	51	150
0:23:20	47	30,0	10	51	150
0:23:30	47	30,3	9	51	150
0:23:40	47	30,4	10	51	150
0:23:50	47	30,8	10	51	150
0:24:00	47	30,9	8	52	150
0:24:10	48	31,2	10	52	150
0:24:20	48	31,3	10	52	150
0:24:30	48	31,6	11	52	150
0:24:40	48	31,8	9	53	150
0:24:50	48	31,9	10	53	150
0:25:00	48	32,4	11	53	150
0:25:10	48	32,5	11	53	150
0:25:20	49	32,6	10	53	150
0:25:30	49	32,7	10	53	150
0:25:40	49	33,1	9	53	150
0:25:50	49	33,2	8	53	150
0:26:00	49	33,5	8	54	150
0:26:10	49	33,6	8	54	150
0:26:20	49	33,8	9	54	150
0:26:30	50	34,3	8	54	150
0:26:40	50	34,4	10	54	150
0:26:50	50	34,5	9	54	150
0:27:00	50	34,6	7	55	150
0:27:10	50	35,0	7	55	150
0:27:20	50	35,1	8	55	150
0:27:30	50	35,4	9	55	150
0:27:40	51	35,5	10	55	150
0:27:50	51	36,1	8	55	150
0:28:00	51	36,2	8	55	150
0:28:10	51	36,2	7	56	150
0:28:20	51	36,3	11	56	150
0:28:30	51	36,4	12	55	150
0:28:40	51	36,4	11	56	150
0:28:50	51	36,4	11	55	150
0:29:00	52	36,4	11	55	150
0:29:10	52	36,4	10	55	150
0:29:20	52	36,4	10	55	150
0:29:30	52	36,4	8	55	150
0:29:40	52	36,4	10	55	150
0:29:50	52	36,3	10	55	150
0:30:00	52	36,2	9	54	150
0:30:10	52	36,2	8	54	150
0:30:20	52	36,1	8	54	150
0:30:30	52	36,0	8	54	150
0:30:40	52	36,0	9	53	150
0:30:50	52	35,9	8	53	150
0:31:00	53	35,9	9	53	150
0:31:10	53	36,3	10	53	150
0:31:20	53	36,3	7	53	150
0:31:30	53	36,3	10	53	150
0:31:40	53	36,2	8	53	150
0:31:50	53	36,2	10	53	150
0:32:00	53	36,3	8	53	150
0:32:10	53	36,3	8	53	150
0:32:20	53	36,3	10	53	150
0:32:30	53	36,3	8	53	150
0:32:40	53	36,3	8	53	150
0:32:50	53	36,4	8	53	150
0:33:00	53	36,4	8	53	150
0:33:10	53	36,4	9	53	150
0:33:20	53	36,4	8	53	150
0:33:30	52	36,4	10	53	150
0:33:40	52	36,4	10	53	150
0:33:50	52	36,4	9	53	150
0:34:00	52	36,4	7	53	150
0:34:10	53	36,4	9	53	150
0:34:20	53	36,4	10	53	150
0:34:30	52	36,4	8	53	150
0:34:40	52	36,4	8	53	150
0:34:50	53	36,4	8	53	150
0:35:00	52	36,4	10	53	150
0:35:10	53	36,4	8	53	150
0:35:20	52	36,4	10	53	150
0:35:30	52	36,4	10	53	150
0:35:40	52	36,4	9	53	150
0:35:50	52	36,4	8	53	150
0:36:00	52	36,4	9	53	150
0:36:10	52	36,4	8	53	150
0:36:20	52	36,4	9	53	150
0:36:30	52	36,4	9	53	150
0:36:40	52	36,4	7	53	150
0:36:50	52	36,4	8	53	150
0:37:00	52	36,4	8	53	150
0:37:10	52	36,4	8	53	150
0:37:20	52	36,4	7	53	150
0:37:30	52	36,4	7	53	150
0:37:40	52	36,4	8	53	150
0:37:50	52	36,4	10	53	150
0:38:00	52	36,4	8	53	150
0:38:10	52	36,4	8	53	150
0:38:20	52	36,4	8	53	150
0:38:30	52	36,4	8	53	150
0:38:40	52	36,4	8	53	150
0:38:50	52	36,4	9	52	150
0:39:00	52	36,4	8	52	150
0:39:10	52	36,4	8	52	150
0:39:20	52	36,4	6	52	150
0:39:30	52	36,4	6	53	150
0:39:40	52	36,4	5	53	150
0:39:50	52	36,4	5	53	150
0:40:00	52	36,5	6	53	150
0:40:10	52	36,5	9	53	150
0:40:20	52	36,5	7	53	150
0:40:30	52	36,5	9	53	150
0:40:40	52	36,5	7	53	150
0:40:50	52	36,5	6	53	150
0:41:00	52	36,5	6	52	150
0:41:10	52	36,5	6	52	150
0:41:20	52	36,5	6	53	150
0:41:30	52	36,5	6	52	150
0:41:40	52	36,5	7	52	150
0:41:50	52	36,4	10	52	150
0:42:00	52	36,4	7	52	150
0:42:10	52	36,4	8	52	150
0:42:20	52	36,4	7	52	150
0:42:30	52	36,4	8	52	150
0:42:40	52	36,5	7	52	150
0:42:50	52	36,5	8	52	150
0:43:00	52	36,5	10	52	150
0:43:10	52	36,5	8	52	150
0:43:20	52	36,5	8	52	150
0:43:30	52	36,5	8	52	150
0:43:40	52	36,5	8	53	150
0:43:50	52	36,6	5	52	150
0:44:00	52	36,6	11	53	150
0:44:10	52	36,5	10	52	150
0:44:20	52	36,6	9	52	150
0:44:30	52	36,6	8	52	150
0:44:40	52	36,6	7	52	150
0:44:50	52	36,6	9	52	150
0:45:00	52	36,6	7	52	150
0:45:10	52	36,5	8	52	150
0:45:20	52	36,5	8	52	150
0:45:30	52	36,5	9	52	150
0:45:40	52	36,5	9	52	150
0:45:50	52	36,5	10	52	150
0:46:00	52	36,5	7	52	150
0:46:10	52	36,5	7	52	150
0:46:20	52	36,5	7	52	150
0:46:30	52	36,6	8	52	150
0:46:40	52	36,6	8	52	150
0:46:50	52	36,6	9	52	150
0:47:00	52	36,6	8	52	150
0:47:10	52	36,6	8	52	150
0:47:20	52	36,6	8	52	150
0:47:30	52	36,6	6	52	150
0:47:40	52	36,6	7	52	150
0:47:50	52	36,6	7	52	150
0:48:00	52	36,6	8	52	150
0:48:10	52	36,6	6	52	150
0:48:20	52	36,6	7	52	150
0:48:30	52	36,6	7	52	150
0:48:40	52	36,6	5	52	150
0:48:50	52	36,6	8	52	150
0:49:00	52	36,6	7	52	150
0:49:10	52	36,6	6	52	150
0:49:20	52	36,6	8	52	150
0:49:30	52	36,6	6	52	150
0:49:40	52	36,7	6	52	150
0:49:50	52	36,6	7	52	150
0:50:00	52	36,6	6	52	150
0:50:10	52	36,6	6	52	150
0:50:20	52	36,6	6	52	150
0:50:30	52	36,6	7	52	150
0:50:40	52	36,6	4	52	150
0:50:50	52	36,6	6	52	150
0:51:00	52	36,6	8	52	150
0:51:10	52	36,6	9	52	150
0:51:20	52	36,6	9	52	150
0:51:30	52	36,6	8	52	150
0:51:40	52	36,7	10	52	150
0:51:50	52	36,6	6	52	150
0:52:00	52	36,6	6	52	150
0:52:10	52	36,7	8	52	150
0:52:20	52	36,7	5	52	150
0:52:30	52	36,7	6	52	150
0:52:40	52	36,7	5	52	150
0:52:50	52	36,7	7	52	150
0:53:00	52	36,7	4	52	150
0:53:10	52	36,7	4	52	150
0:53:20	52	36,7	5	52	150
0:53:30	52	36,7	6	52	150
0:53:40	52	36,7	7	52	150
0:53:50	52	36,7	5	52	150
0:54:00	52	36,7	6	52	150
0:54:10	52	36,7	7	52	150
0:54:20	52	36,7	5	52	150
0:54:30	52	36,7	8	52	150
0:54:40	52	36,7	5	52	150
0:54:50	52	36,7	8	52	150
0:55:00	52	36,7	7	52	150
0:55:10	52	36,7	6	52	150
0:55:20	52	36,7	6	52	150
0:55:30	52	36,7	8	52	150
0:55:40	52	36,7	6	52	150
0:55:50	52	36,7	8	52	150
0:56:00	52	36,7	6	52	150
0:56:10	52	36,7	6	52	150
0:56:20	52	36,7	6	52	150
0:56:30	52	36,8	8	52	150
0:56:40	52	36,8	6	52	150
0:56:50	52	36,7	6	52	150
0:57:00	52	36,7	6	52	150
0:57:10	52	36,7	8	52	150
0:57:20	52	36,8	6	52	150
0:57:30	52	36,8	7	52	150
0:57:40	52	36,8	5	52	150
0:57:50	52	36,8	8	52	150
0:58:00	52	36,7	8	52	150
0:58:10	52	36,8	7	52	150
0:58:20	52	36,8	9	52	150
0:58:30	52	36,8	7	52	150
0:58:40	52	36,7	8	52	150
0:58:50	52	36,7	5	52	150
0:59:00	52	36,7	6	52	150
0:59:10	52	36,7	6	52	150
0:59:20	52	36,7	7	52	150
0:59:30	52	36,7	7	52	150
0:59:40	52	36,7	6	52	150
0:59:50	52	36,7	7	52	150
1:00:00	52	36,7	5	52	150
1:00:10	52	36,7	6	52	150
1:00:20	52	36,7	5	52	150
1:00:30	52	36,7	6	52	150
1:00:40	52	36,8	4	52	150
1:00:50	52	36,8	5	52	150
1:01:00	52	36,8	7	52	150
1:01:10	52	36,7	7	52	150
1:01:20	52	36,7	5	52	150
1:01:30	52	36,7	6	52	150
1:01:40	52	36,8	6	52	150
1:01:50	52	36,8	7	52	150
1:02:00	52	36,8	5	52	150
1:02:10	52	36,8	6	52	150
1:02:20	52	36,8	6	52	150
1:02:30	52	36,8	5	52	150
1:02:40	52	36,8	7	52	150
1:02:50	52	36,8	7	52	150
1:03:00	52	36,7	7	52	150
1:03:10	52	36,7	5	52	150
1:03:20	52	36,7	6	52	150
1:03:30	52	36,7	6	52	150
1:03:40	52	36,7	6	52	150
1:03:50	52	36,7	6	52	150
1:04:00	52	36,7	7	52	150
1:04:10	52	36,7	7	52	150
1:04:20	52	36,7	4	52	150
1:04:30	52	36,7	8	52	150
1:04:40	52	36,7	7	52	150
1:04:50	52	36,7	6	52	150
1:05:00	52	36,7	7	52	150
1:05:10	52	36,7	6	52	150
1:05:20	52	36,7	5	52	150
1:05:30	52	36,7	4	52	150
1:05:40	52	36,7	5	52	150
1:05:50	52	36,7	6	52	150
1:06:00	52	36,7	9	52	150
1:06:10	52	36,7	6	52	150
1:06:20	52	36,7	7	52	150
1:06:30	52	36,7	5	52	150
1:06:40	52	36,7	5	52	150
1:06:50	52	36,7	7	52	150
1:07:00	52	36,7	5	52	150
1:07:10	52	36,7	7	52	150
1:07:20	52	36,7	9	52	150
1:07:30	52	36,6	8	52	150
1:07:40	52	36,6	4	52	150
1:07:50	52	36,6	7	52	150
1:08:00	52	36,6	7	52	150
1:08:10	52	36,6	5	52	150
1:08:20	52	36,6	7	52	150
1:08:30	52	36,6	8	52	150
1:08:40	52	36,6	9	52	150
1:08:50	52	36,6	9	51	150
1:09:00	52	36,6	8	52	150
1:09:10	52	36,6	5	52	150
1:09:20	52	36,6	6	51	150
1:09:30	52	36,6	6	52	150
1:09:40	52	36,6	5	52	150
1:09:50	52	36,6	7	52	150
1:10:00	52	36,6	7	52	150
1:10:10	52	36,6	8	52	150
1:10:20	52	36,6	7	52	150
1:10:30	52	36,6	8	52	150
1:10:40	52	36,6	9	52	150
1:10:50	52	36,6	8	52	150
1:11:00	52	36,6	6	52	150
1:11:10	52	36,6	5	51	150
1:11:20	52	36,6	9	52	150
1:11:30	52	36,5	5	51	150
1:11:40	52	36,5	7	52	150
1:11:50	52	36,5	7	51	150
1:12:00	52	36,5	7	52	150
1:12:10	52	36,5	4	52	150
1:12:20	52	36,5	5	52	150
1:12:30	52	36,5	8	52	150
1:12:40	52	36,5	8	52	150
1:12:50	52	36,5	6	52	150
1:13:00	52	36,5	9	52	150
1:13:10	52	36,5	5	52	150
1:13:20	52	36,5	8	51	150
1:13:30	52	36,5	5	51	150
1:13:40	52	36,5	5	51	150
1:13:50	52	36,5	7	51	150
1:14:00	52	36,5	5	51	150
1:14:10	52	36,5	7	51	150
1:14:20	52	36,5	6	51	150
1:14:30	52	36,4	7	51	150
1:14:40	52	36,4	10	51	150
1:14:50	52	36,4	3	51	150
1:15:00	52	36,4	4	51	150
1:15:10	52	36,4	4	51	0
1:15:20	52	36,4	13	51	0
1:15:30	52	36,3	13	51	0
1:15:40	52	36,3	13	51	0
1:15:50	52	36,3	13	51	0
1:16:00	52	36,3	13	51	0
1:16:10	52	36,3	9	51	0
1:16:20	52	36,2	15	51	0
1:16:30	52	36,2	16	51	0
1:16:40	52	36,1	19	51	0
1:16:50	52	36,1	23	51	0
1:17:00	52	36,0	18	51	0
1:17:10	52	36,0	27	51	0
1:17:20	52	36,0	24	51	0
1:17:30	52	36,0	23	51	0
1:17:40	52	36,1	32	51	0
1:17:50	52	36,1	34	51	0
1:18:00	53	36,1	35	51	0
1:18:10	53	36,0	35	51	0
1:18:20	53	36,0	35	51	0
1:18:30	53	36,2	35	51	0
1:18:40	53	36,2	35	51	0
1:18:50	53	36,1	35	51	0
1:19:00	53	36,1	35	51	0
1:19:10	53	36,1	26	51	0
1:19:20	53	36,0	29	51	0
1:19:30	53	36,0	38	50	0
1:19:40	53	36,0	37	50	0
1:19:50	53	36,0	40	50	0
1:20:00	53	36,0	42	50	0
1:20:10	53	36,3	44	50	0
1:20:20	53	36,3	45	50	0
1:20:30	53	36,3	46	50	0
1:20:40	53	36,3	46	50	0
1:20:50	53	36,3	49	50	0
1:21:00	53	36,2	50	50	0
1:21:10	53	36,2	51	50	0
1:21:20	53	36,2	51	50	0
1:21:30	53	36,1	51	50	0
1:21:40	53	36,1	51	50	0
1:21:50	53	36,1	51	50	0
1:22:00	53	36,1	51	50	0
1:22:10	53	36,1	51	49	0
1:22:20	53	36,0	34	50	0
1:22:30	53	36,0	52	49	0
1:22:40	53	36,0	55	50	0
1:22:50	54	36,0	55	49	0
1:23:00	54	36,0	54	49	0
1:23:10	54	36,4	54	49	0
1:23:20	54	36,3	35	49	0
1:23:30	54	36,3	14	49	0
1:23:40	54	36,3	61	49	0
1:23:50	54	36,3	47	49	0
1:24:00	54	36,2	64	49	0
1:24:10	54	36,2	63	49	0
1:24:20	54	36,2	63	49	0
1:24:30	54	36,2	64	49	0
1:24:40	54	36,2	64	49	0
1:24:50	54	36,1	64	49	0
1:25:00	54	36,1	64	49	0
1:25:10	54	36,1	64	49	0
1:25:20	54	36,1	65	49	0
1:25:30	54	36,1	59	49	0
1:25:40	54	36,1	69	49	0
1:25:50	54	36,0	69	49	0
1:26:00	54	36,0	41	49	0
1:26:10	54	36,0	71	49	0
1:26:20	54	36,0	72	49	0
1:26:58					
1:26:58					
1:27:08	54	35,9	1	48	150
