--Test Summary--
Full Path and File Name	
Instrument Name	7222
Instrument Type	Model 7222 Consistometer
Instrument Serial Number	
Test Start Date	17.03.2015
Test Start Time	11:10:12
Test Stop Date	17.03.2015
Test Stop Time	14:35:02
Test Length	3:24:50
Final Sample Time Offset	3:24:50
Controller Schedule Name	
Sampling Period	10 seconds
Comments	T: 75C (40min); P: 25MPa (40min)
Information	WellID	Research
Information	Customer	Trican
Information	EngName	Aleksanyan Mikhail
Information	CementClass	100% G+10%SF-2 (BWOC)
Information	CementMfr	Dyckerhoff - Suhoy Log
Information	Additives	0.75%CFA100 (bwow)+0.5%CFL-5+0.5%S-HEC(bwoc)
Information	Density	1700
Information	BHCT	75
Information	BHST	
Information	FluidLoss	
Information	JobType	
Calculated Value	Time_30Bc	0:13:20
Calculated Value	Time_70Bc	3:24:50
Initial Temperature (°C)	24 °C
Final Temperature (°C)	75 °C
Initial Pressure (MPa)	0,7 MPa
Final Pressure (MPa)	24,9 MPa
Initial Consistency (Bc)	22 Bc
Final Consistency (Bc)	72 Bc
--Data--
Time (HH:MM:SS)	Temperature (°C)	Pressure (MPa)	Consistency (Bc)
0:00:00	24	0,7	22
0:00:10	24	0,7	19
0:00:20	24	0,8	19
0:00:30	24	1,0	19
0:00:40	24	1,0	19
0:00:50	24	1,2	19
0:01:00	24	1,3	19
0:01:10	24	1,4	19
0:01:20	24	1,5	20
0:01:30	24	1,7	20
0:01:40	24	1,9	20
0:01:50	24	2,2	21
0:02:00	24	2,5	21
0:02:10	24	2,8	21
0:02:20	24	3,0	21
0:02:30	24	3,1	21
0:02:40	24	3,2	21
0:02:50	24	3,4	21
0:03:00	24	3,4	21
0:03:10	24	3,6	21
0:03:20	25	3,6	21
0:03:30	25	3,8	21
0:03:40	25	3,8	20
0:03:50	25	3,9	21
0:04:00	26	4,1	20
0:04:10	26	4,2	20
0:04:20	26	4,3	20
0:04:30	26	4,3	19
0:04:40	27	4,4	20
0:04:50	27	4,5	19
0:05:00	27	4,7	19
0:05:10	28	4,7	19
0:05:20	28	4,9	19
0:05:30	28	4,9	24
0:05:40	28	5,1	24
0:05:50	29	5,0	22
0:06:00	29	5,2	23
0:06:10	29	5,3	19
0:06:20	30	5,5	22
0:06:30	30	5,5	22
0:06:40	30	5,7	25
0:06:50	30	5,6	28
0:07:00	31	5,8	23
0:07:10	31	5,9	24
0:07:20	31	6,1	23
0:07:30	31	6,0	23
0:07:40	32	6,2	22
0:07:50	32	6,2	21
0:08:00	32	6,4	21
0:08:10	32	6,6	21
0:08:20	33	6,6	21
0:08:30	33	6,7	21
0:08:40	33	6,7	21
0:08:50	33	6,9	19
0:09:00	34	6,9	19
0:09:10	34	7,1	23
0:09:20	34	7,2	22
0:09:30	34	7,2	22
0:09:40	35	7,4	23
0:09:50	35	7,6	21
0:10:00	35	7,6	24
0:10:10	35	7,8	21
0:10:20	36	7,7	17
0:10:30	36	7,9	19
0:10:40	36	8,1	18
0:10:50	36	8,0	21
0:11:00	37	8,2	22
0:11:10	37	8,2	22
0:11:20	37	8,4	21
0:11:30	37	8,6	21
0:11:40	38	8,5	25
0:11:50	38	8,7	22
0:12:00	38	8,8	22
0:12:10	38	9,0	26
0:12:20	39	8,9	23
0:12:30	39	9,0	24
0:12:40	39	9,2	21
0:12:50	39	9,4	28
0:13:00	40	9,3	27
0:13:10	40	9,5	33
0:13:20	40	9,7	34
0:13:30	40	9,5	28
0:13:40	40	9,7	25
0:13:50	41	9,9	23
0:14:00	41	10,1	24
0:14:10	41	10,1	22
0:14:20	41	10,2	26
0:14:30	42	10,1	24
0:14:40	42	10,3	24
0:14:50	42	10,5	24
0:15:00	42	10,8	26
0:15:10	42	10,5	24
0:15:20	43	10,7	24
0:15:30	43	10,9	24
0:15:40	43	11,1	23
0:15:50	43	11,0	26
0:16:00	44	11,2	23
0:16:10	44	11,2	29
0:16:20	44	11,4	23
0:16:30	44	11,6	23
0:16:40	44	11,5	26
0:16:50	45	11,8	25
0:17:00	45	11,6	25
0:17:10	45	11,8	26
0:17:20	45	12,0	26
0:17:30	46	12,1	33
0:17:40	46	12,3	25
0:17:50	46	12,4	24
0:18:00	46	12,3	26
0:18:10	47	12,4	23
0:18:20	47	12,6	25
0:18:30	47	12,7	22
0:18:40	47	12,8	22
0:18:50	48	13,0	27
0:19:00	48	13,2	25
0:19:10	48	12,9	26
0:19:20	48	13,1	24
0:19:30	48	13,2	23
0:19:40	49	13,4	24
0:19:50	49	13,6	24
0:20:00	49	13,5	24
0:20:10	49	13,7	24
0:20:20	49	13,9	23
0:20:30	50	13,8	24
0:20:40	50	14,0	23
0:20:50	50	14,1	23
0:21:00	50	14,3	23
0:21:10	51	14,2	24
0:21:20	51	14,4	24
0:21:30	51	14,6	23
0:21:40	51	14,4	22
0:21:50	51	14,6	22
0:22:00	52	14,8	25
0:22:10	52	15,1	22
0:22:20	52	14,9	26
0:22:30	52	15,0	24
0:22:40	52	15,3	23
0:22:50	53	15,5	22
0:23:00	53	15,3	27
0:23:10	53	15,5	24
0:23:20	53	15,7	23
0:23:30	53	15,9	23
0:23:40	54	15,7	27
0:23:50	54	15,9	25
0:24:00	54	16,1	23
0:24:10	54	16,2	23
0:24:20	55	15,9	24
0:24:30	55	16,1	26
0:24:40	55	16,2	25
0:24:50	55	16,5	25
0:25:00	56	16,6	24
0:25:10	56	16,8	22
0:25:20	56	17,0	23
0:25:30	56	16,8	23
0:25:40	56	16,9	23
0:25:50	57	17,1	23
0:26:00	57	17,2	23
0:26:10	57	17,4	23
0:26:20	57	17,3	23
0:26:30	57	17,5	23
0:26:40	58	17,4	23
0:26:50	58	17,6	23
0:27:00	58	17,7	23
0:27:10	58	17,9	23
0:27:20	59	18,1	23
0:27:30	59	18,3	23
0:27:40	59	18,0	23
0:27:50	59	18,2	23
0:28:00	59	18,4	23
0:28:10	60	18,6	23
0:28:20	60	18,7	23
0:28:30	60	18,5	23
0:28:40	60	18,7	23
0:28:50	60	18,8	23
0:29:00	61	19,1	23
0:29:10	61	19,3	23
0:29:20	61	19,0	23
0:29:30	61	19,2	23
0:29:40	61	19,4	23
0:29:50	62	19,6	23
0:30:00	62	19,8	23
0:30:10	62	19,5	23
0:30:20	62	19,7	23
0:30:30	62	19,8	23
0:30:40	63	20,1	23
0:30:50	63	20,3	23
0:31:00	63	19,9	23
0:31:10	63	20,1	23
0:31:20	64	20,3	23
0:31:30	64	20,5	23
0:31:40	64	20,7	23
0:31:50	64	20,9	23
0:32:00	64	20,5	23
0:32:10	65	20,8	23
0:32:20	65	20,9	23
0:32:30	65	21,1	23
0:32:40	65	21,3	23
0:32:50	65	21,5	23
0:33:00	66	21,2	23
0:33:10	66	21,4	23
0:33:20	66	21,6	23
0:33:30	66	21,8	23
0:33:40	66	22,0	23
0:33:50	67	21,6	23
0:34:00	67	21,8	23
0:34:10	67	22,0	23
0:34:20	67	22,2	23
0:34:30	68	22,4	23
0:34:40	68	22,5	23
0:34:50	68	22,5	23
0:35:00	68	22,3	23
0:35:10	68	22,5	23
0:35:20	69	22,7	23
0:35:30	69	22,9	22
0:35:40	69	23,1	22
0:35:50	69	23,3	23
0:36:00	69	22,9	23
0:36:10	70	23,2	23
0:36:20	70	23,4	23
0:36:30	70	23,6	22
0:36:40	70	23,8	22
0:36:50	71	24,0	22
0:37:00	71	23,6	23
0:37:10	71	23,8	23
0:37:20	71	24,0	23
0:37:30	71	24,2	23
0:37:40	72	24,4	23
0:37:50	72	23,9	24
0:38:00	72	24,1	24
0:38:10	72	24,4	24
0:38:20	73	24,7	24
0:38:30	73	24,9	24
0:38:40	73	25,0	24
0:38:50	73	24,5	26
0:39:00	73	24,7	25
0:39:10	74	24,9	23
0:39:20	74	25,1	21
0:39:30	74	25,2	22
0:39:40	74	25,4	21
0:39:50	74	25,6	17
0:40:00	75	25,8	17
0:40:10	75	25,2	24
0:40:20	75	25,4	22
0:40:30	75	25,7	20
0:40:40	76	25,9	22
0:40:50	76	25,2	22
0:41:00	76	25,3	24
0:41:10	76	25,3	27
0:41:20	76	25,3	28
0:41:30	76	25,3	22
0:41:40	77	25,2	23
0:41:50	77	25,2	27
0:42:00	77	25,1	23
0:42:10	77	25,1	23
0:42:20	77	25,0	23
0:42:30	77	24,9	23
0:42:40	78	25,1	24
0:42:50	78	25,0	22
0:43:00	78	24,9	22
0:43:10	78	24,8	23
0:43:20	78	25,2	22
0:43:30	78	25,0	22
0:43:40	78	25,0	22
0:43:50	78	24,9	22
0:44:00	78	24,9	21
0:44:10	78	24,8	21
0:44:20	78	24,9	21
0:44:30	78	24,9	21
0:44:40	78	24,9	21
0:44:50	78	24,9	21
0:45:00	78	24,8	21
0:45:10	78	24,8	21
0:45:20	78	24,9	21
0:45:30	78	24,9	21
0:45:40	78	24,9	21
0:45:50	78	24,9	21
0:46:00	78	24,9	21
0:46:10	78	24,9	21
0:46:20	78	25,0	21
0:46:30	78	24,9	20
0:46:40	78	25,0	20
0:46:50	78	24,9	20
0:47:00	78	24,8	20
0:47:10	78	24,9	20
0:47:20	78	24,9	20
0:47:30	78	24,9	20
0:47:40	78	24,9	20
0:47:50	78	24,9	20
0:48:00	78	24,9	20
0:48:10	77	24,9	21
0:48:20	77	24,9	21
0:48:30	77	24,9	21
0:48:40	77	24,9	21
0:48:50	77	24,9	21
0:49:00	77	24,9	21
0:49:10	77	24,9	22
0:49:20	77	24,8	24
0:49:30	77	25,0	24
0:49:40	77	25,0	24
0:49:50	77	25,0	27
0:50:00	77	24,9	24
0:50:10	77	24,9	26
0:50:20	77	24,9	23
0:50:30	77	24,9	22
0:50:40	77	24,9	22
0:50:50	77	24,9	22
0:51:00	77	24,9	22
0:51:10	77	24,9	21
0:51:20	77	24,9	22
0:51:30	77	25,0	23
0:51:40	77	25,0	23
0:51:50	77	25,0	23
0:52:00	76	25,0	23
0:52:10	76	25,0	23
0:52:20	76	25,0	24
0:52:30	76	25,0	22
0:52:40	76	25,0	22
0:52:50	76	25,0	23
0:53:00	76	25,0	24
0:53:10	76	25,0	24
0:53:20	76	25,0	25
0:53:30	76	25,0	23
0:53:40	76	25,1	23
0:53:50	76	25,1	24
0:54:00	76	25,2	24
0:54:10	76	25,2	23
0:54:20	76	25,3	23
0:54:30	76	25,3	23
0:54:40	76	25,2	24
0:54:50	76	25,2	25
0:55:00	76	25,3	25
0:55:10	76	25,3	24
0:55:20	76	25,3	24
0:55:30	76	25,3	26
0:55:40	76	25,4	24
0:55:50	76	25,5	25
0:56:00	76	25,5	27
0:56:10	76	25,5	24
0:56:20	76	25,5	23
0:56:30	76	25,5	25
0:56:40	76	25,5	26
0:56:50	76	25,5	28
0:57:00	76	25,5	28
0:57:10	76	25,5	23
0:57:20	76	25,5	21
0:57:30	76	25,5	22
0:57:40	76	25,5	22
0:57:50	76	25,5	21
0:58:00	76	25,5	21
0:58:10	76	25,5	20
0:58:20	76	25,5	21
0:58:30	76	25,5	22
0:58:40	76	25,5	23
0:58:50	76	25,5	25
0:59:00	76	25,5	25
0:59:10	76	25,5	23
0:59:20	76	25,6	22
0:59:30	76	25,5	24
0:59:40	76	25,5	23
0:59:50	76	25,5	24
1:00:00	76	25,5	26
1:00:10	76	25,5	25
1:00:20	76	25,5	23
1:00:30	76	25,5	23
1:00:40	76	25,5	21
1:00:50	76	25,5	22
1:01:00	76	25,5	21
1:01:10	76	25,5	23
1:01:20	76	25,5	23
1:01:30	76	25,5	24
1:01:40	76	25,5	22
1:01:50	76	25,5	23
1:02:00	76	25,5	22
1:02:10	76	25,5	24
1:02:20	76	25,4	22
1:02:30	76	25,4	21
1:02:40	76	25,5	22
1:02:50	76	25,4	21
1:03:00	76	25,4	20
1:03:10	76	25,4	18
1:03:20	76	25,4	19
1:03:30	76	25,4	20
1:03:40	76	25,4	20
1:03:50	76	25,4	21
1:04:00	76	25,4	21
1:04:10	76	25,4	24
1:04:20	76	25,4	22
1:04:30	76	25,4	23
1:04:40	76	25,4	24
1:04:50	76	25,4	24
1:05:00	76	25,4	24
1:05:10	76	25,4	22
1:05:20	76	25,4	21
1:05:30	76	25,4	23
1:05:40	76	25,4	24
1:05:50	76	25,4	24
1:06:00	76	25,4	25
1:06:10	76	25,4	26
1:06:20	76	25,5	24
1:06:30	76	25,5	24
1:06:40	76	25,5	25
1:06:50	76	25,5	24
1:07:00	76	25,5	25
1:07:10	76	25,5	22
1:07:20	76	25,5	22
1:07:30	76	25,5	23
1:07:40	76	25,5	21
1:07:50	76	25,6	21
1:08:00	76	25,6	21
1:08:10	76	25,6	21
1:08:20	76	25,8	21
1:08:30	76	25,8	22
1:08:40	76	25,8	21
1:08:50	76	25,8	18
1:09:00	76	25,8	21
1:09:10	76	25,8	22
1:09:20	76	25,8	22
1:09:30	76	25,8	24
1:09:40	76	25,8	26
1:09:50	76	25,8	24
1:10:00	76	25,7	25
1:10:10	76	25,8	24
1:10:20	76	25,7	24
1:10:30	76	25,7	24
1:10:40	76	25,8	23
1:10:50	76	25,7	23
1:11:00	76	25,8	26
1:11:10	76	25,7	28
1:11:20	76	25,8	26
1:11:30	75	25,7	23
1:11:40	75	25,7	21
1:11:50	75	25,8	21
1:12:00	75	25,9	21
1:12:10	75	25,3	27
1:12:20	75	25,3	25
1:12:30	75	25,2	28
1:12:40	75	25,3	25
1:12:50	75	25,3	24
1:13:00	75	25,4	24
1:13:10	75	25,4	26
1:13:20	75	25,3	27
1:13:30	75	25,3	29
1:13:40	75	25,3	29
1:13:50	75	25,3	25
1:14:00	75	25,3	24
1:14:10	75	25,3	23
1:14:20	75	25,3	25
1:14:30	75	25,4	25
1:14:40	75	25,4	25
1:14:50	76	25,3	28
1:15:00	75	25,3	26
1:15:10	75	25,3	26
1:15:20	75	25,2	26
1:15:30	75	25,3	24
1:15:40	75	25,3	25
1:15:50	75	25,3	25
1:16:00	75	25,2	25
1:16:10	75	25,2	25
1:16:20	75	25,2	24
1:16:30	75	25,2	24
1:16:40	75	25,2	23
1:16:50	75	25,2	22
1:17:00	75	25,2	25
1:17:10	75	25,3	24
1:17:20	75	25,3	24
1:17:30	75	25,2	23
1:17:40	75	25,2	22
1:17:50	75	25,2	28
1:18:00	76	25,2	26
1:18:10	75	25,2	27
1:18:20	75	25,2	29
1:18:30	75	25,3	26
1:18:40	75	25,3	22
1:18:50	75	25,2	24
1:19:00	75	25,3	24
1:19:10	75	25,3	24
1:19:20	75	25,4	24
1:19:30	75	25,3	24
1:19:40	75	25,4	24
1:19:50	75	25,3	23
1:20:00	75	25,5	23
1:20:10	75	25,5	24
1:20:20	75	25,5	27
1:20:30	75	25,5	27
1:20:40	75	25,5	27
1:20:50	75	25,5	23
1:21:00	75	25,5	25
1:21:10	75	25,5	25
1:21:20	75	25,5	23
1:21:30	75	25,4	24
1:21:40	75	25,4	23
1:21:50	75	25,4	23
1:22:00	75	25,5	22
1:22:10	75	25,4	23
1:22:20	75	25,4	23
1:22:30	75	25,4	24
1:22:40	75	25,4	27
1:22:50	75	25,4	26
1:23:00	75	25,4	24
1:23:10	75	25,5	25
1:23:20	75	25,5	24
1:23:30	75	25,5	23
1:23:40	75	25,5	21
1:23:50	75	25,5	21
1:24:00	75	25,5	20
1:24:10	75	25,5	21
1:24:20	75	25,5	21
1:24:30	75	25,5	21
1:24:40	75	25,5	21
1:24:50	75	25,6	22
1:25:00	75	25,5	21
1:25:10	75	25,6	22
1:25:20	75	25,6	23
1:25:30	75	25,6	22
1:25:40	75	25,6	23
1:25:50	75	25,6	23
1:26:00	75	25,6	23
1:26:10	75	25,6	23
1:26:20	75	25,6	23
1:26:30	75	25,7	23
1:26:40	75	25,7	23
1:26:50	75	25,7	22
1:27:00	75	25,7	22
1:27:10	75	25,6	21
1:27:20	75	25,6	21
1:27:30	75	25,6	22
1:27:40	75	25,6	23
1:27:50	75	25,6	20
1:28:00	75	25,6	21
1:28:10	75	25,6	21
1:28:20	75	25,6	20
1:28:30	75	25,6	21
1:28:40	75	25,6	21
1:28:50	75	25,6	21
1:29:00	75	25,6	21
1:29:10	75	25,6	24
1:29:20	75	25,6	26
1:29:30	75	25,6	27
1:29:40	75	25,5	25
1:29:50	75	25,5	22
1:30:00	75	25,5	24
1:30:10	75	25,5	26
1:30:20	75	25,6	26
1:30:30	75	25,5	28
1:30:40	75	25,6	26
1:30:50	75	25,5	25
1:31:00	75	25,6	25
1:31:10	75	25,6	24
1:31:20	75	25,6	23
1:31:30	75	25,7	23
1:31:40	75	25,7	23
1:31:50	75	25,7	23
1:32:00	75	25,7	25
1:32:10	75	25,7	24
1:32:20	75	25,7	24
1:32:30	75	25,7	25
1:32:40	75	25,7	24
1:32:50	75	25,7	25
1:33:00	75	25,7	23
1:33:10	75	25,6	24
1:33:20	75	25,6	24
1:33:30	75	25,6	25
1:33:40	75	25,6	25
1:33:50	75	25,6	24
1:34:00	75	25,6	23
1:34:10	75	25,6	24
1:34:20	75	25,5	24
1:34:30	75	25,5	23
1:34:40	75	25,6	24
1:34:50	75	25,5	24
1:35:00	75	25,5	26
1:35:10	75	25,5	26
1:35:20	75	25,3	22
1:35:30	75	25,3	23
1:35:40	75	25,3	23
1:35:50	75	25,4	22
1:36:00	75	25,4	25
1:36:10	75	25,5	29
1:36:20	75	25,5	28
1:36:30	75	25,5	23
1:36:40	75	25,5	23
1:36:50	75	25,5	23
1:37:00	75	25,5	23
1:37:10	75	25,5	23
1:37:20	75	25,6	23
1:37:30	75	25,5	24
1:37:40	75	25,6	23
1:37:50	75	25,6	24
1:38:00	75	25,6	25
1:38:10	75	25,6	27
1:38:20	75	25,6	24
1:38:30	75	25,5	23
1:38:40	75	25,6	25
1:38:50	75	25,5	25
1:39:00	75	25,5	24
1:39:10	75	25,5	25
1:39:20	75	25,5	25
1:39:30	75	25,6	25
1:39:40	75	25,6	25
1:39:50	75	25,5	24
1:40:00	75	25,5	27
1:40:10	75	25,6	24
1:40:20	75	25,5	26
1:40:30	75	25,5	26
1:40:40	75	25,5	25
1:40:50	75	25,5	27
1:41:00	75	25,5	28
1:41:10	75	25,4	27
1:41:20	75	25,5	27
1:41:30	75	25,5	27
1:41:40	75	25,5	26
1:41:50	75	25,5	26
1:42:00	75	25,5	25
1:42:10	75	25,5	25
1:42:20	75	25,5	26
1:42:30	75	25,6	25
1:42:40	75	25,5	23
1:42:50	75	25,6	24
1:43:00	75	25,5	26
1:43:10	75	25,5	27
1:43:20	75	25,5	24
1:43:30	75	25,5	24
1:43:40	75	25,5	26
1:43:50	75	25,5	22
1:44:00	75	25,4	23
1:44:10	75	25,2	26
1:44:20	75	25,2	26
1:44:30	75	25,2	26
1:44:40	75	25,2	26
1:44:50	75	25,2	25
1:45:00	75	25,2	24
1:45:10	75	25,3	23
1:45:20	75	25,5	22
1:45:30	75	25,5	24
1:45:40	75	25,5	26
1:45:50	75	25,5	27
1:46:00	75	25,5	25
1:46:10	75	25,5	24
1:46:20	75	25,5	24
1:46:30	75	25,6	23
1:46:40	75	25,5	22
1:46:50	75	25,5	22
1:47:00	75	25,6	22
1:47:10	75	25,6	22
1:47:20	75	25,6	22
1:47:30	75	25,6	24
1:47:40	75	25,5	24
1:47:50	75	25,6	24
1:48:00	75	25,6	22
1:48:10	75	25,7	20
1:48:20	75	25,6	21
1:48:30	75	25,6	21
1:48:40	75	25,6	21
1:48:50	75	25,6	23
1:49:00	75	25,6	23
1:49:10	75	25,6	22
1:49:20	75	25,6	25
1:49:30	75	25,6	26
1:49:40	75	25,6	23
1:49:50	75	25,7	24
1:50:00	75	25,7	23
1:50:10	75	25,7	23
1:50:20	75	25,7	23
1:50:30	75	25,7	23
1:50:40	75	25,6	24
1:50:50	75	25,7	24
1:51:00	75	25,6	26
1:51:10	75	25,6	29
1:51:20	75	25,6	25
1:51:30	75	25,6	25
1:51:40	75	25,6	26
1:51:50	75	25,6	24
1:52:00	75	25,7	25
1:52:10	75	25,6	24
1:52:20	75	25,6	23
1:52:30	75	25,6	23
1:52:40	75	25,6	23
1:52:50	75	25,6	23
1:53:00	75	25,6	23
1:53:10	75	25,6	23
1:53:20	75	25,6	22
1:53:30	75	25,6	22
1:53:40	75	25,6	21
1:53:50	75	25,6	21
1:54:00	75	25,6	21
1:54:10	75	25,6	22
1:54:20	75	25,6	21
1:54:30	75	25,6	21
1:54:40	75	25,6	23
1:54:50	75	25,6	24
1:55:00	75	25,6	25
1:55:10	75	25,6	22
1:55:20	75	25,6	22
1:55:30	75	25,6	22
1:55:40	75	25,6	22
1:55:50	75	25,6	22
1:56:00	75	25,6	22
1:56:10	75	25,6	23
1:56:20	75	25,6	22
1:56:30	75	25,6	22
1:56:40	75	25,6	22
1:56:50	75	25,6	23
1:57:00	75	25,6	23
1:57:10	75	25,6	23
1:57:20	75	25,7	23
1:57:30	75	25,7	23
1:57:40	75	25,7	23
1:57:50	75	25,7	23
1:58:00	75	25,7	23
1:58:10	75	25,7	24
1:58:20	75	25,7	24
1:58:30	75	25,7	23
1:58:40	75	25,7	23
1:58:50	75	25,7	23
1:59:00	75	25,7	23
1:59:10	75	25,7	23
1:59:20	75	25,7	25
1:59:30	75	25,6	24
1:59:40	75	25,6	25
1:59:50	75	25,7	25
2:00:00	75	25,7	25
2:00:10	75	25,6	25
2:00:20	75	25,6	25
2:00:30	75	25,6	24
2:00:40	75	25,6	25
2:00:50	75	25,6	24
2:01:00	75	25,6	26
2:01:10	75	25,6	25
2:01:20	75	25,7	25
2:01:30	75	25,6	25
2:01:40	75	25,6	25
2:01:50	75	25,6	25
2:02:00	75	25,6	25
2:02:10	75	25,6	23
2:02:20	75	25,6	23
2:02:30	75	25,6	25
2:02:40	75	25,6	23
2:02:50	75	25,6	22
2:03:00	75	25,6	23
2:03:10	75	25,6	23
2:03:20	75	25,6	22
2:03:30	75	25,6	24
2:03:40	75	25,6	22
2:03:50	75	25,6	22
2:04:00	75	25,6	22
2:04:10	75	25,5	20
2:04:20	75	25,5	21
2:04:30	75	25,5	21
2:04:40	75	25,5	21
2:04:50	75	25,5	20
2:05:00	75	25,5	19
2:05:10	75	25,5	20
2:05:20	75	25,5	19
2:05:30	75	25,5	19
2:05:40	75	25,5	19
2:05:50	75	25,6	19
2:06:00	75	25,6	18
2:06:10	75	25,6	18
2:06:20	75	25,5	18
2:06:30	75	25,5	18
2:06:40	75	25,5	18
2:06:50	75	25,6	18
2:07:00	75	25,6	18
2:07:10	75	25,6	18
2:07:20	75	25,6	18
2:07:30	75	25,6	18
2:07:40	75	25,6	19
2:07:50	75	25,6	19
2:08:00	75	25,6	19
2:08:10	75	25,6	19
2:08:20	75	25,5	19
2:08:30	75	25,5	19
2:08:40	75	25,5	19
2:08:50	75	25,5	19
2:09:00	75	25,5	20
2:09:10	75	25,5	20
2:09:20	75	25,5	20
2:09:30	75	25,5	19
2:09:40	75	25,5	19
2:09:50	75	25,5	20
2:10:00	75	25,5	20
2:10:10	75	25,5	20
2:10:20	75	25,5	20
2:10:30	75	25,5	20
2:10:40	75	25,5	20
2:10:50	75	25,5	20
2:11:00	75	25,5	21
2:11:10	75	25,5	20
2:11:20	75	25,5	20
2:11:30	75	25,5	20
2:11:40	75	25,5	20
2:11:50	75	25,5	20
2:12:00	75	25,5	20
2:12:10	75	25,5	21
2:12:20	75	25,5	21
2:12:30	75	25,5	22
2:12:40	75	25,5	22
2:12:50	75	25,5	21
2:13:00	75	25,5	22
2:13:10	75	25,5	21
2:13:20	75	25,5	24
2:13:30	75	25,5	22
2:13:40	75	25,5	24
2:13:50	75	25,5	24
2:14:00	75	25,5	23
2:14:10	75	25,5	23
2:14:20	75	25,5	24
2:14:30	75	25,5	25
2:14:40	75	25,5	25
2:14:50	75	25,5	25
2:15:00	75	25,5	26
2:15:10	75	25,5	26
2:15:20	75	25,5	26
2:15:30	75	25,5	26
2:15:40	75	25,5	27
2:15:50	75	25,5	27
2:16:00	75	25,5	26
2:16:10	75	25,5	27
2:16:20	75	25,5	27
2:16:30	75	25,5	27
2:16:40	75	25,5	27
2:16:50	75	25,5	26
2:17:00	75	25,5	25
2:17:10	75	25,5	26
2:17:20	75	25,5	27
2:17:30	75	25,5	26
2:17:40	75	25,5	26
2:17:50	75	25,5	25
2:18:00	75	25,5	25
2:18:10	75	25,5	25
2:18:20	75	25,5	26
2:18:30	75	25,5	26
2:18:40	75	25,5	25
2:18:50	75	25,5	26
2:19:00	75	25,5	27
2:19:10	75	25,5	27
2:19:20	75	25,5	26
2:19:30	75	25,4	28
2:19:40	75	25,4	29
2:19:50	75	25,4	28
2:20:00	75	25,4	27
2:20:10	75	25,4	27
2:20:20	75	25,4	26
2:20:30	75	25,4	26
2:20:40	75	25,4	25
2:20:50	75	25,4	25
2:21:00	75	25,5	25
2:21:10	75	25,4	25
2:21:20	75	25,5	25
2:21:30	75	25,5	25
2:21:40	75	25,5	25
2:21:50	75	25,5	25
2:22:00	75	25,4	24
2:22:10	75	25,4	24
2:22:20	75	25,4	24
2:22:30	75	25,4	25
2:22:40	75	25,4	25
2:22:50	75	25,4	26
2:23:00	75	25,4	26
2:23:10	75	25,4	24
2:23:20	75	25,4	25
2:23:30	75	25,3	25
2:23:40	75	25,4	23
2:23:50	75	25,3	22
2:24:00	75	25,3	22
2:24:10	75	25,3	21
2:24:20	75	25,3	21
2:24:30	75	25,3	21
2:24:40	75	25,3	22
2:24:50	75	25,3	21
2:25:00	75	25,3	21
2:25:10	75	25,3	21
2:25:20	75	25,3	21
2:25:30	75	25,3	21
2:25:40	75	25,3	21
2:25:50	75	25,4	21
2:26:00	75	25,4	21
2:26:10	75	25,4	21
2:26:20	75	25,4	21
2:26:30	75	25,4	21
2:26:40	75	25,4	21
2:26:50	75	25,4	21
2:27:00	75	25,4	21
2:27:10	75	25,4	21
2:27:20	75	25,4	21
2:27:30	75	25,4	21
2:27:40	75	25,4	21
2:27:50	75	25,4	21
2:28:00	75	25,4	21
2:28:10	75	25,4	21
2:28:20	75	25,4	21
2:28:30	75	25,4	21
2:28:40	75	25,4	22
2:28:50	75	25,3	22
2:29:00	75	25,3	22
2:29:10	75	25,3	22
2:29:20	75	25,3	22
2:29:30	75	25,3	21
2:29:40	75	25,3	21
2:29:50	75	25,3	20
2:30:00	75	25,3	20
2:30:10	75	25,3	20
2:30:20	75	25,3	21
2:30:30	75	25,3	21
2:30:40	75	25,3	20
2:30:50	75	25,3	20
2:31:00	75	25,3	20
2:31:10	75	25,3	20
2:31:20	75	25,3	20
2:31:30	75	25,3	20
2:31:40	75	25,3	20
2:31:50	75	25,3	20
2:32:00	75	25,3	20
2:32:10	75	25,3	20
2:32:20	75	25,3	20
2:32:30	75	25,3	20
2:32:40	75	25,3	20
2:32:50	75	25,3	20
2:33:00	75	25,3	20
2:33:10	75	25,3	20
2:33:20	75	25,3	20
2:33:30	75	25,2	20
2:33:40	75	25,2	20
2:33:50	75	25,2	20
2:34:00	75	25,2	21
2:34:10	75	25,2	21
2:34:20	75	25,2	21
2:34:30	75	25,2	21
2:34:40	75	25,2	21
2:34:50	75	25,2	21
2:35:00	75	25,2	22
2:35:10	75	25,2	22
2:35:20	75	25,2	22
2:35:30	75	25,2	22
2:35:40	75	25,2	22
2:35:50	75	25,2	22
2:36:00	75	25,2	22
2:36:10	75	25,2	22
2:36:20	75	25,2	22
2:36:30	75	25,2	22
2:36:40	75	25,2	22
2:36:50	75	25,2	22
2:37:00	75	25,2	22
2:37:10	75	25,2	24
2:37:20	75	25,1	24
2:37:30	75	25,1	26
2:37:40	75	25,1	27
2:37:50	75	25,1	25
2:38:00	75	25,1	27
2:38:10	75	25,1	27
2:38:20	75	25,1	25
2:38:30	75	25,1	27
2:38:40	75	25,1	26
2:38:50	75	25,1	27
2:39:00	75	25,1	28
2:39:10	75	25,1	29
2:39:20	75	25,1	28
2:39:30	75	25,1	28
2:39:40	75	25,1	28
2:39:50	75	25,1	28
2:40:00	75	25,1	28
2:40:10	75	25,1	29
2:40:20	75	25,0	29
2:40:30	75	25,0	28
2:40:40	75	25,0	28
2:40:50	75	25,0	28
2:41:00	75	25,0	28
2:41:10	75	25,0	28
2:41:20	75	25,0	27
2:41:30	75	25,0	29
2:41:40	75	25,0	27
2:41:50	75	25,0	27
2:42:00	75	25,0	29
2:42:10	75	25,0	26
2:42:20	75	25,0	27
2:42:30	75	25,0	29
2:42:40	75	25,0	28
2:42:50	75	24,9	27
2:43:00	75	24,9	28
2:43:10	75	24,9	26
2:43:20	75	24,9	27
2:43:30	75	24,9	27
2:43:40	75	24,9	27
2:43:50	75	24,9	27
2:44:00	75	24,9	27
2:44:10	75	24,9	27
2:44:20	75	24,9	27
2:44:30	75	24,9	25
2:44:40	75	24,9	25
2:44:50	75	24,9	24
2:45:00	75	24,9	24
2:45:10	75	24,9	23
2:45:20	75	24,9	23
2:45:30	75	24,9	24
2:45:40	75	24,9	25
2:45:50	75	25,0	26
2:46:00	75	24,9	26
2:46:10	75	24,9	26
2:46:20	75	24,9	26
2:46:30	75	24,9	26
2:46:40	75	24,9	26
2:46:50	75	24,9	26
2:47:00	75	24,9	26
2:47:10	75	24,9	26
2:47:20	75	24,9	26
2:47:30	75	24,9	26
2:47:40	75	24,9	26
2:47:50	75	24,9	26
2:48:00	75	25,0	26
2:48:10	75	25,0	26
2:48:20	75	25,0	26
2:48:30	75	25,0	26
2:48:40	75	25,0	26
2:48:50	75	25,0	26
2:49:00	75	25,0	26
2:49:10	75	25,0	26
2:49:20	75	25,0	26
2:49:30	75	24,9	26
2:49:40	75	24,9	26
2:49:50	75	24,9	26
2:50:00	75	24,9	26
2:50:10	75	24,9	26
2:50:20	75	24,9	26
2:50:30	75	24,9	26
2:50:40	75	24,9	26
2:50:50	75	24,9	26
2:51:00	75	24,9	25
2:51:10	75	24,9	26
2:51:20	76	24,9	26
2:51:30	75	24,9	26
2:51:40	75	25,1	26
2:51:50	75	25,1	26
2:52:00	75	25,1	26
2:52:10	75	25,1	26
2:52:20	75	25,1	26
2:52:30	75	25,1	26
2:52:40	75	25,0	27
2:52:50	75	25,0	27
2:53:00	75	25,0	27
2:53:10	75	25,0	27
2:53:20	75	25,0	27
2:53:30	75	25,0	27
2:53:40	75	25,0	27
2:53:50	75	25,0	27
2:54:00	75	25,0	27
2:54:10	75	24,9	27
2:54:20	75	24,9	27
2:54:30	75	24,9	27
2:54:40	75	24,9	27
2:54:50	75	24,9	28
2:55:00	75	24,9	28
2:55:10	75	24,9	28
2:55:20	75	24,9	28
2:55:30	75	24,9	28
2:55:40	75	24,9	28
2:55:50	75	24,9	28
2:56:00	75	24,9	28
2:56:10	75	24,9	28
2:56:20	75	24,9	28
2:56:30	75	24,9	28
2:56:40	75	24,9	28
2:56:50	75	24,9	29
2:57:00	75	24,9	29
2:57:10	75	24,9	29
2:57:20	75	25,0	29
2:57:30	75	25,0	29
2:57:40	75	25,0	29
2:57:50	75	25,0	29
2:58:00	76	25,0	29
2:58:10	75	25,0	29
2:58:20	75	25,0	30
2:58:30	75	25,0	30
2:58:40	75	25,0	30
2:58:50	75	25,0	30
2:59:00	75	25,0	30
2:59:10	75	25,0	30
2:59:20	75	25,0	30
2:59:30	75	24,9	30
2:59:40	75	24,9	30
2:59:50	75	25,0	30
3:00:00	75	24,9	31
3:00:10	75	25,0	31
3:00:20	75	24,9	31
3:00:30	75	24,9	31
3:00:40	75	24,9	31
3:00:50	75	24,9	32
3:01:00	76	25,0	32
3:01:10	76	24,9	33
3:01:20	76	24,9	33
3:01:30	76	24,9	34
3:01:40	76	25,0	34
3:01:50	76	25,0	34
3:02:00	76	24,9	35
3:02:10	76	24,9	35
3:02:20	76	24,9	35
3:02:30	76	24,9	35
3:02:40	76	24,9	35
3:02:50	76	24,9	36
3:03:00	75	24,9	36
3:03:10	75	25,0	36
3:03:20	75	25,0	36
3:03:30	75	25,0	36
3:03:40	75	25,0	37
3:03:50	75	25,0	37
3:04:00	75	25,0	37
3:04:10	75	24,9	37
3:04:20	75	24,9	37
3:04:30	75	24,9	37
3:04:40	75	24,9	37
3:04:50	75	24,9	38
3:05:00	75	24,9	38
3:05:10	75	24,9	38
3:05:20	75	24,9	39
3:05:30	75	24,9	39
3:05:40	75	25,1	39
3:05:50	75	25,1	39
3:06:00	75	25,1	40
3:06:10	75	25,1	40
3:06:20	75	25,1	40
3:06:30	75	25,1	40
3:06:40	75	25,0	40
3:06:50	75	25,0	40
3:07:00	75	25,0	40
3:07:10	75	25,0	41
3:07:20	75	25,0	41
3:07:30	75	25,0	41
3:07:40	75	25,0	41
3:07:50	75	24,9	41
3:08:00	75	24,9	41
3:08:10	75	24,9	42
3:08:20	75	24,9	42
3:08:30	75	25,0	42
3:08:40	75	24,9	42
3:08:50	75	24,9	42
3:09:00	75	24,9	42
3:09:10	75	24,9	42
3:09:20	75	25,0	42
3:09:30	75	25,0	43
3:09:40	75	25,0	43
3:09:50	75	25,0	43
3:10:00	75	25,0	43
3:10:10	75	25,0	43
3:10:20	75	25,0	43
3:10:30	75	24,9	43
3:10:40	75	24,9	44
3:10:50	75	24,9	45
3:11:00	75	24,9	45
3:11:10	75	24,9	50
3:11:20	75	24,9	50
3:11:30	75	24,9	53
3:11:40	75	24,9	51
3:11:50	75	25,0	51
3:12:00	75	25,0	46
3:12:10	75	25,0	55
3:12:20	75	24,9	53
3:12:30	75	24,9	58
3:12:40	75	24,9	49
3:12:50	75	24,9	54
3:13:00	75	24,9	60
3:13:10	75	24,9	61
3:13:20	75	24,9	61
3:13:30	75	25,0	51
3:13:40	75	25,0	51
3:13:50	75	24,9	57
3:14:00	75	24,9	55
3:14:10	75	24,9	57
3:14:20	75	24,9	57
3:14:30	75	24,9	52
3:14:40	75	24,9	56
3:14:50	75	24,9	69
3:15:00	75	24,9	58
3:15:10	75	24,9	66
3:15:20	75	25,0	50
3:15:30	75	25,0	50
3:15:40	75	25,0	47
3:15:50	75	25,0	47
3:16:00	75	25,0	47
3:16:10	75	25,0	47
3:16:20	75	24,9	47
3:16:30	75	24,9	47
3:16:40	75	24,9	47
3:16:50	75	24,9	47
3:17:00	75	24,9	47
3:17:10	75	24,9	52
3:17:20	75	24,9	56
3:17:30	75	24,9	55
3:17:40	75	24,9	54
3:17:50	75	24,9	53
3:18:00	75	25,0	52
3:18:10	75	25,0	53
3:18:20	75	25,0	53
3:18:30	75	24,9	52
3:18:40	75	24,9	52
3:18:50	75	24,9	52
3:19:00	75	24,9	56
3:19:10	75	25,0	55
3:19:20	75	25,0	54
3:19:30	75	25,0	54
3:19:40	75	24,9	54
3:19:50	75	24,9	54
3:20:00	75	24,9	56
3:20:10	75	24,9	57
3:20:20	75	25,0	57
3:20:30	75	25,0	57
3:20:40	75	25,0	57
3:20:50	75	25,0	59
3:21:00	75	24,9	59
3:21:10	75	24,9	60
3:21:20	75	24,9	60
3:21:30	75	24,9	61
3:21:40	75	24,9	62
3:21:50	75	24,9	62
3:22:00	75	24,9	62
3:22:10	75	24,9	63
3:22:20	75	24,9	63
3:22:30	75	24,9	64
3:22:40	75	24,9	64
3:22:50	75	25,1	65
3:23:00	75	25,1	65
3:23:10	75	25,1	65
3:23:20	75	25,1	66
3:23:30	75	25,0	66
3:23:40	75	25,0	67
3:23:50	75	25,0	67
3:24:00	75	25,0	68
3:24:10	75	25,0	69
3:24:20	75	25,0	69
3:24:30	75	25,0	70
3:24:40	75	25,0	71
3:24:50	75	24,9	72
