--Test Summary--
Full Path and File Name	
Instrument Name	7222
Instrument Type	Model 7222 Consistometer
Instrument Serial Number	
Test Start Date	12.02.2015
Test Start Time	10:07:13
Test Stop Date	12.02.2015
Test Stop Time	11:28:23
Test Length	1:21:10
Final Sample Time Offset	1:21:10
Controller Schedule Name	
Sampling Period	10 seconds
Comments	
Information	WellID	Research
Information	Customer	Trican
Information	EngName	Aleksanyan Mikhail
Information	CementClass	100% G
Information	CementMfr	Dyckerhoff - Suhoy Log
Information	Additives	1%CFA-1 (bwow)
Information	Density	1900
Information	BHCT	75
Information	BHST	85
Information	FluidLoss	283cc/30 min
Information	JobType	Research
Calculated Value	Time_30Bc	0:34:20
Calculated Value	Time_70Bc	1:21:10
Initial Temperature (°C)	27 °C
Final Temperature (°C)	75 °C
Initial Pressure (MPa)	0,5 MPa
Final Pressure (MPa)	40,2 MPa
Initial Consistency (Bc)	36 Bc
Final Consistency (Bc)	74 Bc
--Data--
Time (HH:MM:SS)	Temperature (°C)	Pressure (MPa)	Consistency (Bc)
0:00:00	27	0,5	36
0:00:10	27	0,8	23
0:00:20	27	0,9	23
0:00:30	27	1,3	23
0:00:40	27	1,4	23
0:00:50	27	1,8	23
0:01:00	27	2,0	23
0:01:10	27	2,3	23
0:01:20	27	2,6	22
0:01:30	27	2,9	21
0:01:40	27	3,3	21
0:01:50	27	3,7	20
0:02:00	27	4,1	20
0:02:10	27	4,3	19
0:02:20	27	4,6	19
0:02:30	27	4,8	19
0:02:40	27	5,1	20
0:02:50	27	5,3	20
0:03:00	28	5,5	19
0:03:10	28	5,7	20
0:03:20	28	5,8	20
0:03:30	28	6,0	20
0:03:40	29	6,4	19
0:03:50	29	6,5	19
0:04:00	29	6,6	19
0:04:10	29	7,0	19
0:04:20	30	7,0	19
0:04:30	30	7,4	19
0:04:40	30	7,5	19
0:04:50	31	7,8	19
0:05:00	31	7,8	17
0:05:10	31	8,2	19
0:05:20	32	8,5	19
0:05:30	32	8,8	19
0:05:40	32	8,8	18
0:05:50	33	9,2	18
0:06:00	33	9,2	18
0:06:10	33	9,4	18
0:06:20	34	9,6	17
0:06:30	34	9,9	18
0:06:40	34	10,1	17
0:06:50	35	10,4	18
0:07:00	35	10,6	18
0:07:10	35	10,8	18
0:07:20	36	11,0	18
0:07:30	36	11,2	18
0:07:40	36	11,4	18
0:07:50	37	11,6	18
0:08:00	37	11,8	18
0:08:10	37	12,1	18
0:08:20	38	12,3	18
0:08:30	38	12,5	17
0:08:40	38	12,8	17
0:08:50	39	13,1	17
0:09:00	39	13,3	17
0:09:10	39	13,5	17
0:09:20	40	13,8	17
0:09:30	40	13,7	17
0:09:40	40	13,9	17
0:09:50	41	14,2	17
0:10:00	41	14,4	17
0:10:10	41	14,7	17
0:10:20	41	14,9	17
0:10:30	42	15,1	17
0:10:40	42	15,4	17
0:10:50	42	15,6	17
0:11:00	43	15,8	17
0:11:10	43	16,1	17
0:11:20	43	16,3	17
0:11:30	44	16,5	17
0:11:40	44	16,7	17
0:11:50	44	16,9	17
0:12:00	45	17,2	17
0:12:10	45	17,5	17
0:12:20	45	17,2	17
0:12:30	46	17,4	18
0:12:40	46	17,6	19
0:12:50	46	17,8	26
0:13:00	47	17,9	28
0:13:10	47	18,1	29
0:13:20	47	18,2	27
0:13:30	47	18,4	24
0:13:40	48	18,6	25
0:13:50	48	18,7	31
0:14:00	48	18,9	29
0:14:10	49	19,6	26
0:14:20	49	19,8	24
0:14:30	49	20,1	21
0:14:40	49	20,3	21
0:14:50	50	20,6	20
0:15:00	50	20,9	21
0:15:10	50	21,1	22
0:15:20	51	21,3	22
0:15:30	51	21,5	22
0:15:40	51	21,7	22
0:15:50	51	21,9	21
0:16:00	52	22,1	21
0:16:10	52	22,3	21
0:16:20	52	22,5	21
0:16:30	53	22,7	21
0:16:40	53	22,9	21
0:16:50	53	23,1	21
0:17:00	53	23,3	21
0:17:10	54	23,5	21
0:17:20	54	23,7	21
0:17:30	54	23,9	21
0:17:40	54	24,1	21
0:17:50	55	24,4	21
0:18:00	55	24,6	20
0:18:10	55	24,8	19
0:18:20	55	25,1	19
0:18:30	56	25,3	19
0:18:40	56	25,6	19
0:18:50	56	25,8	19
0:19:00	56	26,0	19
0:19:10	57	26,3	19
0:19:20	57	26,5	19
0:19:30	57	26,7	19
0:19:40	58	27,0	19
0:19:50	58	27,2	19
0:20:00	58	27,4	19
0:20:10	58	27,7	18
0:20:20	59	28,0	19
0:20:30	59	28,2	18
0:20:40	59	28,5	18
0:20:50	59	28,7	18
0:21:00	60	28,9	18
0:21:10	60	29,3	18
0:21:20	60	28,9	18
0:21:30	60	29,1	18
0:21:40	61	29,4	19
0:21:50	61	29,6	19
0:22:00	61	29,9	20
0:22:10	61	30,2	20
0:22:20	62	30,5	20
0:22:30	62	30,8	19
0:22:40	62	31,1	19
0:22:50	62	31,4	19
0:23:00	63	31,6	19
0:23:10	63	31,8	19
0:23:20	63	32,1	19
0:23:30	64	32,3	19
0:23:40	64	32,6	19
0:23:50	64	31,9	19
0:24:00	64	32,2	20
0:24:10	65	32,4	20
0:24:20	65	32,7	20
0:24:30	65	33,0	20
0:24:40	65	33,2	19
0:24:50	66	33,5	19
0:25:00	66	33,7	20
0:25:10	66	33,9	20
0:25:20	67	34,2	20
0:25:30	67	34,4	19
0:25:40	67	34,7	19
0:25:50	67	34,9	19
0:26:00	68	35,1	19
0:26:10	68	35,4	19
0:26:20	68	35,6	19
0:26:30	69	35,8	20
0:26:40	69	36,2	20
0:26:50	69	36,8	20
0:27:00	69	36,1	22
0:27:10	70	36,5	22
0:27:20	70	36,8	22
0:27:30	70	37,1	22
0:27:40	70	37,5	22
0:27:50	71	37,7	22
0:28:00	71	38,0	22
0:28:10	71	38,2	23
0:28:20	72	38,5	23
0:28:30	72	38,8	23
0:28:40	72	39,1	23
0:28:50	72	39,3	23
0:29:00	73	39,5	23
0:29:10	73	39,2	26
0:29:20	73	39,5	25
0:29:30	73	39,8	23
0:29:40	74	40,0	23
0:29:50	74	40,3	22
0:30:00	74	40,5	22
0:30:10	75	40,7	22
0:30:20	75	40,9	22
0:30:30	75	40,2	21
0:30:40	75	40,3	21
0:30:50	76	40,5	21
0:31:00	76	40,5	21
0:31:10	76	40,5	21
0:31:20	76	40,6	21
0:31:30	77	40,4	21
0:31:40	77	40,3	21
0:31:50	77	40,3	22
0:32:00	77	40,1	22
0:32:10	77	40,1	22
0:32:20	78	40,0	22
0:32:30	78	40,0	22
0:32:40	78	40,1	23
0:32:50	78	40,1	22
0:33:00	78	40,0	23
0:33:10	78	40,0	23
0:33:20	78	39,9	24
0:33:30	78	39,9	25
0:33:40	78	40,1	29
0:33:50	78	39,9	29
0:34:00	78	39,9	29
0:34:10	78	40,0	31
0:34:20	79	40,2	30
0:34:30	79	40,1	30
0:34:40	79	39,8	30
0:34:50	79	40,1	29
0:35:00	79	39,9	29
0:35:10	79	40,2	29
0:35:20	78	40,1	29
0:35:30	78	40,0	29
0:35:40	78	39,8	28
0:35:50	78	40,3	28
0:36:00	78	40,2	28
0:36:10	78	40,2	28
0:36:20	78	40,1	27
0:36:30	78	40,1	28
0:36:40	78	40,1	28
0:36:50	78	40,0	28
0:37:00	78	40,2	28
0:37:10	78	40,3	28
0:37:20	78	40,4	28
0:37:30	78	40,3	28
0:37:40	78	40,4	28
0:37:50	78	40,3	28
0:38:00	77	40,3	28
0:38:10	77	40,2	27
0:38:20	77	40,1	27
0:38:30	77	40,0	27
0:38:40	77	39,8	27
0:38:50	77	40,1	28
0:39:00	77	40,2	28
0:39:10	77	40,1	28
0:39:20	77	39,8	28
0:39:30	77	39,9	28
0:39:40	77	40,2	28
0:39:50	77	40,1	28
0:40:00	77	40,2	28
0:40:10	77	40,1	28
0:40:20	77	40,2	28
0:40:30	77	40,2	28
0:40:40	77	40,3	28
0:40:50	77	40,3	29
0:41:00	77	40,3	29
0:41:10	77	40,3	29
0:41:20	77	40,3	29
0:41:30	77	40,3	29
0:41:40	77	40,3	29
0:41:50	77	40,3	29
0:42:00	77	40,4	29
0:42:10	77	40,4	29
0:42:20	76	40,3	30
0:42:30	76	40,3	30
0:42:40	76	40,3	30
0:42:50	76	40,2	30
0:43:00	76	40,3	30
0:43:10	76	40,3	30
0:43:20	76	40,2	30
0:43:30	76	40,1	30
0:43:40	76	40,2	29
0:43:50	76	40,3	30
0:44:00	76	40,2	30
0:44:10	76	40,0	30
0:44:20	76	40,2	30
0:44:30	76	40,2	30
0:44:40	76	40,0	30
0:44:50	76	40,0	29
0:45:00	76	40,0	30
0:45:10	76	40,1	30
0:45:20	76	40,1	30
0:45:30	76	40,0	30
0:45:40	76	40,1	30
0:45:50	76	40,0	30
0:46:00	76	40,1	30
0:46:10	76	40,0	30
0:46:20	76	40,0	30
0:46:30	76	40,0	30
0:46:40	76	39,9	30
0:46:50	76	39,9	30
0:47:00	76	40,0	30
0:47:10	76	40,1	30
0:47:20	76	40,1	31
0:47:30	76	40,1	31
0:47:40	76	40,1	31
0:47:50	76	40,4	31
0:48:00	76	40,1	32
0:48:10	76	40,2	32
0:48:20	76	40,5	31
0:48:30	76	40,5	32
0:48:40	76	40,6	31
0:48:50	76	40,5	32
0:49:00	76	40,3	32
0:49:10	76	40,5	31
0:49:20	76	40,5	31
0:49:30	76	40,6	31
0:49:40	76	40,7	31
0:49:50	76	40,7	31
0:50:00	76	40,3	31
0:50:10	76	40,5	31
0:50:20	76	40,3	31
0:50:30	76	40,0	30
0:50:40	76	40,1	30
0:50:50	76	40,2	30
0:51:00	76	39,9	30
0:51:10	76	40,3	29
0:51:20	76	40,4	30
0:51:30	76	40,3	30
0:51:40	76	40,5	30
0:51:50	76	40,0	30
0:52:00	76	40,1	28
0:52:10	76	40,2	28
0:52:20	76	39,9	29
0:52:30	76	40,3	28
0:52:40	76	40,3	28
0:52:50	76	40,3	29
0:53:00	76	40,3	28
0:53:10	76	40,2	29
0:53:20	76	40,2	30
0:53:30	76	40,1	29
0:53:40	76	39,9	29
0:53:50	76	40,0	29
0:54:00	76	40,2	28
0:54:10	76	40,3	28
0:54:20	76	40,3	29
0:54:30	76	40,3	29
0:54:40	76	40,4	29
0:54:50	76	40,3	29
0:55:00	76	40,3	29
0:55:10	76	40,4	28
0:55:20	76	40,6	28
0:55:30	76	40,6	28
0:55:40	76	40,7	29
0:55:50	76	40,6	29
0:56:00	75	40,9	29
0:56:10	75	39,9	35
0:56:20	75	40,1	34
0:56:30	75	40,3	34
0:56:40	75	40,3	33
0:56:50	75	40,3	34
0:57:00	75	40,4	34
0:57:10	75	40,4	33
0:57:20	75	40,4	34
0:57:30	75	40,4	34
0:57:40	75	40,2	33
0:57:50	75	39,8	33
0:58:00	75	40,2	33
0:58:10	75	40,0	33
0:58:20	75	40,0	33
0:58:30	75	40,0	33
0:58:40	75	40,0	33
0:58:50	75	40,0	33
0:59:00	75	39,9	33
0:59:10	75	39,9	33
0:59:20	75	40,0	33
0:59:30	75	40,3	33
0:59:40	75	40,6	33
0:59:50	75	40,4	33
1:00:00	75	40,6	33
1:00:10	75	40,7	33
1:00:20	75	40,7	33
1:00:30	75	40,7	33
1:00:40	75	40,5	33
1:00:50	75	40,2	33
1:01:00	75	40,1	33
1:01:10	75	40,2	33
1:01:20	75	40,0	33
1:01:30	75	39,9	33
1:01:40	75	39,9	33
1:01:50	75	39,9	34
1:02:00	75	40,0	33
1:02:10	75	40,0	33
1:02:20	75	40,0	33
1:02:30	75	39,9	33
1:02:40	75	39,9	34
1:02:50	76	39,9	34
1:03:00	76	40,0	33
1:03:10	76	40,0	34
1:03:20	76	40,3	33
1:03:30	76	40,3	34
1:03:40	76	40,8	34
1:03:50	76	40,9	34
1:04:00	76	40,8	35
1:04:10	76	40,7	35
1:04:20	76	40,8	35
1:04:30	76	40,7	35
1:04:40	76	40,6	35
1:04:50	76	40,5	35
1:05:00	76	40,6	35
1:05:10	76	40,6	35
1:05:20	76	40,6	35
1:05:30	76	40,6	34
1:05:40	76	40,6	34
1:05:50	76	40,6	34
1:06:00	76	40,6	34
1:06:10	75	40,5	35
1:06:20	76	40,5	34
1:06:30	76	40,4	34
1:06:40	75	40,4	35
1:06:50	76	40,5	36
1:07:00	75	40,5	34
1:07:10	75	40,5	42
1:07:20	75	40,3	39
1:07:30	75	40,4	39
1:07:40	75	40,2	39
1:07:50	75	40,2	36
1:08:00	75	40,3	27
1:08:10	75	40,2	27
1:08:20	75	40,2	27
1:08:30	76	40,2	27
1:08:40	75	40,1	27
1:08:50	76	39,8	27
1:09:00	75	39,8	27
1:09:10	76	40,0	26
1:09:20	76	39,7	30
1:09:30	76	40,3	41
1:09:40	76	40,2	38
1:09:50	76	40,5	37
1:10:00	76	40,2	33
1:10:10	76	40,2	32
1:10:20	76	40,1	35
1:10:30	76	40,4	32
1:10:40	76	40,3	29
1:10:50	76	40,1	32
1:11:00	76	40,0	31
1:11:10	76	40,2	29
1:11:20	76	40,3	29
1:11:30	76	40,3	29
1:11:40	76	40,0	29
1:11:50	76	39,9	30
1:12:00	76	39,7	30
1:12:10	76	39,9	30
1:12:20	76	40,2	30
1:12:30	76	40,2	30
1:12:40	76	40,0	30
1:12:50	76	40,1	31
1:13:00	76	39,9	31
1:13:10	76	40,2	32
1:13:20	76	40,2	33
1:13:30	76	40,3	33
1:13:40	76	40,3	34
1:13:50	76	40,3	35
1:14:00	76	40,6	35
1:14:10	76	40,5	36
1:14:20	76	40,4	41
1:14:30	76	40,3	39
1:14:40	76	40,1	40
1:14:50	76	40,1	40
1:15:00	76	40,1	38
1:15:10	76	39,8	38
1:15:20	76	40,0	38
1:15:30	76	40,0	40
1:15:40	76	39,9	37
1:15:50	76	39,8	41
1:16:00	76	40,9	42
1:16:10	76	39,9	50
1:16:20	76	40,0	53
1:16:30	76	39,9	56
1:16:40	76	39,9	46
1:16:50	76	39,9	46
1:17:00	76	40,2	41
1:17:10	76	40,1	41
1:17:20	76	39,9	40
1:17:30	76	40,0	40
1:17:40	76	40,0	40
1:17:50	75	39,9	46
1:18:00	76	39,9	47
1:18:10	76	39,8	52
1:18:20	76	40,3	51
1:18:30	76	40,2	56
1:18:40	76	40,0	55
1:18:50	76	40,0	54
1:19:00	76	40,1	54
1:19:10	76	40,1	53
1:19:20	75	40,1	53
1:19:30	76	40,4	52
1:19:40	76	40,4	52
1:19:50	76	40,3	56
1:20:00	76	40,3	57
1:20:10	75	41,0	57
1:20:20	75	40,6	66
1:20:30	75	40,5	66
1:20:40	75	40,4	66
1:20:50	75	40,3	68
1:21:00	75	40,3	73
1:21:10	75	40,2	74
