--Test Summary--
Full Path and File Name	
Instrument Name	7322
Instrument Type	Model 7322 Consistometer - Variable Speed
Instrument Serial Number	
Test Start Date	30.03.2015
Test Start Time	12:27:16
Test Stop Date	30.03.2015
Test Stop Time	17:21:53
Test Length	4:54:37
Final Sample Time Offset	4:54:30
Controller Schedule Name	
Sampling Period	10 seconds
Comments	T: 65C (30min); P: 25MPa (30min); 0,1ml Antifoam (NO FOAM)
Information	WellID	Research
Information	Customer	Trican
Information	EngName	Aleksanyan Mikhail
Information	CementClass	100% G+5%DART-100 (BWOC)
Information	CementMfr	Dyckerhoff - Suhoy Log
Information	Additives	0.6%TDF-3+0.1%TC-101+0.35%LTR-100
Information	Density	1900
Information	BHCT	65
Information	BHST	
Information	FluidLoss	
Information	JobType	
Calculated Value	Time_30Bc	N/A
Calculated Value	Time_70Bc	N/A
Initial Temperature (°C)	23 °C
Final Temperature (°C)	65 °C
Initial Pressure (MPa)	0,7 MPa
Final Pressure (MPa)	25,8 MPa
Initial Consistency (Bc)	6 Bc
Final Consistency (Bc)	23 Bc
Initial Wall Temperature (°C)	20 °C
Final Wall Temperature (°C)	65 °C
Initial Motor Speed (RPM)	150 RPM
Final Motor Speed (RPM)	150 RPM
--Data--
Time (HH:MM:SS)	Temperature (°C)	Pressure (MPa)	Consistency (Bc)	Wall Temperature (°C)	Motor Speed (RPM)
0:00:00	23	0,7	6	20	150
0:00:10	23	0,7	6	20	150
0:00:20	23	0,9	6	20	150
0:00:30	23	1,0	6	21	150
0:00:40	23	1,3	6	21	150
0:00:50	23	1,4	6	22	150
0:01:00	23	1,5	6	23	150
0:01:10	23	1,6	5	24	150
0:01:20	23	1,8	5	25	150
0:01:30	23	2,0	5	26	150
0:01:40	23	2,3	5	27	150
0:01:50	23	2,6	4	29	150
0:02:00	23	2,9	4	29	150
0:02:10	23	3,3	4	30	150
0:02:20	23	3,5	4	31	150
0:02:30	23	3,7	4	32	150
0:02:40	23	3,8	4	33	150
0:02:50	23	3,9	4	33	150
0:03:00	23	4,1	4	34	150
0:03:10	24	4,2	3	35	150
0:03:20	24	4,4	3	35	150
0:03:30	24	4,5	4	35	150
0:03:40	24	4,6	4	36	150
0:03:50	25	4,8	3	36	150
0:04:00	25	4,9	4	36	150
0:04:10	25	5,0	4	36	150
0:04:20	26	5,1	4	37	150
0:04:30	26	5,3	4	36	150
0:04:40	26	5,4	4	37	150
0:04:50	26	5,6	4	37	150
0:05:00	27	5,7	4	37	150
0:05:10	27	5,9	4	37	150
0:05:20	27	6,0	4	38	150
0:05:30	28	6,1	4	38	150
0:05:40	28	6,3	3	38	150
0:05:50	28	6,4	4	38	150
0:06:00	28	6,5	3	39	150
0:06:10	28	6,6	4	39	150
0:06:20	29	6,8	4	40	150
0:06:30	29	6,9	4	40	150
0:06:40	29	7,0	4	41	150
0:06:50	29	7,2	4	41	150
0:07:00	30	7,4	4	42	150
0:07:10	30	7,4	4	42	150
0:07:20	30	7,5	4	42	150
0:07:30	30	7,7	4	43	150
0:07:40	31	7,8	4	43	150
0:07:50	31	8,0	4	44	150
0:08:00	31	8,1	4	44	150
0:08:10	32	8,3	4	44	150
0:08:20	32	8,3	4	44	150
0:08:30	32	8,5	4	45	150
0:08:40	32	8,6	4	45	150
0:08:50	33	8,8	4	45	150
0:09:00	33	8,9	4	45	150
0:09:10	33	9,0	4	45	150
0:09:20	34	9,2	4	45	150
0:09:30	34	9,3	4	45	150
0:09:40	34	9,4	4	45	150
0:09:50	34	9,5	4	46	150
0:10:00	35	9,6	4	45	150
0:10:10	35	9,7	4	46	150
0:10:20	35	9,9	4	46	150
0:10:30	36	10,0	4	46	150
0:10:40	36	10,1	4	46	150
0:10:50	36	10,3	4	46	150
0:11:00	36	10,4	4	47	150
0:11:10	37	10,5	4	47	150
0:11:20	37	10,7	4	47	150
0:11:30	37	10,9	4	47	150
0:11:40	37	11,0	4	47	150
0:11:50	38	11,2	4	48	150
0:12:00	38	11,3	4	48	150
0:12:10	38	11,5	4	48	150
0:12:20	38	11,7	4	48	150
0:12:30	38	11,7	4	49	150
0:12:40	39	11,9	4	49	150
0:12:50	39	12,0	4	49	150
0:13:00	39	12,2	4	50	150
0:13:10	39	12,3	4	50	150
0:13:20	40	12,3	4	50	150
0:13:30	40	12,6	5	50	150
0:13:40	40	12,6	4	51	150
0:13:50	40	12,8	5	51	150
0:14:00	40	12,9	5	52	150
0:14:10	41	13,1	5	52	150
0:14:20	41	13,3	5	52	150
0:14:30	41	13,3	5	53	150
0:14:40	41	13,5	5	53	150
0:14:50	42	13,7	5	53	150
0:15:00	42	13,7	5	53	150
0:15:10	42	14,0	5	54	150
0:15:20	42	14,0	5	54	150
0:15:30	43	14,1	5	54	150
0:15:40	43	14,3	5	55	150
0:15:50	43	14,4	5	54	150
0:16:00	43	14,5	5	55	150
0:16:10	44	14,7	5	55	150
0:16:20	44	14,9	5	55	150
0:16:30	44	15,0	4	56	150
0:16:40	44	15,2	5	55	150
0:16:50	45	15,3	5	55	150
0:17:00	45	15,4	5	55	150
0:17:10	45	15,5	5	56	150
0:17:20	45	15,7	5	56	150
0:17:30	46	15,8	5	56	150
0:17:40	46	15,9	5	56	150
0:17:50	46	16,0	5	56	150
0:18:00	46	16,1	5	56	150
0:18:10	47	16,2	5	56	150
0:18:20	47	16,3	5	56	150
0:18:30	47	16,4	5	57	150
0:18:40	48	16,5	5	57	150
0:18:50	48	16,5	5	57	150
0:19:00	48	16,6	5	57	150
0:19:10	48	16,7	5	57	150
0:19:20	49	16,9	5	57	150
0:19:30	49	17,1	6	57	150
0:19:40	49	17,2	6	58	150
0:19:50	49	17,4	6	58	150
0:20:00	49	17,6	5	58	150
0:20:10	50	17,8	5	58	150
0:20:20	50	18,0	5	59	150
0:20:30	50	18,2	5	59	150
0:20:40	50	18,4	5	59	150
0:20:50	50	18,4	5	60	150
0:21:00	51	18,6	6	60	150
0:21:10	51	18,8	6	60	150
0:21:20	51	19,0	6	61	150
0:21:30	51	18,9	6	61	150
0:21:40	52	19,0	6	61	150
0:21:50	52	19,1	6	61	150
0:22:00	52	19,2	6	61	150
0:22:10	52	19,3	6	61	150
0:22:20	53	19,4	6	61	150
0:22:30	53	19,5	6	61	150
0:22:40	53	19,7	6	61	150
0:22:50	53	19,8	6	61	150
0:23:00	54	20,0	6	62	150
0:23:10	54	20,1	6	62	150
0:23:20	54	20,3	6	62	150
0:23:30	54	20,4	6	62	150
0:23:40	54	20,6	6	62	150
0:23:50	55	20,8	6	63	150
0:24:00	55	20,9	6	63	150
0:24:10	55	21,1	6	63	150
0:24:20	55	21,3	6	64	150
0:24:30	56	21,5	6	64	150
0:24:40	56	21,5	6	64	150
0:24:50	56	21,7	7	64	150
0:25:00	56	21,9	6	64	150
0:25:10	56	22,1	6	65	150
0:25:20	57	22,0	7	65	150
0:25:30	57	22,2	6	66	150
0:25:40	57	22,4	7	66	150
0:25:50	57	22,6	6	66	150
0:26:00	57	22,5	7	66	150
0:26:10	58	22,8	7	67	150
0:26:20	58	23,0	6	67	150
0:26:30	58	23,0	7	68	150
0:26:40	58	23,2	7	68	150
0:26:50	58	23,2	6	69	150
0:27:00	59	23,5	7	69	150
0:27:10	59	23,7	6	69	150
0:27:20	59	23,6	7	70	150
0:27:30	59	24,0	7	70	150
0:27:40	59	23,9	6	70	150
0:27:50	60	24,2	7	71	150
0:28:00	60	24,1	6	71	150
0:28:10	60	24,4	6	71	150
0:28:20	60	24,6	7	72	150
0:28:30	61	24,5	7	72	150
0:28:40	61	24,7	7	72	150
0:28:50	61	24,9	7	72	150
0:29:00	61	25,1	7	72	150
0:29:10	62	25,3	7	73	150
0:29:20	62	25,3	7	73	150
0:29:30	62	25,5	7	73	150
0:29:40	62	25,7	7	73	150
0:29:50	63	25,7	7	74	150
0:30:00	63	25,9	7	74	150
0:30:10	63	25,7	7	74	150
0:30:20	63	25,9	8	74	150
0:30:30	64	26,0	7	74	150
0:30:40	64	25,7	7	74	150
0:30:50	64	25,8	8	74	150
0:31:00	64	25,8	8	73	150
0:31:10	65	25,7	8	73	150
0:31:20	65	25,7	8	73	150
0:31:30	65	25,6	8	72	150
0:31:40	65	25,5	8	72	150
0:31:50	65	25,4	8	71	150
0:32:00	66	25,3	8	71	150
0:32:10	66	25,1	8	71	150
0:32:20	66	25,0	8	70	150
0:32:30	66	24,9	8	70	150
0:32:40	66	25,3	8	70	150
0:32:50	66	25,2	8	70	150
0:33:00	66	25,1	8	69	150
0:33:10	66	25,1	8	70	150
0:33:20	66	25,1	8	69	150
0:33:30	66	25,1	8	70	150
0:33:40	66	25,1	8	69	150
0:33:50	66	25,1	8	70	150
0:34:00	66	25,2	8	69	150
0:34:10	66	25,2	8	70	150
0:34:20	66	25,2	8	70	150
0:34:30	66	25,1	8	69	150
0:34:40	66	25,1	8	69	150
0:34:50	66	25,0	8	69	150
0:35:00	66	25,0	8	69	150
0:35:10	66	25,0	8	68	150
0:35:20	66	25,2	8	68	150
0:35:30	66	25,2	8	68	150
0:35:40	66	25,2	8	68	150
0:35:50	66	25,1	8	68	150
0:36:00	66	25,1	8	68	150
0:36:10	66	25,1	8	68	150
0:36:20	66	25,0	8	68	150
0:36:30	66	25,0	8	68	150
0:36:40	66	25,0	9	68	150
0:36:50	66	25,1	9	67	150
0:37:00	66	25,1	9	67	150
0:37:10	66	25,0	9	67	150
0:37:20	66	25,0	9	67	150
0:37:30	66	25,1	8	67	150
0:37:40	66	25,1	9	67	150
0:37:50	66	25,0	9	67	150
0:38:00	66	25,0	9	67	150
0:38:10	66	25,2	8	66	150
0:38:20	66	25,1	9	66	150
0:38:30	66	25,0	9	66	150
0:38:40	66	25,0	9	66	150
0:38:50	66	25,0	9	66	150
0:39:00	66	25,2	9	66	150
0:39:10	66	25,2	9	66	150
0:39:20	66	25,2	8	66	150
0:39:30	66	25,2	8	66	150
0:39:40	66	25,2	8	66	150
0:39:50	66	25,3	9	66	150
0:40:00	66	25,3	9	66	150
0:40:10	66	25,4	8	66	150
0:40:20	66	25,5	8	67	150
0:40:30	66	25,5	8	67	150
0:40:40	66	25,6	9	67	150
0:40:50	66	25,7	9	67	150
0:41:00	66	25,7	9	67	150
0:41:10	66	25,8	9	67	150
0:41:20	66	25,9	9	67	150
0:41:30	65	25,9	9	67	150
0:41:40	65	26,0	9	67	150
0:41:50	65	26,0	9	67	150
0:42:00	65	25,8	9	67	150
0:42:10	65	25,8	9	67	150
0:42:20	65	25,8	9	67	150
0:42:30	65	25,9	9	67	150
0:42:40	65	25,9	9	67	150
0:42:50	65	25,9	9	68	150
0:43:00	65	25,9	9	67	150
0:43:10	65	25,8	9	68	150
0:43:20	65	25,8	9	68	150
0:43:30	65	25,9	9	68	150
0:43:40	65	26,0	9	68	150
0:43:50	65	25,8	9	68	150
0:44:00	65	25,8	9	68	150
0:44:10	65	25,8	9	68	150
0:44:20	65	25,8	9	68	150
0:44:30	65	25,7	9	68	150
0:44:40	65	25,7	9	67	150
0:44:50	65	25,6	9	67	150
0:45:00	65	25,6	9	67	150
0:45:10	66	25,6	9	67	150
0:45:20	66	25,5	9	67	150
0:45:30	66	25,5	9	67	150
0:45:40	66	25,5	10	67	150
0:45:50	66	25,4	10	67	150
0:46:00	66	25,4	10	66	150
0:46:10	66	25,4	9	67	150
0:46:20	65	25,4	10	67	150
0:46:30	65	25,4	10	67	150
0:46:40	65	25,4	9	67	150
0:46:50	65	25,5	9	67	150
0:47:00	65	25,5	10	67	150
0:47:10	65	25,5	10	67	150
0:47:20	65	25,5	10	67	150
0:47:30	65	25,6	10	67	150
0:47:40	65	25,6	10	67	150
0:47:50	65	25,6	10	67	150
0:48:00	65	25,7	10	67	150
0:48:10	65	25,7	10	67	150
0:48:20	65	25,7	10	67	150
0:48:30	65	25,7	10	67	150
0:48:40	65	25,8	10	67	150
0:48:50	65	25,8	10	67	150
0:49:00	65	25,8	10	67	150
0:49:10	65	25,8	10	67	150
0:49:20	65	25,8	10	67	150
0:49:30	65	25,8	10	67	150
0:49:40	65	25,9	10	67	150
0:49:50	65	25,9	10	67	150
0:50:00	65	25,9	10	67	150
0:50:10	65	25,9	10	67	150
0:50:20	65	25,9	10	67	150
0:50:30	65	25,9	11	67	150
0:50:40	65	25,9	10	67	150
0:50:50	65	25,9	10	67	150
0:51:00	65	25,9	10	67	150
0:51:10	65	25,9	10	67	150
0:51:20	65	25,9	11	67	150
0:51:30	65	25,9	11	67	150
0:51:40	65	25,9	11	67	150
0:51:50	65	25,9	11	67	150
0:52:00	65	26,0	11	67	150
0:52:10	65	26,0	11	67	150
0:52:20	65	26,0	11	67	150
0:52:30	65	25,9	10	67	150
0:52:40	65	25,7	10	67	150
0:52:50	65	25,7	10	67	150
0:53:00	65	25,8	10	67	150
0:53:10	65	25,8	10	67	150
0:53:20	65	25,8	11	67	150
0:53:30	65	25,8	11	67	150
0:53:40	65	25,9	11	67	150
0:53:50	65	25,9	11	67	150
0:54:00	65	26,0	11	67	150
0:54:10	65	26,0	11	67	150
0:54:20	65	25,8	11	67	150
0:54:30	65	25,8	11	67	150
0:54:40	65	25,8	11	67	150
0:54:50	65	25,8	11	67	150
0:55:00	65	25,8	11	67	150
0:55:10	65	25,8	11	67	150
0:55:20	65	25,9	11	67	150
0:55:30	65	25,8	11	67	150
0:55:40	65	25,8	11	67	150
0:55:50	65	25,8	10	67	150
0:56:00	65	25,8	11	67	150
0:56:10	65	25,8	11	67	150
0:56:20	65	25,8	11	67	150
0:56:30	65	25,8	11	67	150
0:56:40	65	25,8	11	67	150
0:56:50	65	25,8	11	67	150
0:57:00	65	25,8	11	67	150
0:57:10	65	25,9	11	67	150
0:57:20	65	25,9	11	67	150
0:57:30	65	25,9	11	67	150
0:57:40	65	25,9	11	67	150
0:57:50	65	25,9	11	67	150
0:58:00	65	25,9	11	67	150
0:58:10	65	25,9	11	67	150
0:58:20	65	25,9	11	67	150
0:58:30	65	25,9	11	67	150
0:58:40	65	26,0	11	67	150
0:58:50	65	26,0	11	67	150
0:59:00	65	26,0	10	67	150
0:59:10	65	26,0	10	67	150
0:59:20	65	26,0	10	67	150
0:59:30	65	26,0	10	67	150
0:59:40	65	26,0	10	67	150
0:59:50	65	26,0	10	67	150
1:00:00	65	26,0	11	67	150
1:00:10	65	26,0	11	67	150
1:00:20	65	25,7	11	67	150
1:00:30	65	25,7	11	67	150
1:00:40	65	25,8	11	67	150
1:00:50	65	25,8	11	67	150
1:01:00	65	25,9	11	67	150
1:01:10	65	25,9	11	67	150
1:01:20	65	26,0	11	67	150
1:01:30	65	25,8	11	67	150
1:01:40	65	25,8	11	67	150
1:01:50	65	25,8	11	67	150
1:02:00	65	25,8	11	67	150
1:02:10	65	25,8	11	67	150
1:02:20	65	25,7	11	67	150
1:02:30	65	25,7	11	67	150
1:02:40	65	25,7	11	67	150
1:02:50	65	25,7	11	67	150
1:03:00	65	25,6	11	67	150
1:03:10	65	25,6	11	67	150
1:03:20	65	25,5	11	66	150
1:03:30	65	25,5	11	66	150
1:03:40	65	25,5	11	66	150
1:03:50	65	25,4	11	66	150
1:04:00	65	25,4	11	66	150
1:04:10	65	25,4	11	66	150
1:04:20	65	25,4	11	66	150
1:04:30	65	25,4	11	66	150
1:04:40	65	25,4	11	66	150
1:04:50	65	25,4	11	66	150
1:05:00	65	25,4	11	66	150
1:05:10	65	25,4	11	66	150
1:05:20	65	25,4	11	66	150
1:05:30	65	25,4	11	66	150
1:05:40	65	25,4	11	66	150
1:05:50	65	25,4	11	66	150
1:06:00	65	25,4	11	66	150
1:06:10	65	25,4	11	66	150
1:06:20	65	25,4	11	66	150
1:06:30	65	25,4	11	66	150
1:06:40	65	25,4	12	66	150
1:06:50	65	25,4	12	66	150
1:07:00	65	25,4	12	66	150
1:07:10	65	25,4	11	66	150
1:07:20	65	25,4	11	66	150
1:07:30	65	25,4	12	66	150
1:07:40	65	25,4	12	66	150
1:07:50	65	25,5	12	66	150
1:08:00	65	25,5	12	66	150
1:08:10	65	25,5	12	66	150
1:08:20	65	25,5	12	66	150
1:08:30	65	25,5	12	66	150
1:08:40	65	25,6	12	66	150
1:08:50	65	25,6	11	66	150
1:09:00	65	25,6	12	66	150
1:09:10	65	25,6	12	66	150
1:09:20	65	25,6	11	66	150
1:09:30	65	25,7	11	66	150
1:09:40	65	25,7	11	66	150
1:09:50	65	25,7	11	66	150
1:10:00	65	25,7	11	66	150
1:10:10	65	25,7	12	66	150
1:10:20	65	25,7	12	66	150
1:10:30	65	25,7	12	66	150
1:10:40	65	25,7	12	66	150
1:10:50	65	25,7	12	66	150
1:11:00	65	25,7	12	66	150
1:11:10	65	25,7	12	66	150
1:11:20	65	25,7	12	66	150
1:11:30	65	25,7	12	66	150
1:11:40	65	25,7	12	66	150
1:11:50	65	25,7	12	66	150
1:12:00	65	25,7	12	66	150
1:12:10	65	25,7	12	66	150
1:12:20	65	25,7	12	66	150
1:12:30	65	25,7	12	66	150
1:12:40	65	25,7	12	66	150
1:12:50	65	25,7	12	66	150
1:13:00	65	25,7	12	66	150
1:13:10	65	25,7	13	66	150
1:13:20	65	25,7	12	66	150
1:13:30	65	25,7	12	66	150
1:13:40	65	25,8	12	66	150
1:13:50	65	25,8	12	66	150
1:14:00	65	25,8	12	66	150
1:14:10	65	25,8	12	66	150
1:14:20	65	25,8	13	66	150
1:14:30	65	25,8	13	66	150
1:14:40	65	25,8	12	66	150
1:14:50	65	25,8	12	66	150
1:15:00	65	25,8	13	66	150
1:15:10	65	25,8	13	66	150
1:15:20	65	25,8	12	66	150
1:15:30	65	25,8	13	66	150
1:15:40	65	25,7	13	66	150
1:15:50	65	25,7	13	66	150
1:16:00	65	25,7	13	66	150
1:16:10	65	25,7	13	66	150
1:16:20	65	25,6	13	66	150
1:16:30	65	25,6	13	65	150
1:16:40	65	25,6	13	66	150
1:16:50	65	25,6	13	65	150
1:17:00	65	25,6	13	65	150
1:17:10	65	25,6	13	65	150
1:17:20	65	25,6	13	65	150
1:17:30	65	25,6	12	65	150
1:17:40	65	25,6	13	65	150
1:17:50	65	25,6	13	65	150
1:18:00	65	25,6	13	65	150
1:18:10	65	25,6	13	66	150
1:18:20	65	25,6	13	65	150
1:18:30	65	25,6	13	65	150
1:18:40	65	25,6	12	65	150
1:18:50	65	25,6	13	65	150
1:19:00	65	25,6	13	65	150
1:19:10	65	25,6	13	65	150
1:19:20	65	25,6	13	66	150
1:19:30	65	25,6	13	65	150
1:19:40	65	25,6	13	66	150
1:19:50	65	25,6	13	65	150
1:20:00	65	25,6	13	66	150
1:20:10	65	25,6	13	65	150
1:20:20	65	25,6	13	65	150
1:20:30	65	25,7	13	65	150
1:20:40	65	25,7	13	65	150
1:20:50	65	25,7	13	66	150
1:21:00	65	25,7	13	65	150
1:21:10	65	25,7	13	66	150
1:21:20	65	25,7	13	65	150
1:21:30	65	25,7	13	66	150
1:21:40	65	25,7	13	66	150
1:21:50	65	25,7	13	66	150
1:22:00	65	25,7	13	66	150
1:22:10	65	25,8	13	66	150
1:22:20	65	25,8	13	66	150
1:22:30	65	25,8	13	66	150
1:22:40	65	25,8	12	66	150
1:22:50	65	25,8	12	65	150
1:23:00	65	25,8	13	66	150
1:23:10	65	25,8	13	66	150
1:23:20	65	25,8	13	66	150
1:23:30	65	25,8	13	66	150
1:23:40	65	25,8	13	66	150
1:23:50	65	25,8	13	66	150
1:24:00	65	25,8	13	66	150
1:24:10	65	25,8	13	66	150
1:24:20	65	25,8	13	66	150
1:24:30	65	25,8	13	66	150
1:24:40	65	25,8	13	66	150
1:24:50	65	25,8	13	66	150
1:25:00	65	25,8	12	66	150
1:25:10	65	25,8	13	66	150
1:25:20	65	25,8	13	65	150
1:25:30	65	25,8	13	66	150
1:25:40	65	25,8	14	66	150
1:25:50	65	25,8	13	66	150
1:26:00	65	25,8	14	66	150
1:26:10	65	25,9	14	66	150
1:26:20	65	25,9	13	66	150
1:26:30	65	25,9	14	66	150
1:26:40	65	25,9	14	66	150
1:26:50	65	25,9	14	66	150
1:27:00	65	25,9	14	66	150
1:27:10	65	25,9	14	66	150
1:27:20	65	25,9	13	66	150
1:27:30	65	25,9	14	66	150
1:27:40	65	25,9	14	66	150
1:27:50	65	25,9	14	66	150
1:28:00	65	25,9	13	66	150
1:28:10	65	25,9	13	66	150
1:28:20	65	25,9	13	66	150
1:28:30	65	25,9	14	66	150
1:28:40	65	25,9	14	66	150
1:28:50	65	25,9	14	66	150
1:29:00	65	25,9	14	65	150
1:29:10	65	25,9	14	66	150
1:29:20	65	25,9	14	65	150
1:29:30	65	25,9	14	65	150
1:29:40	65	25,9	14	66	150
1:29:50	65	25,9	14	65	150
1:30:00	65	25,9	14	65	150
1:30:10	65	25,9	14	65	150
1:30:20	65	25,9	14	65	150
1:30:30	65	25,8	14	65	150
1:30:40	65	25,8	14	65	150
1:30:50	65	25,8	14	65	150
1:31:00	65	25,8	14	65	150
1:31:10	65	25,8	14	65	150
1:31:20	65	25,8	14	65	150
1:31:30	65	25,8	14	65	150
1:31:40	65	25,8	14	65	150
1:31:50	65	25,8	13	65	150
1:32:00	65	25,9	14	65	150
1:32:10	65	25,9	14	65	150
1:32:20	65	25,9	14	65	150
1:32:30	65	25,9	14	65	150
1:32:40	65	25,9	14	66	150
1:32:50	65	25,9	14	65	150
1:33:00	65	25,9	14	65	150
1:33:10	65	25,9	14	65	150
1:33:20	65	25,9	13	65	150
1:33:30	65	25,9	14	66	150
1:33:40	65	25,9	14	65	150
1:33:50	65	25,9	14	65	150
1:34:00	65	25,9	14	66	150
1:34:10	65	25,9	13	65	150
1:34:20	65	25,9	13	65	150
1:34:30	65	25,9	13	65	150
1:34:40	65	25,9	13	65	150
1:34:50	65	25,9	13	65	150
1:35:00	65	25,9	13	65	150
1:35:10	65	25,9	13	65	150
1:35:20	65	25,9	13	65	150
1:35:30	65	25,9	13	65	150
1:35:40	65	25,9	13	65	150
1:35:50	65	25,9	13	65	150
1:36:00	65	25,9	13	65	150
1:36:10	65	25,9	13	65	150
1:36:20	65	25,9	13	65	150
1:36:30	65	25,9	13	65	150
1:36:40	65	25,9	13	65	150
1:36:50	65	25,9	13	65	150
1:37:00	65	25,9	13	65	150
1:37:10	65	25,9	13	65	150
1:37:20	65	25,8	13	65	150
1:37:30	65	25,8	13	65	150
1:37:40	65	25,8	13	65	150
1:37:50	65	25,8	13	65	150
1:38:00	65	25,9	13	65	150
1:38:10	65	25,9	13	65	150
1:38:20	65	25,9	13	65	150
1:38:30	65	25,8	13	65	150
1:38:40	65	25,9	13	65	150
1:38:50	65	25,9	13	65	150
1:39:00	65	25,9	13	65	150
1:39:10	65	25,9	13	65	150
1:39:20	65	25,9	13	65	150
1:39:30	65	25,9	13	65	150
1:39:40	65	25,9	13	65	150
1:39:50	65	25,9	13	65	150
1:40:00	65	25,9	14	65	150
1:40:10	65	25,9	13	65	150
1:40:20	65	25,9	13	65	150
1:40:30	65	25,9	13	65	150
1:40:40	65	25,9	14	65	150
1:40:50	65	25,9	14	65	150
1:41:00	65	25,9	13	65	150
1:41:10	65	25,9	13	65	150
1:41:20	65	25,9	13	65	150
1:41:30	65	25,9	13	65	150
1:41:40	65	26,0	14	65	150
1:41:50	65	26,0	14	65	150
1:42:00	65	26,0	13	65	150
1:42:10	65	26,0	14	65	150
1:42:20	65	26,0	14	65	150
1:42:30	65	25,9	14	65	150
1:42:40	65	25,9	13	65	150
1:42:50	65	25,9	14	65	150
1:43:00	65	25,9	14	65	150
1:43:10	65	25,9	14	65	150
1:43:20	65	25,9	14	65	150
1:43:30	65	26,0	14	65	150
1:43:40	65	26,0	14	65	150
1:43:50	65	26,0	14	65	150
1:44:00	65	26,0	14	65	150
1:44:10	65	26,0	14	65	150
1:44:20	65	26,0	14	65	150
1:44:30	65	26,0	14	65	150
1:44:40	65	25,9	14	65	150
1:44:50	65	25,9	14	65	150
1:45:00	65	25,9	14	65	150
1:45:10	65	25,9	14	65	150
1:45:20	65	25,9	14	65	150
1:45:30	65	25,9	14	65	150
1:45:40	65	25,9	14	65	150
1:45:50	65	25,9	14	65	150
1:46:00	65	26,0	14	65	150
1:46:10	65	26,0	14	65	150
1:46:20	65	26,0	14	65	150
1:46:30	65	26,0	14	65	150
1:46:40	65	26,0	14	65	150
1:46:50	65	26,0	14	65	150
1:47:00	65	26,0	14	65	150
1:47:10	65	26,0	14	65	150
1:47:20	65	26,0	14	65	150
1:47:30	65	25,7	14	65	150
1:47:40	65	25,7	14	65	150
1:47:50	65	25,7	14	65	150
1:48:00	65	25,7	14	65	150
1:48:10	65	25,7	14	65	150
1:48:20	65	25,7	14	65	150
1:48:30	65	25,7	14	65	150
1:48:40	65	25,7	14	65	150
1:48:50	65	25,7	14	65	150
1:49:00	65	25,7	14	65	150
1:49:10	65	25,7	14	65	150
1:49:20	65	25,7	14	65	150
1:49:30	65	25,7	14	65	150
1:49:40	65	25,7	14	65	150
1:49:50	65	25,7	14	65	150
1:50:00	65	25,7	14	65	150
1:50:10	65	25,7	14	65	150
1:50:20	65	25,7	14	65	150
1:50:30	65	25,7	14	65	150
1:50:40	65	25,7	14	65	150
1:50:50	65	25,7	14	65	150
1:51:00	65	25,7	14	65	150
1:51:10	65	25,7	14	65	150
1:51:20	65	25,7	14	65	150
1:51:30	65	25,7	14	65	150
1:51:40	65	25,7	14	65	150
1:51:50	65	25,7	14	65	150
1:52:00	65	25,7	14	65	150
1:52:10	65	25,7	14	65	150
1:52:20	65	25,7	14	65	150
1:52:30	65	25,7	14	65	150
1:52:40	65	25,7	14	65	150
1:52:50	65	25,7	14	65	150
1:53:00	65	25,7	14	65	150
1:53:10	65	25,8	15	65	150
1:53:20	65	25,8	15	65	150
1:53:30	65	25,8	15	65	150
1:53:40	65	25,8	15	65	150
1:53:50	65	25,8	15	65	150
1:54:00	65	25,8	15	65	150
1:54:10	65	25,8	15	65	150
1:54:20	65	25,8	15	65	150
1:54:30	65	25,8	15	65	150
1:54:40	65	25,8	14	65	150
1:54:50	65	25,8	15	65	150
1:55:00	65	25,8	15	65	150
1:55:10	65	25,8	15	65	150
1:55:20	65	25,8	15	65	150
1:55:30	65	25,8	15	65	150
1:55:40	65	25,8	15	65	150
1:55:50	65	25,7	15	65	150
1:56:00	65	25,7	15	65	150
1:56:10	65	25,7	15	65	150
1:56:20	65	25,7	15	65	150
1:56:30	65	25,7	15	65	150
1:56:40	65	25,7	15	65	150
1:56:50	65	25,7	15	65	150
1:57:00	65	25,7	15	65	150
1:57:10	65	25,7	16	65	150
1:57:20	65	25,7	15	65	150
1:57:30	65	25,7	15	65	150
1:57:40	65	25,8	15	65	150
1:57:50	65	25,8	16	65	150
1:58:00	65	25,8	15	65	150
1:58:10	65	25,8	15	65	150
1:58:20	65	25,8	15	65	150
1:58:30	65	25,8	15	65	150
1:58:40	65	25,8	15	65	150
1:58:50	65	25,8	15	65	150
1:59:00	65	25,8	15	65	150
1:59:10	65	25,8	15	65	150
1:59:20	65	25,8	15	65	150
1:59:30	65	25,8	15	65	150
1:59:40	65	25,8	15	65	150
1:59:50	65	25,8	15	65	150
2:00:00	65	25,8	15	65	150
2:00:10	65	25,8	15	65	150
2:00:20	65	25,8	15	65	150
2:00:30	65	25,8	15	65	150
2:00:40	65	25,8	15	65	150
2:00:50	65	25,8	15	65	150
2:01:00	65	25,8	15	65	150
2:01:10	65	25,8	15	65	150
2:01:20	65	25,8	15	65	150
2:01:30	65	25,8	15	65	150
2:01:40	65	25,8	15	65	150
2:01:50	65	25,8	15	65	150
2:02:00	65	25,8	15	65	150
2:02:10	65	25,8	15	65	150
2:02:20	65	25,8	15	65	150
2:02:30	65	25,8	15	65	150
2:02:40	65	25,8	15	65	150
2:02:50	65	25,8	15	65	150
2:03:00	65	25,8	15	65	150
2:03:10	65	25,8	15	65	150
2:03:20	65	25,8	15	65	150
2:03:30	65	25,8	15	65	150
2:03:40	65	25,8	15	65	150
2:03:50	65	25,8	15	65	150
2:04:00	65	25,8	15	65	150
2:04:10	65	25,8	15	65	150
2:04:20	65	25,8	15	65	150
2:04:30	65	25,8	15	65	150
2:04:40	65	25,8	15	65	150
2:04:50	65	25,8	15	65	150
2:05:00	65	25,8	15	65	150
2:05:10	65	25,8	15	65	150
2:05:20	65	25,8	15	65	150
2:05:30	65	25,8	15	65	150
2:05:40	65	25,8	15	65	150
2:05:50	65	25,8	15	65	150
2:06:00	65	25,8	15	65	150
2:06:10	65	25,8	15	65	150
2:06:20	65	25,8	16	65	150
2:06:30	65	25,8	15	65	150
2:06:40	65	25,8	15	65	150
2:06:50	65	25,8	16	65	150
2:07:00	65	25,8	16	65	150
2:07:10	65	25,8	16	65	150
2:07:20	65	25,8	16	65	150
2:07:30	65	25,8	16	65	150
2:07:40	65	25,8	16	65	150
2:07:50	65	25,8	16	65	150
2:08:00	65	25,8	15	65	150
2:08:10	65	25,8	16	65	150
2:08:20	65	25,8	16	65	150
2:08:30	65	25,8	16	65	150
2:08:40	65	25,8	16	65	150
2:08:50	65	25,8	16	65	150
2:09:00	65	25,8	16	65	150
2:09:10	65	25,8	16	65	150
2:09:20	65	25,8	16	65	150
2:09:30	65	25,8	15	65	150
2:09:40	65	25,8	16	65	150
2:09:50	65	25,8	16	65	150
2:10:00	65	25,8	16	65	150
2:10:10	65	25,8	16	65	150
2:10:20	65	25,8	16	65	150
2:10:30	65	25,8	16	65	150
2:10:40	65	25,8	16	65	150
2:10:50	65	25,8	16	65	150
2:11:00	65	25,8	16	65	150
2:11:10	65	25,8	16	65	150
2:11:20	65	25,8	16	65	150
2:11:30	65	25,8	16	65	150
2:11:40	65	25,8	16	65	150
2:11:50	65	25,8	16	65	150
2:12:00	65	25,8	16	65	150
2:12:10	65	25,8	16	65	150
2:12:20	65	25,8	16	65	150
2:12:30	65	25,8	16	65	150
2:12:40	65	25,8	16	65	150
2:12:50	65	25,8	16	65	150
2:13:00	65	25,8	16	65	150
2:13:10	65	25,8	16	65	150
2:13:20	65	25,8	16	65	150
2:13:30	65	25,8	16	65	150
2:13:40	65	25,8	16	65	150
2:13:50	65	25,8	16	65	150
2:14:00	65	25,8	16	65	150
2:14:10	65	25,8	16	65	150
2:14:20	65	25,8	16	65	150
2:14:30	65	25,8	16	65	150
2:14:40	65	25,8	16	65	150
2:14:50	65	25,8	16	65	150
2:15:00	65	25,8	16	65	150
2:15:10	65	25,8	16	65	150
2:15:20	65	25,9	16	65	150
2:15:30	65	25,9	16	65	150
2:15:40	65	25,9	16	65	150
2:15:50	65	25,9	16	65	150
2:16:00	65	25,9	16	65	150
2:16:10	65	25,9	16	65	150
2:16:20	65	25,9	16	65	150
2:16:30	65	25,9	16	65	150
2:16:40	65	25,9	16	65	150
2:16:50	65	25,9	16	65	150
2:17:00	65	25,9	16	65	150
2:17:10	65	25,9	16	65	150
2:17:20	65	25,9	16	65	150
2:17:30	65	25,9	16	65	150
2:17:40	65	25,9	16	65	150
2:17:50	65	25,8	16	65	150
2:18:00	65	25,8	16	65	150
2:18:10	65	25,8	16	65	150
2:18:20	65	25,8	16	65	150
2:18:30	65	25,8	16	65	150
2:18:40	65	25,8	16	65	150
2:18:50	65	25,8	16	65	150
2:19:00	65	25,8	16	65	150
2:19:10	65	25,8	16	65	150
2:19:20	65	25,8	16	65	150
2:19:30	65	25,8	16	65	150
2:19:40	65	25,8	16	65	150
2:19:50	65	25,8	16	65	150
2:20:00	65	25,8	16	65	150
2:20:10	65	25,8	16	65	150
2:20:20	65	25,8	16	65	150
2:20:30	65	25,8	16	65	150
2:20:40	65	25,8	16	65	150
2:20:50	65	25,8	16	65	150
2:21:00	65	25,8	16	65	150
2:21:10	65	25,8	16	65	150
2:21:20	65	25,8	16	65	150
2:21:30	65	25,8	16	65	150
2:21:40	65	25,8	16	65	150
2:21:50	65	25,9	16	65	150
2:22:00	65	25,9	16	65	150
2:22:10	65	25,8	16	65	150
2:22:20	65	25,8	16	65	150
2:22:30	65	25,8	16	65	150
2:22:40	65	25,8	16	65	150
2:22:50	65	25,8	16	65	150
2:23:00	65	25,8	16	65	150
2:23:10	65	25,8	16	65	150
2:23:20	65	25,8	16	65	150
2:23:30	65	25,8	16	65	150
2:23:40	65	25,8	16	65	150
2:23:50	65	25,8	16	65	150
2:24:00	65	25,8	16	65	150
2:24:10	65	25,8	16	65	150
2:24:20	65	25,8	16	65	150
2:24:30	65	25,8	16	65	150
2:24:40	65	25,8	16	65	150
2:24:50	65	25,8	16	65	150
2:25:00	65	25,8	15	65	150
2:25:10	65	25,8	16	65	150
2:25:20	65	25,8	16	65	150
2:25:30	65	25,8	16	65	150
2:25:40	65	25,8	16	65	150
2:25:50	65	25,8	16	65	150
2:26:00	65	25,8	16	65	150
2:26:10	65	25,8	16	65	150
2:26:20	65	25,8	16	65	150
2:26:30	65	25,8	16	65	150
2:26:40	65	25,8	16	65	150
2:26:50	65	25,8	16	65	150
2:27:00	65	25,8	16	65	150
2:27:10	65	25,8	16	65	150
2:27:20	65	25,8	16	65	150
2:27:30	65	25,8	16	65	150
2:27:40	65	25,8	16	65	150
2:27:50	65	25,8	16	65	150
2:28:00	65	25,8	16	65	150
2:28:10	65	25,8	16	65	150
2:28:20	65	25,8	16	65	150
2:28:30	65	25,9	16	65	150
2:28:40	65	25,8	16	65	150
2:28:50	65	25,8	16	65	150
2:29:00	65	25,8	16	65	150
2:29:10	65	25,8	16	65	150
2:29:20	65	25,8	16	65	150
2:29:30	65	25,8	16	65	150
2:29:40	65	25,8	16	65	150
2:29:50	65	25,8	16	65	150
2:30:00	65	25,8	16	65	150
2:30:10	65	25,8	16	65	150
2:30:20	65	25,9	16	65	150
2:30:30	65	25,9	16	65	150
2:30:40	65	25,9	16	65	150
2:30:50	65	25,9	16	65	150
2:31:00	65	25,9	16	65	150
2:31:10	65	25,9	16	65	150
2:31:20	65	25,9	16	65	150
2:31:30	65	25,9	16	65	150
2:31:40	65	25,9	16	65	150
2:31:50	65	25,9	16	65	150
2:32:00	65	25,9	16	65	150
2:32:10	65	25,9	16	65	150
2:32:20	65	25,9	16	65	150
2:32:30	65	25,9	16	65	150
2:32:40	65	25,9	16	65	150
2:32:50	65	25,9	16	65	150
2:33:00	65	25,9	16	65	150
2:33:10	65	25,9	16	65	150
2:33:20	65	25,9	16	65	150
2:33:30	65	25,9	16	65	150
2:33:40	65	25,9	16	65	150
2:33:50	65	25,9	16	65	150
2:34:00	65	25,9	16	65	150
2:34:10	65	25,9	16	65	150
2:34:20	65	25,8	16	65	150
2:34:30	65	25,8	16	65	150
2:34:40	65	25,8	16	65	150
2:34:50	65	25,8	16	65	150
2:35:00	65	25,8	16	65	150
2:35:10	65	25,8	16	65	150
2:35:20	65	25,8	16	65	150
2:35:30	65	25,8	16	65	150
2:35:40	65	25,8	16	65	150
2:35:50	65	25,8	16	65	150
2:36:00	65	25,9	16	65	150
2:36:10	65	25,9	16	65	150
2:36:20	65	25,9	16	65	150
2:36:30	65	25,9	16	65	150
2:36:40	65	25,9	16	65	150
2:36:50	65	25,9	16	65	150
2:37:00	65	25,9	16	65	150
2:37:10	65	25,8	16	65	150
2:37:20	65	25,8	16	65	150
2:37:30	65	25,8	16	65	150
2:37:40	65	25,8	16	65	150
2:37:50	65	25,8	16	65	150
2:38:00	65	25,8	16	65	150
2:38:10	65	25,8	16	65	150
2:38:20	65	25,8	16	65	150
2:38:30	65	25,8	16	65	150
2:38:40	65	25,8	16	65	150
2:38:50	65	25,8	16	65	150
2:39:00	65	25,8	16	65	150
2:39:10	65	25,8	16	65	150
2:39:20	65	25,8	16	65	150
2:39:30	65	25,8	16	65	150
2:39:40	65	25,8	16	65	150
2:39:50	65	25,8	16	65	150
2:40:00	65	25,8	16	65	150
2:40:10	65	25,8	16	65	150
2:40:20	65	25,8	16	65	150
2:40:30	65	25,8	16	65	150
2:40:40	65	25,8	16	65	150
2:40:50	65	25,8	16	65	150
2:41:00	65	25,8	16	65	150
2:41:10	65	25,8	16	65	150
2:41:20	65	25,8	16	65	150
2:41:30	65	25,8	16	65	150
2:41:40	65	25,8	16	65	150
2:41:50	65	25,8	16	65	150
2:42:00	65	25,8	16	65	150
2:42:10	65	25,8	16	65	150
2:42:20	65	25,8	16	65	150
2:42:30	65	25,8	16	65	150
2:42:40	65	25,9	16	65	150
2:42:50	65	25,9	16	65	150
2:43:00	65	25,9	16	65	150
2:43:10	65	25,9	16	65	150
2:43:20	65	25,9	16	65	150
2:43:30	65	25,9	16	65	150
2:43:40	65	25,9	16	65	150
2:43:50	65	25,9	16	65	150
2:44:00	65	25,9	16	65	150
2:44:10	65	25,9	16	65	150
2:44:20	65	25,9	16	65	150
2:44:30	65	25,9	17	65	150
2:44:40	65	25,9	17	65	150
2:44:50	65	25,8	16	65	150
2:45:00	65	25,8	16	65	150
2:45:10	65	25,8	17	65	150
2:45:20	65	25,9	17	65	150
2:45:30	65	25,8	17	65	150
2:45:40	65	25,8	17	65	150
2:45:50	65	25,8	17	65	150
2:46:00	65	25,8	17	65	150
2:46:10	65	25,8	16	65	150
2:46:20	65	25,8	16	65	150
2:46:30	65	25,8	17	65	150
2:46:40	65	25,8	17	65	150
2:46:50	65	25,8	17	65	150
2:47:00	65	25,8	17	65	150
2:47:10	65	25,8	17	65	150
2:47:20	65	25,8	17	65	150
2:47:30	65	25,8	17	65	150
2:47:40	65	25,8	17	65	150
2:47:50	65	25,8	17	65	150
2:48:00	65	25,8	17	65	150
2:48:10	65	25,8	17	65	150
2:48:20	65	25,8	17	65	150
2:48:30	65	25,8	17	65	150
2:48:40	65	25,8	17	65	150
2:48:50	65	25,9	17	65	150
2:49:00	65	25,9	17	65	150
2:49:10	65	25,9	17	65	150
2:49:20	65	25,9	17	65	150
2:49:30	65	25,9	17	65	150
2:49:40	65	25,9	17	65	150
2:49:50	65	25,9	17	65	150
2:50:00	65	25,9	17	65	150
2:50:10	65	25,8	17	65	150
2:50:20	65	25,8	17	65	150
2:50:30	65	25,8	17	65	150
2:50:40	65	25,8	17	65	150
2:50:50	65	25,8	17	65	150
2:51:00	65	25,8	17	65	150
2:51:10	65	25,8	17	65	150
2:51:20	65	25,8	17	65	150
2:51:30	65	25,8	17	65	150
2:51:40	65	25,8	17	65	150
2:51:50	65	25,8	17	65	150
2:52:00	65	25,8	17	65	150
2:52:10	65	25,8	17	65	150
2:52:20	65	25,8	17	65	150
2:52:30	65	25,8	17	65	150
2:52:40	65	25,9	17	65	150
2:52:50	65	25,8	17	65	150
2:53:00	65	25,8	17	65	150
2:53:10	65	25,9	17	65	150
2:53:20	65	25,8	17	65	150
2:53:30	65	25,8	17	65	150
2:53:40	65	25,8	17	65	150
2:53:50	65	25,8	17	65	150
2:54:00	65	25,8	17	65	150
2:54:10	65	25,8	17	65	150
2:54:20	65	25,8	17	65	150
2:54:30	65	25,8	17	65	150
2:54:40	65	25,8	17	65	150
2:54:50	65	25,8	17	65	150
2:55:00	65	25,8	17	65	150
2:55:10	65	25,8	17	65	150
2:55:20	65	25,8	17	65	150
2:55:30	65	25,8	17	65	150
2:55:40	65	25,8	17	65	150
2:55:50	65	25,8	17	65	150
2:56:00	65	25,8	17	65	150
2:56:10	65	25,8	17	65	150
2:56:20	65	25,8	17	65	150
2:56:30	65	25,8	17	65	150
2:56:40	65	25,9	17	65	150
2:56:50	65	25,9	17	65	150
2:57:00	65	25,9	17	65	150
2:57:10	65	25,9	17	65	150
2:57:20	65	25,9	17	65	150
2:57:30	65	25,9	17	65	150
2:57:40	65	25,9	17	65	150
2:57:50	65	25,9	17	65	150
2:58:00	65	25,8	17	65	150
2:58:10	65	25,9	17	65	150
2:58:20	65	25,9	17	65	150
2:58:30	65	25,9	17	65	150
2:58:40	65	25,9	17	65	150
2:58:50	65	25,9	17	65	150
2:59:00	65	25,9	17	65	150
2:59:10	65	25,9	17	65	150
2:59:20	65	25,9	17	65	150
2:59:30	65	25,9	17	65	150
2:59:40	65	25,9	17	65	150
2:59:50	65	25,9	17	65	150
3:00:00	65	25,9	17	65	150
3:00:10	65	25,9	17	65	150
3:00:20	65	25,9	17	65	150
3:00:30	65	25,9	17	65	150
3:00:40	65	25,9	17	65	150
3:00:50	65	25,9	17	65	150
3:01:00	65	25,9	17	65	150
3:01:10	65	25,9	17	65	150
3:01:20	65	25,9	17	65	150
3:01:30	65	25,8	17	65	150
3:01:40	65	25,8	17	65	150
3:01:50	65	25,8	17	65	150
3:02:00	65	25,8	17	65	150
3:02:10	65	25,8	17	65	150
3:02:20	65	25,8	17	65	150
3:02:30	65	25,8	17	65	150
3:02:40	65	25,8	17	65	150
3:02:50	65	25,8	17	65	150
3:03:00	65	25,8	17	65	150
3:03:10	65	25,8	17	65	150
3:03:20	65	25,8	17	65	150
3:03:30	65	25,8	17	65	150
3:03:40	65	25,8	17	65	150
3:03:50	65	25,8	17	65	150
3:04:00	65	25,8	17	65	150
3:04:10	65	25,8	17	65	150
3:04:20	65	25,8	17	65	150
3:04:30	65	25,8	17	65	150
3:04:40	65	25,8	17	65	150
3:04:50	65	25,8	17	65	150
3:05:00	65	25,8	17	65	150
3:05:10	65	25,8	17	65	150
3:05:20	65	25,8	17	65	150
3:05:30	65	25,9	17	65	150
3:05:40	65	25,9	17	65	150
3:05:50	65	25,9	17	65	150
3:06:00	65	25,9	17	65	150
3:06:10	65	25,9	17	65	150
3:06:20	65	25,9	17	65	150
3:06:30	65	25,9	17	65	150
3:06:40	65	25,9	17	65	150
3:06:50	65	25,9	17	65	150
3:07:00	65	25,9	17	65	150
3:07:10	65	25,9	17	65	150
3:07:20	65	25,9	17	65	150
3:07:30	65	25,9	17	65	150
3:07:40	65	25,9	18	65	150
3:07:50	65	25,9	17	65	150
3:08:00	65	25,9	17	65	150
3:08:10	65	25,9	17	65	150
3:08:20	65	25,9	17	65	150
3:08:30	65	25,9	17	65	150
3:08:40	65	25,9	18	65	150
3:08:50	65	26,0	18	65	150
3:09:00	65	26,0	18	65	150
3:09:10	65	26,0	18	65	150
3:09:20	65	26,0	17	65	150
3:09:30	65	26,0	18	65	150
3:09:40	65	26,0	18	65	150
3:09:50	65	26,0	18	65	150
3:10:00	65	26,0	18	65	150
3:10:10	65	26,0	18	65	150
3:10:20	65	26,0	18	65	150
3:10:30	65	26,0	18	65	150
3:10:40	65	26,0	18	65	150
3:10:50	65	26,0	18	65	150
3:11:00	65	26,0	18	65	150
3:11:10	65	26,0	18	65	150
3:11:20	65	26,0	18	65	150
3:11:30	65	26,0	18	65	150
3:11:40	65	26,0	18	65	150
3:11:50	65	26,0	18	65	150
3:12:00	65	26,0	18	65	150
3:12:10	65	25,9	18	65	150
3:12:20	65	25,9	18	65	150
3:12:30	65	25,9	18	65	150
3:12:40	65	25,9	18	65	150
3:12:50	65	25,9	18	65	150
3:13:00	65	26,0	18	65	150
3:13:10	65	25,9	18	65	150
3:13:20	65	25,9	18	65	150
3:13:30	65	25,9	18	65	150
3:13:40	65	25,9	18	65	150
3:13:50	65	25,9	18	65	150
3:14:00	65	25,9	18	65	150
3:14:10	65	25,9	18	65	150
3:14:20	65	25,9	18	65	150
3:14:30	65	25,9	18	65	150
3:14:40	65	25,9	18	65	150
3:14:50	65	25,9	18	65	150
3:15:00	65	25,9	18	65	150
3:15:10	65	25,9	18	65	150
3:15:20	65	25,9	18	65	150
3:15:30	65	25,9	18	65	150
3:15:40	65	25,9	18	65	150
3:15:50	65	25,9	18	65	150
3:16:00	65	25,9	18	65	150
3:16:10	65	25,9	18	65	150
3:16:20	65	25,9	18	65	150
3:16:30	65	25,9	18	65	150
3:16:40	65	25,9	18	65	150
3:16:50	65	25,9	18	65	150
3:17:00	65	25,9	18	65	150
3:17:10	65	25,9	18	65	150
3:17:20	65	25,9	18	65	150
3:17:30	65	25,9	18	65	150
3:17:40	65	25,9	18	65	150
3:17:50	65	25,9	18	65	150
3:18:00	65	25,9	18	65	150
3:18:10	65	25,9	18	65	150
3:18:20	65	25,9	18	65	150
3:18:30	65	26,0	18	65	150
3:18:40	65	26,0	18	65	150
3:18:50	65	26,0	18	65	150
3:19:00	65	26,0	18	65	150
3:19:10	65	26,0	18	65	150
3:19:20	65	26,0	18	65	150
3:19:30	65	26,0	18	65	150
3:19:40	65	25,9	18	65	150
3:19:50	65	25,9	18	65	150
3:20:00	65	25,9	18	65	150
3:20:10	65	25,9	18	65	150
3:20:20	65	25,9	18	65	150
3:20:30	65	25,9	18	65	150
3:20:40	65	25,9	18	65	150
3:20:50	65	25,9	18	65	150
3:21:00	65	25,9	18	65	150
3:21:10	65	25,9	18	65	150
3:21:20	65	25,9	18	65	150
3:21:30	65	25,9	18	65	150
3:21:40	65	25,9	18	65	150
3:21:50	65	25,9	18	65	150
3:22:00	65	25,9	18	65	150
3:22:10	65	25,9	18	65	150
3:22:20	65	25,9	18	65	150
3:22:30	65	25,9	18	65	150
3:22:40	65	25,9	18	65	150
3:22:50	65	25,9	18	65	150
3:23:00	65	25,9	19	65	150
3:23:10	65	25,9	18	65	150
3:23:20	65	25,9	18	65	150
3:23:30	65	25,9	18	65	150
3:23:40	65	25,9	18	65	150
3:23:50	65	25,9	18	65	150
3:24:00	65	25,9	18	65	150
3:24:10	65	25,9	18	65	150
3:24:20	65	25,9	18	65	150
3:24:30	65	25,9	18	65	150
3:24:40	65	25,9	18	65	150
3:24:50	65	25,9	18	65	150
3:25:00	65	25,9	18	65	150
3:25:10	65	25,9	19	65	150
3:25:20	65	25,9	18	65	150
3:25:30	65	25,9	19	65	150
3:25:40	65	25,9	18	65	150
3:25:50	65	25,9	18	65	150
3:26:00	65	25,9	18	65	150
3:26:10	65	25,9	18	65	150
3:26:20	65	25,9	18	65	150
3:26:30	65	25,9	18	65	150
3:26:40	65	25,9	18	65	150
3:26:50	65	25,9	18	65	150
3:27:00	65	25,9	19	65	150
3:27:10	65	25,9	19	65	150
3:27:20	65	25,9	18	65	150
3:27:30	65	25,9	19	65	150
3:27:40	65	25,9	18	65	150
3:27:50	65	25,9	18	65	150
3:28:00	65	25,9	19	65	150
3:28:10	65	25,9	19	65	150
3:28:20	65	25,9	19	65	150
3:28:30	65	25,9	19	65	150
3:28:40	65	25,9	19	65	150
3:28:50	65	25,9	19	65	150
3:29:00	65	25,9	19	65	150
3:29:10	65	25,9	19	65	150
3:29:20	65	25,9	19	65	150
3:29:30	65	25,9	19	65	150
3:29:40	65	25,9	18	65	150
3:29:50	65	25,9	19	65	150
3:30:00	65	25,9	19	65	150
3:30:10	65	25,9	19	65	150
3:30:20	65	25,9	19	65	150
3:30:30	65	25,9	19	65	150
3:30:40	65	25,9	19	65	150
3:30:50	65	25,9	19	65	150
3:31:00	65	25,9	19	65	150
3:31:10	65	25,9	19	65	150
3:31:20	65	25,9	19	65	150
3:31:30	65	25,9	18	65	150
3:31:40	65	25,9	18	65	150
3:31:50	65	25,9	18	65	150
3:32:00	65	25,9	19	65	150
3:32:10	65	25,9	19	65	150
3:32:20	65	25,9	19	65	150
3:32:30	65	25,9	18	65	150
3:32:40	65	25,9	18	65	150
3:32:50	65	25,9	18	65	150
3:33:00	65	25,9	19	65	150
3:33:10	65	25,9	18	65	150
3:33:20	65	25,9	18	65	150
3:33:30	65	25,9	18	65	150
3:33:40	65	25,9	19	65	150
3:33:50	65	25,9	19	65	150
3:34:00	65	25,9	19	65	150
3:34:10	65	25,9	19	65	150
3:34:20	65	25,9	18	65	150
3:34:30	65	25,9	18	65	150
3:34:40	65	25,9	18	65	150
3:34:50	65	25,9	19	65	150
3:35:00	65	25,9	19	65	150
3:35:10	65	25,9	19	65	150
3:35:20	65	25,9	19	65	150
3:35:30	65	25,9	19	65	150
3:35:40	65	25,9	18	65	150
3:35:50	65	25,9	18	65	150
3:36:00	65	25,9	18	65	150
3:36:10	65	25,9	18	65	150
3:36:20	65	25,9	18	65	150
3:36:30	65	25,9	18	65	150
3:36:40	65	25,9	18	65	150
3:36:50	65	25,9	18	65	150
3:37:00	65	25,9	18	65	150
3:37:10	65	25,9	18	65	150
3:37:20	65	25,9	18	65	150
3:37:30	65	25,9	18	65	150
3:37:40	65	25,9	18	65	150
3:37:50	65	25,9	18	65	150
3:38:00	65	25,9	18	65	150
3:38:10	65	25,9	18	65	150
3:38:20	65	25,9	18	65	150
3:38:30	65	25,9	18	65	150
3:38:40	65	25,9	18	65	150
3:38:50	65	25,9	18	65	150
3:39:00	65	25,9	18	65	150
3:39:10	65	25,9	18	65	150
3:39:20	65	25,9	18	65	150
3:39:30	65	25,9	18	65	150
3:39:40	65	25,9	18	65	150
3:39:50	65	25,9	18	65	150
3:40:00	65	25,9	18	65	150
3:40:10	65	25,9	18	65	150
3:40:20	65	25,9	18	65	150
3:40:30	65	25,9	18	65	150
3:40:40	65	25,9	18	65	150
3:40:50	65	25,9	18	65	150
3:41:00	65	25,9	18	65	150
3:41:10	65	25,9	19	65	150
3:41:20	65	25,9	18	65	150
3:41:30	65	25,9	18	65	150
3:41:40	65	25,9	19	65	150
3:41:50	65	25,9	19	65	150
3:42:00	65	25,9	19	65	150
3:42:10	65	25,9	18	65	150
3:42:20	65	25,9	18	65	150
3:42:30	65	25,9	18	65	150
3:42:40	65	25,9	18	65	150
3:42:50	65	25,9	18	65	150
3:43:00	65	25,9	18	65	150
3:43:10	65	25,9	19	65	150
3:43:20	65	25,9	19	65	150
3:43:30	65	25,9	18	65	150
3:43:40	65	25,9	19	65	150
3:43:50	65	25,9	18	65	150
3:44:00	65	25,9	19	65	150
3:44:10	65	25,9	18	65	150
3:44:20	65	25,9	19	65	150
3:44:30	65	25,9	19	65	150
3:44:40	65	25,9	19	65	150
3:44:50	65	25,9	19	65	150
3:45:00	65	25,9	18	65	150
3:45:10	65	25,9	18	65	150
3:45:20	65	25,9	19	65	150
3:45:30	65	25,9	18	65	150
3:45:40	65	25,9	18	65	150
3:45:50	65	25,9	18	65	150
3:46:00	65	25,9	19	65	150
3:46:10	65	25,9	19	65	150
3:46:20	65	25,9	19	65	150
3:46:30	65	25,9	19	65	150
3:46:40	65	25,9	19	65	150
3:46:50	65	25,9	19	65	150
3:47:00	65	25,9	19	65	150
3:47:10	65	25,9	19	65	150
3:47:20	65	25,9	18	65	150
3:47:30	65	25,9	18	65	150
3:47:40	65	25,9	19	65	150
3:47:50	65	25,9	19	65	150
3:48:00	65	25,9	19	65	150
3:48:10	65	25,9	19	65	150
3:48:20	65	25,9	19	65	150
3:48:30	65	25,9	19	65	150
3:48:40	65	25,9	19	65	150
3:48:50	65	25,9	19	65	150
3:49:00	65	25,9	19	65	150
3:49:10	65	25,9	19	65	150
3:49:20	65	25,9	19	65	150
3:49:30	65	25,9	19	65	150
3:49:40	65	25,9	18	65	150
3:49:50	65	25,9	19	65	150
3:50:00	65	25,9	19	65	150
3:50:10	65	25,9	19	65	150
3:50:20	65	25,9	19	65	150
3:50:30	65	25,9	19	65	150
3:50:40	65	25,9	19	65	150
3:50:50	65	25,9	19	65	150
3:51:00	65	25,9	19	65	150
3:51:10	65	25,9	19	65	150
3:51:20	65	25,9	19	65	150
3:51:30	65	25,9	19	65	150
3:51:40	65	25,9	19	65	150
3:51:50	65	25,9	19	65	150
3:52:00	65	25,9	19	65	150
3:52:10	65	25,9	18	65	150
3:52:20	65	25,9	18	65	150
3:52:30	65	25,9	19	65	150
3:52:40	65	25,9	19	65	150
3:52:50	65	25,9	19	65	150
3:53:00	65	25,9	19	65	150
3:53:10	65	25,9	19	65	150
3:53:20	65	25,9	19	65	150
3:53:30	65	25,9	19	65	150
3:53:40	65	25,9	19	65	150
3:53:50	65	25,9	19	65	150
3:54:00	65	25,9	19	65	150
3:54:10	65	25,9	19	65	150
3:54:20	65	25,9	19	65	150
3:54:30	65	25,9	19	65	150
3:54:40	65	25,9	19	65	150
3:54:50	65	25,9	19	65	150
3:55:00	65	25,9	19	65	150
3:55:10	65	25,9	19	65	150
3:55:20	65	25,9	19	65	150
3:55:30	65	25,9	20	65	150
3:55:40	65	25,9	20	65	150
3:55:50	65	25,9	20	65	150
3:56:00	65	25,9	19	65	150
3:56:10	65	25,9	19	65	150
3:56:20	65	25,9	19	65	150
3:56:30	65	25,9	19	65	150
3:56:40	65	25,9	19	65	150
3:56:50	65	25,9	19	65	150
3:57:00	65	25,9	19	65	150
3:57:10	65	25,9	19	65	150
3:57:20	65	25,9	19	65	150
3:57:30	65	25,9	19	65	150
3:57:40	65	25,9	19	65	150
3:57:50	65	25,9	19	65	150
3:58:00	65	25,9	19	65	150
3:58:10	65	25,9	19	65	150
3:58:20	65	25,9	19	65	150
3:58:30	65	25,9	19	65	150
3:58:40	65	25,9	19	65	150
3:58:50	65	25,9	19	65	150
3:59:00	65	25,9	19	65	150
3:59:10	65	25,9	19	65	150
3:59:20	65	25,9	19	65	150
3:59:30	65	25,9	19	65	150
3:59:40	65	25,9	19	65	150
3:59:50	65	25,9	19	65	150
4:00:00	65	25,9	19	65	150
4:00:10	65	25,9	20	65	150
4:00:20	65	25,9	20	65	150
4:00:30	65	25,9	19	65	150
4:00:40	65	25,9	19	65	150
4:00:50	65	25,9	19	65	150
4:01:00	65	25,9	19	65	150
4:01:10	65	25,9	19	65	150
4:01:20	65	25,9	20	65	150
4:01:30	65	25,9	20	65	150
4:01:40	65	25,9	20	65	150
4:01:50	65	25,9	20	65	150
4:02:00	65	25,9	19	65	150
4:02:10	65	25,9	20	65	150
4:02:20	65	25,9	20	65	150
4:02:30	65	25,9	19	65	150
4:02:40	65	25,9	19	65	150
4:02:50	65	25,9	19	65	150
4:03:00	65	25,9	19	65	150
4:03:10	65	25,9	19	65	150
4:03:20	65	25,9	19	65	150
4:03:30	65	25,9	19	65	150
4:03:40	65	25,9	19	65	150
4:03:50	65	25,9	19	65	150
4:04:00	65	25,9	20	65	150
4:04:10	65	25,9	20	65	150
4:04:20	65	25,9	20	65	150
4:04:30	65	25,9	19	65	150
4:04:40	65	25,9	20	65	150
4:04:50	65	25,9	20	65	150
4:05:00	65	25,9	20	65	150
4:05:10	65	25,9	20	65	150
4:05:20	65	25,9	20	65	150
4:05:30	65	25,9	20	65	150
4:05:40	65	25,9	20	65	150
4:05:50	65	25,9	20	65	150
4:06:00	65	25,9	20	65	150
4:06:10	65	25,9	20	65	150
4:06:20	65	25,9	20	65	150
4:06:30	65	25,9	20	65	150
4:06:40	65	25,9	20	65	150
4:06:50	65	25,9	20	65	150
4:07:00	65	25,9	20	65	150
4:07:10	65	25,9	20	65	150
4:07:20	65	25,9	20	65	150
4:07:30	65	25,9	20	65	150
4:07:40	65	25,9	20	65	150
4:07:50	65	25,9	20	65	150
4:08:00	65	25,9	20	65	150
4:08:10	65	25,9	20	65	150
4:08:20	65	25,9	20	65	150
4:08:30	65	25,9	20	65	150
4:08:40	65	25,9	20	65	150
4:08:50	65	25,9	20	65	150
4:09:00	65	25,9	20	65	150
4:09:10	65	25,9	20	65	150
4:09:20	65	25,9	20	65	150
4:09:30	65	25,9	20	65	150
4:09:40	65	25,9	20	65	150
4:09:50	65	25,9	20	65	150
4:10:00	65	25,9	20	65	150
4:10:10	65	25,9	20	65	150
4:10:20	65	25,9	20	65	150
4:10:30	65	25,9	20	65	150
4:10:40	65	25,9	20	65	150
4:10:50	65	25,9	20	65	150
4:11:00	65	25,9	20	65	150
4:11:10	65	25,9	20	65	150
4:11:20	65	25,9	20	65	150
4:11:30	65	25,9	20	65	150
4:11:40	65	25,9	20	65	150
4:11:50	65	25,9	20	65	150
4:12:00	65	25,9	20	65	150
4:12:10	65	25,9	20	65	150
4:12:20	65	25,9	20	65	150
4:12:30	65	25,9	20	65	150
4:12:40	65	25,9	20	65	150
4:12:50	65	25,9	20	65	150
4:13:00	65	25,9	20	65	150
4:13:10	65	25,9	20	65	150
4:13:20	65	25,9	20	65	150
4:13:30	65	25,9	20	65	150
4:13:40	65	25,9	20	65	150
4:13:50	65	25,9	20	65	150
4:14:00	65	25,9	20	65	150
4:14:10	65	25,9	20	65	150
4:14:20	65	25,9	20	65	150
4:14:30	65	25,9	20	65	150
4:14:40	65	25,8	20	65	150
4:14:50	65	25,8	20	65	150
4:15:00	65	25,8	20	65	150
4:15:10	65	25,8	20	65	150
4:15:20	65	25,8	20	65	150
4:15:30	65	25,8	20	65	150
4:15:40	65	25,8	20	65	150
4:15:50	65	25,8	20	65	150
4:16:00	65	25,8	20	65	150
4:16:10	65	25,8	20	65	150
4:16:20	65	25,9	20	65	150
4:16:30	65	25,9	20	65	150
4:16:40	65	25,9	20	65	150
4:16:50	65	25,9	20	65	150
4:17:00	65	25,9	20	65	150
4:17:10	65	25,9	20	65	150
4:17:20	65	25,9	20	65	150
4:17:30	65	25,9	20	65	150
4:17:40	65	25,9	20	65	150
4:17:50	65	25,9	20	65	150
4:18:00	65	25,9	20	65	150
4:18:10	65	25,9	20	65	150
4:18:20	65	25,9	20	65	150
4:18:30	65	25,9	21	65	150
4:18:40	65	25,9	20	65	150
4:18:50	65	25,9	20	65	150
4:19:00	65	25,9	20	65	150
4:19:10	65	25,9	20	65	150
4:19:20	65	25,9	20	65	150
4:19:30	65	25,9	20	65	150
4:19:40	65	25,9	20	65	150
4:19:50	65	25,9	20	65	150
4:20:00	65	25,9	20	65	150
4:20:10	65	25,9	20	65	150
4:20:20	65	25,9	20	65	150
4:20:30	65	25,9	20	65	150
4:20:40	65	25,9	20	65	150
4:20:50	65	25,9	20	65	150
4:21:00	65	25,9	21	65	150
4:21:10	65	25,9	21	65	150
4:21:20	65	25,9	21	65	150
4:21:30	65	25,8	21	65	150
4:21:40	65	25,8	21	65	150
4:21:50	65	25,8	20	65	150
4:22:00	65	25,8	21	65	150
4:22:10	65	25,8	21	65	150
4:22:20	65	25,8	20	65	150
4:22:30	65	25,8	20	65	150
4:22:40	65	25,8	21	65	150
4:22:50	65	25,8	20	65	150
4:23:00	65	25,8	20	65	150
4:23:10	65	25,8	20	65	150
4:23:20	65	25,8	20	65	150
4:23:30	65	25,8	20	65	150
4:23:40	65	25,8	20	65	150
4:23:50	65	25,8	21	65	150
4:24:00	65	25,8	21	65	150
4:24:10	65	25,8	21	65	150
4:24:20	65	25,8	21	65	150
4:24:30	65	25,9	21	65	150
4:24:40	65	25,9	21	65	150
4:24:50	65	25,9	21	65	150
4:25:00	65	25,8	21	65	150
4:25:10	65	25,9	21	65	150
4:25:20	65	25,9	21	65	150
4:25:30	65	25,9	21	65	150
4:25:40	65	25,9	21	65	150
4:25:50	65	25,9	21	65	150
4:26:00	65	25,9	21	65	150
4:26:10	65	25,9	21	65	150
4:26:20	65	25,9	21	65	150
4:26:30	65	25,9	21	65	150
4:26:40	65	25,9	21	65	150
4:26:50	65	25,9	21	65	150
4:27:00	65	25,9	21	65	150
4:27:10	65	25,9	21	65	150
4:27:20	65	25,8	21	65	150
4:27:30	65	25,8	21	65	150
4:27:40	65	25,8	21	65	150
4:27:50	65	25,8	21	65	150
4:28:00	65	25,8	21	65	150
4:28:10	65	25,8	21	65	150
4:28:20	65	25,8	21	65	150
4:28:30	65	25,8	21	65	150
4:28:40	65	25,8	21	65	150
4:28:50	65	25,8	21	65	150
4:29:00	65	25,8	21	65	150
4:29:10	65	25,8	21	65	150
4:29:20	65	25,8	21	65	150
4:29:30	65	25,8	21	65	150
4:29:40	65	25,8	21	65	150
4:29:50	65	25,8	21	65	150
4:30:00	65	25,8	21	65	150
4:30:10	65	25,8	21	65	150
4:30:20	65	25,8	21	65	150
4:30:30	65	25,8	21	65	150
4:30:40	65	25,8	21	65	150
4:30:50	65	25,8	21	65	150
4:31:00	65	25,8	21	65	150
4:31:10	65	25,9	21	65	150
4:31:20	65	25,9	21	65	150
4:31:30	65	25,9	21	65	150
4:31:40	65	25,8	21	65	150
4:31:50	65	25,8	21	65	150
4:32:00	65	25,8	21	65	150
4:32:10	65	25,8	21	65	150
4:32:20	65	25,8	21	65	150
4:32:30	65	25,8	21	65	150
4:32:40	65	25,8	21	65	150
4:32:50	65	25,8	21	65	150
4:33:00	65	25,8	21	65	150
4:33:10	65	25,8	21	65	150
4:33:20	65	25,8	21	65	150
4:33:30	65	25,8	21	65	150
4:33:40	65	25,8	21	65	150
4:33:50	65	25,8	21	65	150
4:34:00	65	25,8	21	65	150
4:34:10	65	25,8	21	65	150
4:34:20	65	25,8	21	65	150
4:34:30	65	25,8	21	65	150
4:34:40	65	25,8	21	65	150
4:34:50	65	25,8	21	65	150
4:35:00	65	25,8	21	65	150
4:35:10	65	25,8	21	65	150
4:35:20	65	25,8	21	65	150
4:35:30	65	25,8	21	65	150
4:35:40	65	25,8	21	65	150
4:35:50	65	25,8	21	65	150
4:36:00	65	25,8	21	65	150
4:36:10	65	25,8	21	65	150
4:36:20	65	25,8	21	65	150
4:36:30	65	25,8	21	65	150
4:36:40	65	25,8	21	65	150
4:36:50	65	25,8	21	65	150
4:37:00	65	25,8	21	65	150
4:37:10	65	25,8	21	65	150
4:37:20	65	25,8	21	65	150
4:37:30	65	25,8	21	65	150
4:37:40	65	25,8	21	65	150
4:37:50	65	25,8	21	65	150
4:38:00	65	25,8	21	65	150
4:38:10	65	25,8	21	65	150
4:38:20	65	25,8	21	65	150
4:38:30	65	25,8	21	65	150
4:38:40	65	25,8	21	65	150
4:38:50	65	25,8	21	65	150
4:39:00	65	25,8	21	65	150
4:39:10	65	25,8	21	65	150
4:39:20	65	25,8	21	65	150
4:39:30	65	25,8	21	65	150
4:39:40	65	25,8	21	65	150
4:39:50	65	25,8	21	65	150
4:40:00	65	25,8	21	65	150
4:40:10	65	25,8	22	65	150
4:40:20	65	25,8	22	65	150
4:40:30	65	25,8	21	65	150
4:40:40	65	25,8	21	65	150
4:40:50	65	25,8	22	65	150
4:41:00	65	25,8	22	65	150
4:41:10	65	25,8	22	65	150
4:41:20	65	25,8	22	65	150
4:41:30	65	25,8	22	65	150
4:41:40	65	25,8	21	65	150
4:41:50	65	25,8	21	65	150
4:42:00	65	25,9	21	65	150
4:42:10	65	25,9	22	65	150
4:42:20	65	25,9	22	65	150
4:42:30	65	25,9	22	65	150
4:42:40	65	25,9	22	65	150
4:42:50	65	25,9	22	65	150
4:43:00	65	25,9	22	65	150
4:43:10	65	25,9	22	65	150
4:43:20	65	25,9	22	65	150
4:43:30	65	25,9	22	65	150
4:43:40	65	25,9	21	65	150
4:43:50	65	25,9	22	65	150
4:44:00	65	25,8	22	65	150
4:44:10	65	25,8	22	65	150
4:44:20	65	25,8	22	65	150
4:44:30	65	25,8	22	65	150
4:44:40	65	25,8	22	65	150
4:44:50	65	25,8	22	65	150
4:45:00	65	25,8	22	65	150
4:45:10	65	25,8	22	65	150
4:45:20	65	25,8	22	65	150
4:45:30	65	25,8	22	65	150
4:45:40	65	25,8	22	65	150
4:45:50	65	25,8	22	65	150
4:46:00	65	25,8	22	65	150
4:46:10	65	25,8	22	65	150
4:46:20	65	25,8	22	65	150
4:46:30	65	25,8	22	65	150
4:46:40	65	25,8	22	65	150
4:46:50	65	25,8	22	65	150
4:47:00	65	25,8	22	65	150
4:47:10	65	25,8	22	65	150
4:47:20	65	25,8	22	65	150
4:47:30	65	25,8	22	65	150
4:47:40	65	25,8	22	65	150
4:47:50	65	25,8	22	65	150
4:48:00	65	25,8	22	65	150
4:48:10	65	25,8	22	65	150
4:48:20	65	25,8	22	65	150
4:48:30	65	25,8	22	65	150
4:48:40	65	25,8	22	65	150
4:48:50	65	25,8	22	65	150
4:49:00	65	25,8	22	65	150
4:49:10	65	25,8	22	65	150
4:49:20	65	25,8	22	65	150
4:49:30	65	25,8	22	65	150
4:49:40	65	25,8	22	65	150
4:49:50	65	25,8	22	65	150
4:50:00	65	25,8	22	65	150
4:50:10	65	25,8	22	65	150
4:50:20	65	25,8	22	65	150
4:50:30	65	25,8	22	65	150
4:50:40	65	25,8	22	65	150
4:50:50	65	25,8	22	65	150
4:51:00	65	25,8	22	65	150
4:51:10	65	25,8	22	65	150
4:51:20	65	25,8	22	65	150
4:51:30	65	25,8	22	65	150
4:51:40	65	25,8	22	65	150
4:51:50	65	25,8	22	65	150
4:52:00	65	25,8	22	65	150
4:52:10	65	25,8	22	65	150
4:52:20	65	25,8	22	65	150
4:52:30	65	25,8	23	65	150
4:52:40	65	25,8	22	65	150
4:52:50	65	25,8	22	65	150
4:53:00	65	25,8	23	65	150
4:53:10	65	25,8	22	65	150
4:53:20	65	25,8	22	65	150
4:53:30	65	25,8	22	65	150
4:53:40	65	25,8	22	65	150
4:53:50	65	25,8	22	65	150
4:54:00	65	25,8	22	65	150
4:54:10	65	25,8	22	65	150
4:54:20	65	25,8	23	65	150
4:54:30	65	25,8	23	65	150
