--Test Summary--
Full Path and File Name	
Instrument Name	7222#2
Instrument Type	Model 7222 Consistometer
Instrument Serial Number	128
Test Start Date	06.02.2003
Test Start Time	16:51:23
Test Stop Date	07.02.2003
Test Stop Time	10:07:53
Test Length	17:16:30
Final Sample Time Offset	17:16:20
Controller Schedule Name	
Sampling Period	20 seconds
Comments	MPa: 55(40min) T:50(10min) 97(30min) Start Squeeze in 40min
Information	WellID	
Information	Customer	Buzuluk
Information	CementClass	G
Information	CementMfr	Dyckerhoff
Information	Additives	0.7%NFL-2+0.1%THR-100
Information	Density	1850
Information	BHCT	97
Information	BHST	97
Information	FluidLoss	
Information	JobType	Hesitation Squeeze
Calculated Value	30Bc - TT	0:41:00
Calculated Value	70Bc - TT	N/A
Calculated Value	100Bc - TT	N/A
Initial Temperature (°C)	25 °C
Final Temperature (°C)	54 °C
Initial Pressure (MPa)	2,0 MPa
Final Pressure (MPa)	0,1 MPa
Initial Consistency (Bc)	26 Bc
Final Consistency (Bc)	3 Bc
--Data--
Time (HH:MM:SS)	Temperature (°C)	Pressure (MPa)	Consistency (Bc)
0:00:00	25	2,0	26
0:00:20	25	2,3	21
0:00:40	25	2,8	21
0:01:00	25	3,1	17
0:01:20	25	3,6	14
0:01:40	25	4,1	13
0:02:00	26	4,6	18
0:02:20	26	5,0	12
0:02:40	26	5,6	11
0:03:00	27	6,1	11
0:03:20	27	6,5	10
0:03:40	27	7,0	12
0:04:00	28	7,3	12
0:04:20	28	7,7	11
0:04:40	29	8,2	12
0:05:00	29	8,9	15
0:05:20	30	9,2	12
0:05:40	30	9,8	12
0:06:00	31	10,6	14
0:06:20	31	11,4	16
0:06:40	32	11,5	12
0:07:00	33	12,0	13
0:07:20	33	12,8	15
0:07:40	34	13,1	17
0:08:00	35	13,6	20
0:08:20	35	13,9	18
0:08:40	36	14,2	21
0:09:00	37	14,6	15
0:09:20	38	15,5	17
0:09:40	38	15,8	24
0:10:00	39	16,1	32
0:10:20	40	16,6	17
0:10:40	41	17,0	20
0:11:00	42	17,4	18
0:11:20	43	18,1	20
0:11:40	44	18,4	18
0:12:00	45	18,5	20
0:12:20	46	19,2	17
0:12:40	47	19,8	17
0:13:00	48	19,8	16
0:13:20	48	20,7	17
0:13:40	49	20,6	27
0:14:00	50	21,1	20
0:14:20	51	21,6	21
0:14:40	52	22,3	22
0:15:00	53	22,8	19
0:15:20	53	23,5	21
0:15:40	54	23,5	24
0:16:00	55	23,9	22
0:16:20	56	24,5	21
0:16:40	56	24,9	20
0:17:00	57	25,4	19
0:17:20	58	25,7	19
0:17:40	59	26,3	20
0:18:00	59	26,7	20
0:18:20	60	26,9	25
0:18:40	61	27,2	21
0:19:00	61	27,8	20
0:19:20	62	28,3	19
0:19:40	63	28,6	19
0:20:00	63	29,2	19
0:20:20	64	29,6	19
0:20:40	65	29,9	19
0:21:00	65	30,5	18
0:21:20	66	30,9	18
0:21:40	66	31,2	17
0:22:00	67	31,9	17
0:22:20	67	32,1	16
0:22:40	68	32,7	16
0:23:00	69	33,4	17
0:23:20	69	33,9	16
0:23:40	70	34,1	17
0:24:00	70	34,6	17
0:24:20	71	35,2	17
0:24:40	72	35,6	17
0:25:00	72	36,1	17
0:25:20	73	36,4	17
0:25:40	73	36,7	17
0:26:00	74	37,4	17
0:26:20	74	37,6	17
0:26:40	75	38,0	17
0:27:00	75	38,6	17
0:27:20	76	39,0	17
0:27:40	76	39,5	17
0:28:00	77	39,8	17
0:28:20	77	40,1	17
0:28:40	78	40,7	17
0:29:00	78	41,1	19
0:29:20	79	41,4	20
0:29:40	79	42,0	23
0:30:00	80	42,4	25
0:30:20	80	42,7	26
0:30:40	81	43,2	28
0:31:00	81	43,5	27
0:31:20	82	43,9	23
0:31:40	82	44,5	20
0:32:00	83	44,8	23
0:32:20	83	45,3	25
0:32:40	84	45,8	28
0:33:00	84	46,3	18
0:33:20	85	46,6	15
0:33:40	85	46,9	18
0:34:00	86	47,4	17
0:34:20	86	47,9	22
0:34:40	87	48,3	28
0:35:00	87	48,7	19
0:35:20	88	49,1	21
0:35:40	88	49,5	22
0:36:00	89	50,2	18
0:36:20	90	50,6	18
0:36:40	90	51,0	17
0:37:00	91	51,5	16
0:37:20	91	52,0	15
0:37:40	92	52,4	16
0:38:00	92	52,7	15
0:38:20	93	53,1	21
0:38:40	93	53,5	28
0:39:00	94	54,1	24
0:39:20	94	54,5	24
0:39:40	95	54,8	18
0:40:00	95	55,2	14
0:40:20	95	56,0	16
0:40:40	96	55,9	41
0:41:00	96	55,7	32
0:41:20	96	55,6	40
0:41:40	96	55,7	29
0:42:00	96	55,5	27
0:42:20	96	55,0	31
0:42:40	96	55,8	33
0:43:00	96	55,5	21
0:43:20	96	55,9	25
0:43:40	96	55,5	28
0:44:00	96	55,4	34
0:44:20	96	56,0	35
0:44:40	96	55,4	19
0:45:00	96	55,9	19
0:45:20	96	55,6	15
0:45:40	96	55,0	17
0:46:00	96	55,5	17
0:46:20	96	55,9	17
0:46:40	96	55,2	18
0:47:00	96	55,5	18
0:47:20	96	55,9	19
0:47:40	96	55,3	20
0:48:00	97	55,6	20
0:48:20	97	56,1	27
0:48:40	97	55,3	33
0:49:00	97	55,6	36
0:49:20	97	55,9	22
0:49:40	97	55,1	34
0:50:00	97	55,6	20
0:50:20	99	55,1	16
0:50:40	102	54,7	22
0:51:00	104	55,0	15
0:51:20	105	55,0	23
0:51:40	106	55,0	19
0:52:00	107	55,2	23
0:52:20	107	55,0	28
0:52:40	107	54,9	27
0:53:00	107	54,8	32
0:53:20	107	55,1	17
0:53:40	107	55,2	30
0:54:00	107	55,4	28
0:54:20	107	55,1	28
0:54:40	107	55,1	28
0:55:00	107	55,4	36
0:55:20	107	55,1	37
0:55:40	107	55,1	32
0:56:00	107	55,4	41
0:56:20	107	55,2	41
0:56:40	107	55,0	34
0:57:00	107	55,0	48
0:57:20	107	55,0	28
0:57:40	107	55,2	29
0:58:00	107	55,1	27
0:58:20	107	55,2	27
0:58:40	107	55,0	27
0:59:00	107	55,3	27
0:59:20	107	54,9	28
0:59:40	107	55,1	27
1:00:00	107	55,0	27
1:00:20	107	55,2	44
1:00:40	107	55,3	42
1:01:00	107	55,1	42
1:01:20	107	55,2	34
1:01:40	107	55,1	26
1:02:00	107	55,2	20
1:02:20	107	55,0	20
1:02:40	107	55,0	21
1:03:00	107	55,1	21
1:03:20	107	55,3	21
1:03:40	107	55,1	21
1:04:00	107	55,5	30
1:04:20	107	55,2	30
1:04:40	107	54,9	30
1:05:00	107	55,5	28
1:05:20	106	55,0	24
1:05:40	104	55,3	27
1:06:00	103	55,0	32
1:06:20	101	54,9	22
1:06:40	100	54,9	35
1:07:00	100	55,2	36
1:07:20	99	55,1	29
1:07:40	98	55,1	33
1:08:00	98	54,9	36
1:08:20	97	55,2	30
1:08:40	97	55,2	31
1:09:00	97	55,1	34
1:09:20	96	55,0	28
1:09:40	96	55,0	22
1:10:00	96	55,0	27
1:10:20	95	55,1	27
1:10:40	95	55,0	26
1:11:00	95	55,1	36
1:11:20	95	55,0	34
1:11:40	95	54,9	30
1:12:00	95	55,1	22
1:12:20	95	55,4	21
1:12:40	95	55,3	31
1:13:00	95	55,3	24
1:13:20	96	55,4	33
1:13:40	96	55,3	25
1:14:00	96	55,4	26
1:14:20	96	55,3	29
1:14:40	96	55,3	31
1:15:00	96	55,4	31
1:15:20	96	55,3	29
1:15:40	96	55,3	29
1:16:00	96	55,3	30
1:16:20	96	55,3	29
1:16:40	96	55,3	30
1:17:00	95	55,3	30
1:17:20	95	55,4	31
1:17:40	95	55,3	31
1:18:00	95	55,4	31
1:18:20	95	55,4	31
1:18:40	95	55,3	31
1:19:00	95	55,4	31
1:19:20	95	55,5	31
1:19:40	95	55,4	29
1:20:00	95	55,7	29
1:20:20	95	55,7	27
1:20:40	95	55,6	17
1:21:00	94	55,8	17
1:21:20	94	55,7	16
1:21:40	94	55,9	18
1:22:00	94	55,9	16
1:22:20	94	55,9	15
1:22:40	94	55,9	16
1:23:00	94	55,1	16
1:23:20	94	55,1	15
1:23:40	94	55,1	14
1:24:00	94	55,3	15
1:24:20	94	55,5	15
1:24:40	94	55,5	15
1:25:00	94	55,5	15
1:25:20	94	55,7	15
1:25:40	94	55,8	15
1:26:00	94	55,1	16
1:26:20	94	55,2	16
1:26:40	94	55,5	15
1:27:00	94	55,8	15
1:27:20	94	56,0	15
1:27:40	94	55,1	15
1:28:00	94	55,4	15
1:28:20	94	55,6	15
1:28:40	94	55,7	15
1:29:00	94	56,0	16
1:29:20	94	55,4	15
1:29:40	94	55,6	15
1:30:00	94	55,9	15
1:30:20	94	55,1	15
1:30:40	94	55,3	15
1:31:00	94	55,4	15
1:31:20	94	55,7	15
1:31:40	94	55,9	15
1:32:00	94	56,1	15
1:32:20	94	55,4	15
1:32:40	94	55,5	15
1:33:00	94	55,7	15
1:33:20	94	56,0	15
1:33:40	94	55,1	15
1:34:00	94	55,2	15
1:34:20	94	55,3	15
1:34:40	94	55,5	15
1:35:00	94	55,8	25
1:35:20	95	55,7	24
1:35:40	95	55,6	22
1:36:00	96	55,1	24
1:36:20	96	55,0	26
1:36:40	97	55,1	27
1:37:00	97	55,2	23
1:37:20	97	55,4	22
1:37:40	98	55,2	18
1:38:00	98	55,0	19
1:38:20	98	55,2	22
1:38:40	98	55,0	17
1:39:00	98	55,0	15
1:39:20	98	54,9	16
1:39:40	98	54,8	17
1:40:00	98	55,3	17
1:40:20	98	55,3	17
1:40:40	98	55,3	15
1:41:00	98	55,4	16
1:41:20	98	55,5	15
1:41:40	98	55,5	15
1:42:00	98	55,5	15
1:42:20	98	55,4	15
1:42:40	99	55,4	14
1:43:00	99	55,4	15
1:43:20	99	55,4	15
1:43:40	99	55,4	15
1:44:00	99	55,3	15
1:44:20	99	55,2	15
1:44:40	99	55,2	15
1:45:00	99	55,0	15
1:45:20	99	54,9	15
1:45:40	99	55,1	15
1:46:00	99	55,4	15
1:46:20	99	55,2	15
1:46:40	99	55,1	15
1:47:00	99	55,0	15
1:47:20	99	55,4	15
1:47:40	99	55,2	15
1:48:00	99	55,1	15
1:48:20	99	55,0	15
1:48:40	99	55,3	15
1:49:00	99	55,1	15
1:49:20	99	55,0	15
1:49:40	99	55,2	15
1:50:00	99	54,9	25
1:50:20	98	55,2	23
1:50:40	98	55,1	22
1:51:00	97	55,2	21
1:51:20	97	55,1	21
1:51:40	97	55,2	20
1:52:00	97	55,1	20
1:52:20	96	55,5	20
1:52:40	96	55,3	20
1:53:00	96	55,1	20
1:53:20	96	55,1	20
1:53:40	95	55,0	19
1:54:00	95	55,1	19
1:54:20	95	55,1	19
1:54:40	95	55,0	19
1:55:00	95	55,0	17
1:55:20	95	55,0	17
1:55:40	95	55,0	17
1:56:00	95	55,2	17
1:56:20	95	55,1	17
1:56:40	95	55,4	18
1:57:00	95	55,3	18
1:57:20	95	55,4	17
1:57:40	95	55,4	17
1:58:00	95	55,6	17
1:58:20	95	55,6	18
1:58:40	95	55,6	18
1:59:00	95	55,6	17
1:59:20	95	55,6	17
1:59:40	95	55,7	17
2:00:00	95	55,7	17
2:00:20	95	55,8	17
2:00:40	95	55,9	17
2:01:00	95	55,9	17
2:01:20	95	55,9	17
2:01:40	95	55,9	17
2:02:00	95	55,9	17
2:02:20	95	55,4	17
2:02:40	95	55,3	17
2:03:00	95	55,4	17
2:03:20	95	55,4	17
2:03:40	95	55,6	17
2:04:00	95	55,6	17
2:04:20	95	55,6	17
2:04:40	95	55,7	17
2:05:00	95	55,8	36
2:05:20	95	55,9	33
2:05:40	95	55,8	31
2:06:00	95	55,6	30
2:06:20	95	55,8	31
2:06:40	95	55,7	29
2:07:00	95	55,6	28
2:07:20	95	55,8	29
2:07:40	95	55,7	29
2:08:00	95	55,6	30
2:08:20	95	55,7	25
2:08:40	95	55,6	26
2:09:00	95	55,6	26
2:09:20	95	55,6	26
2:09:40	95	55,6	26
2:10:00	95	55,6	26
2:10:20	95	55,6	26
2:10:40	96	55,8	27
2:11:00	96	55,9	39
2:11:20	96	56,0	27
2:11:40	96	55,5	27
2:12:00	96	55,6	31
2:12:20	96	55,7	36
2:12:40	96	55,8	43
2:13:00	96	55,9	35
2:13:20	96	56,0	32
2:13:40	96	55,1	29
2:14:00	96	55,1	29
2:14:20	96	55,1	30
2:14:40	96	55,3	30
2:15:00	96	55,2	30
2:15:20	96	55,3	30
2:15:40	96	55,5	29
2:16:00	96	55,5	29
2:16:20	96	55,5	29
2:16:40	96	55,5	29
2:17:00	96	55,7	29
2:17:20	96	55,7	29
2:17:40	96	55,8	29
2:18:00	96	55,8	29
2:18:20	96	55,8	29
2:18:40	96	55,9	29
2:19:00	96	55,9	29
2:19:20	96	55,9	29
2:19:40	96	55,9	29
2:20:00	96	55,2	32
2:20:20	96	55,1	27
2:20:40	96	55,1	30
2:21:00	96	55,0	29
2:21:20	96	55,1	29
2:21:40	96	55,4	31
2:22:00	96	55,0	31
2:22:20	97	55,0	26
2:22:40	97	54,9	26
2:23:00	97	55,5	29
2:23:20	97	55,3	28
2:23:40	97	55,2	32
2:24:00	97	55,2	30
2:24:20	97	55,1	33
2:24:40	97	55,1	32
2:25:00	97	55,1	28
2:25:20	97	55,1	28
2:25:40	97	55,1	28
2:26:00	97	55,1	28
2:26:20	97	55,2	30
2:26:40	97	55,2	44
2:27:00	97	55,3	45
2:27:20	97	55,3	38
2:27:40	97	55,2	34
2:28:00	97	55,3	35
2:28:20	97	55,2	37
2:28:40	97	55,2	44
2:29:00	97	55,3	44
2:29:20	97	55,3	44
2:29:40	97	55,2	44
2:30:00	97	55,1	44
2:30:20	97	55,2	44
2:30:40	97	55,0	44
2:31:00	97	55,1	44
2:31:20	97	55,1	44
2:31:40	97	55,3	44
2:32:00	97	55,3	44
2:32:20	97	55,3	44
2:32:40	97	55,1	44
2:33:00	97	55,1	44
2:33:20	97	55,1	44
2:33:40	97	54,9	44
2:34:00	97	55,4	44
2:34:20	97	55,2	44
2:34:40	97	55,1	44
2:35:00	97	55,0	33
2:35:20	97	54,9	36
2:35:40	97	55,3	47
2:36:00	97	55,4	40
2:36:20	96	55,3	38
2:36:40	96	55,2	36
2:37:00	96	55,0	32
2:37:20	96	54,9	33
2:37:40	96	54,9	35
2:38:00	96	55,0	30
2:38:20	96	54,9	31
2:38:40	96	55,0	30
2:39:00	96	55,4	31
2:39:20	96	55,3	40
2:39:40	96	55,2	32
2:40:00	96	55,3	33
2:40:20	96	55,2	33
2:40:40	96	55,4	33
2:41:00	96	55,5	33
2:41:20	96	55,4	33
2:41:40	96	55,5	33
2:42:00	96	55,6	33
2:42:20	96	55,6	33
2:42:40	96	55,7	38
2:43:00	96	55,8	35
2:43:20	96	55,8	35
2:43:40	96	55,8	35
2:44:00	96	55,9	35
2:44:20	96	55,9	35
2:44:40	96	56,0	35
2:45:00	96	56,0	35
2:45:20	96	55,0	34
2:45:40	96	55,1	34
2:46:00	96	55,2	34
2:46:20	96	55,2	34
2:46:40	96	55,1	34
2:47:00	96	55,3	34
2:47:20	96	55,2	33
2:47:40	96	55,2	34
2:48:00	96	55,2	34
2:48:20	96	55,3	34
2:48:40	96	55,4	34
2:49:00	96	55,4	35
2:49:20	96	55,3	35
2:49:40	96	55,5	35
2:50:00	96	55,5	39
2:50:20	96	55,4	41
2:50:40	96	55,4	39
2:51:00	95	55,2	36
2:51:20	96	55,3	38
2:51:40	96	55,1	36
2:52:00	96	54,9	37
2:52:20	96	55,0	37
2:52:40	96	55,2	35
2:53:00	96	54,9	37
2:53:20	96	55,0	43
2:53:40	96	54,9	36
2:54:00	96	54,9	35
2:54:20	96	55,2	37
2:54:40	96	55,2	35
2:55:00	96	55,2	35
2:55:20	96	55,3	35
2:55:40	96	55,4	35
2:56:00	96	55,5	35
2:56:20	96	55,6	35
2:56:40	96	55,6	36
2:57:00	96	55,6	36
2:57:20	96	55,9	36
2:57:40	96	55,8	37
2:58:00	96	55,9	37
2:58:20	96	55,9	37
2:58:40	96	56,0	37
2:59:00	96	55,2	49
2:59:20	96	55,2	48
2:59:40	96	55,1	48
3:00:00	96	55,2	47
3:00:20	96	55,3	46
3:00:40	96	55,2	45
3:01:00	96	55,2	45
3:01:20	96	55,2	44
3:01:40	96	55,4	44
3:02:00	96	55,4	44
3:02:20	96	55,5	44
3:02:40	96	55,5	43
3:03:00	96	55,5	43
3:03:20	96	55,4	42
3:03:40	96	55,5	40
3:04:00	96	55,4	39
3:04:20	96	55,5	38
3:04:40	97	55,4	38
3:05:00	96	55,4	43
3:05:20	96	55,4	42
3:05:40	96	55,2	33
3:06:00	96	55,0	33
3:06:20	96	55,1	33
3:06:40	96	55,3	33
3:07:00	96	55,1	33
3:07:20	96	55,1	35
3:07:40	96	55,1	36
3:08:00	96	55,1	36
3:08:20	96	55,0	37
3:08:40	96	54,9	35
3:09:00	96	54,9	35
3:09:20	96	55,5	36
3:09:40	96	55,4	36
3:10:00	96	55,2	43
3:10:20	96	55,3	42
3:10:40	96	55,4	42
3:11:00	96	55,3	44
3:11:20	96	55,3	54
3:11:40	97	55,4	57
3:12:00	97	55,5	44
3:12:20	97	55,6	39
3:12:40	97	55,6	39
3:13:00	97	55,6	38
3:13:20	97	55,7	42
3:13:40	97	55,6	42
3:14:00	97	55,7	44
3:14:20	97	55,6	49
3:14:40	97	55,6	48
3:15:00	97	55,5	48
3:15:20	97	55,6	48
3:15:40	97	55,6	47
3:16:00	97	55,6	48
3:16:20	97	55,6	50
3:16:40	97	55,5	48
3:17:00	97	55,4	49
3:17:20	97	55,5	44
3:17:40	97	55,4	45
3:18:00	97	55,4	43
3:18:20	97	55,5	42
3:18:40	97	55,3	40
3:19:00	97	55,3	36
3:19:20	97	55,2	34
3:19:40	97	55,3	35
3:20:00	97	55,1	43
3:20:20	96	55,1	41
3:20:40	96	54,9	40
3:21:00	96	55,0	39
3:21:20	96	55,1	47
3:21:40	96	55,2	48
3:22:00	95	55,1	41
3:22:20	95	55,1	39
3:22:40	96	55,1	40
3:23:00	96	55,0	40
3:23:20	96	55,0	39
3:23:40	96	55,1	42
3:24:00	96	55,1	43
3:24:20	96	55,4	39
3:24:40	96	55,3	39
3:25:00	96	55,3	46
3:25:20	96	55,3	44
3:25:40	96	55,3	48
3:26:00	96	55,5	53
3:26:20	96	55,5	53
3:26:40	96	55,7	50
3:27:00	96	55,8	53
3:27:20	96	55,7	46
3:27:40	96	55,8	45
3:28:00	96	56,0	45
3:28:20	96	55,9	46
3:28:40	96	55,4	43
3:29:00	96	55,5	43
3:29:20	96	55,4	43
3:29:40	96	55,6	43
3:30:00	96	55,6	43
3:30:20	96	55,6	43
3:30:40	96	55,7	43
3:31:00	96	55,6	43
3:31:20	96	55,7	43
3:31:40	96	55,8	43
3:32:00	96	55,8	43
3:32:20	96	55,9	43
3:32:40	96	55,9	43
3:33:00	96	55,9	43
3:33:20	96	55,9	43
3:33:40	96	55,9	44
3:34:00	96	56,0	44
3:34:20	96	55,9	45
3:34:40	96	55,9	48
3:35:00	96	55,1	39
3:35:20	96	55,0	39
3:35:40	95	55,2	38
3:36:00	95	55,1	38
3:36:20	95	54,9	37
3:36:40	95	55,0	37
3:37:00	95	55,2	37
3:37:20	96	55,2	37
3:37:40	96	55,2	36
3:38:00	96	54,8	36
3:38:20	96	55,1	36
3:38:40	96	55,1	36
3:39:00	96	55,2	36
3:39:20	96	55,1	36
3:39:40	96	55,1	36
3:40:00	96	55,1	34
3:40:20	96	55,1	34
3:40:40	96	55,1	34
3:41:00	96	55,1	34
3:41:20	97	55,2	34
3:41:40	97	55,3	34
3:42:00	97	55,3	34
3:42:20	97	55,4	34
3:42:40	97	55,4	34
3:43:00	97	55,5	34
3:43:20	97	55,6	34
3:43:40	97	55,6	34
3:44:00	97	55,7	34
3:44:20	97	55,7	34
3:44:40	97	55,6	34
3:45:00	97	55,6	34
3:45:20	97	55,7	34
3:45:40	97	55,5	34
3:46:00	97	55,6	34
3:46:20	97	55,6	34
3:46:40	97	55,5	34
3:47:00	97	55,6	34
3:47:20	97	55,6	34
3:47:40	97	55,5	34
3:48:00	97	55,5	34
3:48:20	97	55,6	34
3:48:40	97	55,6	34
3:49:00	97	55,4	34
3:49:20	97	55,4	34
3:49:40	97	55,4	34
3:50:00	96	55,6	59
3:50:20	96	55,4	51
3:50:40	96	55,7	48
3:51:00	96	55,3	47
3:51:20	96	55,4	46
3:51:40	96	55,0	45
3:52:00	96	55,1	45
3:52:20	96	54,9	44
3:52:40	96	55,1	44
3:53:00	96	54,9	44
3:53:20	96	54,9	44
3:53:40	96	55,2	44
3:54:00	96	55,0	44
3:54:20	96	54,9	42
3:54:40	96	54,9	43
3:55:00	96	55,4	39
3:55:20	96	55,4	39
3:55:40	96	55,5	39
3:56:00	96	55,5	39
3:56:20	96	55,5	39
3:56:40	96	55,5	39
3:57:00	96	55,6	39
3:57:20	96	55,6	39
3:57:40	96	55,7	39
3:58:00	96	55,7	39
3:58:20	96	55,8	39
3:58:40	96	55,8	39
3:59:00	96	55,8	39
3:59:20	97	55,9	39
3:59:40	97	55,8	39
4:00:00	97	55,9	39
4:00:20	97	55,8	39
4:00:40	97	55,9	39
4:01:00	97	55,8	39
4:01:20	97	55,8	39
4:01:40	97	55,8	39
4:02:00	97	55,9	39
4:02:20	97	55,7	39
4:02:40	97	55,8	39
4:03:00	97	55,7	39
4:03:20	97	55,8	39
4:03:40	97	55,6	39
4:04:00	97	55,7	39
4:04:20	97	55,7	39
4:04:40	97	55,6	39
4:05:00	97	55,8	-1
4:05:20	97	55,5	-0
4:05:40	97	55,3	-0
4:06:00	97	55,2	-1
4:06:20	97	55,0	-0
4:06:40	97	55,2	-0
4:07:00	97	55,2	-0
4:07:20	97	55,2	-1
4:07:40	97	55,1	-0
4:08:00	97	55,0	-0
4:08:20	97	55,3	-1
4:08:40	97	55,1	-1
4:09:00	97	55,0	-1
4:09:20	97	55,1	-1
4:09:40	97	54,9	-0
4:10:00	97	55,4	54
4:10:20	97	55,2	54
4:10:40	97	55,3	54
4:11:00	97	55,2	54
4:11:20	97	55,1	55
4:11:40	97	55,2	54
4:12:00	97	55,1	55
4:12:20	97	55,0	55
4:12:40	97	55,0	54
4:13:00	97	55,0	55
4:13:20	97	55,5	53
4:13:40	97	55,4	53
4:14:00	97	55,2	53
4:14:20	97	55,3	53
4:14:40	97	55,2	53
4:15:00	97	55,1	53
4:15:20	97	55,0	53
4:15:40	97	55,0	54
4:16:00	97	55,4	54
4:16:20	97	55,3	54
4:16:40	97	55,3	54
4:17:00	97	55,2	54
4:17:20	97	55,1	54
4:17:40	97	55,1	54
4:18:00	97	55,1	54
4:18:20	97	54,9	53
4:18:40	97	55,2	53
4:19:00	97	55,2	53
4:19:20	97	55,0	53
4:19:40	97	55,0	53
4:20:00	97	55,1	7
4:20:20	97	55,0	3
4:20:40	97	55,3	2
4:21:00	97	54,9	2
4:21:20	97	54,9	3
4:21:40	97	55,1	2
4:22:00	97	54,9	2
4:22:20	97	55,3	2
4:22:40	97	55,1	2
4:23:00	97	55,1	2
4:23:20	97	55,0	2
4:23:40	97	55,1	2
4:24:00	97	55,2	2
4:24:20	97	55,1	2
4:24:40	97	55,3	2
4:25:00	97	55,0	2
4:25:20	97	55,0	2
4:25:40	97	55,1	2
4:26:00	97	55,0	2
4:26:20	97	55,3	2
4:26:40	97	55,2	2
4:27:00	97	55,2	2
4:27:20	97	55,2	2
4:27:40	97	55,2	2
4:28:00	97	55,0	2
4:28:20	97	55,0	2
4:28:40	97	55,0	2
4:29:00	97	54,9	2
4:29:20	96	55,0	2
4:29:40	96	55,1	2
4:30:00	96	55,0	2
4:30:20	96	55,2	2
4:30:40	96	55,0	2
4:31:00	96	55,0	2
4:31:20	96	55,0	2
4:31:40	96	55,0	2
4:32:00	96	55,1	2
4:32:20	96	55,0	2
4:32:40	96	55,0	2
4:33:00	96	55,0	2
4:33:20	96	55,0	2
4:33:40	96	55,1	2
4:34:00	96	54,9	2
4:34:20	96	54,9	2
4:34:40	96	55,1	2
4:35:00	96	55,1	6
4:35:20	96	55,0	6
4:35:40	96	54,9	5
4:36:00	96	55,2	6
4:36:20	96	55,0	6
4:36:40	96	54,9	6
4:37:00	96	54,9	6
4:37:20	96	55,2	6
4:37:40	96	54,9	6
4:38:00	96	55,0	5
4:38:20	96	55,0	5
4:38:40	96	55,1	5
4:39:00	96	54,9	5
4:39:20	96	55,2	6
4:39:40	96	55,2	5
4:40:00	96	55,1	5
4:40:20	96	55,1	5
4:40:40	96	55,1	5
4:41:00	96	54,9	5
4:41:20	96	55,0	5
4:41:40	96	55,0	5
4:42:00	96	55,0	5
4:42:20	96	55,1	5
4:42:40	96	55,2	6
4:43:00	96	55,2	6
4:43:20	96	55,2	6
4:43:40	96	55,2	6
4:44:00	96	55,2	6
4:44:20	96	55,3	6
4:44:40	96	55,4	6
4:45:00	96	55,3	6
4:45:20	96	55,5	6
4:45:40	95	55,4	6
4:46:00	95	55,5	6
4:46:20	95	55,6	6
4:46:40	95	55,6	6
4:47:00	95	55,6	6
4:47:20	95	55,7	6
4:47:40	96	55,7	7
4:48:00	95	55,7	7
4:48:20	96	55,8	7
4:48:40	96	55,9	7
4:49:00	96	55,8	7
4:49:20	96	55,9	7
4:49:40	96	56,0	7
4:50:00	96	55,0	8
4:50:20	96	54,9	7
4:50:40	96	55,1	6
4:51:00	96	55,0	8
4:51:20	96	54,9	6
4:51:40	96	55,0	8
4:52:00	96	54,7	7
4:52:20	96	54,8	8
4:52:40	96	54,7	10
4:53:00	96	54,7	8
4:53:20	96	54,8	7
4:53:40	96	54,6	7
4:54:00	96	54,5	8
4:54:20	96	54,5	8
4:54:40	96	54,6	8
4:55:00	96	54,7	19
4:55:20	96	54,8	16
4:55:40	96	54,8	16
4:56:00	96	54,9	16
4:56:20	96	54,9	17
4:56:40	96	54,9	17
4:57:00	96	55,0	16
4:57:20	96	55,1	16
4:57:40	96	55,0	16
4:58:00	96	55,1	15
4:58:20	96	55,1	15
4:58:40	96	55,2	16
4:59:00	96	55,2	16
4:59:20	96	55,3	16
4:59:40	96	55,3	16
5:00:00	96	55,2	16
5:00:20	96	55,3	16
5:00:40	96	55,3	16
5:01:00	96	55,2	16
5:01:20	96	55,2	16
5:01:40	96	55,2	16
5:02:00	96	55,2	15
5:02:20	96	55,1	16
5:02:40	97	55,2	15
5:03:00	96	55,2	16
5:03:20	96	55,1	16
5:03:40	97	55,1	16
5:04:00	97	55,0	16
5:04:20	97	55,1	16
5:04:40	97	55,0	16
5:05:00	97	54,9	9
5:05:20	97	54,9	6
5:05:40	97	54,5	6
5:06:00	97	54,5	6
5:06:20	97	54,4	6
5:06:40	97	54,1	8
5:07:00	97	54,0	7
5:07:20	97	53,8	7
5:07:40	97	53,8	7
5:08:00	97	53,6	6
5:08:20	97	53,4	6
5:08:40	97	53,2	6
5:09:00	97	53,3	6
5:09:20	97	53,2	6
5:09:40	97	52,9	6
5:10:00	97	52,8	11
5:10:20	97	52,7	11
5:10:40	97	52,7	11
5:11:00	97	52,7	11
5:11:20	97	52,6	12
5:11:40	97	52,6	13
5:12:00	97	52,6	15
5:12:20	97	52,4	30
5:12:40	97	52,4	27
5:13:00	97	52,4	20
5:13:20	97	52,4	18
5:13:40	97	52,3	19
5:14:00	97	52,2	20
5:14:20	97	52,2	19
5:14:40	97	52,1	19
5:15:00	97	52,2	19
5:15:20	97	52,0	19
5:15:40	97	52,1	19
5:16:00	97	52,0	19
5:16:20	97	51,9	18
5:16:40	97	52,0	19
5:17:00	97	51,8	20
5:17:20	97	51,8	20
5:17:40	97	51,8	20
5:18:00	97	51,7	20
5:18:20	97	51,8	22
5:18:40	97	51,6	22
5:19:00	97	51,7	23
5:19:20	97	51,7	25
5:19:40	97	51,5	24
5:20:00	97	51,8	9
5:20:20	96	51,5	7
5:20:40	96	51,5	6
5:21:00	97	51,4	6
5:21:20	97	51,0	6
5:21:40	96	51,0	6
5:22:00	96	51,0	6
5:22:20	96	50,7	6
5:22:40	96	50,8	6
5:23:00	96	50,5	6
5:23:20	96	50,4	6
5:23:40	96	50,5	6
5:24:00	96	50,2	6
5:24:20	96	50,4	7
5:24:40	96	50,1	7
5:25:00	96	50,2	7
5:25:20	96	50,1	7
5:25:40	96	50,1	7
5:26:00	96	50,2	7
5:26:20	96	50,2	7
5:26:40	96	50,3	7
5:27:00	96	50,3	7
5:27:20	96	50,3	7
5:27:40	96	50,4	7
5:28:00	95	50,5	7
5:28:20	95	50,5	7
5:28:40	95	50,6	7
5:29:00	95	50,7	7
5:29:20	95	50,7	7
5:29:40	95	50,9	7
5:30:00	95	51,0	7
5:30:20	95	51,0	7
5:30:40	95	51,3	7
5:31:00	95	51,3	7
5:31:20	95	51,4	7
5:31:40	95	51,6	7
5:32:00	95	51,7	7
5:32:20	95	51,9	7
5:32:40	95	51,9	7
5:33:00	95	52,1	7
5:33:20	95	52,3	8
5:33:40	95	52,4	8
5:34:00	95	52,6	10
5:34:20	94	52,7	13
5:34:40	94	52,9	14
5:35:00	94	53,1	8
5:35:20	94	53,1	7
5:35:40	94	53,2	6
5:36:00	94	53,1	6
5:36:20	94	53,0	6
5:36:40	94	53,2	6
5:37:00	94	53,2	6
5:37:20	94	53,1	6
5:37:40	94	53,1	6
5:38:00	94	53,3	6
5:38:20	94	53,5	6
5:38:40	94	53,4	6
5:39:00	94	53,6	6
5:39:20	94	53,7	6
5:39:40	94	53,7	6
5:40:00	94	53,9	6
5:40:20	94	54,0	6
5:40:40	94	54,4	6
5:41:00	95	54,7	6
5:41:20	95	54,8	6
5:41:40	95	55,2	7
5:42:00	95	55,5	7
5:42:20	95	55,7	7
5:42:40	95	55,9	7
5:43:00	95	55,3	7
5:43:20	95	55,5	7
5:43:40	95	55,8	7
5:44:00	95	56,0	6
5:44:20	95	54,9	9
5:44:40	95	55,1	9
5:45:00	95	55,4	9
5:45:20	95	55,7	9
5:45:40	95	55,8	9
5:46:00	95	56,0	9
5:46:20	95	55,0	7
5:46:40	95	55,1	7
5:47:00	95	55,3	7
5:47:20	95	55,5	7
5:47:40	95	55,6	7
5:48:00	95	55,8	7
5:48:20	95	56,0	7
5:48:40	95	54,9	6
5:49:00	95	55,1	6
5:49:20	95	55,2	6
5:49:40	95	55,3	6
5:50:00	95	55,7	5
5:50:20	96	55,6	5
5:50:40	96	55,3	4
5:51:00	96	55,0	4
5:51:20	96	55,1	7
5:51:40	96	54,8	7
5:52:00	96	55,0	7
5:52:20	96	54,9	6
5:52:40	96	54,7	5
5:53:00	96	54,7	5
5:53:20	96	54,9	5
5:53:40	96	54,9	5
5:54:00	97	54,9	5
5:54:20	97	54,9	5
5:54:40	97	54,8	5
5:55:00	97	54,9	5
5:55:20	97	55,0	5
5:55:40	97	55,2	5
5:56:00	97	55,3	5
5:56:20	97	55,5	5
5:56:40	97	55,6	5
5:57:00	98	55,7	5
5:57:20	98	55,9	5
5:57:40	98	55,8	5
5:58:00	98	55,9	5
5:58:20	98	55,9	5
5:58:40	98	55,9	5
5:59:00	98	55,9	5
5:59:20	98	55,7	5
5:59:40	98	55,7	5
6:00:00	98	55,7	5
6:00:20	99	55,7	5
6:00:40	99	55,6	5
6:01:00	99	55,4	5
6:01:20	99	55,4	5
6:01:40	99	55,2	5
6:02:00	99	55,0	5
6:02:20	99	55,0	5
6:02:40	99	54,9	5
6:03:00	99	54,7	5
6:03:20	99	54,5	5
6:03:40	99	54,3	5
6:04:00	100	54,2	5
6:04:20	100	54,0	5
6:04:40	100	53,7	5
6:05:00	100	53,4	5
6:05:20	100	53,2	5
6:05:40	100	52,8	5
6:06:00	100	52,3	5
6:06:20	100	51,9	6
6:06:40	100	51,6	6
6:07:00	100	51,3	7
6:07:20	100	51,0	7
6:07:40	100	50,6	6
6:08:00	100	50,4	14
6:08:20	100	50,3	8
6:08:40	100	49,9	8
6:09:00	100	49,8	9
6:09:20	100	49,5	9
6:09:40	100	49,3	10
6:10:00	100	49,3	9
6:10:20	100	49,2	9
6:10:40	100	49,0	9
6:11:00	100	48,8	9
6:11:20	100	48,8	9
6:11:40	100	48,7	9
6:12:00	100	48,6	9
6:12:20	100	48,4	9
6:12:40	100	48,4	9
6:13:00	100	48,3	9
6:13:20	100	48,1	9
6:13:40	100	48,1	9
6:14:00	100	48,0	9
6:14:20	100	47,9	9
6:14:40	99	47,9	9
6:15:00	99	47,7	9
6:15:20	99	47,7	9
6:15:40	99	47,5	9
6:16:00	99	47,6	9
6:16:20	99	47,4	9
6:16:40	99	47,4	9
6:17:00	99	47,3	9
6:17:20	99	47,2	9
6:17:40	99	47,2	9
6:18:00	99	47,0	9
6:18:20	99	46,9	10
6:18:40	98	47,0	10
6:19:00	98	46,8	10
6:19:20	98	46,9	11
6:19:40	98	46,7	12
6:20:00	98	46,9	7
6:20:20	98	46,5	7
6:20:40	98	46,5	6
6:21:00	98	46,5	7
6:21:20	98	46,2	7
6:21:40	98	46,1	6
6:22:00	98	45,8	6
6:22:20	97	45,6	6
6:22:40	97	45,8	6
6:23:00	97	45,4	6
6:23:20	97	45,5	5
6:23:40	97	45,4	5
6:24:00	97	45,1	5
6:24:20	97	45,1	5
6:24:40	97	45,2	5
6:25:00	97	45,0	5
6:25:20	97	45,0	5
6:25:40	96	44,9	5
6:26:00	96	44,9	5
6:26:20	96	45,0	5
6:26:40	96	45,0	5
6:27:00	96	45,1	5
6:27:20	96	45,1	5
6:27:40	96	45,1	5
6:28:00	95	45,3	5
6:28:20	95	45,3	5
6:28:40	95	45,4	5
6:29:00	95	45,5	5
6:29:20	95	45,5	5
6:29:40	95	45,8	5
6:30:00	95	45,8	5
6:30:20	95	46,0	5
6:30:40	94	46,2	5
6:31:00	94	46,3	5
6:31:20	94	46,5	6
6:31:40	94	46,6	6
6:32:00	94	46,9	7
6:32:20	94	47,0	7
6:32:40	94	47,2	6
6:33:00	94	47,5	6
6:33:20	94	47,7	5
6:33:40	94	47,8	5
6:34:00	94	48,0	5
6:34:20	94	48,3	5
6:34:40	94	48,6	5
6:35:00	93	48,8	5
6:35:20	93	49,1	5
6:35:40	93	48,8	4
6:36:00	93	49,0	4
6:36:20	93	49,0	4
6:36:40	93	49,2	4
6:37:00	93	49,4	4
6:37:20	93	49,3	4
6:37:40	93	49,7	4
6:38:00	93	49,9	5
6:38:20	93	50,0	5
6:38:40	93	50,1	5
6:39:00	93	50,2	5
6:39:20	93	50,7	5
6:39:40	93	50,8	5
6:40:00	93	51,0	5
6:40:20	93	51,3	5
6:40:40	93	51,7	5
6:41:00	93	52,1	6
6:41:20	93	52,4	9
6:41:40	93	52,9	8
6:42:00	94	53,3	8
6:42:20	94	53,6	5
6:42:40	94	53,9	5
6:43:00	94	54,4	5
6:43:20	94	54,6	5
6:43:40	94	54,9	5
6:44:00	94	55,2	5
6:44:20	94	55,4	6
6:44:40	94	55,7	5
6:45:00	94	55,9	5
6:45:20	94	55,3	5
6:45:40	94	55,5	5
6:46:00	94	55,8	5
6:46:20	94	55,9	5
6:46:40	95	54,7	6
6:47:00	95	54,9	5
6:47:20	95	55,0	5
6:47:40	95	55,4	5
6:48:00	95	55,5	5
6:48:20	95	55,8	5
6:48:40	95	56,0	5
6:49:00	95	55,0	5
6:49:20	95	55,1	5
6:49:40	95	55,4	5
6:50:00	95	55,6	4
6:50:20	96	55,2	4
6:50:40	96	55,0	4
6:51:00	96	54,7	4
6:51:20	96	54,8	4
6:51:40	96	54,5	4
6:52:00	96	54,7	4
6:52:20	96	54,4	4
6:52:40	96	54,5	4
6:53:00	97	54,4	4
6:53:20	97	54,6	4
6:53:40	97	54,4	4
6:54:00	97	54,4	4
6:54:20	97	54,6	5
6:54:40	98	54,3	5
6:55:00	98	54,4	5
6:55:20	98	54,5	5
6:55:40	98	54,6	5
6:56:00	98	54,7	5
6:56:20	98	55,0	5
6:56:40	99	54,9	5
6:57:00	99	55,1	5
6:57:20	99	55,1	5
6:57:40	99	55,1	5
6:58:00	99	55,1	5
6:58:20	99	55,1	5
6:58:40	100	55,0	5
6:59:00	100	54,8	5
6:59:20	100	54,6	5
6:59:40	100	54,6	5
7:00:00	100	54,4	5
7:00:20	100	54,2	5
7:00:40	100	54,1	5
7:01:00	101	53,8	5
7:01:20	101	53,5	5
7:01:40	101	53,4	5
7:02:00	101	53,2	5
7:02:20	101	52,9	5
7:02:40	101	52,6	5
7:03:00	101	52,3	5
7:03:20	101	52,1	5
7:03:40	101	51,7	5
7:04:00	102	51,4	5
7:04:20	102	51,2	6
7:04:40	102	51,0	8
7:05:00	102	50,7	10
7:05:20	102	50,3	10
7:05:40	102	50,1	9
7:06:00	102	49,8	6
7:06:20	102	49,5	7
7:06:40	102	49,1	6
7:07:00	102	49,0	6
7:07:20	102	48,8	6
7:07:40	102	48,5	7
7:08:00	102	48,2	7
7:08:20	102	47,9	7
7:08:40	102	47,8	6
7:09:00	102	47,8	6
7:09:20	102	47,4	6
7:09:40	102	47,4	6
7:10:00	102	47,2	6
7:10:20	102	47,0	6
7:10:40	102	46,9	6
7:11:00	102	46,9	6
7:11:20	102	46,7	6
7:11:40	102	46,7	6
7:12:00	102	46,5	6
7:12:20	102	46,5	6
7:12:40	102	46,4	6
7:13:00	102	46,2	6
7:13:20	102	46,2	6
7:13:40	102	46,0	6
7:14:00	101	46,0	6
7:14:20	101	45,9	6
7:14:40	101	45,8	6
7:15:00	101	45,8	6
7:15:20	101	45,6	6
7:15:40	101	45,7	6
7:16:00	101	45,5	6
7:16:20	101	45,5	6
7:16:40	101	45,3	6
7:17:00	101	45,3	6
7:17:20	100	45,1	6
7:17:40	100	45,1	6
7:18:00	100	45,0	6
7:18:20	100	44,9	6
7:18:40	100	44,9	6
7:19:00	100	44,8	6
7:19:20	100	44,7	6
7:19:40	100	44,7	6
7:20:00	100	44,8	5
7:20:20	100	44,4	5
7:20:40	100	44,4	6
7:21:00	100	44,4	6
7:21:20	100	44,1	5
7:21:40	99	44,0	5
7:22:00	99	43,9	5
7:22:20	99	43,6	5
7:22:40	99	43,4	5
7:23:00	99	43,4	5
7:23:20	99	43,2	5
7:23:40	99	42,9	5
7:24:00	99	42,9	5
7:24:20	99	42,7	5
7:24:40	98	42,7	5
7:25:00	98	42,7	5
7:25:20	98	42,5	5
7:25:40	98	42,5	5
7:26:00	98	42,5	5
7:26:20	98	42,5	5
7:26:40	98	42,4	5
7:27:00	98	42,3	5
7:27:20	97	42,5	5
7:27:40	97	42,4	5
7:28:00	97	42,3	5
7:28:20	97	42,4	5
7:28:40	97	42,4	5
7:29:00	97	42,4	5
7:29:20	97	42,4	5
7:29:40	96	42,4	5
7:30:00	96	42,5	5
7:30:20	96	42,4	5
7:30:40	96	42,6	5
7:31:00	96	42,5	5
7:31:20	96	42,7	5
7:31:40	96	42,7	5
7:32:00	96	42,7	5
7:32:20	96	42,8	5
7:32:40	95	42,8	5
7:33:00	95	42,9	5
7:33:20	95	43,0	5
7:33:40	95	43,1	5
7:34:00	95	43,2	5
7:34:20	95	43,4	5
7:34:40	95	43,4	5
7:35:00	95	43,8	5
7:35:20	95	43,7	5
7:35:40	95	43,8	5
7:36:00	95	43,9	5
7:36:20	95	43,6	5
7:36:40	95	43,7	5
7:37:00	95	43,9	5
7:37:20	94	43,8	5
7:37:40	94	43,9	5
7:38:00	94	44,1	5
7:38:20	94	44,2	5
7:38:40	94	44,1	5
7:39:00	94	44,4	5
7:39:20	94	44,5	5
7:39:40	94	44,5	5
7:40:00	94	44,6	5
7:40:20	94	44,8	5
7:40:40	94	45,0	5
7:41:00	94	45,3	5
7:41:20	94	45,5	5
7:41:40	94	45,9	5
7:42:00	94	46,1	5
7:42:20	94	46,4	5
7:42:40	94	46,7	5
7:43:00	94	46,9	5
7:43:20	94	47,2	5
7:43:40	94	47,4	5
7:44:00	94	47,6	5
7:44:20	94	47,9	5
7:44:40	94	48,1	6
7:45:00	94	48,4	6
7:45:20	94	48,6	6
7:45:40	94	48,9	6
7:46:00	94	49,1	6
7:46:20	94	49,3	6
7:46:40	94	49,5	6
7:47:00	94	49,7	6
7:47:20	94	49,9	6
7:47:40	94	50,2	6
7:48:00	94	50,3	6
7:48:20	94	50,6	6
7:48:40	94	50,7	6
7:49:00	94	50,9	6
7:49:20	94	51,1	6
7:49:40	94	51,4	6
7:50:00	95	51,8	6
7:50:20	95	51,4	6
7:50:40	95	51,4	9
7:51:00	95	51,1	6
7:51:20	95	51,0	7
7:51:40	95	51,2	5
7:52:00	95	51,3	6
7:52:20	95	51,2	6
7:52:40	95	51,2	9
7:53:00	95	51,3	8
7:53:20	95	51,2	8
7:53:40	95	51,6	8
7:54:00	96	51,6	7
7:54:20	96	51,5	7
7:54:40	96	51,8	7
7:55:00	96	51,8	6
7:55:20	96	52,0	6
7:55:40	96	52,1	6
7:56:00	96	52,5	7
7:56:20	97	52,7	7
7:56:40	97	52,9	7
7:57:00	97	53,1	7
7:57:20	97	53,3	7
7:57:40	97	53,5	7
7:58:00	97	53,6	7
7:58:20	97	53,6	7
7:58:40	98	53,6	7
7:59:00	98	53,7	7
7:59:20	98	53,7	7
7:59:40	98	53,7	7
8:00:00	98	53,7	7
8:00:20	98	53,7	7
8:00:40	98	53,6	7
8:01:00	99	53,6	7
8:01:20	99	53,4	7
8:01:40	99	53,5	7
8:02:00	99	53,2	7
8:02:20	99	53,2	7
8:02:40	99	53,0	7
8:03:00	99	53,0	7
8:03:20	99	52,8	7
8:03:40	99	52,6	7
8:04:00	100	52,4	6
8:04:20	100	52,4	6
8:04:40	100	52,1	6
8:05:00	100	51,9	5
8:05:20	100	51,5	5
8:05:40	100	51,2	5
8:06:00	100	50,7	6
8:06:20	100	50,4	6
8:06:40	100	50,1	6
8:07:00	100	49,5	6
8:07:20	101	49,3	6
8:07:40	101	48,8	9
8:08:00	101	48,7	9
8:08:20	101	48,2	9
8:08:40	101	48,1	8
8:09:00	101	47,6	8
8:09:20	101	47,6	8
8:09:40	101	47,2	8
8:10:00	101	47,2	9
8:10:20	101	46,9	9
8:10:40	101	46,9	9
8:11:00	101	46,7	9
8:11:20	101	46,6	9
8:11:40	101	46,5	9
8:12:00	101	46,4	9
8:12:20	101	46,2	9
8:12:40	101	46,2	9
8:13:00	101	46,1	9
8:13:20	101	45,9	9
8:13:40	101	45,9	9
8:14:00	101	45,7	9
8:14:20	101	45,6	9
8:14:40	101	45,6	9
8:15:00	101	45,5	9
8:15:20	100	45,4	9
8:15:40	100	45,3	9
8:16:00	100	45,2	9
8:16:20	100	45,2	9
8:16:40	100	45,1	9
8:17:00	100	45,1	9
8:17:20	100	44,9	9
8:17:40	100	44,8	9
8:18:00	100	44,7	9
8:18:20	100	44,6	9
8:18:40	100	44,6	9
8:19:00	100	44,5	9
8:19:20	100	44,4	9
8:19:40	100	44,4	9
8:20:00	100	44,4	10
8:20:20	100	44,2	7
8:20:40	100	44,2	7
8:21:00	99	44,1	7
8:21:20	99	43,8	7
8:21:40	99	43,6	7
8:22:00	99	43,6	7
8:22:20	99	43,2	8
8:22:40	99	43,0	7
8:23:00	99	43,1	7
8:23:20	99	42,9	7
8:23:40	99	42,7	7
8:24:00	99	42,7	7
8:24:20	99	42,5	7
8:24:40	99	42,3	7
8:25:00	98	42,3	7
8:25:20	98	42,2	7
8:25:40	98	42,2	7
8:26:00	98	42,1	7
8:26:20	98	42,1	7
8:26:40	98	42,0	7
8:27:00	98	42,0	7
8:27:20	98	42,0	7
8:27:40	98	42,0	7
8:28:00	97	41,9	7
8:28:20	97	42,0	7
8:28:40	97	42,0	7
8:29:00	97	41,9	7
8:29:20	97	41,9	7
8:29:40	97	41,9	7
8:30:00	97	41,8	7
8:30:20	97	41,9	7
8:30:40	96	42,0	7
8:31:00	96	42,0	7
8:31:20	96	42,0	7
8:31:40	96	42,0	7
8:32:00	96	42,1	7
8:32:20	96	42,2	7
8:32:40	96	42,2	7
8:33:00	96	42,2	7
8:33:20	96	42,2	7
8:33:40	95	42,3	7
8:34:00	95	42,5	7
8:34:20	95	42,5	8
8:34:40	95	42,6	8
8:35:00	95	42,9	7
8:35:20	95	42,7	7
8:35:40	95	42,6	7
8:36:00	95	42,9	6
8:36:20	95	42,8	6
8:36:40	95	42,6	6
8:37:00	95	42,7	6
8:37:20	95	42,9	6
8:37:40	95	42,8	6
8:38:00	95	42,9	6
8:38:20	95	43,0	6
8:38:40	95	43,0	6
8:39:00	95	43,1	6
8:39:20	94	43,2	6
8:39:40	94	43,3	6
8:40:00	94	43,4	6
8:40:20	94	43,6	6
8:40:40	94	43,7	6
8:41:00	94	44,0	6
8:41:20	94	44,3	6
8:41:40	94	44,5	6
8:42:00	94	44,7	6
8:42:20	94	45,0	6
8:42:40	94	45,1	5
8:43:00	94	45,3	4
8:43:20	94	45,6	4
8:43:40	94	45,9	3
8:44:00	94	46,2	3
8:44:20	94	46,4	4
8:44:40	94	46,5	4
8:45:00	94	46,8	4
8:45:20	94	47,0	4
8:45:40	94	47,3	5
8:46:00	94	47,4	4
8:46:20	94	47,6	4
8:46:40	94	48,0	4
8:47:00	94	48,2	4
8:47:20	94	48,4	5
8:47:40	94	48,5	4
8:48:00	94	48,8	4
8:48:20	94	48,9	4
8:48:40	94	49,2	4
8:49:00	94	49,4	4
8:49:20	94	49,5	4
8:49:40	94	49,7	4
8:50:00	94	50,2	4
8:50:20	94	49,9	3
8:50:40	94	49,9	4
8:51:00	94	49,6	4
8:51:20	95	49,8	3
8:51:40	95	49,7	3
8:52:00	95	49,7	3
8:52:20	95	50,0	3
8:52:40	95	50,0	3
8:53:00	95	50,0	3
8:53:20	95	50,0	3
8:53:40	95	50,3	3
8:54:00	95	50,4	3
8:54:20	95	50,3	3
8:54:40	95	50,5	3
8:55:00	96	50,6	3
8:55:20	96	50,8	3
8:55:40	96	51,0	3
8:56:00	96	51,3	3
8:56:20	96	51,6	3
8:56:40	96	51,9	3
8:57:00	96	52,1	3
8:57:20	96	52,3	3
8:57:40	97	52,4	4
8:58:00	97	52,5	4
8:58:20	97	52,6	4
8:58:40	97	52,7	4
8:59:00	97	52,7	4
8:59:20	97	52,9	4
8:59:40	97	52,9	4
9:00:00	98	53,0	4
9:00:20	98	52,9	5
9:00:40	98	53,0	5
9:01:00	98	52,9	5
9:01:20	98	52,8	5
9:01:40	98	52,8	5
9:02:00	98	52,8	5
9:02:20	99	52,7	5
9:02:40	99	52,6	5
9:03:00	99	52,4	5
9:03:20	99	52,4	5
9:03:40	99	52,2	5
9:04:00	99	52,2	5
9:04:20	99	51,9	5
9:04:40	99	51,9	5
9:05:00	100	51,6	5
9:05:20	100	51,3	4
9:05:40	100	51,0	5
9:06:00	100	50,4	6
9:06:20	100	50,2	5
9:06:40	100	49,7	4
9:07:00	100	49,4	4
9:07:20	100	49,4	4
9:07:40	100	48,8	4
9:08:00	100	48,6	4
9:08:20	100	48,3	4
9:08:40	100	47,9	4
9:09:00	100	47,6	5
9:09:20	101	47,5	5
9:09:40	101	47,0	5
9:10:00	101	46,9	5
9:10:20	101	46,8	5
9:10:40	101	46,6	5
9:11:00	101	46,5	5
9:11:20	101	46,3	5
9:11:40	101	46,2	5
9:12:00	101	46,1	5
9:12:20	101	45,9	5
9:12:40	101	45,9	5
9:13:00	101	45,6	5
9:13:20	101	45,6	5
9:13:40	101	45,5	5
9:14:00	101	45,4	5
9:14:20	101	45,3	5
9:14:40	101	45,3	5
9:15:00	101	45,1	5
9:15:20	101	45,0	5
9:15:40	100	45,0	5
9:16:00	100	44,9	5
9:16:20	100	44,8	5
9:16:40	100	44,6	5
9:17:00	100	44,5	5
9:17:20	100	44,5	5
9:17:40	100	44,5	5
9:18:00	100	44,3	5
9:18:20	100	44,3	5
9:18:40	100	44,2	5
9:19:00	100	44,0	5
9:19:20	100	44,0	5
9:19:40	100	43,9	5
9:20:00	100	43,9	5
9:20:20	100	43,8	5
9:20:40	100	43,6	5
9:21:00	100	43,6	5
9:21:20	100	43,3	5
9:21:40	100	43,3	6
9:22:00	100	43,1	9
9:22:20	99	43,0	6
9:22:40	99	42,6	5
9:23:00	99	42,7	5
9:23:20	99	42,4	5
9:23:40	99	42,4	5
9:24:00	99	42,2	5
9:24:20	99	42,2	5
9:24:40	99	42,1	6
9:25:00	99	41,9	6
9:25:20	99	41,7	6
9:25:40	99	41,7	6
9:26:00	98	41,6	6
9:26:20	98	41,6	6
9:26:40	98	41,4	6
9:27:00	98	41,4	6
9:27:20	98	41,4	6
9:27:40	98	41,3	6
9:28:00	98	41,4	6
9:28:20	98	41,3	6
9:28:40	97	41,3	6
9:29:00	97	41,3	6
9:29:20	97	41,2	6
9:29:40	97	41,2	6
9:30:00	97	41,3	6
9:30:20	97	41,3	6
9:30:40	97	41,2	7
9:31:00	97	41,2	7
9:31:20	96	41,3	10
9:31:40	96	41,4	10
9:32:00	96	41,3	10
9:32:20	96	41,3	9
9:32:40	96	41,4	9
9:33:00	96	41,5	10
9:33:20	96	41,4	10
9:33:40	96	41,5	9
9:34:00	96	41,6	9
9:34:20	96	41,7	9
9:34:40	96	41,7	9
9:35:00	95	41,8	10
9:35:20	95	41,9	8
9:35:40	95	41,7	7
9:36:00	95	41,8	7
9:36:20	95	41,8	7
9:36:40	95	41,7	7
9:37:00	95	41,8	7
9:37:20	95	41,7	7
9:37:40	95	41,9	7
9:38:00	95	42,0	7
9:38:20	95	42,0	7
9:38:40	95	42,0	8
9:39:00	95	42,0	7
9:39:20	95	42,0	7
9:39:40	95	42,3	7
9:40:00	94	42,3	7
9:40:20	94	42,4	7
9:40:40	94	42,7	7
9:41:00	94	42,8	7
9:41:20	94	43,0	7
9:41:40	94	43,3	6
9:42:00	94	43,5	6
9:42:20	94	43,8	6
9:42:40	94	44,0	6
9:43:00	94	44,1	6
9:43:20	94	44,4	7
9:43:40	94	44,7	7
9:44:00	94	44,8	6
9:44:20	94	45,2	6
9:44:40	94	45,3	6
9:45:00	94	45,6	5
9:45:20	94	45,7	5
9:45:40	94	46,0	5
9:46:00	94	46,1	5
9:46:20	94	46,4	4
9:46:40	94	46,7	4
9:47:00	94	46,8	5
9:47:20	94	47,1	5
9:47:40	94	47,3	5
9:48:00	94	47,5	5
9:48:20	94	47,6	5
9:48:40	94	47,9	4
9:49:00	94	48,2	4
9:49:20	94	48,4	4
9:49:40	94	48,6	4
9:50:00	94	48,8	4
9:50:20	94	48,6	4
9:50:40	94	48,7	4
9:51:00	94	48,7	4
9:51:20	94	48,4	4
9:51:40	94	48,6	4
9:52:00	94	48,7	4
9:52:20	94	48,6	4
9:52:40	95	48,9	4
9:53:00	95	48,8	4
9:53:20	95	48,9	4
9:53:40	95	49,2	4
9:54:00	95	49,2	4
9:54:20	95	49,5	4
9:54:40	95	49,5	4
9:55:00	95	49,5	4
9:55:20	95	49,8	4
9:55:40	95	50,2	4
9:56:00	96	50,4	4
9:56:20	96	50,8	4
9:56:40	96	51,1	4
9:57:00	96	51,2	4
9:57:20	96	51,5	4
9:57:40	96	51,6	4
9:58:00	96	51,8	4
9:58:20	97	52,0	4
9:58:40	97	52,3	4
9:59:00	97	52,5	4
9:59:20	97	52,7	4
9:59:40	97	52,7	4
10:00:00	97	52,7	4
10:00:20	97	52,7	4
10:00:40	97	52,8	4
10:01:00	98	52,7	4
10:01:20	98	52,7	4
10:01:40	98	52,6	4
10:02:00	98	52,5	4
10:02:20	98	52,5	4
10:02:40	98	52,4	4
10:03:00	98	52,3	4
10:03:20	98	52,2	4
10:03:40	99	52,2	4
10:04:00	99	52,0	4
10:04:20	99	51,9	4
10:04:40	99	51,9	4
10:05:00	99	51,5	4
10:05:20	99	51,3	4
10:05:40	99	50,9	4
10:06:00	99	50,4	4
10:06:20	100	50,3	4
10:06:40	100	49,9	4
10:07:00	100	49,7	5
10:07:20	100	49,2	5
10:07:40	100	49,2	5
10:08:00	100	48,8	5
10:08:20	100	48,6	6
10:08:40	100	48,1	7
10:09:00	100	48,1	7
10:09:20	100	47,6	10
10:09:40	100	47,4	19
10:10:00	100	47,1	18
10:10:20	100	46,9	16
10:10:40	101	46,8	13
10:11:00	101	46,6	10
10:11:20	101	46,3	9
10:11:40	101	46,3	9
10:12:00	101	46,0	9
10:12:20	101	46,0	9
10:12:40	101	45,9	9
10:13:00	101	45,7	9
10:13:20	101	45,5	9
10:13:40	101	45,5	10
10:14:00	101	45,3	11
10:14:20	101	45,2	11
10:14:40	101	45,2	11
10:15:00	101	45,0	10
10:15:20	101	44,9	10
10:15:40	101	44,8	11
10:16:00	101	44,8	11
10:16:20	101	44,6	11
10:16:40	101	44,6	11
10:17:00	101	44,5	11
10:17:20	101	44,4	11
10:17:40	101	44,2	11
10:18:00	100	44,2	11
10:18:20	100	44,2	12
10:18:40	100	44,1	12
10:19:00	100	44,0	13
10:19:20	100	43,9	14
10:19:40	100	43,7	14
10:20:00	100	43,9	10
10:20:20	100	43,5	11
10:20:40	100	43,4	10
10:21:00	100	43,4	8
10:21:20	100	43,2	10
10:21:40	100	42,9	12
10:22:00	100	42,7	11
10:22:20	100	42,8	11
10:22:40	100	42,4	12
10:23:00	100	42,3	13
10:23:20	100	42,3	12
10:23:40	100	42,0	13
10:24:00	100	42,0	13
10:24:20	99	41,9	11
10:24:40	99	41,7	19
10:25:00	99	41,7	21
10:25:20	99	41,5	23
10:25:40	99	41,4	25
10:26:00	99	41,4	25
10:26:20	99	41,3	25
10:26:40	99	41,2	25
10:27:00	98	41,1	25
10:27:20	98	41,1	26
10:27:40	98	41,0	26
10:28:00	98	41,0	26
10:28:20	98	41,0	26
10:28:40	98	41,0	26
10:29:00	98	40,9	26
10:29:20	98	40,9	26
10:29:40	97	40,8	26
10:30:00	97	40,9	26
10:30:20	97	40,8	26
10:30:40	97	40,8	26
10:31:00	97	40,8	26
10:31:20	97	40,8	26
10:31:40	97	40,8	26
10:32:00	97	40,8	26
10:32:20	97	40,9	26
10:32:40	96	40,8	26
10:33:00	96	40,9	26
10:33:20	96	40,9	26
10:33:40	96	40,8	26
10:34:00	96	41,0	26
10:34:20	96	40,9	26
10:34:40	96	40,9	26
10:35:00	96	41,1	10
10:35:20	96	41,1	10
10:35:40	96	41,2	10
10:36:00	96	41,0	10
10:36:20	96	40,9	10
10:36:40	96	40,8	10
10:37:00	95	40,8	10
10:37:20	95	41,1	10
10:37:40	95	41,1	10
10:38:00	95	41,1	10
10:38:20	95	41,1	10
10:38:40	95	41,2	10
10:39:00	95	41,1	10
10:39:20	95	41,1	11
10:39:40	95	41,2	9
10:40:00	95	41,3	9
10:40:20	95	41,5	9
10:40:40	95	41,5	9
10:41:00	95	41,7	9
10:41:20	95	41,9	10
10:41:40	94	42,1	10
10:42:00	94	42,4	10
10:42:20	94	42,6	10
10:42:40	94	42,8	10
10:43:00	94	43,0	12
10:43:20	94	43,2	9
10:43:40	94	43,3	8
10:44:00	94	43,6	7
10:44:20	94	43,8	6
10:44:40	94	43,9	6
10:45:00	94	44,1	6
10:45:20	94	44,5	6
10:45:40	94	44,6	6
10:46:00	94	44,9	5
10:46:20	94	45,0	5
10:46:40	94	45,2	5
10:47:00	94	45,5	5
10:47:20	94	45,7	5
10:47:40	94	46,0	5
10:48:00	94	46,2	5
10:48:20	94	46,4	5
10:48:40	94	46,7	5
10:49:00	94	46,8	5
10:49:20	94	47,1	5
10:49:40	94	47,3	5
10:50:00	94	47,4	5
10:50:20	94	47,5	5
10:50:40	94	47,2	5
10:51:00	94	47,4	5
10:51:20	94	47,3	5
10:51:40	94	47,5	5
10:52:00	94	47,5	5
10:52:20	94	47,7	5
10:52:40	94	47,7	5
10:53:00	94	48,0	5
10:53:20	94	47,9	5
10:53:40	94	48,1	5
10:54:00	94	48,1	5
10:54:20	95	48,5	5
10:54:40	95	48,5	5
10:55:00	95	48,7	5
10:55:20	95	48,9	5
10:55:40	95	49,3	5
10:56:00	95	49,7	5
10:56:20	95	49,9	5
10:56:40	95	50,4	5
10:57:00	95	50,7	5
10:57:20	96	50,9	5
10:57:40	96	51,2	5
10:58:00	96	51,3	5
10:58:20	96	51,5	5
10:58:40	96	51,6	5
10:59:00	96	51,8	5
10:59:20	96	51,8	5
10:59:40	97	51,9	5
11:00:00	97	52,0	5
11:00:20	97	52,0	5
11:00:40	97	52,1	5
11:01:00	97	52,2	5
11:01:20	97	52,2	5
11:01:40	97	52,3	5
11:02:00	97	52,3	5
11:02:20	98	52,2	5
11:02:40	98	52,2	5
11:03:00	98	52,2	5
11:03:20	98	52,1	5
11:03:40	98	52,1	5
11:04:00	98	52,0	5
11:04:20	98	52,0	5
11:04:40	98	51,9	5
11:05:00	99	51,8	4
11:05:20	99	51,3	4
11:05:40	99	51,2	4
11:06:00	99	50,7	4
11:06:20	99	50,7	4
11:06:40	99	50,2	4
11:07:00	99	50,0	3
11:07:20	99	49,7	3
11:07:40	99	49,7	3
11:08:00	100	49,3	3
11:08:20	100	49,0	3
11:08:40	100	49,0	3
11:09:00	100	48,8	4
11:09:20	100	48,5	4
11:09:40	100	48,3	4
11:10:00	100	48,2	4
11:10:20	100	48,1	4
11:10:40	100	47,8	4
11:11:00	100	47,7	4
11:11:20	100	47,4	4
11:11:40	100	47,2	4
11:12:00	101	47,0	4
11:12:20	101	46,8	4
11:12:40	101	46,7	4
11:13:00	101	46,4	4
11:13:20	101	46,3	4
11:13:40	101	46,2	4
11:14:00	101	46,0	5
11:14:20	101	45,8	5
11:14:40	101	45,7	5
11:15:00	101	45,6	5
11:15:20	101	45,5	5
11:15:40	101	45,3	5
11:16:00	101	45,2	6
11:16:20	101	45,2	6
11:16:40	101	45,0	6
11:17:00	101	44,9	6
11:17:20	101	44,8	6
11:17:40	101	44,7	7
11:18:00	101	44,5	7
11:18:20	101	44,5	7
11:18:40	101	44,4	7
11:19:00	101	44,2	7
11:19:20	101	44,2	7
11:19:40	101	44,1	7
11:20:00	101	44,0	6
11:20:20	101	43,9	6
11:20:40	101	43,7	6
11:21:00	101	43,8	5
11:21:20	100	43,5	6
11:21:40	100	43,3	17
11:22:00	100	43,3	17
11:22:20	100	43,1	17
11:22:40	100	43,0	17
11:23:00	100	42,8	17
11:23:20	100	42,5	17
11:23:40	100	42,3	17
11:24:00	100	42,2	17
11:24:20	100	42,2	20
11:24:40	100	42,1	17
11:25:00	100	42,0	17
11:25:20	100	41,9	17
11:25:40	99	41,7	13
11:26:00	99	41,7	10
11:26:20	99	41,5	9
11:26:40	99	41,4	9
11:27:00	99	41,5	8
11:27:20	99	41,4	8
11:27:40	99	41,3	8
11:28:00	99	41,2	8
11:28:20	99	41,1	8
11:28:40	98	41,1	8
11:29:00	98	41,0	8
11:29:20	98	40,9	8
11:29:40	98	41,0	8
11:30:00	98	40,9	8
11:30:20	98	40,9	8
11:30:40	98	40,8	8
11:31:00	98	40,9	7
11:31:20	97	40,8	7
11:31:40	97	40,8	7
11:32:00	97	40,7	7
11:32:20	97	40,7	7
11:32:40	97	40,7	7
11:33:00	97	40,7	8
11:33:20	97	40,7	8
11:33:40	97	40,7	8
11:34:00	97	40,6	8
11:34:20	97	40,7	8
11:34:40	96	40,6	8
11:35:00	96	40,7	5
11:35:20	96	40,6	5
11:35:40	96	40,6	5
11:36:00	96	40,5	5
11:36:20	96	40,5	5
11:36:40	96	40,5	5
11:37:00	96	40,4	5
11:37:20	96	40,4	5
11:37:40	96	40,5	5
11:38:00	96	40,2	5
11:38:20	96	40,2	5
11:38:40	95	40,3	5
11:39:00	95	40,2	5
11:39:20	95	40,4	5
11:39:40	95	40,4	5
11:40:00	95	40,4	5
11:40:20	95	40,5	5
11:40:40	95	40,6	5
11:41:00	95	40,8	5
11:41:20	95	40,8	5
11:41:40	95	41,0	5
11:42:00	95	41,2	5
11:42:20	95	41,3	5
11:42:40	95	41,5	5
11:43:00	94	41,7	5
11:43:20	94	42,0	5
11:43:40	94	42,0	6
11:44:00	94	42,3	6
11:44:20	94	42,4	6
11:44:40	94	42,6	7
11:45:00	94	42,9	7
11:45:20	94	43,0	7
11:45:40	94	43,4	7
11:46:00	94	43,5	7
11:46:20	94	43,8	7
11:46:40	94	44,1	7
11:47:00	94	44,3	7
11:47:20	94	44,4	7
11:47:40	94	44,6	7
11:48:00	94	44,9	7
11:48:20	94	45,1	7
11:48:40	94	45,4	7
11:49:00	94	45,6	7
11:49:20	94	45,9	7
11:49:40	94	46,0	7
11:50:00	94	46,3	7
11:50:20	94	46,4	6
11:50:40	94	46,2	6
11:51:00	94	46,3	6
11:51:20	94	46,3	6
11:51:40	94	46,3	6
11:52:00	94	46,4	6
11:52:20	94	46,4	6
11:52:40	94	46,8	6
11:53:00	94	46,7	6
11:53:20	94	46,9	6
11:53:40	94	47,0	6
11:54:00	94	47,2	6
11:54:20	94	47,6	6
11:54:40	94	47,6	5
11:55:00	94	47,7	5
11:55:20	94	48,0	5
11:55:40	94	48,4	5
11:56:00	95	48,9	5
11:56:20	95	49,1	6
11:56:40	95	49,5	6
11:57:00	95	49,9	6
11:57:20	95	50,1	6
11:57:40	95	50,4	6
11:58:00	95	50,7	7
11:58:20	95	50,8	7
11:58:40	96	51,0	7
11:59:00	96	51,1	7
11:59:20	96	51,3	6
11:59:40	96	51,4	6
12:00:00	96	51,4	6
12:00:20	96	51,6	6
12:00:40	96	51,7	7
12:01:00	96	51,8	7
12:01:20	97	51,9	8
12:01:40	97	52,0	7
12:02:00	97	52,1	7
12:02:20	97	52,1	7
12:02:40	97	52,1	7
12:03:00	97	52,2	7
12:03:20	97	52,2	6
12:03:40	97	52,2	6
12:04:00	97	52,3	6
12:04:20	98	52,2	6
12:04:40	98	52,2	6
12:05:00	98	52,2	6
12:05:20	98	51,7	6
12:05:40	98	51,5	5
12:06:00	98	51,0	5
12:06:20	98	50,9	5
12:06:40	98	50,6	5
12:07:00	99	50,6	5
12:07:20	99	50,3	6
12:07:40	99	50,0	5
12:08:00	99	50,0	4
12:08:20	99	49,7	4
12:08:40	99	49,7	4
12:09:00	99	49,3	4
12:09:20	99	49,3	4
12:09:40	99	49,2	5
12:10:00	100	49,0	4
12:10:20	100	48,9	4
12:10:40	100	48,9	4
12:11:00	100	48,8	4
12:11:20	100	48,6	4
12:11:40	100	48,4	4
12:12:00	100	48,4	4
12:12:20	100	48,3	4
12:12:40	100	48,0	4
12:13:00	100	47,9	4
12:13:20	100	47,6	4
12:13:40	100	47,4	4
12:14:00	101	47,1	4
12:14:20	101	47,0	3
12:14:40	101	46,7	3
12:15:00	101	46,6	3
12:15:20	101	46,4	3
12:15:40	101	46,2	3
12:16:00	101	46,0	3
12:16:20	101	45,9	3
12:16:40	101	45,8	3
12:17:00	101	45,6	4
12:17:20	101	45,4	4
12:17:40	101	45,3	4
12:18:00	101	45,3	4
12:18:20	101	45,1	4
12:18:40	101	45,1	4
12:19:00	101	44,9	4
12:19:20	101	44,8	4
12:19:40	101	44,7	4
12:20:00	101	44,5	6
12:20:20	101	44,5	6
12:20:40	101	44,2	5
12:21:00	101	44,2	5
12:21:20	101	44,0	7
12:21:40	101	43,6	5
12:22:00	101	43,7	4
12:22:20	101	43,3	4
12:22:40	101	43,3	4
12:23:00	101	43,0	4
12:23:20	101	42,8	5
12:23:40	101	42,7	5
12:24:00	101	42,8	5
12:24:20	100	42,5	6
12:24:40	100	42,3	4
12:25:00	100	42,2	4
12:25:20	100	42,2	4
12:25:40	100	42,0	4
12:26:00	100	42,0	4
12:26:20	100	42,0	4
12:26:40	100	41,9	4
12:27:00	100	41,7	4
12:27:20	100	41,6	4
12:27:40	100	41,7	4
12:28:00	99	41,5	4
12:28:20	99	41,5	4
12:28:40	99	41,4	4
12:29:00	99	41,3	4
12:29:20	99	41,3	4
12:29:40	99	41,2	4
12:30:00	99	41,1	4
12:30:20	99	41,1	4
12:30:40	98	41,0	4
12:31:00	98	40,8	4
12:31:20	98	40,8	4
12:31:40	98	40,9	4
12:32:00	98	40,7	4
12:32:20	98	40,8	4
12:32:40	98	40,6	4
12:33:00	98	40,6	4
12:33:20	98	40,6	4
12:33:40	97	40,6	4
12:34:00	97	40,6	4
12:34:20	97	40,4	4
12:34:40	97	40,4	4
12:35:00	97	40,5	4
12:35:20	97	40,4	4
12:35:40	97	40,4	4
12:36:00	97	40,2	4
12:36:20	97	40,0	4
12:36:40	97	40,1	5
12:37:00	97	39,8	5
12:37:20	97	39,9	5
12:37:40	96	39,9	5
12:38:00	96	39,9	5
12:38:20	96	39,6	5
12:38:40	96	39,8	5
12:39:00	96	39,6	5
12:39:20	96	39,7	5
12:39:40	96	39,6	5
12:40:00	96	39,6	5
12:40:20	96	39,7	5
12:40:40	95	39,7	5
12:41:00	95	39,8	5
12:41:20	95	39,9	5
12:41:40	95	40,0	5
12:42:00	95	40,1	5
12:42:20	95	40,2	5
12:42:40	95	40,3	5
12:43:00	95	40,4	5
12:43:20	95	40,6	5
12:43:40	95	40,7	5
12:44:00	94	40,9	5
12:44:20	94	41,1	5
12:44:40	94	41,2	6
12:45:00	94	41,3	6
12:45:20	94	41,6	6
12:45:40	94	41,8	6
12:46:00	94	41,9	6
12:46:20	94	42,1	5
12:46:40	94	42,4	5
12:47:00	94	42,5	5
12:47:20	94	42,8	5
12:47:40	94	42,9	4
12:48:00	94	43,2	4
12:48:20	94	43,4	4
12:48:40	94	43,5	4
12:49:00	94	43,8	4
12:49:20	94	44,0	4
12:49:40	94	44,2	4
12:50:00	94	44,5	4
12:50:20	94	44,5	4
12:50:40	93	44,5	4
12:51:00	93	44,5	4
12:51:20	93	44,7	4
12:51:40	93	44,8	4
12:52:00	93	44,9	4
12:52:20	93	44,8	4
12:52:40	94	45,0	4
12:53:00	93	45,1	4
12:53:20	93	45,4	4
12:53:40	94	45,7	4
12:54:00	94	45,7	4
12:54:20	94	45,9	4
12:54:40	94	46,2	4
12:55:00	94	46,3	4
12:55:20	94	46,7	4
12:55:40	94	47,1	3
12:56:00	94	47,4	3
12:56:20	94	47,8	3
12:56:40	94	48,3	4
12:57:00	94	48,6	4
12:57:20	94	48,8	4
12:57:40	94	49,2	4
12:58:00	95	49,5	4
12:58:20	95	49,7	4
12:58:40	95	49,9	4
12:59:00	95	50,1	4
12:59:20	95	50,3	4
12:59:40	95	50,5	4
13:00:00	95	50,6	4
13:00:20	95	50,8	4
13:00:40	95	50,8	4
13:01:00	96	51,0	4
13:01:20	96	51,2	4
13:01:40	96	51,4	4
13:02:00	96	51,4	4
13:02:20	96	51,5	4
13:02:40	96	51,7	4
13:03:00	96	51,7	4
13:03:20	96	51,8	4
13:03:40	96	51,8	4
13:04:00	97	52,0	5
13:04:20	97	52,0	5
13:04:40	97	52,0	5
13:05:00	97	52,2	5
13:05:20	97	51,6	5
13:05:40	97	51,4	5
13:06:00	97	51,3	5
13:06:20	97	50,9	5
13:06:40	97	50,8	5
13:07:00	98	50,6	4
13:07:20	98	50,7	4
13:07:40	98	50,5	4
13:08:00	98	50,4	4
13:08:20	98	50,2	4
13:08:40	98	50,1	4
13:09:00	98	50,1	4
13:09:20	98	50,1	4
13:09:40	99	49,9	4
13:10:00	99	49,9	4
13:10:20	99	49,9	4
13:10:40	99	49,8	4
13:11:00	99	49,9	4
13:11:20	99	49,8	4
13:11:40	100	49,8	4
13:12:00	100	49,8	4
13:12:20	100	49,7	4
13:12:40	100	49,6	4
13:13:00	100	49,5	4
13:13:20	100	49,4	4
13:13:40	100	49,2	4
13:14:00	100	49,1	4
13:14:20	100	48,8	4
13:14:40	100	48,7	4
13:15:00	100	48,4	4
13:15:20	101	48,2	4
13:15:40	101	47,9	4
13:16:00	101	47,7	4
13:16:20	101	47,4	4
13:16:40	101	47,2	5
13:17:00	101	47,0	5
13:17:20	101	46,8	5
13:17:40	101	46,5	5
13:18:00	101	46,4	5
13:18:20	101	46,1	5
13:18:40	101	46,1	6
13:19:00	101	45,9	5
13:19:20	101	45,7	5
13:19:40	101	45,6	5
13:20:00	101	45,6	7
13:20:20	101	45,2	6
13:20:40	101	45,2	6
13:21:00	101	45,0	6
13:21:20	101	44,7	8
13:21:40	101	44,4	8
13:22:00	101	44,2	7
13:22:20	101	44,0	8
13:22:40	101	44,0	7
13:23:00	101	43,8	8
13:23:20	101	43,7	8
13:23:40	101	43,5	7
13:24:00	101	43,1	7
13:24:20	101	43,0	7
13:24:40	101	42,9	4
13:25:00	101	42,8	4
13:25:20	101	42,7	4
13:25:40	101	42,7	4
13:26:00	101	42,5	4
13:26:20	101	42,4	4
13:26:40	101	42,5	4
13:27:00	100	42,4	4
13:27:20	100	42,3	4
13:27:40	100	42,2	4
13:28:00	100	42,1	4
13:28:20	100	42,0	4
13:28:40	100	41,9	4
13:29:00	100	41,9	4
13:29:20	100	41,7	4
13:29:40	100	41,7	4
13:30:00	100	41,7	4
13:30:20	99	41,5	4
13:30:40	99	41,5	4
13:31:00	99	41,4	4
13:31:20	99	41,3	4
13:31:40	99	41,3	4
13:32:00	99	41,2	4
13:32:20	99	41,1	4
13:32:40	99	41,0	4
13:33:00	99	41,0	4
13:33:20	99	40,8	4
13:33:40	98	40,9	4
13:34:00	98	40,7	4
13:34:20	98	40,7	4
13:34:40	98	40,7	4
13:35:00	98	40,7	4
13:35:20	98	40,7	4
13:35:40	98	40,4	4
13:36:00	98	40,2	4
13:36:20	98	40,2	4
13:36:40	98	40,0	4
13:37:00	98	40,0	4
13:37:20	97	40,0	4
13:37:40	97	39,8	4
13:38:00	97	39,7	5
13:38:20	97	39,5	5
13:38:40	97	39,5	5
13:39:00	97	39,5	4
13:39:20	97	39,2	4
13:39:40	97	39,4	5
13:40:00	97	39,3	5
13:40:20	96	39,3	4
13:40:40	96	39,3	4
13:41:00	96	39,3	4
13:41:20	96	39,3	4
13:41:40	96	39,4	4
13:42:00	96	39,4	4
13:42:20	96	39,5	4
13:42:40	96	39,5	4
13:43:00	96	39,6	4
13:43:20	95	39,6	4
13:43:40	95	39,8	4
13:44:00	95	39,8	4
13:44:20	95	40,0	4
13:44:40	95	40,1	4
13:45:00	95	40,2	5
13:45:20	95	40,4	5
13:45:40	95	40,4	5
13:46:00	95	40,6	5
13:46:20	94	40,8	5
13:46:40	94	40,9	5
13:47:00	94	41,0	5
13:47:20	94	41,2	5
13:47:40	94	41,3	6
13:48:00	94	41,5	6
13:48:20	94	41,7	6
13:48:40	94	41,8	6
13:49:00	94	42,0	6
13:49:20	94	42,2	6
13:49:40	94	42,3	5
13:50:00	94	42,6	4
13:50:20	94	42,8	4
13:50:40	94	42,8	4
13:51:00	94	42,6	4
13:51:20	94	42,9	4
13:51:40	94	42,8	4
13:52:00	94	43,2	4
13:52:20	94	43,2	4
13:52:40	94	43,3	4
13:53:00	94	43,3	4
13:53:20	94	43,6	4
13:53:40	93	43,8	4
13:54:00	94	44,1	5
13:54:20	94	44,4	4
13:54:40	94	44,5	4
13:55:00	94	44,7	4
13:55:20	94	45,0	4
13:55:40	94	45,3	4
13:56:00	94	45,7	4
13:56:20	94	46,0	4
13:56:40	94	46,3	4
13:57:00	94	46,6	4
13:57:20	94	46,9	5
13:57:40	94	47,3	5
13:58:00	94	47,5	5
13:58:20	94	47,8	5
13:58:40	94	48,0	5
13:59:00	94	48,2	5
13:59:20	94	48,5	4
13:59:40	95	48,8	4
14:00:00	95	48,9	4
14:00:20	95	49,0	4
14:00:40	95	49,3	4
14:01:00	95	49,5	4
14:01:20	95	49,7	4
14:01:40	95	49,8	4
14:02:00	95	50,0	4
14:02:20	95	50,0	4
14:02:40	95	50,3	4
14:03:00	95	50,5	5
14:03:20	95	50,8	4
14:03:40	95	51,0	4
14:04:00	96	51,2	4
14:04:20	96	51,3	4
14:04:40	96	51,3	5
14:05:00	96	51,4	4
14:05:20	96	51,0	4
14:05:40	96	50,8	4
14:06:00	96	50,5	4
14:06:20	96	50,4	4
14:06:40	96	50,5	4
14:07:00	97	50,4	4
14:07:20	97	50,3	4
14:07:40	97	50,1	4
14:08:00	97	50,1	4
14:08:20	97	50,3	4
14:08:40	97	50,0	4
14:09:00	97	50,1	4
14:09:20	97	50,1	4
14:09:40	98	50,0	4
14:10:00	98	50,0	4
14:10:20	98	50,1	4
14:10:40	98	50,1	4
14:11:00	98	50,3	4
14:11:20	98	50,4	4
14:11:40	99	50,5	4
14:12:00	99	50,4	4
14:12:20	99	50,5	4
14:12:40	99	50,6	4
14:13:00	99	50,4	4
14:13:20	99	50,4	4
14:13:40	99	50,3	4
14:14:00	100	50,3	4
14:14:20	100	50,1	4
14:14:40	100	49,9	4
14:15:00	100	49,8	4
14:15:20	100	49,6	4
14:15:40	100	49,5	4
14:16:00	100	49,2	4
14:16:20	100	49,1	4
14:16:40	100	48,8	4
14:17:00	100	48,7	4
14:17:20	101	48,3	4
14:17:40	101	48,1	4
14:18:00	101	47,9	3
14:18:20	101	47,5	4
14:18:40	101	47,3	4
14:19:00	101	47,0	4
14:19:20	101	46,8	4
14:19:40	101	46,7	4
14:20:00	101	46,3	4
14:20:20	101	46,2	3
14:20:40	101	45,7	3
14:21:00	101	45,7	4
14:21:20	101	45,4	5
14:21:40	101	45,1	7
14:22:00	101	44,7	8
14:22:20	101	44,5	10
14:22:40	101	44,5	11
14:23:00	101	44,4	9
14:23:20	101	43,9	9
14:23:40	101	44,0	10
14:24:00	101	43,9	7
14:24:20	101	43,7	7
14:24:40	101	43,4	5
14:25:00	101	43,3	5
14:25:20	101	43,1	5
14:25:40	101	43,1	5
14:26:00	101	43,0	5
14:26:20	101	42,9	5
14:26:40	101	42,9	5
14:27:00	101	42,7	5
14:27:20	101	42,6	5
14:27:40	101	42,6	5
14:28:00	100	42,4	5
14:28:20	100	42,4	5
14:28:40	100	42,3	5
14:29:00	100	42,3	5
14:29:20	100	42,2	5
14:29:40	100	42,1	5
14:30:00	100	42,0	5
14:30:20	100	41,9	5
14:30:40	100	41,8	5
14:31:00	100	41,7	5
14:31:20	100	41,7	5
14:31:40	100	41,6	5
14:32:00	99	41,6	5
14:32:20	99	41,5	5
14:32:40	99	41,3	5
14:33:00	99	41,4	5
14:33:20	99	41,2	5
14:33:40	99	41,2	5
14:34:00	99	41,0	5
14:34:20	99	41,0	5
14:34:40	99	40,9	5
14:35:00	99	41,0	5
14:35:20	99	40,7	5
14:35:40	98	40,7	5
14:36:00	98	40,5	5
14:36:20	98	40,4	5
14:36:40	98	40,2	5
14:37:00	98	40,0	5
14:37:20	98	39,9	4
14:37:40	98	40,0	4
14:38:00	98	39,8	4
14:38:20	98	39,7	4
14:38:40	98	39,7	4
14:39:00	97	39,4	5
14:39:20	97	39,3	5
14:39:40	97	39,4	5
14:40:00	97	39,3	5
14:40:20	97	39,2	5
14:40:40	97	39,2	5
14:41:00	97	39,2	5
14:41:20	97	39,1	5
14:41:40	97	39,1	5
14:42:00	96	39,2	5
14:42:20	96	39,2	5
14:42:40	96	39,2	5
14:43:00	96	39,2	5
14:43:20	96	39,3	5
14:43:40	96	39,4	5
14:44:00	96	39,4	5
14:44:20	96	39,5	5
14:44:40	95	39,5	5
14:45:00	95	39,7	5
14:45:20	95	39,8	5
14:45:40	95	39,8	5
14:46:00	95	40,0	5
14:46:20	95	40,1	5
14:46:40	95	40,1	5
14:47:00	95	40,2	5
14:47:20	95	40,4	5
14:47:40	95	40,5	5
14:48:00	95	40,7	5
14:48:20	94	40,9	5
14:48:40	94	40,9	5
14:49:00	94	41,0	5
14:49:20	94	41,3	5
14:49:40	94	41,5	4
14:50:00	94	41,7	4
14:50:20	94	41,7	4
14:50:40	94	41,6	4
14:51:00	94	41,6	4
14:51:20	94	41,9	4
14:51:40	94	41,7	4
14:52:00	94	41,9	4
14:52:20	94	41,9	4
14:52:40	94	42,3	4
14:53:00	94	42,4	4
14:53:20	94	42,5	4
14:53:40	94	42,7	4
14:54:00	94	42,6	4
14:54:20	94	43,0	4
14:54:40	94	43,0	4
14:55:00	94	43,2	4
14:55:20	94	43,4	4
14:55:40	94	43,7	4
14:56:00	94	44,0	4
14:56:20	94	44,4	5
14:56:40	94	44,7	5
14:57:00	94	45,0	5
14:57:20	94	45,4	4
14:57:40	94	45,6	4
14:58:00	94	46,0	4
14:58:20	94	46,2	4
14:58:40	94	46,4	4
14:59:00	94	46,7	4
14:59:20	94	47,0	4
14:59:40	94	47,1	4
15:00:00	94	47,4	4
15:00:20	94	47,6	4
15:00:40	94	47,7	4
15:01:00	94	47,9	4
15:01:20	94	48,2	4
15:01:40	95	48,4	4
15:02:00	95	48,6	4
15:02:20	95	48,8	4
15:02:40	95	49,0	4
15:03:00	95	49,2	4
15:03:20	95	49,4	3
15:03:40	95	49,6	3
15:04:00	95	49,7	3
15:04:20	95	49,8	3
15:04:40	95	49,9	4
15:05:00	95	50,2	4
15:05:20	95	49,7	4
15:05:40	95	49,7	4
15:06:00	95	49,4	4
15:06:20	95	49,3	4
15:06:40	96	49,4	4
15:07:00	96	49,5	4
15:07:20	96	49,5	4
15:07:40	96	49,5	4
15:08:00	96	49,3	4
15:08:20	96	49,4	4
15:08:40	96	49,6	4
15:09:00	96	49,7	4
15:09:20	96	49,7	4
15:09:40	97	49,6	4
15:10:00	97	49,7	4
15:10:20	97	49,8	4
15:10:40	97	50,1	4
15:11:00	97	50,2	4
15:11:20	97	50,4	4
15:11:40	98	50,7	4
15:12:00	98	50,8	4
15:12:20	98	50,8	4
15:12:40	98	50,8	4
15:13:00	98	50,8	4
15:13:20	98	50,8	4
15:13:40	98	50,8	4
15:14:00	99	50,7	4
15:14:20	99	50,7	4
15:14:40	99	50,6	4
15:15:00	99	50,6	4
15:15:20	99	50,5	4
15:15:40	99	50,4	4
15:16:00	99	50,2	4
15:16:20	100	50,2	4
15:16:40	100	50,0	4
15:17:00	100	49,8	4
15:17:20	100	49,6	4
15:17:40	100	49,5	4
15:18:00	100	49,2	4
15:18:20	100	49,0	4
15:18:40	100	48,9	4
15:19:00	100	48,6	4
15:19:20	100	48,5	5
15:19:40	100	48,2	5
15:20:00	101	47,9	5
15:20:20	101	47,4	4
15:20:40	101	46,9	4
15:21:00	101	46,7	5
15:21:20	101	46,1	7
15:21:40	101	46,0	5
15:22:00	101	45,5	4
15:22:20	101	45,4	4
15:22:40	101	45,3	4
15:23:00	101	45,0	4
15:23:20	101	44,7	4
15:23:40	101	44,5	3
15:24:00	101	44,2	3
15:24:20	101	44,0	3
15:24:40	101	43,9	4
15:25:00	101	43,8	4
15:25:20	101	43,7	4
15:25:40	101	43,7	4
15:26:00	101	43,5	4
15:26:20	101	43,4	4
15:26:40	101	43,3	4
15:27:00	101	43,2	4
15:27:20	101	43,2	4
15:27:40	101	43,0	4
15:28:00	101	43,0	4
15:28:20	101	42,9	4
15:28:40	101	42,7	4
15:29:00	100	42,6	4
15:29:20	100	42,6	4
15:29:40	100	42,5	4
15:30:00	100	42,3	4
15:30:20	100	42,4	4
15:30:40	100	42,2	4
15:31:00	100	42,1	4
15:31:20	100	42,1	4
15:31:40	100	42,0	4
15:32:00	100	42,0	4
15:32:20	100	41,8	4
15:32:40	100	41,8	4
15:33:00	100	41,6	4
15:33:20	100	41,5	4
15:33:40	99	41,5	4
15:34:00	99	41,4	4
15:34:20	99	41,4	4
15:34:40	99	41,2	4
15:35:00	99	41,3	4
15:35:20	99	41,0	4
15:35:40	99	41,1	4
15:36:00	99	40,9	4
15:36:20	99	40,7	4
15:36:40	99	40,5	4
15:37:00	99	40,5	4
15:37:20	99	40,3	4
15:37:40	98	40,2	4
15:38:00	98	40,0	4
15:38:20	98	39,9	4
15:38:40	98	40,0	4
15:39:00	98	39,7	4
15:39:20	98	39,6	4
15:39:40	98	39,6	4
15:40:00	98	39,6	4
15:40:20	98	39,5	4
15:40:40	97	39,4	4
15:41:00	97	39,4	4
15:41:20	97	39,3	4
15:41:40	97	39,3	4
15:42:00	97	39,3	4
15:42:20	97	39,3	4
15:42:40	97	39,3	4
15:43:00	97	39,3	4
15:43:20	96	39,3	4
15:43:40	96	39,3	4
15:44:00	96	39,4	4
15:44:20	96	39,3	4
15:44:40	96	39,4	4
15:45:00	96	39,5	4
15:45:20	96	39,5	4
15:45:40	96	39,5	4
15:46:00	96	39,7	4
15:46:20	96	39,7	4
15:46:40	95	39,8	4
15:47:00	95	39,8	4
15:47:20	95	39,9	4
15:47:40	95	39,9	4
15:48:00	95	40,1	4
15:48:20	95	40,2	4
15:48:40	95	40,2	4
15:49:00	95	40,3	4
15:49:20	95	40,6	4
15:49:40	95	40,7	4
15:50:00	95	41,0	4
15:50:20	95	40,9	4
15:50:40	95	40,9	4
15:51:00	94	41,0	4
15:51:20	94	40,9	4
15:51:40	94	41,0	4
15:52:00	94	41,1	4
15:52:20	94	41,1	4
15:52:40	94	41,0	4
15:53:00	94	41,3	4
15:53:20	94	41,4	4
15:53:40	94	41,4	4
15:54:00	94	41,6	4
15:54:20	94	41,7	4
15:54:40	94	41,7	4
15:55:00	94	42,0	4
15:55:20	94	42,1	4
15:55:40	94	42,5	4
15:56:00	94	42,7	4
15:56:20	94	43,1	4
15:56:40	94	43,2	4
15:57:00	94	43,5	4
15:57:20	94	43,8	4
15:57:40	94	44,1	4
15:58:00	94	44,3	4
15:58:20	94	44,6	4
15:58:40	94	44,9	4
15:59:00	94	45,1	4
15:59:20	94	45,4	4
15:59:40	94	45,6	4
16:00:00	94	45,8	4
16:00:20	94	46,0	4
16:00:40	94	46,2	4
16:01:00	94	46,4	4
16:01:20	94	46,5	4
16:01:40	94	46,8	4
16:02:00	94	47,1	4
16:02:20	94	47,3	4
16:02:40	94	47,5	4
16:03:00	94	47,6	4
16:03:20	94	47,9	4
16:03:40	94	48,0	4
16:04:00	94	48,2	4
16:04:20	94	48,4	4
16:04:40	95	48,7	4
16:05:00	95	48,8	4
16:05:20	95	48,4	4
16:05:40	95	48,3	4
16:06:00	95	48,3	4
16:06:20	95	48,1	4
16:06:40	95	48,2	4
16:07:00	95	48,2	4
16:07:20	95	48,2	4
16:07:40	95	48,4	4
16:08:00	95	48,3	4
16:08:20	95	48,5	4
16:08:40	95	48,6	4
16:09:00	96	48,5	4
16:09:20	96	48,9	4
16:09:40	96	48,8	4
16:10:00	96	48,8	4
16:10:20	96	49,1	4
16:10:40	96	49,3	4
16:11:00	96	49,6	4
16:11:20	97	49,9	4
16:11:40	97	50,0	4
16:12:00	97	50,3	4
16:12:20	97	50,3	4
16:12:40	97	50,5	4
16:13:00	97	50,6	4
16:13:20	98	50,7	4
16:13:40	98	50,6	4
16:14:00	98	50,6	4
16:14:20	98	50,7	4
16:14:40	98	50,7	4
16:15:00	98	50,6	4
16:15:20	98	50,6	4
16:15:40	98	50,6	4
16:16:00	99	50,5	4
16:16:20	99	50,4	4
16:16:40	99	50,4	4
16:17:00	99	50,3	4
16:17:20	99	50,1	4
16:17:40	99	50,0	4
16:18:00	99	50,0	4
16:18:20	99	49,9	4
16:18:40	99	49,6	4
16:19:00	100	49,6	4
16:19:20	100	49,3	4
16:19:40	100	49,3	4
16:20:00	100	49,0	4
16:20:20	100	48,5	4
16:20:40	100	48,1	3
16:21:00	100	47,9	3
16:21:20	100	47,4	3
16:21:40	100	47,1	3
16:22:00	100	46,9	3
16:22:20	100	46,3	4
16:22:40	100	46,2	4
16:23:00	100	45,6	4
16:23:20	101	45,6	4
16:23:40	101	45,2	4
16:24:00	101	45,0	4
16:24:20	101	44,7	4
16:24:40	101	44,5	4
16:25:00	101	44,4	4
16:25:20	101	44,2	4
16:25:40	101	44,1	4
16:26:00	101	44,0	4
16:26:20	101	43,9	4
16:26:40	101	43,7	4
16:27:00	101	43,6	4
16:27:20	101	43,5	4
16:27:40	101	43,3	4
16:28:00	101	43,3	4
16:28:20	101	43,2	4
16:28:40	101	43,1	4
16:29:00	101	43,0	4
16:29:20	100	41,9	4
16:29:40	100	34,4	2
16:30:00	100	34,5	2
16:30:20	100	34,4	2
16:30:40	100	34,3	2
16:31:00	100	34,1	2
16:31:20	100	33,8	2
16:31:40	100	33,3	2
16:32:00	100	32,7	2
16:32:20	100	32,1	2
16:32:40	99	31,4	2
16:33:00	99	30,6	2
16:33:20	99	29,8	2
16:33:40	99	29,0	3
16:34:00	99	28,1	3
16:34:20	99	27,1	4
16:34:40	99	26,3	3
16:35:00	99	25,5	2
16:35:20	99	24,6	2
16:35:40	98	23,7	2
16:36:00	98	22,8	5
16:36:20	98	22,1	16
16:36:40	98	21,2	9
16:37:00	98	20,4	7
16:37:20	98	19,5	15
16:37:40	97	18,8	56
16:38:00	97	18,1	89
16:38:20	97	17,3	28
16:38:40	97	16,5	17
16:39:00	97	15,8	42
16:39:20	97	15,1	46
16:39:40	96	14,5	41
16:40:00	96	13,6	35
16:40:20	96	13,1	32
16:40:40	96	12,4	43
16:41:00	95	11,8	42
16:41:20	95	11,1	53
16:41:40	95	10,6	47
16:42:00	94	9,9	52
16:42:20	94	9,3	59
16:42:40	94	8,9	44
16:43:00	94	8,3	58
16:43:20	93	7,7	43
16:43:40	93	7,2	42
16:44:00	92	6,6	40
16:44:20	92	6,1	41
16:44:40	92	5,7	45
16:45:00	91	5,2	51
16:45:20	91	4,7	42
16:45:40	90	4,2	34
16:46:00	90	3,9	37
16:46:20	90	3,4	40
16:46:40	89	2,9	41
16:47:00	89	2,5	42
16:47:20	88	2,1	54
16:47:40	88	1,9	45
16:48:00	87	1,6	30
16:48:20	87	1,3	32
16:48:40	87	1,2	27
16:49:00	86	1,0	29
16:49:20	86	0,9	31
16:49:40	85	1,0	36
16:50:00	85	1,0	29
16:50:20	84	0,9	34
16:50:40	84	1,0	33
16:51:00	83	1,0	29
16:51:20	83	1,0	29
16:51:40	82	1,0	30
16:52:00	82	1,0	30
16:52:20	81	0,9	44
16:52:40	81	1,0	34
16:53:00	80	0,9	26
16:53:20	80	0,9	49
16:53:40	79	1,0	29
16:54:00	79	0,9	29
16:54:20	78	1,0	27
16:54:40	78	1,0	29
16:55:00	77	1,0	31
16:55:20	77	0,9	34
16:55:40	76	0,9	29
16:56:00	76	1,0	31
16:56:20	75	1,0	31
16:56:40	75	0,9	32
16:57:00	74	1,0	33
16:57:20	74	0,9	37
16:57:40	73	0,9	33
16:58:00	73	1,0	33
16:58:20	73	1,0	33
16:58:40	72	0,9	34
16:59:00	72	1,0	38
16:59:20	71	1,0	48
16:59:40	71	0,9	28
17:00:00	70	0,9	25
17:00:20	70	0,9	29
17:00:40	69	1,0	25
17:01:00	69	0,9	23
17:01:20	68	1,0	25
17:01:40	68	0,9	29
17:02:00	68	1,0	27
17:02:20	67	1,0	30
17:02:40	67	0,9	1
17:03:00	66	0,8	1
17:03:20	66	0,2	1
17:03:40	65	0,1	1
17:04:00	65	0,2	1
17:04:20	64	0,2	1
17:04:40	64	0,1	1
17:05:00	63	0,0	1
17:05:20	63	0,0	1
17:05:40	63	0,1	1
17:06:00	62	0,2	1
17:06:20	62	0,0	1
17:06:40	61	0,0	1
17:07:00	61	0,2	1
17:07:20	61	0,1	2
17:07:40	60	0,2	2
17:08:00	60	0,1	2
17:08:20	60	0,2	2
17:08:40	59	0,1	2
17:09:00	59	0,2	2
17:09:20	59	0,0	2
17:09:40	58	0,1	2
17:10:00	58	0,2	2
17:10:20	58	0,2	2
17:10:40	58	0,0	2
17:11:00	57	0,2	2
17:11:20	57	0,1	2
17:11:40	57	0,1	2
17:12:00	57	0,2	2
17:12:20	56	0,0	2
17:12:40	56	0,2	3
17:13:00	56	0,2	3
17:13:20	56	0,2	3
17:13:40	55	0,1	3
17:14:00	55	0,1	2
17:14:20	55	0,1	2
17:14:40	55	0,1	2
17:15:00	55	0,2	2
17:15:20	55	0,2	3
17:15:40	54	0,2	3
17:16:00	54	0,2	3
17:16:20	54	0,1	3
