--Test Summary--
Full Path and File Name	
Instrument Name	7222#2
Instrument Type	Model 7222 Consistometer
Instrument Serial Number	128
Test Start Date	27.01.2003
Test Start Time	13:06:04
Test Stop Date	27.01.2003
Test Stop Time	15:43:24
Test Length	2:37:20
Final Sample Time Offset	2:37:20
Controller Schedule Name	
Sampling Period	20 seconds
Comments	MPa: 32 (30min), T: 57C(30min), tap water, dry blending
Information	WellID	462-2/5B
Information	Customer	Kogalym
Information	CementClass	G
Information	CementMfr	Dyckerhoff
Information	Additives	1%Diacel FL+0.3%DiacelRPM
Information	Density	1940
Information	BHCT	57
Information	BHST	70
Information	FluidLoss	60cc/30min
Information	JobType	Liner cementing job
Calculated Value	30Bc - TT	2:13:20
Calculated Value	70Bc - TT	2:37:20
Calculated Value	100Bc - TT	N/A
Initial Temperature (°C)	24 °C
Final Temperature (°C)	56 °C
Initial Pressure (MPa)	2,0 MPa
Final Pressure (MPa)	32,1 MPa
Initial Consistency (Bc)	12 Bc
Final Consistency (Bc)	72 Bc
--Data--
Time (HH:MM:SS)	Temperature (°C)	Pressure (MPa)	Consistency (Bc)
0:00:00	24	2,0	12
0:00:20	24	2,2	13
0:00:40	24	2,6	14
0:01:00	24	3,2	13
0:01:20	23	3,5	13
0:01:40	23	3,8	15
0:02:00	23	4,4	14
0:02:20	23	4,4	13
0:02:40	23	4,8	13
0:03:00	23	5,1	13
0:03:20	23	5,3	13
0:03:40	23	5,7	13
0:04:00	24	6,0	13
0:04:20	24	6,4	14
0:04:40	24	6,8	14
0:05:00	24	7,2	14
0:05:20	24	7,7	13
0:05:40	25	8,1	14
0:06:00	25	8,4	14
0:06:20	25	8,9	14
0:06:40	25	9,3	14
0:07:00	26	9,7	14
0:07:20	26	10,2	16
0:07:40	26	10,4	14
0:08:00	27	10,8	15
0:08:20	27	11,0	18
0:08:40	28	11,6	13
0:09:00	28	11,8	13
0:09:20	29	12,3	13
0:09:40	29	12,5	13
0:10:00	30	13,0	14
0:10:20	30	13,2	14
0:10:40	31	13,5	14
0:11:00	31	14,0	13
0:11:20	32	14,3	14
0:11:40	32	14,3	13
0:12:00	33	14,8	13
0:12:20	33	15,3	12
0:12:40	34	15,6	12
0:13:00	34	15,9	12
0:13:20	35	16,3	12
0:13:40	35	16,5	12
0:14:00	36	16,8	14
0:14:20	36	17,1	14
0:14:40	36	17,5	14
0:15:00	37	18,0	14
0:15:20	37	18,1	14
0:15:40	38	18,5	14
0:16:00	38	18,9	14
0:16:20	39	19,3	13
0:16:40	39	19,5	13
0:17:00	40	19,9	13
0:17:20	40	20,4	13
0:17:40	41	20,8	13
0:18:00	41	21,1	13
0:18:20	42	20,9	13
0:18:40	42	21,4	13
0:19:00	43	21,7	13
0:19:20	43	22,2	13
0:19:40	44	22,6	13
0:20:00	44	22,7	12
0:20:20	44	23,0	12
0:20:40	45	23,4	12
0:21:00	45	23,7	12
0:21:20	46	24,2	12
0:21:40	46	24,5	12
0:22:00	47	24,9	12
0:22:20	47	25,1	12
0:22:40	47	25,5	12
0:23:00	48	25,8	12
0:23:20	48	26,1	12
0:23:40	49	26,3	12
0:24:00	49	26,5	13
0:24:20	49	27,0	13
0:24:40	50	27,3	13
0:25:00	50	27,7	13
0:25:20	50	28,1	13
0:25:40	51	28,2	13
0:26:00	51	28,6	13
0:26:20	51	29,0	13
0:26:40	52	29,4	13
0:27:00	52	29,6	13
0:27:20	53	30,1	13
0:27:40	53	30,3	13
0:28:00	53	30,8	13
0:28:20	54	31,2	13
0:28:40	54	31,4	13
0:29:00	54	31,7	13
0:29:20	55	31,9	13
0:29:40	55	32,3	13
0:30:00	55	32,6	13
0:30:20	56	32,9	13
0:30:40	56	32,5	14
0:31:00	57	32,8	14
0:31:20	57	33,0	14
0:31:40	57	32,5	15
0:32:00	57	32,6	15
0:32:20	58	32,7	14
0:32:40	58	32,8	15
0:33:00	58	32,9	15
0:33:20	59	32,9	15
0:33:40	59	32,9	16
0:34:00	59	32,3	14
0:34:20	59	32,4	11
0:34:40	59	32,3	11
0:35:00	60	32,5	11
0:35:20	60	32,4	11
0:35:40	60	32,4	11
0:36:00	60	32,4	11
0:36:20	60	32,4	11
0:36:40	60	32,5	11
0:37:00	60	32,4	11
0:37:20	60	32,7	11
0:37:40	60	32,4	11
0:38:00	60	32,5	11
0:38:20	60	32,4	11
0:38:40	60	32,2	11
0:39:00	60	32,2	11
0:39:20	60	32,1	12
0:39:40	60	32,2	12
0:40:00	60	32,1	12
0:40:20	60	32,0	12
0:40:40	60	32,0	12
0:41:00	60	31,9	11
0:41:20	60	32,3	11
0:41:40	60	32,3	11
0:42:00	60	32,1	12
0:42:20	60	32,0	12
0:42:40	60	32,0	12
0:43:00	60	32,0	13
0:43:20	60	32,2	13
0:43:40	60	32,2	13
0:44:00	59	32,1	12
0:44:20	59	32,0	12
0:44:40	59	32,0	12
0:45:00	59	32,1	12
0:45:20	59	31,9	12
0:45:40	59	32,2	12
0:46:00	59	32,3	12
0:46:20	59	32,1	11
0:46:40	59	32,2	11
0:47:00	59	32,2	11
0:47:20	58	31,9	11
0:47:40	58	31,9	11
0:48:00	58	32,1	14
0:48:20	58	31,9	12
0:48:40	58	31,9	12
0:49:00	58	31,9	12
0:49:20	58	32,5	12
0:49:40	58	32,2	12
0:50:00	58	32,4	12
0:50:20	58	32,3	12
0:50:40	58	32,4	12
0:51:00	58	32,2	12
0:51:20	57	32,1	12
0:51:40	57	32,2	12
0:52:00	57	32,1	12
0:52:20	57	32,1	12
0:52:40	57	32,2	11
0:53:00	57	32,2	11
0:53:20	57	32,1	11
0:53:40	57	32,1	11
0:54:00	57	32,3	11
0:54:20	57	32,1	11
0:54:40	57	32,3	11
0:55:00	57	32,2	12
0:55:20	57	32,0	11
0:55:40	57	32,1	11
0:56:00	57	32,2	11
0:56:20	57	32,0	11
0:56:40	57	32,2	11
0:57:00	57	32,1	11
0:57:20	57	32,1	11
0:57:40	57	32,1	11
0:58:00	57	32,1	11
0:58:20	57	32,0	11
0:58:40	57	32,2	11
0:59:00	57	32,0	11
0:59:20	56	32,2	11
0:59:40	56	32,1	11
1:00:00	56	32,2	11
1:00:20	56	32,0	11
1:00:40	56	32,2	11
1:01:00	56	32,1	11
1:01:20	56	32,1	11
1:01:40	56	32,0	11
1:02:00	56	32,0	11
1:02:20	56	32,2	11
1:02:40	56	32,3	11
1:03:00	56	32,1	11
1:03:20	56	32,2	11
1:03:40	56	32,3	11
1:04:00	56	32,3	11
1:04:20	56	32,1	11
1:04:40	56	32,2	11
1:05:00	56	32,1	11
1:05:20	56	32,2	11
1:05:40	56	32,3	11
1:06:00	56	32,1	11
1:06:20	56	32,2	11
1:06:40	56	32,2	11
1:07:00	56	32,1	11
1:07:20	56	32,2	11
1:07:40	56	32,3	11
1:08:00	56	32,4	11
1:08:20	56	32,4	11
1:08:40	56	32,2	11
1:09:00	56	32,3	11
1:09:20	56	32,3	11
1:09:40	56	32,4	11
1:10:00	56	32,4	11
1:10:20	56	32,4	11
1:10:40	56	32,3	11
1:11:00	56	32,3	11
1:11:20	56	32,5	11
1:11:40	56	32,3	11
1:12:00	56	32,5	11
1:12:20	56	32,4	11
1:12:40	56	32,3	11
1:13:00	56	32,5	11
1:13:20	56	32,3	11
1:13:40	56	32,4	11
1:14:00	56	32,3	11
1:14:20	56	32,4	11
1:14:40	56	32,2	11
1:15:00	56	32,5	11
1:15:20	56	32,3	11
1:15:40	56	32,4	11
1:16:00	56	32,2	11
1:16:20	56	32,4	11
1:16:40	56	32,2	11
1:17:00	56	32,3	11
1:17:20	56	32,2	11
1:17:40	56	32,4	11
1:18:00	56	32,4	11
1:18:20	56	32,3	11
1:18:40	56	32,2	11
1:19:00	56	32,3	11
1:19:20	56	32,5	11
1:19:40	56	32,4	11
1:20:00	56	32,3	11
1:20:20	56	32,5	11
1:20:40	56	32,2	11
1:21:00	56	32,2	11
1:21:20	56	32,2	11
1:21:40	56	32,3	11
1:22:00	56	32,4	11
1:22:20	56	32,4	11
1:22:40	56	32,3	11
1:23:00	56	32,5	11
1:23:20	56	32,4	11
1:23:40	56	32,3	11
1:24:00	56	32,2	12
1:24:20	56	32,4	12
1:24:40	56	32,2	11
1:25:00	56	32,2	11
1:25:20	56	32,3	12
1:25:40	56	32,2	11
1:26:00	56	32,3	11
1:26:20	56	32,3	11
1:26:40	56	32,4	11
1:27:00	56	32,3	11
1:27:20	56	32,3	11
1:27:40	56	32,3	11
1:28:00	56	32,2	11
1:28:20	56	32,2	11
1:28:40	56	32,3	11
1:29:00	56	32,4	11
1:29:20	56	32,4	11
1:29:40	56	32,4	11
1:30:00	56	32,2	11
1:30:20	56	32,2	11
1:30:40	56	32,2	11
1:31:00	56	32,2	11
1:31:20	56	32,4	11
1:31:40	56	32,3	11
1:32:00	56	32,4	12
1:32:20	56	32,4	12
1:32:40	56	32,2	12
1:33:00	56	32,2	12
1:33:20	56	32,3	12
1:33:40	56	32,5	12
1:34:00	56	32,4	12
1:34:20	56	32,5	12
1:34:40	56	32,3	12
1:35:00	56	32,4	12
1:35:20	56	32,4	12
1:35:40	56	32,4	12
1:36:00	56	32,2	12
1:36:20	56	32,2	12
1:36:40	56	32,4	12
1:37:00	56	32,4	12
1:37:20	56	32,5	12
1:37:40	56	32,2	12
1:38:00	56	32,5	12
1:38:20	56	32,4	12
1:38:40	56	32,3	12
1:39:00	56	32,2	12
1:39:20	56	32,3	12
1:39:40	56	32,3	12
1:40:00	56	32,3	12
1:40:20	56	32,2	13
1:40:40	56	32,3	13
1:41:00	56	32,3	13
1:41:20	56	32,2	13
1:41:40	56	32,3	13
1:42:00	56	32,4	13
1:42:20	56	32,3	13
1:42:40	56	32,4	13
1:43:00	56	32,3	13
1:43:20	56	32,4	13
1:43:40	56	32,2	13
1:44:00	56	32,3	13
1:44:20	56	32,4	13
1:44:40	56	32,4	13
1:45:00	56	32,2	13
1:45:20	56	32,2	13
1:45:40	56	32,3	13
1:46:00	56	32,4	14
1:46:20	56	32,4	14
1:46:40	56	32,4	14
1:47:00	56	32,2	14
1:47:20	56	32,2	14
1:47:40	56	32,4	14
1:48:00	56	32,4	14
1:48:20	56	32,4	14
1:48:40	56	32,4	14
1:49:00	56	32,4	14
1:49:20	56	32,2	14
1:49:40	56	32,3	14
1:50:00	56	32,4	14
1:50:20	56	32,4	14
1:50:40	56	32,3	14
1:51:00	56	32,3	14
1:51:20	56	32,3	15
1:51:40	56	32,2	15
1:52:00	56	32,4	15
1:52:20	56	32,2	15
1:52:40	56	32,2	16
1:53:00	56	32,3	16
1:53:20	56	32,3	16
1:53:40	56	32,3	16
1:54:00	56	32,4	16
1:54:20	56	32,4	16
1:54:40	56	32,3	16
1:55:00	56	32,2	16
1:55:20	56	32,2	17
1:55:40	56	32,2	17
1:56:00	56	32,3	17
1:56:20	56	32,3	17
1:56:40	56	32,3	17
1:57:00	56	32,3	17
1:57:20	56	32,3	18
1:57:40	56	32,4	18
1:58:00	56	32,4	18
1:58:20	56	32,4	18
1:58:40	56	32,4	18
1:59:00	56	32,5	18
1:59:20	56	32,4	18
1:59:40	56	32,4	19
2:00:00	56	32,3	19
2:00:20	56	32,3	19
2:00:40	56	32,3	19
2:01:00	56	32,4	19
2:01:20	56	32,4	19
2:01:40	56	32,4	20
2:02:00	56	32,2	20
2:02:20	56	32,3	20
2:02:40	56	32,4	20
2:03:00	56	32,4	20
2:03:20	56	32,4	21
2:03:40	56	32,4	21
2:04:00	56	32,3	21
2:04:20	56	32,4	21
2:04:40	56	32,4	21
2:05:00	56	32,3	21
2:05:20	56	32,2	22
2:05:40	56	32,2	22
2:06:00	56	32,2	22
2:06:20	56	32,4	22
2:06:40	56	32,2	23
2:07:00	56	32,2	23
2:07:20	56	32,4	23
2:07:40	56	32,3	24
2:08:00	56	32,2	24
2:08:20	56	32,2	24
2:08:40	56	32,3	24
2:09:00	56	32,1	25
2:09:20	56	32,2	25
2:09:40	56	32,2	25
2:10:00	56	32,2	26
2:10:20	56	32,3	26
2:10:40	56	32,4	27
2:11:00	56	32,3	27
2:11:20	56	32,2	27
2:11:40	56	32,2	28
2:12:00	56	32,4	28
2:12:20	56	32,4	29
2:12:40	56	32,3	30
2:13:00	56	32,2	30
2:13:20	56	32,1	30
2:13:40	56	32,4	31
2:14:00	56	32,2	31
2:14:20	56	32,1	32
2:14:40	56	32,3	32
2:15:00	56	32,1	32
2:15:20	56	32,3	32
2:15:40	56	32,2	33
2:16:00	56	32,1	33
2:16:20	56	32,3	34
2:16:40	56	32,1	34
2:17:00	56	32,2	35
2:17:20	56	32,2	35
2:17:40	56	32,3	35
2:18:00	56	32,1	36
2:18:20	56	32,2	36
2:18:40	56	32,3	37
2:19:00	56	32,1	37
2:19:20	56	32,3	37
2:19:40	56	32,3	38
2:20:00	56	32,1	38
2:20:20	56	32,1	39
2:20:40	56	32,1	39
2:21:00	56	32,0	40
2:21:20	56	32,1	40
2:21:40	56	32,0	41
2:22:00	56	32,2	42
2:22:20	56	32,1	42
2:22:40	56	32,0	43
2:23:00	56	32,0	43
2:23:20	56	32,2	44
2:23:40	56	32,3	45
2:24:00	56	32,3	47
2:24:20	56	32,3	48
2:24:40	56	32,0	48
2:25:00	56	32,1	48
2:25:20	56	32,0	49
2:25:40	56	32,0	50
2:26:00	56	32,0	50
2:26:20	56	32,0	51
2:26:40	56	32,0	52
2:27:00	56	32,2	52
2:27:20	56	32,0	53
2:27:40	56	32,2	54
2:28:00	56	32,1	55
2:28:20	56	32,3	55
2:28:40	56	32,1	56
2:29:00	56	32,2	56
2:29:20	56	32,2	56
2:29:40	56	32,2	58
2:30:00	56	32,0	58
2:30:20	56	32,0	58
2:30:40	56	32,2	58
2:31:00	56	32,2	59
2:31:20	56	32,0	59
2:31:40	56	32,0	59
2:32:00	56	31,9	59
2:32:20	56	31,9	60
2:32:40	56	32,2	60
2:33:00	56	32,0	61
2:33:20	56	32,0	61
2:33:40	56	32,1	62
2:34:00	56	31,9	63
2:34:20	56	32,0	65
2:34:40	56	32,1	66
2:35:00	56	32,0	67
2:35:20	56	31,9	67
2:35:40	56	32,1	68
2:36:00	56	31,8	69
2:36:20	56	31,9	69
2:36:40	56	32,0	70
2:37:00	56	32,0	71
2:37:20	56	32,1	72
