--Test Summary--
Full Path and File Name	
Instrument Name	7222#2
Instrument Type	Model 7222 Consistometer
Instrument Serial Number	128
Test Start Date	23.06.2003
Test Start Time	17:40:17
Test Stop Date	24.06.2003
Test Stop Time	2:07:17
Test Length	8:27:00
Final Sample Time Offset	8:27:00
Controller Schedule Name	
Sampling Period	60 seconds
Comments	MPa:20(35min) T:35(35min), cement & water is field
Information	WellID	7
Information	Customer	SeverTek
Information	CementClass	G
Information	CementMfr	Dyckerhoff
Information	Additives	1.25%SMS+1.25%TC-101
Information	Density	1500
Information	BHCT	35
Information	BHST	45
Information	FluidLoss	
Information	JobType	177.8 mm csg lead slurry
Calculated Value	30Bc - TT	6:08:00
Calculated Value	70Bc - TT	8:27:00
Calculated Value	100Bc - TT	N/A
Initial Temperature (°C)	23 °C
Final Temperature (°C)	34 °C
Initial Pressure (MPa)	1,6 MPa
Final Pressure (MPa)	20,1 MPa
Initial Consistency (Bc)	10 Bc
Final Consistency (Bc)	71 Bc
--Data--
Time (HH:MM:SS)	Temperature (°C)	Pressure (MPa)	Consistency (Bc)
0:00:00	23	1,6	10
0:01:00	23	2,6	9
0:02:00	23	3,1	10
0:03:00	23	3,7	13
0:04:00	23	4,1	10
0:05:00	23	4,8	10
0:06:00	23	5,3	10
0:07:00	23	5,7	13
0:08:00	23	6,4	11
0:09:00	24	6,9	21
0:10:00	24	7,3	14
0:11:00	25	7,9	17
0:12:00	25	8,3	13
0:13:00	26	8,8	19
0:14:00	26	9,3	14
0:15:00	27	10,1	22
0:16:00	27	10,4	10
0:17:00	28	10,7	10
0:18:00	29	11,5	16
0:19:00	29	11,8	11
0:20:00	30	12,4	16
0:21:00	30	12,7	8
0:22:00	30	13,6	9
0:23:00	31	13,7	10
0:24:00	31	14,4	16
0:25:00	31	15,3	16
0:26:00	32	15,3	11
0:27:00	32	16,2	12
0:28:00	32	16,6	10
0:29:00	33	16,9	9
0:30:00	33	17,7	12
0:31:00	33	17,8	11
0:32:00	33	18,7	15
0:33:00	34	19,0	12
0:34:00	34	19,5	9
0:35:00	34	20,3	13
0:36:00	34	20,5	8
0:37:00	35	20,7	9
0:38:00	35	20,6	9
0:39:00	35	20,7	8
0:40:00	35	20,7	8
0:41:00	35	20,5	8
0:42:00	35	20,5	10
0:43:00	35	20,4	17
0:44:00	35	20,2	21
0:45:00	35	20,2	12
0:46:00	35	20,2	19
0:47:00	35	19,9	17
0:48:00	35	20,1	16
0:49:00	35	20,0	13
0:50:00	35	20,0	24
0:51:00	35	20,2	13
0:52:00	35	20,4	11
0:53:00	35	20,2	16
0:54:00	35	20,1	13
0:55:00	35	20,3	23
0:56:00	35	20,3	12
0:57:00	34	20,2	10
0:58:00	34	20,1	13
0:59:00	34	20,0	17
1:00:00	34	20,3	11
1:01:00	34	20,3	10
1:02:00	34	20,1	10
1:03:00	34	20,3	11
1:04:00	34	20,3	11
1:05:00	34	20,1	12
1:06:00	34	20,3	16
1:07:00	34	20,3	15
1:08:00	34	20,1	14
1:09:00	34	20,1	17
1:10:00	34	20,3	17
1:11:00	34	20,1	14
1:12:00	34	20,4	24
1:13:00	34	20,4	13
1:14:00	34	20,4	17
1:15:00	34	20,2	11
1:16:00	34	20,2	11
1:17:00	34	20,3	8
1:18:00	34	20,4	8
1:19:00	34	20,3	10
1:20:00	34	20,3	14
1:21:00	34	20,4	9
1:22:00	34	20,3	8
1:23:00	34	20,1	11
1:24:00	34	20,2	10
1:25:00	34	20,3	9
1:26:00	34	20,2	8
1:27:00	34	20,2	12
1:28:00	34	20,3	11
1:29:00	34	20,3	9
1:30:00	34	20,3	9
1:31:00	34	20,1	11
1:32:00	34	20,3	11
1:33:00	34	20,3	15
1:34:00	34	20,3	12
1:35:00	34	20,3	11
1:36:00	34	20,3	12
1:37:00	34	20,2	11
1:38:00	34	20,1	15
1:39:00	34	20,3	13
1:40:00	34	20,2	10
1:41:00	34	20,2	17
1:42:00	34	20,1	11
1:43:00	34	20,0	12
1:44:00	34	20,0	11
1:45:00	34	20,2	14
1:46:00	34	20,1	10
1:47:00	34	20,0	11
1:48:00	34	20,0	14
1:49:00	34	20,1	13
1:50:00	34	20,0	11
1:51:00	34	20,0	8
1:52:00	34	20,1	8
1:53:00	34	20,1	10
1:54:00	34	20,1	10
1:55:00	34	20,0	10
1:56:00	34	20,0	9
1:57:00	34	19,8	7
1:58:00	34	19,9	8
1:59:00	34	20,5	9
2:00:00	34	20,5	12
2:01:00	34	20,4	11
2:02:00	34	20,3	12
2:03:00	34	20,2	9
2:04:00	34	20,3	10
2:05:00	34	20,4	9
2:06:00	34	20,4	9
2:07:00	34	20,2	22
2:08:00	34	20,3	15
2:09:00	34	20,3	8
2:10:00	34	20,2	8
2:11:00	34	20,2	9
2:12:00	34	20,2	8
2:13:00	34	20,1	8
2:14:00	34	19,9	7
2:15:00	34	20,1	7
2:16:00	34	19,9	6
2:17:00	34	20,1	6
2:18:00	34	20,1	8
2:19:00	34	20,0	7
2:20:00	34	20,2	6
2:21:00	34	19,9	7
2:22:00	34	20,1	7
2:23:00	34	20,1	8
2:24:00	34	19,8	10
2:25:00	34	19,9	8
2:26:00	34	20,4	10
2:27:00	34	20,4	10
2:28:00	34	20,3	8
2:29:00	34	20,1	8
2:30:00	34	20,3	8
2:31:00	34	20,2	7
2:32:00	34	20,0	7
2:33:00	34	20,0	7
2:34:00	34	20,1	7
2:35:00	34	20,1	7
2:36:00	34	20,1	7
2:37:00	34	20,0	7
2:38:00	34	20,1	7
2:39:00	34	19,8	6
2:40:00	34	19,8	6
2:41:00	34	19,9	9
2:42:00	34	20,1	7
2:43:00	34	19,9	8
2:44:00	34	19,9	5
2:45:00	34	20,1	5
2:46:00	34	20,0	5
2:47:00	34	20,2	4
2:48:00	34	20,4	4
2:49:00	34	20,3	4
2:50:00	34	20,3	4
2:51:00	34	20,0	4
2:52:00	34	20,2	4
2:53:00	34	20,2	4
2:54:00	34	20,1	4
2:55:00	34	20,2	4
2:56:00	34	20,1	4
2:57:00	34	19,9	4
2:58:00	34	20,1	4
2:59:00	34	19,9	4
3:00:00	34	19,8	4
3:01:00	34	20,1	4
3:02:00	34	20,1	4
3:03:00	34	20,0	4
3:04:00	34	20,0	4
3:05:00	34	20,2	4
3:06:00	34	20,0	4
3:07:00	34	20,1	4
3:08:00	34	20,1	4
3:09:00	34	20,1	4
3:10:00	34	19,9	4
3:11:00	34	19,8	4
3:12:00	34	20,2	4
3:13:00	34	20,1	4
3:14:00	34	20,2	4
3:15:00	34	20,1	4
3:16:00	34	20,1	4
3:17:00	34	20,0	4
3:18:00	34	19,9	4
3:19:00	34	19,8	4
3:20:00	34	20,0	4
3:21:00	34	20,2	4
3:22:00	34	20,1	4
3:23:00	34	20,0	4
3:24:00	34	20,1	4
3:25:00	34	20,1	4
3:26:00	34	20,1	4
3:27:00	34	20,1	4
3:28:00	34	19,9	10
3:29:00	34	19,9	3
3:30:00	34	20,0	3
3:31:00	34	20,1	3
3:32:00	34	20,2	3
3:33:00	34	20,0	3
3:34:00	34	20,1	3
3:35:00	34	20,1	3
3:36:00	34	20,2	3
3:37:00	34	20,0	3
3:38:00	34	20,0	3
3:39:00	34	20,1	3
3:40:00	34	19,8	3
3:41:00	34	19,9	3
3:42:00	34	20,0	3
3:43:00	34	20,4	3
3:44:00	34	20,2	3
3:45:00	34	20,2	22
3:46:00	34	20,3	4
3:47:00	34	20,3	7
3:48:00	34	20,1	3
3:49:00	34	20,1	3
3:50:00	34	20,1	3
3:51:00	34	20,2	3
3:52:00	34	19,9	3
3:53:00	34	19,9	3
3:54:00	34	20,0	3
3:55:00	34	19,9	3
3:56:00	34	19,9	3
3:57:00	34	20,1	3
3:58:00	34	20,0	3
3:59:00	34	20,0	3
4:00:00	34	20,1	3
4:01:00	34	19,9	3
4:02:00	34	19,9	3
4:03:00	34	20,0	3
4:04:00	34	20,0	3
4:05:00	34	20,0	3
4:06:00	34	20,2	3
4:07:00	34	20,4	3
4:08:00	34	20,2	3
4:09:00	34	20,4	3
4:10:00	34	20,4	3
4:11:00	34	20,3	4
4:12:00	34	20,2	4
4:13:00	34	20,1	5
4:14:00	34	20,2	5
4:15:00	34	20,2	5
4:16:00	34	20,0	5
4:17:00	34	20,2	5
4:18:00	34	20,1	5
4:19:00	34	19,9	5
4:20:00	34	20,1	5
4:21:00	34	19,9	6
4:22:00	34	20,1	5
4:23:00	34	19,9	5
4:24:00	34	20,0	6
4:25:00	34	20,0	5
4:26:00	34	19,8	6
4:27:00	34	20,1	6
4:28:00	34	19,9	6
4:29:00	34	19,9	6
4:30:00	34	19,8	6
4:31:00	34	20,0	6
4:32:00	34	20,0	7
4:33:00	34	20,0	7
4:34:00	34	19,9	7
4:35:00	34	20,0	7
4:36:00	34	20,0	8
4:37:00	34	20,0	8
4:38:00	34	20,0	8
4:39:00	34	19,8	8
4:40:00	34	19,9	8
4:41:00	34	19,9	8
4:42:00	34	20,3	8
4:43:00	34	20,1	8
4:44:00	34	20,2	8
4:45:00	34	20,0	8
4:46:00	34	20,2	8
4:47:00	34	20,0	9
4:48:00	34	20,0	9
4:49:00	34	19,9	9
4:50:00	34	19,9	9
4:51:00	34	20,0	10
4:52:00	34	20,1	10
4:53:00	34	19,8	10
4:54:00	34	20,0	10
4:55:00	34	20,3	10
4:56:00	34	20,1	10
4:57:00	34	20,1	11
4:58:00	34	20,3	11
4:59:00	34	20,2	11
5:00:00	34	20,0	12
5:01:00	34	20,0	12
5:02:00	34	20,0	12
5:03:00	34	20,2	12
5:04:00	34	20,0	12
5:05:00	34	20,0	13
5:06:00	34	19,9	13
5:07:00	34	19,9	13
5:08:00	34	19,9	13
5:09:00	34	20,1	13
5:10:00	34	19,9	13
5:11:00	34	20,0	13
5:12:00	34	20,0	13
5:13:00	34	20,0	13
5:14:00	34	20,0	14
5:15:00	34	20,2	14
5:16:00	34	20,1	14
5:17:00	34	20,2	14
5:18:00	34	20,1	15
5:19:00	34	20,0	15
5:20:00	34	20,1	15
5:21:00	34	20,1	15
5:22:00	34	20,1	15
5:23:00	34	19,9	15
5:24:00	34	20,2	15
5:25:00	34	20,1	15
5:26:00	34	20,0	15
5:27:00	34	19,9	15
5:28:00	34	20,0	15
5:29:00	34	20,1	15
5:30:00	34	20,1	15
5:31:00	34	20,1	15
5:32:00	34	19,9	15
5:33:00	34	20,0	16
5:34:00	34	20,1	17
5:35:00	34	20,0	19
5:36:00	34	20,0	22
5:37:00	34	20,1	22
5:38:00	34	20,2	23
5:39:00	34	20,1	23
5:40:00	34	20,3	23
5:41:00	34	20,2	24
5:42:00	34	20,2	24
5:43:00	34	20,1	24
5:44:00	34	20,1	24
5:45:00	34	20,1	24
5:46:00	34	20,2	25
5:47:00	34	20,0	25
5:48:00	34	20,1	25
5:49:00	34	19,9	25
5:50:00	34	20,0	25
5:51:00	34	20,1	25
5:52:00	34	19,8	26
5:53:00	34	19,9	26
5:54:00	34	20,3	26
5:55:00	34	20,2	27
5:56:00	34	20,1	27
5:57:00	34	20,3	28
5:58:00	34	20,2	28
5:59:00	34	20,3	28
6:00:00	34	20,3	29
6:01:00	34	20,3	29
6:02:00	34	20,0	29
6:03:00	34	20,2	29
6:04:00	34	20,1	29
6:05:00	34	20,0	30
6:06:00	34	20,2	30
6:07:00	34	19,9	30
6:08:00	34	19,9	31
6:09:00	34	19,9	32
6:10:00	34	20,0	32
6:11:00	34	20,0	32
6:12:00	34	19,9	32
6:13:00	34	19,8	32
6:14:00	34	20,1	33
6:15:00	34	19,9	33
6:16:00	34	20,2	33
6:17:00	34	20,2	33
6:18:00	34	20,1	33
6:19:00	34	20,0	33
6:20:00	34	20,0	33
6:21:00	34	19,9	33
6:22:00	34	19,9	34
6:23:00	34	19,8	34
6:24:00	34	19,9	34
6:25:00	34	19,8	34
6:26:00	34	20,4	34
6:27:00	34	20,2	34
6:28:00	34	20,2	34
6:29:00	34	20,3	35
6:30:00	34	20,3	35
6:31:00	34	20,2	35
6:32:00	34	20,4	35
6:33:00	34	20,2	35
6:34:00	34	20,2	36
6:35:00	34	20,3	36
6:36:00	34	20,1	36
6:37:00	34	20,2	36
6:38:00	34	20,1	36
6:39:00	34	20,1	36
6:40:00	34	20,3	36
6:41:00	34	20,2	37
6:42:00	34	20,0	36
6:43:00	34	20,0	38
6:44:00	34	20,2	38
6:45:00	34	20,2	38
6:46:00	34	20,2	38
6:47:00	34	20,0	38
6:48:00	34	20,1	39
6:49:00	34	20,1	39
6:50:00	34	20,1	39
6:51:00	34	20,0	39
6:52:00	34	19,9	39
6:53:00	34	19,8	40
6:54:00	34	19,8	40
6:55:00	34	19,8	40
6:56:00	34	19,8	41
6:57:00	34	19,9	41
6:58:00	34	19,9	41
6:59:00	34	19,9	42
7:00:00	34	20,0	42
7:01:00	34	20,3	42
7:02:00	34	20,0	42
7:03:00	34	20,0	42
7:04:00	34	20,1	42
7:05:00	34	20,2	43
7:06:00	34	20,2	43
7:07:00	34	19,9	44
7:08:00	34	20,1	44
7:09:00	34	20,1	44
7:10:00	34	20,1	44
7:11:00	34	20,1	44
7:12:00	34	20,0	45
7:13:00	34	20,1	45
7:14:00	34	19,8	45
7:15:00	34	20,0	45
7:16:00	34	19,8	45
7:17:00	34	20,4	45
7:18:00	34	20,4	46
7:19:00	34	20,2	46
7:20:00	34	20,4	46
7:21:00	34	20,4	46
7:22:00	34	20,4	46
7:23:00	34	20,2	47
7:24:00	34	20,1	47
7:25:00	34	20,2	47
7:26:00	34	20,1	47
7:27:00	34	20,2	48
7:28:00	34	20,1	48
7:29:00	34	20,1	48
7:30:00	34	20,1	48
7:31:00	34	20,3	48
7:32:00	34	20,2	48
7:33:00	34	20,1	48
7:34:00	34	20,1	49
7:35:00	34	20,0	50
7:36:00	34	20,0	50
7:37:00	34	20,1	50
7:38:00	34	20,0	52
7:39:00	34	20,0	54
7:40:00	34	20,1	54
7:41:00	34	20,0	54
7:42:00	34	20,1	54
7:43:00	34	19,9	54
7:44:00	34	20,1	55
7:45:00	34	20,0	54
7:46:00	34	19,9	55
7:47:00	34	20,0	55
7:48:00	34	19,8	55
7:49:00	34	20,1	55
7:50:00	34	20,1	55
7:51:00	34	20,1	56
7:52:00	34	20,0	56
7:53:00	34	20,0	56
7:54:00	34	19,9	56
7:55:00	34	20,1	57
7:56:00	34	19,9	57
7:57:00	34	20,1	57
7:58:00	34	19,9	57
7:59:00	34	20,0	58
8:00:00	34	20,1	58
8:01:00	34	19,8	58
8:02:00	34	20,0	58
8:03:00	34	20,4	58
8:04:00	34	20,4	59
8:05:00	34	20,2	59
8:06:00	34	20,1	59
8:07:00	34	20,1	60
8:08:00	34	20,3	60
8:09:00	34	20,2	60
8:10:00	34	20,1	60
8:11:00	34	20,1	61
8:12:00	34	20,1	62
8:13:00	34	20,3	63
8:14:00	34	20,1	63
8:15:00	34	20,0	63
8:16:00	34	20,1	64
8:17:00	34	20,1	64
8:18:00	34	19,9	66
8:19:00	34	20,0	67
8:20:00	34	20,0	68
8:21:00	34	20,1	68
8:22:00	34	19,9	69
8:23:00	34	19,9	70
8:24:00	34	20,1	70
8:25:00	34	20,0	70
8:26:00	34	19,9	70
8:27:00	34	20,1	71
