--Test Summary--
Full Path and File Name	
Instrument Name	7222#2
Instrument Type	Model 7222 Consistometer
Instrument Serial Number	128
Test Start Date	03.04.2003
Test Start Time	16:18:40
Test Stop Date	03.04.2003
Test Stop Time	20:43:41
Test Length	4:25:01
Final Sample Time Offset	4:25:00
Controller Schedule Name	
Sampling Period	60 seconds
Comments	MPa: 25(30min); T: 57(30min), tap water, dry-blending, new sample gel
Information	WellID	56-1833
Information	Customer	URAYNEFTEGAZ
Information	CementClass	G
Information	CementMfr	Dyckerhoff
Information	Additives	8%PPB Gel+0.7%CD-12+0.12%HR-7
Information	Density	1500
Information	BHCT	57
Information	BHST	70
Information	FluidLoss	
Information	JobType	146 mm csg lead slurry
Calculated Value	30Bc - TT	3:26:00
Calculated Value	70Bc - TT	4:25:00
Calculated Value	100Bc - TT	N/A
Initial Temperature (°C)	26 °C
Final Temperature (°C)	56 °C
Initial Pressure (MPa)	1,3 MPa
Final Pressure (MPa)	25,0 MPa
Initial Consistency (Bc)	14 Bc
Final Consistency (Bc)	74 Bc
--Data--
Time (HH:MM:SS)	Temperature (°C)	Pressure (MPa)	Consistency (Bc)
0:00:00	26	1,3	14
0:01:00	26	2,1	16
0:02:00	27	2,8	15
0:03:00	27	3,1	15
0:04:00	27	3,8	15
0:05:00	28	4,1	15
0:06:00	28	4,4	15
0:07:00	28	3,4	14
0:08:00	28	3,1	14
0:09:00	28	3,7	15
0:10:00	29	4,3	15
0:11:00	29	5,3	14
0:12:00	30	6,2	15
0:13:00	30	6,8	15
0:14:00	31	7,7	16
0:15:00	32	8,6	15
0:16:00	33	9,6	16
0:17:00	34	10,4	17
0:18:00	35	11,3	16
0:19:00	37	12,0	17
0:20:00	38	12,7	17
0:21:00	39	13,6	17
0:22:00	40	14,4	18
0:23:00	41	15,1	18
0:24:00	42	15,6	19
0:25:00	43	16,5	20
0:26:00	45	17,1	21
0:27:00	46	18,1	21
0:28:00	47	18,9	21
0:29:00	48	19,9	24
0:30:00	49	20,3	23
0:31:00	50	20,9	20
0:32:00	51	22,0	22
0:33:00	52	22,7	28
0:34:00	53	23,5	22
0:35:00	54	24,3	22
0:36:00	55	24,7	21
0:37:00	56	25,5	20
0:38:00	57	25,2	20
0:39:00	58	25,8	20
0:40:00	58	26,0	19
0:41:00	59	25,4	18
0:42:00	59	25,2	18
0:43:00	59	25,4	19
0:44:00	60	25,2	17
0:45:00	60	25,0	17
0:46:00	60	24,9	17
0:47:00	59	25,2	17
0:48:00	59	24,9	17
0:49:00	59	25,1	17
0:50:00	59	25,0	18
0:51:00	59	25,0	19
0:52:00	58	25,0	18
0:53:00	58	25,2	16
0:54:00	58	25,1	16
0:55:00	58	25,2	16
0:56:00	58	25,0	16
0:57:00	57	25,1	16
0:58:00	57	25,0	16
0:59:00	57	25,6	16
1:00:00	57	25,4	16
1:01:00	57	25,6	16
1:02:00	57	25,5	16
1:03:00	57	25,5	16
1:04:00	57	25,3	15
1:05:00	57	25,5	15
1:06:00	57	25,5	15
1:07:00	57	25,5	15
1:08:00	57	25,6	15
1:09:00	56	25,3	15
1:10:00	56	25,4	15
1:11:00	56	25,4	14
1:12:00	56	25,5	15
1:13:00	56	25,4	15
1:14:00	56	25,4	15
1:15:00	56	25,7	15
1:16:00	56	25,7	15
1:17:00	56	25,6	15
1:18:00	56	25,6	15
1:19:00	56	25,7	15
1:20:00	56	25,6	15
1:21:00	56	25,7	15
1:22:00	56	25,7	15
1:23:00	56	25,7	15
1:24:00	56	25,8	15
1:25:00	56	25,6	15
1:26:00	56	25,7	15
1:27:00	56	25,7	16
1:28:00	56	25,8	16
1:29:00	56	25,8	16
1:30:00	56	25,7	15
1:31:00	56	25,8	15
1:32:00	56	25,6	16
1:33:00	56	25,6	16
1:34:00	56	25,7	15
1:35:00	56	25,8	15
1:36:00	56	25,8	15
1:37:00	56	25,7	14
1:38:00	56	25,9	14
1:39:00	56	25,7	15
1:40:00	56	25,6	15
1:41:00	56	25,9	15
1:42:00	56	25,7	15
1:43:00	56	25,7	15
1:44:00	56	25,8	15
1:45:00	56	25,9	15
1:46:00	56	25,9	15
1:47:00	56	25,8	15
1:48:00	56	25,8	15
1:49:00	56	25,8	15
1:50:00	56	25,8	14
1:51:00	56	25,8	14
1:52:00	56	25,8	14
1:53:00	56	25,8	14
1:54:00	56	25,8	14
1:55:00	56	25,8	14
1:56:00	56	25,7	14
1:57:00	56	25,7	14
1:58:00	56	25,9	14
1:59:00	56	25,7	14
2:00:00	56	25,7	14
2:01:00	56	25,9	14
2:02:00	56	25,7	14
2:03:00	56	25,7	14
2:04:00	56	25,9	14
2:05:00	56	25,8	15
2:06:00	56	25,9	15
2:07:00	56	25,7	15
2:08:00	56	25,7	15
2:09:00	56	25,7	16
2:10:00	56	25,9	16
2:11:00	56	25,7	16
2:12:00	56	25,9	16
2:13:00	56	25,7	17
2:14:00	56	25,8	15
2:15:00	56	25,9	15
2:16:00	56	25,9	15
2:17:00	56	25,7	16
2:18:00	56	25,6	16
2:19:00	56	25,8	17
2:20:00	56	25,8	17
2:21:00	56	25,9	15
2:22:00	56	25,7	16
2:23:00	56	25,8	17
2:24:00	56	25,6	17
2:25:00	56	25,6	17
2:26:00	56	25,6	17
2:27:00	56	25,7	17
2:28:00	56	25,8	18
2:29:00	56	25,9	18
2:30:00	56	25,6	18
2:31:00	56	25,8	19
2:32:00	56	25,6	19
2:33:00	56	25,7	19
2:34:00	56	25,6	19
2:35:00	56	25,6	19
2:36:00	56	25,7	18
2:37:00	56	25,5	18
2:38:00	56	25,7	20
2:39:00	56	25,7	20
2:40:00	56	25,7	18
2:41:00	56	25,8	19
2:42:00	56	25,8	20
2:43:00	56	25,6	20
2:44:00	56	25,8	20
2:45:00	56	25,8	19
2:46:00	56	25,7	19
2:47:00	56	25,5	19
2:48:00	56	25,7	19
2:49:00	56	25,6	19
2:50:00	56	25,7	21
2:51:00	56	25,5	20
2:52:00	56	25,7	20
2:53:00	56	25,5	20
2:54:00	56	25,5	21
2:55:00	56	25,5	22
2:56:00	56	25,4	21
2:57:00	56	25,6	22
2:58:00	56	25,5	21
2:59:00	56	25,5	22
3:00:00	56	25,6	22
3:01:00	56	25,6	22
3:02:00	56	25,6	22
3:03:00	56	25,6	21
3:04:00	56	25,6	22
3:05:00	56	25,3	22
3:06:00	56	25,3	22
3:07:00	56	25,5	23
3:08:00	56	25,5	23
3:09:00	56	25,3	24
3:10:00	56	25,4	24
3:11:00	56	25,4	25
3:12:00	56	25,4	26
3:13:00	56	25,3	26
3:14:00	56	25,3	26
3:15:00	56	25,3	26
3:16:00	56	25,3	27
3:17:00	56	25,1	26
3:18:00	56	25,3	28
3:19:00	56	25,1	28
3:20:00	56	25,2	29
3:21:00	56	25,0	29
3:22:00	56	25,2	30
3:23:00	56	25,0	29
3:24:00	56	24,9	29
3:25:00	56	25,0	30
3:26:00	56	25,6	30
3:27:00	56	25,5	31
3:28:00	56	25,2	32
3:29:00	56	25,4	33
3:30:00	56	25,3	33
3:31:00	56	25,3	34
3:32:00	56	25,2	34
3:33:00	56	25,0	34
3:34:00	56	25,2	35
3:35:00	56	25,1	35
3:36:00	56	25,0	36
3:37:00	56	25,1	36
3:38:00	56	25,2	37
3:39:00	56	25,0	36
3:40:00	56	25,1	36
3:41:00	56	25,4	35
3:42:00	56	25,4	35
3:43:00	56	25,2	35
3:44:00	56	25,0	36
3:45:00	56	25,2	36
3:46:00	56	25,1	36
3:47:00	56	25,1	37
3:48:00	56	24,9	37
3:49:00	56	25,3	36
3:50:00	56	25,4	37
3:51:00	56	25,1	37
3:52:00	56	25,3	38
3:53:00	56	25,1	38
3:54:00	56	24,9	39
3:55:00	56	24,8	39
3:56:00	56	24,9	41
3:57:00	56	25,4	41
3:58:00	56	25,2	42
3:59:00	56	25,2	44
4:00:00	56	25,2	45
4:01:00	56	24,9	45
4:02:00	56	25,0	46
4:03:00	56	25,0	46
4:04:00	56	25,0	48
4:05:00	56	25,3	48
4:06:00	56	25,1	50
4:07:00	56	25,0	49
4:08:00	56	25,0	53
4:09:00	56	25,1	54
4:10:00	56	25,0	54
4:11:00	56	25,0	55
4:12:00	56	25,2	56
4:13:00	56	25,2	57
4:14:00	56	25,1	58
4:15:00	56	25,1	58
4:16:00	56	24,9	61
4:17:00	56	25,1	62
4:18:00	56	25,2	63
4:19:00	56	25,1	64
4:20:00	56	25,2	66
4:21:00	56	25,0	67
4:22:00	56	24,9	68
4:23:00	56	25,1	70
4:24:00	56	25,2	72
4:25:00	56	25,0	74
