--Test Summary--
Full Path and File Name	
Instrument Name	4262 R
Instrument Type	UCA
Instrument Serial Number	111
Test Start Date	09.10.2001
Test Start Time	2:17:07
Test Stop Date	11.10.2001
Test Stop Time	2:33:12
Test Length	48:16:05
Final Sample Time Offset	48:16:00
Controller Schedule Name	
Sampling Period	60 seconds
Comments	T:50(50min), slurry is mixed by hand
Information	WellID	
Information	Customer	Kogalym
Information	EngName	
Information	CementClass	A
Information	CementMfr	Suhoy Log
Information	Additives	16.27%PPB Gel+0.7%Sulfacel-2+1%CaCl2+0.04%TBF
Information	Density	1500
Information	BHCT	50
Information	BHST	55
Information	FluidLoss	Calculated 713.1cc/30 min
Information	JobType	Research
Calculated Value	Finish Set	4:09:00
Calculated Curve	Compressive Strength	Compressive strength type A (less than 14 lb/gal)
Initial Temperature (°C)	19 °C
Final Temperature (°C)	49 °C
Initial Transit Time (microsec/in)	17,05 microsec/in
Final Transit Time (microsec/in)	11,98 microsec/in
Initial Compressive Strength (MPa)	0,00 MPa
Final Compressive Strength (MPa)	4,40 MPa
--Data--
Time (HH:MM:SS)	Temperature (°C)	Transit Time (microsec/in)	Compressive Strength (MPa)
0:00:00	19	17,05	0,00
0:01:00	19	17,05	0,00
0:02:00	19	17,04	0,00
0:03:00	19	17,05	0,00
0:04:00	19	17,05	0,00
0:05:00	19	17,04	0,00
0:06:00	20	17,05	0,00
0:07:00	20	17,04	0,00
0:08:00	20	17,04	0,00
0:09:00	21	17,05	0,00
0:10:00	21	17,02	0,01
0:11:00	22	17,01	0,01
0:12:00	23	17,00	0,01
0:13:00	23	16,99	0,02
0:14:00	24	16,97	0,02
0:15:00	25	16,95	0,03
0:16:00	25	16,95	0,03
0:17:00	26	16,95	0,03
0:18:00	26	16,93	0,03
0:19:00	27	16,91	0,04
0:20:00	28	16,89	0,04
0:21:00	29	16,89	0,05
0:22:00	29	16,87	0,05
0:23:00	30	16,85	0,06
0:24:00	31	16,83	0,07
0:25:00	32	16,81	0,07
0:26:00	32	16,80	0,08
0:27:00	33	16,79	0,08
0:28:00	33	16,78	0,08
0:29:00	34	16,77	0,08
0:30:00	35	16,75	0,09
0:31:00	36	16,74	0,09
0:32:00	37	16,72	0,10
0:33:00	37	16,70	0,11
0:34:00	38	16,68	0,11
0:35:00	38	16,66	0,12
0:36:00	39	16,65	0,12
0:37:00	40	16,63	0,13
0:38:00	40	16,63	0,13
0:39:00	41	16,62	0,13
0:40:00	42	16,60	0,14
0:41:00	42	16,59	0,14
0:42:00	43	16,58	0,15
0:43:00	44	16,57	0,15
0:44:00	44	16,57	0,15
0:45:00	45	16,56	0,15
0:46:00	46	16,54	0,16
0:47:00	46	16,54	0,16
0:48:00	47	16,53	0,16
0:49:00	48	16,52	0,17
0:50:00	48	16,51	0,17
0:51:00	49	16,51	0,17
0:52:00	49	16,50	0,18
0:53:00	50	16,49	0,18
0:54:00	50	16,48	0,18
0:55:00	51	16,49	0,18
0:56:00	51	16,47	0,19
0:57:00	51	16,48	0,18
0:58:00	51	16,47	0,19
0:59:00	52	16,46	0,19
1:00:00	52	16,46	0,19
1:01:00	51	16,45	0,19
1:02:00	52	16,45	0,19
1:03:00	52	16,46	0,19
1:04:00	52	16,43	0,20
1:05:00	51	16,43	0,20
1:06:00	52	16,44	0,20
1:07:00	52	16,44	0,20
1:08:00	51	16,43	0,20
1:09:00	51	16,44	0,20
1:10:00	51	16,44	0,20
1:11:00	51	16,44	0,20
1:12:00	51	16,44	0,20
1:13:00	51	16,44	0,20
1:14:00	50	16,44	0,20
1:15:00	50	16,45	0,19
1:16:00	50	16,45	0,19
1:17:00	50	16,45	0,19
1:18:00	51	16,45	0,19
1:19:00	50	16,45	0,19
1:20:00	50	16,45	0,19
1:21:00	50	16,45	0,19
1:22:00	50	16,45	0,19
1:23:00	50	16,45	0,19
1:24:00	50	16,46	0,19
1:25:00	50	16,46	0,19
1:26:00	50	16,46	0,19
1:27:00	50	16,45	0,19
1:28:00	50	16,45	0,19
1:29:00	50	16,45	0,19
1:30:00	50	16,45	0,19
1:31:00	50	16,46	0,19
1:32:00	50	16,46	0,19
1:33:00	50	16,47	0,19
1:34:00	50	16,47	0,19
1:35:00	50	16,47	0,19
1:36:00	49	16,48	0,18
1:37:00	50	16,48	0,18
1:38:00	50	16,48	0,18
1:39:00	49	16,48	0,18
1:40:00	49	16,48	0,18
1:41:00	49	16,48	0,18
1:42:00	49	16,48	0,18
1:43:00	49	16,48	0,18
1:44:00	49	16,48	0,18
1:45:00	49	16,49	0,18
1:46:00	49	16,50	0,18
1:47:00	49	16,50	0,18
1:48:00	50	16,50	0,18
1:49:00	49	16,50	0,18
1:50:00	49	16,50	0,18
1:51:00	49	16,51	0,17
1:52:00	49	16,51	0,17
1:53:00	49	16,51	0,17
1:54:00	49	16,51	0,17
1:55:00	49	16,51	0,17
1:56:00	49	16,51	0,17
1:57:00	49	16,51	0,17
1:58:00	49	16,52	0,17
1:59:00	49	16,52	0,17
2:00:00	49	16,54	0,16
2:01:00	49	16,51	0,17
2:02:00	49	16,51	0,17
2:03:00	49	16,52	0,17
2:04:00	49	16,51	0,17
2:05:00	49	16,52	0,17
2:06:00	49	16,53	0,16
2:07:00	49	16,53	0,16
2:08:00	49	16,53	0,16
2:09:00	49	16,54	0,16
2:10:00	49	16,54	0,16
2:11:00	49	16,54	0,16
2:12:00	49	16,55	0,16
2:13:00	49	16,55	0,16
2:14:00	49	16,56	0,15
2:15:00	49	16,56	0,15
2:16:00	49	16,56	0,15
2:17:00	49	16,56	0,15
2:18:00	49	16,57	0,15
2:19:00	49	16,57	0,15
2:20:00	49	16,57	0,15
2:21:00	49	16,57	0,15
2:22:00	49	16,58	0,15
2:23:00	49	16,59	0,14
2:24:00	49	16,59	0,14
2:25:00	49	16,59	0,14
2:26:00	49	16,60	0,14
2:27:00	49	16,60	0,14
2:28:00	49	16,61	0,14
2:29:00	49	16,61	0,14
2:30:00	49	16,62	0,13
2:31:00	49	16,62	0,13
2:32:00	49	16,62	0,13
2:33:00	49	16,62	0,13
2:34:00	49	16,63	0,13
2:35:00	49	16,63	0,13
2:36:00	49	16,63	0,13
2:37:00	49	16,63	0,13
2:38:00	49	16,64	0,13
2:39:00	49	16,65	0,12
2:40:00	49	16,65	0,12
2:41:00	49	16,65	0,12
2:42:00	49	16,65	0,12
2:43:00	49	16,65	0,12
2:44:00	49	16,65	0,12
2:45:00	49	16,65	0,12
2:46:00	49	16,65	0,12
2:47:00	49	16,66	0,12
2:48:00	49	16,65	0,12
2:49:00	49	16,65	0,12
2:50:00	49	16,65	0,12
2:51:00	49	16,65	0,12
2:52:00	49	16,65	0,12
2:53:00	49	16,65	0,12
2:54:00	49	16,65	0,12
2:55:00	49	16,66	0,12
2:56:00	49	16,66	0,12
2:57:00	49	16,65	0,12
2:58:00	49	16,66	0,12
2:59:00	49	16,65	0,12
3:00:00	49	16,65	0,12
3:01:00	49	16,65	0,12
3:02:00	49	16,65	0,12
3:03:00	49	16,65	0,12
3:04:00	49	16,65	0,12
3:05:00	49	16,65	0,12
3:06:00	49	16,65	0,12
3:07:00	49	16,65	0,12
3:08:00	49	16,65	0,12
3:09:00	49	16,64	0,13
3:10:00	49	16,64	0,13
3:11:00	49	16,63	0,13
3:12:00	49	16,63	0,13
3:13:00	49	16,63	0,13
3:14:00	49	16,63	0,13
3:15:00	49	16,62	0,13
3:16:00	49	16,61	0,14
3:17:00	49	16,60	0,14
3:18:00	49	16,60	0,14
3:19:00	49	16,58	0,15
3:20:00	49	16,57	0,15
3:21:00	49	16,57	0,15
3:22:00	49	16,57	0,15
3:23:00	49	16,56	0,15
3:24:00	49	16,55	0,16
3:25:00	49	16,54	0,16
3:26:00	49	16,54	0,16
3:27:00	49	16,53	0,16
3:28:00	49	16,51	0,17
3:29:00	49	16,51	0,17
3:30:00	49	16,51	0,17
3:31:00	49	16,50	0,18
3:32:00	49	16,48	0,18
3:33:00	49	16,48	0,18
3:34:00	49	16,47	0,19
3:35:00	49	16,45	0,19
3:36:00	49	16,45	0,19
3:37:00	49	16,43	0,20
3:38:00	49	16,42	0,20
3:39:00	49	16,41	0,21
3:40:00	49	16,39	0,21
3:41:00	49	16,39	0,22
3:42:00	49	16,38	0,22
3:43:00	49	16,37	0,22
3:44:00	49	16,35	0,23
3:45:00	49	16,35	0,23
3:46:00	49	16,33	0,23
3:47:00	49	16,32	0,24
3:48:00	49	16,32	0,24
3:49:00	49	16,30	0,25
3:50:00	49	16,29	0,25
3:51:00	49	16,28	0,25
3:52:00	49	16,27	0,26
3:53:00	49	16,26	0,26
3:54:00	49	16,24	0,27
3:55:00	49	16,23	0,27
3:56:00	49	16,22	0,28
3:57:00	49	16,21	0,28
3:58:00	49	16,20	0,29
3:59:00	49	16,18	0,29
4:00:00	49	16,17	0,30
4:01:00	49	16,16	0,30
4:02:00	49	16,14	0,31
4:03:00	49	16,13	0,31
4:04:00	49	16,12	0,32
4:05:00	49	16,11	0,32
4:06:00	49	16,08	0,33
4:07:00	49	16,07	0,34
4:08:00	49	16,05	0,34
4:09:00	49	16,05	0,35
4:10:00	49	16,03	0,35
4:11:00	49	16,02	0,36
4:12:00	49	16,00	0,36
4:13:00	49	16,00	0,37
4:14:00	49	15,98	0,37
4:15:00	49	15,96	0,38
4:16:00	49	15,95	0,39
4:17:00	49	15,93	0,39
4:18:00	49	15,93	0,40
4:19:00	49	15,91	0,40
4:20:00	49	15,90	0,41
4:21:00	49	15,88	0,42
4:22:00	49	15,87	0,42
4:23:00	49	15,86	0,43
4:24:00	49	15,84	0,43
4:25:00	49	15,83	0,44
4:26:00	49	15,81	0,44
4:27:00	49	15,79	0,45
4:28:00	49	15,79	0,46
4:29:00	49	15,77	0,47
4:30:00	49	15,75	0,47
4:31:00	49	15,74	0,48
4:32:00	49	15,73	0,48
4:33:00	49	15,72	0,49
4:34:00	49	15,70	0,50
4:35:00	49	15,69	0,50
4:36:00	49	15,68	0,51
4:37:00	49	15,66	0,51
4:38:00	49	15,65	0,52
4:39:00	49	15,63	0,53
4:40:00	49	15,62	0,53
4:41:00	49	15,61	0,54
4:42:00	49	15,60	0,55
4:43:00	49	15,58	0,55
4:44:00	49	15,57	0,56
4:45:00	49	15,56	0,56
4:46:00	49	15,55	0,57
4:47:00	49	15,53	0,58
4:48:00	49	15,52	0,59
4:49:00	49	15,50	0,59
4:50:00	49	15,49	0,60
4:51:00	49	15,48	0,60
4:52:00	49	15,46	0,61
4:53:00	49	15,44	0,62
4:54:00	49	15,43	0,63
4:55:00	49	15,41	0,64
4:56:00	48	15,40	0,64
4:57:00	49	15,39	0,65
4:58:00	49	15,37	0,66
4:59:00	49	15,36	0,67
5:00:00	49	15,35	0,67
5:01:00	49	15,33	0,68
5:02:00	49	15,32	0,69
5:03:00	49	15,31	0,69
5:04:00	49	15,30	0,70
5:05:00	49	15,28	0,71
5:06:00	49	15,27	0,71
5:07:00	49	15,26	0,72
5:08:00	49	15,25	0,73
5:09:00	49	15,24	0,73
5:10:00	49	15,22	0,74
5:11:00	49	15,21	0,75
5:12:00	49	15,20	0,75
5:13:00	49	15,19	0,76
5:14:00	49	15,17	0,77
5:15:00	49	15,15	0,78
5:16:00	49	15,14	0,78
5:17:00	49	15,13	0,79
5:18:00	49	15,12	0,80
5:19:00	49	15,11	0,80
5:20:00	49	15,09	0,81
5:21:00	49	15,09	0,81
5:22:00	49	15,07	0,82
5:23:00	49	15,07	0,83
5:24:00	49	15,06	0,83
5:25:00	49	15,04	0,84
5:26:00	49	15,04	0,85
5:27:00	49	15,02	0,85
5:28:00	49	15,01	0,86
5:29:00	49	15,01	0,86
5:30:00	49	14,99	0,87
5:31:00	49	14,98	0,88
5:32:00	49	14,97	0,89
5:33:00	49	14,96	0,89
5:34:00	49	14,95	0,89
5:35:00	49	14,94	0,90
5:36:00	49	14,93	0,91
5:37:00	49	14,92	0,91
5:38:00	49	14,91	0,92
5:39:00	49	14,90	0,93
5:40:00	49	14,89	0,93
5:41:00	49	14,89	0,94
5:42:00	49	14,88	0,94
5:43:00	49	14,87	0,95
5:44:00	49	14,85	0,96
5:45:00	49	14,84	0,96
5:46:00	49	14,82	0,97
5:47:00	49	14,82	0,98
5:48:00	49	14,81	0,98
5:49:00	49	14,80	0,99
5:50:00	49	14,79	0,99
5:51:00	49	14,79	1,00
5:52:00	49	14,78	1,00
5:53:00	49	14,77	1,01
5:54:00	49	14,76	1,02
5:55:00	49	14,75	1,02
5:56:00	49	14,74	1,03
5:57:00	49	14,73	1,03
5:58:00	49	14,73	1,04
5:59:00	49	14,72	1,04
6:00:00	49	14,71	1,05
6:01:00	49	14,71	1,05
6:02:00	49	14,70	1,06
6:03:00	49	14,69	1,06
6:04:00	49	14,68	1,07
6:05:00	49	14,68	1,07
6:06:00	49	14,67	1,08
6:07:00	49	14,66	1,08
6:08:00	49	14,65	1,09
6:09:00	49	14,64	1,09
6:10:00	49	14,64	1,10
6:11:00	49	14,63	1,10
6:12:00	49	14,62	1,11
6:13:00	49	14,61	1,11
6:14:00	49	14,61	1,12
6:15:00	49	14,60	1,12
6:16:00	49	14,60	1,12
6:17:00	49	14,59	1,13
6:18:00	49	14,58	1,14
6:19:00	48	14,57	1,14
6:20:00	49	14,56	1,15
6:21:00	49	14,55	1,16
6:22:00	49	14,55	1,16
6:23:00	49	14,55	1,16
6:24:00	49	14,54	1,17
6:25:00	49	14,53	1,17
6:26:00	49	14,53	1,17
6:27:00	49	14,53	1,18
6:28:00	49	14,52	1,18
6:29:00	49	14,51	1,19
6:30:00	49	14,51	1,19
6:31:00	49	14,50	1,19
6:32:00	49	14,50	1,20
6:33:00	49	14,49	1,20
6:34:00	49	14,48	1,21
6:35:00	49	14,48	1,21
6:36:00	49	14,47	1,21
6:37:00	49	14,46	1,22
6:38:00	49	14,46	1,22
6:39:00	49	14,46	1,23
6:40:00	49	14,45	1,23
6:41:00	49	14,44	1,24
6:42:00	49	14,44	1,24
6:43:00	49	14,43	1,24
6:44:00	49	14,43	1,24
6:45:00	49	14,43	1,25
6:46:00	49	14,42	1,25
6:47:00	49	14,42	1,25
6:48:00	49	14,41	1,26
6:49:00	49	14,41	1,26
6:50:00	49	14,41	1,26
6:51:00	49	14,41	1,26
6:52:00	49	14,38	1,28
6:53:00	49	14,38	1,28
6:54:00	49	14,38	1,29
6:55:00	48	14,37	1,29
6:56:00	49	14,37	1,29
6:57:00	49	14,37	1,29
6:58:00	49	14,35	1,30
6:59:00	49	14,35	1,30
7:00:00	49	14,35	1,30
7:01:00	49	14,34	1,31
7:02:00	49	14,34	1,32
7:03:00	49	14,34	1,32
7:04:00	49	14,33	1,32
7:05:00	49	14,32	1,33
7:06:00	49	14,32	1,33
7:07:00	49	14,31	1,33
7:08:00	49	14,31	1,33
7:09:00	49	14,31	1,34
7:10:00	49	14,30	1,35
7:11:00	49	14,30	1,35
7:12:00	49	14,30	1,35
7:13:00	49	14,29	1,35
7:14:00	49	14,29	1,35
7:15:00	49	14,29	1,36
7:16:00	49	14,29	1,36
7:17:00	49	14,28	1,36
7:18:00	49	14,27	1,37
7:19:00	49	14,27	1,37
7:20:00	49	14,26	1,37
7:21:00	49	14,26	1,37
7:22:00	49	14,25	1,38
7:23:00	49	14,25	1,38
7:24:00	49	14,25	1,39
7:25:00	49	14,25	1,39
7:26:00	49	14,24	1,39
7:27:00	49	14,24	1,39
7:28:00	49	14,23	1,40
7:29:00	49	14,23	1,40
7:30:00	49	14,23	1,40
7:31:00	49	14,23	1,40
7:32:00	49	14,22	1,41
7:33:00	49	14,22	1,41
7:34:00	49	14,21	1,42
7:35:00	49	14,21	1,42
7:36:00	49	14,20	1,42
7:37:00	49	14,20	1,42
7:38:00	49	14,20	1,42
7:39:00	49	14,20	1,43
7:40:00	49	14,19	1,44
7:41:00	49	14,19	1,44
7:42:00	49	14,18	1,44
7:43:00	49	14,18	1,44
7:44:00	49	14,17	1,45
7:45:00	49	14,17	1,45
7:46:00	49	14,16	1,45
7:47:00	49	14,16	1,45
7:48:00	49	14,16	1,45
7:49:00	49	14,16	1,46
7:50:00	49	14,15	1,47
7:51:00	49	14,15	1,47
7:52:00	49	14,14	1,47
7:53:00	49	14,14	1,47
7:54:00	49	14,14	1,47
7:55:00	49	14,13	1,48
7:56:00	49	14,13	1,48
7:57:00	49	14,13	1,48
7:58:00	49	14,13	1,48
7:59:00	49	14,13	1,48
8:00:00	49	14,12	1,49
8:01:00	49	14,11	1,50
8:02:00	49	14,11	1,50
8:03:00	49	14,11	1,50
8:04:00	49	14,11	1,50
8:05:00	49	14,11	1,50
8:06:00	48	14,11	1,50
8:07:00	49	14,11	1,50
8:08:00	49	14,10	1,51
8:09:00	49	14,10	1,51
8:10:00	49	14,10	1,51
8:11:00	49	14,09	1,52
8:12:00	49	14,09	1,52
8:13:00	49	14,09	1,52
8:14:00	49	14,08	1,52
8:15:00	49	14,07	1,53
8:16:00	49	14,07	1,53
8:17:00	48	14,07	1,53
8:18:00	49	14,07	1,53
8:19:00	49	14,07	1,54
8:20:00	49	14,07	1,54
8:21:00	48	14,07	1,54
8:22:00	49	14,06	1,54
8:23:00	49	14,06	1,54
8:24:00	49	14,06	1,54
8:25:00	49	14,05	1,55
8:26:00	49	14,04	1,56
8:27:00	49	14,04	1,56
8:28:00	49	14,04	1,56
8:29:00	49	14,03	1,57
8:30:00	49	14,03	1,57
8:31:00	49	14,03	1,57
8:32:00	49	14,02	1,57
8:33:00	49	14,02	1,57
8:34:00	49	14,02	1,58
8:35:00	49	14,02	1,58
8:36:00	49	14,02	1,58
8:37:00	49	14,01	1,59
8:38:00	49	14,01	1,59
8:39:00	49	14,01	1,59
8:40:00	49	14,01	1,59
8:41:00	49	14,00	1,59
8:42:00	49	14,00	1,59
8:43:00	49	13,99	1,60
8:44:00	49	13,99	1,60
8:45:00	49	13,99	1,60
8:46:00	49	13,99	1,61
8:47:00	49	13,99	1,61
8:48:00	49	13,99	1,61
8:49:00	49	13,98	1,61
8:50:00	49	13,98	1,61
8:51:00	49	13,97	1,62
8:52:00	49	13,98	1,61
8:53:00	49	13,97	1,62
8:54:00	49	13,97	1,62
8:55:00	49	13,97	1,62
8:56:00	49	13,96	1,63
8:57:00	49	13,95	1,63
8:58:00	49	13,95	1,63
8:59:00	49	13,95	1,63
9:00:00	49	13,95	1,63
9:01:00	49	13,95	1,64
9:02:00	49	13,95	1,64
9:03:00	49	13,95	1,64
9:04:00	49	13,94	1,65
9:05:00	49	13,94	1,65
9:06:00	49	13,94	1,65
9:07:00	49	13,93	1,65
9:08:00	49	13,93	1,65
9:09:00	49	13,93	1,66
9:10:00	49	13,93	1,66
9:11:00	49	13,93	1,66
9:12:00	49	13,93	1,66
9:13:00	49	13,92	1,67
9:14:00	49	13,92	1,67
9:15:00	49	13,92	1,67
9:16:00	49	13,91	1,67
9:17:00	49	13,91	1,67
9:18:00	49	13,91	1,67
9:19:00	49	13,90	1,68
9:20:00	49	13,90	1,68
9:21:00	49	13,90	1,68
9:22:00	49	13,89	1,69
9:23:00	49	13,89	1,69
9:24:00	49	13,89	1,69
9:25:00	49	13,89	1,70
9:26:00	49	13,89	1,70
9:27:00	49	13,89	1,70
9:28:00	49	13,88	1,70
9:29:00	49	13,88	1,70
9:30:00	49	13,88	1,70
9:31:00	49	13,87	1,71
9:32:00	49	13,87	1,71
9:33:00	49	13,87	1,71
9:34:00	49	13,86	1,72
9:35:00	49	13,86	1,72
9:36:00	49	13,86	1,72
9:37:00	49	13,86	1,72
9:38:00	49	13,86	1,72
9:39:00	49	13,86	1,72
9:40:00	49	13,85	1,73
9:41:00	49	13,85	1,73
9:42:00	49	13,85	1,73
9:43:00	49	13,84	1,74
9:44:00	49	13,84	1,74
9:45:00	49	13,84	1,74
9:46:00	49	13,84	1,74
9:47:00	49	13,84	1,74
9:48:00	49	13,83	1,75
9:49:00	49	13,83	1,75
9:50:00	49	13,83	1,75
9:51:00	49	13,82	1,76
9:52:00	49	13,83	1,75
9:53:00	49	13,82	1,76
9:54:00	49	13,82	1,76
9:55:00	49	13,82	1,76
9:56:00	49	13,82	1,76
9:57:00	49	13,81	1,77
9:58:00	49	13,81	1,77
9:59:00	49	13,81	1,77
10:00:00	49	13,80	1,77
10:01:00	49	13,80	1,77
10:02:00	49	13,80	1,77
10:03:00	49	13,80	1,77
10:04:00	49	13,80	1,78
10:05:00	49	13,80	1,78
10:06:00	49	13,80	1,78
10:07:00	49	13,80	1,78
10:08:00	49	13,79	1,79
10:09:00	49	13,79	1,79
10:10:00	49	13,79	1,79
10:11:00	49	13,78	1,79
10:12:00	49	13,78	1,79
10:13:00	49	13,78	1,79
10:14:00	49	13,78	1,79
10:15:00	49	13,77	1,80
10:16:00	49	13,77	1,80
10:17:00	49	13,77	1,81
10:18:00	49	13,77	1,81
10:19:00	49	13,77	1,81
10:20:00	49	13,77	1,81
10:21:00	49	13,77	1,81
10:22:00	49	13,75	1,82
10:23:00	49	13,75	1,82
10:24:00	49	13,75	1,82
10:25:00	49	13,75	1,83
10:26:00	49	13,75	1,83
10:27:00	49	13,75	1,83
10:28:00	49	13,74	1,84
10:29:00	49	13,74	1,84
10:30:00	49	13,74	1,84
10:31:00	49	13,74	1,84
10:32:00	49	13,74	1,84
10:33:00	49	13,73	1,85
10:34:00	49	13,73	1,85
10:35:00	49	13,73	1,85
10:36:00	49	13,72	1,85
10:37:00	49	13,72	1,85
10:38:00	49	13,72	1,85
10:39:00	49	13,71	1,86
10:40:00	49	13,71	1,86
10:41:00	49	13,71	1,86
10:42:00	49	13,71	1,86
10:43:00	49	13,71	1,87
10:44:00	49	13,71	1,87
10:45:00	49	13,71	1,87
10:46:00	49	13,71	1,87
10:47:00	49	13,70	1,88
10:48:00	49	13,70	1,88
10:49:00	49	13,70	1,88
10:50:00	49	13,70	1,88
10:51:00	49	13,69	1,88
10:52:00	49	13,69	1,88
10:53:00	49	13,69	1,88
10:54:00	49	13,68	1,89
10:55:00	49	13,68	1,89
10:56:00	49	13,68	1,89
10:57:00	49	13,68	1,89
10:58:00	49	13,68	1,90
10:59:00	49	13,68	1,90
11:00:00	49	13,68	1,90
11:01:00	49	13,68	1,90
11:02:00	49	13,67	1,91
11:03:00	49	13,67	1,91
11:04:00	49	13,67	1,91
11:05:00	49	13,66	1,91
11:06:00	49	13,66	1,91
11:07:00	49	13,66	1,91
11:08:00	49	13,66	1,91
11:09:00	49	13,65	1,92
11:10:00	49	13,65	1,92
11:11:00	49	13,65	1,92
11:12:00	49	13,65	1,93
11:13:00	49	13,65	1,93
11:14:00	49	13,65	1,93
11:15:00	49	13,64	1,94
11:16:00	49	13,64	1,94
11:17:00	49	13,64	1,94
11:18:00	49	13,64	1,94
11:19:00	49	13,64	1,94
11:20:00	49	13,63	1,94
11:21:00	49	13,63	1,94
11:22:00	49	13,63	1,94
11:23:00	49	13,63	1,94
11:24:00	49	13,63	1,95
11:25:00	49	13,63	1,95
11:26:00	49	13,63	1,95
11:27:00	49	13,62	1,96
11:28:00	49	13,62	1,96
11:29:00	49	13,62	1,96
11:30:00	49	13,62	1,96
11:31:00	49	13,61	1,97
11:32:00	49	13,61	1,97
11:33:00	49	13,61	1,97
11:34:00	49	13,61	1,97
11:35:00	49	13,60	1,97
11:36:00	49	13,60	1,97
11:37:00	49	13,60	1,97
11:38:00	49	13,60	1,97
11:39:00	49	13,59	1,98
11:40:00	49	13,59	1,98
11:41:00	49	13,59	1,98
11:42:00	49	13,59	1,99
11:43:00	49	13,59	1,99
11:44:00	49	13,59	1,99
11:45:00	49	13,58	2,00
11:46:00	49	13,58	2,00
11:47:00	49	13,58	2,00
11:48:00	49	13,57	2,01
11:49:00	49	13,57	2,01
11:50:00	49	13,57	2,01
11:51:00	49	13,56	2,01
11:52:00	49	13,56	2,01
11:53:00	49	13,56	2,01
11:54:00	49	13,56	2,01
11:55:00	49	13,56	2,01
11:56:00	49	13,56	2,02
11:57:00	49	13,56	2,02
11:58:00	49	13,56	2,02
11:59:00	49	13,56	2,02
12:00:00	49	13,56	2,02
12:01:00	49	13,56	2,02
12:02:00	49	13,55	2,03
12:03:00	49	13,55	2,03
12:04:00	49	13,55	2,03
12:05:00	49	13,55	2,03
12:06:00	49	13,54	2,04
12:07:00	49	13,54	2,04
12:08:00	49	13,54	2,04
12:09:00	49	13,54	2,04
12:10:00	49	13,54	2,04
12:11:00	49	13,54	2,04
12:12:00	49	13,54	2,04
12:13:00	49	13,54	2,04
12:14:00	49	13,54	2,04
12:15:00	49	13,54	2,04
12:16:00	49	13,53	2,05
12:17:00	49	13,53	2,05
12:18:00	49	13,53	2,05
12:19:00	49	13,53	2,05
12:20:00	49	13,52	2,06
12:21:00	49	13,52	2,06
12:22:00	49	13,52	2,06
12:23:00	49	13,50	2,08
12:24:00	49	13,50	2,08
12:25:00	49	13,50	2,08
12:26:00	49	13,50	2,08
12:27:00	49	13,50	2,08
12:28:00	49	13,50	2,08
12:29:00	49	13,50	2,08
12:30:00	49	13,50	2,08
12:31:00	49	13,50	2,08
12:32:00	49	13,49	2,09
12:33:00	49	13,49	2,09
12:34:00	49	13,49	2,09
12:35:00	49	13,48	2,10
12:36:00	49	13,48	2,10
12:37:00	49	13,48	2,10
12:38:00	49	13,48	2,10
12:39:00	49	13,48	2,10
12:40:00	49	13,47	2,11
12:41:00	49	13,47	2,11
12:42:00	49	13,47	2,11
12:43:00	49	13,47	2,12
12:44:00	49	13,47	2,12
12:45:00	49	13,47	2,12
12:46:00	49	13,47	2,12
12:47:00	49	13,47	2,12
12:48:00	49	13,46	2,13
12:49:00	49	13,46	2,13
12:50:00	49	13,46	2,13
12:51:00	49	13,46	2,13
12:52:00	49	13,46	2,13
12:53:00	49	13,45	2,13
12:54:00	49	13,45	2,13
12:55:00	49	13,45	2,13
12:56:00	49	13,45	2,13
12:57:00	49	13,45	2,14
12:58:00	49	13,45	2,14
12:59:00	49	13,45	2,14
13:00:00	49	13,45	2,14
13:01:00	49	13,45	2,14
13:02:00	49	13,44	2,15
13:03:00	49	13,44	2,15
13:04:00	49	13,44	2,15
13:05:00	49	13,44	2,15
13:06:00	49	13,43	2,16
13:07:00	49	13,43	2,16
13:08:00	49	13,43	2,16
13:09:00	49	13,43	2,16
13:10:00	49	13,42	2,17
13:11:00	49	13,42	2,17
13:12:00	49	13,42	2,17
13:13:00	49	13,42	2,17
13:14:00	49	13,42	2,17
13:15:00	49	13,41	2,18
13:16:00	49	13,41	2,18
13:17:00	49	13,41	2,18
13:18:00	49	13,41	2,18
13:19:00	49	13,41	2,18
13:20:00	49	13,41	2,18
13:21:00	49	13,41	2,18
13:22:00	49	13,41	2,18
13:23:00	49	13,40	2,19
13:24:00	49	13,40	2,19
13:25:00	49	13,40	2,19
13:26:00	49	13,40	2,19
13:27:00	49	13,40	2,19
13:28:00	49	13,39	2,20
13:29:00	49	13,39	2,20
13:30:00	49	13,39	2,20
13:31:00	49	13,39	2,20
13:32:00	49	13,38	2,21
13:33:00	49	13,38	2,21
13:34:00	49	13,38	2,21
13:35:00	49	13,38	2,21
13:36:00	49	13,38	2,21
13:37:00	49	13,38	2,22
13:38:00	49	13,38	2,22
13:39:00	49	13,38	2,22
13:40:00	49	13,38	2,22
13:41:00	49	13,37	2,23
13:42:00	49	13,37	2,23
13:43:00	49	13,37	2,23
13:44:00	49	13,37	2,23
13:45:00	49	13,37	2,23
13:46:00	49	13,36	2,24
13:47:00	49	13,36	2,24
13:48:00	49	13,36	2,24
13:49:00	49	13,36	2,24
13:50:00	49	13,36	2,24
13:51:00	49	13,36	2,24
13:52:00	49	13,36	2,24
13:53:00	49	13,36	2,24
13:54:00	49	13,36	2,24
13:55:00	49	13,35	2,25
13:56:00	49	13,35	2,25
13:57:00	49	13,35	2,25
13:58:00	49	13,35	2,25
13:59:00	49	13,35	2,25
14:00:00	49	13,34	2,26
14:01:00	49	13,34	2,26
14:02:00	49	13,34	2,26
14:03:00	49	13,33	2,27
14:04:00	49	13,33	2,27
14:05:00	49	13,33	2,27
14:06:00	49	13,33	2,27
14:07:00	49	13,32	2,28
14:08:00	49	13,32	2,28
14:09:00	49	13,32	2,28
14:10:00	49	13,32	2,28
14:11:00	49	13,32	2,28
14:12:00	49	13,32	2,29
14:13:00	49	13,32	2,29
14:14:00	49	13,32	2,29
14:15:00	49	13,32	2,29
14:16:00	49	13,32	2,29
14:17:00	49	13,32	2,29
14:18:00	49	13,31	2,30
14:19:00	49	13,31	2,30
14:20:00	49	13,31	2,30
14:21:00	49	13,31	2,30
14:22:00	49	13,31	2,30
14:23:00	49	13,30	2,30
14:24:00	49	13,30	2,30
14:25:00	49	13,30	2,30
14:26:00	49	13,30	2,30
14:27:00	49	13,30	2,30
14:28:00	49	13,30	2,30
14:29:00	49	13,29	2,31
14:30:00	49	13,29	2,31
14:31:00	49	13,29	2,31
14:32:00	49	13,29	2,32
14:33:00	49	13,29	2,32
14:34:00	49	13,29	2,32
14:35:00	49	13,29	2,32
14:36:00	49	13,29	2,32
14:37:00	49	13,29	2,32
14:38:00	49	13,29	2,32
14:39:00	49	13,28	2,33
14:40:00	49	13,28	2,33
14:41:00	49	13,28	2,33
14:42:00	49	13,28	2,33
14:43:00	49	13,28	2,33
14:44:00	49	13,28	2,33
14:45:00	49	13,27	2,35
14:46:00	49	13,27	2,35
14:47:00	49	13,27	2,35
14:48:00	49	13,27	2,35
14:49:00	49	13,26	2,36
14:50:00	49	13,26	2,36
14:51:00	49	13,26	2,36
14:52:00	49	13,26	2,36
14:53:00	49	13,26	2,36
14:54:00	49	13,25	2,37
14:55:00	49	13,25	2,37
14:56:00	49	13,25	2,37
14:57:00	49	13,25	2,37
14:58:00	49	13,25	2,37
14:59:00	49	13,24	2,38
15:00:00	49	13,24	2,38
15:01:00	49	13,24	2,38
15:02:00	49	13,24	2,38
15:03:00	49	13,23	2,38
15:04:00	49	13,23	2,38
15:05:00	49	13,23	2,38
15:06:00	49	13,23	2,38
15:07:00	49	13,23	2,39
15:08:00	49	13,23	2,39
15:09:00	49	13,23	2,39
15:10:00	49	13,23	2,39
15:11:00	49	13,23	2,39
15:12:00	49	13,23	2,39
15:13:00	49	13,23	2,39
15:14:00	49	13,22	2,40
15:15:00	49	13,22	2,40
15:16:00	49	13,22	2,40
15:17:00	49	13,22	2,40
15:18:00	49	13,21	2,41
15:19:00	49	13,21	2,41
15:20:00	49	13,21	2,41
15:21:00	49	13,21	2,41
15:22:00	49	13,21	2,41
15:23:00	49	13,20	2,42
15:24:00	49	13,20	2,42
15:25:00	49	13,20	2,42
15:26:00	49	13,20	2,42
15:27:00	49	13,20	2,42
15:28:00	49	13,20	2,43
15:29:00	49	13,20	2,43
15:30:00	49	13,20	2,43
15:31:00	49	13,20	2,43
15:32:00	49	13,20	2,43
15:33:00	49	13,19	2,44
15:34:00	49	13,19	2,44
15:35:00	49	13,19	2,44
15:36:00	49	13,19	2,44
15:37:00	49	13,19	2,44
15:38:00	49	13,19	2,44
15:39:00	49	13,18	2,45
15:40:00	49	13,18	2,45
15:41:00	49	13,18	2,45
15:42:00	49	13,18	2,45
15:43:00	49	13,18	2,46
15:44:00	49	13,18	2,46
15:45:00	49	13,18	2,46
15:46:00	49	13,18	2,46
15:47:00	49	13,18	2,46
15:48:00	49	13,17	2,47
15:49:00	49	13,17	2,47
15:50:00	49	13,17	2,47
15:51:00	49	13,17	2,47
15:52:00	49	13,17	2,47
15:53:00	49	13,17	2,47
15:54:00	49	13,16	2,48
15:55:00	49	13,16	2,48
15:56:00	49	13,16	2,48
15:57:00	49	13,16	2,48
15:58:00	49	13,15	2,49
15:59:00	49	13,15	2,49
16:00:00	49	13,15	2,49
16:01:00	49	13,15	2,49
16:02:00	49	13,15	2,49
16:03:00	49	13,15	2,49
16:04:00	49	13,14	2,50
16:05:00	49	13,14	2,50
16:06:00	49	13,14	2,50
16:07:00	49	13,14	2,50
16:08:00	49	13,14	2,50
16:09:00	49	13,14	2,50
16:10:00	49	13,14	2,50
16:11:00	49	13,14	2,50
16:12:00	49	13,14	2,50
16:13:00	49	13,13	2,51
16:14:00	49	13,13	2,51
16:15:00	49	13,13	2,51
16:16:00	49	13,13	2,51
16:17:00	49	13,13	2,51
16:18:00	49	13,13	2,51
16:19:00	49	13,12	2,52
16:20:00	49	13,12	2,52
16:21:00	49	13,12	2,52
16:22:00	49	13,12	2,52
16:23:00	49	13,11	2,53
16:24:00	49	13,11	2,53
16:25:00	49	13,11	2,53
16:26:00	49	13,11	2,53
16:27:00	49	13,11	2,53
16:28:00	49	13,11	2,54
16:29:00	49	13,11	2,54
16:30:00	49	13,11	2,53
16:31:00	49	13,11	2,54
16:32:00	49	13,10	2,55
16:33:00	49	13,10	2,55
16:34:00	49	13,10	2,55
16:35:00	49	13,10	2,55
16:36:00	49	13,10	2,55
16:37:00	49	13,09	2,56
16:38:00	49	13,09	2,56
16:39:00	49	13,09	2,56
16:40:00	49	13,09	2,56
16:41:00	49	13,09	2,56
16:42:00	49	13,09	2,56
16:43:00	49	13,09	2,56
16:44:00	49	13,08	2,57
16:45:00	49	13,08	2,57
16:46:00	49	13,08	2,57
16:47:00	49	13,08	2,57
16:48:00	49	13,08	2,57
16:49:00	49	13,08	2,57
16:50:00	49	13,08	2,57
16:51:00	49	13,08	2,58
16:52:00	49	13,08	2,58
16:53:00	49	13,08	2,58
16:54:00	49	13,08	2,58
16:55:00	49	13,08	2,58
16:56:00	49	13,08	2,58
16:57:00	49	13,07	2,59
16:58:00	49	13,07	2,59
16:59:00	49	13,07	2,59
17:00:00	49	13,07	2,59
17:01:00	49	13,07	2,59
17:02:00	49	13,06	2,60
17:03:00	49	13,06	2,60
17:04:00	49	13,06	2,60
17:05:00	49	13,06	2,60
17:06:00	49	13,06	2,60
17:07:00	49	13,06	2,60
17:08:00	49	13,06	2,60
17:09:00	49	13,05	2,61
17:10:00	49	13,05	2,61
17:11:00	49	13,05	2,61
17:12:00	49	13,05	2,61
17:13:00	49	13,05	2,61
17:14:00	49	13,05	2,62
17:15:00	49	13,04	2,63
17:16:00	49	13,04	2,63
17:17:00	49	13,04	2,63
17:18:00	49	13,04	2,63
17:19:00	49	13,04	2,63
17:20:00	49	13,04	2,63
17:21:00	49	13,04	2,63
17:22:00	49	13,03	2,64
17:23:00	49	13,03	2,64
17:24:00	49	13,03	2,64
17:25:00	49	13,03	2,64
17:26:00	49	13,02	2,65
17:27:00	49	13,02	2,65
17:28:00	49	13,02	2,65
17:29:00	49	13,02	2,65
17:30:00	49	13,02	2,65
17:31:00	49	13,02	2,65
17:32:00	49	13,02	2,66
17:33:00	49	13,02	2,66
17:34:00	49	13,02	2,66
17:35:00	49	13,02	2,66
17:36:00	49	13,02	2,66
17:37:00	49	13,01	2,67
17:38:00	49	13,01	2,67
17:39:00	49	13,01	2,67
17:40:00	49	13,01	2,67
17:41:00	49	13,01	2,67
17:42:00	49	13,01	2,67
17:43:00	49	13,01	2,67
17:44:00	49	13,00	2,68
17:45:00	49	13,00	2,68
17:46:00	49	13,00	2,68
17:47:00	49	13,00	2,68
17:48:00	49	12,99	2,69
17:49:00	49	12,99	2,69
17:50:00	49	12,99	2,69
17:51:00	49	12,99	2,69
17:52:00	49	12,99	2,69
17:53:00	49	12,99	2,69
17:54:00	49	12,99	2,69
17:55:00	49	12,99	2,70
17:56:00	49	12,99	2,70
17:57:00	49	12,99	2,70
17:58:00	49	12,99	2,70
17:59:00	49	12,99	2,70
18:00:00	49	12,98	2,71
18:01:00	49	12,98	2,71
18:02:00	49	12,98	2,71
18:03:00	49	12,98	2,71
18:04:00	49	12,98	2,71
18:05:00	49	12,98	2,71
18:06:00	49	12,98	2,71
18:07:00	49	12,97	2,72
18:08:00	49	12,97	2,72
18:09:00	49	12,97	2,72
18:10:00	49	12,97	2,72
18:11:00	49	12,97	2,72
18:12:00	49	12,96	2,73
18:13:00	49	12,96	2,73
18:14:00	49	12,96	2,73
18:15:00	49	12,96	2,73
18:16:00	49	12,96	2,73
18:17:00	49	12,96	2,73
18:18:00	49	12,96	2,73
18:19:00	49	12,96	2,74
18:20:00	49	12,96	2,74
18:21:00	49	12,96	2,74
18:22:00	49	12,96	2,74
18:23:00	49	12,96	2,74
18:24:00	49	12,96	2,74
18:25:00	49	12,95	2,75
18:26:00	49	12,95	2,75
18:27:00	49	12,95	2,75
18:28:00	49	12,95	2,75
18:29:00	49	12,95	2,75
18:30:00	49	12,95	2,75
18:31:00	49	12,94	2,76
18:32:00	49	12,94	2,76
18:33:00	49	12,94	2,76
18:34:00	49	12,94	2,76
18:35:00	49	12,93	2,77
18:36:00	49	12,93	2,77
18:37:00	49	12,93	2,77
18:38:00	49	12,93	2,77
18:39:00	49	12,93	2,77
18:40:00	49	12,93	2,78
18:41:00	49	12,93	2,78
18:42:00	49	12,93	2,78
18:43:00	49	12,93	2,78
18:44:00	49	12,93	2,78
18:45:00	49	12,93	2,78
18:46:00	49	12,93	2,78
18:47:00	49	12,93	2,78
18:48:00	49	12,92	2,79
18:49:00	49	12,92	2,79
18:50:00	49	12,92	2,79
18:51:00	49	12,92	2,79
18:52:00	49	12,92	2,79
18:53:00	49	12,92	2,79
18:54:00	49	12,92	2,79
18:55:00	49	12,91	2,80
18:56:00	49	12,91	2,80
18:57:00	49	12,91	2,80
18:58:00	49	12,91	2,80
18:59:00	49	12,91	2,80
19:00:00	49	12,91	2,80
19:01:00	49	12,91	2,80
19:02:00	49	12,90	2,81
19:03:00	49	12,90	2,81
19:04:00	49	12,90	2,81
19:05:00	49	12,90	2,81
19:06:00	49	12,90	2,81
19:07:00	49	12,90	2,81
19:08:00	49	12,90	2,82
19:09:00	49	12,90	2,82
19:10:00	49	12,90	2,82
19:11:00	49	12,90	2,82
19:12:00	49	12,90	2,82
19:13:00	49	12,90	2,82
19:14:00	49	12,89	2,83
19:15:00	49	12,89	2,83
19:16:00	49	12,89	2,83
19:17:00	49	12,88	2,84
19:18:00	49	12,89	2,83
19:19:00	49	12,88	2,84
19:20:00	49	12,88	2,84
19:21:00	49	12,88	2,84
19:22:00	49	12,88	2,84
19:23:00	49	12,88	2,84
19:24:00	49	12,88	2,85
19:25:00	49	12,88	2,85
19:26:00	49	12,88	2,85
19:27:00	49	12,88	2,85
19:28:00	49	12,88	2,85
19:29:00	49	12,87	2,87
19:30:00	49	12,87	2,87
19:31:00	49	12,87	2,87
19:32:00	49	12,87	2,87
19:33:00	49	12,87	2,87
19:34:00	49	12,87	2,87
19:35:00	49	12,87	2,87
19:36:00	49	12,87	2,87
19:37:00	49	12,86	2,88
19:38:00	49	12,86	2,88
19:39:00	49	12,86	2,88
19:40:00	49	12,86	2,88
19:41:00	49	12,86	2,88
19:42:00	49	12,86	2,88
19:43:00	49	12,86	2,88
19:44:00	49	12,86	2,88
19:45:00	49	12,85	2,89
19:46:00	49	12,85	2,89
19:47:00	49	12,85	2,89
19:48:00	49	12,85	2,89
19:49:00	49	12,85	2,89
19:50:00	49	12,85	2,89
19:51:00	49	12,85	2,89
19:52:00	49	12,85	2,89
19:53:00	49	12,84	2,90
19:54:00	49	12,84	2,90
19:55:00	49	12,84	2,90
19:56:00	49	12,84	2,90
19:57:00	49	12,84	2,90
19:58:00	49	12,84	2,90
19:59:00	49	12,84	2,90
20:00:00	49	12,84	2,90
20:01:00	49	12,84	2,90
20:02:00	49	12,84	2,90
20:03:00	49	12,83	2,92
20:04:00	49	12,83	2,92
20:05:00	49	12,83	2,92
20:06:00	49	12,83	2,92
20:07:00	49	12,82	2,93
20:08:00	49	12,82	2,93
20:09:00	49	12,82	2,93
20:10:00	49	12,82	2,93
20:11:00	49	12,82	2,93
20:12:00	49	12,82	2,93
20:13:00	49	12,82	2,93
20:14:00	49	12,81	2,94
20:15:00	49	12,81	2,94
20:16:00	49	12,81	2,94
20:17:00	49	12,81	2,94
20:18:00	49	12,81	2,95
20:19:00	49	12,81	2,95
20:20:00	49	12,81	2,95
20:21:00	49	12,81	2,95
20:22:00	49	12,81	2,95
20:23:00	49	12,81	2,95
20:24:00	49	12,81	2,95
20:25:00	49	12,81	2,95
20:26:00	49	12,81	2,95
20:27:00	49	12,80	2,96
20:28:00	49	12,80	2,96
20:29:00	49	12,80	2,96
20:30:00	49	12,80	2,96
20:31:00	49	12,80	2,96
20:32:00	49	12,80	2,96
20:33:00	49	12,80	2,96
20:34:00	49	12,80	2,96
20:35:00	49	12,79	2,97
20:36:00	49	12,79	2,97
20:37:00	49	12,79	2,97
20:38:00	49	12,79	2,97
20:39:00	49	12,79	2,97
20:40:00	49	12,79	2,97
20:41:00	49	12,79	2,98
20:42:00	49	12,79	2,98
20:43:00	49	12,79	2,98
20:44:00	49	12,79	2,98
20:45:00	49	12,79	2,98
20:46:00	49	12,79	2,98
20:47:00	49	12,79	2,98
20:48:00	49	12,78	2,99
20:49:00	49	12,78	2,99
20:50:00	49	12,78	2,99
20:51:00	49	12,78	2,99
20:52:00	49	12,78	2,99
20:53:00	49	12,78	2,99
20:54:00	49	12,78	2,99
20:55:00	49	12,77	3,01
20:56:00	49	12,77	3,01
20:57:00	49	12,77	3,01
20:58:00	49	12,77	3,01
20:59:00	49	12,77	3,01
21:00:00	49	12,77	3,01
21:01:00	49	12,77	3,01
21:02:00	49	12,76	3,02
21:03:00	49	12,76	3,02
21:04:00	49	12,76	3,02
21:05:00	49	12,76	3,02
21:06:00	49	12,76	3,02
21:07:00	49	12,76	3,02
21:08:00	49	12,76	3,02
21:09:00	49	12,76	3,02
21:10:00	49	12,75	3,03
21:11:00	49	12,75	3,03
21:12:00	49	12,75	3,03
21:13:00	49	12,75	3,03
21:14:00	49	12,75	3,03
21:15:00	49	12,75	3,04
21:16:00	49	12,75	3,03
21:17:00	49	12,75	3,03
21:18:00	49	12,75	3,04
21:19:00	49	12,75	3,04
21:20:00	49	12,75	3,04
21:21:00	49	12,75	3,04
21:22:00	49	12,75	3,04
21:23:00	49	12,75	3,04
21:24:00	49	12,74	3,05
21:25:00	49	12,74	3,05
21:26:00	49	12,74	3,05
21:27:00	49	12,74	3,05
21:28:00	49	12,74	3,05
21:29:00	49	12,74	3,05
21:30:00	49	12,74	3,05
21:31:00	49	12,74	3,05
21:32:00	49	12,74	3,05
21:33:00	49	12,73	3,06
21:34:00	49	12,73	3,06
21:35:00	49	12,73	3,06
21:36:00	49	12,73	3,06
21:37:00	49	12,73	3,06
21:38:00	49	12,73	3,06
21:39:00	49	12,73	3,07
21:40:00	49	12,73	3,07
21:41:00	49	12,73	3,07
21:42:00	49	12,73	3,07
21:43:00	49	12,73	3,07
21:44:00	49	12,73	3,07
21:45:00	49	12,73	3,07
21:46:00	49	12,73	3,07
21:47:00	49	12,73	3,07
21:48:00	49	12,72	3,08
21:49:00	49	12,72	3,08
21:50:00	49	12,72	3,08
21:51:00	49	12,72	3,08
21:52:00	49	12,71	3,10
21:53:00	49	12,72	3,08
21:54:00	49	12,72	3,08
21:55:00	49	12,72	3,08
21:56:00	49	12,72	3,08
21:57:00	49	12,71	3,10
21:58:00	49	12,71	3,10
21:59:00	49	12,71	3,10
22:00:00	49	12,71	3,10
22:01:00	49	12,71	3,10
22:02:00	49	12,71	3,10
22:03:00	49	12,71	3,10
22:04:00	49	12,70	3,11
22:05:00	49	12,71	3,10
22:06:00	49	12,70	3,11
22:07:00	49	12,71	3,10
22:08:00	49	12,70	3,12
22:09:00	49	12,70	3,12
22:10:00	49	12,70	3,12
22:11:00	49	12,70	3,12
22:12:00	49	12,70	3,12
22:13:00	49	12,70	3,12
22:14:00	49	12,69	3,13
22:15:00	49	12,69	3,13
22:16:00	49	12,69	3,13
22:17:00	49	12,69	3,13
22:18:00	49	12,69	3,13
22:19:00	49	12,68	3,14
22:20:00	49	12,68	3,14
22:21:00	49	12,68	3,14
22:22:00	49	12,68	3,14
22:23:00	49	12,68	3,14
22:24:00	49	12,68	3,14
22:25:00	49	12,69	3,13
22:26:00	49	12,68	3,14
22:27:00	49	12,68	3,14
22:28:00	49	12,68	3,14
22:29:00	49	12,67	3,15
22:30:00	49	12,67	3,15
22:31:00	49	12,67	3,15
22:32:00	49	12,67	3,15
22:33:00	49	12,67	3,15
22:34:00	49	12,67	3,15
22:35:00	49	12,67	3,15
22:36:00	49	12,67	3,15
22:37:00	49	12,67	3,15
22:38:00	49	12,67	3,15
22:39:00	49	12,67	3,15
22:40:00	49	12,66	3,16
22:41:00	49	12,67	3,15
22:42:00	49	12,67	3,15
22:43:00	49	12,66	3,16
22:44:00	49	12,66	3,16
22:45:00	49	12,66	3,16
22:46:00	49	12,66	3,16
22:47:00	49	12,66	3,16
22:48:00	49	12,66	3,16
22:49:00	49	12,66	3,18
22:50:00	49	12,66	3,16
22:51:00	49	12,66	3,18
22:52:00	49	12,66	3,18
22:53:00	49	12,66	3,18
22:54:00	49	12,66	3,18
22:55:00	49	12,65	3,19
22:56:00	49	12,65	3,19
22:57:00	49	12,65	3,19
22:58:00	49	12,65	3,19
22:59:00	49	12,65	3,19
23:00:00	49	12,65	3,19
23:01:00	49	12,65	3,19
23:02:00	49	12,65	3,19
23:03:00	49	12,65	3,19
23:04:00	49	12,65	3,19
23:05:00	49	12,65	3,19
23:06:00	49	12,65	3,19
23:07:00	49	12,65	3,19
23:08:00	49	12,64	3,20
23:09:00	49	12,64	3,20
23:10:00	49	12,64	3,20
23:11:00	49	12,64	3,20
23:12:00	49	12,64	3,20
23:13:00	49	12,64	3,20
23:14:00	49	12,64	3,20
23:15:00	49	12,64	3,20
23:16:00	49	12,64	3,20
23:17:00	49	12,64	3,20
23:18:00	49	12,63	3,21
23:19:00	49	12,63	3,21
23:20:00	49	12,63	3,21
23:21:00	49	12,63	3,22
23:22:00	49	12,63	3,22
23:23:00	49	12,63	3,22
23:24:00	49	12,63	3,22
23:25:00	49	12,63	3,22
23:26:00	49	12,63	3,22
23:27:00	49	12,63	3,22
23:28:00	49	12,63	3,22
23:29:00	49	12,63	3,22
23:30:00	49	12,62	3,23
23:31:00	49	12,63	3,22
23:32:00	49	12,62	3,23
23:33:00	49	12,62	3,23
23:34:00	49	12,62	3,23
23:35:00	49	12,62	3,23
23:36:00	49	12,61	3,25
23:37:00	49	12,61	3,25
23:38:00	49	12,61	3,25
23:39:00	49	12,61	3,25
23:40:00	49	12,61	3,25
23:41:00	49	12,61	3,25
23:42:00	49	12,61	3,25
23:43:00	49	12,61	3,25
23:44:00	49	12,61	3,25
23:45:00	49	12,61	3,25
23:46:00	49	12,61	3,25
23:47:00	49	12,61	3,25
23:48:00	49	12,61	3,25
23:49:00	49	12,60	3,26
23:50:00	49	12,60	3,26
23:51:00	49	12,60	3,26
23:52:00	49	12,60	3,26
23:53:00	49	12,60	3,26
23:54:00	49	12,60	3,26
23:55:00	49	12,60	3,26
23:56:00	49	12,60	3,26
23:57:00	49	12,60	3,26
23:58:00	49	12,60	3,26
23:59:00	49	12,60	3,27
24:00:00	49	12,60	3,27
24:01:00	49	12,60	3,27
24:02:00	49	12,60	3,27
24:03:00	49	12,60	3,27
24:04:00	49	12,60	3,27
24:05:00	49	12,60	3,27
24:06:00	49	12,60	3,27
24:07:00	49	12,60	3,27
24:08:00	49	12,60	3,27
24:09:00	49	12,58	3,29
24:10:00	49	12,58	3,29
24:11:00	49	12,58	3,29
24:12:00	49	12,58	3,29
24:13:00	49	12,58	3,29
24:14:00	49	12,58	3,29
24:15:00	49	12,58	3,29
24:16:00	49	12,58	3,29
24:17:00	49	12,58	3,29
24:18:00	49	12,57	3,31
24:19:00	49	12,57	3,31
24:20:00	49	12,58	3,29
24:21:00	49	12,57	3,31
24:22:00	49	12,57	3,31
24:23:00	49	12,57	3,31
24:24:00	49	12,57	3,31
24:25:00	49	12,57	3,31
24:26:00	49	12,57	3,32
24:27:00	49	12,57	3,31
24:28:00	49	12,57	3,31
24:29:00	49	12,57	3,32
24:30:00	49	12,57	3,32
24:31:00	49	12,57	3,32
24:32:00	49	12,57	3,32
24:33:00	49	12,57	3,32
24:34:00	49	12,57	3,32
24:35:00	49	12,57	3,32
24:36:00	49	12,57	3,32
24:37:00	49	12,56	3,33
24:38:00	49	12,57	3,32
24:39:00	49	12,56	3,33
24:40:00	49	12,56	3,33
24:41:00	49	12,56	3,33
24:42:00	49	12,56	3,33
24:43:00	49	12,56	3,33
24:44:00	49	12,56	3,33
24:45:00	49	12,56	3,33
24:46:00	49	12,55	3,34
24:47:00	49	12,55	3,34
24:48:00	49	12,55	3,34
24:49:00	49	12,55	3,34
24:50:00	49	12,55	3,34
24:51:00	49	12,55	3,34
24:52:00	49	12,55	3,34
24:53:00	49	12,55	3,34
24:54:00	49	12,55	3,34
24:55:00	49	12,54	3,35
24:56:00	49	12,55	3,34
24:57:00	49	12,55	3,34
24:58:00	49	12,54	3,35
24:59:00	49	12,54	3,35
25:00:00	49	12,54	3,35
25:01:00	49	12,54	3,35
25:02:00	49	12,54	3,35
25:03:00	49	12,54	3,35
25:04:00	49	12,54	3,35
25:05:00	49	12,54	3,37
25:06:00	49	12,54	3,37
25:07:00	49	12,54	3,37
25:08:00	49	12,54	3,37
25:09:00	49	12,54	3,37
25:10:00	49	12,54	3,37
25:11:00	49	12,54	3,37
25:12:00	49	12,54	3,37
25:13:00	49	12,54	3,37
25:14:00	49	12,53	3,38
25:15:00	49	12,54	3,37
25:16:00	49	12,54	3,37
25:17:00	49	12,53	3,38
25:18:00	49	12,53	3,38
25:19:00	49	12,53	3,38
25:20:00	49	12,53	3,38
25:21:00	49	12,53	3,38
25:22:00	49	12,53	3,38
25:23:00	49	12,53	3,38
25:24:00	49	12,53	3,38
25:25:00	49	12,53	3,38
25:26:00	49	12,53	3,38
25:27:00	49	12,53	3,38
25:28:00	49	12,52	3,39
25:29:00	49	12,52	3,39
25:30:00	49	12,52	3,39
25:31:00	49	12,52	3,39
25:32:00	49	12,52	3,39
25:33:00	49	12,52	3,39
25:34:00	49	12,52	3,39
25:35:00	49	12,52	3,39
25:36:00	49	12,52	3,39
25:37:00	49	12,52	3,39
25:38:00	49	12,52	3,39
25:39:00	49	12,52	3,39
25:40:00	49	12,52	3,39
25:41:00	49	12,51	3,42
25:42:00	49	12,51	3,42
25:43:00	49	12,51	3,40
25:44:00	49	12,51	3,42
25:45:00	49	12,51	3,42
25:46:00	49	12,51	3,42
25:47:00	49	12,51	3,42
25:48:00	49	12,51	3,42
25:49:00	49	12,51	3,42
25:50:00	49	12,51	3,42
25:51:00	49	12,51	3,42
25:52:00	49	12,51	3,42
25:53:00	49	12,50	3,43
25:54:00	49	12,50	3,43
25:55:00	49	12,50	3,43
25:56:00	49	12,50	3,43
25:57:00	49	12,50	3,43
25:58:00	49	12,50	3,43
25:59:00	49	12,50	3,43
26:00:00	49	12,50	3,43
26:01:00	49	12,50	3,43
26:02:00	49	12,50	3,43
26:03:00	49	12,49	3,44
26:04:00	49	12,49	3,44
26:05:00	49	12,49	3,44
26:06:00	49	12,49	3,44
26:07:00	49	12,49	3,44
26:08:00	49	12,49	3,44
26:09:00	49	12,49	3,44
26:10:00	49	12,49	3,44
26:11:00	49	12,49	3,44
26:12:00	49	12,49	3,44
26:13:00	49	12,49	3,44
26:14:00	49	12,49	3,44
26:15:00	49	12,49	3,44
26:16:00	49	12,49	3,44
26:17:00	49	12,48	3,45
26:18:00	49	12,48	3,45
26:19:00	49	12,48	3,45
26:20:00	49	12,48	3,45
26:21:00	49	12,48	3,45
26:22:00	49	12,48	3,45
26:23:00	49	12,48	3,45
26:24:00	49	12,48	3,47
26:25:00	49	12,48	3,45
26:26:00	49	12,48	3,47
26:27:00	49	12,48	3,47
26:28:00	49	12,48	3,47
26:29:00	49	12,48	3,47
26:30:00	49	12,48	3,47
26:31:00	49	12,48	3,47
26:32:00	49	12,48	3,47
26:33:00	49	12,48	3,47
26:34:00	49	12,48	3,47
26:35:00	49	12,48	3,47
26:36:00	49	12,48	3,47
26:37:00	49	12,47	3,48
26:38:00	49	12,47	3,48
26:39:00	49	12,47	3,48
26:40:00	49	12,47	3,48
26:41:00	49	12,47	3,48
26:42:00	49	12,47	3,48
26:43:00	49	12,47	3,48
26:44:00	49	12,47	3,48
26:45:00	49	12,47	3,48
26:46:00	49	12,47	3,48
26:47:00	49	12,46	3,49
26:48:00	49	12,46	3,49
26:49:00	49	12,46	3,49
26:50:00	49	12,46	3,49
26:51:00	49	12,46	3,49
26:52:00	49	12,46	3,49
26:53:00	49	12,46	3,49
26:54:00	49	12,45	3,50
26:55:00	49	12,45	3,50
26:56:00	49	12,45	3,50
26:57:00	49	12,45	3,50
26:58:00	49	12,45	3,50
26:59:00	49	12,45	3,50
27:00:00	49	12,45	3,50
27:01:00	49	12,45	3,50
27:02:00	49	12,45	3,52
27:03:00	49	12,45	3,50
27:04:00	49	12,45	3,50
27:05:00	49	12,45	3,52
27:06:00	49	12,45	3,50
27:07:00	49	12,45	3,52
27:08:00	49	12,45	3,50
27:09:00	49	12,45	3,52
27:10:00	49	12,45	3,52
27:11:00	49	12,45	3,52
27:12:00	49	12,45	3,52
27:13:00	49	12,45	3,52
27:14:00	49	12,45	3,52
27:15:00	49	12,45	3,52
27:16:00	49	12,45	3,52
27:17:00	49	12,45	3,52
27:18:00	49	12,45	3,52
27:19:00	49	12,45	3,52
27:20:00	49	12,45	3,52
27:21:00	49	12,45	3,52
27:22:00	49	12,44	3,53
27:23:00	48	12,44	3,53
27:24:00	49	12,44	3,53
27:25:00	49	12,44	3,53
27:26:00	49	12,44	3,53
27:27:00	49	12,44	3,53
27:28:00	49	12,44	3,53
27:29:00	48	12,44	3,53
27:30:00	49	12,44	3,53
27:31:00	49	12,43	3,54
27:32:00	49	12,43	3,54
27:33:00	49	12,43	3,54
27:34:00	49	12,43	3,54
27:35:00	49	12,43	3,54
27:36:00	49	12,43	3,54
27:37:00	49	12,43	3,56
27:38:00	49	12,43	3,54
27:39:00	49	12,43	3,56
27:40:00	49	12,43	3,54
27:41:00	49	12,43	3,56
27:42:00	49	12,43	3,56
27:43:00	49	12,43	3,56
27:44:00	49	12,43	3,56
27:45:00	49	12,43	3,56
27:46:00	49	12,43	3,56
27:47:00	49	12,43	3,56
27:48:00	49	12,43	3,56
27:49:00	48	12,43	3,56
27:50:00	49	12,42	3,57
27:51:00	49	12,43	3,56
27:52:00	49	12,42	3,57
27:53:00	49	12,42	3,57
27:54:00	49	12,42	3,57
27:55:00	49	12,42	3,57
27:56:00	49	12,42	3,57
27:57:00	49	12,42	3,57
27:58:00	49	12,42	3,57
27:59:00	49	12,42	3,57
28:00:00	49	12,42	3,57
28:01:00	49	12,42	3,57
28:02:00	49	12,42	3,57
28:03:00	49	12,42	3,57
28:04:00	49	12,41	3,58
28:05:00	49	12,42	3,57
28:06:00	49	12,41	3,58
28:07:00	49	12,41	3,58
28:08:00	49	12,41	3,58
28:09:00	49	12,41	3,58
28:10:00	49	12,41	3,58
28:11:00	49	12,41	3,58
28:12:00	49	12,41	3,58
28:13:00	49	12,41	3,58
28:14:00	49	12,41	3,58
28:15:00	49	12,41	3,58
28:16:00	49	12,41	3,58
28:17:00	49	12,40	3,59
28:18:00	49	12,40	3,59
28:19:00	49	12,40	3,59
28:20:00	49	12,40	3,59
28:21:00	49	12,40	3,59
28:22:00	49	12,40	3,59
28:23:00	49	12,40	3,59
28:24:00	49	12,40	3,59
28:25:00	48	12,40	3,59
28:26:00	49	12,40	3,59
28:27:00	49	12,39	3,61
28:28:00	49	12,39	3,61
28:29:00	49	12,39	3,61
28:30:00	49	12,39	3,61
28:31:00	49	12,39	3,61
28:32:00	49	12,39	3,61
28:33:00	49	12,39	3,61
28:34:00	49	12,39	3,61
28:35:00	49	12,39	3,61
28:36:00	49	12,39	3,61
28:37:00	49	12,39	3,61
28:38:00	49	12,39	3,61
28:39:00	49	12,39	3,61
28:40:00	49	12,39	3,61
28:41:00	49	12,39	3,62
28:42:00	49	12,39	3,62
28:43:00	49	12,39	3,62
28:44:00	49	12,39	3,62
28:45:00	49	12,39	3,62
28:46:00	49	12,39	3,62
28:47:00	49	12,39	3,62
28:48:00	49	12,38	3,63
28:49:00	49	12,38	3,63
28:50:00	49	12,38	3,63
28:51:00	49	12,38	3,63
28:52:00	49	12,39	3,62
28:53:00	49	12,38	3,63
28:54:00	49	12,38	3,63
28:55:00	49	12,38	3,63
28:56:00	49	12,38	3,63
28:57:00	49	12,38	3,63
28:58:00	49	12,38	3,63
28:59:00	49	12,38	3,63
29:00:00	49	12,38	3,63
29:01:00	48	12,38	3,63
29:02:00	49	12,38	3,63
29:03:00	49	12,38	3,63
29:04:00	49	12,38	3,63
29:05:00	49	12,38	3,63
29:06:00	49	12,38	3,63
29:07:00	49	12,38	3,63
29:08:00	49	12,38	3,63
29:09:00	49	12,38	3,63
29:10:00	49	12,37	3,65
29:11:00	49	12,37	3,65
29:12:00	49	12,37	3,65
29:13:00	49	12,37	3,65
29:14:00	49	12,37	3,65
29:15:00	49	12,37	3,65
29:16:00	49	12,37	3,65
29:17:00	49	12,37	3,65
29:18:00	49	12,37	3,65
29:19:00	49	12,37	3,65
29:20:00	48	12,37	3,65
29:21:00	49	12,37	3,65
29:22:00	49	12,37	3,65
29:23:00	49	12,37	3,65
29:24:00	49	12,36	3,66
29:25:00	49	12,36	3,66
29:26:00	49	12,36	3,66
29:27:00	49	12,36	3,66
29:28:00	49	12,36	3,66
29:29:00	49	12,36	3,66
29:30:00	49	12,36	3,67
29:31:00	49	12,36	3,66
29:32:00	49	12,36	3,67
29:33:00	49	12,36	3,67
29:34:00	49	12,36	3,67
29:35:00	49	12,36	3,67
29:36:00	49	12,36	3,67
29:37:00	49	12,36	3,67
29:38:00	49	12,36	3,67
29:39:00	49	12,36	3,67
29:40:00	49	12,36	3,67
29:41:00	49	12,36	3,67
29:42:00	49	12,36	3,67
29:43:00	49	12,35	3,69
29:44:00	49	12,35	3,69
29:45:00	49	12,35	3,69
29:46:00	49	12,35	3,69
29:47:00	49	12,35	3,69
29:48:00	49	12,35	3,69
29:49:00	49	12,35	3,69
29:50:00	49	12,35	3,69
29:51:00	49	12,35	3,69
29:52:00	49	12,35	3,69
29:53:00	49	12,35	3,69
29:54:00	49	12,35	3,69
29:55:00	49	12,35	3,69
29:56:00	49	12,35	3,69
29:57:00	49	12,35	3,69
29:58:00	49	12,34	3,70
29:59:00	49	12,34	3,70
30:00:00	49	12,34	3,70
30:01:00	49	12,34	3,70
30:02:00	49	12,34	3,70
30:03:00	49	12,34	3,70
30:04:00	49	12,34	3,70
30:05:00	49	12,34	3,70
30:06:00	49	12,34	3,70
30:07:00	49	12,34	3,70
30:08:00	49	12,34	3,71
30:09:00	49	12,34	3,70
30:10:00	49	12,34	3,70
30:11:00	49	12,34	3,71
30:12:00	49	12,34	3,71
30:13:00	49	12,34	3,71
30:14:00	49	12,34	3,71
30:15:00	48	12,34	3,71
30:16:00	49	12,34	3,71
30:17:00	49	12,34	3,71
30:18:00	49	12,34	3,71
30:19:00	48	12,34	3,71
30:20:00	49	12,34	3,71
30:21:00	49	12,34	3,71
30:22:00	49	12,34	3,71
30:23:00	49	12,33	3,73
30:24:00	49	12,33	3,73
30:25:00	49	12,33	3,73
30:26:00	49	12,33	3,73
30:27:00	49	12,33	3,73
30:28:00	49	12,33	3,73
30:29:00	49	12,33	3,73
30:30:00	49	12,33	3,73
30:31:00	49	12,33	3,73
30:32:00	49	12,33	3,73
30:33:00	49	12,33	3,73
30:34:00	49	12,33	3,73
30:35:00	49	12,32	3,74
30:36:00	49	12,33	3,73
30:37:00	49	12,32	3,74
30:38:00	49	12,33	3,73
30:39:00	49	12,32	3,74
30:40:00	49	12,32	3,74
30:41:00	48	12,32	3,74
30:42:00	48	12,32	3,74
30:43:00	49	12,32	3,74
30:44:00	49	12,32	3,74
30:45:00	49	12,32	3,74
30:46:00	49	12,32	3,74
30:47:00	49	12,32	3,74
30:48:00	49	12,32	3,74
30:49:00	49	12,32	3,74
30:50:00	49	12,32	3,74
30:51:00	49	12,31	3,75
30:52:00	49	12,32	3,74
30:53:00	49	12,31	3,75
30:54:00	49	12,31	3,75
30:55:00	49	12,32	3,74
30:56:00	49	12,31	3,75
30:57:00	48	12,31	3,75
30:58:00	49	12,31	3,75
30:59:00	49	12,31	3,75
31:00:00	49	12,31	3,75
31:01:00	49	12,31	3,75
31:02:00	48	12,31	3,75
31:03:00	49	12,31	3,75
31:04:00	49	12,31	3,75
31:05:00	49	12,31	3,75
31:06:00	49	12,31	3,75
31:07:00	49	12,31	3,75
31:08:00	49	12,31	3,75
31:09:00	49	12,31	3,75
31:10:00	49	12,31	3,75
31:11:00	49	12,31	3,75
31:12:00	49	12,31	3,75
31:13:00	49	12,31	3,75
31:14:00	49	12,31	3,75
31:15:00	49	12,31	3,75
31:16:00	49	12,31	3,75
31:17:00	49	12,30	3,77
31:18:00	49	12,30	3,77
31:19:00	49	12,30	3,77
31:20:00	49	12,30	3,77
31:21:00	49	12,30	3,77
31:22:00	49	12,30	3,77
31:23:00	49	12,30	3,78
31:24:00	49	12,30	3,78
31:25:00	49	12,30	3,78
31:26:00	49	12,30	3,78
31:27:00	49	12,30	3,78
31:28:00	49	12,30	3,78
31:29:00	49	12,30	3,78
31:30:00	49	12,30	3,78
31:31:00	49	12,30	3,78
31:32:00	49	12,30	3,78
31:33:00	49	12,30	3,78
31:34:00	49	12,30	3,78
31:35:00	49	12,30	3,78
31:36:00	49	12,29	3,80
31:37:00	49	12,30	3,78
31:38:00	49	12,29	3,80
31:39:00	49	12,29	3,80
31:40:00	49	12,29	3,80
31:41:00	49	12,29	3,80
31:42:00	49	12,29	3,80
31:43:00	49	12,29	3,80
31:44:00	49	12,29	3,80
31:45:00	49	12,29	3,80
31:46:00	49	12,29	3,80
31:47:00	49	12,29	3,80
31:48:00	49	12,29	3,80
31:49:00	49	12,29	3,80
31:50:00	49	12,29	3,80
31:51:00	49	12,29	3,80
31:52:00	49	12,29	3,80
31:53:00	49	12,28	3,81
31:54:00	49	12,28	3,81
31:55:00	49	12,28	3,81
31:56:00	49	12,28	3,81
31:57:00	49	12,28	3,81
31:58:00	49	12,28	3,81
31:59:00	49	12,28	3,81
32:00:00	49	12,28	3,81
32:01:00	49	12,28	3,81
32:02:00	49	12,28	3,81
32:03:00	49	12,28	3,81
32:04:00	49	12,28	3,81
32:05:00	49	12,28	3,81
32:06:00	49	12,28	3,81
32:07:00	49	12,28	3,81
32:08:00	49	12,27	3,82
32:09:00	49	12,27	3,82
32:10:00	49	12,28	3,81
32:11:00	49	12,27	3,82
32:12:00	49	12,27	3,82
32:13:00	49	12,27	3,82
32:14:00	49	12,27	3,82
32:15:00	49	12,27	3,82
32:16:00	49	12,27	3,82
32:17:00	49	12,27	3,82
32:18:00	49	12,27	3,82
32:19:00	49	12,27	3,82
32:20:00	49	12,27	3,82
32:21:00	49	12,27	3,82
32:22:00	49	12,27	3,82
32:23:00	49	12,27	3,82
32:24:00	49	12,27	3,82
32:25:00	49	12,27	3,84
32:26:00	49	12,27	3,82
32:27:00	49	12,27	3,84
32:28:00	49	12,27	3,84
32:29:00	49	12,27	3,84
32:30:00	49	12,27	3,84
32:31:00	49	12,27	3,84
32:32:00	49	12,27	3,84
32:33:00	49	12,27	3,84
32:34:00	48	12,27	3,84
32:35:00	49	12,26	3,85
32:36:00	49	12,26	3,85
32:37:00	49	12,26	3,85
32:38:00	49	12,26	3,85
32:39:00	49	12,27	3,84
32:40:00	48	12,26	3,85
32:41:00	49	12,26	3,85
32:42:00	49	12,26	3,85
32:43:00	49	12,26	3,85
32:44:00	49	12,26	3,85
32:45:00	49	12,26	3,85
32:46:00	49	12,26	3,85
32:47:00	49	12,26	3,85
32:48:00	49	12,26	3,85
32:49:00	49	12,26	3,85
32:50:00	49	12,26	3,85
32:51:00	49	12,26	3,85
32:52:00	49	12,26	3,85
32:53:00	49	12,26	3,85
32:54:00	49	12,26	3,85
32:55:00	49	12,26	3,85
32:56:00	48	12,26	3,85
32:57:00	49	12,26	3,85
32:58:00	49	12,26	3,85
32:59:00	49	12,26	3,85
33:00:00	49	12,26	3,85
33:01:00	48	12,26	3,85
33:02:00	49	12,26	3,85
33:03:00	48	12,26	3,85
33:04:00	49	12,26	3,85
33:05:00	49	12,26	3,85
33:06:00	49	12,26	3,85
33:07:00	49	12,26	3,85
33:08:00	49	12,26	3,85
33:09:00	48	12,25	3,86
33:10:00	49	12,25	3,88
33:11:00	49	12,25	3,86
33:12:00	49	12,25	3,86
33:13:00	49	12,25	3,86
33:14:00	49	12,25	3,86
33:15:00	49	12,25	3,88
33:16:00	49	12,25	3,88
33:17:00	49	12,25	3,88
33:18:00	49	12,25	3,88
33:19:00	49	12,25	3,88
33:20:00	49	12,25	3,88
33:21:00	49	12,25	3,88
33:22:00	49	12,25	3,88
33:23:00	49	12,25	3,88
33:24:00	48	12,25	3,88
33:25:00	49	12,25	3,88
33:26:00	49	12,25	3,88
33:27:00	49	12,25	3,88
33:28:00	49	12,25	3,88
33:29:00	49	12,25	3,88
33:30:00	49	12,25	3,88
33:31:00	49	12,25	3,88
33:32:00	49	12,25	3,88
33:33:00	49	12,25	3,88
33:34:00	49	12,25	3,88
33:35:00	49	12,24	3,89
33:36:00	49	12,25	3,88
33:37:00	49	12,25	3,88
33:38:00	49	12,24	3,89
33:39:00	49	12,24	3,89
33:40:00	49	12,24	3,89
33:41:00	49	12,24	3,89
33:42:00	49	12,24	3,89
33:43:00	49	12,24	3,89
33:44:00	49	12,24	3,89
33:45:00	49	12,24	3,89
33:46:00	49	12,24	3,89
33:47:00	49	12,24	3,89
33:48:00	49	12,24	3,89
33:49:00	49	12,24	3,89
33:50:00	49	12,23	3,91
33:51:00	49	12,23	3,91
33:52:00	49	12,23	3,91
33:53:00	49	12,23	3,91
33:54:00	49	12,23	3,91
33:55:00	49	12,23	3,91
33:56:00	49	12,23	3,91
33:57:00	48	12,23	3,91
33:58:00	49	12,23	3,91
33:59:00	49	12,23	3,91
34:00:00	49	12,23	3,91
34:01:00	49	12,23	3,91
34:02:00	49	12,23	3,91
34:03:00	49	12,22	3,92
34:04:00	49	12,23	3,91
34:05:00	49	12,23	3,91
34:06:00	49	12,23	3,91
34:07:00	49	12,23	3,91
34:08:00	49	12,23	3,91
34:09:00	49	12,23	3,91
34:10:00	49	12,23	3,91
34:11:00	48	12,23	3,91
34:12:00	49	12,23	3,91
34:13:00	49	12,23	3,91
34:14:00	49	12,23	3,91
34:15:00	49	12,23	3,91
34:16:00	49	12,23	3,91
34:17:00	49	12,22	3,92
34:18:00	49	12,22	3,92
34:19:00	48	12,23	3,91
34:20:00	49	12,23	3,91
34:21:00	49	12,22	3,92
34:22:00	49	12,22	3,92
34:23:00	49	12,22	3,92
34:24:00	49	12,22	3,92
34:25:00	49	12,23	3,91
34:26:00	49	12,21	3,93
34:27:00	49	12,21	3,93
34:28:00	48	12,21	3,93
34:29:00	49	12,21	3,93
34:30:00	49	12,21	3,93
34:31:00	49	12,21	3,93
34:32:00	49	12,21	3,93
34:33:00	49	12,21	3,93
34:34:00	49	12,21	3,93
34:35:00	49	12,21	3,93
34:36:00	49	12,21	3,93
34:37:00	49	12,21	3,93
34:38:00	49	12,21	3,93
34:39:00	49	12,21	3,93
34:40:00	49	12,21	3,93
34:41:00	49	12,21	3,95
34:42:00	49	12,21	3,95
34:43:00	49	12,21	3,95
34:44:00	49	12,21	3,95
34:45:00	49	12,21	3,95
34:46:00	49	12,21	3,95
34:47:00	49	12,21	3,95
34:48:00	49	12,21	3,95
34:49:00	49	12,21	3,95
34:50:00	49	12,21	3,95
34:51:00	49	12,21	3,95
34:52:00	49	12,21	3,95
34:53:00	49	12,21	3,95
34:54:00	48	12,21	3,95
34:55:00	49	12,21	3,95
34:56:00	49	12,21	3,95
34:57:00	49	12,21	3,95
34:58:00	49	12,21	3,95
34:59:00	49	12,21	3,95
35:00:00	49	12,21	3,95
35:01:00	48	12,21	3,95
35:02:00	49	12,21	3,95
35:03:00	49	12,21	3,95
35:04:00	49	12,21	3,95
35:05:00	49	12,21	3,95
35:06:00	49	12,21	3,95
35:07:00	49	12,20	3,96
35:08:00	49	12,20	3,96
35:09:00	49	12,20	3,96
35:10:00	49	12,20	3,96
35:11:00	49	12,20	3,96
35:12:00	49	12,20	3,96
35:13:00	49	12,20	3,96
35:14:00	49	12,20	3,96
35:15:00	49	12,20	3,96
35:16:00	49	12,20	3,96
35:17:00	49	12,19	3,98
35:18:00	48	12,20	3,96
35:19:00	49	12,19	3,98
35:20:00	49	12,20	3,96
35:21:00	49	12,19	3,98
35:22:00	49	12,20	3,96
35:23:00	49	12,20	3,96
35:24:00	49	12,20	3,96
35:25:00	49	12,19	3,98
35:26:00	49	12,19	3,98
35:27:00	49	12,19	3,98
35:28:00	49	12,19	3,98
35:29:00	49	12,20	3,96
35:30:00	49	12,20	3,96
35:31:00	49	12,19	3,98
35:32:00	49	12,20	3,96
35:33:00	49	12,19	3,98
35:34:00	49	12,20	3,96
35:35:00	49	12,19	3,98
35:36:00	49	12,19	3,98
35:37:00	49	12,19	3,98
35:38:00	49	12,19	3,98
35:39:00	49	12,19	3,98
35:40:00	49	12,19	3,98
35:41:00	49	12,19	3,98
35:42:00	49	12,19	3,98
35:43:00	49	12,18	3,99
35:44:00	49	12,19	3,98
35:45:00	49	12,18	3,99
35:46:00	49	12,18	3,99
35:47:00	49	12,18	3,99
35:48:00	49	12,18	3,99
35:49:00	49	12,18	3,99
35:50:00	49	12,18	3,99
35:51:00	49	12,18	3,99
35:52:00	49	12,18	3,99
35:53:00	49	12,18	3,99
35:54:00	49	12,18	3,99
35:55:00	49	12,18	3,99
35:56:00	49	12,18	3,99
35:57:00	49	12,18	3,99
35:58:00	49	12,18	3,99
35:59:00	49	12,18	3,99
36:00:00	49	12,18	3,99
36:01:00	49	12,18	3,99
36:02:00	49	12,18	3,99
36:03:00	49	12,18	3,99
36:04:00	49	12,18	3,99
36:05:00	49	12,18	3,99
36:06:00	49	12,18	3,99
36:07:00	49	12,18	3,99
36:08:00	49	12,18	3,99
36:09:00	49	12,18	3,99
36:10:00	49	12,18	3,99
36:11:00	49	12,18	3,99
36:12:00	49	12,18	3,99
36:13:00	49	12,18	3,99
36:14:00	49	12,18	3,99
36:15:00	49	12,18	3,99
36:16:00	49	12,18	3,99
36:17:00	49	12,18	4,01
36:18:00	49	12,18	4,01
36:19:00	49	12,18	4,01
36:20:00	49	12,18	4,01
36:21:00	49	12,18	4,01
36:22:00	48	12,18	4,01
36:23:00	49	12,18	4,01
36:24:00	49	12,18	4,01
36:25:00	49	12,18	4,01
36:26:00	49	12,17	4,02
36:27:00	49	12,18	4,01
36:28:00	49	12,18	4,01
36:29:00	49	12,18	4,01
36:30:00	49	12,17	4,02
36:31:00	49	12,17	4,02
36:32:00	49	12,17	4,02
36:33:00	49	12,17	4,02
36:34:00	49	12,17	4,02
36:35:00	49	12,17	4,02
36:36:00	49	12,17	4,02
36:37:00	49	12,17	4,02
36:38:00	49	12,17	4,02
36:39:00	49	12,17	4,02
36:40:00	49	12,17	4,02
36:41:00	49	12,17	4,02
36:42:00	49	12,17	4,02
36:43:00	49	12,17	4,02
36:44:00	49	12,17	4,02
36:45:00	49	12,17	4,02
36:46:00	49	12,17	4,02
36:47:00	49	12,17	4,02
36:48:00	49	12,17	4,02
36:49:00	49	12,17	4,02
36:50:00	49	12,17	4,02
36:51:00	49	12,17	4,02
36:52:00	49	12,17	4,02
36:53:00	49	12,17	4,02
36:54:00	49	12,17	4,02
36:55:00	49	12,17	4,02
36:56:00	49	12,17	4,02
36:57:00	49	12,16	4,04
36:58:00	49	12,16	4,04
36:59:00	49	12,16	4,04
37:00:00	49	12,16	4,04
37:01:00	49	12,16	4,04
37:02:00	49	12,16	4,04
37:03:00	49	12,16	4,04
37:04:00	48	12,16	4,04
37:05:00	49	12,16	4,04
37:06:00	49	12,16	4,04
37:07:00	49	12,16	4,04
37:08:00	49	12,16	4,04
37:09:00	49	12,15	4,05
37:10:00	49	12,15	4,05
37:11:00	49	12,15	4,05
37:12:00	49	12,15	4,05
37:13:00	49	12,15	4,05
37:14:00	49	12,15	4,05
37:15:00	49	12,15	4,05
37:16:00	49	12,15	4,05
37:17:00	49	12,15	4,05
37:18:00	49	12,15	4,05
37:19:00	49	12,15	4,05
37:20:00	49	12,15	4,05
37:21:00	49	12,15	4,05
37:22:00	49	12,15	4,05
37:23:00	49	12,15	4,05
37:24:00	49	12,15	4,05
37:25:00	49	12,15	4,05
37:26:00	49	12,15	4,05
37:27:00	49	12,15	4,05
37:28:00	49	12,15	4,05
37:29:00	49	12,15	4,05
37:30:00	49	12,15	4,05
37:31:00	49	12,15	4,05
37:32:00	49	12,15	4,05
37:33:00	49	12,15	4,05
37:34:00	49	12,15	4,05
37:35:00	49	12,15	4,05
37:36:00	49	12,15	4,05
37:37:00	49	12,15	4,05
37:38:00	49	12,15	4,06
37:39:00	49	12,15	4,06
37:40:00	49	12,15	4,06
37:41:00	49	12,15	4,06
37:42:00	49	12,15	4,06
37:43:00	49	12,15	4,06
37:44:00	49	12,15	4,06
37:45:00	49	12,15	4,06
37:46:00	49	12,15	4,06
37:47:00	49	12,15	4,06
37:48:00	49	12,15	4,06
37:49:00	49	12,15	4,06
37:50:00	49	12,15	4,06
37:51:00	49	12,14	4,08
37:52:00	49	12,14	4,08
37:53:00	49	12,14	4,08
37:54:00	49	12,14	4,08
37:55:00	49	12,15	4,06
37:56:00	49	12,14	4,08
37:57:00	49	12,15	4,06
37:58:00	49	12,14	4,08
37:59:00	48	12,14	4,08
38:00:00	49	12,14	4,08
38:01:00	49	12,14	4,08
38:02:00	49	12,14	4,08
38:03:00	49	12,15	4,06
38:04:00	49	12,15	4,06
38:05:00	49	12,14	4,08
38:06:00	49	12,14	4,08
38:07:00	49	12,14	4,08
38:08:00	49	12,15	4,06
38:09:00	49	12,14	4,08
38:10:00	49	12,14	4,08
38:11:00	49	12,14	4,08
38:12:00	49	12,14	4,08
38:13:00	49	12,15	4,06
38:14:00	49	12,14	4,08
38:15:00	49	12,14	4,08
38:16:00	49	12,14	4,08
38:17:00	49	12,14	4,08
38:18:00	49	12,14	4,08
38:19:00	49	12,14	4,08
38:20:00	49	12,14	4,08
38:21:00	49	12,14	4,08
38:22:00	49	12,14	4,08
38:23:00	49	12,15	4,06
38:24:00	49	12,13	4,09
38:25:00	49	12,13	4,09
38:26:00	49	12,13	4,09
38:27:00	49	12,13	4,09
38:28:00	49	12,13	4,09
38:29:00	49	12,13	4,09
38:30:00	49	12,13	4,09
38:31:00	49	12,13	4,09
38:32:00	49	12,13	4,09
38:33:00	49	12,13	4,09
38:34:00	49	12,13	4,09
38:35:00	49	12,13	4,09
38:36:00	49	12,13	4,09
38:37:00	49	12,13	4,09
38:38:00	49	12,13	4,09
38:39:00	49	12,13	4,11
38:40:00	49	12,13	4,11
38:41:00	49	12,13	4,11
38:42:00	49	12,13	4,11
38:43:00	49	12,13	4,11
38:44:00	49	12,13	4,11
38:45:00	49	12,13	4,11
38:46:00	49	12,13	4,11
38:47:00	49	12,13	4,11
38:48:00	49	12,13	4,11
38:49:00	49	12,13	4,11
38:50:00	49	12,13	4,11
38:51:00	49	12,13	4,11
38:52:00	49	12,13	4,11
38:53:00	49	12,13	4,11
38:54:00	49	12,13	4,11
38:55:00	49	12,13	4,11
38:56:00	49	12,13	4,11
38:57:00	49	12,13	4,11
38:58:00	49	12,13	4,11
38:59:00	49	12,13	4,11
39:00:00	49	12,13	4,11
39:01:00	49	12,13	4,11
39:02:00	49	12,13	4,11
39:03:00	49	12,13	4,11
39:04:00	49	12,13	4,11
39:05:00	49	12,13	4,11
39:06:00	49	12,13	4,11
39:07:00	49	12,13	4,11
39:08:00	49	12,13	4,11
39:09:00	49	12,13	4,11
39:10:00	49	12,13	4,11
39:11:00	49	12,13	4,11
39:12:00	49	12,13	4,11
39:13:00	49	12,12	4,12
39:14:00	49	12,12	4,12
39:15:00	49	12,12	4,12
39:16:00	49	12,12	4,12
39:17:00	49	12,12	4,12
39:18:00	49	12,12	4,12
39:19:00	49	12,12	4,12
39:20:00	49	12,12	4,12
39:21:00	49	12,12	4,12
39:22:00	49	12,12	4,12
39:23:00	49	12,12	4,12
39:24:00	49	12,12	4,12
39:25:00	49	12,12	4,12
39:26:00	49	12,12	4,12
39:27:00	49	12,12	4,12
39:28:00	49	12,11	4,14
39:29:00	49	12,12	4,12
39:30:00	49	12,11	4,14
39:31:00	49	12,11	4,14
39:32:00	49	12,11	4,14
39:33:00	49	12,11	4,14
39:34:00	49	12,11	4,14
39:35:00	49	12,11	4,14
39:36:00	49	12,11	4,14
39:37:00	49	12,11	4,14
39:38:00	49	12,11	4,14
39:39:00	49	12,11	4,14
39:40:00	49	12,11	4,14
39:41:00	49	12,11	4,14
39:42:00	49	12,11	4,14
39:43:00	49	12,11	4,14
39:44:00	49	12,11	4,14
39:45:00	49	12,11	4,14
39:46:00	49	12,11	4,14
39:47:00	49	12,11	4,14
39:48:00	49	12,11	4,14
39:49:00	49	12,11	4,14
39:50:00	49	12,11	4,14
39:51:00	49	12,11	4,14
39:52:00	49	12,11	4,14
39:53:00	49	12,11	4,14
39:54:00	49	12,11	4,14
39:55:00	49	12,11	4,14
39:56:00	49	12,11	4,14
39:57:00	49	12,11	4,14
39:58:00	49	12,11	4,14
39:59:00	49	12,11	4,14
40:00:00	49	12,11	4,14
40:01:00	49	12,11	4,14
40:02:00	49	12,11	4,14
40:03:00	49	12,11	4,14
40:04:00	49	12,10	4,15
40:05:00	49	12,10	4,15
40:06:00	49	12,10	4,15
40:07:00	49	12,10	4,15
40:08:00	49	12,10	4,15
40:09:00	49	12,10	4,15
40:10:00	49	12,10	4,15
40:11:00	49	12,10	4,15
40:12:00	49	12,10	4,15
40:13:00	49	12,10	4,15
40:14:00	49	12,10	4,15
40:15:00	49	12,10	4,15
40:16:00	49	12,10	4,15
40:17:00	49	12,10	4,15
40:18:00	49	12,10	4,15
40:19:00	49	12,10	4,15
40:20:00	49	12,10	4,15
40:21:00	49	12,10	4,15
40:22:00	49	12,10	4,15
40:23:00	49	12,10	4,15
40:24:00	49	12,10	4,15
40:25:00	49	12,10	4,15
40:26:00	49	12,10	4,15
40:27:00	49	12,09	4,17
40:28:00	49	12,10	4,15
40:29:00	49	12,09	4,17
40:30:00	49	12,09	4,17
40:31:00	49	12,09	4,17
40:32:00	49	12,09	4,17
40:33:00	49	12,09	4,17
40:34:00	49	12,09	4,17
40:35:00	49	12,09	4,17
40:36:00	49	12,09	4,17
40:37:00	49	12,09	4,17
40:38:00	49	12,09	4,17
40:39:00	49	12,09	4,17
40:40:00	49	12,09	4,17
40:41:00	49	12,09	4,17
40:42:00	49	12,09	4,17
40:43:00	49	12,09	4,17
40:44:00	49	12,09	4,17
40:45:00	49	12,09	4,17
40:46:00	49	12,09	4,17
40:47:00	49	12,09	4,17
40:48:00	49	12,09	4,17
40:49:00	49	12,09	4,17
40:50:00	49	12,09	4,17
40:51:00	49	12,09	4,17
40:52:00	49	12,09	4,17
40:53:00	49	12,09	4,17
40:54:00	49	12,09	4,17
40:55:00	49	12,09	4,17
40:56:00	49	12,09	4,17
40:57:00	49	12,09	4,17
40:58:00	49	12,09	4,17
40:59:00	49	12,09	4,17
41:00:00	49	12,09	4,17
41:01:00	49	12,09	4,17
41:02:00	49	12,09	4,17
41:03:00	49	12,09	4,17
41:04:00	49	12,09	4,18
41:05:00	49	12,09	4,18
41:06:00	49	12,09	4,18
41:07:00	49	12,09	4,18
41:08:00	49	12,09	4,18
41:09:00	49	12,09	4,18
41:10:00	49	12,09	4,18
41:11:00	49	12,09	4,18
41:12:00	49	12,09	4,18
41:13:00	49	12,09	4,18
41:14:00	49	12,08	4,20
41:15:00	49	12,08	4,20
41:16:00	49	12,09	4,18
41:17:00	49	12,09	4,18
41:18:00	49	12,09	4,18
41:19:00	49	12,09	4,18
41:20:00	49	12,09	4,18
41:21:00	49	12,08	4,20
41:22:00	49	12,09	4,18
41:23:00	49	12,09	4,18
41:24:00	49	12,09	4,18
41:25:00	49	12,09	4,18
41:26:00	49	12,09	4,18
41:27:00	49	12,09	4,18
41:28:00	49	12,08	4,20
41:29:00	49	12,09	4,18
41:30:00	49	12,08	4,20
41:31:00	49	12,08	4,20
41:32:00	49	12,08	4,20
41:33:00	49	12,08	4,20
41:34:00	49	12,08	4,20
41:35:00	49	12,08	4,20
41:36:00	49	12,08	4,20
41:37:00	49	12,08	4,20
41:38:00	49	12,08	4,20
41:39:00	49	12,08	4,20
41:40:00	49	12,08	4,20
41:41:00	49	12,08	4,20
41:42:00	49	12,08	4,20
41:43:00	49	12,08	4,20
41:44:00	49	12,08	4,20
41:45:00	49	12,08	4,20
41:46:00	49	12,08	4,20
41:47:00	49	12,08	4,20
41:48:00	49	12,08	4,20
41:49:00	49	12,08	4,20
41:50:00	49	12,08	4,20
41:51:00	49	12,08	4,20
41:52:00	49	12,08	4,20
41:53:00	49	12,08	4,20
41:54:00	49	12,08	4,20
41:55:00	49	12,08	4,20
41:56:00	49	12,08	4,20
41:57:00	49	12,08	4,20
41:58:00	49	12,08	4,20
41:59:00	49	12,07	4,21
42:00:00	49	12,08	4,20
42:01:00	49	12,07	4,21
42:02:00	49	12,07	4,21
42:03:00	49	12,08	4,20
42:04:00	49	12,08	4,20
42:05:00	49	12,08	4,20
42:06:00	49	12,08	4,20
42:07:00	49	12,07	4,21
42:08:00	49	12,08	4,20
42:09:00	49	12,08	4,20
42:10:00	49	12,08	4,20
42:11:00	49	12,07	4,21
42:12:00	49	12,07	4,21
42:13:00	49	12,06	4,23
42:14:00	49	12,07	4,21
42:15:00	49	12,06	4,23
42:16:00	49	12,07	4,21
42:17:00	49	12,06	4,23
42:18:00	49	12,06	4,23
42:19:00	49	12,07	4,21
42:20:00	49	12,06	4,23
42:21:00	49	12,06	4,23
42:22:00	49	12,06	4,23
42:23:00	49	12,06	4,23
42:24:00	49	12,06	4,23
42:25:00	49	12,06	4,23
42:26:00	49	12,06	4,23
42:27:00	49	12,06	4,23
42:28:00	49	12,06	4,23
42:29:00	49	12,06	4,23
42:30:00	49	12,06	4,23
42:31:00	49	12,06	4,23
42:32:00	49	12,06	4,23
42:33:00	49	12,06	4,23
42:34:00	49	12,06	4,23
42:35:00	49	12,06	4,23
42:36:00	49	12,06	4,23
42:37:00	49	12,06	4,23
42:38:00	49	12,06	4,23
42:39:00	49	12,06	4,23
42:40:00	49	12,06	4,23
42:41:00	49	12,06	4,23
42:42:00	49	12,06	4,23
42:43:00	49	12,06	4,23
42:44:00	49	12,06	4,24
42:45:00	49	12,06	4,23
42:46:00	49	12,06	4,23
42:47:00	49	12,06	4,24
42:48:00	49	12,06	4,24
42:49:00	49	12,06	4,24
42:50:00	49	12,06	4,24
42:51:00	49	12,06	4,24
42:52:00	49	12,06	4,24
42:53:00	49	12,06	4,24
42:54:00	49	12,06	4,24
42:55:00	49	12,06	4,24
42:56:00	49	12,06	4,24
42:57:00	49	12,06	4,24
42:58:00	49	12,06	4,24
42:59:00	49	12,06	4,24
43:00:00	49	12,06	4,24
43:01:00	49	12,06	4,24
43:02:00	49	12,06	4,24
43:03:00	49	12,06	4,24
43:04:00	49	12,06	4,24
43:05:00	49	12,06	4,24
43:06:00	49	12,06	4,24
43:07:00	49	12,06	4,24
43:08:00	49	12,06	4,24
43:09:00	49	12,06	4,24
43:10:00	49	12,06	4,24
43:11:00	49	12,06	4,24
43:12:00	49	12,06	4,24
43:13:00	49	12,06	4,24
43:14:00	49	12,06	4,24
43:15:00	49	12,06	4,24
43:16:00	49	12,06	4,24
43:17:00	49	12,06	4,24
43:18:00	49	12,06	4,24
43:19:00	49	12,06	4,24
43:20:00	49	12,06	4,24
43:21:00	49	12,06	4,24
43:22:00	49	12,06	4,24
43:23:00	49	12,05	4,26
43:24:00	49	12,05	4,26
43:25:00	49	12,05	4,26
43:26:00	49	12,05	4,26
43:27:00	49	12,05	4,26
43:28:00	49	12,05	4,26
43:29:00	49	12,05	4,26
43:30:00	49	12,05	4,26
43:31:00	49	12,05	4,26
43:32:00	49	12,05	4,26
43:33:00	49	12,05	4,26
43:34:00	49	12,05	4,26
43:35:00	49	12,05	4,26
43:36:00	49	12,05	4,26
43:37:00	49	12,05	4,26
43:38:00	49	12,05	4,26
43:39:00	49	12,05	4,26
43:40:00	49	12,05	4,26
43:41:00	49	12,05	4,26
43:42:00	49	12,05	4,26
43:43:00	49	12,05	4,26
43:44:00	49	12,05	4,26
43:45:00	49	12,05	4,26
43:46:00	49	12,04	4,27
43:47:00	49	12,04	4,27
43:48:00	49	12,04	4,27
43:49:00	49	12,04	4,27
43:50:00	49	12,04	4,27
43:51:00	49	12,04	4,27
43:52:00	49	12,04	4,27
43:53:00	49	12,04	4,27
43:54:00	49	12,04	4,27
43:55:00	49	12,04	4,27
43:56:00	49	12,04	4,27
43:57:00	49	12,04	4,27
43:58:00	49	12,04	4,27
43:59:00	49	12,04	4,27
44:00:00	49	12,04	4,27
44:01:00	49	12,04	4,27
44:02:00	49	12,04	4,27
44:03:00	49	12,04	4,27
44:04:00	49	12,04	4,27
44:05:00	49	12,04	4,29
44:06:00	49	12,04	4,27
44:07:00	49	12,04	4,27
44:08:00	49	12,04	4,27
44:09:00	49	12,04	4,29
44:10:00	49	12,04	4,27
44:11:00	49	12,04	4,27
44:12:00	49	12,04	4,27
44:13:00	49	12,04	4,27
44:14:00	49	12,04	4,27
44:15:00	49	12,04	4,29
44:16:00	49	12,04	4,29
44:17:00	49	12,04	4,29
44:18:00	49	12,04	4,27
44:19:00	49	12,04	4,29
44:20:00	49	12,04	4,29
44:21:00	49	12,04	4,27
44:22:00	49	12,04	4,27
44:23:00	49	12,04	4,29
44:24:00	49	12,04	4,29
44:25:00	49	12,04	4,29
44:26:00	49	12,04	4,29
44:27:00	49	12,04	4,29
44:28:00	49	12,04	4,29
44:29:00	49	12,04	4,29
44:30:00	49	12,04	4,27
44:31:00	49	12,04	4,29
44:32:00	49	12,04	4,29
44:33:00	49	12,04	4,29
44:34:00	49	12,04	4,29
44:35:00	49	12,04	4,29
44:36:00	49	12,04	4,29
44:37:00	49	12,04	4,29
44:38:00	49	12,04	4,29
44:39:00	49	12,04	4,29
44:40:00	49	12,04	4,29
44:41:00	49	12,04	4,27
44:42:00	49	12,04	4,27
44:43:00	49	12,04	4,29
44:44:00	49	12,04	4,29
44:45:00	49	12,03	4,31
44:46:00	49	12,03	4,31
44:47:00	49	12,03	4,31
44:48:00	49	12,03	4,31
44:49:00	49	12,03	4,31
44:50:00	49	12,03	4,31
44:51:00	49	12,03	4,31
44:52:00	49	12,03	4,31
44:53:00	49	12,03	4,31
44:54:00	49	12,03	4,31
44:55:00	49	12,03	4,31
44:56:00	49	12,03	4,31
44:57:00	49	12,03	4,31
44:58:00	49	12,03	4,31
44:59:00	49	12,03	4,31
45:00:00	49	12,03	4,31
45:01:00	49	12,03	4,31
45:02:00	49	12,03	4,31
45:03:00	49	12,03	4,31
45:04:00	49	12,03	4,31
45:05:00	49	12,03	4,31
45:06:00	49	12,03	4,31
45:07:00	49	12,03	4,31
45:08:00	49	12,03	4,31
45:09:00	49	12,02	4,32
45:10:00	49	12,03	4,31
45:11:00	49	12,03	4,31
45:12:00	49	12,03	4,31
45:13:00	49	12,03	4,31
45:14:00	49	12,03	4,31
45:15:00	49	12,02	4,32
45:16:00	49	12,03	4,31
45:17:00	49	12,02	4,32
45:18:00	49	12,02	4,32
45:19:00	49	12,02	4,32
45:20:00	49	12,02	4,32
45:21:00	49	12,02	4,32
45:22:00	49	12,02	4,32
45:23:00	49	12,02	4,32
45:24:00	49	12,02	4,32
45:25:00	49	12,02	4,32
45:26:00	49	12,02	4,32
45:27:00	49	12,02	4,32
45:28:00	49	12,02	4,32
45:29:00	49	12,02	4,32
45:30:00	49	12,02	4,32
45:31:00	49	12,02	4,32
45:32:00	49	12,02	4,32
45:33:00	49	12,02	4,32
45:34:00	49	12,02	4,32
45:35:00	49	12,02	4,32
45:36:00	49	12,02	4,32
45:37:00	49	12,01	4,34
45:38:00	49	12,02	4,32
45:39:00	49	12,02	4,32
45:40:00	49	12,02	4,32
45:41:00	49	12,02	4,32
45:42:00	49	12,01	4,34
45:43:00	49	12,02	4,32
45:44:00	49	12,01	4,34
45:45:00	49	12,01	4,34
45:46:00	49	12,02	4,32
45:47:00	49	12,02	4,32
45:48:00	49	12,02	4,32
45:49:00	49	12,02	4,32
45:50:00	49	12,01	4,34
45:51:00	49	12,02	4,32
45:52:00	49	12,02	4,32
45:53:00	49	12,01	4,34
45:54:00	49	12,02	4,32
45:55:00	49	12,02	4,32
45:56:00	49	12,02	4,32
45:57:00	49	12,02	4,32
45:58:00	49	12,02	4,32
45:59:00	49	12,02	4,32
46:00:00	49	12,02	4,32
46:01:00	49	12,02	4,32
46:02:00	49	12,02	4,32
46:03:00	49	12,02	4,32
46:04:00	49	12,02	4,32
46:05:00	49	12,02	4,32
46:06:00	49	12,02	4,32
46:07:00	49	12,02	4,32
46:08:00	49	12,01	4,34
46:09:00	49	12,01	4,34
46:10:00	49	12,01	4,34
46:11:00	49	12,01	4,34
46:12:00	49	12,01	4,34
46:13:00	49	12,01	4,34
46:14:00	49	12,01	4,34
46:15:00	49	12,01	4,34
46:16:00	49	12,01	4,34
46:17:00	49	12,01	4,34
46:18:00	49	12,01	4,34
46:19:00	49	12,00	4,35
46:20:00	49	12,01	4,34
46:21:00	49	12,01	4,34
46:22:00	49	12,00	4,35
46:23:00	49	12,00	4,35
46:24:00	49	12,01	4,34
46:25:00	49	12,00	4,35
46:26:00	49	12,00	4,35
46:27:00	49	12,01	4,34
46:28:00	49	12,00	4,35
46:29:00	49	12,00	4,35
46:30:00	49	12,01	4,34
46:31:00	49	12,00	4,35
46:32:00	49	12,00	4,35
46:33:00	49	12,00	4,35
46:34:00	49	12,00	4,35
46:35:00	49	12,00	4,35
46:36:00	49	12,00	4,35
46:37:00	49	12,00	4,35
46:38:00	49	12,00	4,35
46:39:00	49	12,00	4,35
46:40:00	49	12,00	4,35
46:41:00	49	12,00	4,35
46:42:00	49	12,00	4,35
46:43:00	49	12,00	4,35
46:44:00	49	12,00	4,35
46:45:00	49	12,00	4,35
46:46:00	49	12,00	4,35
46:47:00	49	12,00	4,35
46:48:00	49	12,00	4,35
46:49:00	49	12,00	4,35
46:50:00	49	12,00	4,35
46:51:00	49	12,00	4,35
46:52:00	49	12,00	4,35
46:53:00	49	12,00	4,35
46:54:00	49	12,00	4,35
46:55:00	49	12,00	4,35
46:56:00	49	12,00	4,35
46:57:00	49	12,00	4,35
46:58:00	49	12,00	4,35
46:59:00	49	12,00	4,35
47:00:00	49	12,00	4,37
47:01:00	49	12,00	4,37
47:02:00	49	12,00	4,37
47:03:00	49	12,00	4,37
47:04:00	49	12,00	4,37
47:05:00	49	12,00	4,37
47:06:00	49	12,00	4,37
47:07:00	49	12,00	4,37
47:08:00	49	12,00	4,37
47:09:00	49	12,00	4,37
47:10:00	49	12,00	4,37
47:11:00	49	12,00	4,37
47:12:00	49	12,00	4,37
47:13:00	49	12,00	4,37
47:14:00	49	12,00	4,37
47:15:00	49	12,00	4,37
47:16:00	49	12,00	4,37
47:17:00	49	12,00	4,37
47:18:00	49	12,00	4,37
47:19:00	49	12,00	4,37
47:20:00	49	12,00	4,37
47:21:00	49	12,00	4,37
47:22:00	49	12,00	4,37
47:23:00	49	12,00	4,37
47:24:00	49	12,00	4,37
47:25:00	49	12,00	4,37
47:26:00	49	12,00	4,37
47:27:00	49	12,00	4,37
47:28:00	49	12,00	4,37
47:29:00	49	12,00	4,37
47:30:00	49	12,00	4,37
47:31:00	49	12,00	4,37
47:32:00	49	12,00	4,37
47:33:00	49	12,00	4,37
47:34:00	49	12,00	4,37
47:35:00	49	12,00	4,37
47:36:00	49	12,00	4,37
47:37:00	49	12,00	4,37
47:38:00	49	12,00	4,37
47:39:00	49	12,00	4,37
47:40:00	49	12,00	4,37
47:41:00	49	12,00	4,37
47:42:00	49	12,00	4,35
47:43:00	49	11,99	4,38
47:44:00	49	11,99	4,38
47:45:00	49	11,99	4,38
47:46:00	49	11,99	4,38
47:47:00	49	11,99	4,38
47:48:00	49	11,99	4,38
47:49:00	49	11,99	4,38
47:50:00	49	11,99	4,38
47:51:00	49	11,99	4,38
47:52:00	49	11,99	4,38
47:53:00	49	11,99	4,38
47:54:00	49	11,99	4,38
47:55:00	49	11,99	4,38
47:56:00	49	11,99	4,38
47:57:00	49	11,99	4,38
47:58:00	49	11,99	4,38
47:59:00	49	11,99	4,38
48:00:00	49	11,99	4,38
48:01:00	49	11,99	4,38
48:02:00	49	11,99	4,38
48:03:00	49	11,99	4,38
48:04:00	49	11,99	4,38
48:05:00	49	11,99	4,38
48:06:00	49	11,99	4,38
48:07:00	49	11,99	4,38
48:08:00	49	11,99	4,38
48:09:00	49	11,99	4,38
48:10:00	49	11,98	4,40
48:11:00	49	11,99	4,38
48:12:00	49	11,98	4,40
48:13:00	49	11,99	4,38
48:14:00	49	11,98	4,40
48:15:00	49	11,98	4,40
48:16:00	49	11,98	4,40
