--Test Summary--
Full Path and File Name	
Instrument Name	4262R
Instrument Type	Model 4262 Twin Cell UCA
Instrument Serial Number	111R
Test Start Date	19.01.2007
Test Start Time	17:32:44
Test Stop Date	22.01.2007
Test Stop Time	11:15:11
Test Length	65:42:27
Final Sample Time Offset	65:42:00
Controller Schedule Name	
Sampling Period	60 seconds
Comments	T: 62(80), 80(240)
Information	WellID	Lam 13-B
Information	Customer	Dragon
Information	CementClass	PCT-I-G
Information	CementMfr	Dykerhoff
Information	Additives	2gpsLX-200+0.5%RPM+0.1%LTR-100
Information	Density	1940
Information	BHCT	62
Information	BHST	80
Information	FluidLoss	
Information	JobType	177,8 mm Liner 
Calculated Value	CS_50	39:41:00
Calculated Value	CS_500	44:44:00
Calculated Value	CS_Time8h	0,00 MPa
Calculated Value	CS_Time16h	0,00 MPa
Calculated Value	CS_Time24h	0,00 MPa
Calculated Value	CS_Time48h	8,15 MPa
Calculated Value	CS_Time72h	N/A
Calculated Curve	Compressive Strength	Compressive strength type A (less than 14 lb/gal)
Initial Temperature (°C)	28 °C
Final Temperature (°C)	79 °C
Initial Transit Time (microsec/in)	16,29 microsec/in
Final Transit Time (microsec/in)	9,60 microsec/in
Initial Compressive Strength (MPa)	0,00 MPa
Final Compressive Strength (MPa)	13,92 MPa
--Data--
Time (HH:MM:SS)	Temperature (°C)	Transit Time (microsec/in)	Compressive Strength (MPa)
0:00:00	28	16,29	0,00
0:01:00	28	16,32	0,00
0:02:00	28	16,35	0,00
0:03:00	28	16,36	0,00
0:04:00	28	16,38	0,00
0:05:00	29	16,38	0,00
0:06:00	29	16,39	0,00
0:07:00	29	16,39	0,00
0:08:00	30	16,40	0,00
0:09:00	30	16,34	0,00
0:10:00	31	16,33	0,00
0:11:00	31	16,35	0,00
0:12:00	31	16,35	0,00
0:13:00	31	16,34	0,00
0:14:00	32	16,34	0,00
0:15:00	32	16,34	0,00
0:16:00	33	16,34	0,00
0:17:00	33	16,33	0,00
0:18:00	34	16,33	0,00
0:19:00	34	16,33	0,00
0:20:00	35	16,33	0,00
0:21:00	35	16,33	0,00
0:22:00	36	16,32	0,00
0:23:00	36	16,32	0,00
0:24:00	36	16,32	0,00
0:25:00	37	16,32	0,00
0:26:00	37	16,32	0,00
0:27:00	38	16,31	0,00
0:28:00	38	16,32	0,00
0:29:00	39	16,32	0,00
0:30:00	39	16,32	0,00
0:31:00	40	16,32	0,00
0:32:00	40	16,33	0,00
0:33:00	41	16,33	0,00
0:34:00	41	16,34	0,00
0:35:00	42	16,34	0,00
0:36:00	42	16,35	0,00
0:37:00	43	16,35	0,00
0:38:00	43	16,35	0,00
0:39:00	44	16,37	0,00
0:40:00	44	16,36	0,00
0:41:00	44	16,36	0,00
0:42:00	45	16,37	0,00
0:43:00	46	16,38	0,00
0:44:00	46	16,39	0,00
0:45:00	46	16,38	0,00
0:46:00	47	16,38	0,00
0:47:00	47	16,40	0,00
0:48:00	47	16,39	0,00
0:49:00	48	16,41	0,00
0:50:00	48	16,41	0,00
0:51:00	49	16,41	0,00
0:52:00	49	16,40	0,00
0:53:00	49	16,43	0,00
0:54:00	50	16,45	0,00
0:55:00	50	16,44	0,00
0:56:00	51	16,44	0,00
0:57:00	51	16,45	0,00
0:58:00	52	16,45	0,00
0:59:00	52	16,45	0,00
1:00:00	52	16,45	0,00
1:01:00	53	16,46	0,00
1:02:00	53	16,47	0,00
1:03:00	54	16,47	0,00
1:04:00	54	16,47	0,00
1:05:00	55	16,47	0,00
1:06:00	55	16,47	0,00
1:07:00	55	16,49	0,00
1:08:00	56	16,49	0,00
1:09:00	56	16,51	0,00
1:10:00	56	16,50	0,00
1:11:00	57	16,50	0,00
1:12:00	57	16,52	0,00
1:13:00	58	16,52	0,00
1:14:00	58	16,54	0,00
1:15:00	59	16,54	0,00
1:16:00	59	16,53	0,00
1:17:00	59	16,55	0,00
1:18:00	60	16,53	0,00
1:19:00	61	16,56	0,00
1:20:00	61	16,57	0,00
1:21:00	61	16,57	0,00
1:22:00	62	16,57	0,00
1:23:00	61	16,58	0,00
1:24:00	62	16,57	0,00
1:25:00	62	16,59	0,00
1:26:00	62	16,60	0,00
1:27:00	62	16,59	0,00
1:28:00	63	16,59	0,00
1:29:00	63	16,62	0,00
1:30:00	63	16,61	0,00
1:31:00	63	16,63	0,00
1:32:00	63	16,63	0,00
1:33:00	63	16,65	0,00
1:34:00	63	16,65	0,00
1:35:00	63	16,65	0,00
1:36:00	63	16,66	0,00
1:37:00	63	16,65	0,00
1:38:00	63	16,65	0,00
1:39:00	63	16,66	0,00
1:40:00	63	16,65	0,00
1:41:00	63	16,66	0,00
1:42:00	63	16,66	0,00
1:43:00	63	16,65	0,00
1:44:00	63	16,65	0,00
1:45:00	64	16,67	0,00
1:46:00	63	16,67	0,00
1:47:00	64	16,67	0,00
1:48:00	64	16,68	0,00
1:49:00	64	16,67	0,00
1:50:00	64	16,67	0,00
1:51:00	64	16,67	0,00
1:52:00	64	16,67	0,00
1:53:00	64	16,68	0,00
1:54:00	64	16,68	0,00
1:55:00	64	16,68	0,00
1:56:00	64	16,68	0,00
1:57:00	64	16,68	0,00
1:58:00	64	16,68	0,00
1:59:00	64	16,68	0,00
2:00:00	64	16,68	0,00
2:01:00	64	16,68	0,00
2:02:00	64	16,68	0,00
2:03:00	65	16,68	0,00
2:04:00	64	16,68	0,00
2:05:00	64	16,68	0,00
2:06:00	64	16,68	0,00
2:07:00	64	16,68	0,00
2:08:00	64	16,68	0,00
2:09:00	65	16,68	0,00
2:10:00	65	16,68	0,00
2:11:00	65	16,68	0,00
2:12:00	65	16,68	0,00
2:13:00	65	16,68	0,00
2:14:00	65	16,70	0,00
2:15:00	65	16,69	0,00
2:16:00	65	16,69	0,00
2:17:00	65	16,69	0,00
2:18:00	65	16,69	0,00
2:19:00	65	16,70	0,00
2:20:00	65	16,70	0,00
2:21:00	65	16,69	0,00
2:22:00	65	16,71	0,00
2:23:00	66	16,69	0,00
2:24:00	65	16,71	0,00
2:25:00	66	16,71	0,00
2:26:00	66	16,70	0,00
2:27:00	66	16,70	0,00
2:28:00	66	16,70	0,00
2:29:00	66	16,71	0,00
2:30:00	66	16,71	0,00
2:31:00	66	16,71	0,00
2:32:00	66	16,71	0,00
2:33:00	66	16,71	0,00
2:34:00	66	16,72	0,00
2:35:00	66	16,71	0,00
2:36:00	66	16,71	0,00
2:37:00	66	16,71	0,00
2:38:00	67	16,71	0,00
2:39:00	67	16,72	0,00
2:40:00	67	16,71	0,00
2:41:00	67	16,71	0,00
2:42:00	67	16,73	0,00
2:43:00	67	16,73	0,00
2:44:00	67	16,73	0,00
2:45:00	67	16,74	0,00
2:46:00	67	16,73	0,00
2:47:00	67	16,73	0,00
2:48:00	68	16,73	0,00
2:49:00	67	16,73	0,00
2:50:00	67	16,72	0,00
2:51:00	67	16,74	0,00
2:52:00	68	16,74	0,00
2:53:00	68	16,75	0,00
2:54:00	68	16,75	0,00
2:55:00	68	16,72	0,00
2:56:00	68	16,73	0,00
2:57:00	68	16,73	0,00
2:58:00	68	16,73	0,00
2:59:00	68	16,73	0,00
3:00:00	68	16,74	0,00
3:01:00	68	16,74	0,00
3:02:00	68	16,74	0,00
3:03:00	68	16,75	0,00
3:04:00	68	16,76	0,00
3:05:00	69	16,75	0,00
3:06:00	69	16,75	0,00
3:07:00	68	16,75	0,00
3:08:00	69	16,76	0,00
3:09:00	69	16,76	0,00
3:10:00	69	16,77	0,00
3:11:00	69	16,78	0,00
3:12:00	69	16,77	0,00
3:13:00	69	16,77	0,00
3:14:00	69	16,78	0,00
3:15:00	70	16,77	0,00
3:16:00	69	16,78	0,00
3:17:00	69	16,79	0,00
3:18:00	69	16,79	0,00
3:19:00	70	16,79	0,00
3:20:00	70	16,79	0,00
3:21:00	70	16,79	0,00
3:22:00	70	16,78	0,00
3:23:00	70	16,78	0,00
3:24:00	70	16,79	0,00
3:25:00	70	16,78	0,00
3:26:00	70	16,79	0,00
3:27:00	70	16,80	0,00
3:28:00	70	16,80	0,00
3:29:00	70	16,80	0,00
3:30:00	70	16,80	0,00
3:31:00	70	16,81	0,00
3:32:00	71	16,80	0,00
3:33:00	71	16,81	0,00
3:34:00	71	16,81	0,00
3:35:00	71	16,81	0,00
3:36:00	71	16,81	0,00
3:37:00	71	16,81	0,00
3:38:00	71	16,82	0,00
3:39:00	71	16,83	0,00
3:40:00	71	16,82	0,00
3:41:00	71	16,81	0,00
3:42:00	71	16,83	0,00
3:43:00	71	16,83	0,00
3:44:00	71	16,83	0,00
3:45:00	71	16,82	0,00
3:46:00	72	16,83	0,00
3:47:00	72	16,83	0,00
3:48:00	72	16,84	0,00
3:49:00	71	16,83	0,00
3:50:00	72	16,83	0,00
3:51:00	72	16,84	0,00
3:52:00	72	16,84	0,00
3:53:00	72	16,84	0,00
3:54:00	72	16,86	0,00
3:55:00	72	16,86	0,00
3:56:00	72	16,86	0,00
3:57:00	72	16,86	0,00
3:58:00	73	16,86	0,00
3:59:00	72	16,86	0,00
4:00:00	73	16,86	0,00
4:01:00	73	16,85	0,00
4:02:00	73	16,86	0,00
4:03:00	73	16,88	0,00
4:04:00	73	16,87	0,00
4:05:00	73	16,89	0,00
4:06:00	73	16,87	0,00
4:07:00	73	16,89	0,00
4:08:00	73	16,90	0,00
4:09:00	73	16,89	0,00
4:10:00	73	16,89	0,00
4:11:00	73	16,90	0,00
4:12:00	73	16,89	0,00
4:13:00	73	16,89	0,00
4:14:00	74	16,89	0,00
4:15:00	74	16,90	0,00
4:16:00	74	16,89	0,00
4:17:00	74	16,91	0,00
4:18:00	74	16,91	0,00
4:19:00	74	16,91	0,00
4:20:00	74	16,92	0,00
4:21:00	74	16,91	0,00
4:22:00	74	16,91	0,00
4:23:00	74	16,91	0,00
4:24:00	74	16,89	0,00
4:25:00	75	16,90	0,00
4:26:00	74	16,91	0,00
4:27:00	74	16,91	0,00
4:28:00	75	16,92	0,00
4:29:00	75	16,90	0,00
4:30:00	75	16,92	0,00
4:31:00	75	16,92	0,00
4:32:00	75	16,92	0,00
4:33:00	75	16,92	0,00
4:34:00	75	16,93	0,00
4:35:00	76	16,93	0,00
4:36:00	76	16,93	0,00
4:37:00	75	16,93	0,00
4:38:00	75	16,93	0,00
4:39:00	76	16,93	0,00
4:40:00	76	16,93	0,00
4:41:00	76	16,93	0,00
4:42:00	76	16,93	0,00
4:43:00	75	16,95	0,00
4:44:00	76	16,95	0,00
4:45:00	76	16,95	0,00
4:46:00	76	16,95	0,00
4:47:00	76	16,95	0,00
4:48:00	76	16,95	0,00
4:49:00	76	16,95	0,00
4:50:00	76	16,95	0,00
4:51:00	76	16,95	0,00
4:52:00	76	16,95	0,00
4:53:00	76	16,97	0,00
4:54:00	77	16,96	0,00
4:55:00	77	16,97	0,00
4:56:00	77	16,97	0,00
4:57:00	77	16,98	0,00
4:58:00	77	16,97	0,00
4:59:00	77	16,97	0,00
5:00:00	77	16,98	0,00
5:01:00	77	16,98	0,00
5:02:00	78	16,98	0,00
5:03:00	77	16,99	0,00
5:04:00	77	16,99	0,00
5:05:00	78	16,98	0,00
5:06:00	78	17,00	0,00
5:07:00	78	16,99	0,00
5:08:00	78	17,00	0,00
5:09:00	77	17,00	0,00
5:10:00	78	17,01	0,00
5:11:00	78	17,00	0,00
5:12:00	78	17,01	0,00
5:13:00	78	17,02	0,00
5:14:00	79	17,02	0,00
5:15:00	78	17,02	0,00
5:16:00	78	17,02	0,00
5:17:00	78	17,02	0,00
5:18:00	78	17,02	0,00
5:19:00	78	17,02	0,00
5:20:00	79	17,02	0,00
5:21:00	79	17,02	0,00
5:22:00	78	17,03	0,00
5:23:00	79	17,03	0,00
5:24:00	79	17,04	0,00
5:25:00	79	17,03	0,00
5:26:00	79	17,03	0,00
5:27:00	79	17,04	0,00
5:28:00	79	17,04	0,00
5:29:00	79	17,04	0,00
5:30:00	79	17,04	0,00
5:31:00	79	17,04	0,00
5:32:00	78	17,05	0,00
5:33:00	79	17,05	0,00
5:34:00	79	17,04	0,00
5:35:00	79	17,05	0,00
5:36:00	79	17,05	0,00
5:37:00	79	17,05	0,00
5:38:00	78	17,05	0,00
5:39:00	79	17,06	0,00
5:40:00	79	17,05	0,00
5:41:00	79	17,06	0,00
5:42:00	79	17,06	0,00
5:43:00	79	17,06	0,00
5:44:00	79	17,06	0,00
5:45:00	79	17,07	0,00
5:46:00	79	17,07	0,00
5:47:00	79	17,07	0,00
5:48:00	79	17,07	0,00
5:49:00	79	17,07	0,00
5:50:00	79	17,07	0,00
5:51:00	79	17,07	0,00
5:52:00	79	17,08	0,00
5:53:00	79	17,07	0,00
5:54:00	79	17,07	0,00
5:55:00	79	17,07	0,00
5:56:00	79	17,07	0,00
5:57:00	79	17,07	0,00
5:58:00	78	17,07	0,00
5:59:00	79	17,07	0,00
6:00:00	78	17,07	0,00
6:01:00	78	17,07	0,00
6:02:00	79	17,07	0,00
6:03:00	79	17,07	0,00
6:04:00	78	17,07	0,00
6:05:00	79	17,08	0,00
6:06:00	79	17,09	0,00
6:07:00	79	17,08	0,00
6:08:00	79	17,08	0,00
6:09:00	79	17,09	0,00
6:10:00	78	17,10	0,00
6:11:00	79	17,09	0,00
6:12:00	79	17,09	0,00
6:13:00	79	17,09	0,00
6:14:00	79	17,10	0,00
6:15:00	78	17,10	0,00
6:16:00	78	17,10	0,00
6:17:00	79	17,11	0,00
6:18:00	79	17,11	0,00
6:19:00	79	17,11	0,00
6:20:00	79	17,11	0,00
6:21:00	79	17,11	0,00
6:22:00	79	17,11	0,00
6:23:00	79	17,10	0,00
6:24:00	79	17,11	0,00
6:25:00	79	17,11	0,00
6:26:00	79	17,11	0,00
6:27:00	79	17,11	0,00
6:28:00	79	17,11	0,00
6:29:00	79	17,11	0,00
6:30:00	79	17,11	0,00
6:31:00	78	17,11	0,00
6:32:00	78	17,12	0,00
6:33:00	78	17,11	0,00
6:34:00	79	17,11	0,00
6:35:00	79	17,11	0,00
6:36:00	79	17,11	0,00
6:37:00	79	17,11	0,00
6:38:00	79	17,12	0,00
6:39:00	79	17,11	0,00
6:40:00	78	17,11	0,00
6:41:00	79	17,11	0,00
6:42:00	79	17,12	0,00
6:43:00	79	17,11	0,00
6:44:00	79	17,12	0,00
6:45:00	79	17,11	0,00
6:46:00	78	17,11	0,00
6:47:00	78	17,12	0,00
6:48:00	79	17,12	0,00
6:49:00	79	17,12	0,00
6:50:00	79	17,11	0,00
6:51:00	79	17,12	0,00
6:52:00	79	17,12	0,00
6:53:00	79	17,13	0,00
6:54:00	78	17,12	0,00
6:55:00	78	17,12	0,00
6:56:00	79	17,13	0,00
6:57:00	79	17,12	0,00
6:58:00	78	17,12	0,00
6:59:00	78	17,13	0,00
7:00:00	78	17,11	0,00
7:01:00	78	17,12	0,00
7:02:00	79	17,13	0,00
7:03:00	79	17,12	0,00
7:04:00	78	17,13	0,00
7:05:00	79	17,13	0,00
7:06:00	78	17,13	0,00
7:07:00	79	17,13	0,00
7:08:00	78	17,13	0,00
7:09:00	79	17,13	0,00
7:10:00	78	17,13	0,00
7:11:00	78	17,13	0,00
7:12:00	79	17,13	0,00
7:13:00	79	17,13	0,00
7:14:00	78	17,13	0,00
7:15:00	78	17,13	0,00
7:16:00	79	17,13	0,00
7:17:00	79	17,14	0,00
7:18:00	79	17,13	0,00
7:19:00	79	17,13	0,00
7:20:00	78	17,14	0,00
7:21:00	78	17,14	0,00
7:22:00	79	17,13	0,00
7:23:00	79	17,13	0,00
7:24:00	79	17,14	0,00
7:25:00	79	17,14	0,00
7:26:00	78	17,13	0,00
7:27:00	78	17,14	0,00
7:28:00	79	17,14	0,00
7:29:00	78	17,13	0,00
7:30:00	78	17,13	0,00
7:31:00	78	17,13	0,00
7:32:00	78	17,14	0,00
7:33:00	79	17,13	0,00
7:34:00	78	17,14	0,00
7:35:00	79	17,13	0,00
7:36:00	79	17,14	0,00
7:37:00	78	17,14	0,00
7:38:00	78	17,14	0,00
7:39:00	79	17,13	0,00
7:40:00	79	17,13	0,00
7:41:00	79	17,14	0,00
7:42:00	79	17,14	0,00
7:43:00	79	17,14	0,00
7:44:00	79	17,14	0,00
7:45:00	79	17,14	0,00
7:46:00	78	17,14	0,00
7:47:00	79	17,14	0,00
7:48:00	78	17,14	0,00
7:49:00	78	17,14	0,00
7:50:00	79	17,15	0,00
7:51:00	79	17,14	0,00
7:52:00	79	17,15	0,00
7:53:00	79	17,14	0,00
7:54:00	79	17,14	0,00
7:55:00	78	17,15	0,00
7:56:00	79	17,14	0,00
7:57:00	79	17,14	0,00
7:58:00	79	17,15	0,00
7:59:00	78	17,15	0,00
8:00:00	79	17,15	0,00
8:01:00	79	17,15	0,00
8:02:00	78	17,15	0,00
8:03:00	78	17,15	0,00
8:04:00	79	17,15	0,00
8:05:00	79	17,16	0,00
8:06:00	79	17,15	0,00
8:07:00	79	17,14	0,00
8:08:00	79	17,16	0,00
8:09:00	78	17,16	0,00
8:10:00	78	17,16	0,00
8:11:00	79	17,16	0,00
8:12:00	79	17,16	0,00
8:13:00	78	17,16	0,00
8:14:00	79	17,15	0,00
8:15:00	79	17,16	0,00
8:16:00	79	17,16	0,00
8:17:00	79	17,15	0,00
8:18:00	78	17,15	0,00
8:19:00	79	17,16	0,00
8:20:00	79	17,15	0,00
8:21:00	79	17,16	0,00
8:22:00	79	17,16	0,00
8:23:00	79	17,16	0,00
8:24:00	79	17,16	0,00
8:25:00	79	17,16	0,00
8:26:00	78	17,16	0,00
8:27:00	79	17,16	0,00
8:28:00	79	17,16	0,00
8:29:00	79	17,16	0,00
8:30:00	79	17,16	0,00
8:31:00	79	17,16	0,00
8:32:00	78	17,16	0,00
8:33:00	78	17,16	0,00
8:34:00	79	17,16	0,00
8:35:00	78	17,16	0,00
8:36:00	79	17,16	0,00
8:37:00	78	17,16	0,00
8:38:00	78	17,16	0,00
8:39:00	78	17,16	0,00
8:40:00	78	17,16	0,00
8:41:00	78	17,16	0,00
8:42:00	78	17,16	0,00
8:43:00	79	17,16	0,00
8:44:00	79	17,16	0,00
8:45:00	79	17,16	0,00
8:46:00	78	17,16	0,00
8:47:00	78	17,16	0,00
8:48:00	79	17,16	0,00
8:49:00	78	17,16	0,00
8:50:00	79	17,16	0,00
8:51:00	78	17,16	0,00
8:52:00	79	17,16	0,00
8:53:00	78	17,16	0,00
8:54:00	78	17,16	0,00
8:55:00	78	17,16	0,00
8:56:00	78	17,16	0,00
8:57:00	79	17,16	0,00
8:58:00	79	17,17	0,00
8:59:00	78	17,16	0,00
9:00:00	79	17,16	0,00
9:01:00	78	17,17	0,00
9:02:00	79	17,16	0,00
9:03:00	78	17,16	0,00
9:04:00	79	17,16	0,00
9:05:00	79	17,16	0,00
9:06:00	79	17,16	0,00
9:07:00	78	17,16	0,00
9:08:00	78	17,16	0,00
9:09:00	79	17,16	0,00
9:10:00	79	17,16	0,00
9:11:00	78	17,16	0,00
9:12:00	79	17,16	0,00
9:13:00	78	17,16	0,00
9:14:00	79	17,16	0,00
9:15:00	79	17,16	0,00
9:16:00	79	17,17	0,00
9:17:00	78	17,16	0,00
9:18:00	78	17,16	0,00
9:19:00	79	17,16	0,00
9:20:00	79	17,16	0,00
9:21:00	79	17,16	0,00
9:22:00	79	17,17	0,00
9:23:00	79	17,16	0,00
9:24:00	78	17,17	0,00
9:25:00	79	17,16	0,00
9:26:00	79	17,16	0,00
9:27:00	79	17,17	0,00
9:28:00	79	17,17	0,00
9:29:00	78	17,16	0,00
9:30:00	79	17,16	0,00
9:31:00	79	17,17	0,00
9:32:00	78	17,16	0,00
9:33:00	79	17,16	0,00
9:34:00	79	17,16	0,00
9:35:00	79	17,17	0,00
9:36:00	78	17,17	0,00
9:37:00	78	17,17	0,00
9:38:00	79	17,17	0,00
9:39:00	79	17,16	0,00
9:40:00	79	17,17	0,00
9:41:00	79	17,17	0,00
9:42:00	79	17,17	0,00
9:43:00	78	17,17	0,00
9:44:00	79	17,17	0,00
9:45:00	79	17,17	0,00
9:46:00	79	17,17	0,00
9:47:00	78	17,17	0,00
9:48:00	79	17,17	0,00
9:49:00	78	17,17	0,00
9:50:00	79	17,17	0,00
9:51:00	79	17,17	0,00
9:52:00	79	17,17	0,00
9:53:00	78	17,17	0,00
9:54:00	78	17,17	0,00
9:55:00	79	17,18	0,00
9:56:00	79	17,17	0,00
9:57:00	78	17,17	0,00
9:58:00	79	17,17	0,00
9:59:00	79	17,17	0,00
10:00:00	79	17,17	0,00
10:01:00	79	17,17	0,00
10:02:00	79	17,18	0,00
10:03:00	79	17,17	0,00
10:04:00	79	17,17	0,00
10:05:00	78	17,17	0,00
10:06:00	79	17,17	0,00
10:07:00	79	17,17	0,00
10:08:00	79	17,17	0,00
10:09:00	79	17,18	0,00
10:10:00	78	17,17	0,00
10:11:00	79	17,17	0,00
10:12:00	78	17,18	0,00
10:13:00	79	17,18	0,00
10:14:00	78	17,18	0,00
10:15:00	79	17,17	0,00
10:16:00	78	17,18	0,00
10:17:00	78	17,18	0,00
10:18:00	79	17,18	0,00
10:19:00	78	17,18	0,00
10:20:00	79	17,18	0,00
10:21:00	78	17,18	0,00
10:22:00	79	17,18	0,00
10:23:00	79	17,18	0,00
10:24:00	78	17,18	0,00
10:25:00	79	17,17	0,00
10:26:00	79	17,18	0,00
10:27:00	79	17,17	0,00
10:28:00	78	17,18	0,00
10:29:00	79	17,17	0,00
10:30:00	78	17,18	0,00
10:31:00	79	17,17	0,00
10:32:00	78	17,18	0,00
10:33:00	79	17,17	0,00
10:34:00	78	17,18	0,00
10:35:00	79	17,18	0,00
10:36:00	79	17,18	0,00
10:37:00	78	17,18	0,00
10:38:00	79	17,18	0,00
10:39:00	79	17,18	0,00
10:40:00	78	17,18	0,00
10:41:00	78	17,18	0,00
10:42:00	79	17,18	0,00
10:43:00	79	17,18	0,00
10:44:00	79	17,18	0,00
10:45:00	79	17,18	0,00
10:46:00	79	17,18	0,00
10:47:00	79	17,19	0,00
10:48:00	78	17,18	0,00
10:49:00	79	17,18	0,00
10:50:00	79	17,18	0,00
10:51:00	79	17,18	0,00
10:52:00	79	17,18	0,00
10:53:00	79	17,18	0,00
10:54:00	79	17,18	0,00
10:55:00	78	17,19	0,00
10:56:00	78	17,19	0,00
10:57:00	79	17,18	0,00
10:58:00	78	17,19	0,00
10:59:00	78	17,19	0,00
11:00:00	78	17,18	0,00
11:01:00	79	17,19	0,00
11:02:00	79	17,18	0,00
11:03:00	78	17,18	0,00
11:04:00	79	17,19	0,00
11:05:00	79	17,19	0,00
11:06:00	78	17,19	0,00
11:07:00	79	17,19	0,00
11:08:00	79	17,19	0,00
11:09:00	79	17,19	0,00
11:10:00	78	17,19	0,00
11:11:00	79	17,19	0,00
11:12:00	79	17,19	0,00
11:13:00	79	17,19	0,00
11:14:00	79	17,19	0,00
11:15:00	78	17,19	0,00
11:16:00	79	17,19	0,00
11:17:00	79	17,18	0,00
11:18:00	78	17,19	0,00
11:19:00	79	17,20	0,00
11:20:00	78	17,18	0,00
11:21:00	79	17,19	0,00
11:22:00	78	17,18	0,00
11:23:00	79	17,19	0,00
11:24:00	79	17,19	0,00
11:25:00	79	17,19	0,00
11:26:00	79	17,19	0,00
11:27:00	78	17,19	0,00
11:28:00	79	17,19	0,00
11:29:00	78	17,19	0,00
11:30:00	79	17,19	0,00
11:31:00	79	17,20	0,00
11:32:00	78	17,20	0,00
11:33:00	78	17,19	0,00
11:34:00	78	17,19	0,00
11:35:00	78	17,19	0,00
11:36:00	79	17,20	0,00
11:37:00	79	17,20	0,00
11:38:00	79	17,19	0,00
11:39:00	78	17,20	0,00
11:40:00	79	17,20	0,00
11:41:00	79	17,20	0,00
11:42:00	79	17,20	0,00
11:43:00	79	17,20	0,00
11:44:00	79	17,20	0,00
11:45:00	79	17,20	0,00
11:46:00	79	17,20	0,00
11:47:00	79	17,20	0,00
11:48:00	79	17,20	0,00
11:49:00	78	17,20	0,00
11:50:00	78	17,20	0,00
11:51:00	79	17,20	0,00
11:52:00	79	17,20	0,00
11:53:00	79	17,21	0,00
11:54:00	79	17,20	0,00
11:55:00	78	17,21	0,00
11:56:00	78	17,21	0,00
11:57:00	79	17,21	0,00
11:58:00	79	17,21	0,00
11:59:00	78	17,21	0,00
12:00:00	79	17,20	0,00
12:01:00	78	17,21	0,00
12:02:00	79	17,21	0,00
12:03:00	78	17,21	0,00
12:04:00	79	17,22	0,00
12:05:00	79	17,23	0,00
12:06:00	79	17,22	0,00
12:07:00	79	17,22	0,00
12:08:00	79	17,22	0,00
12:09:00	78	17,22	0,00
12:10:00	78	17,22	0,00
12:11:00	79	17,22	0,00
12:12:00	79	17,21	0,00
12:13:00	79	17,21	0,00
12:14:00	79	17,21	0,00
12:15:00	78	17,21	0,00
12:16:00	79	17,22	0,00
12:17:00	78	17,21	0,00
12:18:00	79	17,21	0,00
12:19:00	78	17,22	0,00
12:20:00	78	17,22	0,00
12:21:00	79	17,22	0,00
12:22:00	78	17,22	0,00
12:23:00	79	17,23	0,00
12:24:00	78	17,21	0,00
12:25:00	78	17,22	0,00
12:26:00	79	17,22	0,00
12:27:00	78	17,23	0,00
12:28:00	79	17,22	0,00
12:29:00	78	17,21	0,00
12:30:00	78	17,22	0,00
12:31:00	78	17,22	0,00
12:32:00	79	17,23	0,00
12:33:00	78	17,22	0,00
12:34:00	79	17,23	0,00
12:35:00	78	17,23	0,00
12:36:00	79	17,23	0,00
12:37:00	78	17,21	0,00
12:38:00	78	17,23	0,00
12:39:00	78	17,23	0,00
12:40:00	78	17,22	0,00
12:41:00	79	17,23	0,00
12:42:00	79	17,23	0,00
12:43:00	79	17,24	0,00
12:44:00	78	17,23	0,00
12:45:00	79	17,23	0,00
12:46:00	79	17,25	0,00
12:47:00	79	17,25	0,00
12:48:00	78	17,25	0,00
12:49:00	79	17,25	0,00
12:50:00	78	17,25	0,00
12:51:00	78	17,26	0,00
12:52:00	79	17,25	0,00
12:53:00	79	17,25	0,00
12:54:00	79	17,27	0,00
12:55:00	79	17,27	0,00
12:56:00	79	17,28	0,00
12:57:00	78	17,27	0,00
12:58:00	79	17,28	0,00
12:59:00	79	17,29	0,00
13:00:00	79	17,29	0,00
13:01:00	79	17,29	0,00
13:02:00	79	17,29	0,00
13:03:00	79	17,30	0,00
13:04:00	79	17,29	0,00
13:05:00	78	17,29	0,00
13:06:00	79	17,29	0,00
13:07:00	79	17,31	0,00
13:08:00	79	17,31	0,00
13:09:00	78	17,29	0,00
13:10:00	79	17,30	0,00
13:11:00	79	17,31	0,00
13:12:00	79	17,32	0,00
13:13:00	79	17,32	0,00
13:14:00	79	17,31	0,00
13:15:00	79	17,32	0,00
13:16:00	79	17,31	0,00
13:17:00	79	17,33	0,00
13:18:00	78	17,34	0,00
13:19:00	79	17,36	0,00
13:20:00	78	17,31	0,00
13:21:00	79	17,31	0,00
13:22:00	79	17,33	0,00
13:23:00	79	17,34	0,00
13:24:00	79	17,32	0,00
13:25:00	79	17,38	0,00
13:26:00	79	17,37	0,00
13:27:00	79	17,37	0,00
13:28:00	79	17,39	0,00
13:29:00	79	17,39	0,00
13:30:00	78	17,37	0,00
13:31:00	78	17,39	0,00
13:32:00	78	17,40	0,00
13:33:00	78	17,41	0,00
13:34:00	79	17,37	0,00
13:35:00	79	17,37	0,00
13:36:00	79	17,38	0,00
13:37:00	78	17,39	0,00
13:38:00	79	17,39	0,00
13:39:00	79	17,39	0,00
13:40:00	78	17,40	0,00
13:41:00	79	17,40	0,00
13:42:00	79	17,37	0,00
13:43:00	79	17,39	0,00
13:44:00	79	17,39	0,00
13:45:00	79	17,37	0,00
13:46:00	79	17,40	0,00
13:47:00	79	17,40	0,00
13:48:00	79	17,39	0,00
13:49:00	79		
13:50:00	79	17,40	0,00
13:51:00	79	17,39	0,00
13:52:00	78	17,41	0,00
13:53:00	79	17,40	0,00
13:54:00	78	17,38	0,00
13:55:00	79	17,39	0,00
13:56:00	78	17,41	0,00
13:57:00	79	17,39	0,00
13:58:00	79	17,40	0,00
13:59:00	78	17,41	0,00
14:00:00	78		
14:01:00	78	17,39	0,00
14:02:00	79	17,38	0,00
14:03:00	79	17,40	0,00
14:04:00	79	17,39	0,00
14:05:00	78	17,41	0,00
14:06:00	78	17,39	0,00
14:07:00	79	17,40	0,00
14:08:00	79	17,40	0,00
14:09:00	79	17,39	0,00
14:10:00	79	17,40	0,00
14:11:00	79	17,40	0,00
14:12:00	79	17,39	0,00
14:13:00	79		
14:14:00	79		
14:15:00	79	17,41	0,00
14:16:00	79	17,38	0,00
14:17:00	79	17,40	0,00
14:18:00	78	17,39	0,00
14:19:00	79	17,40	0,00
14:20:00	79	17,39	0,00
14:21:00	79		
14:22:00	79		
14:23:00	79		
14:24:00	79		
14:25:00	78		
14:26:00	79		
14:27:00	79	17,38	0,00
14:28:00	78	17,37	0,00
14:29:00	79	17,38	0,00
14:30:00	79	17,37	0,00
14:31:00	79	17,38	0,00
14:32:00	79	17,39	0,00
14:33:00	78	17,38	0,00
14:34:00	78	17,37	0,00
14:35:00	78	17,40	0,00
14:36:00	79	17,37	0,00
14:37:00	79	17,39	0,00
14:38:00	78	17,37	0,00
14:39:00	79	17,41	0,00
14:40:00	78	17,40	0,00
14:41:00	78	17,38	0,00
14:42:00	78	17,40	0,00
14:43:00	78	17,41	0,00
14:44:00	79	17,41	0,00
14:45:00	78	17,39	0,00
14:46:00	78	17,39	0,00
14:47:00	79	17,38	0,00
14:48:00	79	17,40	0,00
14:49:00	79	17,38	0,00
14:50:00	78	17,38	0,00
14:51:00	78	17,38	0,00
14:52:00	79		
14:53:00	79	17,39	0,00
14:54:00	78	17,40	0,00
14:55:00	78	17,40	0,00
14:56:00	79	17,40	0,00
14:57:00	79	17,40	0,00
14:58:00	78	17,40	0,00
14:59:00	78	17,41	0,00
15:00:00	78		
15:01:00	79	17,41	0,00
15:02:00	79	17,41	0,00
15:03:00	79	17,40	0,00
15:04:00	79	17,37	0,00
15:05:00	79	17,40	0,00
15:06:00	79	17,39	0,00
15:07:00	79	17,41	0,00
15:08:00	79	17,41	0,00
15:09:00	78	17,39	0,00
15:10:00	79	17,40	0,00
15:11:00	78	17,40	0,00
15:12:00	78	17,40	0,00
15:13:00	79	17,39	0,00
15:14:00	79	17,39	0,00
15:15:00	79		
15:16:00	79	17,38	0,00
15:17:00	78	17,40	0,00
15:18:00	78	17,38	0,00
15:19:00	78	17,38	0,00
15:20:00	78	17,41	0,00
15:21:00	78	17,40	0,00
15:22:00	78	17,38	0,00
15:23:00	79	17,39	0,00
15:24:00	79	17,39	0,00
15:25:00	78	17,40	0,00
15:26:00	78	17,39	0,00
15:27:00	79	17,39	0,00
15:28:00	79	17,40	0,00
15:29:00	79	17,41	0,00
15:30:00	79	17,38	0,00
15:31:00	79	17,40	0,00
15:32:00	79	17,41	0,00
15:33:00	79	17,38	0,00
15:34:00	78	17,40	0,00
15:35:00	79	17,40	0,00
15:36:00	79	17,38	0,00
15:37:00	78	17,40	0,00
15:38:00	78	17,39	0,00
15:39:00	79	17,37	0,00
15:40:00	78	17,38	0,00
15:41:00	79	17,39	0,00
15:42:00	78	17,38	0,00
15:43:00	79	17,41	0,00
15:44:00	79	17,39	0,00
15:45:00	79	17,39	0,00
15:46:00	79	17,39	0,00
15:47:00	79	17,37	0,00
15:48:00	78	17,41	0,00
15:49:00	78	17,39	0,00
15:50:00	78	17,38	0,00
15:51:00	79	17,38	0,00
15:52:00	78	17,40	0,00
15:53:00	78	17,37	0,00
15:54:00	79	17,38	0,00
15:55:00	78	17,38	0,00
15:56:00	79		
15:57:00	78	17,39	0,00
15:58:00	79	17,39	0,00
15:59:00	78	17,37	0,00
16:00:00	79	17,41	0,00
16:01:00	78	17,39	0,00
16:02:00	78	17,39	0,00
16:03:00	78		
16:04:00	79	17,41	0,00
16:05:00	79	17,40	0,00
16:06:00	78	17,39	0,00
16:07:00	78	17,39	0,00
16:08:00	79	17,39	0,00
16:09:00	79	17,39	0,00
16:10:00	78	17,39	0,00
16:11:00	79	17,38	0,00
16:12:00	78	17,40	0,00
16:13:00	79	17,41	0,00
16:14:00	78	17,40	0,00
16:15:00	79	17,39	0,00
16:16:00	79	17,39	0,00
16:17:00	79	17,37	0,00
16:18:00	79	17,40	0,00
16:19:00	79	17,38	0,00
16:20:00	78	17,41	0,00
16:21:00	79	17,39	0,00
16:22:00	78	17,39	0,00
16:23:00	79	17,38	0,00
16:24:00	78	17,38	0,00
16:25:00	78	17,39	0,00
16:26:00	79	17,39	0,00
16:27:00	79	17,40	0,00
16:28:00	78	17,38	0,00
16:29:00	79	17,39	0,00
16:30:00	79	17,41	0,00
16:31:00	79	17,40	0,00
16:32:00	79	17,38	0,00
16:33:00	78		
16:34:00	79	17,38	0,00
16:35:00	78	17,38	0,00
16:36:00	78	17,38	0,00
16:37:00	79	17,41	0,00
16:38:00	78	17,40	0,00
16:39:00	79	17,39	0,00
16:40:00	79	17,39	0,00
16:41:00	79	17,38	0,00
16:42:00	78	17,38	0,00
16:43:00	78	17,40	0,00
16:44:00	79	17,40	0,00
16:45:00	78	17,39	0,00
16:46:00	79	17,41	0,00
16:47:00	79	17,39	0,00
16:48:00	78	17,40	0,00
16:49:00	78	17,40	0,00
16:50:00	78	17,40	0,00
16:51:00	79	17,38	0,00
16:52:00	79	17,38	0,00
16:53:00	79	17,38	0,00
16:54:00	78	17,39	0,00
16:55:00	79	17,37	0,00
16:56:00	78	17,41	0,00
16:57:00	79	17,39	0,00
16:58:00	78	17,39	0,00
16:59:00	79	17,39	0,00
17:00:00	78	17,42	0,00
17:01:00	78	17,39	0,00
17:02:00	78	17,39	0,00
17:03:00	79	17,39	0,00
17:04:00	78	17,41	0,00
17:05:00	78	17,40	0,00
17:06:00	78		
17:07:00	79	17,38	0,00
17:08:00	79	17,39	0,00
17:09:00	78		
17:10:00	78	17,38	0,00
17:11:00	79	17,39	0,00
17:12:00	79	17,39	0,00
17:13:00	79	17,37	0,00
17:14:00	78	17,37	0,00
17:15:00	79	17,40	0,00
17:16:00	79	17,39	0,00
17:17:00	79	17,38	0,00
17:18:00	79	17,38	0,00
17:19:00	78	17,39	0,00
17:20:00	78	17,39	0,00
17:21:00	79	17,39	0,00
17:22:00	79	17,36	0,00
17:23:00	78	17,38	0,00
17:24:00	78	17,36	0,00
17:25:00	79		
17:26:00	78	17,37	0,00
17:27:00	78	17,36	0,00
17:28:00	78	17,37	0,00
17:29:00	78	17,37	0,00
17:30:00	78	17,38	0,00
17:31:00	79	17,37	0,00
17:32:00	78	17,40	0,00
17:33:00	79	17,38	0,00
17:34:00	78	17,38	0,00
17:35:00	78	17,37	0,00
17:36:00	78	17,39	0,00
17:37:00	78	17,41	0,00
17:38:00	79	17,37	0,00
17:39:00	78	17,38	0,00
17:40:00	78	17,38	0,00
17:41:00	78	17,36	0,00
17:42:00	78	17,37	0,00
17:43:00	78	17,37	0,00
17:44:00	79	17,36	0,00
17:45:00	79		
17:46:00	78	17,36	0,00
17:47:00	78	17,36	0,00
17:48:00	79	17,37	0,00
17:49:00	78	17,37	0,00
17:50:00	78	17,38	0,00
17:51:00	79	17,37	0,00
17:52:00	79	17,37	0,00
17:53:00	78		
17:54:00	79	17,33	0,00
17:55:00	78	17,36	0,00
17:56:00	78	17,37	0,00
17:57:00	79	17,37	0,00
17:58:00	78	17,37	0,00
17:59:00	79	17,37	0,00
18:00:00	79	17,37	0,00
18:01:00	78	17,37	0,00
18:02:00	79	17,37	0,00
18:03:00	78	17,37	0,00
18:04:00	79	17,37	0,00
18:05:00	78	17,37	0,00
18:06:00	79	17,37	0,00
18:07:00	78	17,37	0,00
18:08:00	79	17,35	0,00
18:09:00	79	17,36	0,00
18:10:00	78	17,37	0,00
18:11:00	79	17,36	0,00
18:12:00	79	17,37	0,00
18:13:00	79	17,34	0,00
18:14:00	78	17,35	0,00
18:15:00	78	17,37	0,00
18:16:00	78	17,35	0,00
18:17:00	78	17,35	0,00
18:18:00	78	17,38	0,00
18:19:00	79	17,37	0,00
18:20:00	79	17,35	0,00
18:21:00	78	17,36	0,00
18:22:00	79	17,35	0,00
18:23:00	79	17,37	0,00
18:24:00	79	17,37	0,00
18:25:00	79	17,34	0,00
18:26:00	79	17,36	0,00
18:27:00	79	17,37	0,00
18:28:00	78	17,36	0,00
18:29:00	79	17,37	0,00
18:30:00	79	17,37	0,00
18:31:00	78	17,34	0,00
18:32:00	78	17,33	0,00
18:33:00	79	17,35	0,00
18:34:00	79	17,34	0,00
18:35:00	78	17,31	0,00
18:36:00	79	17,33	0,00
18:37:00	79	17,35	0,00
18:38:00	78	17,34	0,00
18:39:00	78	17,33	0,00
18:40:00	78	17,32	0,00
18:41:00	78	17,34	0,00
18:42:00	78	17,34	0,00
18:43:00	78	17,33	0,00
18:44:00	79	17,34	0,00
18:45:00	79	17,35	0,00
18:46:00	78	17,31	0,00
18:47:00	79	17,34	0,00
18:48:00	79	17,37	0,00
18:49:00	79	17,35	0,00
18:50:00	78	17,37	0,00
18:51:00	78	17,34	0,00
18:52:00	78	17,32	0,00
18:53:00	79	17,34	0,00
18:54:00	78	17,34	0,00
18:55:00	79	17,33	0,00
18:56:00	79	17,33	0,00
18:57:00	79	17,33	0,00
18:58:00	78	17,34	0,00
18:59:00	79	17,37	0,00
19:00:00	78	17,36	0,00
19:01:00	78	17,36	0,00
19:02:00	78	17,37	0,00
19:03:00	78	17,35	0,00
19:04:00	78	17,34	0,00
19:05:00	78	17,34	0,00
19:06:00	79	17,32	0,00
19:07:00	78	17,34	0,00
19:08:00	78	17,35	0,00
19:09:00	78	17,34	0,00
19:10:00	79	17,36	0,00
19:11:00	79	17,37	0,00
19:12:00	79	17,32	0,00
19:13:00	79	17,33	0,00
19:14:00	78	17,35	0,00
19:15:00	79	17,36	0,00
19:16:00	78	17,36	0,00
19:17:00	79	17,35	0,00
19:18:00	78	17,35	0,00
19:19:00	79	17,36	0,00
19:20:00	79	17,37	0,00
19:21:00	78	17,37	0,00
19:22:00	79	17,36	0,00
19:23:00	78	17,34	0,00
19:24:00	79	17,35	0,00
19:25:00	79	17,34	0,00
19:26:00	79	17,34	0,00
19:27:00	78	17,33	0,00
19:28:00	79	17,36	0,00
19:29:00	78	17,35	0,00
19:30:00	79	17,35	0,00
19:31:00	78	17,36	0,00
19:32:00	79	17,34	0,00
19:33:00	79	17,36	0,00
19:34:00	79	17,34	0,00
19:35:00	79	17,36	0,00
19:36:00	78	17,37	0,00
19:37:00	79	17,34	0,00
19:38:00	79	17,35	0,00
19:39:00	78	17,33	0,00
19:40:00	79	17,34	0,00
19:41:00	79	17,34	0,00
19:42:00	78	17,33	0,00
19:43:00	79	17,32	0,00
19:44:00	78	17,36	0,00
19:45:00	79	17,35	0,00
19:46:00	78	17,35	0,00
19:47:00	78	17,36	0,00
19:48:00	79	17,35	0,00
19:49:00	79	17,35	0,00
19:50:00	78	17,36	0,00
19:51:00	78	17,35	0,00
19:52:00	78	17,36	0,00
19:53:00	78	17,37	0,00
19:54:00	78	17,33	0,00
19:55:00	78	17,31	0,00
19:56:00	78	17,34	0,00
19:57:00	79	17,34	0,00
19:58:00	78	17,32	0,00
19:59:00	79	17,31	0,00
20:00:00	78	17,32	0,00
20:01:00	79	17,32	0,00
20:02:00	79	17,33	0,00
20:03:00	79	17,33	0,00
20:04:00	78	17,32	0,00
20:05:00	79	17,33	0,00
20:06:00	79	17,32	0,00
20:07:00	78	17,32	0,00
20:08:00	79	17,32	0,00
20:09:00	79	17,32	0,00
20:10:00	78	17,32	0,00
20:11:00	78	17,31	0,00
20:12:00	78	17,33	0,00
20:13:00	79	17,32	0,00
20:14:00	79	17,33	0,00
20:15:00	78	17,32	0,00
20:16:00	78	17,34	0,00
20:17:00	79	17,33	0,00
20:18:00	78	17,32	0,00
20:19:00	78	17,33	0,00
20:20:00	78	17,33	0,00
20:21:00	78	17,32	0,00
20:22:00	78	17,31	0,00
20:23:00	78	17,34	0,00
20:24:00	78	17,34	0,00
20:25:00	78	17,36	0,00
20:26:00	78	17,32	0,00
20:27:00	78	17,31	0,00
20:28:00	78	17,33	0,00
20:29:00	79	17,31	0,00
20:30:00	78	17,32	0,00
20:31:00	78	17,33	0,00
20:32:00	78	17,33	0,00
20:33:00	79	17,32	0,00
20:34:00	78	17,33	0,00
20:35:00	79	17,33	0,00
20:36:00	79	17,33	0,00
20:37:00	79	17,33	0,00
20:38:00	78	17,32	0,00
20:39:00	79	17,32	0,00
20:40:00	78	17,33	0,00
20:41:00	79	17,34	0,00
20:42:00	78	17,31	0,00
20:43:00	79	17,33	0,00
20:44:00	79	17,33	0,00
20:45:00	79	17,33	0,00
20:46:00	78	17,33	0,00
20:47:00	78	17,31	0,00
20:48:00	79	17,33	0,00
20:49:00	78	17,33	0,00
20:50:00	78	17,32	0,00
20:51:00	79	17,31	0,00
20:52:00	79	17,31	0,00
20:53:00	78	17,31	0,00
20:54:00	79	17,32	0,00
20:55:00	78	17,32	0,00
20:56:00	79	17,33	0,00
20:57:00	79	17,32	0,00
20:58:00	79	17,32	0,00
20:59:00	79	17,30	0,00
21:00:00	78	17,30	0,00
21:01:00	79	17,32	0,00
21:02:00	78	17,31	0,00
21:03:00	78	17,31	0,00
21:04:00	79	17,31	0,00
21:05:00	79	17,31	0,00
21:06:00	78	17,32	0,00
21:07:00	78	17,31	0,00
21:08:00	78	17,31	0,00
21:09:00	78	17,32	0,00
21:10:00	79	17,31	0,00
21:11:00	79	17,31	0,00
21:12:00	79	17,30	0,00
21:13:00	78	17,32	0,00
21:14:00	79	17,32	0,00
21:15:00	79	17,31	0,00
21:16:00	78	17,31	0,00
21:17:00	79	17,32	0,00
21:18:00	79	17,31	0,00
21:19:00	78	17,31	0,00
21:20:00	79	17,31	0,00
21:21:00	79	17,32	0,00
21:22:00	79	17,31	0,00
21:23:00	79	17,31	0,00
21:24:00	79	17,30	0,00
21:25:00	78	17,31	0,00
21:26:00	79	17,31	0,00
21:27:00	78	17,32	0,00
21:28:00	78	17,31	0,00
21:29:00	79	17,31	0,00
21:30:00	79	17,31	0,00
21:31:00	79	17,31	0,00
21:32:00	78	17,31	0,00
21:33:00	79	17,32	0,00
21:34:00	79	17,30	0,00
21:35:00	79	17,31	0,00
21:36:00	79	17,31	0,00
21:37:00	78	17,30	0,00
21:38:00	78	17,31	0,00
21:39:00	79	17,31	0,00
21:40:00	79	17,32	0,00
21:41:00	79	17,29	0,00
21:42:00	78	17,31	0,00
21:43:00	79	17,31	0,00
21:44:00	78	17,31	0,00
21:45:00	79	17,30	0,00
21:46:00	78	17,31	0,00
21:47:00	79	17,31	0,00
21:48:00	79	17,31	0,00
21:49:00	78	17,31	0,00
21:50:00	78	17,31	0,00
21:51:00	79	17,31	0,00
21:52:00	79	17,31	0,00
21:53:00	79	17,30	0,00
21:54:00	79	17,31	0,00
21:55:00	79	17,30	0,00
21:56:00	79	17,31	0,00
21:57:00	79	17,31	0,00
21:58:00	79	17,31	0,00
21:59:00	78	17,31	0,00
22:00:00	79	17,31	0,00
22:01:00	78	17,30	0,00
22:02:00	79	17,31	0,00
22:03:00	79	17,32	0,00
22:04:00	79	17,31	0,00
22:05:00	79	17,31	0,00
22:06:00	79	17,31	0,00
22:07:00	78	17,30	0,00
22:08:00	79	17,30	0,00
22:09:00	79	17,31	0,00
22:10:00	79	17,31	0,00
22:11:00	79	17,31	0,00
22:12:00	79	17,30	0,00
22:13:00	78	17,31	0,00
22:14:00	78	17,31	0,00
22:15:00	79	17,31	0,00
22:16:00	79	17,30	0,00
22:17:00	79	17,31	0,00
22:18:00	79	17,31	0,00
22:19:00	79	17,30	0,00
22:20:00	78	17,31	0,00
22:21:00	78	17,31	0,00
22:22:00	79	17,31	0,00
22:23:00	79	17,30	0,00
22:24:00	79	17,31	0,00
22:25:00	79	17,30	0,00
22:26:00	79	17,30	0,00
22:27:00	78	17,30	0,00
22:28:00	79	17,31	0,00
22:29:00	79	17,31	0,00
22:30:00	79	17,31	0,00
22:31:00	78	17,30	0,00
22:32:00	78	17,31	0,00
22:33:00	79	17,30	0,00
22:34:00	79	17,30	0,00
22:35:00	79	17,31	0,00
22:36:00	79	17,31	0,00
22:37:00	78	17,30	0,00
22:38:00	78	17,31	0,00
22:39:00	78	17,30	0,00
22:40:00	79	17,31	0,00
22:41:00	79	17,30	0,00
22:42:00	79	17,30	0,00
22:43:00	79	17,30	0,00
22:44:00	78	17,30	0,00
22:45:00	79	17,29	0,00
22:46:00	79	17,31	0,00
22:47:00	78	17,30	0,00
22:48:00	78	17,31	0,00
22:49:00	78	17,30	0,00
22:50:00	79	17,30	0,00
22:51:00	78	17,31	0,00
22:52:00	79	17,29	0,00
22:53:00	79	17,29	0,00
22:54:00	79	17,30	0,00
22:55:00	78	17,30	0,00
22:56:00	79	17,30	0,00
22:57:00	79	17,29	0,00
22:58:00	79	17,29	0,00
22:59:00	79	17,29	0,00
23:00:00	78	17,30	0,00
23:01:00	78	17,30	0,00
23:02:00	79	17,29	0,00
23:03:00	78	17,31	0,00
23:04:00	78	17,30	0,00
23:05:00	78	17,31	0,00
23:06:00	79	17,29	0,00
23:07:00	78	17,31	0,00
23:08:00	79	17,30	0,00
23:09:00	79	17,29	0,00
23:10:00	79	17,29	0,00
23:11:00	78	17,30	0,00
23:12:00	78	17,30	0,00
23:13:00	79	17,30	0,00
23:14:00	79	17,30	0,00
23:15:00	79	17,29	0,00
23:16:00	79	17,29	0,00
23:17:00	79	17,29	0,00
23:18:00	79	17,30	0,00
23:19:00	79	17,30	0,00
23:20:00	79	17,29	0,00
23:21:00	79	17,30	0,00
23:22:00	78	17,30	0,00
23:23:00	79	17,29	0,00
23:24:00	78	17,29	0,00
23:25:00	79	17,30	0,00
23:26:00	78	17,30	0,00
23:27:00	79	17,30	0,00
23:28:00	78	17,29	0,00
23:29:00	79	17,29	0,00
23:30:00	79	17,30	0,00
23:31:00	79	17,30	0,00
23:32:00	79	17,29	0,00
23:33:00	78	17,30	0,00
23:34:00	78	17,30	0,00
23:35:00	79	17,29	0,00
23:36:00	78	17,29	0,00
23:37:00	79	17,29	0,00
23:38:00	79	17,30	0,00
23:39:00	79	17,29	0,00
23:40:00	79	17,29	0,00
23:41:00	78	17,30	0,00
23:42:00	79	17,29	0,00
23:43:00	78	17,29	0,00
23:44:00	78	17,29	0,00
23:45:00	79	17,30	0,00
23:46:00	79	17,29	0,00
23:47:00	79	17,29	0,00
23:48:00	78	17,29	0,00
23:49:00	78	17,29	0,00
23:50:00	79	17,29	0,00
23:51:00	79	17,29	0,00
23:52:00	78	17,29	0,00
23:53:00	79	17,29	0,00
23:54:00	79	17,29	0,00
23:55:00	79	17,29	0,00
23:56:00	79	17,29	0,00
23:57:00	79	17,29	0,00
23:58:00	79	17,29	0,00
23:59:00	79	17,29	0,00
24:00:00	79	17,29	0,00
24:01:00	78	17,28	0,00
24:02:00	78	17,29	0,00
24:03:00	78	17,28	0,00
24:04:00	78	17,29	0,00
24:05:00	79	17,28	0,00
24:06:00	79	17,29	0,00
24:07:00	79	17,28	0,00
24:08:00	78	17,29	0,00
24:09:00	79	17,27	0,00
24:10:00	78	17,29	0,00
24:11:00	79	17,29	0,00
24:12:00	79	17,29	0,00
24:13:00	78	17,29	0,00
24:14:00	79	17,29	0,00
24:15:00	79	17,29	0,00
24:16:00	78	17,28	0,00
24:17:00	78	17,28	0,00
24:18:00	79	17,29	0,00
24:19:00	79	17,28	0,00
24:20:00	79	17,28	0,00
24:21:00	78	17,28	0,00
24:22:00	79	17,28	0,00
24:23:00	79	17,27	0,00
24:24:00	79	17,27	0,00
24:25:00	78	17,28	0,00
24:26:00	79	17,28	0,00
24:27:00	78	17,28	0,00
24:28:00	79	17,28	0,00
24:29:00	79	17,27	0,00
24:30:00	79	17,28	0,00
24:31:00	79	17,28	0,00
24:32:00	78	17,28	0,00
24:33:00	78	17,27	0,00
24:34:00	79	17,28	0,00
24:35:00	79	17,28	0,00
24:36:00	79	17,28	0,00
24:37:00	79	17,28	0,00
24:38:00	79	17,28	0,00
24:39:00	78	17,27	0,00
24:40:00	78	17,27	0,00
24:41:00	79	17,28	0,00
24:42:00	79	17,28	0,00
24:43:00	79	17,27	0,00
24:44:00	79	17,27	0,00
24:45:00	78	17,28	0,00
24:46:00	79	17,28	0,00
24:47:00	79	17,28	0,00
24:48:00	78	17,27	0,00
24:49:00	79	17,28	0,00
24:50:00	79	17,28	0,00
24:51:00	78	17,27	0,00
24:52:00	78	17,28	0,00
24:53:00	78	17,28	0,00
24:54:00	79	17,27	0,00
24:55:00	78	17,28	0,00
24:56:00	79	17,27	0,00
24:57:00	79	17,27	0,00
24:58:00	79	17,27	0,00
24:59:00	78	17,27	0,00
25:00:00	79	17,28	0,00
25:01:00	79	17,26	0,00
25:02:00	79	17,28	0,00
25:03:00	79	17,27	0,00
25:04:00	78	17,26	0,00
25:05:00	78	17,27	0,00
25:06:00	79	17,26	0,00
25:07:00	79	17,27	0,00
25:08:00	78	17,27	0,00
25:09:00	79	17,26	0,00
25:10:00	78	17,26	0,00
25:11:00	78	17,27	0,00
25:12:00	79	17,26	0,00
25:13:00	79	17,26	0,00
25:14:00	79	17,27	0,00
25:15:00	78	17,26	0,00
25:16:00	78	17,27	0,00
25:17:00	79	17,26	0,00
25:18:00	78	17,25	0,00
25:19:00	79	17,26	0,00
25:20:00	79	17,26	0,00
25:21:00	79	17,26	0,00
25:22:00	78	17,25	0,00
25:23:00	78	17,26	0,00
25:24:00	79	17,26	0,00
25:25:00	78	17,25	0,00
25:26:00	78	17,25	0,00
25:27:00	78	17,26	0,00
25:28:00	79	17,25	0,00
25:29:00	79	17,25	0,00
25:30:00	78	17,25	0,00
25:31:00	79	17,25	0,00
25:32:00	78	17,25	0,00
25:33:00	79	17,25	0,00
25:34:00	78	17,25	0,00
25:35:00	79	17,27	0,00
25:36:00	79	17,25	0,00
25:37:00	79	17,25	0,00
25:38:00	78	17,26	0,00
25:39:00	78	17,25	0,00
25:40:00	78	17,25	0,00
25:41:00	79	17,26	0,00
25:42:00	78	17,25	0,00
25:43:00	79	17,25	0,00
25:44:00	78	17,25	0,00
25:45:00	78	17,25	0,00
25:46:00	79	17,25	0,00
25:47:00	78	17,25	0,00
25:48:00	79	17,26	0,00
25:49:00	79	17,25	0,00
25:50:00	78	17,25	0,00
25:51:00	79	17,25	0,00
25:52:00	79	17,25	0,00
25:53:00	79	17,25	0,00
25:54:00	78	17,25	0,00
25:55:00	79	17,25	0,00
25:56:00	79	17,24	0,00
25:57:00	79	17,25	0,00
25:58:00	79	17,25	0,00
25:59:00	79	17,25	0,00
26:00:00	78	17,25	0,00
26:01:00	78	17,25	0,00
26:02:00	79	17,25	0,00
26:03:00	78	17,25	0,00
26:04:00	79	17,25	0,00
26:05:00	78	17,25	0,00
26:06:00	78	17,25	0,00
26:07:00	78	17,25	0,00
26:08:00	79	17,25	0,00
26:09:00	79	17,25	0,00
26:10:00	78	17,25	0,00
26:11:00	79	17,25	0,00
26:12:00	79	17,24	0,00
26:13:00	78	17,25	0,00
26:14:00	78	17,24	0,00
26:15:00	78	17,25	0,00
26:16:00	78	17,25	0,00
26:17:00	78	17,24	0,00
26:18:00	78	17,25	0,00
26:19:00	78	17,25	0,00
26:20:00	79	17,25	0,00
26:21:00	79	17,25	0,00
26:22:00	78	17,24	0,00
26:23:00	79	17,25	0,00
26:24:00	78	17,23	0,00
26:25:00	78	17,25	0,00
26:26:00	79	17,24	0,00
26:27:00	79	17,24	0,00
26:28:00	78	17,23	0,00
26:29:00	79	17,23	0,00
26:30:00	79	17,23	0,00
26:31:00	78	17,24	0,00
26:32:00	78	17,24	0,00
26:33:00	79	17,25	0,00
26:34:00	78	17,24	0,00
26:35:00	78	17,23	0,00
26:36:00	78	17,23	0,00
26:37:00	78	17,22	0,00
26:38:00	78	17,23	0,00
26:39:00	78	17,22	0,00
26:40:00	78	17,22	0,00
26:41:00	79	17,22	0,00
26:42:00	79	17,23	0,00
26:43:00	78	17,21	0,00
26:44:00	79	17,21	0,00
26:45:00	79	17,23	0,00
26:46:00	78	17,22	0,00
26:47:00	78	17,22	0,00
26:48:00	79	17,22	0,00
26:49:00	79	17,20	0,00
26:50:00	78	17,22	0,00
26:51:00	78	17,22	0,00
26:52:00	79	17,22	0,00
26:53:00	79	17,22	0,00
26:54:00	79	17,23	0,00
26:55:00	79	17,22	0,00
26:56:00	79	17,20	0,00
26:57:00	79	17,23	0,00
26:58:00	79	17,22	0,00
26:59:00	79	17,22	0,00
27:00:00	79	17,22	0,00
27:01:00	79	17,22	0,00
27:02:00	79	17,22	0,00
27:03:00	79	17,22	0,00
27:04:00	79	17,22	0,00
27:05:00	78	17,22	0,00
27:06:00	79	17,21	0,00
27:07:00	79	17,23	0,00
27:08:00	79	17,22	0,00
27:09:00	78	17,23	0,00
27:10:00	79	17,23	0,00
27:11:00	79	17,22	0,00
27:12:00	79	17,23	0,00
27:13:00	78	17,22	0,00
27:14:00	79	17,23	0,00
27:15:00	79	17,23	0,00
27:16:00	79	17,21	0,00
27:17:00	78	17,20	0,00
27:18:00	79	17,21	0,00
27:19:00	79	17,20	0,00
27:20:00	79	17,21	0,00
27:21:00	79	17,20	0,00
27:22:00	78	17,20	0,00
27:23:00	79	17,21	0,00
27:24:00	79	17,20	0,00
27:25:00	79	17,21	0,00
27:26:00	79	17,20	0,00
27:27:00	78	17,20	0,00
27:28:00	79	17,20	0,00
27:29:00	79	17,20	0,00
27:30:00	79	17,20	0,00
27:31:00	78	17,20	0,00
27:32:00	78	17,20	0,00
27:33:00	79	17,20	0,00
27:34:00	79	17,20	0,00
27:35:00	79	17,20	0,00
27:36:00	79	17,21	0,00
27:37:00	79	17,20	0,00
27:38:00	79	17,20	0,00
27:39:00	79	17,20	0,00
27:40:00	78	17,20	0,00
27:41:00	78	17,20	0,00
27:42:00	79	17,22	0,00
27:43:00	79	17,20	0,00
27:44:00	79	17,20	0,00
27:45:00	79	17,20	0,00
27:46:00	79	17,21	0,00
27:47:00	79	17,19	0,00
27:48:00	78	17,20	0,00
27:49:00	79	17,20	0,00
27:50:00	79	17,20	0,00
27:51:00	79	17,21	0,00
27:52:00	79	17,20	0,00
27:53:00	79	17,20	0,00
27:54:00	79	17,20	0,00
27:55:00	78	17,20	0,00
27:56:00	78	17,20	0,00
27:57:00	78	17,20	0,00
27:58:00	79	17,20	0,00
27:59:00	78	17,20	0,00
28:00:00	79	17,20	0,00
28:01:00	79	17,20	0,00
28:02:00	79	17,20	0,00
28:03:00	79	17,20	0,00
28:04:00	79	17,20	0,00
28:05:00	79	17,18	0,00
28:06:00	79	17,20	0,00
28:07:00	79	17,20	0,00
28:08:00	78	17,20	0,00
28:09:00	79	17,20	0,00
28:10:00	78	17,20	0,00
28:11:00	78	17,20	0,00
28:12:00	79	17,19	0,00
28:13:00	79	17,20	0,00
28:14:00	79	17,19	0,00
28:15:00	79	17,19	0,00
28:16:00	79	17,19	0,00
28:17:00	78	17,20	0,00
28:18:00	78	17,19	0,00
28:19:00	79	17,20	0,00
28:20:00	78	17,19	0,00
28:21:00	79	17,20	0,00
28:22:00	79	17,19	0,00
28:23:00	79	17,19	0,00
28:24:00	78	17,18	0,00
28:25:00	79	17,18	0,00
28:26:00	79	17,19	0,00
28:27:00	78	17,18	0,00
28:28:00	79	17,19	0,00
28:29:00	78	17,20	0,00
28:30:00	78	17,19	0,00
28:31:00	78	17,18	0,00
28:32:00	79	17,19	0,00
28:33:00	78	17,18	0,00
28:34:00	79	17,19	0,00
28:35:00	79	17,18	0,00
28:36:00	78	17,18	0,00
28:37:00	79	17,17	0,00
28:38:00	79	17,18	0,00
28:39:00	78	17,19	0,00
28:40:00	79	17,19	0,00
28:41:00	79	17,18	0,00
28:42:00	78	17,18	0,00
28:43:00	78	17,18	0,00
28:44:00	78	17,18	0,00
28:45:00	79	17,18	0,00
28:46:00	78	17,18	0,00
28:47:00	79	17,17	0,00
28:48:00	79	17,18	0,00
28:49:00	78	17,17	0,00
28:50:00	79	17,18	0,00
28:51:00	79	17,18	0,00
28:52:00	78	17,18	0,00
28:53:00	79	17,17	0,00
28:54:00	78	17,18	0,00
28:55:00	79	17,17	0,00
28:56:00	79	17,16	0,00
28:57:00	79	17,17	0,00
28:58:00	79	17,18	0,00
28:59:00	79	17,17	0,00
29:00:00	79	17,17	0,00
29:01:00	79	17,19	0,00
29:02:00	79	17,17	0,00
29:03:00	78	17,17	0,00
29:04:00	79	17,17	0,00
29:05:00	78	17,16	0,00
29:06:00	79	17,17	0,00
29:07:00	79	17,17	0,00
29:08:00	79	17,16	0,00
29:09:00	78	17,17	0,00
29:10:00	79	17,18	0,00
29:11:00	78	17,17	0,00
29:12:00	79	17,16	0,00
29:13:00	78	17,16	0,00
29:14:00	78	17,16	0,00
29:15:00	79	17,16	0,00
29:16:00	79	17,16	0,00
29:17:00	78	17,16	0,00
29:18:00	79	17,15	0,00
29:19:00	79	17,16	0,00
29:20:00	78	17,16	0,00
29:21:00	79	17,16	0,00
29:22:00	78	17,16	0,00
29:23:00	78	17,16	0,00
29:24:00	79	17,16	0,00
29:25:00	79	17,16	0,00
29:26:00	78	17,16	0,00
29:27:00	79	17,16	0,00
29:28:00	79	17,14	0,00
29:29:00	79	17,15	0,00
29:30:00	78	17,16	0,00
29:31:00	79	17,16	0,00
29:32:00	79	17,16	0,00
29:33:00	78	17,16	0,00
29:34:00	79	17,16	0,00
29:35:00	79	17,16	0,00
29:36:00	78	17,16	0,00
29:37:00	79	17,16	0,00
29:38:00	78	17,16	0,00
29:39:00	79	17,15	0,00
29:40:00	78	17,15	0,00
29:41:00	79	17,15	0,00
29:42:00	78	17,15	0,00
29:43:00	78	17,15	0,00
29:44:00	79	17,15	0,00
29:45:00	79	17,16	0,00
29:46:00	79	17,16	0,00
29:47:00	79	17,15	0,00
29:48:00	79	17,15	0,00
29:49:00	79	17,15	0,00
29:50:00	79	17,15	0,00
29:51:00	79	17,15	0,00
29:52:00	78	17,15	0,00
29:53:00	79	17,16	0,00
29:54:00	78	17,15	0,00
29:55:00	78	17,15	0,00
29:56:00	79	17,15	0,00
29:57:00	78	17,15	0,00
29:58:00	78	17,15	0,00
29:59:00	79	17,14	0,00
30:00:00	79	17,15	0,00
30:01:00	79	17,15	0,00
30:02:00	79	17,14	0,00
30:03:00	79	17,15	0,00
30:04:00	79	17,15	0,00
30:05:00	79	17,15	0,00
30:06:00	79	17,14	0,00
30:07:00	79	17,14	0,00
30:08:00	78	17,14	0,00
30:09:00	78	17,14	0,00
30:10:00	78	17,14	0,00
30:11:00	79	17,13	0,00
30:12:00	79	17,14	0,00
30:13:00	79	17,13	0,00
30:14:00	78	17,13	0,00
30:15:00	79	17,13	0,00
30:16:00	79	17,13	0,00
30:17:00	79	17,13	0,00
30:18:00	79	17,13	0,00
30:19:00	79	17,13	0,00
30:20:00	78	17,13	0,00
30:21:00	79	17,13	0,00
30:22:00	79	17,14	0,00
30:23:00	79	17,13	0,00
30:24:00	79	17,13	0,00
30:25:00	79	17,13	0,00
30:26:00	79	17,12	0,00
30:27:00	78	17,12	0,00
30:28:00	79	17,13	0,00
30:29:00	79	17,12	0,00
30:30:00	79	17,12	0,00
30:31:00	79	17,12	0,00
30:32:00	79	17,12	0,00
30:33:00	79	17,12	0,00
30:34:00	79	17,12	0,00
30:35:00	79	17,11	0,00
30:36:00	79	17,11	0,00
30:37:00	79	17,11	0,00
30:38:00	78	17,11	0,00
30:39:00	78	17,11	0,00
30:40:00	79	17,11	0,00
30:41:00	79	17,11	0,00
30:42:00	79	17,11	0,00
30:43:00	79	17,12	0,00
30:44:00	79	17,11	0,00
30:45:00	79	17,11	0,00
30:46:00	79	17,11	0,00
30:47:00	79	17,11	0,00
30:48:00	79	17,11	0,00
30:49:00	79	17,11	0,00
30:50:00	79	17,11	0,00
30:51:00	79	17,10	0,00
30:52:00	79	17,11	0,00
30:53:00	79	17,11	0,00
30:54:00	79	17,11	0,00
30:55:00	79	17,11	0,00
30:56:00	78	17,10	0,00
30:57:00	79	17,11	0,00
30:58:00	79	17,11	0,00
30:59:00	78	17,11	0,00
31:00:00	79	17,10	0,00
31:01:00	79	17,10	0,00
31:02:00	79	17,10	0,00
31:03:00	79	17,09	0,00
31:04:00	79	17,08	0,00
31:05:00	78	17,08	0,00
31:06:00	78	17,09	0,00
31:07:00	79	17,08	0,00
31:08:00	79	17,10	0,00
31:09:00	79	17,09	0,00
31:10:00	79	17,07	0,00
31:11:00	79	17,08	0,00
31:12:00	79	17,08	0,00
31:13:00	79	17,08	0,00
31:14:00	79	17,07	0,00
31:15:00	79	17,08	0,00
31:16:00	78	17,08	0,00
31:17:00	79	17,07	0,00
31:18:00	79	17,07	0,00
31:19:00	78	17,09	0,00
31:20:00	79	17,08	0,00
31:21:00	79	17,08	0,00
31:22:00	79	17,08	0,00
31:23:00	79	17,07	0,00
31:24:00	79	17,07	0,00
31:25:00	79	17,07	0,00
31:26:00	79	17,07	0,00
31:27:00	78	17,07	0,00
31:28:00	79	17,07	0,00
31:29:00	79	17,07	0,00
31:30:00	79	17,07	0,00
31:31:00	79	17,07	0,00
31:32:00	79	17,07	0,00
31:33:00	79	17,07	0,00
31:34:00	78	17,06	0,00
31:35:00	78	17,05	0,00
31:36:00	79	17,06	0,00
31:37:00	79	17,05	0,00
31:38:00	79	17,05	0,00
31:39:00	79	17,05	0,00
31:40:00	79	17,05	0,00
31:41:00	79	17,05	0,00
31:42:00	79	17,05	0,00
31:43:00	78	17,06	0,00
31:44:00	78	17,05	0,00
31:45:00	79	17,05	0,00
31:46:00	78	17,05	0,00
31:47:00	79	17,05	0,00
31:48:00	78	17,05	0,00
31:49:00	79	17,05	0,00
31:50:00	79	17,05	0,00
31:51:00	78	17,05	0,00
31:52:00	79	17,05	0,00
31:53:00	78	17,05	0,00
31:54:00	78	17,05	0,00
31:55:00	79	17,05	0,00
31:56:00	78	17,05	0,00
31:57:00	78	17,04	0,00
31:58:00	79	17,05	0,00
31:59:00	79	17,03	0,00
32:00:00	78	17,05	0,00
32:01:00	79	17,04	0,00
32:02:00	79	17,04	0,00
32:03:00	79	17,04	0,00
32:04:00	79	17,03	0,00
32:05:00	79	17,02	0,00
32:06:00	79	17,02	0,00
32:07:00	79	17,02	0,00
32:08:00	78	17,02	0,00
32:09:00	79	17,02	0,00
32:10:00	79	17,03	0,00
32:11:00	79	17,02	0,00
32:12:00	78	17,02	0,00
32:13:00	79	17,02	0,00
32:14:00	79	17,02	0,00
32:15:00	79	17,02	0,00
32:16:00	78	17,02	0,00
32:17:00	79	17,02	0,00
32:18:00	79	17,02	0,00
32:19:00	79	17,02	0,00
32:20:00	79	17,02	0,00
32:21:00	79	17,01	0,00
32:22:00	79	17,02	0,00
32:23:00	79	17,02	0,00
32:24:00	79	17,01	0,00
32:25:00	79	17,02	0,00
32:26:00	79	17,01	0,00
32:27:00	79	17,01	0,00
32:28:00	79	16,99	0,00
32:29:00	79	17,00	0,00
32:30:00	79	17,00	0,00
32:31:00	79	16,99	0,00
32:32:00	79	16,99	0,00
32:33:00	79	16,98	0,00
32:34:00	79	16,98	0,00
32:35:00	79	16,98	0,00
32:36:00	78	16,98	0,00
32:37:00	78	16,98	0,00
32:38:00	79	16,98	0,00
32:39:00	79	16,98	0,00
32:40:00	79	16,98	0,00
32:41:00	79	16,98	0,00
32:42:00	79	16,97	0,00
32:43:00	79	16,98	0,00
32:44:00	79	16,98	0,00
32:45:00	79	16,98	0,00
32:46:00	79	16,96	0,00
32:47:00	79	16,96	0,00
32:48:00	78	16,97	0,00
32:49:00	79	16,96	0,00
32:50:00	79	16,96	0,00
32:51:00	79	16,96	0,00
32:52:00	78	16,97	0,00
32:53:00	79	16,97	0,00
32:54:00	79	16,96	0,00
32:55:00	78	16,96	0,00
32:56:00	79	16,95	0,00
32:57:00	79	16,95	0,00
32:58:00	78	16,95	0,00
32:59:00	79	16,95	0,00
33:00:00	79	16,95	0,00
33:01:00	79	16,95	0,00
33:02:00	79	16,95	0,00
33:03:00	79	16,95	0,00
33:04:00	79	16,95	0,00
33:05:00	79	16,95	0,00
33:06:00	79	16,95	0,00
33:07:00	78	16,95	0,00
33:08:00	78	16,95	0,00
33:09:00	79	16,94	0,00
33:10:00	78	16,95	0,00
33:11:00	79	16,95	0,00
33:12:00	79	16,94	0,00
33:13:00	79	16,95	0,00
33:14:00	78	16,93	0,00
33:15:00	79	16,95	0,00
33:16:00	78	16,94	0,00
33:17:00	79	16,93	0,00
33:18:00	79	16,94	0,00
33:19:00	78	16,93	0,00
33:20:00	79	16,93	0,00
33:21:00	78	16,93	0,00
33:22:00	78	16,93	0,00
33:23:00	78	16,93	0,00
33:24:00	79	16,92	0,00
33:25:00	79	16,93	0,00
33:26:00	79	16,92	0,00
33:27:00	79	16,93	0,00
33:28:00	78	16,92	0,00
33:29:00	78	16,92	0,00
33:30:00	79	16,92	0,00
33:31:00	79	16,92	0,00
33:32:00	79	16,91	0,00
33:33:00	79	16,91	0,00
33:34:00	79	16,91	0,00
33:35:00	79	16,90	0,00
33:36:00	78	16,91	0,00
33:37:00	79	16,91	0,00
33:38:00	79	16,91	0,00
33:39:00	78	16,90	0,00
33:40:00	79	16,89	0,00
33:41:00	78	16,89	0,00
33:42:00	79	16,90	0,00
33:43:00	79	16,89	0,00
33:44:00	79	16,89	0,00
33:45:00	79	16,90	0,00
33:46:00	78	16,89	0,00
33:47:00	78	16,89	0,00
33:48:00	78	16,89	0,00
33:49:00	79	16,89	0,00
33:50:00	78	16,88	0,00
33:51:00	79	16,88	0,00
33:52:00	79	16,88	0,00
33:53:00	79	16,88	0,00
33:54:00	78	16,89	0,00
33:55:00	79	16,87	0,00
33:56:00	79	16,87	0,00
33:57:00	79	16,86	0,00
33:58:00	78	16,86	0,00
33:59:00	78	16,86	0,00
34:00:00	79	16,85	0,00
34:01:00	79	16,86	0,00
34:02:00	79	16,85	0,00
34:03:00	79	16,85	0,00
34:04:00	79	16,85	0,00
34:05:00	79	16,85	0,00
34:06:00	79	16,85	0,00
34:07:00	79	16,85	0,00
34:08:00	79	16,85	0,00
34:09:00	79	16,84	0,00
34:10:00	78	16,84	0,00
34:11:00	79	16,84	0,00
34:12:00	78	16,84	0,00
34:13:00	79	16,84	0,00
34:14:00	78	16,83	0,00
34:15:00	79	16,84	0,00
34:16:00	79	16,83	0,00
34:17:00	78	16,83	0,00
34:18:00	79	16,83	0,00
34:19:00	79	16,83	0,00
34:20:00	79	16,83	0,00
34:21:00	79	16,82	0,00
34:22:00	79	16,82	0,00
34:23:00	79	16,81	0,00
34:24:00	79	16,81	0,00
34:25:00	79	16,81	0,00
34:26:00	79	16,82	0,00
34:27:00	78	16,81	0,00
34:28:00	79	16,80	0,00
34:29:00	79	16,80	0,00
34:30:00	79	16,80	0,00
34:31:00	78	16,80	0,00
34:32:00	79	16,81	0,00
34:33:00	79	16,80	0,00
34:34:00	78	16,80	0,00
34:35:00	79	16,80	0,00
34:36:00	79	16,80	0,00
34:37:00	79	16,79	0,00
34:38:00	78	16,79	0,00
34:39:00	78	16,79	0,00
34:40:00	79	16,79	0,00
34:41:00	79	16,79	0,00
34:42:00	79	16,78	0,00
34:43:00	79	16,79	0,00
34:44:00	78	16,78	0,00
34:45:00	79	16,77	0,00
34:46:00	78	16,77	0,00
34:47:00	79	16,77	0,00
34:48:00	79	16,77	0,00
34:49:00	79	16,77	0,00
34:50:00	78	16,76	0,00
34:51:00	79	16,75	0,00
34:52:00	79	16,75	0,00
34:53:00	78	16,75	0,00
34:54:00	79	16,75	0,00
34:55:00	79	16,75	0,00
34:56:00	79	16,74	0,00
34:57:00	79	16,74	0,00
34:58:00	78	16,72	0,00
34:59:00	79	16,72	0,00
35:00:00	79	16,72	0,00
35:01:00	79	16,72	0,00
35:02:00	79	16,71	0,00
35:03:00	78	16,71	0,00
35:04:00	79	16,71	0,00
35:05:00	79	16,71	0,00
35:06:00	78	16,71	0,00
35:07:00	78	16,71	0,00
35:08:00	79	16,71	0,00
35:09:00	79	16,70	0,00
35:10:00	79	16,69	0,00
35:11:00	79	16,70	0,00
35:12:00	79	16,69	0,00
35:13:00	79	16,70	0,00
35:14:00	79	16,70	0,00
35:15:00	79	16,70	0,00
35:16:00	79	16,69	0,00
35:17:00	79	16,69	0,00
35:18:00	79	16,68	0,00
35:19:00	79	16,68	0,00
35:20:00	78	16,68	0,00
35:21:00	78	16,68	0,00
35:22:00	79	16,68	0,00
35:23:00	79	16,67	0,00
35:24:00	79	16,68	0,00
35:25:00	79	16,68	0,00
35:26:00	78	16,67	0,00
35:27:00	78	16,66	0,00
35:28:00	79	16,66	0,00
35:29:00	79	16,66	0,00
35:30:00	79	16,66	0,00
35:31:00	78	16,66	0,00
35:32:00	78	16,65	0,00
35:33:00	78	16,65	0,00
35:34:00	79	16,65	0,00
35:35:00	79	16,65	0,00
35:36:00	79	16,64	0,00
35:37:00	79	16,63	0,00
35:38:00	78	16,64	0,00
35:39:00	78	16,63	0,00
35:40:00	79	16,63	0,00
35:41:00	79	16,63	0,00
35:42:00	79	16,63	0,00
35:43:00	78	16,62	0,00
35:44:00	79	16,62	0,00
35:45:00	79	16,61	0,00
35:46:00	78	16,61	0,00
35:47:00	79	16,60	0,00
35:48:00	78	16,59	0,00
35:49:00	79	16,59	0,00
35:50:00	79	16,58	0,00
35:51:00	79	16,58	0,00
35:52:00	79	16,58	0,00
35:53:00	79	16,57	0,00
35:54:00	79	16,57	0,00
35:55:00	79	16,57	0,00
35:56:00	79	16,57	0,00
35:57:00	78	16,56	0,00
35:58:00	78	16,57	0,00
35:59:00	79	16,57	0,00
36:00:00	79	16,56	0,00
36:01:00	79	16,55	0,00
36:02:00	78	16,55	0,00
36:03:00	79	16,54	0,00
36:04:00	79	16,54	0,00
36:05:00	79	16,54	0,00
36:06:00	78	16,54	0,00
36:07:00	79	16,54	0,00
36:08:00	78	16,53	0,00
36:09:00	79	16,51	0,00
36:10:00	79	16,52	0,00
36:11:00	78	16,53	0,00
36:12:00	79	16,51	0,00
36:13:00	79	16,50	0,00
36:14:00	79	16,50	0,00
36:15:00	79	16,51	0,00
36:16:00	79	16,49	0,00
36:17:00	79	16,47	0,00
36:18:00	79	16,47	0,00
36:19:00	79	16,48	0,00
36:20:00	79	16,47	0,00
36:21:00	79	16,47	0,00
36:22:00	79	16,47	0,00
36:23:00	79	16,47	0,00
36:24:00	79	16,46	0,00
36:25:00	79	16,45	0,00
36:26:00	79	16,45	0,00
36:27:00	78	16,45	0,00
36:28:00	78	16,45	0,00
36:29:00	78	16,45	0,00
36:30:00	79	16,45	0,00
36:31:00	79	16,44	0,00
36:32:00	79	16,44	0,00
36:33:00	79	16,44	0,00
36:34:00	79	16,43	0,00
36:35:00	79	16,43	0,00
36:36:00	78	16,42	0,00
36:37:00	79	16,42	0,00
36:38:00	79	16,41	0,00
36:39:00	79	16,41	0,00
36:40:00	79	16,41	0,00
36:41:00	79	16,40	0,00
36:42:00	79	16,40	0,00
36:43:00	79	16,39	0,00
36:44:00	79	16,39	0,00
36:45:00	79	16,38	0,00
36:46:00	79	16,38	0,00
36:47:00	79	16,38	0,00
36:48:00	79	16,38	0,00
36:49:00	79	16,37	0,00
36:50:00	79	16,37	0,00
36:51:00	78	16,36	0,00
36:52:00	78	16,36	0,00
36:53:00	79	16,35	0,00
36:54:00	78	16,35	0,00
36:55:00	79	16,35	0,00
36:56:00	78	16,35	0,00
36:57:00	78	16,35	0,00
36:58:00	78	16,35	0,00
36:59:00	79	16,33	0,00
37:00:00	78	16,33	0,00
37:01:00	79	16,33	0,00
37:02:00	79	16,33	0,00
37:03:00	78	16,32	0,00
37:04:00	79	16,32	0,00
37:05:00	78	16,32	0,00
37:06:00	78	16,31	0,00
37:07:00	78	16,31	0,00
37:08:00	79	16,31	0,00
37:09:00	79	16,30	0,00
37:10:00	78	16,30	0,00
37:11:00	79	16,29	0,00
37:12:00	79	16,29	0,00
37:13:00	79	16,28	0,01
37:14:00	79	16,27	0,01
37:15:00	79	16,27	0,01
37:16:00	78	16,27	0,01
37:17:00	78	16,26	0,01
37:18:00	79	16,27	0,01
37:19:00	79	16,26	0,01
37:20:00	79	16,24	0,02
37:21:00	79	16,24	0,02
37:22:00	79	16,23	0,03
37:23:00	79	16,23	0,03
37:24:00	78	16,23	0,02
37:25:00	78	16,22	0,03
37:26:00	79	16,23	0,03
37:27:00	79	16,22	0,03
37:28:00	78	16,22	0,03
37:29:00	79	16,22	0,03
37:30:00	79	16,21	0,03
37:31:00	79	16,21	0,03
37:32:00	79	16,20	0,04
37:33:00	79	16,20	0,04
37:34:00	79	16,20	0,04
37:35:00	79	16,19	0,04
37:36:00	79	16,19	0,04
37:37:00	79	16,17	0,05
37:38:00	78	16,17	0,05
37:39:00	78	16,17	0,05
37:40:00	79	16,17	0,05
37:41:00	79	16,16	0,05
37:42:00	79	16,14	0,06
37:43:00	78	16,14	0,06
37:44:00	79	16,14	0,06
37:45:00	79	16,13	0,06
37:46:00	78	16,12	0,07
37:47:00	79	16,12	0,07
37:48:00	79	16,11	0,07
37:49:00	79	16,11	0,07
37:50:00	78	16,11	0,07
37:51:00	79	16,10	0,08
37:52:00	79	16,10	0,08
37:53:00	79	16,09	0,08
37:54:00	79	16,09	0,08
37:55:00	79	16,09	0,08
37:56:00	79	16,09	0,08
37:57:00	78	16,07	0,09
37:58:00	79	16,07	0,09
37:59:00	79	16,07	0,09
38:00:00	79	16,06	0,09
38:01:00	79	16,05	0,10
38:02:00	79	16,05	0,10
38:03:00	79	16,04	0,10
38:04:00	79	16,03	0,10
38:05:00	79	16,03	0,10
38:06:00	78	16,03	0,11
38:07:00	78	16,02	0,11
38:08:00	79	16,01	0,11
38:09:00	78	16,01	0,11
38:10:00	78	15,99	0,12
38:11:00	79	15,99	0,12
38:12:00	79	15,98	0,13
38:13:00	78	15,98	0,13
38:14:00	79	15,98	0,13
38:15:00	78	15,97	0,13
38:16:00	79	15,96	0,13
38:17:00	79	15,96	0,13
38:18:00	78	15,96	0,13
38:19:00	79	15,96	0,13
38:20:00	78	15,95	0,14
38:21:00	79	15,95	0,14
38:22:00	78	15,94	0,14
38:23:00	79	15,93	0,14
38:24:00	79	15,94	0,14
38:25:00	79	15,93	0,14
38:26:00	79	15,92	0,15
38:27:00	79	15,92	0,15
38:28:00	79	15,92	0,15
38:29:00	79	15,91	0,16
38:30:00	79	15,91	0,16
38:31:00	79	15,90	0,16
38:32:00	79	15,90	0,16
38:33:00	79	15,88	0,17
38:34:00	78	15,87	0,17
38:35:00	79	15,89	0,16
38:36:00	79	15,87	0,17
38:37:00	78	15,86	0,18
38:38:00	79	15,86	0,18
38:39:00	79	15,85	0,18
38:40:00	79	15,85	0,18
38:41:00	79	15,84	0,18
38:42:00	79	15,84	0,19
38:43:00	79	15,83	0,19
38:44:00	79	15,82	0,19
38:45:00	79	15,83	0,19
38:46:00	79	15,83	0,19
38:47:00	79	15,81	0,20
38:48:00	78	15,81	0,20
38:49:00	79	15,81	0,20
38:50:00	79	15,79	0,21
38:51:00	78	15,79	0,21
38:52:00	79	15,79	0,21
38:53:00	79	15,78	0,21
38:54:00	79	15,78	0,21
38:55:00	79	15,77	0,22
38:56:00	78	15,76	0,22
38:57:00	79	15,76	0,22
38:58:00	79	15,76	0,22
38:59:00	79	15,76	0,22
39:00:00	79	15,75	0,23
39:01:00	78	15,75	0,23
39:02:00	79	15,74	0,23
39:03:00	79	15,74	0,23
39:04:00	79	15,73	0,23
39:05:00	79	15,73	0,24
39:06:00	79	15,73	0,24
39:07:00	79	15,72	0,24
39:08:00	79	15,70	0,25
39:09:00	79	15,70	0,25
39:10:00	78	15,69	0,25
39:11:00	79	15,69	0,25
39:12:00	79	15,68	0,26
39:13:00	78	15,68	0,26
39:14:00	78	15,66	0,26
39:15:00	79	15,66	0,27
39:16:00	79	15,65	0,27
39:17:00	79	15,64	0,28
39:18:00	79	15,64	0,28
39:19:00	78	15,63	0,28
39:20:00	79	15,63	0,28
39:21:00	79	15,63	0,28
39:22:00	79	15,63	0,28
39:23:00	78	15,63	0,28
39:24:00	79	15,61	0,29
39:25:00	79	15,61	0,29
39:26:00	78	15,61	0,29
39:27:00	79	15,60	0,30
39:28:00	79	15,59	0,30
39:29:00	78	15,59	0,30
39:30:00	79	15,58	0,30
39:31:00	79	15,58	0,30
39:32:00	78	15,57	0,31
39:33:00	78	15,57	0,31
39:34:00	79	15,55	0,32
39:35:00	79	15,55	0,32
39:36:00	78	15,53	0,33
39:37:00	78	15,52	0,33
39:38:00	79	15,52	0,33
39:39:00	78	15,52	0,34
39:40:00	79	15,51	0,34
39:41:00	78	15,51	0,34
39:42:00	79	15,50	0,34
39:43:00	79	15,49	0,35
39:44:00	78	15,49	0,35
39:45:00	78	15,48	0,35
39:46:00	78	15,48	0,36
39:47:00	78	15,48	0,36
39:48:00	79	15,47	0,36
39:49:00	78	15,47	0,36
39:50:00	78	15,46	0,36
39:51:00	79	15,45	0,37
39:52:00	79	15,45	0,37
39:53:00	79	15,44	0,37
39:54:00	79	15,44	0,37
39:55:00	79	15,43	0,38
39:56:00	79	15,43	0,38
39:57:00	78	15,42	0,39
39:58:00	78	15,41	0,39
39:59:00	79	15,40	0,39
40:00:00	78	15,39	0,40
40:01:00	78	15,38	0,41
40:02:00	79	15,36	0,41
40:03:00	79	15,36	0,41
40:04:00	79	15,36	0,41
40:05:00	78	15,36	0,42
40:06:00	79	15,36	0,42
40:07:00	78	15,34	0,42
40:08:00	79	15,34	0,42
40:09:00	78	15,33	0,43
40:10:00	79	15,33	0,43
40:11:00	78	15,33	0,43
40:12:00	78	15,31	0,44
40:13:00	79	15,30	0,44
40:14:00	79	15,30	0,45
40:15:00	79	15,29	0,45
40:16:00	79	15,27	0,46
40:17:00	79	15,28	0,46
40:18:00	79	15,27	0,46
40:19:00	79	15,26	0,47
40:20:00	79	15,25	0,47
40:21:00	78	15,25	0,47
40:22:00	79	15,25	0,48
40:23:00	79	15,25	0,48
40:24:00	79	15,25	0,48
40:25:00	79	15,24	0,48
40:26:00	79	15,22	0,49
40:27:00	78	15,21	0,49
40:28:00	78	15,21	0,49
40:29:00	78	15,20	0,50
40:30:00	79	15,19	0,51
40:31:00	79	15,18	0,51
40:32:00	79	15,18	0,51
40:33:00	79	15,17	0,52
40:34:00	79	15,15	0,53
40:35:00	79	15,15	0,53
40:36:00	79	15,15	0,53
40:37:00	79	15,13	0,54
40:38:00	79	15,14	0,54
40:39:00	79	15,13	0,54
40:40:00	79	15,12	0,55
40:41:00	79	15,12	0,55
40:42:00	79	15,10	0,56
40:43:00	79	15,09	0,56
40:44:00	78	15,09	0,56
40:45:00	79	15,09	0,57
40:46:00	78	15,08	0,57
40:47:00	79	15,07	0,57
40:48:00	79	15,08	0,57
40:49:00	78	15,05	0,59
40:50:00	79	15,05	0,59
40:51:00	78	15,04	0,60
40:52:00	79	15,04	0,60
40:53:00	78	15,04	0,60
40:54:00	79	15,01	0,61
40:55:00	79	15,01	0,61
40:56:00	79	15,01	0,61
40:57:00	79	15,00	0,62
40:58:00	78	14,99	0,62
40:59:00	78	14,98	0,63
41:00:00	78	14,97	0,63
41:01:00	79	14,95	0,65
41:02:00	79	14,96	0,64
41:03:00	78	14,95	0,65
41:04:00	79	14,94	0,65
41:05:00	79	14,93	0,66
41:06:00	79	14,92	0,66
41:07:00	78	14,91	0,67
41:08:00	78	14,90	0,68
41:09:00	79	14,89	0,68
41:10:00	79	14,89	0,68
41:11:00	79	14,88	0,69
41:12:00	79	14,88	0,69
41:13:00	79	14,87	0,70
41:14:00	79	14,86	0,70
41:15:00	78	14,85	0,71
41:16:00	78	14,84	0,72
41:17:00	79	14,83	0,72
41:18:00	79	14,82	0,73
41:19:00	78	14,81	0,73
41:20:00	79	14,81	0,73
41:21:00	79	14,80	0,74
41:22:00	79	14,79	0,75
41:23:00	78	14,79	0,75
41:24:00	78	14,78	0,75
41:25:00	79	14,77	0,76
41:26:00	78	14,76	0,77
41:27:00	79	14,75	0,77
41:28:00	78	14,74	0,78
41:29:00	79	14,73	0,79
41:30:00	78	14,73	0,79
41:31:00	78	14,72	0,79
41:32:00	79	14,71	0,80
41:33:00	79	14,69	0,81
41:34:00	79	14,68	0,82
41:35:00	79	14,67	0,82
41:36:00	79	14,67	0,83
41:37:00	79	14,66	0,83
41:38:00	79	14,65	0,84
41:39:00	79	14,64	0,85
41:40:00	79	14,63	0,85
41:41:00	79	14,62	0,86
41:42:00	78	14,62	0,86
41:43:00	78	14,62	0,86
41:44:00	78	14,59	0,88
41:45:00	78	14,58	0,89
41:46:00	79	14,58	0,89
41:47:00	79	14,56	0,90
41:48:00	78	14,55	0,91
41:49:00	78	14,55	0,91
41:50:00	78	14,54	0,92
41:51:00	79	14,53	0,92
41:52:00	79	14,53	0,92
41:53:00	79	14,52	0,93
41:54:00	79	14,51	0,94
41:55:00	78	14,50	0,94
41:56:00	79	14,48	0,96
41:57:00	79	14,48	0,96
41:58:00	79	14,46	0,98
41:59:00	79	14,45	0,98
42:00:00	79	14,43	1,00
42:01:00	79	14,42	1,00
42:02:00	78	14,41	1,01
42:03:00	79	14,41	1,02
42:04:00	78	14,39	1,03
42:05:00	79	14,38	1,03
42:06:00	79	14,37	1,04
42:07:00	78	14,37	1,04
42:08:00	79	14,35	1,06
42:09:00	78	14,34	1,07
42:10:00	78	14,33	1,07
42:11:00	78	14,32	1,08
42:12:00	79	14,31	1,09
42:13:00	78	14,30	1,10
42:14:00	78	14,30	1,10
42:15:00	78	14,29	1,10
42:16:00	79	14,29	1,11
42:17:00	78	14,28	1,11
42:18:00	79	14,27	1,12
42:19:00	79	14,25	1,14
42:20:00	79	14,24	1,14
42:21:00	78	14,22	1,16
42:22:00	79	14,21	1,17
42:23:00	79	14,19	1,19
42:24:00	78	14,18	1,19
42:25:00	79	14,17	1,20
42:26:00	78	14,16	1,20
42:27:00	78	14,15	1,22
42:28:00	79	14,15	1,22
42:29:00	78	14,14	1,22
42:30:00	79	14,11	1,25
42:31:00	79	14,11	1,26
42:32:00	78	14,09	1,27
42:33:00	78	14,07	1,28
42:34:00	79	14,06	1,29
42:35:00	79	14,05	1,31
42:36:00	78	14,05	1,31
42:37:00	79	14,04	1,31
42:38:00	79	14,04	1,31
42:39:00	79	14,02	1,33
42:40:00	79	14,02	1,33
42:41:00	79	14,01	1,34
42:42:00	79	13,99	1,35
42:43:00	78	13,98	1,37
42:44:00	78	13,96	1,38
42:45:00	78	13,96	1,38
42:46:00	79	13,93	1,41
42:47:00	78	13,92	1,42
42:48:00	78	13,92	1,42
42:49:00	78	13,91	1,43
42:50:00	79	13,89	1,44
42:51:00	78	13,89	1,44
42:52:00	79	13,87	1,47
42:53:00	78	13,84	1,49
42:54:00	79	13,84	1,49
42:55:00	79	13,83	1,50
42:56:00	79	13,83	1,50
42:57:00	79	13,80	1,52
42:58:00	78	13,79	1,54
42:59:00	79	13,79	1,54
43:00:00	79	13,78	1,55
43:01:00	79	13,75	1,57
43:02:00	79	13,74	1,59
43:03:00	78	13,73	1,60
43:04:00	78	13,71	1,62
43:05:00	79	13,70	1,63
43:06:00	79	13,69	1,63
43:07:00	79	13,68	1,64
43:08:00	78	13,68	1,65
43:09:00	78	13,67	1,66
43:10:00	79	13,66	1,66
43:11:00	79	13,66	1,67
43:12:00	79	13,65	1,68
43:13:00	78	13,60	1,73
43:14:00	79	13,59	1,74
43:15:00	79	13,58	1,75
43:16:00	79	13,57	1,76
43:17:00	79	13,55	1,78
43:18:00	79	13,55	1,78
43:19:00	79	13,54	1,80
43:20:00	79	13,48	1,85
43:21:00	78	13,48	1,85
43:22:00	79	13,46	1,88
43:23:00	79	13,45	1,89
43:24:00	79	13,45	1,89
43:25:00	79	13,44	1,90
43:26:00	79	13,42	1,92
43:27:00	79	13,41	1,93
43:28:00	79	13,41	1,94
43:29:00	79	13,40	1,94
43:30:00	78	13,39	1,96
43:31:00	79	13,36	1,99
43:32:00	78	13,35	2,00
43:33:00	78	13,34	2,01
43:34:00	78	13,33	2,02
43:35:00	78	13,33	2,02
43:36:00	78	13,32	2,03
43:37:00	79	13,32	2,04
43:38:00	78	13,30	2,06
43:39:00	79	13,30	2,06
43:40:00	78	13,27	2,10
43:41:00	78	13,23	2,14
43:42:00	79	13,23	2,15
43:43:00	78	13,22	2,15
43:44:00	79	13,20	2,18
43:45:00	78	13,18	2,21
43:46:00	79	13,18	2,20
43:47:00	79	13,17	2,22
43:48:00	78	13,16	2,23
43:49:00	79	13,14	2,26
43:50:00	79	13,11	2,28
43:51:00	79	13,10	2,30
43:52:00	78	13,09	2,32
43:53:00	78	13,08	2,33
43:54:00	78	13,07	2,34
43:55:00	79	13,05	2,37
43:56:00	79	13,01	2,42
43:57:00	79	13,00	2,44
43:58:00	79	13,00	2,44
43:59:00	79	12,98	2,46
44:00:00	78	12,96	2,49
44:01:00	79	12,95	2,50
44:02:00	78	12,94	2,51
44:03:00	79	12,94	2,51
44:04:00	79	12,92	2,54
44:05:00	78	12,91	2,56
44:06:00	79	12,88	2,60
44:07:00	79	12,87	2,62
44:08:00	79	12,86	2,63
44:09:00	79	12,85	2,64
44:10:00	78	12,84	2,66
44:11:00	79	12,83	2,67
44:12:00	79	12,81	2,70
44:13:00	79	12,79	2,72
44:14:00	79	12,78	2,75
44:15:00	79	12,76	2,77
44:16:00	78	12,74	2,80
44:17:00	79	12,73	2,82
44:18:00	79	12,73	2,82
44:19:00	79	12,72	2,84
44:20:00	79	12,68	2,89
44:21:00	79	12,68	2,89
44:22:00	79	12,66	2,92
44:23:00	79	12,64	2,95
44:24:00	78	12,63	2,96
44:25:00	79	12,61	3,00
44:26:00	79	12,61	3,00
44:27:00	79	12,59	3,03
44:28:00	79	12,59	3,03
44:29:00	79	12,57	3,07
44:30:00	79	12,56	3,08
44:31:00	79	12,55	3,11
44:32:00	78	12,52	3,14
44:33:00	79	12,51	3,17
44:34:00	78	12,50	3,18
44:35:00	79	12,48	3,21
44:36:00	79	12,47	3,23
44:37:00	79	12,46	3,24
44:38:00	79	12,42	3,32
44:39:00	78	12,43	3,31
44:40:00	79	12,39	3,37
44:41:00	78	12,39	3,37
44:42:00	79	12,38	3,39
44:43:00	78	12,37	3,41
44:44:00	79	12,35	3,44
44:45:00	79	12,35	3,44
44:46:00	78	12,33	3,48
44:47:00	78	12,33	3,48
44:48:00	79	12,29	3,55
44:49:00	78	12,27	3,59
44:50:00	79	12,25	3,62
44:51:00	79	12,26	3,60
44:52:00	79	12,23	3,66
44:53:00	79	12,22	3,67
44:54:00	79	12,22	3,67
44:55:00	78	12,21	3,70
44:56:00	79	12,19	3,73
44:57:00	79	12,17	3,77
44:58:00	78	12,16	3,80
44:59:00	79	12,15	3,82
45:00:00	79	12,14	3,83
45:01:00	79	12,13	3,86
45:02:00	79	12,10	3,90
45:03:00	79	12,10	3,90
45:04:00	79	12,08	3,95
45:05:00	79	12,07	3,96
45:06:00	78	12,05	4,01
45:07:00	79	12,03	4,06
45:08:00	79	12,02	4,07
45:09:00	79	12,01	4,09
45:10:00	79	12,00	4,10
45:11:00	79	11,98	4,15
45:12:00	78	11,98	4,17
45:13:00	78	11,95	4,21
45:14:00	79	11,94	4,25
45:15:00	79	11,92	4,28
45:16:00	78	11,91	4,31
45:17:00	78	11,91	4,31
45:18:00	79	11,89	4,34
45:19:00	79	11,88	4,38
45:20:00	79	11,87	4,39
45:21:00	78	11,86	4,43
45:22:00	78	11,84	4,46
45:23:00	79	11,84	4,46
45:24:00	79	11,81	4,53
45:25:00	78	11,80	4,55
45:26:00	78	11,78	4,60
45:27:00	79	11,78	4,60
45:28:00	79	11,77	4,63
45:29:00	78	11,75	4,67
45:30:00	78	11,73	4,70
45:31:00	79	11,73	4,72
45:32:00	79	11,71	4,76
45:33:00	79	11,69	4,81
45:34:00	79	11,68	4,85
45:35:00	78	11,68	4,85
45:36:00	79	11,64	4,92
45:37:00	79	11,64	4,92
45:38:00	79	11,63	4,96
45:39:00	78	11,61	5,00
45:40:00	79	11,60	5,03
45:41:00	79	11,60	5,03
45:42:00	79	11,59	5,05
45:43:00	78	11,56	5,13
45:44:00	79	11,55	5,17
45:45:00	78	11,55	5,17
45:46:00	79	11,53	5,21
45:47:00	79	11,52	5,23
45:48:00	79	11,51	5,27
45:49:00	78	11,51	5,27
45:50:00	79	11,50	5,31
45:51:00	79	11,49	5,33
45:52:00	78	11,47	5,37
45:53:00	78	11,47	5,37
45:54:00	78	11,44	5,45
45:55:00	79	11,44	5,45
45:56:00	79	11,43	5,49
45:57:00	78	11,42	5,51
45:58:00	79	11,41	5,53
45:59:00	79	11,41	5,55
46:00:00	79	11,40	5,57
46:01:00	78	11,38	5,61
46:02:00	79	11,38	5,61
46:03:00	79	11,36	5,68
46:04:00	79	11,35	5,72
46:05:00	78	11,33	5,76
46:06:00	78	11,32	5,79
46:07:00	79	11,32	5,81
46:08:00	78	11,30	5,85
46:09:00	78	11,30	5,85
46:10:00	78	11,29	5,90
46:11:00	79	11,29	5,90
46:12:00	79	11,27	5,94
46:13:00	79	11,25	6,01
46:14:00	79	11,26	5,96
46:15:00	79	11,25	6,01
46:16:00	79	11,25	6,01
46:17:00	78	11,23	6,05
46:18:00	79	11,23	6,05
46:19:00	79	11,22	6,10
46:20:00	78	11,21	6,12
46:21:00	79	11,20	6,17
46:22:00	78	11,19	6,19
46:23:00	78	11,18	6,21
46:24:00	78	11,18	6,21
46:25:00	79	11,16	6,26
46:26:00	79	11,16	6,28
46:27:00	79	11,16	6,28
46:28:00	78	11,14	6,33
46:29:00	79	11,13	6,36
46:30:00	79	11,13	6,38
46:31:00	79	11,12	6,40
46:32:00	79	11,11	6,43
46:33:00	79	11,10	6,48
46:34:00	79	11,09	6,50
46:35:00	79	11,08	6,52
46:36:00	78	11,08	6,52
46:37:00	78	11,07	6,57
46:38:00	79	11,06	6,60
46:39:00	79	11,05	6,62
46:40:00	79	11,04	6,67
46:41:00	79	11,05	6,65
46:42:00	79	11,04	6,67
46:43:00	79	11,03	6,70
46:44:00	78	11,03	6,70
46:45:00	79	11,02	6,75
46:46:00	78	11,02	6,75
46:47:00	79	11,01	6,77
46:48:00	78	11,00	6,80
46:49:00	79	10,99	6,83
46:50:00	79	10,98	6,85
46:51:00	78	10,98	6,88
46:52:00	79	10,97	6,90
46:53:00	78	10,96	6,93
46:54:00	79	10,96	6,96
46:55:00	79	10,95	6,98
46:56:00	79	10,94	7,01
46:57:00	78	10,93	7,03
46:58:00	79	10,93	7,06
46:59:00	78	10,93	7,06
47:00:00	79	10,92	7,09
47:01:00	78	10,92	7,09
47:02:00	79	10,91	7,11
47:03:00	78	10,90	7,14
47:04:00	79	10,90	7,14
47:05:00	79	10,89	7,19
47:06:00	79	10,89	7,17
47:07:00	78	10,88	7,22
47:08:00	79	10,87	7,25
47:09:00	78	10,87	7,28
47:10:00	78	10,87	7,28
47:11:00	78	10,86	7,30
47:12:00	79	10,85	7,33
47:13:00	79	10,84	7,36
47:14:00	78	10,85	7,33
47:15:00	79	10,84	7,36
47:16:00	79	10,84	7,39
47:17:00	78	10,82	7,44
47:18:00	79	10,83	7,41
47:19:00	79	10,82	7,44
47:20:00	78	10,81	7,47
47:21:00	79	10,81	7,47
47:22:00	79	10,80	7,50
47:23:00	79	10,79	7,56
47:24:00	78	10,80	7,53
47:25:00	79	10,79	7,56
47:26:00	79	10,78	7,58
47:27:00	79	10,78	7,58
47:28:00	78	10,78	7,61
47:29:00	78	10,77	7,64
47:30:00	78	10,76	7,67
47:31:00	79	10,76	7,67
47:32:00	79	10,75	7,70
47:33:00	79	10,75	7,70
47:34:00	79	10,75	7,73
47:35:00	79	10,74	7,76
47:36:00	79	10,74	7,76
47:37:00	78	10,72	7,82
47:38:00	79	10,73	7,79
47:39:00	79	10,72	7,82
47:40:00	79	10,71	7,85
47:41:00	79	10,71	7,85
47:42:00	78	10,71	7,85
47:43:00	78	10,71	7,88
47:44:00	79	10,71	7,88
47:45:00	78	10,70	7,91
47:46:00	79	10,70	7,91
47:47:00	79	10,69	7,94
47:48:00	79	10,69	7,94
47:49:00	79	10,68	7,97
47:50:00	79	10,68	7,97
47:51:00	78	10,68	8,00
47:52:00	78	10,67	8,03
47:53:00	79	10,68	8,00
47:54:00	78	10,67	8,03
47:55:00	78	10,66	8,06
47:56:00	79	10,66	8,06
47:57:00	78	10,66	8,09
47:58:00	78	10,64	8,15
47:59:00	79	10,65	8,12
48:00:00	79	10,64	8,15
48:01:00	78	10,63	8,18
48:02:00	78	10,63	8,21
48:03:00	79	10,62	8,24
48:04:00	79	10,62	8,24
48:05:00	78	10,62	8,24
48:06:00	78	10,63	8,21
48:07:00	79	10,61	8,27
48:08:00	79	10,62	8,24
48:09:00	79	10,61	8,27
48:10:00	79	10,59	8,37
48:11:00	78	10,60	8,30
48:12:00	79	10,59	8,33
48:13:00	79	10,59	8,37
48:14:00	78	10,58	8,40
48:15:00	79	10,58	8,40
48:16:00	78	10,57	8,43
48:17:00	79	10,57	8,43
48:18:00	78	10,57	8,43
48:19:00	79	10,57	8,43
48:20:00	79	10,57	8,46
48:21:00	78	10,56	8,49
48:22:00	79	10,56	8,49
48:23:00	79	10,55	8,53
48:24:00	78	10,54	8,56
48:25:00	78	10,54	8,56
48:26:00	79	10,55	8,53
48:27:00	79	10,54	8,59
48:28:00	78	10,54	8,59
48:29:00	79	10,54	8,59
48:30:00	79	10,53	8,62
48:31:00	79	10,53	8,62
48:32:00	79	10,53	8,62
48:33:00	79	10,52	8,66
48:34:00	78	10,52	8,66
48:35:00	79	10,51	8,69
48:36:00	78	10,52	8,66
48:37:00	78	10,51	8,69
48:38:00	78	10,51	8,69
48:39:00	78	10,50	8,72
48:40:00	78	10,50	8,72
48:41:00	79	10,50	8,76
48:42:00	78	10,50	8,76
48:43:00	78	10,48	8,82
48:44:00	79	10,48	8,82
48:45:00	79	10,49	8,79
48:46:00	79	10,48	8,86
48:47:00	78	10,48	8,86
48:48:00	78	10,48	8,86
48:49:00	79	10,47	8,89
48:50:00	79	10,47	8,89
48:51:00	79	10,46	8,92
48:52:00	79	10,46	8,92
48:53:00	78	10,46	8,92
48:54:00	79	10,46	8,92
48:55:00	78	10,46	8,92
48:56:00	78	10,46	8,92
48:57:00	79	10,45	8,96
48:58:00	79	10,45	8,99
48:59:00	78	10,45	8,96
49:00:00	79	10,45	8,99
49:01:00	79	10,44	9,03
49:02:00	79	10,44	9,03
49:03:00	79	10,45	8,99
49:04:00	78	10,45	8,99
49:05:00	79	10,44	9,03
49:06:00	78	10,44	9,03
49:07:00	79	10,45	8,99
49:08:00	79	10,43	9,06
49:09:00	79	10,42	9,09
49:10:00	79	10,42	9,09
49:11:00	79	10,41	9,13
49:12:00	78	10,41	9,13
49:13:00	78	10,41	9,16
49:14:00	79	10,40	9,20
49:15:00	79	10,40	9,20
49:16:00	78	10,40	9,20
49:17:00	78	10,39	9,23
49:18:00	79	10,39	9,23
49:19:00	79	10,39	9,23
49:20:00	79	10,39	9,27
49:21:00	79	10,39	9,23
49:22:00	79	10,38	9,30
49:23:00	78	10,38	9,30
49:24:00	79	10,38	9,30
49:25:00	78	10,38	9,30
49:26:00	79	10,38	9,30
49:27:00	79	10,37	9,34
49:28:00	79	10,37	9,34
49:29:00	79	10,38	9,30
49:30:00	79	10,37	9,34
49:31:00	78	10,36	9,38
49:32:00	79	10,36	9,38
49:33:00	78	10,36	9,38
49:34:00	78	10,35	9,45
49:35:00	79	10,36	9,41
49:36:00	78	10,35	9,45
49:37:00	78	10,35	9,45
49:38:00	79	10,36	9,41
49:39:00	79	10,35	9,45
49:40:00	79	10,35	9,45
49:41:00	78	10,34	9,48
49:42:00	78	10,34	9,48
49:43:00	79	10,34	9,48
49:44:00	79	10,33	9,52
49:45:00	79	10,34	9,48
49:46:00	79	10,34	9,48
49:47:00	79	10,32	9,56
49:48:00	78	10,33	9,52
49:49:00	79	10,32	9,56
49:50:00	78	10,32	9,56
49:51:00	79	10,32	9,56
49:52:00	78	10,32	9,56
49:53:00	79	10,32	9,56
49:54:00	79	10,32	9,59
49:55:00	79	10,32	9,59
49:56:00	79	10,32	9,59
49:57:00	79	10,32	9,59
49:58:00	79	10,32	9,59
49:59:00	79	10,32	9,59
50:00:00	79	10,32	9,59
50:01:00	78	10,31	9,63
50:02:00	79	10,31	9,63
50:03:00	79	10,30	9,67
50:04:00	79	10,31	9,63
50:05:00	79	10,30	9,67
50:06:00	78	10,30	9,67
50:07:00	79	10,30	9,70
50:08:00	79	10,30	9,70
50:09:00	79	10,29	9,74
50:10:00	78	10,30	9,70
50:11:00	78	10,30	9,70
50:12:00	79	10,27	9,82
50:13:00	79	10,30	9,70
50:14:00	79	10,29	9,74
50:15:00	79	10,27	9,82
50:16:00	79	10,28	9,78
50:17:00	78	10,28	9,78
50:18:00	79	10,27	9,82
50:19:00	79	10,27	9,82
50:20:00	79	10,27	9,82
50:21:00	79	10,27	9,82
50:22:00	79	10,27	9,85
50:23:00	79	10,27	9,82
50:24:00	78	10,27	9,85
50:25:00	79	10,27	9,85
50:26:00	79	10,27	9,85
50:27:00	79	10,26	9,89
50:28:00	78	10,26	9,89
50:29:00	79	10,26	9,89
50:30:00	79	10,26	9,89
50:31:00	79	10,25	9,93
50:32:00	79	10,25	9,93
50:33:00	79	10,24	9,97
50:34:00	78	10,24	9,97
50:35:00	78	10,23	10,00
50:36:00	79	10,25	9,93
50:37:00	78	10,24	9,97
50:38:00	79	10,24	9,97
50:39:00	78	10,24	9,97
50:40:00	79	10,23	10,00
50:41:00	79	10,23	10,04
50:42:00	79	10,23	10,00
50:43:00	79	10,23	10,04
50:44:00	78	10,23	10,04
50:45:00	79	10,23	10,04
50:46:00	79	10,22	10,08
50:47:00	79	10,22	10,08
50:48:00	79	10,23	10,04
50:49:00	79	10,21	10,12
50:50:00	79	10,22	10,08
50:51:00	79	10,22	10,08
50:52:00	78	10,22	10,08
50:53:00	79	10,22	10,08
50:54:00	79	10,22	10,08
50:55:00	78	10,21	10,12
50:56:00	79	10,21	10,16
50:57:00	79	10,21	10,16
50:58:00	79	10,21	10,12
50:59:00	79	10,21	10,16
51:00:00	79	10,21	10,12
51:01:00	78	10,21	10,16
51:02:00	79	10,21	10,16
51:03:00	79	10,21	10,16
51:04:00	78	10,21	10,16
51:05:00	79	10,20	10,20
51:06:00	79	10,20	10,20
51:07:00	79	10,20	10,20
51:08:00	79	10,20	10,20
51:09:00	79	10,20	10,20
51:10:00	78	10,19	10,24
51:11:00	79	10,19	10,24
51:12:00	79	10,19	10,24
51:13:00	79	10,18	10,28
51:14:00	78	10,19	10,24
51:15:00	78	10,19	10,24
51:16:00	78	10,19	10,24
51:17:00	78	10,18	10,28
51:18:00	78	10,18	10,28
51:19:00	79	10,19	10,24
51:20:00	79	10,18	10,28
51:21:00	79	10,18	10,32
51:22:00	78	10,18	10,28
51:23:00	79	10,18	10,32
51:24:00	79	10,18	10,32
51:25:00	79	10,18	10,32
51:26:00	79	10,17	10,36
51:27:00	78	10,18	10,32
51:28:00	78	10,18	10,32
51:29:00	78	10,18	10,32
51:30:00	79	10,17	10,36
51:31:00	78	10,17	10,36
51:32:00	78	10,17	10,36
51:33:00	79	10,15	10,44
51:34:00	78	10,16	10,40
51:35:00	79	10,16	10,40
51:36:00	78	10,16	10,40
51:37:00	79	10,16	10,40
51:38:00	79	10,16	10,40
51:39:00	78	10,15	10,44
51:40:00	79	10,14	10,48
51:41:00	79	10,15	10,44
51:42:00	79	10,15	10,44
51:43:00	79	10,14	10,48
51:44:00	79	10,15	10,44
51:45:00	79	10,15	10,44
51:46:00	79	10,15	10,44
51:47:00	79	10,14	10,48
51:48:00	79	10,14	10,48
51:49:00	79	10,14	10,48
51:50:00	78	10,14	10,52
51:51:00	78	10,14	10,52
51:52:00	79	10,14	10,52
51:53:00	79	10,14	10,52
51:54:00	78	10,14	10,52
51:55:00	78	10,14	10,52
51:56:00	78	10,13	10,56
51:57:00	79	10,13	10,56
51:58:00	79	10,13	10,56
51:59:00	79	10,13	10,56
52:00:00	79	10,13	10,56
52:01:00	79	10,12	10,60
52:02:00	79	10,12	10,60
52:03:00	79	10,12	10,60
52:04:00	79	10,11	10,64
52:05:00	79	10,12	10,60
52:06:00	79	10,11	10,64
52:07:00	79	10,11	10,64
52:08:00	79	10,12	10,60
52:09:00	79	10,11	10,64
52:10:00	79	10,11	10,64
52:11:00	79	10,11	10,64
52:12:00	78	10,11	10,64
52:13:00	78	10,11	10,64
52:14:00	79	10,11	10,68
52:15:00	79	10,11	10,64
52:16:00	78	10,11	10,64
52:17:00	79	10,11	10,68
52:18:00	79	10,11	10,68
52:19:00	78	10,10	10,72
52:20:00	78	10,11	10,68
52:21:00	79	10,10	10,72
52:22:00	78	10,10	10,72
52:23:00	78	10,09	10,76
52:24:00	79	10,10	10,72
52:25:00	78	10,10	10,72
52:26:00	78	10,09	10,76
52:27:00	78	10,09	10,76
52:28:00	79	10,09	10,76
52:29:00	79	10,09	10,76
52:30:00	78	10,09	10,76
52:31:00	79	10,09	10,76
52:32:00	79	10,09	10,76
52:33:00	79	10,09	10,80
52:34:00	79	10,09	10,76
52:35:00	78	10,09	10,76
52:36:00	79	10,09	10,80
52:37:00	79	10,09	10,80
52:38:00	79	10,09	10,80
52:39:00	78	10,09	10,80
52:40:00	79	10,09	10,80
52:41:00	78	10,08	10,84
52:42:00	79	10,08	10,84
52:43:00	79	10,09	10,80
52:44:00	78	10,08	10,84
52:45:00	79	10,08	10,84
52:46:00	79	10,08	10,84
52:47:00	78	10,08	10,84
52:48:00	78	10,08	10,84
52:49:00	78	10,08	10,84
52:50:00	79	10,07	10,89
52:51:00	78	10,07	10,89
52:52:00	79	10,07	10,89
52:53:00	79	10,06	10,93
52:54:00	79	10,07	10,89
52:55:00	79	10,06	10,93
52:56:00	79	10,06	10,93
52:57:00	79	10,07	10,89
52:58:00	79	10,06	10,93
52:59:00	79	10,06	10,93
53:00:00	79	10,06	10,93
53:01:00	79	10,06	10,93
53:02:00	79	10,06	10,93
53:03:00	79	10,06	10,93
53:04:00	79	10,06	10,93
53:05:00	78	10,06	10,93
53:06:00	79	10,06	10,93
53:07:00	79	10,06	10,93
53:08:00	79	10,06	10,93
53:09:00	78	10,05	10,97
53:10:00	79	10,05	10,97
53:11:00	79	10,05	10,97
53:12:00	78	10,06	10,93
53:13:00	79	10,05	10,97
53:14:00	79	10,05	10,97
53:15:00	78	10,05	11,01
53:16:00	78	10,05	11,01
53:17:00	78	10,05	11,01
53:18:00	78	10,05	11,01
53:19:00	78	10,05	11,01
53:20:00	79	10,05	11,01
53:21:00	78	10,04	11,06
53:22:00	79	10,05	11,01
53:23:00	79	10,04	11,06
53:24:00	78	10,04	11,06
53:25:00	78	10,04	11,06
53:26:00	79	10,04	11,06
53:27:00	79	10,04	11,06
53:28:00	78	10,04	11,06
53:29:00	78	10,04	11,06
53:30:00	78	10,04	11,06
53:31:00	79	10,03	11,10
53:32:00	79	10,04	11,06
53:33:00	78	10,03	11,10
53:34:00	79	10,04	11,06
53:35:00	78	10,03	11,10
53:36:00	78	10,03	11,10
53:37:00	78	10,02	11,14
53:38:00	79	10,02	11,14
53:39:00	78	10,03	11,10
53:40:00	78	10,03	11,10
53:41:00	78	10,02	11,14
53:42:00	78	10,02	11,14
53:43:00	79	10,02	11,14
53:44:00	79	10,02	11,14
53:45:00	78	10,02	11,14
53:46:00	79	10,02	11,18
53:47:00	79	10,02	11,18
53:48:00	78	10,02	11,14
53:49:00	79	10,02	11,18
53:50:00	78	10,02	11,18
53:51:00	79	10,02	11,18
53:52:00	78	10,02	11,18
53:53:00	78	10,01	11,23
53:54:00	79	10,02	11,18
53:55:00	79	10,01	11,23
53:56:00	78	10,02	11,18
53:57:00	79	10,01	11,23
53:58:00	79	10,01	11,23
53:59:00	79	10,01	11,23
54:00:00	79	10,00	11,27
54:01:00	78	10,01	11,23
54:02:00	78	10,01	11,23
54:03:00	79	10,01	11,23
54:04:00	78	10,00	11,27
54:05:00	79	10,00	11,27
54:06:00	79	10,00	11,27
54:07:00	78	10,00	11,27
54:08:00	79	10,00	11,31
54:09:00	79	10,00	11,27
54:10:00	79	10,00	11,27
54:11:00	79	10,00	11,31
54:12:00	79	10,00	11,31
54:13:00	79	9,99	11,36
54:14:00	79	9,99	11,36
54:15:00	78	10,00	11,27
54:16:00	79	10,00	11,31
54:17:00	79	10,00	11,31
54:18:00	79	10,00	11,31
54:19:00	78	9,99	11,36
54:20:00	79	9,99	11,36
54:21:00	79	9,99	11,36
54:22:00	79	9,99	11,36
54:23:00	79	9,99	11,36
54:24:00	79	10,00	11,31
54:25:00	78	10,00	11,31
54:26:00	79	9,99	11,36
54:27:00	78	9,99	11,36
54:28:00	78	9,99	11,36
54:29:00	78	9,99	11,36
54:30:00	79	9,99	11,36
54:31:00	79	9,99	11,36
54:32:00	79	9,99	11,36
54:33:00	79	9,98	11,40
54:34:00	78	9,98	11,40
54:35:00	79	9,98	11,40
54:36:00	79	9,98	11,40
54:37:00	79	9,97	11,45
54:38:00	78	9,97	11,45
54:39:00	78	9,98	11,40
54:40:00	79	9,96	11,49
54:41:00	79	9,97	11,45
54:42:00	79	9,97	11,45
54:43:00	79	9,96	11,49
54:44:00	78	9,97	11,45
54:45:00	79	9,96	11,49
54:46:00	79	9,96	11,49
54:47:00	79	9,97	11,45
54:48:00	79	9,96	11,49
54:49:00	78	9,97	11,45
54:50:00	79	9,96	11,49
54:51:00	79	9,97	11,45
54:52:00	79	9,96	11,49
54:53:00	79	9,96	11,49
54:54:00	78	9,96	11,49
54:55:00	79	9,96	11,49
54:56:00	79	9,96	11,49
54:57:00	79	9,96	11,49
54:58:00	78	9,96	11,54
54:59:00	78	9,96	11,49
55:00:00	79	9,96	11,54
55:01:00	79	9,96	11,54
55:02:00	79	9,96	11,49
55:03:00	78	9,96	11,54
55:04:00	79	9,96	11,54
55:05:00	79	9,96	11,54
55:06:00	79	9,95	11,58
55:07:00	79	9,96	11,54
55:08:00	79	9,96	11,54
55:09:00	79	9,95	11,58
55:10:00	79	9,95	11,58
55:11:00	79	9,96	11,54
55:12:00	78	9,96	11,54
55:13:00	79	9,95	11,58
55:14:00	79	9,95	11,58
55:15:00	79	9,95	11,58
55:16:00	79	9,95	11,58
55:17:00	79	9,95	11,58
55:18:00	78	9,95	11,58
55:19:00	78	9,95	11,58
55:20:00	79	9,95	11,58
55:21:00	79	9,95	11,58
55:22:00	79	9,95	11,58
55:23:00	79	9,95	11,58
55:24:00	79	9,95	11,58
55:25:00	78	9,94	11,63
55:26:00	79	9,94	11,63
55:27:00	78	9,93	11,67
55:28:00	79	9,93	11,67
55:29:00	78	9,94	11,63
55:30:00	78	9,94	11,63
55:31:00	78	9,93	11,67
55:32:00	79	9,93	11,67
55:33:00	79	9,93	11,67
55:34:00	79	9,93	11,67
55:35:00	78	9,93	11,67
55:36:00	79	9,93	11,72
55:37:00	79	9,93	11,67
55:38:00	78	9,93	11,67
55:39:00	79	9,93	11,72
55:40:00	79	9,93	11,67
55:41:00	79	9,93	11,67
55:42:00	79	9,93	11,72
55:43:00	79	9,93	11,72
55:44:00	79	9,93	11,72
55:45:00	79	9,93	11,72
55:46:00	79	9,93	11,72
55:47:00	78	9,93	11,72
55:48:00	79	9,92	11,76
55:49:00	79	9,93	11,72
55:50:00	79	9,93	11,72
55:51:00	79	9,93	11,72
55:52:00	79	9,92	11,76
55:53:00	79	9,92	11,76
55:54:00	79	9,92	11,76
55:55:00	79	9,92	11,76
55:56:00	79	9,91	11,81
55:57:00	79	9,92	11,76
55:58:00	79	9,91	11,81
55:59:00	78	9,91	11,81
56:00:00	78	9,91	11,81
56:01:00	79	9,91	11,81
56:02:00	79	9,91	11,85
56:03:00	79	9,91	11,85
56:04:00	79	9,91	11,81
56:05:00	78	9,91	11,85
56:06:00	79	9,91	11,85
56:07:00	79	9,92	11,76
56:08:00	79	9,91	11,81
56:09:00	78	9,91	11,81
56:10:00	79	9,91	11,85
56:11:00	79	9,91	11,85
56:12:00	79	9,91	11,85
56:13:00	79	9,91	11,81
56:14:00	79	9,91	11,85
56:15:00	79	9,91	11,85
56:16:00	78	9,91	11,85
56:17:00	78	9,91	11,85
56:18:00	79	9,91	11,85
56:19:00	79	9,90	11,90
56:20:00	79	9,90	11,90
56:21:00	79	9,91	11,85
56:22:00	79	9,91	11,85
56:23:00	78	9,90	11,90
56:24:00	79	9,90	11,90
56:25:00	79	9,90	11,90
56:26:00	79	9,90	11,90
56:27:00	79	9,90	11,90
56:28:00	79	9,90	11,90
56:29:00	79	9,89	11,95
56:30:00	78	9,90	11,90
56:31:00	78	9,89	11,95
56:32:00	79	9,89	11,95
56:33:00	79	9,89	11,95
56:34:00	78	9,89	11,95
56:35:00	79	9,89	11,95
56:36:00	79	9,89	11,95
56:37:00	78	9,89	11,95
56:38:00	78	9,89	11,95
56:39:00	78	9,89	11,95
56:40:00	78	9,89	11,95
56:41:00	79	9,88	11,99
56:42:00	78	9,89	11,95
56:43:00	79	9,88	12,04
56:44:00	78	9,88	11,99
56:45:00	78	9,89	11,95
56:46:00	79	9,88	11,99
56:47:00	79	9,88	11,99
56:48:00	79	9,88	11,99
56:49:00	79	9,88	12,04
56:50:00	79	9,88	11,99
56:51:00	78	9,88	12,04
56:52:00	79	9,88	12,04
56:53:00	79	9,88	12,04
56:54:00	79	9,88	12,04
56:55:00	79	9,88	11,99
56:56:00	79	9,88	12,04
56:57:00	79	9,88	12,04
56:58:00	79	9,88	12,04
56:59:00	78	9,88	12,04
57:00:00	79	9,88	12,04
57:01:00	78	9,88	12,04
57:02:00	79	9,88	12,04
57:03:00	78	9,88	12,04
57:04:00	79	9,87	12,09
57:05:00	79	9,87	12,09
57:06:00	79	9,87	12,09
57:07:00	78	9,87	12,09
57:08:00	79	9,87	12,09
57:09:00	79	9,87	12,09
57:10:00	79	9,87	12,09
57:11:00	79	9,87	12,09
57:12:00	79	9,86	12,13
57:13:00	78	9,87	12,09
57:14:00	79	9,87	12,09
57:15:00	78	9,87	12,09
57:16:00	79	9,86	12,13
57:17:00	78	9,86	12,13
57:18:00	79	9,86	12,13
57:19:00	78	9,86	12,13
57:20:00	79	9,86	12,13
57:21:00	78	9,86	12,13
57:22:00	79	9,86	12,13
57:23:00	79	9,86	12,13
57:24:00	79	9,86	12,13
57:25:00	79	9,86	12,13
57:26:00	78	9,85	12,18
57:27:00	78	9,85	12,18
57:28:00	78	9,86	12,13
57:29:00	78	9,85	12,18
57:30:00	78	9,85	12,18
57:31:00	79	9,85	12,18
57:32:00	79	9,85	12,18
57:33:00	78	9,85	12,18
57:34:00	79	9,85	12,18
57:35:00	79	9,85	12,18
57:36:00	79	9,85	12,18
57:37:00	79	9,85	12,18
57:38:00	78	9,85	12,18
57:39:00	79	9,85	12,23
57:40:00	79	9,85	12,18
57:41:00	79	9,84	12,28
57:42:00	79	9,85	12,23
57:43:00	79	9,85	12,23
57:44:00	79	9,85	12,23
57:45:00	78	9,85	12,23
57:46:00	79	9,85	12,23
57:47:00	78	9,85	12,23
57:48:00	79	9,84	12,28
57:49:00	78	9,85	12,23
57:50:00	79	9,84	12,28
57:51:00	79	9,85	12,23
57:52:00	79	9,85	12,23
57:53:00	79	9,84	12,28
57:54:00	79	9,85	12,23
57:55:00	79	9,85	12,23
57:56:00	79	9,84	12,28
57:57:00	78	9,84	12,28
57:58:00	78	9,85	12,23
57:59:00	79	9,84	12,28
58:00:00	79	9,84	12,28
58:01:00	79	9,84	12,28
58:02:00	78	9,84	12,28
58:03:00	78	9,84	12,28
58:04:00	78	9,82	12,37
58:05:00	79	9,82	12,37
58:06:00	79	9,82	12,37
58:07:00	79	9,82	12,37
58:08:00	78	9,82	12,37
58:09:00	79	9,82	12,37
58:10:00	79	9,82	12,37
58:11:00	79	9,82	12,37
58:12:00	79	9,82	12,42
58:13:00	79	9,82	12,37
58:14:00	78	9,82	12,37
58:15:00	79	9,82	12,37
58:16:00	79	9,82	12,42
58:17:00	78	9,82	12,37
58:18:00	78	9,82	12,42
58:19:00	79	9,82	12,37
58:20:00	78	9,82	12,42
58:21:00	79	9,82	12,42
58:22:00	79	9,82	12,42
58:23:00	78	9,82	12,42
58:24:00	79	9,82	12,42
58:25:00	79	9,82	12,42
58:26:00	79	9,82	12,42
58:27:00	79	9,82	12,42
58:28:00	79	9,82	12,42
58:29:00	79	9,81	12,47
58:30:00	79	9,82	12,42
58:31:00	79	9,82	12,42
58:32:00	79	9,81	12,47
58:33:00	79	9,81	12,47
58:34:00	79	9,81	12,47
58:35:00	78	9,81	12,47
58:36:00	78	9,80	12,52
58:37:00	79	9,81	12,47
58:38:00	79	9,81	12,47
58:39:00	79	9,81	12,47
58:40:00	79	9,80	12,52
58:41:00	79	9,81	12,47
58:42:00	78	9,80	12,52
58:43:00	79	9,80	12,52
58:44:00	78	9,80	12,52
58:45:00	79	9,80	12,52
58:46:00	79	9,80	12,52
58:47:00	79	9,80	12,52
58:48:00	78	9,80	12,52
58:49:00	79	9,80	12,52
58:50:00	79	9,80	12,52
58:51:00	79	9,79	12,57
58:52:00	78	9,80	12,52
58:53:00	79	9,80	12,52
58:54:00	79	9,79	12,57
58:55:00	79	9,79	12,57
58:56:00	79	9,79	12,57
58:57:00	78	9,79	12,57
58:58:00	79	9,79	12,57
58:59:00	79	9,79	12,57
59:00:00	79	9,79	12,57
59:01:00	79	9,79	12,57
59:02:00	79	9,79	12,57
59:03:00	79	9,79	12,57
59:04:00	78	9,79	12,62
59:05:00	79	9,79	12,57
59:06:00	79	9,79	12,62
59:07:00	79	9,79	12,57
59:08:00	79	9,79	12,62
59:09:00	79	9,79	12,62
59:10:00	78	9,79	12,62
59:11:00	78	9,79	12,62
59:12:00	79	9,79	12,57
59:13:00	79	9,79	12,62
59:14:00	78	9,79	12,62
59:15:00	79	9,79	12,62
59:16:00	78	9,79	12,62
59:17:00	78	9,78	12,66
59:18:00	79	9,78	12,66
59:19:00	79	9,79	12,62
59:20:00	79	9,78	12,66
59:21:00	79	9,79	12,62
59:22:00	79	9,78	12,66
59:23:00	78	9,79	12,62
59:24:00	78	9,78	12,66
59:25:00	79	9,78	12,66
59:26:00	79	9,78	12,66
59:27:00	79	9,78	12,66
59:28:00	79	9,78	12,66
59:29:00	78	9,78	12,66
59:30:00	78	9,78	12,66
59:31:00	78	9,77	12,71
59:32:00	79	9,78	12,66
59:33:00	79	9,78	12,66
59:34:00	79	9,78	12,66
59:35:00	79	9,77	12,71
59:36:00	79	9,77	12,71
59:37:00	78	9,77	12,71
59:38:00	79	9,77	12,71
59:39:00	78	9,77	12,71
59:40:00	79	9,77	12,71
59:41:00	79	9,77	12,71
59:42:00	79	9,77	12,71
59:43:00	78	9,77	12,71
59:44:00	79	9,77	12,71
59:45:00	79	9,76	12,76
59:46:00	79	9,77	12,71
59:47:00	79	9,77	12,71
59:48:00	78	9,77	12,71
59:49:00	79	9,76	12,76
59:50:00	79	9,76	12,76
59:51:00	79	9,76	12,76
59:52:00	79	9,76	12,76
59:53:00	79	9,76	12,76
59:54:00	79	9,76	12,81
59:55:00	78	9,76	12,81
59:56:00	79	9,76	12,81
59:57:00	78	9,76	12,76
59:58:00	78	9,76	12,81
59:59:00	79	9,76	12,81
60:00:00	79	9,76	12,81
60:01:00	78	9,76	12,81
60:02:00	78	9,76	12,81
60:03:00	78	9,76	12,81
60:04:00	79	9,76	12,76
60:05:00	79	9,76	12,81
60:06:00	79	9,76	12,81
60:07:00	78	9,76	12,81
60:08:00	79	9,76	12,81
60:09:00	79	9,76	12,81
60:10:00	79	9,76	12,81
60:11:00	79	9,76	12,81
60:12:00	78	9,76	12,81
60:13:00	79	9,76	12,81
60:14:00	78	9,75	12,86
60:15:00	79	9,75	12,86
60:16:00	78	9,75	12,86
60:17:00	79	9,75	12,86
60:18:00	79	9,75	12,86
60:19:00	79	9,75	12,86
60:20:00	79	9,74	12,91
60:21:00	78	9,74	12,91
60:22:00	78	9,75	12,86
60:23:00	78	9,75	12,86
60:24:00	79	9,75	12,86
60:25:00	79	9,75	12,86
60:26:00	78	9,75	12,86
60:27:00	79	9,75	12,86
60:28:00	79	9,75	12,86
60:29:00	79	9,75	12,86
60:30:00	79	9,74	12,91
60:31:00	78	9,74	12,91
60:32:00	78	9,74	12,91
60:33:00	79	9,74	12,91
60:34:00	79	9,74	12,91
60:35:00	79	9,73	12,97
60:36:00	79	9,74	12,91
60:37:00	78	9,74	12,91
60:38:00	79	9,74	12,91
60:39:00	79	9,74	12,91
60:40:00	79	9,74	12,91
60:41:00	79	9,74	12,91
60:42:00	79	9,74	12,91
60:43:00	79	9,73	12,97
60:44:00	79	9,73	12,97
60:45:00	79	9,73	12,97
60:46:00	78	9,73	12,97
60:47:00	79	9,73	13,02
60:48:00	79	9,73	13,02
60:49:00	79	9,73	13,02
60:50:00	79	9,73	12,97
60:51:00	79	9,73	13,02
60:52:00	79	9,73	13,02
60:53:00	78	9,73	13,02
60:54:00	79	9,73	12,97
60:55:00	79	9,73	13,02
60:56:00	79	9,73	13,02
60:57:00	78	9,73	13,02
60:58:00	78	9,73	13,02
60:59:00	79	9,73	12,97
61:00:00	79	9,73	13,02
61:01:00	79	9,73	13,02
61:02:00	78	9,73	13,02
61:03:00	79	9,72	13,07
61:04:00	78	9,73	13,02
61:05:00	79	9,73	13,02
61:06:00	79	9,72	13,07
61:07:00	79	9,73	13,02
61:08:00	78	9,72	13,07
61:09:00	79	9,72	13,07
61:10:00	79	9,72	13,07
61:11:00	79	9,72	13,07
61:12:00	79	9,72	13,07
61:13:00	79	9,72	13,07
61:14:00	78	9,72	13,07
61:15:00	79	9,72	13,07
61:16:00	78	9,72	13,07
61:17:00	79	9,72	13,07
61:18:00	79	9,72	13,07
61:19:00	79	9,71	13,12
61:20:00	79	9,71	13,12
61:21:00	79	9,71	13,12
61:22:00	78	9,72	13,07
61:23:00	79	9,71	13,12
61:24:00	79	9,72	13,07
61:25:00	78	9,71	13,12
61:26:00	79	9,71	13,12
61:27:00	78	9,71	13,12
61:28:00	79	9,71	13,12
61:29:00	78	9,71	13,12
61:30:00	79	9,72	13,07
61:31:00	79	9,72	13,07
61:32:00	79	9,72	13,07
61:33:00	79	9,71	13,12
61:34:00	79	9,71	13,12
61:35:00	79	9,71	13,12
61:36:00	78	9,71	13,12
61:37:00	78	9,71	13,12
61:38:00	79	9,71	13,12
61:39:00	79	9,70	13,17
61:40:00	79	9,71	13,12
61:41:00	79	9,70	13,17
61:42:00	79	9,71	13,12
61:43:00	79	9,70	13,17
61:44:00	79	9,71	13,12
61:45:00	78	9,71	13,12
61:46:00	78	9,70	13,17
61:47:00	79	9,70	13,17
61:48:00	78	9,71	13,12
61:49:00	79	9,70	13,17
61:50:00	79	9,70	13,17
61:51:00	78	9,70	13,17
61:52:00	78	9,70	13,17
61:53:00	79	9,70	13,17
61:54:00	78	9,71	13,12
61:55:00	79	9,70	13,17
61:56:00	79	9,70	13,17
61:57:00	78	9,70	13,17
61:58:00	79	9,70	13,22
61:59:00	78	9,70	13,17
62:00:00	78	9,70	13,22
62:01:00	79	9,70	13,17
62:02:00	79	9,70	13,17
62:03:00	79	9,70	13,22
62:04:00	79	9,70	13,17
62:05:00	78	9,70	13,22
62:06:00	79	9,70	13,22
62:07:00	78	9,70	13,22
62:08:00	78	9,70	13,22
62:09:00	79	9,70	13,22
62:10:00	79	9,70	13,22
62:11:00	79	9,69	13,27
62:12:00	78	9,70	13,22
62:13:00	79	9,70	13,22
62:14:00	79	9,69	13,27
62:15:00	78	9,70	13,22
62:16:00	78	9,69	13,27
62:17:00	79	9,69	13,27
62:18:00	79	9,69	13,27
62:19:00	79	9,69	13,27
62:20:00	78	9,69	13,27
62:21:00	79	9,70	13,22
62:22:00	79	9,70	13,22
62:23:00	78	9,69	13,27
62:24:00	79	9,69	13,27
62:25:00	78	9,70	13,22
62:26:00	79	9,69	13,27
62:27:00	79	9,69	13,27
62:28:00	78	9,68	13,33
62:29:00	79	9,70	13,22
62:30:00	78	9,68	13,33
62:31:00	79	9,68	13,33
62:32:00	79	9,68	13,33
62:33:00	78	9,68	13,33
62:34:00	79	9,69	13,27
62:35:00	79	9,68	13,33
62:36:00	79	9,67	13,38
62:37:00	79	9,68	13,33
62:38:00	79	9,68	13,33
62:39:00	79	9,68	13,33
62:40:00	79	9,68	13,33
62:41:00	79	9,68	13,33
62:42:00	79	9,68	13,33
62:43:00	79	9,68	13,33
62:44:00	78	9,68	13,33
62:45:00	78	9,68	13,33
62:46:00	79	9,68	13,33
62:47:00	79	9,68	13,33
62:48:00	79	9,67	13,38
62:49:00	79	9,68	13,33
62:50:00	79	9,67	13,38
62:51:00	79	9,67	13,38
62:52:00	79	9,68	13,33
62:53:00	78	9,67	13,38
62:54:00	78	9,67	13,38
62:55:00	78	9,67	13,38
62:56:00	79	9,67	13,38
62:57:00	78	9,67	13,38
62:58:00	79	9,67	13,38
62:59:00	79	9,67	13,38
63:00:00	79	9,66	13,43
63:01:00	79	9,67	13,38
63:02:00	78	9,67	13,38
63:03:00	79	9,66	13,43
63:04:00	79	9,66	13,43
63:05:00	79	9,66	13,43
63:06:00	78	9,66	13,43
63:07:00	78	9,66	13,43
63:08:00	78	9,66	13,43
63:09:00	78	9,66	13,43
63:10:00	78	9,66	13,43
63:11:00	78	9,66	13,43
63:12:00	79	9,66	13,43
63:13:00	79	9,66	13,43
63:14:00	78	9,66	13,43
63:15:00	79	9,66	13,43
63:16:00	79	9,66	13,43
63:17:00	79	9,66	13,43
63:18:00	79	9,66	13,48
63:19:00	79	9,66	13,48
63:20:00	79	9,66	13,43
63:21:00	78	9,66	13,43
63:22:00	78	9,66	13,48
63:23:00	79	9,66	13,48
63:24:00	79	9,66	13,48
63:25:00	78	9,66	13,48
63:26:00	79	9,66	13,48
63:27:00	78	9,66	13,48
63:28:00	79	9,66	13,48
63:29:00	79	9,66	13,48
63:30:00	79	9,66	13,48
63:31:00	79	9,66	13,48
63:32:00	79	9,66	13,48
63:33:00	79	9,66	13,48
63:34:00	78	9,66	13,48
63:35:00	79	9,66	13,48
63:36:00	79	9,65	13,54
63:37:00	78	9,65	13,54
63:38:00	78	9,66	13,48
63:39:00	79	9,65	13,54
63:40:00	79	9,66	13,48
63:41:00	79	9,66	13,48
63:42:00	78	9,65	13,54
63:43:00	79	9,65	13,54
63:44:00	79	9,65	13,54
63:45:00	79	9,65	13,54
63:46:00	79	9,65	13,54
63:47:00	78	9,65	13,54
63:48:00	78	9,65	13,54
63:49:00	79	9,64	13,59
63:50:00	78	9,65	13,54
63:51:00	79	9,64	13,59
63:52:00	78	9,65	13,54
63:53:00	79	9,64	13,59
63:54:00	79	9,64	13,59
63:55:00	79	9,65	13,54
63:56:00	79	9,64	13,59
63:57:00	79	9,64	13,59
63:58:00	79	9,64	13,59
63:59:00	78	9,65	13,54
64:00:00	79	9,64	13,59
64:01:00	79	9,64	13,59
64:02:00	79	9,64	13,59
64:03:00	78	9,64	13,59
64:04:00	79	9,64	13,59
64:05:00	79	9,63	13,64
64:06:00	79	9,64	13,59
64:07:00	78	9,64	13,59
64:08:00	79	9,64	13,59
64:09:00	78	9,64	13,59
64:10:00	78	9,63	13,64
64:11:00	79	9,63	13,64
64:12:00	79	9,63	13,64
64:13:00	79	9,63	13,64
64:14:00	78	9,63	13,64
64:15:00	79	9,63	13,64
64:16:00	78	9,63	13,64
64:17:00	79	9,63	13,64
64:18:00	78	9,63	13,70
64:19:00	79	9,63	13,64
64:20:00	79	9,63	13,64
64:21:00	79	9,63	13,70
64:22:00	79	9,63	13,70
64:23:00	78	9,63	13,70
64:24:00	78	9,63	13,70
64:25:00	79	9,63	13,64
64:26:00	79	9,63	13,64
64:27:00	79	9,63	13,70
64:28:00	79	9,63	13,70
64:29:00	79	9,63	13,70
64:30:00	79	9,63	13,70
64:31:00	79	9,63	13,70
64:32:00	78	9,63	13,70
64:33:00	79	9,63	13,70
64:34:00	79	9,63	13,64
64:35:00	79	9,63	13,70
64:36:00	79	9,63	13,70
64:37:00	79	9,63	13,70
64:38:00	79	9,63	13,70
64:39:00	79	9,62	13,75
64:40:00	78	9,63	13,70
64:41:00	79	9,62	13,75
64:42:00	78	9,63	13,70
64:43:00	78	9,63	13,70
64:44:00	78	9,63	13,70
64:45:00	79	9,62	13,75
64:46:00	79	9,62	13,75
64:47:00	78	9,62	13,75
64:48:00	79	9,62	13,75
64:49:00	79	9,62	13,75
64:50:00	78	9,62	13,75
64:51:00	79	9,62	13,75
64:52:00	79	9,62	13,75
64:53:00	78	9,62	13,75
64:54:00	79	9,62	13,75
64:55:00	79	9,62	13,75
64:56:00	79	9,62	13,75
64:57:00	79	9,62	13,75
64:58:00	79	9,62	13,75
64:59:00	78	9,62	13,75
65:00:00	79	9,62	13,75
65:01:00	79	9,62	13,75
65:02:00	79	9,62	13,75
65:03:00	78	9,62	13,75
65:04:00	79	9,62	13,75
65:05:00	79	9,61	13,81
65:06:00	79	9,61	13,81
65:07:00	79	9,62	13,75
65:08:00	79	9,61	13,81
65:09:00	79	9,61	13,81
65:10:00	79	9,61	13,81
65:11:00	79	9,61	13,81
65:12:00	79	9,61	13,81
65:13:00	78	9,61	13,81
65:14:00	79	9,61	13,81
65:15:00	78	9,61	13,81
65:16:00	79	9,61	13,81
65:17:00	79	9,61	13,81
65:18:00	79	9,61	13,81
65:19:00	79	9,61	13,81
65:20:00	79	9,61	13,86
65:21:00	79	9,61	13,81
65:22:00	79	9,61	13,86
65:23:00	79	9,61	13,81
65:24:00	79	9,61	13,86
65:25:00	78	9,61	13,86
65:26:00	78	9,61	13,86
65:27:00	78	9,61	13,86
65:28:00	78	9,61	13,86
65:29:00	79	9,61	13,86
65:30:00	79	9,61	13,86
65:31:00	78	9,61	13,86
65:32:00	79	9,61	13,86
65:33:00	78	9,61	13,86
65:34:00	78	9,61	13,86
65:35:00	79	9,61	13,86
65:36:00	78	9,61	13,86
65:37:00	78	9,61	13,86
65:38:00	79	9,61	13,86
65:39:00	79	9,61	13,86
65:40:00	78	9,60	13,92
65:41:00	79	9,60	13,92
65:42:00	79	9,60	13,92
