--Test Summary--
Full Path and File Name	
Instrument Name	4262R
Instrument Type	Model 4262 Twin Cell UCA
Instrument Serial Number	111R
Test Start Date	09.03.2007
Test Start Time	16:59:40
Test Stop Date	12.03.2007
Test Stop Time	10:57:54
Test Length	65:58:14
Final Sample Time Offset	65:58:00
Controller Schedule Name	
Sampling Period	60 seconds
Comments	T:75(70), 97(240), Holcim cement
Information	WellID	A1-119
Information	Customer	Dragon
Information	CementClass	PCT-I-G
Information	CementMfr	Holcim
Information	Additives	1.5gpsLX-200+1%RPM+0.12%R-7+0.05%LTR
Information	Density	1940
Information	BHCT	75
Information	BHST	97
Information	FluidLoss	36
Information	JobType	intermediate csg
Calculated Value	CS_50	8:11:00
Calculated Value	CS_500	9:37:00
Calculated Value	CS_Time8h	0,23 MPa
Calculated Value	CS_Time16h	12,79 MPa
Calculated Value	CS_Time24h	15,99 MPa
Calculated Value	CS_Time48h	19,20 MPa
Calculated Value	CS_Time72h	N/A
Calculated Curve	Compressive Strength	Compressive strength type B (more than 14 lb/gal)
Initial Temperature (°C)	24 °C
Final Temperature (°C)	96 °C
Initial Transit Time (microsec/in)	16,18 microsec/in
Final Transit Time (microsec/in)	8,35 microsec/in
Initial Compressive Strength (MPa)	0,00 MPa
Final Compressive Strength (MPa)	20,23 MPa
--Data--
Time (HH:MM:SS)	Temperature (°C)	Transit Time (microsec/in)	Compressive Strength (MPa)
0:00:00	24	16,18	0,00
0:01:00	24	16,24	0,00
0:02:00	24	16,28	0,00
0:03:00	24	16,31	0,00
0:04:00	25	16,32	0,00
0:05:00	25	16,34	0,00
0:06:00	26	16,35	0,00
0:07:00	26	16,36	0,00
0:08:00	27	16,38	0,00
0:09:00	28	16,39	0,00
0:10:00	29	16,40	0,00
0:11:00	29	16,41	0,00
0:12:00	30	16,41	0,00
0:13:00	30	16,36	0,00
0:14:00	31	16,37	0,00
0:15:00	32	16,38	0,00
0:16:00	32	16,38	0,00
0:17:00	33	16,38	0,00
0:18:00	34	16,39	0,00
0:19:00	35	16,38	0,00
0:20:00	36	16,39	0,00
0:21:00	37	16,40	0,00
0:22:00	37	16,41	0,00
0:23:00	38	16,41	0,00
0:24:00	39	16,40	0,00
0:25:00	40	16,42	0,00
0:26:00	41	16,41	0,00
0:27:00	41	16,41	0,00
0:28:00	42	16,41	0,00
0:29:00	43	16,41	0,00
0:30:00	44	16,42	0,00
0:31:00	44	16,41	0,00
0:32:00	45	16,42	0,00
0:33:00	46	16,44	0,00
0:34:00	47	16,44	0,00
0:35:00	48	16,44	0,00
0:36:00	49	16,44	0,00
0:37:00	49	16,45	0,00
0:38:00	50	16,45	0,00
0:39:00	51	16,44	0,00
0:40:00	51	16,45	0,00
0:41:00	52	16,46	0,00
0:42:00	53	16,47	0,00
0:43:00	54	16,47	0,00
0:44:00	54	16,47	0,00
0:45:00	55	16,48	0,00
0:46:00	56	16,49	0,00
0:47:00	57	16,49	0,00
0:48:00	58	16,49	0,00
0:49:00	58	16,51	0,00
0:50:00	59	16,51	0,00
0:51:00	60	16,51	0,00
0:52:00	60	16,53	0,00
0:53:00	62	16,53	0,00
0:54:00	62	16,54	0,00
0:55:00	62	16,54	0,00
0:56:00	63	16,55	0,00
0:57:00	64	16,55	0,00
0:58:00	65	16,57	0,00
0:59:00	66	16,57	0,00
1:00:00	66	16,57	0,00
1:01:00	67	16,58	0,00
1:02:00	67	16,58	0,00
1:03:00	68	16,59	0,00
1:04:00	69	16,60	0,00
1:05:00	70	16,61	0,00
1:06:00	71	16,63	0,00
1:07:00	71	16,63	0,00
1:08:00	72	16,65	0,00
1:09:00	73	16,65	0,00
1:10:00	74	16,65	0,00
1:11:00	74	16,65	0,00
1:12:00	75	16,66	0,00
1:13:00	75	16,68	0,00
1:14:00	76	16,69	0,00
1:15:00	76	16,68	0,00
1:16:00	76	16,69	0,00
1:17:00	77	16,71	0,00
1:18:00	76	16,71	0,00
1:19:00	76	16,71	0,00
1:20:00	77	16,73	0,00
1:21:00	76	16,75	0,00
1:22:00	76	16,75	0,00
1:23:00	76	16,76	0,00
1:24:00	76	16,77	0,00
1:25:00	76	16,77	0,00
1:26:00	76	16,77	0,00
1:27:00	76	16,75	0,00
1:28:00	76	16,75	0,00
1:29:00	76	16,75	0,00
1:30:00	76	16,75	0,00
1:31:00	76	16,76	0,00
1:32:00	76	16,75	0,00
1:33:00	76	16,76	0,00
1:34:00	76	16,75	0,00
1:35:00	76	16,75	0,00
1:36:00	76	16,74	0,00
1:37:00	76	16,74	0,00
1:38:00	77	16,73	0,00
1:39:00	76	16,73	0,00
1:40:00	77	16,72	0,00
1:41:00	77	16,71	0,00
1:42:00	77	16,71	0,00
1:43:00	77	16,71	0,00
1:44:00	77	16,70	0,00
1:45:00	77	16,70	0,00
1:46:00	77	16,69	0,00
1:47:00	77	16,69	0,00
1:48:00	77	16,68	0,00
1:49:00	77	16,67	0,00
1:50:00	77	16,68	0,00
1:51:00	78	16,68	0,00
1:52:00	77	16,68	0,00
1:53:00	78	16,67	0,00
1:54:00	78	16,67	0,00
1:55:00	78	16,67	0,00
1:56:00	78	16,65	0,00
1:57:00	78	16,67	0,00
1:58:00	78	16,66	0,00
1:59:00	78	16,66	0,00
2:00:00	78	16,66	0,00
2:01:00	78	16,65	0,00
2:02:00	79	16,65	0,00
2:03:00	78	16,65	0,00
2:04:00	79	16,65	0,00
2:05:00	79	16,65	0,00
2:06:00	79	16,65	0,00
2:07:00	79	16,65	0,00
2:08:00	79	16,65	0,00
2:09:00	79	16,65	0,00
2:10:00	79	16,65	0,00
2:11:00	79	16,65	0,00
2:12:00	79	16,65	0,00
2:13:00	79	16,65	0,00
2:14:00	80	16,65	0,00
2:15:00	80	16,65	0,00
2:16:00	80	16,65	0,00
2:17:00	80	16,65	0,00
2:18:00	80	16,65	0,00
2:19:00	80	16,65	0,00
2:20:00	80	16,65	0,00
2:21:00	80	16,65	0,00
2:22:00	80	16,65	0,00
2:23:00	80	16,65	0,00
2:24:00	81	16,65	0,00
2:25:00	80	16,64	0,00
2:26:00	81	16,64	0,00
2:27:00	81	16,65	0,00
2:28:00	81	16,64	0,00
2:29:00	81	16,64	0,00
2:30:00	81	16,64	0,00
2:31:00	81	16,64	0,00
2:32:00	81	16,64	0,00
2:33:00	81	16,65	0,00
2:34:00	81	16,64	0,00
2:35:00	81	16,65	0,00
2:36:00	82	16,65	0,00
2:37:00	82	16,65	0,00
2:38:00	82	16,65	0,00
2:39:00	82	16,65	0,00
2:40:00	82	16,65	0,00
2:41:00	82	16,65	0,00
2:42:00	82	16,65	0,00
2:43:00	82	16,65	0,00
2:44:00	82	16,65	0,00
2:45:00	82	16,65	0,00
2:46:00	82	16,65	0,00
2:47:00	82	16,64	0,00
2:48:00	83	16,65	0,00
2:49:00	83	16,65	0,00
2:50:00	83	16,65	0,00
2:51:00	83	16,65	0,00
2:52:00	83	16,65	0,00
2:53:00	83	16,65	0,00
2:54:00	83	16,65	0,00
2:55:00	83	16,65	0,00
2:56:00	83	16,65	0,00
2:57:00	83	16,65	0,00
2:58:00	84	16,65	0,00
2:59:00	83	16,65	0,00
3:00:00	84	16,65	0,00
3:01:00	84	16,65	0,00
3:02:00	84	16,65	0,00
3:03:00	84	16,65	0,00
3:04:00	84	16,65	0,00
3:05:00	84	16,65	0,00
3:06:00	84	16,65	0,00
3:07:00	84	16,65	0,00
3:08:00	84	16,65	0,00
3:09:00	85	16,65	0,00
3:10:00	85	16,65	0,00
3:11:00	85	16,65	0,00
3:12:00	85	16,65	0,00
3:13:00	85	16,65	0,00
3:14:00	85	16,65	0,00
3:15:00	85	16,65	0,00
3:16:00	86	16,65	0,00
3:17:00	85	16,65	0,00
3:18:00	86	16,65	0,00
3:19:00	85	16,65	0,00
3:20:00	85	16,65	0,00
3:21:00	86	16,65	0,00
3:22:00	86	16,65	0,00
3:23:00	86	16,65	0,00
3:24:00	86	16,65	0,00
3:25:00	86	16,65	0,00
3:26:00	86	16,66	0,00
3:27:00	87	16,66	0,00
3:28:00	86	16,66	0,00
3:29:00	86	16,66	0,00
3:30:00	87	16,66	0,00
3:31:00	87	16,66	0,00
3:32:00	87	16,66	0,00
3:33:00	87	16,66	0,00
3:34:00	87	16,66	0,00
3:35:00	87	16,66	0,00
3:36:00	87	16,66	0,00
3:37:00	87	16,66	0,00
3:38:00	87	16,66	0,00
3:39:00	87	16,67	0,00
3:40:00	87	16,66	0,00
3:41:00	88	16,66	0,00
3:42:00	88	16,66	0,00
3:43:00	88	16,67	0,00
3:44:00	88	16,67	0,00
3:45:00	88	16,67	0,00
3:46:00	88	16,67	0,00
3:47:00	88	16,67	0,00
3:48:00	88	16,67	0,00
3:49:00	88	16,67	0,00
3:50:00	88	16,67	0,00
3:51:00	88	16,67	0,00
3:52:00	89	16,67	0,00
3:53:00	89	16,67	0,00
3:54:00	89	16,67	0,00
3:55:00	89	16,67	0,00
3:56:00	89	16,67	0,00
3:57:00	89	16,67	0,00
3:58:00	89	16,67	0,00
3:59:00	89	16,67	0,00
4:00:00	90	16,67	0,00
4:01:00	89	16,67	0,00
4:02:00	90	16,67	0,00
4:03:00	89	16,67	0,00
4:04:00	90	16,67	0,00
4:05:00	90	16,67	0,00
4:06:00	90	16,67	0,00
4:07:00	90	16,67	0,00
4:08:00	90	16,66	0,00
4:09:00	90	16,66	0,00
4:10:00	91	16,66	0,00
4:11:00	90	16,66	0,00
4:12:00	90	16,66	0,00
4:13:00	91	16,66	0,00
4:14:00	90	16,66	0,00
4:15:00	91	16,66	0,00
4:16:00	90	16,66	0,00
4:17:00	91	16,66	0,00
4:18:00	91	16,65	0,00
4:19:00	91	16,66	0,00
4:20:00	91	16,66	0,00
4:21:00	91	16,65	0,00
4:22:00	91	16,65	0,00
4:23:00	91	16,65	0,00
4:24:00	92	16,65	0,00
4:25:00	91	16,65	0,00
4:26:00	91	16,65	0,00
4:27:00	92	16,65	0,00
4:28:00	92	16,65	0,00
4:29:00	92	16,65	0,00
4:30:00	92	16,65	0,00
4:31:00	92	16,65	0,00
4:32:00	92	16,65	0,00
4:33:00	92	16,65	0,00
4:34:00	92	16,65	0,00
4:35:00	92	16,65	0,00
4:36:00	92	16,65	0,00
4:37:00	92	16,65	0,00
4:38:00	93	16,65	0,00
4:39:00	93	16,66	0,00
4:40:00	93	16,65	0,00
4:41:00	93	16,65	0,00
4:42:00	93	16,65	0,00
4:43:00	93	16,66	0,00
4:44:00	93	16,66	0,00
4:45:00	93	16,66	0,00
4:46:00	93	16,66	0,00
4:47:00	94	16,66	0,00
4:48:00	94	16,66	0,00
4:49:00	94	16,66	0,00
4:50:00	94	16,66	0,00
4:51:00	94	16,67	0,00
4:52:00	94	16,67	0,00
4:53:00	94	16,67	0,00
4:54:00	94	16,67	0,00
4:55:00	94	16,67	0,00
4:56:00	94	16,68	0,00
4:57:00	95	16,68	0,00
4:58:00	95	16,68	0,00
4:59:00	95	16,68	0,00
5:00:00	94	16,68	0,00
5:01:00	95	16,68	0,00
5:02:00	95	16,68	0,00
5:03:00	95	16,68	0,00
5:04:00	95	16,68	0,00
5:05:00	95	16,68	0,00
5:06:00	96	16,68	0,00
5:07:00	95	16,68	0,00
5:08:00	95	16,69	0,00
5:09:00	96	16,69	0,00
5:10:00	95	16,69	0,00
5:11:00	96	16,69	0,00
5:12:00	96	16,71	0,00
5:13:00	96	16,70	0,00
5:14:00	96	16,71	0,00
5:15:00	96	16,72	0,00
5:16:00	96	16,72	0,00
5:17:00	96	16,73	0,00
5:18:00	96	19,91	0,00
5:19:00	96	19,91	0,00
5:20:00	96	19,92	0,00
5:21:00	96	19,92	0,00
5:22:00	96	19,93	0,00
5:23:00	96	19,92	0,00
5:24:00	96	19,92	0,00
5:25:00	96	19,90	0,00
5:26:00	96	19,92	0,00
5:27:00	96	19,93	0,00
5:28:00	96	19,93	0,00
5:29:00	96	19,93	0,00
5:30:00	96	19,92	0,00
5:31:00	96	19,93	0,00
5:32:00	96	19,93	0,00
5:33:00	96	19,93	0,00
5:34:00	96	19,93	0,00
5:35:00	96	19,92	0,00
5:36:00	96	19,93	0,00
5:37:00	96	19,92	0,00
5:38:00	96	19,93	0,00
5:39:00	96	19,93	0,00
5:40:00	96	19,93	0,00
5:41:00	96	19,93	0,00
5:42:00	96	19,93	0,00
5:43:00	96	19,92	0,00
5:44:00	96	19,93	0,00
5:45:00	96	19,93	0,00
5:46:00	96	19,93	0,00
5:47:00	96	19,93	0,00
5:48:00	95	19,93	0,00
5:49:00	96	19,93	0,00
5:50:00	95		
5:51:00	95		
5:52:00	95		
5:53:00	96		
5:54:00	96		
5:55:00	96		
5:56:00	96		
5:57:00	96		
5:58:00	96		
5:59:00	96		
6:00:00	96		
6:01:00	96	18,87	0,00
6:02:00	96	18,87	0,00
6:03:00	96	18,87	0,00
6:04:00	96	18,87	0,00
6:05:00	96	18,87	0,00
6:06:00	96	18,86	0,00
6:07:00	96	18,87	0,00
6:08:00	96	18,86	0,00
6:09:00	96	18,86	0,00
6:10:00	96	18,85	0,00
6:11:00	96	18,86	0,00
6:12:00	96	18,86	0,00
6:13:00	96	18,86	0,00
6:14:00	96	18,86	0,00
6:15:00	96	18,86	0,00
6:16:00	96	18,86	0,00
6:17:00	96	18,85	0,00
6:18:00	96	18,85	0,00
6:19:00	96	18,84	0,00
6:20:00	96	18,84	0,00
6:21:00	95	18,85	0,00
6:22:00	96	18,85	0,00
6:23:00	96	18,84	0,00
6:24:00	96	18,84	0,00
6:25:00	96	18,84	0,00
6:26:00	96	18,84	0,00
6:27:00	96	18,84	0,00
6:28:00	96	18,84	0,00
6:29:00	96	18,83	0,00
6:30:00	96	18,83	0,00
6:31:00	96	18,83	0,00
6:32:00	96	18,83	0,00
6:33:00	96	18,82	0,00
6:34:00	96	18,82	0,00
6:35:00	96	18,81	0,00
6:36:00	96	18,82	0,00
6:37:00	96	18,80	0,00
6:38:00	96	18,81	0,00
6:39:00	96	18,80	0,00
6:40:00	95	18,79	0,00
6:41:00	96	18,79	0,00
6:42:00	96	18,79	0,00
6:43:00	96	18,78	0,00
6:44:00	96	18,78	0,00
6:45:00	95	18,77	0,00
6:46:00	96	18,77	0,00
6:47:00	96	18,76	0,00
6:48:00	96	18,75	0,00
6:49:00	96	18,75	0,00
6:50:00	96	18,75	0,00
6:51:00	96	18,75	0,00
6:52:00	96	18,74	0,00
6:53:00	96	18,73	0,00
6:54:00	95	18,73	0,00
6:55:00	96	18,72	0,00
6:56:00	96	18,71	0,00
6:57:00	96	18,70	0,00
6:58:00	95	18,70	0,00
6:59:00	96	18,70	0,00
7:00:00	96	18,68	0,00
7:01:00	96	18,68	0,00
7:02:00	96	18,67	0,00
7:03:00	96	18,66	0,00
7:04:00	96	18,65	0,00
7:05:00	96	18,64	0,00
7:06:00	96	18,63	0,00
7:07:00	96	18,62	0,00
7:08:00	96	18,62	0,00
7:09:00	96	18,61	0,00
7:10:00	96	18,60	0,00
7:11:00	96	18,59	0,00
7:12:00	95	18,57	0,00
7:13:00	96	18,57	0,00
7:14:00	96	18,56	0,00
7:15:00	96	18,54	0,00
7:16:00	96	18,53	0,00
7:17:00	95	18,52	0,00
7:18:00	96	18,51	0,00
7:19:00	96	18,50	0,00
7:20:00	96	18,48	0,00
7:21:00	96	18,48	0,00
7:22:00	96	18,46	0,00
7:23:00	95	18,43	0,00
7:24:00	96		
7:25:00	96	16,32	0,00
7:26:00	96	16,31	0,00
7:27:00	95	16,30	0,00
7:28:00	96	16,29	0,00
7:29:00	96	16,23	0,00
7:30:00	95	16,22	0,00
7:31:00	96	16,21	0,00
7:32:00	96	16,21	0,00
7:33:00	96	16,20	0,00
7:34:00	96	16,17	0,00
7:35:00	95	16,14	0,01
7:36:00	96	16,11	0,02
7:37:00	96	16,09	0,03
7:38:00	96	16,08	0,03
7:39:00	95	16,05	0,04
7:40:00	96	16,03	0,05
7:41:00	96	16,02	0,05
7:42:00	95	15,98	0,06
7:43:00	96	15,94	0,07
7:44:00	96	15,94	0,07
7:45:00	96	15,91	0,08
7:46:00	96	15,87	0,09
7:47:00	96	15,84	0,10
7:48:00	96	15,83	0,11
7:49:00	96	15,81	0,11
7:50:00	96	15,76	0,13
7:51:00	96	15,75	0,13
7:52:00	96	15,73	0,14
7:53:00	96	15,70	0,15
7:54:00	96	15,66	0,16
7:55:00	96	15,63	0,17
7:56:00	95	15,61	0,18
7:57:00	96	15,57	0,19
7:58:00	96	15,53	0,21
7:59:00	96	15,49	0,22
8:00:00	95	15,48	0,23
8:01:00	96	15,44	0,24
8:02:00	96	15,40	0,26
8:03:00	96	15,36	0,27
8:04:00	96	15,36	0,27
8:05:00	96	15,31	0,29
8:06:00	96	15,27	0,31
8:07:00	96	15,25	0,31
8:08:00	96	15,21	0,33
8:09:00	96	15,19	0,34
8:10:00	96	15,14	0,36
8:11:00	96	15,11	0,37
8:12:00	96	15,05	0,40
8:13:00	96	15,03	0,41
8:14:00	96	14,99	0,42
8:15:00	96	14,97	0,43
8:16:00	96	14,92	0,45
8:17:00	96	14,88	0,47
8:18:00	96	14,85	0,48
8:19:00	96	14,82	0,50
8:20:00	96	14,78	0,52
8:21:00	96		
8:22:00	96	14,68	0,57
8:23:00	95	14,65	0,58
8:24:00	95	14,63	0,59
8:25:00	96	14,57	0,62
8:26:00	96	14,53	0,64
8:27:00	96	14,50	0,66
8:28:00	95	14,45	0,69
8:29:00	96	14,40	0,72
8:30:00	96	14,37	0,73
8:31:00	96	14,32	0,76
8:32:00	95	14,29	0,78
8:33:00	96	14,25	0,80
8:34:00	95	14,21	0,82
8:35:00	96	14,17	0,84
8:36:00	95	14,13	0,87
8:37:00	96	14,09	0,89
8:38:00	96	14,05	0,92
8:39:00	96	14,01	0,95
8:40:00	96	13,96	0,98
8:41:00	96	13,93	1,00
8:42:00	96	13,89	1,02
8:43:00	96	13,84	1,06
8:44:00	96	13,78	1,10
8:45:00	96	13,74	1,13
8:46:00	96	13,70	1,16
8:47:00	96	13,66	1,18
8:48:00	96	13,60	1,23
8:49:00	96	13,55	1,27
8:50:00	95	13,48	1,33
8:51:00	96	13,44	1,36
8:52:00	95	13,39	1,40
8:53:00	96	13,34	1,44
8:54:00	96	13,31	1,46
8:55:00	96	13,28	1,49
8:56:00	96	13,21	1,55
8:57:00	96	13,18	1,58
8:58:00	96	13,11	1,64
8:59:00	96	13,09	1,67
9:00:00	96	13,05	1,70
9:01:00	96	13,00	1,75
9:02:00	95	12,95	1,80
9:03:00	96	12,91	1,84
9:04:00	96	12,88	1,87
9:05:00	96	12,83	1,92
9:06:00	96	12,79	1,96
9:07:00	96	12,75	2,01
9:08:00	96	12,72	2,04
9:09:00	96	12,67	2,09
9:10:00	96	12,63	2,13
9:11:00	95	12,61	2,17
9:12:00	96	12,53	2,26
9:13:00	96	12,49	2,30
9:14:00	96	12,46	2,34
9:15:00	95	12,43	2,39
9:16:00	96	12,37	2,45
9:17:00	96	12,35	2,48
9:18:00	96	12,32	2,52
9:19:00	96	12,27	2,59
9:20:00	96	12,25	2,62
9:21:00	95	12,20	2,68
9:22:00	95	12,16	2,75
9:23:00	95	12,13	2,79
9:24:00	96	12,10	2,82
9:25:00	96	12,07	2,88
9:26:00	96	12,02	2,94
9:27:00	96	12,00	2,98
9:28:00	96	11,97	3,02
9:29:00	96	11,92	3,10
9:30:00	96	11,90	3,13
9:31:00	96	11,87	3,18
9:32:00	96	11,86	3,19
9:33:00	96	11,82	3,27
9:34:00	96	11,77	3,34
9:35:00	96	11,75	3,38
9:36:00	96	11,73	3,42
9:37:00	96	11,68	3,50
9:38:00	96	11,68	3,51
9:39:00	95	11,64	3,57
9:40:00	96	11,61	3,62
9:41:00	95	11,61	3,63
9:42:00	95	11,56	3,72
9:43:00	96	11,53	3,77
9:44:00	96	11,51	3,82
9:45:00	95	11,48	3,88
9:46:00	95	11,43	3,96
9:47:00	96	11,43	3,98
9:48:00	96	11,41	4,03
9:49:00	96	11,38	4,07
9:50:00	96	11,37	4,10
9:51:00	96	11,32	4,20
9:52:00	96	11,30	4,24
9:53:00	96		
9:54:00	96	11,26	4,33
9:55:00	96		
9:56:00	96	11,22	4,42
9:57:00	96	11,20	4,46
9:58:00	96	11,18	4,51
9:59:00	96	11,17	4,53
10:00:00	95	11,15	4,58
10:01:00	96	11,12	4,65
10:02:00	96	11,10	4,70
10:03:00	96	11,06	4,79
10:04:00	96	11,05	4,81
10:05:00	96	11,04	4,84
10:06:00	96	11,03	4,86
10:07:00	95	11,02	4,90
10:08:00	96	11,00	4,94
10:09:00	96	10,97	5,01
10:10:00	96	10,95	5,07
10:11:00	95	10,93	5,11
10:12:00	96	10,93	5,13
10:13:00	96	10,89	5,23
10:14:00	95	10,88	5,25
10:15:00	96	10,87	5,27
10:16:00	96	10,85	5,33
10:17:00	95	10,84	5,37
10:18:00	96	10,82	5,41
10:19:00	96	10,80	5,47
10:20:00	96	10,79	5,49
10:21:00	96	10,77	5,55
10:22:00	95	10,75	5,59
10:23:00	96	10,73	5,66
10:24:00	96	10,72	5,68
10:25:00	96	10,71	5,72
10:26:00	95	10,69	5,77
10:27:00	96	10,68	5,79
10:28:00	96	10,68	5,81
10:29:00	96	10,67	5,83
10:30:00	96	10,65	5,90
10:31:00	96	10,63	5,94
10:32:00	96	10,58	6,11
10:33:00	96	10,57	6,15
10:34:00	96	10,56	6,18
10:35:00	96	10,56	6,18
10:36:00	96	10,56	6,18
10:37:00	96	10,53	6,27
10:38:00	96	10,52	6,29
10:39:00	96	10,50	6,34
10:40:00	96	10,49	6,39
10:41:00	95	10,48	6,44
10:42:00	96	10,47	6,46
10:43:00	96	10,45	6,51
10:44:00	96	10,44	6,56
10:45:00	96	10,43	6,59
10:46:00	96	10,42	6,61
10:47:00	96	10,41	6,64
10:48:00	96	10,40	6,69
10:49:00	95	10,40	6,69
10:50:00	96	10,40	6,69
10:51:00	96	10,38	6,77
10:52:00	95	10,36	6,85
10:53:00	96	10,36	6,85
10:54:00	95	10,34	6,90
10:55:00	96	10,33	6,92
10:56:00	96	10,32	6,98
10:57:00	95	10,33	6,92
10:58:00	96	10,31	7,01
10:59:00	96	10,30	7,06
11:00:00	96	10,30	7,03
11:01:00	96	10,30	7,03
11:02:00	96	10,27	7,14
11:03:00	96	10,25	7,22
11:04:00	96	10,24	7,25
11:05:00	96	10,24	7,25
11:06:00	96	10,23	7,28
11:07:00	96	10,23	7,31
11:08:00	96	10,21	7,36
11:09:00	96	10,21	7,36
11:10:00	96	10,21	7,39
11:11:00	95	10,19	7,45
11:12:00	96	10,18	7,48
11:13:00	96	10,17	7,54
11:14:00	95	10,18	7,51
11:15:00	95	10,16	7,56
11:16:00	96	10,14	7,62
11:17:00	96	10,14	7,65
11:18:00	96	10,12	7,71
11:19:00	96	10,11	7,74
11:20:00	96	10,11	7,77
11:21:00	96	10,11	7,77
11:22:00	96	10,09	7,83
11:23:00	96	10,09	7,83
11:24:00	96	10,08	7,89
11:25:00	96	10,08	7,89
11:26:00	96	10,06	7,95
11:27:00	96	10,07	7,92
11:28:00	96	10,06	7,95
11:29:00	95	10,06	7,95
11:30:00	96	10,05	7,99
11:31:00	96	10,04	8,05
11:32:00	96	10,05	8,02
11:33:00	96	10,02	8,11
11:34:00	96	10,02	8,14
11:35:00	96	10,01	8,17
11:36:00	96	10,01	8,17
11:37:00	96	9,98	8,30
11:38:00	96	9,98	8,30
11:39:00	96	9,98	8,30
11:40:00	95	9,97	8,33
11:41:00	95	9,96	8,37
11:42:00	96	9,97	8,33
11:43:00	96	9,96	8,37
11:44:00	96	9,96	8,40
11:45:00	95	9,96	8,40
11:46:00	95		
11:47:00	96	9,94	8,46
11:48:00	95	9,93	8,53
11:49:00	96	9,93	8,53
11:50:00	96	9,92	8,56
11:51:00	96	9,92	8,56
11:52:00	96	9,92	8,56
11:53:00	96	9,90	8,66
11:54:00	96	9,90	8,66
11:55:00	96	9,88	8,73
11:56:00	95	9,88	8,73
11:57:00	95	9,88	8,77
11:58:00	96	9,88	8,73
11:59:00	96	9,86	8,83
12:00:00	96	9,86	8,83
12:01:00	96	9,86	8,83
12:02:00	96	9,85	8,87
12:03:00	96	9,85	8,90
12:04:00	96	9,85	8,90
12:05:00	96	9,83	8,97
12:06:00	95	9,84	8,94
12:07:00	96	9,83	8,97
12:08:00	96	9,83	8,97
12:09:00	96	9,82	9,01
12:10:00	96	9,82	9,04
12:11:00	95	9,81	9,08
12:12:00	96	9,81	9,08
12:13:00	96	9,80	9,12
12:14:00	95	9,80	9,12
12:15:00	96	9,79	9,15
12:16:00	96	9,78	9,22
12:17:00	96	9,78	9,22
12:18:00	96	9,77	9,26
12:19:00	96	9,76	9,30
12:20:00	96	9,76	9,30
12:21:00	96	9,76	9,33
12:22:00	96	9,75	9,37
12:23:00	96	9,75	9,37
12:24:00	96	9,74	9,41
12:25:00	96	9,75	9,37
12:26:00	96	9,75	9,37
12:27:00	96	9,73	9,44
12:28:00	96	9,73	9,48
12:29:00	96	9,73	9,44
12:30:00	96	9,73	9,48
12:31:00	96	9,73	9,48
12:32:00	96	9,72	9,52
12:33:00	95	9,72	9,52
12:34:00	96	9,70	9,63
12:35:00	96	9,71	9,56
12:36:00	96	9,70	9,63
12:37:00	96	9,70	9,63
12:38:00	96	9,69	9,67
12:39:00	96	9,69	9,67
12:40:00	96		
12:41:00	96	9,69	9,67
12:42:00	95	9,67	9,75
12:43:00	96	9,67	9,75
12:44:00	96	9,66	9,82
12:45:00	96	9,66	9,78
12:46:00	96	9,65	9,86
12:47:00	95	9,64	9,90
12:48:00	96	9,64	9,90
12:49:00	96	9,63	9,94
12:50:00	95	9,64	9,90
12:51:00	96	9,63	9,94
12:52:00	96	9,63	9,98
12:53:00	96	9,62	10,02
12:54:00	96	9,63	9,98
12:55:00	95	9,62	10,02
12:56:00	96	9,62	10,02
12:57:00	96	9,61	10,06
12:58:00	96	9,61	10,10
12:59:00	96	9,61	10,10
13:00:00	95	9,61	10,10
13:01:00	96	9,60	10,14
13:02:00	96	9,60	10,14
13:03:00	95	9,60	10,14
13:04:00	96	9,59	10,18
13:05:00	96	9,58	10,22
13:06:00	96	9,58	10,22
13:07:00	96	9,57	10,26
13:08:00	96	9,57	10,26
13:09:00	96	9,57	10,26
13:10:00	96	9,57	10,30
13:11:00	96	9,57	10,26
13:12:00	96	9,56	10,34
13:13:00	96		
13:14:00	96	9,55	10,38
13:15:00	96	9,55	10,42
13:16:00	96	9,55	10,42
13:17:00	96	9,54	10,46
13:18:00	96	9,54	10,46
13:19:00	96	9,53	10,51
13:20:00	95	9,53	10,51
13:21:00	96	9,53	10,51
13:22:00	96	9,53	10,51
13:23:00	96	9,52	10,55
13:24:00	96	9,52	10,59
13:25:00	96	9,52	10,59
13:26:00	96	9,52	10,59
13:27:00	96	9,52	10,59
13:28:00	96	9,51	10,63
13:29:00	96	9,51	10,63
13:30:00	95	9,50	10,67
13:31:00	96	9,50	10,67
13:32:00	95	9,50	10,67
13:33:00	96	9,49	10,72
13:34:00	96	9,49	10,72
13:35:00	95	9,49	10,72
13:36:00	96	9,48	10,76
13:37:00	96	9,48	10,76
13:38:00	95	9,48	10,76
13:39:00	96	9,48	10,76
13:40:00	96	9,48	10,76
13:41:00	96	9,48	10,80
13:42:00	96	9,48	10,80
13:43:00	96	9,48	10,80
13:44:00	96	9,47	10,85
13:45:00	96	9,47	10,85
13:46:00	96	9,46	10,89
13:47:00	96	9,47	10,85
13:48:00	96	9,46	10,89
13:49:00	96	9,46	10,93
13:50:00	96	9,46	10,89
13:51:00	96	9,46	10,93
13:52:00	96	9,44	11,02
13:53:00	96	9,45	10,98
13:54:00	96	9,45	10,98
13:55:00	96	9,44	11,02
13:56:00	96	9,44	11,02
13:57:00	96	9,43	11,07
13:58:00	96	9,43	11,11
13:59:00	96	9,42	11,15
14:00:00	96	9,42	11,15
14:01:00	96	9,42	11,15
14:02:00	96	9,41	11,20
14:03:00	96		
14:04:00	96	9,41	11,20
14:05:00	96	9,40	11,24
14:06:00	96	9,40	11,24
14:07:00	96	9,39	11,29
14:08:00	96	9,40	11,24
14:09:00	95	9,39	11,29
14:10:00	95	9,39	11,33
14:11:00	96	9,39	11,29
14:12:00	95	9,39	11,33
14:13:00	96	9,39	11,33
14:14:00	95	9,39	11,33
14:15:00	96	9,38	11,38
14:16:00	96	9,37	11,43
14:17:00	96	9,38	11,38
14:18:00	96	9,37	11,47
14:19:00	95	9,38	11,38
14:20:00	96	9,37	11,43
14:21:00	96	9,37	11,43
14:22:00	96	9,37	11,47
14:23:00	96	9,37	11,47
14:24:00	96	9,37	11,43
14:25:00	96	9,35	11,56
14:26:00	96	9,36	11,52
14:27:00	96	9,36	11,52
14:28:00	96	9,36	11,52
14:29:00	96	9,35	11,56
14:30:00	96	9,35	11,56
14:31:00	96	9,34	11,61
14:32:00	96	9,34	11,61
14:33:00	96	9,34	11,61
14:34:00	95	9,34	11,66
14:35:00	96	9,34	11,61
14:36:00	96	9,34	11,61
14:37:00	95	9,34	11,61
14:38:00	96	9,33	11,70
14:39:00	96	9,33	11,70
14:40:00	96	9,33	11,70
14:41:00	96	9,33	11,70
14:42:00	96	9,33	11,70
14:43:00	96	9,32	11,75
14:44:00	96	9,32	11,75
14:45:00	96	9,31	11,80
14:46:00	96	9,31	11,80
14:47:00	96	9,30	11,89
14:48:00	96	9,30	11,85
14:49:00	96	9,30	11,85
14:50:00	96	9,30	11,89
14:51:00	95	9,30	11,89
14:52:00	96	9,29	11,94
14:53:00	96	9,29	11,94
14:54:00	96	9,29	11,94
14:55:00	96	9,28	12,04
14:56:00	96	9,28	11,99
14:57:00	95	9,28	11,99
14:58:00	96	9,30	11,89
14:59:00	96	9,29	11,94
15:00:00	95	9,29	11,94
15:01:00	96	9,27	12,09
15:02:00	95	9,27	12,09
15:03:00	96	9,28	11,99
15:04:00	96	9,28	12,04
15:05:00	96	9,27	12,09
15:06:00	96	9,27	12,09
15:07:00	96	9,26	12,14
15:08:00	96	9,27	12,09
15:09:00	96	9,26	12,14
15:10:00	96	9,26	12,14
15:11:00	96	9,25	12,19
15:12:00	96	9,25	12,19
15:13:00	96	9,25	12,19
15:14:00	96	9,27	12,09
15:15:00	95	9,26	12,14
15:16:00	96	9,25	12,24
15:17:00	96	9,25	12,24
15:18:00	96	9,25	12,24
15:19:00	96	9,25	12,19
15:20:00	96	9,25	12,24
15:21:00	96	9,25	12,24
15:22:00	96	9,25	12,24
15:23:00	96	9,25	12,24
15:24:00	96	9,24	12,29
15:25:00	96	9,23	12,34
15:26:00	96	9,24	12,29
15:27:00	96	9,23	12,34
15:28:00	96	9,24	12,29
15:29:00	96	9,23	12,34
15:30:00	96	9,22	12,39
15:31:00	96	9,22	12,39
15:32:00	96	9,22	12,39
15:33:00	96	9,21	12,44
15:34:00	96	9,21	12,49
15:35:00	96	9,22	12,39
15:36:00	95	9,21	12,44
15:37:00	95	9,21	12,44
15:38:00	96	9,22	12,39
15:39:00	96	9,21	12,49
15:40:00	96	9,21	12,49
15:41:00	96	9,20	12,54
15:42:00	95	9,20	12,54
15:43:00	96	9,20	12,54
15:44:00	96	9,19	12,59
15:45:00	96	9,20	12,54
15:46:00	95	9,19	12,59
15:47:00	96	9,19	12,59
15:48:00	96	9,18	12,64
15:49:00	96	9,18	12,64
15:50:00	96	9,19	12,59
15:51:00	96	9,18	12,64
15:52:00	96	9,17	12,74
15:53:00	96	9,18	12,69
15:54:00	95	9,18	12,69
15:55:00	96	9,18	12,64
15:56:00	96	9,18	12,69
15:57:00	96	9,17	12,74
15:58:00	96	9,16	12,79
15:59:00	96	9,17	12,74
16:00:00	95	9,16	12,79
16:01:00	96	9,17	12,74
16:02:00	96	9,16	12,85
16:03:00	96	9,16	12,79
16:04:00	96	9,16	12,79
16:05:00	96	9,16	12,79
16:06:00	96	9,15	12,90
16:07:00	96	9,14	12,95
16:08:00	96	9,15	12,90
16:09:00	96	9,16	12,85
16:10:00	96	9,15	12,90
16:11:00	96	9,14	12,95
16:12:00	95	9,15	12,90
16:13:00	95	9,15	12,90
16:14:00	96	9,15	12,90
16:15:00	96	9,14	12,95
16:16:00	96	9,15	12,90
16:17:00	96	9,14	12,95
16:18:00	96	9,15	12,90
16:19:00	96	9,13	13,00
16:20:00	96	9,15	12,90
16:21:00	96	9,13	13,00
16:22:00	96	9,14	12,95
16:23:00	95	9,13	13,00
16:24:00	96	9,13	13,06
16:25:00	95	9,14	12,95
16:26:00	96	9,13	13,06
16:27:00	96	9,13	13,06
16:28:00	96	9,13	13,06
16:29:00	95	9,13	13,00
16:30:00	96	9,12	13,11
16:31:00	96	9,13	13,06
16:32:00	96	9,13	13,06
16:33:00	96	9,12	13,11
16:34:00	95	9,12	13,11
16:35:00	96	9,12	13,11
16:36:00	96	9,11	13,16
16:37:00	96	9,11	13,16
16:38:00	96	9,11	13,16
16:39:00	96	9,10	13,22
16:40:00	95	9,11	13,16
16:41:00	96	9,11	13,16
16:42:00	96	9,11	13,16
16:43:00	96	9,09	13,27
16:44:00	96	9,11	13,16
16:45:00	95	9,09	13,27
16:46:00	95	9,10	13,22
16:47:00	96	9,10	13,22
16:48:00	96	9,09	13,27
16:49:00	96	9,10	13,22
16:50:00	95	9,09	13,27
16:51:00	96	9,09	13,27
16:52:00	96	9,09	13,33
16:53:00	95	9,09	13,33
16:54:00	96	9,09	13,33
16:55:00	96	9,10	13,22
16:56:00	96	9,08	13,38
16:57:00	96	9,09	13,33
16:58:00	96	9,09	13,33
16:59:00	96	9,07	13,44
17:00:00	95	9,08	13,38
17:01:00	95	9,09	13,33
17:02:00	96	9,07	13,44
17:03:00	96	9,07	13,44
17:04:00	96	9,08	13,38
17:05:00	96	9,07	13,44
17:06:00	95	9,07	13,49
17:07:00	96	9,07	13,44
17:08:00	95	9,07	13,44
17:09:00	96	9,07	13,49
17:10:00	96	9,08	13,38
17:11:00	96	9,07	13,49
17:12:00	96	9,06	13,55
17:13:00	96	9,07	13,49
17:14:00	96	9,06	13,55
17:15:00	96	9,06	13,55
17:16:00	96	9,06	13,55
17:17:00	96	9,06	13,55
17:18:00	95	9,06	13,55
17:19:00	96	9,06	13,55
17:20:00	96	9,05	13,60
17:21:00	96	9,05	13,60
17:22:00	96	9,05	13,60
17:23:00	96	9,05	13,60
17:24:00	95	9,04	13,72
17:25:00	96	9,05	13,60
17:26:00	96	9,06	13,55
17:27:00	96	9,05	13,60
17:28:00	96	9,04	13,66
17:29:00	96	9,04	13,66
17:30:00	96	9,04	13,66
17:31:00	96	9,04	13,66
17:32:00	96	9,04	13,72
17:33:00	96	9,04	13,72
17:34:00	96	9,04	13,72
17:35:00	96	9,03	13,77
17:36:00	96	9,03	13,77
17:37:00	96	9,04	13,66
17:38:00	96	9,04	13,66
17:39:00	96	9,04	13,72
17:40:00	96	9,03	13,77
17:41:00	96	9,03	13,77
17:42:00	96	9,02	13,83
17:43:00	96	9,02	13,83
17:44:00	96	9,03	13,77
17:45:00	96	9,01	13,89
17:46:00	96	9,02	13,83
17:47:00	96	9,01	13,89
17:48:00	96	9,02	13,83
17:49:00	96	9,02	13,83
17:50:00	96	9,02	13,83
17:51:00	96	9,02	13,83
17:52:00	95	9,02	13,83
17:53:00	96	9,01	13,89
17:54:00	96	9,02	13,83
17:55:00	95	9,01	13,89
17:56:00	95	9,01	13,89
17:57:00	96	9,01	13,89
17:58:00	96	9,01	13,89
17:59:00	96	9,01	13,89
18:00:00	96	9,01	13,89
18:01:00	96	9,02	13,83
18:02:00	96	9,01	13,89
18:03:00	95	9,00	13,94
18:04:00	96	9,01	13,89
18:05:00	96	9,00	13,94
18:06:00	96	9,00	13,94
18:07:00	95	9,00	14,00
18:08:00	96	9,00	13,94
18:09:00	96	9,00	13,94
18:10:00	95	9,00	13,94
18:11:00	95	8,99	14,06
18:12:00	96	9,00	13,94
18:13:00	96	9,00	14,00
18:14:00	96	8,99	14,06
18:15:00	96	9,00	14,00
18:16:00	95	8,99	14,06
18:17:00	96	9,00	14,00
18:18:00	96	8,99	14,06
18:19:00	96	8,99	14,06
18:20:00	95	8,99	14,06
18:21:00	96	8,99	14,06
18:22:00	96	8,99	14,06
18:23:00	96	8,99	14,06
18:24:00	96	8,98	14,12
18:25:00	96	8,98	14,12
18:26:00	96	8,99	14,06
18:27:00	96	8,98	14,12
18:28:00	96	8,98	14,12
18:29:00	96	8,99	14,06
18:30:00	96	8,99	14,06
18:31:00	96	8,98	14,12
18:32:00	96	8,98	14,12
18:33:00	96	8,98	14,17
18:34:00	96	8,98	14,12
18:35:00	96	8,98	14,17
18:36:00	96	8,97	14,23
18:37:00	96	8,98	14,17
18:38:00	96	8,97	14,23
18:39:00	95	8,98	14,12
18:40:00	96	8,98	14,17
18:41:00	96	8,97	14,23
18:42:00	96	8,97	14,23
18:43:00	96	8,96	14,29
18:44:00	96	8,97	14,23
18:45:00	96	8,97	14,23
18:46:00	96	8,96	14,29
18:47:00	96	8,96	14,29
18:48:00	96	8,96	14,29
18:49:00	96	8,97	14,23
18:50:00	96	8,96	14,29
18:51:00	96	8,96	14,29
18:52:00	96	8,96	14,29
18:53:00	96	8,95	14,35
18:54:00	96	8,95	14,35
18:55:00	96	8,96	14,29
18:56:00	96	8,95	14,35
18:57:00	96	8,95	14,35
18:58:00	96	8,95	14,35
18:59:00	96	8,95	14,41
19:00:00	95	8,96	14,29
19:01:00	96	8,95	14,35
19:02:00	96	8,95	14,35
19:03:00	96	8,95	14,41
19:04:00	95	8,95	14,41
19:05:00	96	8,95	14,41
19:06:00	95	8,95	14,35
19:07:00	95	8,95	14,41
19:08:00	95	8,95	14,41
19:09:00	95	8,95	14,41
19:10:00	96	8,95	14,41
19:11:00	96	8,95	14,41
19:12:00	96	8,95	14,35
19:13:00	95	8,94	14,47
19:14:00	96	8,93	14,53
19:15:00	96	8,93	14,53
19:16:00	96	8,93	14,53
19:17:00	96	8,92	14,59
19:18:00	96	8,93	14,53
19:19:00	95	8,93	14,53
19:20:00	96	8,93	14,53
19:21:00	95	8,93	14,53
19:22:00	96	8,94	14,47
19:23:00	96	8,93	14,53
19:24:00	96	8,92	14,59
19:25:00	96	8,93	14,53
19:26:00	95	8,93	14,53
19:27:00	96	8,91	14,65
19:28:00	96	8,93	14,53
19:29:00	96	8,93	14,53
19:30:00	96	8,91	14,65
19:31:00	95	8,91	14,65
19:32:00	96	8,91	14,65
19:33:00	95	8,91	14,65
19:34:00	95	8,91	14,65
19:35:00	96	8,91	14,65
19:36:00	96	8,91	14,65
19:37:00	96	8,91	14,65
19:38:00	95	8,91	14,65
19:39:00	96	8,91	14,65
19:40:00	96	8,91	14,65
19:41:00	96	8,91	14,65
19:42:00	96	8,90	14,77
19:43:00	96	8,91	14,71
19:44:00	96	8,91	14,71
19:45:00	96	8,89	14,83
19:46:00	96	8,91	14,71
19:47:00	96	8,91	14,71
19:48:00	96	8,91	14,65
19:49:00	96	8,91	14,71
19:50:00	96	8,90	14,77
19:51:00	96	8,90	14,77
19:52:00	96	8,91	14,71
19:53:00	96	8,91	14,71
19:54:00	96	8,91	14,71
19:55:00	96	8,91	14,71
19:56:00	96	8,90	14,77
19:57:00	96	8,90	14,77
19:58:00	96	8,90	14,77
19:59:00	96	8,90	14,77
20:00:00	96	8,90	14,77
20:01:00	96	8,89	14,83
20:02:00	96	8,90	14,77
20:03:00	95	8,90	14,77
20:04:00	96	8,90	14,77
20:05:00	96	8,89	14,83
20:06:00	96	8,89	14,83
20:07:00	96	8,90	14,77
20:08:00	96	8,89	14,83
20:09:00	96	8,90	14,77
20:10:00	96	8,89	14,83
20:11:00	96	8,89	14,83
20:12:00	96	8,89	14,83
20:13:00	96	8,89	14,83
20:14:00	96	8,89	14,90
20:15:00	96	8,89	14,90
20:16:00	96	8,89	14,90
20:17:00	96	8,88	14,96
20:18:00	96	8,88	14,96
20:19:00	96	8,89	14,83
20:20:00	95	8,89	14,90
20:21:00	96	8,89	14,90
20:22:00	96	8,89	14,90
20:23:00	96	8,89	14,83
20:24:00	96	8,89	14,83
20:25:00	96	8,89	14,90
20:26:00	95	8,89	14,90
20:27:00	95	8,88	14,96
20:28:00	96	8,89	14,90
20:29:00	96	8,88	14,96
20:30:00	96	8,88	14,96
20:31:00	96	8,88	14,96
20:32:00	96	8,89	14,90
20:33:00	96	8,88	14,96
20:34:00	96	8,88	14,96
20:35:00	96	8,89	14,90
20:36:00	96	8,88	14,96
20:37:00	96	8,88	14,96
20:38:00	96	8,88	14,96
20:39:00	96	8,87	15,02
20:40:00	95	8,87	15,02
20:41:00	96	8,87	15,02
20:42:00	96	8,88	14,96
20:43:00	96	8,88	14,96
20:44:00	96	8,88	14,96
20:45:00	96	8,87	15,02
20:46:00	96	8,87	15,02
20:47:00	96	8,87	15,02
20:48:00	96	8,87	15,02
20:49:00	96	8,87	15,02
20:50:00	96	8,87	15,02
20:51:00	96	8,87	15,02
20:52:00	95	8,87	15,02
20:53:00	96	8,87	15,02
20:54:00	96	8,86	15,08
20:55:00	96	8,87	15,02
20:56:00	95	8,87	15,02
20:57:00	96	8,86	15,08
20:58:00	96	8,86	15,08
20:59:00	96	8,86	15,08
21:00:00	96	8,87	15,02
21:01:00	96	8,86	15,08
21:02:00	96	8,86	15,08
21:03:00	96	8,87	15,02
21:04:00	96	8,86	15,08
21:05:00	96	8,86	15,08
21:06:00	96	8,87	15,02
21:07:00	95	8,86	15,15
21:08:00	95	8,86	15,08
21:09:00	96	8,86	15,15
21:10:00	96	8,86	15,15
21:11:00	96	8,86	15,15
21:12:00	96	8,86	15,15
21:13:00	96	8,85	15,21
21:14:00	96	8,85	15,21
21:15:00	96	8,86	15,15
21:16:00	96	8,86	15,15
21:17:00	96	8,86	15,15
21:18:00	96	8,86	15,15
21:19:00	96	8,85	15,21
21:20:00	96	8,85	15,21
21:21:00	96	8,85	15,21
21:22:00	96	8,85	15,21
21:23:00	96	8,86	15,15
21:24:00	95	8,85	15,21
21:25:00	96	8,85	15,21
21:26:00	96	8,86	15,15
21:27:00	96	8,85	15,21
21:28:00	95	8,85	15,21
21:29:00	96	8,85	15,21
21:30:00	95	8,85	15,21
21:31:00	95	8,84	15,27
21:32:00	96	8,84	15,27
21:33:00	96	8,84	15,27
21:34:00	95	8,83	15,34
21:35:00	96	8,85	15,21
21:36:00	96	8,85	15,21
21:37:00	96	8,85	15,21
21:38:00	96	8,84	15,27
21:39:00	96	8,83	15,34
21:40:00	96	8,85	15,21
21:41:00	96	8,85	15,21
21:42:00	95	8,84	15,27
21:43:00	96	8,85	15,21
21:44:00	95	8,84	15,27
21:45:00	96	8,83	15,34
21:46:00	96	8,83	15,34
21:47:00	96	8,83	15,34
21:48:00	96	8,82	15,47
21:49:00	96	8,83	15,34
21:50:00	96	8,84	15,27
21:51:00	96	8,83	15,34
21:52:00	95	8,83	15,34
21:53:00	96	8,83	15,34
21:54:00	95	8,84	15,27
21:55:00	96	8,83	15,34
21:56:00	96	8,82	15,40
21:57:00	95	8,84	15,27
21:58:00	96	8,84	15,27
21:59:00	96	8,83	15,34
22:00:00	96	8,83	15,34
22:01:00	95	8,82	15,40
22:02:00	95	8,82	15,40
22:03:00	96	8,82	15,47
22:04:00	95	8,82	15,47
22:05:00	96	8,82	15,40
22:06:00	96	8,82	15,47
22:07:00	96	8,82	15,40
22:08:00	96	8,82	15,40
22:09:00	96	8,82	15,47
22:10:00	96	8,82	15,47
22:11:00	96	8,82	15,47
22:12:00	96	8,82	15,40
22:13:00	96	8,81	15,53
22:14:00	96	8,83	15,34
22:15:00	96	8,82	15,47
22:16:00	96	8,81	15,53
22:17:00	95	8,81	15,53
22:18:00	96	8,81	15,53
22:19:00	96	8,82	15,47
22:20:00	96	8,82	15,47
22:21:00	96	8,82	15,47
22:22:00	96	8,80	15,60
22:23:00	96	8,81	15,53
22:24:00	96	8,81	15,53
22:25:00	96	8,80	15,60
22:26:00	95	8,80	15,60
22:27:00	96	8,81	15,53
22:28:00	96	8,80	15,60
22:29:00	96	8,80	15,60
22:30:00	96	8,81	15,53
22:31:00	96	8,81	15,53
22:32:00	96	8,80	15,60
22:33:00	96	8,80	15,60
22:34:00	96	8,80	15,66
22:35:00	96	8,80	15,60
22:36:00	95	8,80	15,66
22:37:00	96	8,81	15,53
22:38:00	95	8,81	15,53
22:39:00	96	8,80	15,66
22:40:00	96	8,80	15,66
22:41:00	95	8,80	15,66
22:42:00	96	8,80	15,60
22:43:00	96	8,80	15,60
22:44:00	96	8,80	15,66
22:45:00	96	8,80	15,66
22:46:00	96	8,81	15,53
22:47:00	96	8,79	15,73
22:48:00	96	8,80	15,66
22:49:00	96	8,80	15,66
22:50:00	96	8,79	15,73
22:51:00	96	8,80	15,66
22:52:00	96	8,80	15,66
22:53:00	96	8,80	15,60
22:54:00	96	8,79	15,73
22:55:00	96	8,80	15,66
22:56:00	96	8,79	15,73
22:57:00	96	8,79	15,73
22:58:00	96	8,79	15,73
22:59:00	96	8,80	15,66
23:00:00	96	8,79	15,73
23:01:00	96	8,78	15,79
23:02:00	95	8,79	15,73
23:03:00	96	8,79	15,73
23:04:00	95	8,79	15,73
23:05:00	96	8,78	15,79
23:06:00	96	8,79	15,73
23:07:00	95	8,79	15,73
23:08:00	96	8,79	15,73
23:09:00	96	8,78	15,79
23:10:00	96	8,79	15,73
23:11:00	96	8,78	15,79
23:12:00	96	8,78	15,79
23:13:00	96	8,78	15,79
23:14:00	96	8,79	15,73
23:15:00	96	8,79	15,73
23:16:00	96	8,78	15,79
23:17:00	96	8,78	15,79
23:18:00	96	8,78	15,79
23:19:00	96	8,78	15,79
23:20:00	96	8,78	15,79
23:21:00	95	8,78	15,79
23:22:00	96	8,78	15,79
23:23:00	96	8,78	15,79
23:24:00	96	8,78	15,79
23:25:00	95	8,78	15,79
23:26:00	96	8,78	15,79
23:27:00	96	8,78	15,79
23:28:00	96	8,77	15,86
23:29:00	95	8,78	15,79
23:30:00	96	8,78	15,79
23:31:00	96	8,78	15,79
23:32:00	96	8,77	15,86
23:33:00	96	8,78	15,79
23:34:00	96	8,78	15,79
23:35:00	96	8,77	15,86
23:36:00	96	8,77	15,86
23:37:00	96	8,77	15,86
23:38:00	96	8,78	15,79
23:39:00	95	8,77	15,93
23:40:00	96	8,77	15,86
23:41:00	95	8,77	15,93
23:42:00	96	8,77	15,93
23:43:00	96	8,77	15,86
23:44:00	96	8,77	15,86
23:45:00	96	8,77	15,86
23:46:00	96	8,77	15,86
23:47:00	96	8,77	15,93
23:48:00	95	8,77	15,93
23:49:00	95	8,77	15,93
23:50:00	95	8,77	15,93
23:51:00	96	8,77	15,86
23:52:00	95	8,77	15,93
23:53:00	96	8,77	15,93
23:54:00	96	8,77	15,93
23:55:00	96	8,77	15,93
23:56:00	95	8,77	15,93
23:57:00	96	8,77	15,93
23:58:00	95	8,77	15,93
23:59:00	96	8,77	15,86
24:00:00	96	8,76	15,99
24:01:00	96	8,76	15,99
24:02:00	96	8,76	15,99
24:03:00	96	8,77	15,93
24:04:00	96	8,76	15,99
24:05:00	96	8,77	15,93
24:06:00	95	8,77	15,93
24:07:00	95	8,76	15,99
24:08:00	95	8,76	15,99
24:09:00	96	8,77	15,93
24:10:00	96	8,76	15,99
24:11:00	96	8,75	16,06
24:12:00	96	8,76	15,99
24:13:00	96	8,76	15,99
24:14:00	96	8,76	15,99
24:15:00	96	8,76	15,99
24:16:00	96	8,76	15,99
24:17:00	95	8,76	15,99
24:18:00	96	8,75	16,06
24:19:00	96	8,75	16,06
24:20:00	96	8,75	16,06
24:21:00	96	8,76	15,99
24:22:00	95	8,76	15,99
24:23:00	96	8,76	15,99
24:24:00	95	8,76	15,99
24:25:00	96	8,76	15,99
24:26:00	95	8,76	15,99
24:27:00	96	8,75	16,06
24:28:00	96	8,75	16,06
24:29:00	96	8,75	16,06
24:30:00	96	8,75	16,06
24:31:00	96	8,75	16,06
24:32:00	96	8,75	16,06
24:33:00	96	8,77	15,93
24:34:00	96	8,75	16,06
24:35:00	95	8,75	16,06
24:36:00	96	8,75	16,06
24:37:00	95	8,75	16,06
24:38:00	96	8,76	15,99
24:39:00	96	8,74	16,13
24:40:00	96	8,75	16,06
24:41:00	96	8,75	16,06
24:42:00	95	8,75	16,06
24:43:00	96	8,75	16,06
24:44:00	96	8,75	16,06
24:45:00	96	8,75	16,06
24:46:00	96	8,74	16,13
24:47:00	96	8,75	16,06
24:48:00	96	8,74	16,13
24:49:00	96	8,74	16,13
24:50:00	96	8,75	16,06
24:51:00	95	8,73	16,20
24:52:00	96	8,75	16,06
24:53:00	96	8,74	16,13
24:54:00	96	8,74	16,13
24:55:00	96	8,74	16,13
24:56:00	96	8,73	16,20
24:57:00	96	8,74	16,13
24:58:00	96	8,73	16,20
24:59:00	96	8,74	16,13
25:00:00	95	8,74	16,13
25:01:00	96	8,74	16,13
25:02:00	96	8,74	16,13
25:03:00	96	8,73	16,20
25:04:00	96	8,73	16,20
25:05:00	96	8,72	16,33
25:06:00	96	8,73	16,20
25:07:00	96	8,73	16,26
25:08:00	96	8,74	16,13
25:09:00	96	8,74	16,13
25:10:00	96	8,73	16,20
25:11:00	96	8,74	16,13
25:12:00	96	8,73	16,20
25:13:00	96	8,75	16,06
25:14:00	95	8,73	16,20
25:15:00	96	8,73	16,20
25:16:00	96	8,73	16,20
25:17:00	96	8,73	16,20
25:18:00	96	8,73	16,26
25:19:00	95	8,73	16,26
25:20:00	96	8,73	16,20
25:21:00	96	8,73	16,20
25:22:00	96	8,73	16,26
25:23:00	96	8,73	16,26
25:24:00	96	8,73	16,26
25:25:00	96	8,73	16,26
25:26:00	96	8,73	16,26
25:27:00	96	8,73	16,20
25:28:00	96	8,72	16,33
25:29:00	96	8,74	16,13
25:30:00	96	8,73	16,26
25:31:00	96	8,73	16,26
25:32:00	96	8,73	16,26
25:33:00	95	8,72	16,33
25:34:00	96	8,73	16,20
25:35:00	95	8,72	16,33
25:36:00	95	8,73	16,26
25:37:00	96	8,72	16,33
25:38:00	96	8,73	16,26
25:39:00	96	8,73	16,20
25:40:00	95	8,72	16,33
25:41:00	96	8,72	16,33
25:42:00	96	8,72	16,33
25:43:00	96	8,72	16,33
25:44:00	96	8,72	16,33
25:45:00	95	8,72	16,33
25:46:00	96	8,73	16,20
25:47:00	96	8,71	16,40
25:48:00	96	8,73	16,26
25:49:00	95	8,71	16,40
25:50:00	96	8,72	16,33
25:51:00	96	8,72	16,33
25:52:00	96	8,72	16,33
25:53:00	95	8,72	16,33
25:54:00	96	8,72	16,33
25:55:00	96	8,72	16,33
25:56:00	96	8,72	16,33
25:57:00	96	8,72	16,33
25:58:00	95	8,72	16,33
25:59:00	96	8,72	16,33
26:00:00	96	8,71	16,40
26:01:00	96	8,71	16,40
26:02:00	96	8,71	16,40
26:03:00	96	8,71	16,40
26:04:00	95	8,72	16,33
26:05:00	96	8,72	16,33
26:06:00	96	8,71	16,40
26:07:00	96	8,72	16,33
26:08:00	96	8,71	16,40
26:09:00	96	8,70	16,54
26:10:00	96	8,71	16,47
26:11:00	96	8,71	16,47
26:12:00	96	8,72	16,33
26:13:00	96	8,71	16,47
26:14:00	96	8,71	16,40
26:15:00	95	8,70	16,54
26:16:00	96	8,71	16,40
26:17:00	96	8,71	16,40
26:18:00	96	8,71	16,47
26:19:00	96	8,71	16,47
26:20:00	96	8,71	16,40
26:21:00	96	8,71	16,47
26:22:00	96	8,69	16,61
26:23:00	96	8,71	16,47
26:24:00	96	8,70	16,54
26:25:00	96	8,70	16,54
26:26:00	96	8,71	16,47
26:27:00	96	8,70	16,54
26:28:00	95	8,69	16,61
26:29:00	96	8,70	16,54
26:30:00	96	8,70	16,54
26:31:00	95	8,71	16,47
26:32:00	96	8,70	16,54
26:33:00	96	8,70	16,54
26:34:00	96	8,71	16,47
26:35:00	96	8,70	16,54
26:36:00	96	8,71	16,47
26:37:00	96	8,70	16,54
26:38:00	96	8,71	16,47
26:39:00	96	8,70	16,54
26:40:00	96	8,69	16,61
26:41:00	95	8,68	16,68
26:42:00	96	8,69	16,61
26:43:00	96	8,68	16,68
26:44:00	96	8,69	16,61
26:45:00	96	8,69	16,61
26:46:00	96	8,69	16,61
26:47:00	96	8,68	16,68
26:48:00	96	8,69	16,61
26:49:00	96	8,68	16,68
26:50:00	96	8,69	16,61
26:51:00	95	8,69	16,61
26:52:00	96	8,69	16,61
26:53:00	96	8,69	16,61
26:54:00	96	8,69	16,61
26:55:00	96	8,69	16,61
26:56:00	96	8,70	16,54
26:57:00	95	8,68	16,68
26:58:00	95	8,69	16,61
26:59:00	96	8,69	16,61
27:00:00	96	8,69	16,61
27:01:00	96	8,69	16,61
27:02:00	96	8,69	16,61
27:03:00	96	8,69	16,61
27:04:00	96	8,68	16,68
27:05:00	96	8,68	16,68
27:06:00	95	8,69	16,61
27:07:00	96	8,70	16,54
27:08:00	96	8,69	16,61
27:09:00	95	8,69	16,61
27:10:00	96	8,69	16,61
27:11:00	96	8,69	16,61
27:12:00	96	8,68	16,68
27:13:00	96	8,68	16,68
27:14:00	95	8,68	16,68
27:15:00	96	8,69	16,61
27:16:00	95	8,68	16,75
27:17:00	96	8,69	16,61
27:18:00	96	8,68	16,68
27:19:00	96	8,68	16,68
27:20:00	96	8,68	16,75
27:21:00	96	8,68	16,68
27:22:00	96	8,68	16,68
27:23:00	96	8,68	16,68
27:24:00	95	8,68	16,68
27:25:00	96	8,68	16,68
27:26:00	95	8,67	16,82
27:27:00	95	8,68	16,68
27:28:00	96	8,68	16,68
27:29:00	96	8,68	16,75
27:30:00	96	8,68	16,75
27:31:00	96	8,68	16,68
27:32:00	96	8,68	16,68
27:33:00	96	8,68	16,75
27:34:00	96	8,68	16,75
27:35:00	96	8,68	16,75
27:36:00	96	8,68	16,75
27:37:00	95	8,67	16,82
27:38:00	96	8,68	16,68
27:39:00	96	8,67	16,82
27:40:00	95	8,67	16,82
27:41:00	95	8,67	16,82
27:42:00	96	8,67	16,82
27:43:00	96	8,68	16,75
27:44:00	96	8,68	16,75
27:45:00	96	8,66	16,89
27:46:00	96	8,66	16,89
27:47:00	96	8,67	16,82
27:48:00	96	8,68	16,68
27:49:00	96	8,66	16,89
27:50:00	96	8,68	16,68
27:51:00	96	8,67	16,82
27:52:00	96	8,66	16,89
27:53:00	96	8,67	16,82
27:54:00	96	8,68	16,75
27:55:00	96	8,67	16,82
27:56:00	95	8,67	16,82
27:57:00	96	8,67	16,82
27:58:00	96	8,67	16,82
27:59:00	96	8,67	16,82
28:00:00	96	8,68	16,75
28:01:00	96	8,67	16,82
28:02:00	96	8,67	16,82
28:03:00	95	8,66	16,89
28:04:00	96	8,68	16,75
28:05:00	96	8,68	16,75
28:06:00	96	8,68	16,75
28:07:00	96	8,66	16,89
28:08:00	96	8,67	16,82
28:09:00	96	8,67	16,82
28:10:00	96	8,66	16,89
28:11:00	96	8,67	16,82
28:12:00	96	8,66	16,89
28:13:00	96	8,66	16,89
28:14:00	96	8,68	16,75
28:15:00	96	8,67	16,82
28:16:00	96	8,67	16,82
28:17:00	95	8,66	16,89
28:18:00	96	8,67	16,82
28:19:00	95	8,66	16,89
28:20:00	96	8,66	16,89
28:21:00	96	8,66	16,89
28:22:00	96	8,65	16,96
28:23:00	96	8,65	16,96
28:24:00	96	8,66	16,89
28:25:00	96	8,66	16,89
28:26:00	95	8,66	16,89
28:27:00	96	8,66	16,89
28:28:00	96	8,66	16,89
28:29:00	96	8,66	16,89
28:30:00	96	8,66	16,89
28:31:00	96	8,67	16,82
28:32:00	96	8,65	16,96
28:33:00	96	8,66	16,89
28:34:00	96	8,65	16,96
28:35:00	96	8,65	16,96
28:36:00	96	8,65	16,96
28:37:00	96	8,65	16,96
28:38:00	96	8,66	16,89
28:39:00	96	8,65	16,96
28:40:00	96	8,65	16,96
28:41:00	96	8,65	16,96
28:42:00	96	8,65	16,96
28:43:00	96	8,66	16,89
28:44:00	96	8,65	16,96
28:45:00	96	8,65	16,96
28:46:00	96	8,65	16,96
28:47:00	96	8,65	16,96
28:48:00	96	8,66	16,89
28:49:00	96	8,65	16,96
28:50:00	95	8,65	16,96
28:51:00	96	8,64	17,04
28:52:00	96	8,65	16,96
28:53:00	96	8,65	16,96
28:54:00	96	8,65	16,96
28:55:00	96	8,65	16,96
28:56:00	96	8,65	16,96
28:57:00	96	8,65	16,96
28:58:00	96	8,65	16,96
28:59:00	96	8,64	17,04
29:00:00	95	8,65	16,96
29:01:00	96	8,65	16,96
29:02:00	95	8,64	17,04
29:03:00	96	8,64	17,04
29:04:00	95	8,64	17,04
29:05:00	96	8,65	16,96
29:06:00	96	8,64	17,04
29:07:00	96	8,64	17,11
29:08:00	95	8,64	17,11
29:09:00	96	8,64	17,04
29:10:00	96	8,64	17,04
29:11:00	96	8,65	16,96
29:12:00	96	8,64	17,04
29:13:00	95	8,64	17,04
29:14:00	96	8,64	17,11
29:15:00	96	8,66	16,89
29:16:00	96	8,64	17,04
29:17:00	96	8,64	17,04
29:18:00	96	8,64	17,04
29:19:00	96	8,64	17,04
29:20:00	96	8,64	17,04
29:21:00	96	8,64	17,04
29:22:00	96	8,64	17,04
29:23:00	96	8,64	17,04
29:24:00	96	8,64	17,04
29:25:00	96	8,64	17,04
29:26:00	96	8,64	17,04
29:27:00	96	8,65	16,96
29:28:00	96	8,64	17,04
29:29:00	95		
29:30:00	95	8,64	17,11
29:31:00	96	8,64	17,04
29:32:00	96	8,64	17,04
29:33:00	96	8,64	17,04
29:34:00	96	8,65	16,96
29:35:00	96	8,64	17,04
29:36:00	96	8,65	16,96
29:37:00	96	8,64	17,04
29:38:00	95	8,64	17,11
29:39:00	96	8,64	17,11
29:40:00	95	8,64	17,11
29:41:00	96	8,64	17,04
29:42:00	96	8,64	17,04
29:43:00	95	8,64	17,11
29:44:00	96	8,63	17,18
29:45:00	96	8,63	17,18
29:46:00	96	8,64	17,11
29:47:00	96	8,64	17,04
29:48:00	96	8,64	17,11
29:49:00	96	8,64	17,11
29:50:00	96	8,64	17,04
29:51:00	96	8,64	17,11
29:52:00	96	8,64	17,11
29:53:00	96	8,64	17,11
29:54:00	96	8,64	17,11
29:55:00	95	8,63	17,18
29:56:00	95	8,63	17,18
29:57:00	96	8,64	17,11
29:58:00	96	8,63	17,18
29:59:00	96	8,64	17,11
30:00:00	96	8,64	17,11
30:01:00	96	8,64	17,11
30:02:00	96	8,64	17,11
30:03:00	96	8,63	17,18
30:04:00	96	8,64	17,11
30:05:00	96	8,63	17,18
30:06:00	96	8,63	17,18
30:07:00	96	8,63	17,18
30:08:00	96	8,64	17,11
30:09:00	96	8,63	17,18
30:10:00	96	8,63	17,18
30:11:00	96	8,64	17,11
30:12:00	96	8,63	17,18
30:13:00	96	8,63	17,18
30:14:00	95	8,64	17,11
30:15:00	95	8,63	17,18
30:16:00	96	8,63	17,18
30:17:00	96	8,62	17,25
30:18:00	96	8,62	17,25
30:19:00	96	8,61	17,40
30:20:00	96	8,63	17,18
30:21:00	96	8,64	17,11
30:22:00	95	8,62	17,25
30:23:00	96	8,63	17,18
30:24:00	96	8,63	17,18
30:25:00	96	8,61	17,33
30:26:00	96	8,61	17,33
30:27:00	96	8,61	17,33
30:28:00	96	8,63	17,18
30:29:00	96	8,63	17,18
30:30:00	96	8,62	17,25
30:31:00	96	8,62	17,25
30:32:00	96	8,62	17,25
30:33:00	96	8,62	17,25
30:34:00	96	8,62	17,25
30:35:00	96	8,62	17,25
30:36:00	96	8,62	17,25
30:37:00	96	8,62	17,25
30:38:00	96	8,62	17,25
30:39:00	96	8,61	17,33
30:40:00	96	8,62	17,25
30:41:00	96	8,62	17,25
30:42:00	96	8,61	17,33
30:43:00	96	8,63	17,18
30:44:00	96	8,62	17,25
30:45:00	96	8,63	17,18
30:46:00	96	8,61	17,33
30:47:00	96	8,62	17,25
30:48:00	96	8,61	17,33
30:49:00	95	8,61	17,33
30:50:00	95	8,62	17,25
30:51:00	96	8,61	17,33
30:52:00	96	8,61	17,33
30:53:00	96	8,62	17,25
30:54:00	96	8,60	17,48
30:55:00	96		
30:56:00	96	8,62	17,25
30:57:00	96	8,62	17,25
30:58:00	95	8,61	17,33
30:59:00	96	8,61	17,33
31:00:00	96	8,61	17,40
31:01:00	96	8,62	17,25
31:02:00	96	8,61	17,33
31:03:00	96	8,61	17,33
31:04:00	96	8,61	17,33
31:05:00	96	8,61	17,40
31:06:00	96	8,62	17,25
31:07:00	96	8,61	17,40
31:08:00	96	8,61	17,33
31:09:00	96	8,61	17,33
31:10:00	96	8,61	17,40
31:11:00	96	8,61	17,33
31:12:00	96	8,61	17,40
31:13:00	96	8,61	17,40
31:14:00	96	8,61	17,33
31:15:00	96	8,61	17,33
31:16:00	96	8,61	17,40
31:17:00	96	8,61	17,40
31:18:00	96	8,61	17,33
31:19:00	96	8,61	17,33
31:20:00	96	8,61	17,40
31:21:00	95	8,62	17,25
31:22:00	96	8,61	17,40
31:23:00	96	8,61	17,33
31:24:00	96	8,61	17,40
31:25:00	96	8,61	17,40
31:26:00	96	8,61	17,40
31:27:00	96	8,61	17,33
31:28:00	96	8,61	17,40
31:29:00	96	8,61	17,40
31:30:00	96	8,61	17,40
31:31:00	96	8,61	17,33
31:32:00	96	8,61	17,33
31:33:00	96	8,61	17,40
31:34:00	96	8,61	17,40
31:35:00	96	8,60	17,48
31:36:00	96	8,61	17,40
31:37:00	96	8,61	17,33
31:38:00	96	8,61	17,40
31:39:00	96	8,61	17,40
31:40:00	96	8,61	17,40
31:41:00	96	8,61	17,40
31:42:00	95	8,60	17,48
31:43:00	96	8,61	17,40
31:44:00	96	8,61	17,33
31:45:00	96	8,60	17,48
31:46:00	96	8,61	17,40
31:47:00	96	8,60	17,48
31:48:00	96	8,60	17,48
31:49:00	96	8,60	17,48
31:50:00	96	8,60	17,48
31:51:00	96	8,61	17,40
31:52:00	96	8,60	17,48
31:53:00	95	8,61	17,33
31:54:00	96	8,61	17,40
31:55:00	96	8,60	17,48
31:56:00	96	8,61	17,40
31:57:00	96	8,60	17,48
31:58:00	96	8,60	17,48
31:59:00	96	8,60	17,48
32:00:00	96	8,60	17,48
32:01:00	95	8,61	17,40
32:02:00	96	8,60	17,48
32:03:00	95	8,60	17,48
32:04:00	95	8,60	17,48
32:05:00	96	8,60	17,48
32:06:00	96	8,61	17,40
32:07:00	96	8,60	17,48
32:08:00	96	8,60	17,48
32:09:00	96	8,61	17,40
32:10:00	96	8,60	17,48
32:11:00	96	8,61	17,40
32:12:00	96	8,59	17,55
32:13:00	96	8,61	17,40
32:14:00	96	8,60	17,48
32:15:00	96	8,59	17,55
32:16:00	95	8,61	17,40
32:17:00	96	8,60	17,48
32:18:00	96	8,60	17,48
32:19:00	95	8,60	17,48
32:20:00	96	8,60	17,48
32:21:00	96	8,60	17,48
32:22:00	96	8,60	17,48
32:23:00	95	8,60	17,48
32:24:00	96	8,60	17,48
32:25:00	96	8,60	17,48
32:26:00	96	8,59	17,55
32:27:00	96	8,60	17,48
32:28:00	95	8,60	17,48
32:29:00	95	8,60	17,48
32:30:00	96	8,60	17,48
32:31:00	96	8,59	17,55
32:32:00	96	8,60	17,48
32:33:00	96	8,59	17,55
32:34:00	95	8,60	17,48
32:35:00	96	8,60	17,48
32:36:00	96	8,59	17,55
32:37:00	95	8,60	17,48
32:38:00	95	8,59	17,63
32:39:00	96	8,59	17,63
32:40:00	96	8,60	17,48
32:41:00	96	8,59	17,55
32:42:00	96	8,59	17,55
32:43:00	95	8,60	17,48
32:44:00	96	8,59	17,55
32:45:00	96	8,59	17,55
32:46:00	96	8,59	17,63
32:47:00	96	8,59	17,55
32:48:00	96	8,59	17,55
32:49:00	96	8,59	17,55
32:50:00	96	8,59	17,55
32:51:00	96	8,59	17,63
32:52:00	96	8,59	17,63
32:53:00	96	8,58	17,70
32:54:00	96	8,59	17,63
32:55:00	95	8,59	17,63
32:56:00	96	8,58	17,70
32:57:00	96	8,58	17,70
32:58:00	95	8,59	17,63
32:59:00	96	8,59	17,63
33:00:00	96	8,59	17,63
33:01:00	96	8,59	17,63
33:02:00	96	8,59	17,63
33:03:00	96	8,59	17,63
33:04:00	96	8,59	17,63
33:05:00	96	8,58	17,70
33:06:00	96	8,59	17,63
33:07:00	95	8,59	17,63
33:08:00	96	8,59	17,55
33:09:00	96	8,58	17,70
33:10:00	96	8,58	17,70
33:11:00	96	8,58	17,70
33:12:00	96	8,59	17,63
33:13:00	96	8,58	17,70
33:14:00	96	8,58	17,70
33:15:00	96	8,59	17,63
33:16:00	96	8,59	17,63
33:17:00	96	8,59	17,63
33:18:00	96	8,58	17,70
33:19:00	96	8,58	17,70
33:20:00	96	8,59	17,63
33:21:00	96	8,58	17,70
33:22:00	96	8,59	17,63
33:23:00	95	8,59	17,63
33:24:00	95	8,59	17,63
33:25:00	96	8,59	17,63
33:26:00	96	8,58	17,70
33:27:00	96	8,58	17,70
33:28:00	96	8,58	17,70
33:29:00	96	8,58	17,70
33:30:00	96	8,59	17,63
33:31:00	96	8,58	17,70
33:32:00	95	8,58	17,70
33:33:00	95	8,59	17,63
33:34:00	95	8,59	17,63
33:35:00	95	8,58	17,70
33:36:00	96	8,57	17,78
33:37:00	96	8,59	17,63
33:38:00	96	8,57	17,78
33:39:00	96	8,57	17,78
33:40:00	96	8,56	17,85
33:41:00	96	8,57	17,78
33:42:00	96	8,57	17,78
33:43:00	96	8,57	17,78
33:44:00	96	8,58	17,70
33:45:00	96	8,58	17,70
33:46:00	96	8,58	17,70
33:47:00	96	8,57	17,78
33:48:00	96	8,58	17,70
33:49:00	96	8,58	17,70
33:50:00	96	8,57	17,78
33:51:00	96	8,57	17,78
33:52:00	96	8,56	17,85
33:53:00	96	8,58	17,70
33:54:00	96	8,58	17,70
33:55:00	96	8,57	17,78
33:56:00	96	8,57	17,78
33:57:00	96	8,57	17,78
33:58:00	96	8,58	17,70
33:59:00	96	8,56	17,85
34:00:00	96	8,57	17,78
34:01:00	96	8,57	17,78
34:02:00	96	8,57	17,78
34:03:00	96	8,57	17,78
34:04:00	96	8,56	17,85
34:05:00	96	8,57	17,78
34:06:00	96	8,57	17,78
34:07:00	96	8,57	17,78
34:08:00	96	8,56	17,85
34:09:00	96	8,57	17,78
34:10:00	96	8,57	17,78
34:11:00	95	8,58	17,70
34:12:00	96	8,56	17,85
34:13:00	96	8,57	17,78
34:14:00	95	8,57	17,78
34:15:00	96	8,56	17,85
34:16:00	96	8,56	17,85
34:17:00	96	8,56	17,85
34:18:00	96	8,57	17,78
34:19:00	96	8,56	17,85
34:20:00	96	8,56	17,85
34:21:00	96	8,56	17,85
34:22:00	96	8,56	17,85
34:23:00	96	8,56	17,85
34:24:00	96	8,57	17,78
34:25:00	96	8,57	17,78
34:26:00	96	8,56	17,85
34:27:00	96	8,56	17,85
34:28:00	96	8,56	17,85
34:29:00	96	8,57	17,78
34:30:00	96	8,57	17,78
34:31:00	96	8,56	17,85
34:32:00	95	8,56	17,85
34:33:00	96	8,56	17,85
34:34:00	96	8,56	17,85
34:35:00	96	8,56	17,85
34:36:00	96	8,56	17,85
34:37:00	96	8,56	17,85
34:38:00	96	8,55	17,93
34:39:00	96	8,56	17,85
34:40:00	96	8,56	17,85
34:41:00	95	8,57	17,78
34:42:00	96		
34:43:00	96	8,57	17,78
34:44:00	96	8,55	17,93
34:45:00	95	8,56	17,85
34:46:00	96	8,56	17,85
34:47:00	96	8,55	17,93
34:48:00	96	8,55	17,93
34:49:00	96	8,56	17,85
34:50:00	95	8,56	17,85
34:51:00	95	8,56	17,85
34:52:00	96	8,56	17,85
34:53:00	96	8,56	17,85
34:54:00	96		
34:55:00	96		
34:56:00	96	8,55	17,93
34:57:00	96	8,55	17,93
34:58:00	96	8,55	17,93
34:59:00	96	8,55	17,93
35:00:00	96	8,55	17,93
35:01:00	96	8,55	17,93
35:02:00	96	8,56	17,85
35:03:00	96	8,56	17,85
35:04:00	96	8,55	17,93
35:05:00	96	8,55	17,93
35:06:00	96	8,55	17,93
35:07:00	96	8,56	17,85
35:08:00	96	8,55	18,00
35:09:00	95	8,55	17,93
35:10:00	96	8,55	17,93
35:11:00	96	8,55	17,93
35:12:00	95	8,55	17,93
35:13:00	95	8,55	18,00
35:14:00	96	8,55	17,93
35:15:00	96	8,55	18,00
35:16:00	96	8,56	17,85
35:17:00	96	8,55	17,93
35:18:00	96	8,55	18,00
35:19:00	96	8,55	17,93
35:20:00	96	8,55	18,00
35:21:00	96	8,55	17,93
35:22:00	96	8,55	18,00
35:23:00	96	8,55	17,93
35:24:00	95	8,55	17,93
35:25:00	96	8,55	17,93
35:26:00	96	8,55	18,00
35:27:00	96	8,55	17,93
35:28:00	96	8,55	18,00
35:29:00	96	8,55	17,93
35:30:00	95	8,55	18,00
35:31:00	96	8,55	18,00
35:32:00	95	8,55	17,93
35:33:00	95	8,55	17,93
35:34:00	96	8,55	18,00
35:35:00	96	8,55	18,00
35:36:00	96	8,55	18,00
35:37:00	95	8,55	18,00
35:38:00	96	8,55	18,00
35:39:00	96	8,55	18,00
35:40:00	96	8,55	18,00
35:41:00	96	8,55	17,93
35:42:00	96	8,55	18,00
35:43:00	95	8,55	17,93
35:44:00	96	8,55	18,00
35:45:00	96	8,55	18,00
35:46:00	96	8,55	18,00
35:47:00	95	8,54	18,08
35:48:00	96	8,55	18,00
35:49:00	96	8,55	17,93
35:50:00	96	8,54	18,08
35:51:00	96	8,55	18,00
35:52:00	96	8,55	17,93
35:53:00	96	8,55	18,00
35:54:00	96	8,55	18,00
35:55:00	95	8,55	18,00
35:56:00	96	8,55	18,00
35:57:00	96	8,54	18,08
35:58:00	96	8,55	18,00
35:59:00	95	8,54	18,08
36:00:00	96	8,54	18,08
36:01:00	96	8,55	17,93
36:02:00	96	8,55	18,00
36:03:00	96	8,55	17,93
36:04:00	96	8,55	18,00
36:05:00	96	8,55	18,00
36:06:00	95	8,55	18,00
36:07:00	96	8,54	18,08
36:08:00	96	8,54	18,08
36:09:00	96	8,54	18,08
36:10:00	96	8,55	17,93
36:11:00	96	8,54	18,08
36:12:00	96	8,54	18,08
36:13:00	95	8,54	18,08
36:14:00	96	8,54	18,08
36:15:00	96	8,54	18,08
36:16:00	96	8,54	18,08
36:17:00	96	8,55	18,00
36:18:00	96	8,54	18,08
36:19:00	96	8,54	18,08
36:20:00	96	8,55	18,00
36:21:00	96	8,55	18,00
36:22:00	96	8,54	18,08
36:23:00	96	8,54	18,08
36:24:00	96	8,55	18,00
36:25:00	96	8,55	18,00
36:26:00	96	8,54	18,08
36:27:00	96	8,55	18,00
36:28:00	96	8,54	18,08
36:29:00	95	8,54	18,08
36:30:00	96	8,54	18,08
36:31:00	96	8,54	18,08
36:32:00	96	8,53	18,16
36:33:00	96	8,55	18,00
36:34:00	96	8,54	18,08
36:35:00	96	8,54	18,08
36:36:00	96	8,54	18,08
36:37:00	96	8,55	18,00
36:38:00	96	8,55	18,00
36:39:00	96	8,54	18,08
36:40:00	96	8,54	18,08
36:41:00	96	8,54	18,08
36:42:00	95	8,54	18,08
36:43:00	95	8,54	18,08
36:44:00	95	8,54	18,08
36:45:00	95	8,53	18,16
36:46:00	96	8,54	18,08
36:47:00	96	8,54	18,08
36:48:00	96	8,54	18,08
36:49:00	96	8,54	18,08
36:50:00	96	8,54	18,08
36:51:00	95	8,53	18,16
36:52:00	95	8,53	18,16
36:53:00	96	8,53	18,16
36:54:00	96	8,53	18,16
36:55:00	95	8,54	18,08
36:56:00	96	8,54	18,08
36:57:00	96	8,54	18,08
36:58:00	96	8,54	18,08
36:59:00	96	8,53	18,16
37:00:00	96	8,53	18,16
37:01:00	96	8,53	18,16
37:02:00	96	8,53	18,16
37:03:00	96	8,53	18,16
37:04:00	96	8,54	18,08
37:05:00	96	8,53	18,16
37:06:00	96	8,54	18,08
37:07:00	96	8,54	18,08
37:08:00	95	8,53	18,16
37:09:00	96	8,54	18,08
37:10:00	95	8,53	18,16
37:11:00	96	8,53	18,16
37:12:00	96	8,54	18,08
37:13:00	96	8,54	18,08
37:14:00	96	8,53	18,16
37:15:00	96	8,53	18,16
37:16:00	95	8,54	18,08
37:17:00	96	8,53	18,16
37:18:00	96	8,54	18,08
37:19:00	96	8,53	18,16
37:20:00	96	8,54	18,08
37:21:00	95	8,53	18,16
37:22:00	96	8,53	18,16
37:23:00	96	8,53	18,16
37:24:00	96	8,53	18,16
37:25:00	96	8,53	18,16
37:26:00	96	8,53	18,16
37:27:00	96	8,53	18,16
37:28:00	96	8,53	18,16
37:29:00	96	8,53	18,16
37:30:00	96	8,54	18,08
37:31:00	96	8,53	18,16
37:32:00	95	8,53	18,16
37:33:00	96	8,52	18,24
37:34:00	96	8,54	18,08
37:35:00	96	8,53	18,16
37:36:00	96	8,53	18,16
37:37:00	96	8,52	18,24
37:38:00	95	8,53	18,16
37:39:00	96	8,53	18,16
37:40:00	96	8,53	18,16
37:41:00	96	8,53	18,16
37:42:00	96	8,52	18,24
37:43:00	96	8,52	18,24
37:44:00	96	8,53	18,16
37:45:00	96	8,52	18,24
37:46:00	95	8,53	18,16
37:47:00	96	8,53	18,16
37:48:00	95	8,52	18,24
37:49:00	96	8,53	18,16
37:50:00	96	8,53	18,16
37:51:00	96	8,52	18,24
37:52:00	96	8,53	18,16
37:53:00	96	8,52	18,24
37:54:00	96	8,52	18,32
37:55:00	96	8,52	18,24
37:56:00	96	8,52	18,24
37:57:00	96	8,52	18,24
37:58:00	96	8,53	18,16
37:59:00	96	8,52	18,24
38:00:00	96	8,52	18,24
38:01:00	96	8,53	18,16
38:02:00	95	8,52	18,24
38:03:00	96	8,52	18,24
38:04:00	96	8,52	18,24
38:05:00	96	8,52	18,24
38:06:00	96	8,53	18,16
38:07:00	96	8,52	18,32
38:08:00	96	8,52	18,24
38:09:00	96	8,52	18,24
38:10:00	96	8,52	18,24
38:11:00	96	8,52	18,24
38:12:00	95	8,53	18,16
38:13:00	96	8,52	18,24
38:14:00	96	8,52	18,24
38:15:00	96	8,52	18,24
38:16:00	96	8,52	18,24
38:17:00	96	8,52	18,24
38:18:00	96	8,52	18,24
38:19:00	96	8,53	18,16
38:20:00	96	8,52	18,32
38:21:00	95	8,52	18,32
38:22:00	96	8,52	18,32
38:23:00	96	8,52	18,24
38:24:00	96	8,53	18,16
38:25:00	96	8,52	18,24
38:26:00	96	8,52	18,32
38:27:00	96	8,52	18,24
38:28:00	96	8,52	18,24
38:29:00	96	8,53	18,16
38:30:00	96	8,52	18,24
38:31:00	95	8,52	18,24
38:32:00	95	8,52	18,32
38:33:00	96	8,52	18,24
38:34:00	96	8,52	18,24
38:35:00	96	8,52	18,24
38:36:00	96	8,52	18,32
38:37:00	96	8,52	18,24
38:38:00	96	8,52	18,24
38:39:00	96	8,52	18,24
38:40:00	96	8,51	18,39
38:41:00	96	8,52	18,32
38:42:00	96	8,52	18,24
38:43:00	96	8,52	18,32
38:44:00	96	8,52	18,24
38:45:00	96	8,52	18,32
38:46:00	96	8,52	18,32
38:47:00	96	8,52	18,32
38:48:00	96	8,52	18,32
38:49:00	96	8,52	18,32
38:50:00	95	8,52	18,32
38:51:00	96	8,52	18,24
38:52:00	96	8,52	18,32
38:53:00	95	8,52	18,32
38:54:00	96	8,52	18,32
38:55:00	96	8,52	18,32
38:56:00	96	8,52	18,32
38:57:00	96	8,52	18,24
38:58:00	96	8,52	18,32
38:59:00	96	8,51	18,39
39:00:00	96	8,52	18,32
39:01:00	96	8,51	18,39
39:02:00	96	8,52	18,32
39:03:00	96	8,52	18,32
39:04:00	96	8,52	18,32
39:05:00	96	8,52	18,32
39:06:00	95	8,51	18,39
39:07:00	96	8,51	18,39
39:08:00	96	8,52	18,32
39:09:00	95	8,52	18,32
39:10:00	96	8,52	18,32
39:11:00	96	8,52	18,32
39:12:00	96	8,52	18,32
39:13:00	96	8,52	18,32
39:14:00	95	8,52	18,32
39:15:00	96	8,52	18,32
39:16:00	96	8,52	18,32
39:17:00	96	8,52	18,32
39:18:00	95	8,52	18,32
39:19:00	96	8,51	18,39
39:20:00	95	8,51	18,39
39:21:00	96	8,52	18,32
39:22:00	96	8,51	18,39
39:23:00	96	8,52	18,32
39:24:00	96	8,52	18,32
39:25:00	95	8,52	18,32
39:26:00	96	8,52	18,32
39:27:00	96	8,52	18,32
39:28:00	96	8,52	18,32
39:29:00	96	8,51	18,39
39:30:00	96	8,51	18,39
39:31:00	96	8,51	18,39
39:32:00	96	8,50	18,47
39:33:00	96	8,51	18,39
39:34:00	96	8,51	18,39
39:35:00	96	8,51	18,39
39:36:00	95	8,51	18,39
39:37:00	96	8,52	18,32
39:38:00	96	8,51	18,39
39:39:00	96	8,51	18,39
39:40:00	95	8,50	18,47
39:41:00	95	8,51	18,39
39:42:00	96	8,51	18,39
39:43:00	95	8,51	18,39
39:44:00	96	8,50	18,47
39:45:00	96	8,51	18,39
39:46:00	96	8,51	18,39
39:47:00	96	8,50	18,47
39:48:00	96	8,51	18,39
39:49:00	96	8,51	18,39
39:50:00	95	8,51	18,39
39:51:00	96	8,52	18,32
39:52:00	95	8,52	18,32
39:53:00	96	8,50	18,47
39:54:00	96	8,52	18,32
39:55:00	96	8,51	18,39
39:56:00	96	8,52	18,32
39:57:00	95	8,51	18,39
39:58:00	96	8,51	18,39
39:59:00	95	8,52	18,32
40:00:00	95	8,51	18,39
40:01:00	96	8,50	18,47
40:02:00	96	8,51	18,39
40:03:00	96	8,51	18,39
40:04:00	96	8,50	18,47
40:05:00	96	8,51	18,39
40:06:00	96	8,50	18,47
40:07:00	96	8,52	18,32
40:08:00	96	8,51	18,39
40:09:00	96	8,50	18,47
40:10:00	96	8,50	18,47
40:11:00	96	8,51	18,39
40:12:00	96	8,51	18,39
40:13:00	96	8,51	18,39
40:14:00	96	8,50	18,47
40:15:00	96	8,51	18,39
40:16:00	95	8,50	18,47
40:17:00	96	8,51	18,39
40:18:00	96	8,51	18,39
40:19:00	95	8,50	18,47
40:20:00	96	8,50	18,47
40:21:00	96	8,50	18,47
40:22:00	95	8,51	18,39
40:23:00	96	8,50	18,47
40:24:00	96	8,50	18,47
40:25:00	96	8,51	18,39
40:26:00	96	8,50	18,47
40:27:00	95	8,51	18,39
40:28:00	96	8,51	18,39
40:29:00	96	8,51	18,39
40:30:00	96	8,51	18,39
40:31:00	96	8,51	18,39
40:32:00	95	8,50	18,47
40:33:00	96	8,50	18,47
40:34:00	96	8,50	18,47
40:35:00	96	8,50	18,55
40:36:00	96	8,50	18,47
40:37:00	95	8,50	18,47
40:38:00	96	8,50	18,47
40:39:00	96	8,50	18,47
40:40:00	96	8,50	18,47
40:41:00	95	8,50	18,47
40:42:00	96	8,50	18,47
40:43:00	95	8,50	18,47
40:44:00	96	8,50	18,47
40:45:00	96	8,50	18,47
40:46:00	96	8,50	18,55
40:47:00	96	8,50	18,55
40:48:00	96	8,50	18,47
40:49:00	96	8,50	18,47
40:50:00	95	8,50	18,55
40:51:00	96	8,50	18,47
40:52:00	96	8,50	18,47
40:53:00	96	8,50	18,55
40:54:00	95	8,50	18,47
40:55:00	96	8,50	18,47
40:56:00	96	8,50	18,47
40:57:00	96		
40:58:00	96	8,50	18,55
40:59:00	96	8,50	18,47
41:00:00	96	8,50	18,47
41:01:00	96	8,50	18,47
41:02:00	96	8,50	18,55
41:03:00	96	8,50	18,55
41:04:00	96	8,50	18,47
41:05:00	96	8,51	18,39
41:06:00	95	8,50	18,55
41:07:00	96	8,50	18,55
41:08:00	96	8,50	18,47
41:09:00	96	8,50	18,47
41:10:00	96	8,50	18,55
41:11:00	96	8,50	18,47
41:12:00	96	8,50	18,47
41:13:00	96	8,50	18,55
41:14:00	96	8,50	18,47
41:15:00	96	8,50	18,55
41:16:00	96	8,50	18,55
41:17:00	95	8,50	18,47
41:18:00	95	8,50	18,55
41:19:00	96	8,50	18,47
41:20:00	96	8,50	18,55
41:21:00	96	8,51	18,39
41:22:00	96	8,50	18,47
41:23:00	95	8,50	18,55
41:24:00	96	8,49	18,63
41:25:00	95	8,50	18,55
41:26:00	96	8,50	18,55
41:27:00	96	8,50	18,55
41:28:00	96	8,50	18,55
41:29:00	96	8,50	18,55
41:30:00	96	8,50	18,55
41:31:00	96	8,50	18,55
41:32:00	96	8,50	18,47
41:33:00	96	8,50	18,47
41:34:00	96	8,50	18,55
41:35:00	96	8,50	18,47
41:36:00	96	8,50	18,55
41:37:00	96	8,50	18,47
41:38:00	96	8,49	18,63
41:39:00	96	8,50	18,55
41:40:00	96	8,50	18,55
41:41:00	96	8,50	18,55
41:42:00	96	8,50	18,55
41:43:00	96	8,50	18,55
41:44:00	96	8,49	18,63
41:45:00	96	8,50	18,55
41:46:00	95	8,50	18,47
41:47:00	95	8,50	18,55
41:48:00	96	8,49	18,63
41:49:00	96	8,50	18,55
41:50:00	96	8,49	18,63
41:51:00	96	8,50	18,55
41:52:00	96	8,50	18,55
41:53:00	95	8,49	18,63
41:54:00	96	8,50	18,55
41:55:00	96	8,50	18,55
41:56:00	96	8,49	18,63
41:57:00	96	8,50	18,55
41:58:00	96	8,50	18,55
41:59:00	96	8,50	18,55
42:00:00	96	8,50	18,55
42:01:00	96	8,50	18,55
42:02:00	96	8,50	18,47
42:03:00	96	8,49	18,63
42:04:00	95	8,50	18,55
42:05:00	95	8,50	18,55
42:06:00	96	8,50	18,55
42:07:00	96	8,49	18,63
42:08:00	96	8,49	18,63
42:09:00	96	8,50	18,55
42:10:00	96	8,50	18,55
42:11:00	96	8,50	18,55
42:12:00	95	8,49	18,63
42:13:00	96	8,49	18,63
42:14:00	96	8,50	18,55
42:15:00	96	8,49	18,63
42:16:00	96	8,49	18,63
42:17:00	96	8,48	18,71
42:18:00	96	8,49	18,63
42:19:00	96	8,48	18,71
42:20:00	96	8,50	18,55
42:21:00	96	8,49	18,63
42:22:00	96	8,48	18,71
42:23:00	96	8,49	18,63
42:24:00	95	8,49	18,63
42:25:00	96	8,50	18,55
42:26:00	96	8,49	18,63
42:27:00	96	8,48	18,71
42:28:00	96	8,49	18,63
42:29:00	96	8,49	18,63
42:30:00	96	8,49	18,63
42:31:00	96	8,49	18,63
42:32:00	96	8,49	18,63
42:33:00	96	8,49	18,63
42:34:00	96	8,49	18,63
42:35:00	96	8,49	18,63
42:36:00	96	8,49	18,63
42:37:00	96	8,48	18,71
42:38:00	96	8,49	18,63
42:39:00	96	8,48	18,71
42:40:00	96	8,49	18,63
42:41:00	96	8,49	18,63
42:42:00	96	8,48	18,71
42:43:00	96	8,48	18,71
42:44:00	96	8,49	18,63
42:45:00	95	8,49	18,63
42:46:00	96	8,49	18,63
42:47:00	96	8,49	18,63
42:48:00	96	8,50	18,55
42:49:00	96	8,48	18,71
42:50:00	96	8,49	18,63
42:51:00	96	8,48	18,71
42:52:00	96	8,48	18,71
42:53:00	96	8,49	18,63
42:54:00	96	8,49	18,63
42:55:00	96	8,48	18,71
42:56:00	95	8,48	18,71
42:57:00	96	8,49	18,63
42:58:00	96	8,48	18,71
42:59:00	96	8,49	18,63
43:00:00	96	8,48	18,71
43:01:00	96	8,49	18,63
43:02:00	96	8,48	18,71
43:03:00	96	8,49	18,63
43:04:00	96	8,47	18,79
43:05:00	96	8,48	18,71
43:06:00	96	8,49	18,63
43:07:00	96	8,48	18,71
43:08:00	96	8,49	18,63
43:09:00	96	8,48	18,71
43:10:00	95	8,47	18,79
43:11:00	96	8,47	18,79
43:12:00	96	8,47	18,79
43:13:00	95	8,48	18,71
43:14:00	96	8,48	18,71
43:15:00	96	8,48	18,71
43:16:00	95	8,48	18,71
43:17:00	96	8,48	18,71
43:18:00	96	8,48	18,71
43:19:00	96	8,48	18,71
43:20:00	96	8,48	18,71
43:21:00	96	8,49	18,63
43:22:00	95	8,48	18,71
43:23:00	96	8,48	18,71
43:24:00	96	8,49	18,63
43:25:00	96	8,47	18,79
43:26:00	96	8,48	18,71
43:27:00	96	8,49	18,63
43:28:00	96	8,47	18,79
43:29:00	96	8,48	18,71
43:30:00	96	8,49	18,63
43:31:00	96	8,48	18,71
43:32:00	96	8,47	18,79
43:33:00	95	8,48	18,71
43:34:00	96	8,47	18,79
43:35:00	96	8,47	18,79
43:36:00	96	8,48	18,71
43:37:00	96	8,47	18,79
43:38:00	96	8,47	18,79
43:39:00	96		
43:40:00	96	8,48	18,71
43:41:00	96	8,47	18,79
43:42:00	96	8,48	18,71
43:43:00	96	8,48	18,71
43:44:00	96	8,47	18,79
43:45:00	96	8,47	18,79
43:46:00	96	8,47	18,79
43:47:00	95	8,48	18,71
43:48:00	96	8,47	18,79
43:49:00	96	8,47	18,79
43:50:00	96	8,47	18,79
43:51:00	96	8,46	18,87
43:52:00	96	8,47	18,79
43:53:00	96	8,46	18,87
43:54:00	96	8,47	18,79
43:55:00	96		
43:56:00	96	8,47	18,79
43:57:00	96	8,46	18,87
43:58:00	96	8,47	18,79
43:59:00	96	8,46	18,87
44:00:00	95	8,47	18,79
44:01:00	96	8,46	18,87
44:02:00	95	8,46	18,87
44:03:00	96	8,47	18,79
44:04:00	96	8,47	18,79
44:05:00	96	8,47	18,79
44:06:00	96	8,48	18,71
44:07:00	96	8,47	18,79
44:08:00	96	8,48	18,71
44:09:00	96	8,46	18,87
44:10:00	95		
44:11:00	96	8,47	18,79
44:12:00	96	8,46	18,87
44:13:00	96	8,47	18,79
44:14:00	96		
44:15:00	96	8,46	18,87
44:16:00	96	8,47	18,79
44:17:00	96	8,46	18,87
44:18:00	96	8,46	18,87
44:19:00	96	8,47	18,79
44:20:00	95	8,46	18,87
44:21:00	96	8,47	18,79
44:22:00	96	8,46	18,87
44:23:00	96	8,47	18,79
44:24:00	96	8,46	18,96
44:25:00	95	8,46	18,87
44:26:00	96	8,46	18,96
44:27:00	96	8,47	18,79
44:28:00	96	8,47	18,79
44:29:00	96	8,46	18,87
44:30:00	96	8,47	18,79
44:31:00	95	8,46	18,87
44:32:00	96	8,46	18,87
44:33:00	96	8,47	18,79
44:34:00	96	8,46	18,87
44:35:00	95	8,46	18,87
44:36:00	96	8,46	18,87
44:37:00	95	8,46	18,87
44:38:00	96	8,46	18,96
44:39:00	95	8,46	18,87
44:40:00	96	8,46	18,87
44:41:00	95	8,46	18,96
44:42:00	96	8,46	18,87
44:43:00	96	8,46	18,96
44:44:00	96	8,47	18,79
44:45:00	96	8,46	18,87
44:46:00	95	8,46	18,96
44:47:00	95	8,46	18,96
44:48:00	96	8,46	18,87
44:49:00	96	8,46	18,96
44:50:00	95	8,46	18,87
44:51:00	96	8,46	18,87
44:52:00	96	8,46	18,96
44:53:00	96	8,46	18,96
44:54:00	96	8,45	19,04
44:55:00	96	8,46	18,96
44:56:00	96	8,46	18,87
44:57:00	96	8,46	18,87
44:58:00	96	8,46	18,87
44:59:00	96		
45:00:00	96		
45:01:00	96	8,46	18,87
45:02:00	96	8,46	18,96
45:03:00	96	8,46	18,87
45:04:00	95	8,46	18,87
45:05:00	96	8,46	18,96
45:06:00	96	8,46	18,87
45:07:00	95	8,46	18,96
45:08:00	96	8,46	18,87
45:09:00	96	8,46	18,87
45:10:00	96	8,46	18,96
45:11:00	96	8,46	18,96
45:12:00	96	8,46	18,96
45:13:00	95	8,46	18,96
45:14:00	95	8,46	18,87
45:15:00	95	8,46	18,96
45:16:00	95	8,46	18,96
45:17:00	96	8,46	18,96
45:18:00	96	8,46	18,96
45:19:00	96	8,46	18,96
45:20:00	96	8,45	19,04
45:21:00	96	8,46	18,87
45:22:00	96	8,45	19,04
45:23:00	96	8,46	18,96
45:24:00	96	8,46	18,87
45:25:00	96	8,46	18,96
45:26:00	96	8,45	19,04
45:27:00	96	8,46	18,96
45:28:00	96	8,46	18,87
45:29:00	95	8,46	18,96
45:30:00	96	8,46	18,96
45:31:00	96	8,46	18,96
45:32:00	95	8,46	18,96
45:33:00	95	8,46	18,96
45:34:00	96	8,45	19,04
45:35:00	96	8,45	19,04
45:36:00	96	8,46	18,96
45:37:00	96	8,46	18,96
45:38:00	96	8,46	18,96
45:39:00	96	8,44	19,12
45:40:00	96	8,45	19,04
45:41:00	96	8,46	18,96
45:42:00	96	8,45	19,04
45:43:00	96	8,46	18,96
45:44:00	96	8,45	19,04
45:45:00	96	8,46	18,96
45:46:00	96	8,45	19,04
45:47:00	96	8,44	19,12
45:48:00	96	8,45	19,04
45:49:00	96	8,45	19,04
45:50:00	95	8,45	19,04
45:51:00	96	8,44	19,12
45:52:00	96	8,46	18,96
45:53:00	96	8,46	18,87
45:54:00	96	8,46	18,96
45:55:00	96	8,46	18,96
45:56:00	96	8,45	19,04
45:57:00	95	8,46	18,96
45:58:00	96	8,45	19,04
45:59:00	96	8,44	19,12
46:00:00	96	8,46	18,96
46:01:00	96	8,44	19,12
46:02:00	96	8,45	19,04
46:03:00	96	8,46	18,96
46:04:00	96	8,45	19,04
46:05:00	96	8,45	19,04
46:06:00	96	8,44	19,12
46:07:00	95	8,45	19,04
46:08:00	95	8,45	19,04
46:09:00	96	8,45	19,04
46:10:00	96	8,45	19,04
46:11:00	96	8,46	18,96
46:12:00	96	8,45	19,04
46:13:00	95	8,44	19,12
46:14:00	95	8,45	19,04
46:15:00	96	8,44	19,12
46:16:00	96		
46:17:00	96	8,45	19,04
46:18:00	96	8,45	19,04
46:19:00	96	8,45	19,04
46:20:00	95	8,45	19,04
46:21:00	96	8,44	19,12
46:22:00	96	8,45	19,04
46:23:00	96	8,45	19,04
46:24:00	96	8,45	19,04
46:25:00	96	8,45	19,04
46:26:00	96	8,44	19,12
46:27:00	95	8,44	19,12
46:28:00	96	8,45	19,04
46:29:00	96	8,44	19,12
46:30:00	96	8,45	19,04
46:31:00	95	8,44	19,12
46:32:00	96	8,45	19,04
46:33:00	96	8,44	19,12
46:34:00	96	8,45	19,04
46:35:00	96	8,45	19,04
46:36:00	96	8,44	19,12
46:37:00	96	8,45	19,04
46:38:00	96	8,45	19,04
46:39:00	96	8,44	19,12
46:40:00	96	8,45	19,04
46:41:00	96	8,44	19,12
46:42:00	96	8,45	19,04
46:43:00	95	8,45	19,04
46:44:00	96	8,45	19,04
46:45:00	96	8,45	19,04
46:46:00	96	8,44	19,12
46:47:00	96	8,45	19,04
46:48:00	96	8,44	19,12
46:49:00	96	8,45	19,04
46:50:00	96		
46:51:00	95	8,44	19,12
46:52:00	96	8,44	19,12
46:53:00	96	8,44	19,12
46:54:00	96	8,43	19,20
46:55:00	96	8,44	19,12
46:56:00	96	8,44	19,12
46:57:00	96	8,44	19,12
46:58:00	96	8,44	19,12
46:59:00	96	8,45	19,04
47:00:00	96	8,44	19,12
47:01:00	96	8,44	19,12
47:02:00	96	8,45	19,04
47:03:00	96	8,43	19,20
47:04:00	96	8,44	19,12
47:05:00	96	8,45	19,04
47:06:00	96	8,44	19,12
47:07:00	96	8,45	19,04
47:08:00	96	8,43	19,20
47:09:00	96	8,44	19,12
47:10:00	96	8,44	19,12
47:11:00	95	8,44	19,12
47:12:00	96	8,44	19,12
47:13:00	96	8,44	19,12
47:14:00	96	8,43	19,20
47:15:00	96	8,44	19,12
47:16:00	96	8,44	19,12
47:17:00	96	8,44	19,12
47:18:00	96	8,43	19,20
47:19:00	96	8,43	19,20
47:20:00	96	8,44	19,12
47:21:00	96	8,44	19,12
47:22:00	96	8,44	19,12
47:23:00	96	8,44	19,12
47:24:00	96	8,44	19,12
47:25:00	96	8,44	19,12
47:26:00	95	8,44	19,12
47:27:00	96	8,44	19,12
47:28:00	95	8,44	19,12
47:29:00	95	8,44	19,12
47:30:00	96		
47:31:00	96	8,43	19,20
47:32:00	96	8,43	19,20
47:33:00	96	8,44	19,12
47:34:00	95	8,44	19,12
47:35:00	96	8,43	19,20
47:36:00	96	8,44	19,12
47:37:00	95	8,43	19,20
47:38:00	96	8,43	19,20
47:39:00	96	8,44	19,12
47:40:00	96	8,43	19,20
47:41:00	96	8,44	19,12
47:42:00	96	8,43	19,20
47:43:00	96	8,44	19,12
47:44:00	96	8,44	19,12
47:45:00	96	8,43	19,20
47:46:00	96	8,43	19,20
47:47:00	96	8,44	19,12
47:48:00	96	8,43	19,29
47:49:00	96	8,44	19,12
47:50:00	96	8,43	19,20
47:51:00	96	8,43	19,20
47:52:00	96	8,43	19,20
47:53:00	96	8,43	19,20
47:54:00	96	8,43	19,29
47:55:00	96	8,44	19,12
47:56:00	95	8,43	19,20
47:57:00	96	8,44	19,12
47:58:00	96	8,44	19,12
47:59:00	96	8,43	19,29
48:00:00	96	8,43	19,20
48:01:00	96	8,43	19,20
48:02:00	96	8,43	19,20
48:03:00	95	8,43	19,20
48:04:00	96	8,44	19,12
48:05:00	96	8,43	19,20
48:06:00	96	8,43	19,29
48:07:00	96	8,43	19,20
48:08:00	96	8,43	19,20
48:09:00	96	8,43	19,20
48:10:00	95	8,43	19,29
48:11:00	96	8,43	19,20
48:12:00	96	8,42	19,37
48:13:00	96	8,43	19,29
48:14:00	95	8,43	19,29
48:15:00	96	8,43	19,20
48:16:00	96	8,43	19,20
48:17:00	96	8,43	19,20
48:18:00	96	8,43	19,20
48:19:00	96	8,44	19,12
48:20:00	96	8,43	19,20
48:21:00	96	8,44	19,12
48:22:00	96	8,43	19,20
48:23:00	96	8,44	19,12
48:24:00	95	8,43	19,29
48:25:00	96	8,43	19,20
48:26:00	96	8,43	19,29
48:27:00	95	8,43	19,20
48:28:00	96	8,43	19,20
48:29:00	95	8,44	19,12
48:30:00	96	8,43	19,20
48:31:00	95	8,43	19,29
48:32:00	96	8,43	19,29
48:33:00	96	8,43	19,20
48:34:00	96	8,43	19,20
48:35:00	96	8,43	19,20
48:36:00	96	8,43	19,20
48:37:00	96	8,43	19,29
48:38:00	95	8,43	19,20
48:39:00	95	8,43	19,20
48:40:00	96	8,43	19,20
48:41:00	96	8,43	19,29
48:42:00	96	8,43	19,29
48:43:00	96	8,43	19,29
48:44:00	96	8,43	19,29
48:45:00	96	8,43	19,29
48:46:00	96	8,43	19,29
48:47:00	95	8,43	19,20
48:48:00	96	8,43	19,20
48:49:00	96	8,43	19,20
48:50:00	96	8,43	19,20
48:51:00	96	8,43	19,20
48:52:00	96	8,43	19,29
48:53:00	96	8,43	19,20
48:54:00	96	8,43	19,29
48:55:00	96	8,43	19,29
48:56:00	95	8,43	19,20
48:57:00	96	8,43	19,29
48:58:00	96	8,43	19,20
48:59:00	96	8,43	19,20
49:00:00	96	8,43	19,29
49:01:00	96	8,43	19,29
49:02:00	96	8,43	19,29
49:03:00	96	8,43	19,20
49:04:00	96	8,43	19,29
49:05:00	96	8,43	19,29
49:06:00	96	8,43	19,29
49:07:00	96	8,42	19,37
49:08:00	96	8,42	19,37
49:09:00	95	8,43	19,29
49:10:00	95	8,43	19,20
49:11:00	95	8,43	19,29
49:12:00	96	8,43	19,20
49:13:00	96	8,43	19,29
49:14:00	95	8,43	19,29
49:15:00	96	8,43	19,29
49:16:00	96	8,43	19,29
49:17:00	96	8,42	19,37
49:18:00	96	8,42	19,37
49:19:00	96	8,43	19,29
49:20:00	96	8,42	19,37
49:21:00	96	8,44	19,12
49:22:00	96	8,42	19,37
49:23:00	95	8,43	19,29
49:24:00	96	8,43	19,29
49:25:00	95	8,43	19,29
49:26:00	96	8,43	19,29
49:27:00	96	8,43	19,29
49:28:00	96	8,44	19,12
49:29:00	96	8,42	19,37
49:30:00	96	8,43	19,29
49:31:00	96	8,42	19,37
49:32:00	96	8,43	19,29
49:33:00	96	8,42	19,37
49:34:00	96	8,43	19,20
49:35:00	96	8,42	19,37
49:36:00	96	8,42	19,37
49:37:00	96	8,43	19,29
49:38:00	96	8,43	19,20
49:39:00	96	8,42	19,37
49:40:00	96	8,43	19,29
49:41:00	96	8,43	19,29
49:42:00	96	8,42	19,37
49:43:00	96	8,42	19,37
49:44:00	95	8,42	19,37
49:45:00	96	8,43	19,29
49:46:00	96	8,43	19,29
49:47:00	95	8,43	19,29
49:48:00	95	8,43	19,29
49:49:00	95	8,43	19,29
49:50:00	96	8,43	19,29
49:51:00	96	8,42	19,37
49:52:00	96	8,43	19,29
49:53:00	96	8,43	19,29
49:54:00	96	8,42	19,37
49:55:00	96	8,43	19,29
49:56:00	96	8,42	19,37
49:57:00	96	8,43	19,29
49:58:00	96	8,43	19,29
49:59:00	96	8,42	19,37
50:00:00	96	8,42	19,37
50:01:00	96	8,42	19,37
50:02:00	96	8,43	19,29
50:03:00	96	8,42	19,37
50:04:00	96	8,43	19,20
50:05:00	96	8,42	19,37
50:06:00	95	8,42	19,37
50:07:00	96	8,42	19,37
50:08:00	96	8,42	19,37
50:09:00	96	8,42	19,37
50:10:00	95	8,43	19,29
50:11:00	96	8,43	19,29
50:12:00	96	8,43	19,29
50:13:00	96	8,42	19,37
50:14:00	96	8,41	19,45
50:15:00	96	8,42	19,37
50:16:00	96	8,43	19,20
50:17:00	96	8,42	19,37
50:18:00	95	8,43	19,29
50:19:00	96	8,42	19,37
50:20:00	96	8,42	19,37
50:21:00	96	8,42	19,37
50:22:00	96	8,42	19,37
50:23:00	96	8,42	19,37
50:24:00	96	8,42	19,37
50:25:00	96	8,42	19,37
50:26:00	95	8,42	19,37
50:27:00	96	8,42	19,37
50:28:00	96	8,43	19,29
50:29:00	96	8,42	19,37
50:30:00	96	8,42	19,37
50:31:00	95	8,42	19,37
50:32:00	96	8,42	19,37
50:33:00	96	8,42	19,37
50:34:00	96	8,42	19,37
50:35:00	96	8,42	19,37
50:36:00	95	8,41	19,45
50:37:00	96	8,42	19,37
50:38:00	96	8,42	19,37
50:39:00	96	8,42	19,37
50:40:00	96	8,42	19,37
50:41:00	96	8,42	19,37
50:42:00	95		
50:43:00	96	8,42	19,37
50:44:00	96	8,41	19,45
50:45:00	96	8,41	19,45
50:46:00	96	8,42	19,37
50:47:00	95	8,42	19,37
50:48:00	96	8,43	19,29
50:49:00	96	8,42	19,37
50:50:00	96	8,42	19,37
50:51:00	96	8,42	19,37
50:52:00	96	8,41	19,45
50:53:00	96	8,42	19,37
50:54:00	96	8,42	19,37
50:55:00	96	8,42	19,37
50:56:00	96	8,41	19,45
50:57:00	96	8,43	19,29
50:58:00	95	8,42	19,37
50:59:00	96	8,42	19,37
51:00:00	96	8,42	19,37
51:01:00	95	8,42	19,37
51:02:00	96	8,41	19,45
51:03:00	96	8,42	19,37
51:04:00	96	8,42	19,37
51:05:00	96	8,42	19,37
51:06:00	96	8,42	19,37
51:07:00	96	8,43	19,29
51:08:00	96	8,41	19,45
51:09:00	96	8,41	19,45
51:10:00	96	8,41	19,45
51:11:00	96	8,41	19,45
51:12:00	96	8,41	19,45
51:13:00	96	8,42	19,37
51:14:00	95	8,42	19,37
51:15:00	96	8,42	19,37
51:16:00	96	8,42	19,37
51:17:00	95	8,41	19,45
51:18:00	95	8,41	19,45
51:19:00	95	8,42	19,37
51:20:00	95	8,42	19,37
51:21:00	96	8,41	19,45
51:22:00	96	8,42	19,37
51:23:00	95	8,42	19,37
51:24:00	96	8,41	19,54
51:25:00	96	8,42	19,37
51:26:00	96	8,41	19,45
51:27:00	96	8,41	19,45
51:28:00	95	8,42	19,37
51:29:00	95	8,42	19,37
51:30:00	96	8,42	19,37
51:31:00	95	8,42	19,37
51:32:00	96	8,41	19,45
51:33:00	96	8,42	19,37
51:34:00	96	8,41	19,45
51:35:00	96	8,42	19,37
51:36:00	96	8,41	19,45
51:37:00	95	8,42	19,37
51:38:00	96	8,42	19,37
51:39:00	96	8,42	19,37
51:40:00	95	8,42	19,37
51:41:00	95	8,41	19,45
51:42:00	96	8,41	19,54
51:43:00	96	8,41	19,45
51:44:00	95	8,42	19,37
51:45:00	96	8,41	19,54
51:46:00	96	8,42	19,37
51:47:00	96	8,41	19,45
51:48:00	96	8,41	19,45
51:49:00	96	8,41	19,45
51:50:00	96	8,41	19,45
51:51:00	95	8,41	19,45
51:52:00	96	8,42	19,37
51:53:00	96	8,42	19,37
51:54:00	96	8,41	19,45
51:55:00	96	8,41	19,45
51:56:00	96	8,41	19,45
51:57:00	96	8,41	19,45
51:58:00	96	8,41	19,54
51:59:00	96	8,41	19,45
52:00:00	96	8,42	19,37
52:01:00	96	8,41	19,54
52:02:00	96	8,41	19,45
52:03:00	96	8,41	19,45
52:04:00	96	8,41	19,45
52:05:00	96	8,41	19,45
52:06:00	96	8,41	19,54
52:07:00	96	8,41	19,45
52:08:00	96	8,41	19,45
52:09:00	96	8,41	19,45
52:10:00	96	8,41	19,45
52:11:00	96	8,41	19,45
52:12:00	96	8,41	19,45
52:13:00	96	8,41	19,45
52:14:00	96	8,41	19,54
52:15:00	95	8,41	19,45
52:16:00	96	8,41	19,45
52:17:00	96	8,41	19,54
52:18:00	96	8,41	19,45
52:19:00	96	8,41	19,54
52:20:00	95	8,41	19,45
52:21:00	95	8,41	19,45
52:22:00	96	8,41	19,54
52:23:00	96		
52:24:00	96	8,41	19,45
52:25:00	95	8,41	19,45
52:26:00	96	8,41	19,45
52:27:00	96	8,41	19,54
52:28:00	96	8,41	19,54
52:29:00	95	8,41	19,45
52:30:00	96	8,41	19,45
52:31:00	96	8,41	19,45
52:32:00	96	8,41	19,54
52:33:00	96	8,42	19,37
52:34:00	95	8,41	19,45
52:35:00	96	8,41	19,45
52:36:00	96	8,41	19,54
52:37:00	96	8,41	19,45
52:38:00	96	8,41	19,54
52:39:00	95	8,41	19,54
52:40:00	95	8,41	19,45
52:41:00	95	8,41	19,45
52:42:00	96	8,41	19,54
52:43:00	96	8,41	19,54
52:44:00	96	8,41	19,45
52:45:00	96	8,41	19,54
52:46:00	96	8,41	19,54
52:47:00	96	8,41	19,54
52:48:00	96	8,41	19,54
52:49:00	96	8,41	19,45
52:50:00	96	8,41	19,54
52:51:00	96	8,41	19,54
52:52:00	96	8,41	19,54
52:53:00	96	8,41	19,54
52:54:00	96	8,41	19,45
52:55:00	95	8,41	19,45
52:56:00	96	8,41	19,54
52:57:00	95	8,41	19,54
52:58:00	96	8,41	19,54
52:59:00	95	8,41	19,45
53:00:00	96	8,41	19,54
53:01:00	96	8,41	19,54
53:02:00	95	8,41	19,45
53:03:00	95	8,41	19,45
53:04:00	96	8,41	19,54
53:05:00	96	8,41	19,54
53:06:00	96	8,41	19,54
53:07:00	95	8,41	19,54
53:08:00	95	8,41	19,54
53:09:00	96	8,41	19,45
53:10:00	96	8,41	19,54
53:11:00	96	8,41	19,54
53:12:00	96	8,41	19,54
53:13:00	96	8,41	19,54
53:14:00	96	8,41	19,54
53:15:00	96	8,41	19,54
53:16:00	96	8,41	19,45
53:17:00	95	8,40	19,62
53:18:00	95	8,41	19,54
53:19:00	96	8,41	19,45
53:20:00	95	8,40	19,62
53:21:00	96	8,41	19,54
53:22:00	96	8,41	19,54
53:23:00	95	8,41	19,54
53:24:00	96	8,41	19,45
53:25:00	96	8,41	19,54
53:26:00	95	8,40	19,62
53:27:00	96	8,41	19,54
53:28:00	96	8,41	19,54
53:29:00	96	8,40	19,62
53:30:00	96	8,40	19,62
53:31:00	96	8,41	19,54
53:32:00	96	8,40	19,62
53:33:00	96	8,41	19,54
53:34:00	95	8,41	19,54
53:35:00	96	8,41	19,54
53:36:00	95	8,41	19,54
53:37:00	96	8,41	19,54
53:38:00	96	8,41	19,54
53:39:00	96	8,41	19,54
53:40:00	96	8,41	19,54
53:41:00	96	8,40	19,62
53:42:00	96	8,41	19,54
53:43:00	96	8,41	19,54
53:44:00	95	8,41	19,54
53:45:00	96	8,40	19,62
53:46:00	96	8,40	19,62
53:47:00	96	8,41	19,54
53:48:00	96	8,41	19,54
53:49:00	96		
53:50:00	95	8,40	19,62
53:51:00	96	8,40	19,62
53:52:00	96	8,41	19,45
53:53:00	96	8,40	19,62
53:54:00	96	8,41	19,54
53:55:00	96	8,40	19,62
53:56:00	95	8,41	19,54
53:57:00	96	8,41	19,54
53:58:00	96	8,41	19,54
53:59:00	96	8,41	19,54
54:00:00	96	8,41	19,54
54:01:00	96	8,41	19,54
54:02:00	96	8,41	19,54
54:03:00	96	8,41	19,54
54:04:00	96	8,41	19,54
54:05:00	96	8,41	19,54
54:06:00	96	8,41	19,54
54:07:00	96	8,41	19,54
54:08:00	96	8,40	19,62
54:09:00	96	8,40	19,62
54:10:00	96	8,41	19,54
54:11:00	96	8,41	19,54
54:12:00	96	8,41	19,54
54:13:00	96	8,41	19,54
54:14:00	95	8,41	19,54
54:15:00	95	8,41	19,54
54:16:00	95	8,41	19,54
54:17:00	96	8,41	19,54
54:18:00	96	8,41	19,54
54:19:00	96	8,40	19,62
54:20:00	96	8,40	19,62
54:21:00	96	8,40	19,62
54:22:00	96	8,40	19,62
54:23:00	96	8,41	19,54
54:24:00	96	8,40	19,62
54:25:00	95	8,41	19,54
54:26:00	96	8,40	19,62
54:27:00	96	8,41	19,54
54:28:00	96		
54:29:00	96		
54:30:00	96	8,40	19,62
54:31:00	95		
54:32:00	96	8,39	19,71
54:33:00	96	8,40	19,62
54:34:00	96	8,41	19,54
54:35:00	96	8,41	19,54
54:36:00	96	8,40	19,62
54:37:00	96	8,39	19,71
54:38:00	96	8,40	19,62
54:39:00	96	8,40	19,62
54:40:00	96	8,41	19,54
54:41:00	96	8,40	19,62
54:42:00	96	8,40	19,62
54:43:00	95	8,40	19,62
54:44:00	96	8,41	19,54
54:45:00	96	8,40	19,62
54:46:00	96	8,41	19,54
54:47:00	96	8,40	19,62
54:48:00	95	8,40	19,62
54:49:00	96	8,40	19,62
54:50:00	96	8,40	19,62
54:51:00	96	8,40	19,62
54:52:00	96	8,40	19,62
54:53:00	96	8,41	19,54
54:54:00	96	8,40	19,62
54:55:00	96	8,40	19,62
54:56:00	96	8,39	19,71
54:57:00	95	8,40	19,62
54:58:00	96	8,40	19,62
54:59:00	96	8,40	19,62
55:00:00	96	8,41	19,54
55:01:00	96	8,39	19,71
55:02:00	96	8,40	19,62
55:03:00	96	8,41	19,54
55:04:00	96	8,40	19,62
55:05:00	96	8,39	19,71
55:06:00	96	8,41	19,54
55:07:00	96	8,40	19,62
55:08:00	96	8,40	19,62
55:09:00	96		
55:10:00	96	8,41	19,54
55:11:00	96	8,40	19,62
55:12:00	96	8,39	19,71
55:13:00	96	8,40	19,62
55:14:00	96	8,40	19,62
55:15:00	96	8,40	19,62
55:16:00	96	8,40	19,62
55:17:00	96	8,40	19,62
55:18:00	96	8,40	19,62
55:19:00	96	8,40	19,62
55:20:00	96	8,41	19,54
55:21:00	96	8,40	19,62
55:22:00	95	8,40	19,62
55:23:00	96	8,40	19,62
55:24:00	95	8,40	19,62
55:25:00	96	8,39	19,71
55:26:00	96	8,40	19,62
55:27:00	96	8,41	19,54
55:28:00	96	8,39	19,71
55:29:00	96	8,39	19,71
55:30:00	95	8,40	19,62
55:31:00	96	8,41	19,54
55:32:00	96	8,40	19,62
55:33:00	96	8,39	19,71
55:34:00	96	8,40	19,62
55:35:00	96	8,40	19,62
55:36:00	96	8,40	19,62
55:37:00	95	8,40	19,62
55:38:00	96	8,40	19,62
55:39:00	96	8,40	19,62
55:40:00	96	8,39	19,71
55:41:00	96	8,39	19,71
55:42:00	96	8,40	19,62
55:43:00	95	8,39	19,71
55:44:00	96	8,39	19,71
55:45:00	96	8,40	19,62
55:46:00	95	8,40	19,62
55:47:00	96	8,40	19,62
55:48:00	96	8,39	19,71
55:49:00	96	8,40	19,62
55:50:00	96	8,40	19,62
55:51:00	96	8,39	19,71
55:52:00	96	8,40	19,62
55:53:00	96		
55:54:00	96	8,40	19,62
55:55:00	96	8,40	19,62
55:56:00	96	8,39	19,71
55:57:00	96	8,40	19,62
55:58:00	96	8,40	19,62
55:59:00	95	8,41	19,54
56:00:00	95	8,39	19,71
56:01:00	96	8,40	19,62
56:02:00	95		
56:03:00	96	8,39	19,71
56:04:00	96	8,40	19,62
56:05:00	96	8,39	19,71
56:06:00	96	8,39	19,71
56:07:00	95	8,40	19,62
56:08:00	95	8,39	19,71
56:09:00	96	8,39	19,71
56:10:00	96	8,40	19,62
56:11:00	95	8,39	19,71
56:12:00	95	8,40	19,62
56:13:00	96	8,39	19,71
56:14:00	96	8,38	19,79
56:15:00	96	8,39	19,71
56:16:00	96	8,40	19,62
56:17:00	96	8,40	19,62
56:18:00	96	8,40	19,62
56:19:00	96	8,39	19,71
56:20:00	96	8,39	19,71
56:21:00	96	8,39	19,71
56:22:00	96	8,39	19,71
56:23:00	95	8,39	19,71
56:24:00	96	8,39	19,71
56:25:00	96	8,39	19,71
56:26:00	96	8,39	19,71
56:27:00	96	8,39	19,71
56:28:00	96	8,39	19,71
56:29:00	96	8,39	19,71
56:30:00	96	8,40	19,62
56:31:00	95	8,39	19,71
56:32:00	96	8,40	19,62
56:33:00	96	8,40	19,62
56:34:00	96	8,39	19,71
56:35:00	96	8,39	19,71
56:36:00	95	8,39	19,71
56:37:00	96	8,38	19,79
56:38:00	96	8,39	19,71
56:39:00	95	8,40	19,62
56:40:00	96	8,39	19,71
56:41:00	96		
56:42:00	96	8,39	19,71
56:43:00	96	8,39	19,71
56:44:00	95	8,40	19,62
56:45:00	96	8,39	19,71
56:46:00	95	8,39	19,71
56:47:00	96	8,39	19,71
56:48:00	96	8,39	19,71
56:49:00	96	8,39	19,71
56:50:00	96	8,39	19,71
56:51:00	95	8,39	19,71
56:52:00	96	8,39	19,71
56:53:00	96	8,39	19,71
56:54:00	96	8,39	19,71
56:55:00	96	8,39	19,71
56:56:00	96	8,39	19,71
56:57:00	96	8,39	19,71
56:58:00	96	8,39	19,71
56:59:00	96	8,39	19,71
57:00:00	96	8,39	19,71
57:01:00	95	8,38	19,79
57:02:00	96	8,39	19,71
57:03:00	96	8,40	19,62
57:04:00	95	8,40	19,62
57:05:00	96	8,38	19,79
57:06:00	96	8,39	19,71
57:07:00	96	8,39	19,71
57:08:00	95	8,38	19,79
57:09:00	96	8,39	19,71
57:10:00	96	8,39	19,71
57:11:00	96	8,38	19,79
57:12:00	96	8,39	19,71
57:13:00	96	8,39	19,71
57:14:00	96	8,40	19,62
57:15:00	96	8,39	19,71
57:16:00	96	8,39	19,71
57:17:00	96	8,39	19,71
57:18:00	96	8,39	19,71
57:19:00	96	8,38	19,79
57:20:00	96	8,39	19,71
57:21:00	96	8,39	19,71
57:22:00	96	8,39	19,71
57:23:00	96	8,38	19,79
57:24:00	95	8,39	19,71
57:25:00	96	8,39	19,71
57:26:00	95	8,38	19,79
57:27:00	96	8,38	19,79
57:28:00	96	8,39	19,71
57:29:00	96	8,39	19,71
57:30:00	96	8,39	19,71
57:31:00	96	8,38	19,79
57:32:00	96	8,39	19,71
57:33:00	96	8,38	19,79
57:34:00	96	8,38	19,79
57:35:00	95	8,39	19,71
57:36:00	96	8,39	19,71
57:37:00	96	8,39	19,71
57:38:00	96	8,39	19,71
57:39:00	96	8,40	19,62
57:40:00	96	8,39	19,71
57:41:00	96	8,38	19,79
57:42:00	96	8,39	19,71
57:43:00	96	8,38	19,79
57:44:00	96	8,38	19,79
57:45:00	96	8,38	19,79
57:46:00	95	8,38	19,79
57:47:00	96	8,38	19,79
57:48:00	96	8,39	19,71
57:49:00	96	8,38	19,79
57:50:00	96	8,39	19,71
57:51:00	96	8,39	19,71
57:52:00	96	8,38	19,79
57:53:00	96	8,38	19,79
57:54:00	95	8,39	19,71
57:55:00	96	8,39	19,71
57:56:00	96	8,38	19,79
57:57:00	96	8,39	19,71
57:58:00	95	8,39	19,71
57:59:00	96	8,39	19,71
58:00:00	96	8,38	19,79
58:01:00	96	8,39	19,71
58:02:00	96	8,38	19,79
58:03:00	96	8,39	19,71
58:04:00	96	8,38	19,79
58:05:00	95	8,38	19,79
58:06:00	96		
58:07:00	95	8,38	19,79
58:08:00	95	8,38	19,88
58:09:00	96	8,38	19,79
58:10:00	95	8,38	19,79
58:11:00	96	8,38	19,79
58:12:00	96	8,39	19,71
58:13:00	95	8,38	19,79
58:14:00	95	8,38	19,79
58:15:00	95	8,38	19,79
58:16:00	95	8,38	19,88
58:17:00	96	8,38	19,79
58:18:00	96	8,38	19,79
58:19:00	96	8,38	19,79
58:20:00	96	8,39	19,71
58:21:00	96	8,39	19,71
58:22:00	96	8,38	19,79
58:23:00	96	8,38	19,79
58:24:00	96	8,38	19,79
58:25:00	96	8,38	19,79
58:26:00	96	8,38	19,88
58:27:00	96	8,39	19,71
58:28:00	96	8,38	19,79
58:29:00	96	8,39	19,71
58:30:00	96	8,38	19,88
58:31:00	96	8,38	19,79
58:32:00	96	8,38	19,79
58:33:00	95	8,39	19,71
58:34:00	96	8,38	19,88
58:35:00	96	8,38	19,79
58:36:00	96	8,38	19,79
58:37:00	96	8,38	19,79
58:38:00	96	8,38	19,79
58:39:00	96		
58:40:00	96	8,39	19,71
58:41:00	96	8,39	19,71
58:42:00	96	8,39	19,71
58:43:00	96	8,38	19,79
58:44:00	96	8,39	19,71
58:45:00	96	8,38	19,79
58:46:00	96	8,38	19,79
58:47:00	96	8,39	19,71
58:48:00	95	8,38	19,79
58:49:00	96	8,38	19,79
58:50:00	95	8,38	19,79
58:51:00	96	8,38	19,79
58:52:00	96	8,38	19,79
58:53:00	96	8,38	19,88
58:54:00	96	8,38	19,79
58:55:00	96	8,38	19,88
58:56:00	96	8,38	19,88
58:57:00	96	8,38	19,88
58:58:00	96	8,38	19,79
58:59:00	96	8,38	19,79
59:00:00	96	8,38	19,79
59:01:00	96	8,38	19,79
59:02:00	95	8,38	19,79
59:03:00	96		
59:04:00	95	8,38	19,79
59:05:00	96	8,38	19,88
59:06:00	96	8,38	19,79
59:07:00	96	8,38	19,88
59:08:00	96	8,38	19,88
59:09:00	96	8,38	19,79
59:10:00	96	8,38	19,88
59:11:00	96	8,38	19,79
59:12:00	96	8,38	19,88
59:13:00	96	8,38	19,79
59:14:00	96	8,38	19,79
59:15:00	95	8,38	19,88
59:16:00	96	8,38	19,79
59:17:00	96	8,38	19,79
59:18:00	96	8,38	19,88
59:19:00	95	8,38	19,88
59:20:00	96	8,38	19,88
59:21:00	96	8,38	19,79
59:22:00	96	8,38	19,79
59:23:00	96	8,39	19,71
59:24:00	96	8,38	19,79
59:25:00	96	8,38	19,79
59:26:00	96	8,38	19,79
59:27:00	96	8,38	19,79
59:28:00	96	8,38	19,79
59:29:00	95	8,38	19,79
59:30:00	96	8,38	19,88
59:31:00	96	8,38	19,88
59:32:00	96	8,38	19,88
59:33:00	96	8,38	19,79
59:34:00	96	8,38	19,88
59:35:00	96	8,38	19,79
59:36:00	96	8,38	19,79
59:37:00	96	8,38	19,79
59:38:00	96	8,38	19,79
59:39:00	96	8,38	19,88
59:40:00	96	8,38	19,88
59:41:00	96	8,38	19,88
59:42:00	96	8,38	19,88
59:43:00	96	8,37	19,96
59:44:00	96	8,38	19,79
59:45:00	96	8,38	19,79
59:46:00	95	8,38	19,88
59:47:00	96	8,38	19,79
59:48:00	96	8,38	19,79
59:49:00	95	8,38	19,79
59:50:00	96	8,38	19,88
59:51:00	96	8,38	19,79
59:52:00	96	8,38	19,88
59:53:00	96	8,38	19,88
59:54:00	96	8,38	19,88
59:55:00	96	8,38	19,79
59:56:00	96	8,38	19,88
59:57:00	95	8,38	19,88
59:58:00	96	8,38	19,79
59:59:00	96	8,38	19,88
60:00:00	96	8,38	19,88
60:01:00	96	8,38	19,88
60:02:00	96	8,38	19,88
60:03:00	95	8,38	19,88
60:04:00	96	8,38	19,88
60:05:00	96	8,38	19,88
60:06:00	96	8,38	19,88
60:07:00	96	8,38	19,79
60:08:00	96	8,38	19,79
60:09:00	96	8,38	19,79
60:10:00	96	8,38	19,88
60:11:00	96	8,38	19,88
60:12:00	96	8,38	19,88
60:13:00	95	8,37	19,96
60:14:00	96	8,38	19,79
60:15:00	96	8,38	19,88
60:16:00	95	8,38	19,88
60:17:00	96	8,38	19,79
60:18:00	96	8,38	19,88
60:19:00	96	8,38	19,88
60:20:00	96	8,37	19,96
60:21:00	95	8,38	19,88
60:22:00	95	8,38	19,88
60:23:00	96	8,38	19,88
60:24:00	96	8,38	19,88
60:25:00	95	8,38	19,88
60:26:00	96	8,38	19,88
60:27:00	96	8,37	19,96
60:28:00	96	8,38	19,88
60:29:00	96	8,38	19,88
60:30:00	96	8,38	19,88
60:31:00	96	8,37	19,96
60:32:00	96	8,38	19,79
60:33:00	96	8,37	19,96
60:34:00	96	8,38	19,88
60:35:00	96	8,38	19,88
60:36:00	96	8,38	19,88
60:37:00	95	8,38	19,88
60:38:00	96		
60:39:00	95	8,38	19,88
60:40:00	96	8,37	19,96
60:41:00	96	8,38	19,88
60:42:00	96	8,37	19,96
60:43:00	96	8,38	19,88
60:44:00	96	8,38	19,88
60:45:00	96	8,38	19,88
60:46:00	96		
60:47:00	96	8,38	19,88
60:48:00	96	8,38	19,88
60:49:00	96	8,37	19,96
60:50:00	96	8,38	19,88
60:51:00	95	8,38	19,88
60:52:00	95	8,38	19,88
60:53:00	96	8,38	19,88
60:54:00	96	8,38	19,88
60:55:00	96	8,38	19,88
60:56:00	96	8,37	19,96
60:57:00	96	8,38	19,88
60:58:00	95		
60:59:00	96	8,38	19,88
61:00:00	95	8,38	19,79
61:01:00	95	8,37	19,96
61:02:00	96	8,38	19,88
61:03:00	96		
61:04:00	96	8,38	19,88
61:05:00	96	8,38	19,88
61:06:00	96	8,38	19,88
61:07:00	96	8,37	19,96
61:08:00	96	8,38	19,88
61:09:00	96	8,37	19,96
61:10:00	96	8,37	19,96
61:11:00	96	8,37	19,96
61:12:00	96	8,38	19,79
61:13:00	96	8,38	19,88
61:14:00	96		
61:15:00	95	8,37	19,96
61:16:00	95	8,38	19,88
61:17:00	96	8,38	19,88
61:18:00	96	8,38	19,88
61:19:00	96	8,37	19,96
61:20:00	96	8,37	19,96
61:21:00	96	8,37	19,96
61:22:00	95	8,37	19,96
61:23:00	95	8,38	19,88
61:24:00	96	8,37	19,96
61:25:00	95	8,38	19,88
61:26:00	96	8,37	19,96
61:27:00	96	8,37	19,96
61:28:00	95	8,38	19,88
61:29:00	96	8,37	19,96
61:30:00	95	8,38	19,88
61:31:00	96	8,38	19,88
61:32:00	96	8,38	19,88
61:33:00	96	8,38	19,88
61:34:00	96	8,38	19,88
61:35:00	96	8,37	19,96
61:36:00	96	8,37	19,96
61:37:00	96	8,37	19,96
61:38:00	96	8,37	19,96
61:39:00	96	8,38	19,88
61:40:00	96	8,36	20,05
61:41:00	96	8,38	19,88
61:42:00	96	8,37	19,96
61:43:00	96	8,37	19,96
61:44:00	96	8,38	19,88
61:45:00	96	8,37	19,96
61:46:00	96	8,37	19,96
61:47:00	96	8,37	19,96
61:48:00	96	8,37	19,96
61:49:00	96	8,38	19,88
61:50:00	96	8,37	19,96
61:51:00	96	8,37	19,96
61:52:00	96	8,37	19,96
61:53:00	96	8,37	19,96
61:54:00	96	8,37	19,96
61:55:00	96	8,37	19,96
61:56:00	96	8,37	19,96
61:57:00	96	8,37	19,96
61:58:00	96	8,37	19,96
61:59:00	96	8,37	19,96
62:00:00	96	8,38	19,88
62:01:00	95	8,37	19,96
62:02:00	96	8,37	19,96
62:03:00	96	8,38	19,88
62:04:00	96	8,37	19,96
62:05:00	95	8,37	19,96
62:06:00	96	8,37	19,96
62:07:00	96	8,38	19,88
62:08:00	96	8,37	19,96
62:09:00	96	8,37	19,96
62:10:00	96	8,37	19,96
62:11:00	96	8,38	19,88
62:12:00	96	8,37	19,96
62:13:00	96	8,36	20,05
62:14:00	96	8,37	19,96
62:15:00	96	8,37	19,96
62:16:00	96	8,38	19,88
62:17:00	96	8,37	19,96
62:18:00	96	8,37	19,96
62:19:00	96	8,37	19,96
62:20:00	96	8,36	20,05
62:21:00	96	8,37	19,96
62:22:00	95	8,36	20,05
62:23:00	96	8,37	19,96
62:24:00	96	8,36	20,05
62:25:00	96	8,37	19,96
62:26:00	96	8,37	19,96
62:27:00	96	8,37	19,96
62:28:00	96	8,37	19,96
62:29:00	96	8,36	20,05
62:30:00	96		
62:31:00	96	8,37	19,96
62:32:00	96	8,38	19,88
62:33:00	96	8,37	19,96
62:34:00	96	8,37	19,96
62:35:00	96	8,36	20,05
62:36:00	96	8,38	19,88
62:37:00	96	8,37	19,96
62:38:00	96	8,37	19,96
62:39:00	96	8,36	20,05
62:40:00	96	8,37	19,96
62:41:00	96	8,37	19,96
62:42:00	96	8,36	20,05
62:43:00	96	8,38	19,88
62:44:00	96	8,36	20,05
62:45:00	96	8,37	19,96
62:46:00	96	8,36	20,05
62:47:00	96	8,37	19,96
62:48:00	96	8,36	20,05
62:49:00	96	8,37	19,96
62:50:00	96	8,36	20,05
62:51:00	96	8,36	20,05
62:52:00	96	8,37	19,96
62:53:00	96	8,36	20,05
62:54:00	96	8,37	19,96
62:55:00	96	8,37	19,96
62:56:00	96	8,37	19,96
62:57:00	96	8,37	19,96
62:58:00	95	8,36	20,05
62:59:00	96	8,37	19,96
63:00:00	96	8,35	20,14
63:01:00	96	8,36	20,05
63:02:00	96	8,36	20,05
63:03:00	96	8,36	20,05
63:04:00	96	8,37	19,96
63:05:00	96	8,37	19,96
63:06:00	96	8,37	19,96
63:07:00	96	8,37	19,96
63:08:00	96	8,37	19,96
63:09:00	96	8,36	20,05
63:10:00	96	8,37	19,96
63:11:00	96		
63:12:00	96	8,36	20,05
63:13:00	95	8,38	19,88
63:14:00	96	8,38	19,88
63:15:00	96	8,37	19,96
63:16:00	96	8,36	20,05
63:17:00	96	8,37	19,96
63:18:00	96	8,37	19,96
63:19:00	96	8,36	20,05
63:20:00	95	8,37	19,96
63:21:00	96	8,36	20,05
63:22:00	96	8,36	20,05
63:23:00	96	8,35	20,14
63:24:00	96	8,35	20,14
63:25:00	96	8,36	20,05
63:26:00	96	8,36	20,05
63:27:00	96	8,36	20,05
63:28:00	95	8,36	20,05
63:29:00	96	8,36	20,05
63:30:00	96	8,36	20,05
63:31:00	96	8,36	20,05
63:32:00	96	8,37	19,96
63:33:00	96	8,36	20,05
63:34:00	95	8,36	20,05
63:35:00	96	8,36	20,05
63:36:00	96	8,37	19,96
63:37:00	96	8,37	19,96
63:38:00	96	8,36	20,05
63:39:00	96	8,36	20,05
63:40:00	96	8,36	20,05
63:41:00	96	8,37	19,96
63:42:00	96	8,37	19,96
63:43:00	96	8,37	19,96
63:44:00	96	8,36	20,05
63:45:00	96	8,36	20,05
63:46:00	96	8,37	19,96
63:47:00	96	8,36	20,05
63:48:00	96	8,37	19,96
63:49:00	95	8,36	20,05
63:50:00	96	8,36	20,05
63:51:00	96	8,36	20,05
63:52:00	96	8,36	20,05
63:53:00	96	8,36	20,05
63:54:00	96	8,36	20,05
63:55:00	96	8,35	20,14
63:56:00	96	8,36	20,05
63:57:00	96	8,36	20,05
63:58:00	96	8,37	19,96
63:59:00	96	8,36	20,05
64:00:00	95	8,36	20,05
64:01:00	96	8,36	20,05
64:02:00	96	8,36	20,05
64:03:00	96	8,35	20,14
64:04:00	96	8,37	19,96
64:05:00	96	8,36	20,05
64:06:00	96	8,36	20,05
64:07:00	96	8,36	20,05
64:08:00	96	8,36	20,05
64:09:00	96	8,36	20,05
64:10:00	95	8,36	20,05
64:11:00	96	8,36	20,05
64:12:00	95	8,36	20,05
64:13:00	96	8,37	19,96
64:14:00	96	8,36	20,05
64:15:00	95	8,36	20,05
64:16:00	96	8,36	20,05
64:17:00	96	8,36	20,05
64:18:00	95	8,36	20,05
64:19:00	96	8,37	19,96
64:20:00	95	8,36	20,05
64:21:00	96		
64:22:00	96	8,36	20,05
64:23:00	96	8,36	20,05
64:24:00	96	8,36	20,05
64:25:00	96	8,36	20,05
64:26:00	96	8,35	20,14
64:27:00	96	8,35	20,14
64:28:00	96	8,35	20,14
64:29:00	96	8,36	20,05
64:30:00	96	8,38	19,88
64:31:00	95	8,36	20,05
64:32:00	96	8,36	20,05
64:33:00	96	8,37	19,96
64:34:00	96	8,36	20,05
64:35:00	96	8,36	20,05
64:36:00	95	8,36	20,05
64:37:00	96	8,36	20,05
64:38:00	96	8,36	20,05
64:39:00	96		
64:40:00	96	8,36	20,05
64:41:00	95	8,36	20,05
64:42:00	96	8,36	20,05
64:43:00	96	8,36	20,05
64:44:00	96	8,36	20,05
64:45:00	96	8,35	20,14
64:46:00	96	8,36	20,05
64:47:00	96	8,35	20,14
64:48:00	96	8,36	20,05
64:49:00	96		
64:50:00	95	8,35	20,14
64:51:00	95	8,36	20,05
64:52:00	96	8,35	20,14
64:53:00	96		
64:54:00	96	8,36	20,05
64:55:00	95	8,35	20,14
64:56:00	96	8,36	20,05
64:57:00	95	8,36	20,05
64:58:00	96	8,36	20,05
64:59:00	95	8,35	20,14
65:00:00	96		
65:01:00	95	8,35	20,14
65:02:00	96	8,35	20,14
65:03:00	96	8,35	20,14
65:04:00	96	8,36	20,05
65:05:00	96	8,35	20,14
65:06:00	96	8,36	20,05
65:07:00	96	8,35	20,23
65:08:00	96	8,35	20,14
65:09:00	96	8,36	20,05
65:10:00	95	8,35	20,14
65:11:00	96	8,35	20,14
65:12:00	96	8,35	20,14
65:13:00	95	8,36	20,05
65:14:00	96	8,35	20,14
65:15:00	96	8,36	20,05
65:16:00	96	8,36	20,05
65:17:00	96	8,35	20,14
65:18:00	96	8,35	20,14
65:19:00	96	8,36	20,05
65:20:00	96	8,35	20,14
65:21:00	96	8,35	20,14
65:22:00	96	8,36	20,05
65:23:00	96	8,35	20,14
65:24:00	96	8,35	20,14
65:25:00	96	8,35	20,14
65:26:00	96	8,36	20,05
65:27:00	95	8,35	20,14
65:28:00	96	8,35	20,14
65:29:00	96	8,36	20,05
65:30:00	96	8,35	20,14
65:31:00	95	8,35	20,14
65:32:00	96	8,36	20,05
65:33:00	96	8,36	20,05
65:34:00	96	8,35	20,14
65:35:00	96	8,36	20,05
65:36:00	96	8,35	20,14
65:37:00	96	8,35	20,14
65:38:00	96	8,36	20,05
65:39:00	96	8,35	20,14
65:40:00	95	8,37	19,96
65:41:00	96	8,35	20,14
65:42:00	96	8,35	20,14
65:43:00	96	8,36	20,05
65:44:00	96	8,35	20,14
65:45:00	96	8,35	20,14
65:46:00	96	8,37	19,96
65:47:00	96	8,35	20,14
65:48:00	95	8,35	20,14
65:49:00	96	8,35	20,14
65:50:00	96	8,36	20,05
65:51:00	96	8,35	20,23
65:52:00	96	8,35	20,23
65:53:00	96	8,36	20,05
65:54:00	96	8,35	20,14
65:55:00	96	8,35	20,23
65:56:00	96	8,35	20,23
65:57:00	96	8,36	20,05
65:58:00	96	8,35	20,23
