--Test Summary--
Full Path and File Name	
Instrument Name	4262R
Instrument Type	Model 4262 Twin Cell UCA
Instrument Serial Number	111R
Test Start Date	13.11.2006
Test Start Time	13:22:56
Test Stop Date	15.11.2006
Test Stop Time	15:47:53
Test Length	50:24:57
Final Sample Time Offset	50:24:00
Controller Schedule Name	
Sampling Period	60 seconds
Comments	T: 25(30), 68(71), premix
Information	WellID	1
Information	Customer	ECO-Neft
Information	CementClass	G
Information	CementMfr	Duckerhoff
Information	Additives	1.0%FL+0.5%RPM+0.1%LTR-100
Information	Density	1850
Information	BHCT	68
Information	BHST	68
Information	FluidLoss	
Information	JobType	Hezitation Squeeze Job
Calculated Value	CS_50	6:48:00
Calculated Value	CS_500	8:07:00
Calculated Value	CS_Time8h	3,19 MPa
Calculated Value	CS_Time16h	12,57 MPa
Calculated Value	CS_Time24h	14,75 MPa
Calculated Value	CS_Time48h	17,74 MPa
Calculated Value	CS_Time72h	N/A
Calculated Curve	Compressive Strength	Compressive strength type B (more than 14 lb/gal)
Initial Temperature (°C)	25 °C
Final Temperature (°C)	67 °C
Initial Transit Time (microsec/in)	16,31 microsec/in
Final Transit Time (microsec/in)	8,56 microsec/in
Initial Compressive Strength (MPa)	0,00 MPa
Final Compressive Strength (MPa)	17,89 MPa
--Data--
Time (HH:MM:SS)	Temperature (°C)	Transit Time (microsec/in)	Compressive Strength (MPa)
0:00:00	25	16,31	0,00
0:01:00	25	16,31	0,00
0:02:00	25	16,32	0,00
0:03:00	25	16,32	0,00
0:04:00	25	16,32	0,00
0:05:00	25	16,32	0,00
0:06:00	25	16,33	0,00
0:07:00	25	16,31	0,00
0:08:00	25	16,31	0,00
0:09:00	25	16,31	0,00
0:10:00	25	16,32	0,00
0:11:00	25	16,32	0,00
0:12:00	25	16,32	0,00
0:13:00	25	16,32	0,00
0:14:00	25	16,31	0,00
0:15:00	25	16,31	0,00
0:16:00	25	16,32	0,00
0:17:00	25	16,32	0,00
0:18:00	25	16,32	0,00
0:19:00	25	16,33	0,00
0:20:00	25	16,33	0,00
0:21:00	25	16,31	0,00
0:22:00	25	16,31	0,00
0:23:00	25	16,32	0,00
0:24:00	25	16,32	0,00
0:25:00	25	16,32	0,00
0:26:00	24	16,32	0,00
0:27:00	25	16,33	0,00
0:28:00	25	16,31	0,00
0:29:00	25	16,32	0,00
0:30:00	24	16,32	0,00
0:31:00	24	16,32	0,00
0:32:00	25	16,32	0,00
0:33:00	25	16,32	0,00
0:34:00	25	16,32	0,00
0:35:00	25	16,31	0,00
0:36:00	25	16,32	0,00
0:37:00	26	16,32	0,00
0:38:00	26	16,32	0,00
0:39:00	27	16,31	0,00
0:40:00	27	16,30	0,00
0:41:00	28	16,29	0,00
0:42:00	29	16,29	0,01
0:43:00	29	16,27	0,01
0:44:00	30	16,27	0,01
0:45:00	30	16,25	0,02
0:46:00	31	16,23	0,02
0:47:00	31	16,22	0,02
0:48:00	32	16,21	0,03
0:49:00	33	16,19	0,03
0:50:00	33	16,17	0,04
0:51:00	34	16,15	0,04
0:52:00	35	16,14	0,05
0:53:00	35	16,11	0,06
0:54:00	36	16,10	0,06
0:55:00	37	16,08	0,07
0:56:00	38	16,06	0,07
0:57:00	38	16,04	0,08
0:58:00	39	16,03	0,08
0:59:00	39	16,01	0,09
1:00:00	40	15,99	0,09
1:01:00	41	15,98	0,10
1:02:00	42	15,96	0,10
1:03:00	43	15,94	0,11
1:04:00	43	15,93	0,11
1:05:00	43	15,91	0,12
1:06:00	44	15,90	0,12
1:07:00	45	15,88	0,13
1:08:00	46	15,87	0,13
1:09:00	46	15,86	0,13
1:10:00	47	15,84	0,14
1:11:00	48	15,83	0,14
1:12:00	49	15,81	0,15
1:13:00	49	15,81	0,15
1:14:00	50	15,79	0,15
1:15:00	50	15,78	0,16
1:16:00	51	15,77	0,16
1:17:00	52	15,76	0,16
1:18:00	52	15,74	0,17
1:19:00	53	15,73	0,17
1:20:00	53	15,73	0,18
1:21:00	54	15,72	0,18
1:22:00	55	15,71	0,18
1:23:00	56	15,71	0,18
1:24:00	56	15,70	0,18
1:25:00	57	15,70	0,19
1:26:00	57	15,70	0,19
1:27:00	58	15,70	0,19
1:28:00	59	15,69	0,19
1:29:00	59	15,69	0,19
1:30:00	60	15,68	0,19
1:31:00	60	15,68	0,19
1:32:00	61	15,67	0,19
1:33:00	61	15,67	0,19
1:34:00	62	15,67	0,19
1:35:00	63	15,67	0,19
1:36:00	64	15,67	0,19
1:37:00	64	15,66	0,20
1:38:00	65	15,66	0,20
1:39:00	65	15,66	0,20
1:40:00	66	15,66	0,20
1:41:00	66	15,66	0,20
1:42:00	67	15,66	0,20
1:43:00	68	15,64	0,21
1:44:00	68	15,64	0,21
1:45:00	69	15,64	0,21
1:46:00	69	15,64	0,21
1:47:00	69	15,64	0,21
1:48:00	69	15,64	0,21
1:49:00	69	15,65	0,20
1:50:00	69	15,65	0,20
1:51:00	69	15,65	0,20
1:52:00	69	15,66	0,20
1:53:00	68	15,66	0,20
1:54:00	68	15,66	0,20
1:55:00	68	15,67	0,19
1:56:00	68	15,67	0,19
1:57:00	68	15,67	0,19
1:58:00	68	15,68	0,19
1:59:00	68	15,68	0,19
2:00:00	68	15,69	0,19
2:01:00	68	15,69	0,19
2:02:00	68	15,69	0,19
2:03:00	68	15,70	0,19
2:04:00	68	15,70	0,19
2:05:00	68	15,70	0,18
2:06:00	68	15,70	0,18
2:07:00	67	15,70	0,18
2:08:00	67	15,70	0,18
2:09:00	68	15,70	0,18
2:10:00	68	15,71	0,18
2:11:00	67	15,71	0,18
2:12:00	68	15,72	0,18
2:13:00	67	15,72	0,18
2:14:00	67	15,72	0,18
2:15:00	67	15,72	0,18
2:16:00	67	15,73	0,18
2:17:00	67	15,73	0,18
2:18:00	67	15,73	0,18
2:19:00	67	15,73	0,18
2:20:00	67	15,73	0,18
2:21:00	67	15,73	0,18
2:22:00	67	15,73	0,18
2:23:00	67	15,73	0,18
2:24:00	67	15,73	0,17
2:25:00	67	15,73	0,17
2:26:00	67	15,73	0,17
2:27:00	67	15,73	0,17
2:28:00	67	15,73	0,17
2:29:00	67	15,74	0,17
2:30:00	67	15,73	0,17
2:31:00	67	15,74	0,17
2:32:00	67	15,74	0,17
2:33:00	67	15,74	0,17
2:34:00	67	15,74	0,17
2:35:00	67	15,74	0,17
2:36:00	67	15,74	0,17
2:37:00	67	15,74	0,17
2:38:00	67	15,74	0,17
2:39:00	67	15,74	0,17
2:40:00	67	15,74	0,17
2:41:00	67	15,74	0,17
2:42:00	67	15,75	0,17
2:43:00	67	15,74	0,17
2:44:00	67	15,75	0,17
2:45:00	67	15,75	0,17
2:46:00	67	15,75	0,17
2:47:00	67	15,75	0,17
2:48:00	67	15,75	0,17
2:49:00	67	15,75	0,17
2:50:00	67	15,75	0,17
2:51:00	67	15,75	0,17
2:52:00	67	15,75	0,17
2:53:00	67	15,75	0,17
2:54:00	67	15,75	0,17
2:55:00	67	15,75	0,17
2:56:00	67	15,75	0,17
2:57:00	66	15,75	0,17
2:58:00	67	15,75	0,17
2:59:00	66	15,75	0,17
3:00:00	67	15,75	0,17
3:01:00	67	15,75	0,17
3:02:00	67	15,75	0,17
3:03:00	67	15,75	0,17
3:04:00	66	15,75	0,17
3:05:00	67	15,75	0,17
3:06:00	67	15,76	0,16
3:07:00	66	15,75	0,17
3:08:00	66	15,76	0,16
3:09:00	66	15,76	0,16
3:10:00	66	15,76	0,16
3:11:00	67	15,76	0,16
3:12:00	66	15,76	0,16
3:13:00	67	15,76	0,16
3:14:00	67	15,76	0,16
3:15:00	67	15,76	0,16
3:16:00	67	15,76	0,16
3:17:00	67	15,76	0,16
3:18:00	67	15,77	0,16
3:19:00	67	15,76	0,16
3:20:00	67	15,77	0,16
3:21:00	67	15,77	0,16
3:22:00	67	15,77	0,16
3:23:00	67	15,77	0,16
3:24:00	66	15,77	0,16
3:25:00	67	15,77	0,16
3:26:00	67	15,78	0,16
3:27:00	67	15,78	0,16
3:28:00	66	15,78	0,16
3:29:00	67	15,78	0,16
3:30:00	67	15,78	0,16
3:31:00	67	15,78	0,16
3:32:00	66	15,78	0,16
3:33:00	67	15,78	0,16
3:34:00	67	15,78	0,16
3:35:00	66	15,78	0,16
3:36:00	67	15,79	0,16
3:37:00	67	15,79	0,16
3:38:00	67	15,79	0,16
3:39:00	66	15,79	0,16
3:40:00	67	15,79	0,16
3:41:00	67	15,79	0,16
3:42:00	66	15,79	0,16
3:43:00	67	15,79	0,15
3:44:00	67	15,79	0,15
3:45:00	66	15,79	0,16
3:46:00	67	15,79	0,15
3:47:00	66	15,79	0,15
3:48:00	67	15,79	0,15
3:49:00	67	15,79	0,15
3:50:00	67	15,79	0,15
3:51:00	66	15,79	0,15
3:52:00	67	15,80	0,15
3:53:00	67	15,80	0,15
3:54:00	66	15,80	0,15
3:55:00	67	15,80	0,15
3:56:00	67	15,80	0,15
3:57:00	67	15,81	0,15
3:58:00	67	15,81	0,15
3:59:00	67	15,81	0,15
4:00:00	67	15,81	0,15
4:01:00	67	15,81	0,15
4:02:00	67	15,81	0,15
4:03:00	67	15,81	0,15
4:04:00	67	15,81	0,15
4:05:00	66	15,81	0,15
4:06:00	67	15,81	0,15
4:07:00	67	15,81	0,15
4:08:00	66	15,82	0,15
4:09:00	67	15,82	0,15
4:10:00	66	15,82	0,15
4:11:00	66	15,83	0,14
4:12:00	66	15,82	0,15
4:13:00	67	15,83	0,14
4:14:00	67	15,83	0,14
4:15:00	66	15,84	0,14
4:16:00	67	15,84	0,14
4:17:00	67	15,84	0,14
4:18:00	67	15,84	0,14
4:19:00	67	15,84	0,14
4:20:00	67	15,84	0,14
4:21:00	67	15,84	0,14
4:22:00	67	15,84	0,14
4:23:00	67	15,84	0,14
4:24:00	67	15,85	0,14
4:25:00	67	15,86	0,13
4:26:00	67	15,85	0,14
4:27:00	67	15,86	0,13
4:28:00	67	15,86	0,13
4:29:00	66	15,86	0,13
4:30:00	67	15,87	0,13
4:31:00	67	15,87	0,13
4:32:00	67	15,87	0,13
4:33:00	67	15,87	0,13
4:34:00	67	15,88	0,13
4:35:00	67	15,88	0,13
4:36:00	67	15,88	0,13
4:37:00	67	15,88	0,13
4:38:00	67	15,89	0,12
4:39:00	67	15,89	0,12
4:40:00	67	15,90	0,12
4:41:00	67	15,90	0,12
4:42:00	66	15,90	0,12
4:43:00	67	15,91	0,12
4:44:00	66	15,91	0,12
4:45:00	67	15,91	0,12
4:46:00	67	15,91	0,12
4:47:00	67	15,92	0,11
4:48:00	67	15,92	0,11
4:49:00	66	15,93	0,11
4:50:00	67	15,93	0,11
4:51:00	67	15,93	0,11
4:52:00	66	15,93	0,11
4:53:00	66	15,94	0,11
4:54:00	66	15,94	0,11
4:55:00	67	15,96	0,10
4:56:00	66	15,96	0,10
4:57:00	67	15,96	0,10
4:58:00	66	15,96	0,10
4:59:00	67	15,96	0,10
5:00:00	67	15,97	0,10
5:01:00	67	15,98	0,10
5:02:00	67	15,98	0,10
5:03:00	67	15,99	0,09
5:04:00	67	15,99	0,09
5:05:00	67	16,00	0,09
5:06:00	67	16,01	0,09
5:07:00	67	16,02	0,08
5:08:00	67	16,03	0,08
5:09:00	67	17,02	0,00
5:10:00	67	16,06	0,07
5:11:00	67	16,06	0,07
5:12:00	67	16,07	0,07
5:13:00	67	16,08	0,07
5:14:00	67	16,09	0,06
5:15:00	67	16,09	0,06
5:16:00	67	16,10	0,06
5:17:00	66	16,10	0,06
5:18:00	67	16,14	0,05
5:19:00	66	16,15	0,04
5:20:00	67	16,17	0,04
5:21:00	67	16,18	0,04
5:22:00	67	16,19	0,03
5:23:00	66	16,19	0,03
5:24:00	67	16,20	0,03
5:25:00	67	16,20	0,03
5:26:00	67	16,21	0,03
5:27:00	67	16,21	0,03
5:28:00	67	16,23	0,02
5:29:00	67	16,27	0,01
5:30:00	67	16,28	0,01
5:31:00	67	16,29	0,01
5:32:00	67	16,29	0,01
5:33:00	66	16,31	0,00
5:34:00	67	16,31	0,00
5:35:00	67	16,32	0,00
5:36:00	67	16,33	0,00
5:37:00	67	16,33	0,00
5:38:00	66	16,35	0,00
5:39:00	67	16,35	0,00
5:40:00	67	16,36	0,00
5:41:00	66	16,36	0,00
5:42:00	67	16,38	0,00
5:43:00	67	16,39	0,00
5:44:00	67	16,40	0,00
5:45:00	67	16,41	0,00
5:46:00	67	16,42	0,00
5:47:00	67	16,41	0,00
5:48:00	67	16,42	0,00
5:49:00	66	16,42	0,00
5:50:00	66	16,43	0,00
5:51:00	67	16,45	0,00
5:52:00	67	16,44	0,00
5:53:00	67	16,45	0,00
5:54:00	67	16,45	0,00
5:55:00	67	16,46	0,00
5:56:00	67	16,47	0,00
5:57:00	67	16,47	0,00
5:58:00	67	16,47	0,00
5:59:00	66	16,48	0,00
6:00:00	67	16,48	0,00
6:01:00	67	16,47	0,00
6:02:00	67	16,48	0,00
6:03:00	67	16,47	0,00
6:04:00	67	16,47	0,00
6:05:00	67	16,47	0,00
6:06:00	67	16,47	0,00
6:07:00	67	16,47	0,00
6:08:00	67	16,45	0,00
6:09:00	67	16,44	0,00
6:10:00	67	16,44	0,00
6:11:00	67	16,43	0,00
6:12:00	67	16,41	0,00
6:13:00	67	16,41	0,00
6:14:00	67	16,40	0,00
6:15:00	67	16,39	0,00
6:16:00	67	16,37	0,00
6:17:00	67	16,35	0,00
6:18:00	67	16,34	0,00
6:19:00	66	16,32	0,00
6:20:00	66	16,31	0,00
6:21:00	67	16,29	0,00
6:22:00	67	16,27	0,01
6:23:00	66	16,25	0,02
6:24:00	67	16,23	0,02
6:25:00	67	16,21	0,03
6:26:00	67	16,18	0,04
6:27:00	67	16,15	0,04
6:28:00	67	16,12	0,05
6:29:00	67	16,09	0,06
6:30:00	67	16,05	0,07
6:31:00	67	16,03	0,08
6:32:00	67	15,99	0,09
6:33:00	67	15,95	0,10
6:34:00	67	15,91	0,12
6:35:00	67	15,87	0,13
6:36:00	67	15,82	0,15
6:37:00	67	15,77	0,16
6:38:00	67	15,73	0,17
6:39:00	67	15,68	0,19
6:40:00	67	15,64	0,21
6:41:00	67	15,59	0,22
6:42:00	67	15,54	0,24
6:43:00	67	15,49	0,26
6:44:00	67	15,43	0,28
6:45:00	67	15,38	0,30
6:46:00	67	15,32	0,32
6:47:00	67	15,27	0,34
6:48:00	67	15,21	0,36
6:49:00	67	15,15	0,39
6:50:00	67	15,08	0,42
6:51:00	67	14,97	0,47
6:52:00	67	14,91	0,50
6:53:00	67	14,84	0,53
6:54:00	67	14,78	0,56
6:55:00	67	14,71	0,59
6:56:00	67	14,64	0,62
6:57:00	67	14,58	0,66
6:58:00	67	14,52	0,69
6:59:00	67	14,46	0,72
7:00:00	67	14,39	0,75
7:01:00	67	14,32	0,79
7:02:00	67	14,26	0,83
7:03:00	67	14,20	0,86
7:04:00	67	14,14	0,90
7:05:00	66	14,07	0,94
7:06:00	67	14,02	0,98
7:07:00	67	13,95	1,02
7:08:00	67	13,90	1,05
7:09:00	67	13,84	1,09
7:10:00	67	13,79	1,13
7:11:00	67	13,73	1,17
7:12:00	66	13,68	1,21
7:13:00	66	13,62	1,25
7:14:00	66	13,56	1,29
7:15:00	67	13,52	1,33
7:16:00	67	13,46	1,38
7:17:00	66	13,41	1,42
7:18:00	66	13,36	1,46
7:19:00	67	13,32	1,49
7:20:00	67	13,27	1,54
7:21:00	66	13,22	1,58
7:22:00	66	13,18	1,62
7:23:00	66	13,12	1,67
7:24:00	67	13,08	1,70
7:25:00	67	13,04	1,74
7:26:00	67	12,99	1,80
7:27:00	67	12,95	1,83
7:28:00	67	12,90	1,88
7:29:00	67	12,86	1,92
7:30:00	66	12,82	1,96
7:31:00	66	12,79	2,00
7:32:00	67	12,75	2,04
7:33:00	67	12,70	2,09
7:34:00	66	12,66	2,13
7:35:00	66	12,63	2,18
7:36:00	67	12,59	2,22
7:37:00	66	12,56	2,26
7:38:00	67	12,52	2,30
7:39:00	66	12,49	2,34
7:40:00	67	12,45	2,38
7:41:00	66	12,43	2,42
7:42:00	66	12,39	2,46
7:43:00	66	12,36	2,50
7:44:00	66	12,34	2,54
7:45:00	66	12,31	2,57
7:46:00	67	12,28	2,61
7:47:00	67	12,23	2,68
7:48:00	67	12,20	2,72
7:49:00	67	12,17	2,76
7:50:00	67	12,14	2,80
7:51:00	67	12,11	2,85
7:52:00	67	12,09	2,88
7:53:00	66	12,06	2,92
7:54:00	67	12,03	2,97
7:55:00	67	12,00	3,00
7:56:00	67	11,98	3,04
7:57:00	66	11,95	3,08
7:58:00	66	11,93	3,12
7:59:00	67	11,91	3,15
8:00:00	67	11,88	3,19
8:01:00	67	11,86	3,24
8:02:00	66	11,83	3,28
8:03:00	67	11,81	3,31
8:04:00	66	11,79	3,34
8:05:00	66	11,77	3,39
8:06:00	67	11,74	3,43
8:07:00	67	11,72	3,47
8:08:00	66	11,70	3,51
8:09:00	67	11,68	3,53
8:10:00	67	11,66	3,57
8:11:00	66	11,64	3,61
8:12:00	67	11,62	3,64
8:13:00	66	11,60	3,68
8:14:00	67	11,58	3,71
8:15:00	66	11,56	3,75
8:16:00	67	11,55	3,78
8:17:00	66	11,52	3,82
8:18:00	66	11,50	3,87
8:19:00	67	11,49	3,90
8:20:00	66	11,47	3,93
8:21:00	67	11,46	3,96
8:22:00	66	11,43	4,00
8:23:00	67	11,42	4,03
8:24:00	67	11,40	4,08
8:25:00	67	11,38	4,11
8:26:00	67	11,37	4,14
8:27:00	67	11,35	4,17
8:28:00	67	11,34	4,20
8:29:00	67	11,32	4,23
8:30:00	67	11,31	4,26
8:31:00	67	11,29	4,31
8:32:00	67	11,28	4,33
8:33:00	67	11,26	4,36
8:34:00	66	11,25	4,39
8:35:00	67	11,23	4,44
8:36:00	67	11,22	4,46
8:37:00	67	11,20	4,49
8:38:00	67	11,19	4,53
8:39:00	66	11,18	4,54
8:40:00	67	11,16	4,58
8:41:00	66	11,15	4,61
8:42:00	66	11,14	4,63
8:43:00	67	11,12	4,68
8:44:00	67	11,10	4,72
8:45:00	66	11,10	4,74
8:46:00	67	11,08	4,77
8:47:00	66	11,07	4,81
8:48:00	67	11,05	4,84
8:49:00	66	11,04	4,88
8:50:00	67	11,03	4,90
8:51:00	67	11,01	4,94
8:52:00	66	11,01	4,95
8:53:00	66	10,99	4,99
8:54:00	66	10,98	5,01
8:55:00	67	10,97	5,05
8:56:00	67	10,96	5,07
8:57:00	66	10,95	5,11
8:58:00	67	10,93	5,14
8:59:00	67	10,93	5,16
9:00:00	67	10,92	5,18
9:01:00	67	10,90	5,22
9:02:00	67	10,89	5,24
9:03:00	67	10,88	5,28
9:04:00	66	10,87	5,30
9:05:00	67	10,86	5,34
9:06:00	67	10,84	5,38
9:07:00	67	10,84	5,40
9:08:00	67	10,83	5,42
9:09:00	67	10,82	5,44
9:10:00	66	10,80	5,48
9:11:00	67	10,80	5,50
9:12:00	67	10,79	5,53
9:13:00	67	10,78	5,55
9:14:00	67	10,77	5,59
9:15:00	66	10,76	5,61
9:16:00	67	10,75	5,65
9:17:00	67	10,74	5,67
9:18:00	66	10,73	5,69
9:19:00	67	10,72	5,72
9:20:00	67	10,71	5,76
9:21:00	67	10,70	5,78
9:22:00	67	10,69	5,80
9:23:00	67	10,68	5,82
9:24:00	67	10,68	5,85
9:25:00	67	10,67	5,87
9:26:00	66	10,65	5,91
9:27:00	67	10,65	5,94
9:28:00	67	10,63	5,98
9:29:00	66	10,63	6,00
9:30:00	66	10,62	6,03
9:31:00	67	10,61	6,05
9:32:00	67	10,60	6,07
9:33:00	67	10,59	6,09
9:34:00	67	10,59	6,12
9:35:00	67	10,58	6,14
9:36:00	67	10,57	6,16
9:37:00	67	10,56	6,19
9:38:00	67	10,56	6,21
9:39:00	66	10,55	6,23
9:40:00	66	10,54	6,26
9:41:00	67	10,54	6,28
9:42:00	67	10,51	6,35
9:43:00	67	10,50	6,40
9:44:00	67	10,49	6,43
9:45:00	67	10,48	6,45
9:46:00	67	10,47	6,48
9:47:00	67	10,46	6,52
9:48:00	67	10,46	6,52
9:49:00	67	10,45	6,55
9:50:00	67	10,45	6,57
9:51:00	67	10,44	6,60
9:52:00	66	10,43	6,62
9:53:00	67	10,42	6,65
9:54:00	67	10,41	6,68
9:55:00	67	10,41	6,70
9:56:00	67	10,40	6,73
9:57:00	66	10,39	6,75
9:58:00	66	10,38	6,78
9:59:00	66	10,38	6,80
10:00:00	67	10,37	6,83
10:01:00	66	10,36	6,86
10:02:00	67	10,36	6,88
10:03:00	67	10,34	6,93
10:04:00	67	10,34	6,93
10:05:00	67	10,33	6,96
10:06:00	66	10,32	7,01
10:07:00	67	10,32	7,01
10:08:00	67	10,30	7,07
10:09:00	66	10,30	7,07
10:10:00	66	10,29	7,09
10:11:00	66	10,29	7,12
10:12:00	66	10,28	7,15
10:13:00	66	10,27	7,18
10:14:00	66	10,27	7,20
10:15:00	67	10,26	7,23
10:16:00	67	10,25	7,26
10:17:00	66	10,25	7,26
10:18:00	67	10,24	7,29
10:19:00	67	10,23	7,31
10:20:00	66	10,22	7,37
10:21:00	66	10,22	7,37
10:22:00	66	10,21	7,40
10:23:00	67	10,20	7,43
10:24:00	67	10,20	7,46
10:25:00	67	10,19	7,48
10:26:00	67	10,19	7,48
10:27:00	66	10,18	7,51
10:28:00	66	10,18	7,54
10:29:00	67	10,16	7,60
10:30:00	67	10,15	7,63
10:31:00	67	10,15	7,63
10:32:00	66	10,14	7,66
10:33:00	67	10,14	7,69
10:34:00	66	10,13	7,72
10:35:00	67	10,12	7,75
10:36:00	67	10,12	7,75
10:37:00	66	10,11	7,78
10:38:00	67	10,11	7,81
10:39:00	67	10,10	7,84
10:40:00	66	10,09	7,87
10:41:00	67	10,08	7,90
10:42:00	66	10,08	7,90
10:43:00	66	10,08	7,93
10:44:00	67	10,07	7,96
10:45:00	67	10,07	7,96
10:46:00	66	10,06	7,99
10:47:00	66	10,05	8,02
10:48:00	67	10,05	8,05
10:49:00	66	10,04	8,08
10:50:00	66	10,03	8,11
10:51:00	67	10,02	8,15
10:52:00	67	10,02	8,15
10:53:00	66	10,02	8,18
10:54:00	67	10,02	8,18
10:55:00	67	10,01	8,21
10:56:00	66	10,00	8,24
10:57:00	66	9,99	8,27
10:58:00	67	9,99	8,27
10:59:00	66	9,99	8,30
11:00:00	66	9,98	8,34
11:01:00	66	9,98	8,34
11:02:00	66	9,97	8,37
11:03:00	66	9,96	8,40
11:04:00	66	9,96	8,43
11:05:00	66	9,96	8,43
11:06:00	66	9,95	8,47
11:07:00	67	9,94	8,50
11:08:00	66	9,94	8,50
11:09:00	66	9,93	8,53
11:10:00	66	9,93	8,57
11:11:00	67	9,92	8,60
11:12:00	66	9,92	8,60
11:13:00	67	9,91	8,63
11:14:00	67	9,90	8,67
11:15:00	66	9,90	8,67
11:16:00	67	9,90	8,70
11:17:00	66	9,90	8,70
11:18:00	66	9,89	8,73
11:19:00	67	9,88	8,77
11:20:00	66	9,88	8,77
11:21:00	67	9,88	8,80
11:22:00	67	9,87	8,84
11:23:00	66	9,87	8,84
11:24:00	67	9,86	8,87
11:25:00	67	9,85	8,90
11:26:00	67	9,85	8,90
11:27:00	67	9,84	8,94
11:28:00	67	9,84	8,97
11:29:00	67	9,84	8,97
11:30:00	67	9,83	9,01
11:31:00	66	9,83	9,01
11:32:00	67	9,82	9,04
11:33:00	66	9,81	9,08
11:34:00	67	9,81	9,08
11:35:00	66	9,81	9,12
11:36:00	66	9,81	9,12
11:37:00	66	9,80	9,15
11:38:00	67	9,79	9,19
11:39:00	67	9,79	9,19
11:40:00	67	9,79	9,22
11:41:00	67	9,79	9,22
11:42:00	66	9,78	9,26
11:43:00	66	9,78	9,26
11:44:00	67	9,77	9,29
11:45:00	66	9,76	9,33
11:46:00	67	9,76	9,33
11:47:00	67	9,75	9,37
11:48:00	67	9,75	9,37
11:49:00	67	9,75	9,40
11:50:00	67	9,75	9,40
11:51:00	67	9,74	9,44
11:52:00	67	9,74	9,44
11:53:00	66	9,73	9,48
11:54:00	67	9,73	9,52
11:55:00	67	9,73	9,52
11:56:00	66	9,72	9,55
11:57:00	66	9,72	9,55
11:58:00	66	9,71	9,59
11:59:00	66	9,71	9,59
12:00:00	67	9,70	9,63
12:01:00	67	9,70	9,67
12:02:00	66	9,70	9,67
12:03:00	66	9,70	9,67
12:04:00	66	9,69	9,70
12:05:00	66	9,68	9,74
12:06:00	66	9,68	9,74
12:07:00	67	9,67	9,78
12:08:00	66	9,67	9,78
12:09:00	66	9,67	9,78
12:10:00	67	9,66	9,82
12:11:00	67	9,66	9,82
12:12:00	66	9,66	9,86
12:13:00	66	9,66	9,86
12:14:00	67	9,65	9,90
12:15:00	67	9,65	9,90
12:16:00	67	9,64	9,94
12:17:00	66	9,64	9,94
12:18:00	66	9,63	9,97
12:19:00	67	9,63	9,97
12:20:00	67	9,63	10,01
12:21:00	67	9,63	10,01
12:22:00	67	9,63	10,01
12:23:00	66	9,62	10,05
12:24:00	66	9,62	10,05
12:25:00	66	9,61	10,09
12:26:00	67	9,61	10,09
12:27:00	67	9,61	10,09
12:28:00	67	9,60	10,13
12:29:00	66	9,60	10,13
12:30:00	66	9,60	10,17
12:31:00	66	9,60	10,17
12:32:00	67	9,60	10,17
12:33:00	66	9,59	10,21
12:34:00	67	9,58	10,25
12:35:00	67	9,58	10,25
12:36:00	66	9,57	10,29
12:37:00	66	9,57	10,29
12:38:00	67	9,57	10,34
12:39:00	67	9,57	10,34
12:40:00	66	9,57	10,34
12:41:00	66	9,56	10,38
12:42:00	66	9,56	10,38
12:43:00	67	9,56	10,38
12:44:00	67	9,55	10,42
12:45:00	66	9,55	10,42
12:46:00	67	9,54	10,46
12:47:00	67	9,54	10,46
12:48:00	67	9,54	10,46
12:49:00	66	9,54	10,50
12:50:00	66	9,54	10,50
12:51:00	67	9,54	10,50
12:52:00	66	9,53	10,54
12:53:00	66	9,53	10,54
12:54:00	67	9,53	10,54
12:55:00	67	9,52	10,58
12:56:00	66	9,51	10,63
12:57:00	66	9,51	10,63
12:58:00	67	9,51	10,63
12:59:00	66	9,51	10,67
13:00:00	66	9,51	10,67
13:01:00	66	9,51	10,67
13:02:00	66	9,51	10,67
13:03:00	67	9,50	10,71
13:04:00	66	9,50	10,71
13:05:00	66	9,50	10,71
13:06:00	67	9,49	10,75
13:07:00	66	9,49	10,75
13:08:00	66	9,49	10,75
13:09:00	66	9,48	10,80
13:10:00	66	9,48	10,80
13:11:00	66	9,48	10,80
13:12:00	67	9,48	10,84
13:13:00	66	9,48	10,84
13:14:00	66	9,48	10,84
13:15:00	67	9,47	10,88
13:16:00	67	9,47	10,88
13:17:00	66	9,47	10,88
13:18:00	67	9,46	10,93
13:19:00	67	9,46	10,93
13:20:00	66	9,46	10,93
13:21:00	66	9,45	10,97
13:22:00	66	9,45	10,97
13:23:00	66	9,45	10,97
13:24:00	67	9,45	11,01
13:25:00	66	9,45	11,01
13:26:00	67	9,45	11,01
13:27:00	67	9,45	11,01
13:28:00	67	9,44	11,06
13:29:00	67	9,44	11,06
13:30:00	67	9,44	11,06
13:31:00	67	9,43	11,10
13:32:00	67	9,43	11,10
13:33:00	67	9,43	11,10
13:34:00	67	9,43	11,10
13:35:00	66	9,43	11,15
13:36:00	66	9,43	11,15
13:37:00	66	9,43	11,15
13:38:00	66	9,42	11,19
13:39:00	67	9,42	11,19
13:40:00	67	9,42	11,19
13:41:00	66	9,41	11,23
13:42:00	66	9,41	11,23
13:43:00	67	9,41	11,23
13:44:00	67	9,41	11,23
13:45:00	66	9,40	11,28
13:46:00	67	9,40	11,28
13:47:00	66	9,40	11,28
13:48:00	66	9,39	11,32
13:49:00	66	9,39	11,32
13:50:00	67	9,39	11,32
13:51:00	67	9,39	11,32
13:52:00	67	9,39	11,37
13:53:00	66	9,39	11,37
13:54:00	67	9,39	11,37
13:55:00	67	9,39	11,37
13:56:00	67	9,38	11,42
13:57:00	67	9,38	11,42
13:58:00	67	9,38	11,42
13:59:00	66	9,38	11,42
14:00:00	67	9,38	11,42
14:01:00	67	9,37	11,46
14:02:00	67	9,37	11,46
14:03:00	66	9,36	11,51
14:04:00	66	9,36	11,51
14:05:00	67	9,36	11,51
14:06:00	66	9,36	11,55
14:07:00	67	9,36	11,55
14:08:00	66	9,36	11,55
14:09:00	67	9,36	11,55
14:10:00	67	9,36	11,55
14:11:00	67	9,36	11,55
14:12:00	67	9,35	11,60
14:13:00	67	9,35	11,60
14:14:00	67	9,35	11,60
14:15:00	67	9,35	11,60
14:16:00	66	9,34	11,65
14:17:00	66	9,34	11,65
14:18:00	66	9,34	11,65
14:19:00	66	9,34	11,65
14:20:00	66	9,34	11,65
14:21:00	67	9,34	11,69
14:22:00	67	9,34	11,69
14:23:00	67	9,34	11,69
14:24:00	67	9,34	11,69
14:25:00	66	9,33	11,74
14:26:00	67	9,33	11,74
14:27:00	67	9,33	11,74
14:28:00	67	9,33	11,74
14:29:00	66	9,33	11,74
14:30:00	66	9,33	11,74
14:31:00	66	9,32	11,79
14:32:00	67	9,32	11,79
14:33:00	67	9,32	11,79
14:34:00	66	9,32	11,79
14:35:00	67	9,31	11,83
14:36:00	67	9,31	11,83
14:37:00	67	9,31	11,83
14:38:00	67	9,31	11,83
14:39:00	67	9,30	11,88
14:40:00	66	9,30	11,88
14:41:00	67	9,30	11,88
14:42:00	66	9,30	11,88
14:43:00	66	9,30	11,88
14:44:00	67	9,30	11,93
14:45:00	67	9,30	11,93
14:46:00	66	9,30	11,93
14:47:00	67	9,30	11,93
14:48:00	66	9,30	11,93
14:49:00	66	9,29	11,98
14:50:00	66	9,29	11,98
14:51:00	66	9,29	11,98
14:52:00	67	9,29	11,98
14:53:00	67	9,29	11,98
14:54:00	67	9,29	11,98
14:55:00	67	9,28	12,03
14:56:00	67	9,28	12,03
14:57:00	66	9,28	12,03
14:58:00	66	9,28	12,03
14:59:00	67	9,28	12,03
15:00:00	67	9,27	12,08
15:01:00	67	9,27	12,08
15:02:00	67	9,27	12,08
15:03:00	67	9,27	12,08
15:04:00	67	9,27	12,08
15:05:00	66	9,27	12,12
15:06:00	67	9,27	12,12
15:07:00	67	9,27	12,12
15:08:00	67	9,27	12,12
15:09:00	67	9,26	12,17
15:10:00	67	9,26	12,17
15:11:00	67	9,26	12,17
15:12:00	67	9,26	12,17
15:13:00	67	9,26	12,17
15:14:00	67	9,26	12,17
15:15:00	67	9,25	12,22
15:16:00	67	9,25	12,22
15:17:00	67	9,26	12,17
15:18:00	67	9,25	12,22
15:19:00	67	9,25	12,22
15:20:00	67	9,25	12,22
15:21:00	67	9,25	12,22
15:22:00	67	9,25	12,22
15:23:00	67	9,25	12,22
15:24:00	67	9,25	12,27
15:25:00	67	9,25	12,27
15:26:00	67	9,25	12,27
15:27:00	67	9,25	12,27
15:28:00	67	9,25	12,27
15:29:00	67	9,25	12,27
15:30:00	67	9,25	12,27
15:31:00	67	9,24	12,32
15:32:00	67	9,24	12,32
15:33:00	67	9,24	12,32
15:34:00	67	9,24	12,32
15:35:00	66	9,24	12,32
15:36:00	67	9,24	12,32
15:37:00	67	9,24	12,32
15:38:00	67	9,24	12,32
15:39:00	67	9,23	12,37
15:40:00	67	9,23	12,37
15:41:00	67	9,24	12,32
15:42:00	67	9,23	12,37
15:43:00	67	9,23	12,37
15:44:00	67	9,23	12,37
15:45:00	67	9,23	12,37
15:46:00	66	9,23	12,37
15:47:00	67	9,21	12,47
15:48:00	67	9,21	12,47
15:49:00	66	9,21	12,47
15:50:00	67	9,21	12,47
15:51:00	67	9,21	12,47
15:52:00	67	9,21	12,52
15:53:00	67	9,21	12,52
15:54:00	67	9,21	12,52
15:55:00	67	9,21	12,52
15:56:00	66	9,21	12,52
15:57:00	67	9,21	12,52
15:58:00	67	9,20	12,57
15:59:00	67	9,21	12,52
16:00:00	66	9,20	12,57
16:01:00	67	9,20	12,57
16:02:00	67	9,20	12,57
16:03:00	66	9,20	12,57
16:04:00	66	9,20	12,57
16:05:00	67	9,19	12,62
16:06:00	66	9,19	12,62
16:07:00	67	9,19	12,62
16:08:00	67	9,19	12,62
16:09:00	67	9,19	12,62
16:10:00	67	9,19	12,62
16:11:00	67	9,19	12,62
16:12:00	66	9,18	12,67
16:13:00	66	9,18	12,67
16:14:00	66	9,18	12,67
16:15:00	66	9,18	12,67
16:16:00	66	9,18	12,67
16:17:00	67	9,18	12,67
16:18:00	67	9,18	12,67
16:19:00	66	9,18	12,67
16:20:00	66	9,18	12,67
16:21:00	66	9,18	12,73
16:22:00	67	9,18	12,73
16:23:00	66	9,18	12,73
16:24:00	67	9,18	12,73
16:25:00	67	9,18	12,73
16:26:00	67	9,18	12,73
16:27:00	67	9,18	12,73
16:28:00	66	9,17	12,78
16:29:00	66	9,17	12,78
16:30:00	67	9,17	12,78
16:31:00	66	9,17	12,78
16:32:00	67	9,17	12,78
16:33:00	67	9,17	12,78
16:34:00	66	9,17	12,78
16:35:00	66	9,16	12,83
16:36:00	67	9,17	12,78
16:37:00	67	9,17	12,78
16:38:00	66	9,16	12,83
16:39:00	66	9,16	12,83
16:40:00	66	9,16	12,83
16:41:00	67	9,16	12,83
16:42:00	66	9,16	12,83
16:43:00	67	9,16	12,83
16:44:00	66	9,16	12,83
16:45:00	67	9,15	12,88
16:46:00	67	9,15	12,88
16:47:00	67	9,15	12,88
16:48:00	67	9,15	12,88
16:49:00	66	9,15	12,88
16:50:00	66	9,15	12,88
16:51:00	67	9,15	12,93
16:52:00	67	9,15	12,93
16:53:00	67	9,15	12,93
16:54:00	67	9,15	12,93
16:55:00	67	9,15	12,93
16:56:00	67	9,15	12,93
16:57:00	67	9,15	12,93
16:58:00	66	9,15	12,93
16:59:00	67	9,15	12,93
17:00:00	67	9,14	12,99
17:01:00	67	9,14	12,99
17:02:00	67	9,14	12,99
17:03:00	66	9,14	12,99
17:04:00	67	9,14	12,99
17:05:00	66	9,14	12,99
17:06:00	67	9,14	12,99
17:07:00	67	9,13	13,04
17:08:00	67	9,13	13,04
17:09:00	67	9,13	13,04
17:10:00	67	9,13	13,04
17:11:00	67	9,13	13,04
17:12:00	67	9,13	13,04
17:13:00	67	9,13	13,04
17:14:00	67	9,13	13,04
17:15:00	66	9,13	13,04
17:16:00	67	9,13	13,09
17:17:00	66	9,13	13,09
17:18:00	67	9,13	13,09
17:19:00	66	9,13	13,09
17:20:00	66	9,13	13,09
17:21:00	67	9,13	13,09
17:22:00	66	9,13	13,09
17:23:00	67	9,13	13,09
17:24:00	66	9,13	13,09
17:25:00	67	9,13	13,09
17:26:00	66	9,13	13,09
17:27:00	67	9,12	13,15
17:28:00	67	9,12	13,15
17:29:00	66	9,12	13,15
17:30:00	66	9,12	13,15
17:31:00	67	9,12	13,15
17:32:00	66	9,12	13,15
17:33:00	67	9,11	13,20
17:34:00	67	9,11	13,20
17:35:00	67	9,11	13,20
17:36:00	67	9,11	13,20
17:37:00	67	9,11	13,20
17:38:00	67	9,11	13,20
17:39:00	67	9,11	13,20
17:40:00	67	9,11	13,20
17:41:00	66	9,10	13,25
17:42:00	67	9,10	13,25
17:43:00	66	9,11	13,20
17:44:00	66	9,10	13,25
17:45:00	66	9,10	13,25
17:46:00	66	9,10	13,25
17:47:00	67	9,10	13,25
17:48:00	67	9,10	13,25
17:49:00	67	9,10	13,25
17:50:00	67	9,10	13,25
17:51:00	67	9,10	13,25
17:52:00	67	9,10	13,25
17:53:00	67	9,09	13,31
17:54:00	67	9,09	13,31
17:55:00	66	9,09	13,31
17:56:00	66	9,09	13,31
17:57:00	67	9,09	13,31
17:58:00	67	9,09	13,31
17:59:00	67	9,09	13,31
18:00:00	67	9,09	13,31
18:01:00	66	9,09	13,31
18:02:00	66	9,09	13,31
18:03:00	67	9,09	13,31
18:04:00	67	9,09	13,31
18:05:00	67	9,09	13,31
18:06:00	67	9,09	13,36
18:07:00	67	9,09	13,36
18:08:00	67	9,09	13,36
18:09:00	67	9,09	13,36
18:10:00	67	9,09	13,36
18:11:00	67	9,09	13,36
18:12:00	67	9,09	13,36
18:13:00	67	9,09	13,36
18:14:00	66	9,09	13,36
18:15:00	67	9,08	13,42
18:16:00	67	9,08	13,42
18:17:00	67	9,08	13,42
18:18:00	67	9,08	13,42
18:19:00	66	9,08	13,42
18:20:00	66	9,08	13,42
18:21:00	67	9,08	13,42
18:22:00	67	9,08	13,42
18:23:00	67	9,08	13,42
18:24:00	67	9,08	13,42
18:25:00	67	9,08	13,42
18:26:00	67	9,08	13,42
18:27:00	67	9,07	13,47
18:28:00	66	9,07	13,47
18:29:00	67	9,07	13,47
18:30:00	67	9,07	13,47
18:31:00	66	9,07	13,47
18:32:00	67	9,07	13,47
18:33:00	67	9,07	13,47
18:34:00	66	9,07	13,47
18:35:00	67	9,07	13,47
18:36:00	66	9,07	13,47
18:37:00	67	9,06	13,53
18:38:00	66	9,06	13,53
18:39:00	66	9,06	13,53
18:40:00	67	9,06	13,53
18:41:00	67	9,06	13,53
18:42:00	66	9,06	13,53
18:43:00	67	9,06	13,53
18:44:00	67	9,06	13,53
18:45:00	66	9,06	13,53
18:46:00	67	9,06	13,53
18:47:00	67	9,06	13,53
18:48:00	66	9,06	13,53
18:49:00	67	9,06	13,58
18:50:00	66	9,06	13,58
18:51:00	66	9,06	13,53
18:52:00	67	9,06	13,58
18:53:00	67	9,06	13,58
18:54:00	67	9,06	13,58
18:55:00	67	9,06	13,58
18:56:00	67	9,06	13,58
18:57:00	67	9,06	13,58
18:58:00	67	9,06	13,58
18:59:00	67	9,06	13,58
19:00:00	66	9,06	13,58
19:01:00	67	9,05	13,64
19:02:00	66	9,05	13,64
19:03:00	66	9,05	13,64
19:04:00	67	9,05	13,64
19:05:00	67	9,05	13,64
19:06:00	67	9,05	13,64
19:07:00	66	9,05	13,64
19:08:00	67	9,04	13,69
19:09:00	67	9,05	13,64
19:10:00	66	9,05	13,64
19:11:00	67	9,04	13,69
19:12:00	66	9,04	13,69
19:13:00	67	9,04	13,69
19:14:00	67	9,04	13,69
19:15:00	67	9,04	13,69
19:16:00	67	9,04	13,69
19:17:00	66	9,04	13,69
19:18:00	67	9,04	13,69
19:19:00	67	9,04	13,69
19:20:00	67	9,04	13,69
19:21:00	67	9,04	13,69
19:22:00	67	9,04	13,69
19:23:00	66	9,04	13,69
19:24:00	66	9,04	13,75
19:25:00	67	9,04	13,69
19:26:00	66	9,04	13,75
19:27:00	67	9,04	13,75
19:28:00	67	9,04	13,75
19:29:00	67	9,04	13,75
19:30:00	67	9,04	13,75
19:31:00	67	9,04	13,75
19:32:00	67	9,04	13,75
19:33:00	67	9,04	13,75
19:34:00	66	9,04	13,75
19:35:00	67	9,04	13,75
19:36:00	67	9,04	13,75
19:37:00	67	9,03	13,81
19:38:00	67	9,04	13,75
19:39:00	66	9,03	13,81
19:40:00	67	9,03	13,81
19:41:00	67	9,03	13,81
19:42:00	67	9,03	13,81
19:43:00	67	9,03	13,81
19:44:00	66	9,03	13,81
19:45:00	67	9,03	13,81
19:46:00	67	9,03	13,81
19:47:00	67	9,03	13,81
19:48:00	67	9,02	13,86
19:49:00	67	9,02	13,86
19:50:00	66	9,02	13,86
19:51:00	67	9,02	13,86
19:52:00	66	9,02	13,86
19:53:00	67	9,02	13,86
19:54:00	67	9,02	13,86
19:55:00	67	9,02	13,86
19:56:00	67	9,02	13,86
19:57:00	67	9,02	13,86
19:58:00	67	9,02	13,86
19:59:00	67	9,02	13,86
20:00:00	67	9,02	13,86
20:01:00	66	9,02	13,86
20:02:00	67	9,01	13,92
20:03:00	66	9,01	13,92
20:04:00	67	9,01	13,92
20:05:00	66	9,01	13,92
20:06:00	67	9,01	13,92
20:07:00	67	9,01	13,92
20:08:00	67	9,01	13,92
20:09:00	67	9,01	13,92
20:10:00	67	9,01	13,92
20:11:00	66	9,01	13,92
20:12:00	66	9,01	13,92
20:13:00	67	9,01	13,92
20:14:00	67	9,01	13,92
20:15:00	67	9,01	13,92
20:16:00	66	9,01	13,92
20:17:00	67	9,01	13,92
20:18:00	66	9,01	13,92
20:19:00	67	9,00	13,98
20:20:00	67	9,00	13,98
20:21:00	67	9,00	13,98
20:22:00	67	9,00	13,98
20:23:00	67	9,00	13,98
20:24:00	67	9,00	13,98
20:25:00	67	9,00	13,98
20:26:00	67	9,00	13,98
20:27:00	67	9,00	13,98
20:28:00	67	9,00	13,98
20:29:00	66	9,00	13,98
20:30:00	67	9,00	14,04
20:31:00	67	9,00	14,04
20:32:00	67	9,00	14,04
20:33:00	66	9,00	14,04
20:34:00	67	9,00	14,04
20:35:00	67	9,00	14,04
20:36:00	67	9,00	14,04
20:37:00	67	9,00	14,04
20:38:00	66	9,00	14,04
20:39:00	66	9,00	14,04
20:40:00	66	9,00	14,04
20:41:00	66	9,00	14,04
20:42:00	67	9,00	14,04
20:43:00	67	9,00	14,04
20:44:00	67	9,00	14,04
20:45:00	67	9,00	14,04
20:46:00	67	8,99	14,09
20:47:00	67	8,99	14,09
20:48:00	67	8,99	14,09
20:49:00	67	8,99	14,09
20:50:00	67	8,99	14,09
20:51:00	66	8,99	14,09
20:52:00	67	8,99	14,09
20:53:00	67	8,99	14,09
20:54:00	67	8,99	14,09
20:55:00	67	8,99	14,09
20:56:00	67	8,99	14,09
20:57:00	67	8,98	14,15
20:58:00	67	8,98	14,15
20:59:00	66	8,98	14,15
21:00:00	67	8,98	14,15
21:01:00	66	8,98	14,15
21:02:00	67	8,98	14,15
21:03:00	67	8,98	14,15
21:04:00	66	8,98	14,15
21:05:00	67	8,98	14,15
21:06:00	67	8,98	14,15
21:07:00	67	8,98	14,15
21:08:00	66	8,97	14,21
21:09:00	67	8,98	14,15
21:10:00	67	8,98	14,15
21:11:00	66	8,98	14,15
21:12:00	67	8,98	14,15
21:13:00	67	8,98	14,15
21:14:00	67	8,98	14,15
21:15:00	67	8,97	14,21
21:16:00	67	8,97	14,21
21:17:00	67	8,97	14,21
21:18:00	67	8,97	14,21
21:19:00	66	8,97	14,21
21:20:00	67	8,97	14,21
21:21:00	67	8,97	14,21
21:22:00	67	8,97	14,21
21:23:00	67	8,97	14,21
21:24:00	66	8,97	14,21
21:25:00	67	8,97	14,27
21:26:00	66	8,97	14,27
21:27:00	67	8,97	14,21
21:28:00	67	8,97	14,27
21:29:00	66	8,97	14,27
21:30:00	67	8,97	14,27
21:31:00	66	8,97	14,27
21:32:00	67	8,97	14,27
21:33:00	67	8,97	14,27
21:34:00	67	8,97	14,27
21:35:00	66	8,97	14,21
21:36:00	67	8,97	14,27
21:37:00	67	8,97	14,27
21:38:00	67	8,97	14,27
21:39:00	67	8,96	14,33
21:40:00	66	8,97	14,27
21:41:00	66	8,96	14,33
21:42:00	67	8,96	14,33
21:43:00	67	8,97	14,27
21:44:00	66	8,97	14,27
21:45:00	67	8,97	14,27
21:46:00	67	8,97	14,27
21:47:00	67	8,97	14,27
21:48:00	67	8,97	14,27
21:49:00	67	8,96	14,33
21:50:00	67	8,96	14,33
21:51:00	67	8,96	14,33
21:52:00	67	8,96	14,33
21:53:00	67	8,96	14,33
21:54:00	67	8,96	14,33
21:55:00	67	8,96	14,33
21:56:00	67	8,96	14,33
21:57:00	67	8,95	14,39
21:58:00	67	8,96	14,33
21:59:00	67	8,96	14,33
22:00:00	67	8,96	14,33
22:01:00	67	8,95	14,39
22:02:00	67	8,96	14,33
22:03:00	66	8,96	14,33
22:04:00	67	8,96	14,33
22:05:00	67	8,95	14,39
22:06:00	66	8,95	14,39
22:07:00	67	8,95	14,39
22:08:00	67	8,95	14,39
22:09:00	67	8,95	14,39
22:10:00	66	8,95	14,39
22:11:00	66	8,95	14,39
22:12:00	67	8,95	14,39
22:13:00	67	8,95	14,39
22:14:00	67	8,95	14,39
22:15:00	67	8,95	14,39
22:16:00	67	8,95	14,39
22:17:00	67	8,95	14,45
22:18:00	67	8,95	14,39
22:19:00	67	8,95	14,39
22:20:00	67	8,95	14,39
22:21:00	67	8,95	14,39
22:22:00	67	8,95	14,45
22:23:00	67	8,95	14,39
22:24:00	67	8,95	14,45
22:25:00	67	8,95	14,45
22:26:00	66	8,95	14,45
22:27:00	67	8,95	14,45
22:28:00	67	8,95	14,45
22:29:00	67	8,95	14,45
22:30:00	66	8,95	14,45
22:31:00	67	8,95	14,45
22:32:00	67	8,95	14,45
22:33:00	67	8,95	14,45
22:34:00	67	8,95	14,45
22:35:00	67	8,95	14,45
22:36:00	67	8,95	14,45
22:37:00	67	8,94	14,51
22:38:00	67	8,95	14,45
22:39:00	66	8,94	14,51
22:40:00	67	8,94	14,51
22:41:00	67	8,94	14,51
22:42:00	66	8,94	14,51
22:43:00	67	8,94	14,51
22:44:00	67	8,94	14,51
22:45:00	67	8,94	14,51
22:46:00	66	8,94	14,51
22:47:00	67	8,94	14,51
22:48:00	67	8,94	14,51
22:49:00	67	8,94	14,51
22:50:00	66	8,94	14,51
22:51:00	67	8,94	14,51
22:52:00	66	8,94	14,51
22:53:00	67	8,94	14,51
22:54:00	67	8,94	14,51
22:55:00	67	8,94	14,51
22:56:00	67	8,94	14,51
22:57:00	66	8,94	14,51
22:58:00	67	8,93	14,57
22:59:00	66	8,94	14,51
23:00:00	66	8,93	14,57
23:01:00	67	8,93	14,57
23:02:00	67	8,93	14,57
23:03:00	66	8,93	14,57
23:04:00	67	8,93	14,57
23:05:00	67	8,93	14,57
23:06:00	67	8,93	14,57
23:07:00	67	8,93	14,57
23:08:00	67	8,93	14,57
23:09:00	67	8,93	14,57
23:10:00	67	8,93	14,57
23:11:00	67	8,93	14,57
23:12:00	66	8,93	14,57
23:13:00	67	8,93	14,57
23:14:00	67	8,93	14,57
23:15:00	66	8,92	14,63
23:16:00	66	8,92	14,63
23:17:00	67	8,92	14,63
23:18:00	67	8,92	14,63
23:19:00	67	8,92	14,63
23:20:00	67	8,92	14,63
23:21:00	66	8,92	14,63
23:22:00	67	8,92	14,63
23:23:00	67	8,92	14,63
23:24:00	67	8,92	14,63
23:25:00	66	8,92	14,63
23:26:00	67	8,92	14,63
23:27:00	67	8,92	14,63
23:28:00	67	8,92	14,63
23:29:00	67	8,92	14,63
23:30:00	67	8,92	14,63
23:31:00	67	8,92	14,63
23:32:00	67	8,92	14,63
23:33:00	67	8,92	14,63
23:34:00	67	8,92	14,63
23:35:00	67	8,91	14,69
23:36:00	67	8,91	14,69
23:37:00	67	8,91	14,69
23:38:00	67	8,91	14,69
23:39:00	67	8,91	14,69
23:40:00	67	8,92	14,63
23:41:00	67	8,91	14,69
23:42:00	67	8,91	14,69
23:43:00	67	8,91	14,69
23:44:00	67	8,91	14,69
23:45:00	67	8,91	14,69
23:46:00	67	8,91	14,69
23:47:00	67	8,91	14,69
23:48:00	67	8,91	14,69
23:49:00	67	8,91	14,69
23:50:00	66	8,91	14,69
23:51:00	67	8,91	14,75
23:52:00	67	8,91	14,69
23:53:00	67	8,91	14,69
23:54:00	67	8,91	14,69
23:55:00	67	8,91	14,69
23:56:00	67	8,91	14,69
23:57:00	67	8,91	14,69
23:58:00	67	8,91	14,69
23:59:00	67	8,91	14,75
24:00:00	67	8,91	14,75
24:01:00	66	8,91	14,75
24:02:00	67	8,91	14,75
24:03:00	66	8,91	14,75
24:04:00	67	8,91	14,75
24:05:00	66	8,91	14,75
24:06:00	67	8,91	14,75
24:07:00	67	8,91	14,75
24:08:00	66	8,91	14,75
24:09:00	67	8,91	14,75
24:10:00	67	8,91	14,75
24:11:00	67	8,91	14,75
24:12:00	67	8,91	14,75
24:13:00	66	8,91	14,75
24:14:00	67	8,91	14,75
24:15:00	67	8,90	14,81
24:16:00	67	8,91	14,75
24:17:00	67	8,91	14,75
24:18:00	66	8,91	14,75
24:19:00	67	8,91	14,75
24:20:00	67	8,90	14,81
24:21:00	67	8,90	14,81
24:22:00	67	8,90	14,81
24:23:00	67	8,90	14,81
24:24:00	67	8,90	14,81
24:25:00	67	8,90	14,81
24:26:00	67	8,90	14,81
24:27:00	67	8,90	14,81
24:28:00	67	8,90	14,81
24:29:00	66	8,90	14,81
24:30:00	66	8,90	14,81
24:31:00	67	8,90	14,81
24:32:00	67	8,90	14,81
24:33:00	66	8,90	14,81
24:34:00	66	8,90	14,81
24:35:00	67	8,90	14,81
24:36:00	67	8,90	14,81
24:37:00	67	8,90	14,81
24:38:00	67	8,90	14,81
24:39:00	67	8,89	14,87
24:40:00	67	8,89	14,87
24:41:00	66	8,89	14,87
24:42:00	67	8,89	14,87
24:43:00	66	8,89	14,87
24:44:00	66	8,89	14,87
24:45:00	67	8,89	14,87
24:46:00	67	8,89	14,87
24:47:00	67	8,89	14,87
24:48:00	66	8,88	14,93
24:49:00	67	8,89	14,87
24:50:00	66	8,89	14,87
24:51:00	66	8,89	14,87
24:52:00	67	8,89	14,87
24:53:00	67	8,89	14,87
24:54:00	67	8,88	14,93
24:55:00	66	8,89	14,87
24:56:00	67	8,89	14,87
24:57:00	67	8,89	14,87
24:58:00	67	8,89	14,87
24:59:00	67	8,88	14,93
25:00:00	66	8,89	14,87
25:01:00	67	8,88	14,93
25:02:00	67	8,88	14,93
25:03:00	66	8,88	14,93
25:04:00	66	8,88	14,93
25:05:00	67	8,88	14,93
25:06:00	67	8,88	14,93
25:07:00	67	8,88	14,93
25:08:00	67	8,88	14,93
25:09:00	66	8,88	14,93
25:10:00	67	8,88	14,93
25:11:00	67	8,88	14,93
25:12:00	66	8,88	14,93
25:13:00	67	8,88	14,93
25:14:00	67	8,88	14,93
25:15:00	67	8,88	14,99
25:16:00	67	8,88	14,99
25:17:00	66	8,88	14,93
25:18:00	67	8,88	14,93
25:19:00	67	8,88	14,93
25:20:00	67	8,88	14,93
25:21:00	67	8,88	14,99
25:22:00	66	8,88	14,99
25:23:00	66	8,88	14,99
25:24:00	67	8,88	14,99
25:25:00	67	8,88	14,99
25:26:00	67	8,88	14,99
25:27:00	67	8,88	14,99
25:28:00	66	8,88	14,99
25:29:00	67	8,88	14,99
25:30:00	67	8,88	14,99
25:31:00	67	8,88	14,99
25:32:00	67	8,88	14,99
25:33:00	67	8,88	14,99
25:34:00	67	8,88	14,99
25:35:00	67	8,87	15,06
25:36:00	67	8,88	14,99
25:37:00	67	8,88	14,99
25:38:00	66	8,88	14,99
25:39:00	67	8,87	15,06
25:40:00	67	8,88	14,99
25:41:00	66	8,87	15,06
25:42:00	67	8,87	15,06
25:43:00	66	8,87	15,06
25:44:00	67	8,87	15,06
25:45:00	67	8,87	15,06
25:46:00	66	8,87	15,06
25:47:00	67	8,87	15,06
25:48:00	67	8,87	15,06
25:49:00	67	8,87	15,06
25:50:00	66	8,87	15,06
25:51:00	67	8,87	15,06
25:52:00	67	8,87	15,06
25:53:00	67	8,87	15,06
25:54:00	66	8,87	15,06
25:55:00	67	8,87	15,06
25:56:00	66	8,87	15,06
25:57:00	67	8,87	15,06
25:58:00	67	8,87	15,06
25:59:00	67	8,87	15,06
26:00:00	67	8,87	15,06
26:01:00	67	8,87	15,06
26:02:00	67	8,86	15,12
26:03:00	67	8,86	15,12
26:04:00	67	8,87	15,06
26:05:00	67	8,86	15,12
26:06:00	67	8,86	15,12
26:07:00	66	8,86	15,12
26:08:00	67	8,86	15,12
26:09:00	67	8,87	15,06
26:10:00	67	8,87	15,06
26:11:00	66	8,87	15,06
26:12:00	67	8,86	15,12
26:13:00	66	8,86	15,12
26:14:00	67	8,86	15,12
26:15:00	67	8,86	15,12
26:16:00	67	8,86	15,12
26:17:00	67	8,86	15,18
26:18:00	66	8,86	15,12
26:19:00	67	8,86	15,18
26:20:00	67	8,86	15,18
26:21:00	67	8,86	15,12
26:22:00	66	8,86	15,18
26:23:00	67	8,86	15,12
26:24:00	67	8,86	15,18
26:25:00	66	8,86	15,18
26:26:00	67	8,86	15,12
26:27:00	67	8,86	15,18
26:28:00	67	8,86	15,12
26:29:00	67	8,86	15,18
26:30:00	66	8,86	15,18
26:31:00	67	8,86	15,18
26:32:00	67	8,86	15,18
26:33:00	67	8,86	15,18
26:34:00	67	8,86	15,18
26:35:00	67	8,86	15,18
26:36:00	67	8,86	15,18
26:37:00	66	8,86	15,18
26:38:00	66	8,86	15,18
26:39:00	67	8,86	15,18
26:40:00	67	8,86	15,18
26:41:00	66	8,86	15,18
26:42:00	67	8,86	15,18
26:43:00	67	8,86	15,18
26:44:00	67	8,86	15,18
26:45:00	67	8,86	15,18
26:46:00	66	8,86	15,18
26:47:00	66	8,86	15,18
26:48:00	67	8,86	15,18
26:49:00	67	8,86	15,18
26:50:00	67	8,86	15,18
26:51:00	67	8,85	15,25
26:52:00	66	8,85	15,25
26:53:00	67	8,86	15,18
26:54:00	67	8,86	15,18
26:55:00	67	8,85	15,25
26:56:00	67	8,85	15,25
26:57:00	66	8,85	15,25
26:58:00	67	8,85	15,25
26:59:00	66	8,85	15,25
27:00:00	67	8,85	15,25
27:01:00	67	8,85	15,25
27:02:00	67	8,85	15,25
27:03:00	67	8,85	15,25
27:04:00	66	8,84	15,31
27:05:00	67	8,85	15,25
27:06:00	67	8,85	15,25
27:07:00	66	8,85	15,25
27:08:00	67	8,85	15,25
27:09:00	67	8,85	15,25
27:10:00	67	8,85	15,25
27:11:00	66	8,85	15,25
27:12:00	66	8,85	15,25
27:13:00	67	8,84	15,31
27:14:00	67	8,85	15,25
27:15:00	67	8,85	15,25
27:16:00	66	8,84	15,31
27:17:00	66	8,84	15,31
27:18:00	67	8,85	15,25
27:19:00	67	8,85	15,25
27:20:00	67	8,84	15,31
27:21:00	67	8,84	15,31
27:22:00	66	8,85	15,25
27:23:00	66	8,84	15,31
27:24:00	67	8,84	15,31
27:25:00	67	8,85	15,25
27:26:00	67	8,84	15,31
27:27:00	66	8,84	15,31
27:28:00	67	8,84	15,31
27:29:00	67	8,84	15,31
27:30:00	66	8,84	15,31
27:31:00	67	8,84	15,31
27:32:00	66	8,84	15,31
27:33:00	67	8,84	15,31
27:34:00	67	8,84	15,31
27:35:00	67	8,84	15,31
27:36:00	67	8,84	15,31
27:37:00	67	8,84	15,31
27:38:00	66	8,84	15,31
27:39:00	67	8,84	15,31
27:40:00	67	8,84	15,31
27:41:00	67	8,84	15,31
27:42:00	67	8,84	15,31
27:43:00	67	8,84	15,31
27:44:00	67	8,84	15,31
27:45:00	66	8,84	15,31
27:46:00	67	8,84	15,31
27:47:00	67	8,84	15,31
27:48:00	67	8,84	15,31
27:49:00	67	8,84	15,31
27:50:00	67	8,84	15,31
27:51:00	67	8,83	15,37
27:52:00	66	8,84	15,31
27:53:00	66	8,84	15,31
27:54:00	67	8,83	15,37
27:55:00	67	8,84	15,31
27:56:00	67	8,83	15,37
27:57:00	67	8,83	15,37
27:58:00	66	8,83	15,37
27:59:00	67	8,83	15,37
28:00:00	66	8,83	15,37
28:01:00	67	8,83	15,37
28:02:00	66	8,83	15,37
28:03:00	67	8,83	15,37
28:04:00	67	8,83	15,37
28:05:00	67	8,84	15,31
28:06:00	67	8,83	15,37
28:07:00	67	8,83	15,37
28:08:00	66	8,83	15,37
28:09:00	67	8,83	15,37
28:10:00	67	8,83	15,37
28:11:00	67	8,83	15,37
28:12:00	67	8,83	15,37
28:13:00	67	8,82	15,44
28:14:00	67	8,82	15,44
28:15:00	67	8,83	15,37
28:16:00	67	8,83	15,37
28:17:00	66	8,83	15,37
28:18:00	67	8,83	15,37
28:19:00	67	8,82	15,44
28:20:00	67	8,83	15,37
28:21:00	67	8,83	15,37
28:22:00	67	8,83	15,37
28:23:00	67	8,83	15,37
28:24:00	67	8,83	15,37
28:25:00	67	8,83	15,37
28:26:00	67	8,82	15,44
28:27:00	67	8,83	15,37
28:28:00	67	8,83	15,37
28:29:00	67	8,82	15,44
28:30:00	66	8,82	15,44
28:31:00	67	8,82	15,44
28:32:00	67	8,82	15,44
28:33:00	67	8,82	15,44
28:34:00	67	8,82	15,44
28:35:00	67	8,82	15,44
28:36:00	67	8,82	15,44
28:37:00	66	8,82	15,44
28:38:00	67	8,82	15,44
28:39:00	67	8,82	15,44
28:40:00	67	8,82	15,44
28:41:00	67	8,82	15,44
28:42:00	66	8,82	15,44
28:43:00	67	8,82	15,44
28:44:00	67	8,82	15,44
28:45:00	67	8,82	15,44
28:46:00	66	8,82	15,44
28:47:00	67	8,82	15,44
28:48:00	67	8,82	15,44
28:49:00	67	8,82	15,44
28:50:00	67	8,82	15,44
28:51:00	67	8,82	15,44
28:52:00	67	8,82	15,44
28:53:00	67	8,82	15,44
28:54:00	67	8,82	15,44
28:55:00	67	8,82	15,44
28:56:00	67	8,82	15,44
28:57:00	67	8,82	15,44
28:58:00	67	8,82	15,50
28:59:00	67	8,82	15,50
29:00:00	67	8,82	15,50
29:01:00	67	8,82	15,50
29:02:00	67	8,82	15,44
29:03:00	67	8,82	15,50
29:04:00	67	8,82	15,50
29:05:00	67	8,82	15,50
29:06:00	67	8,82	15,50
29:07:00	67	8,82	15,44
29:08:00	67	8,82	15,50
29:09:00	67	8,82	15,50
29:10:00	67	8,82	15,50
29:11:00	67	8,82	15,50
29:12:00	66	8,82	15,50
29:13:00	67	8,82	15,50
29:14:00	67	8,82	15,44
29:15:00	67	8,82	15,50
29:16:00	67	8,82	15,50
29:17:00	67	8,82	15,50
29:18:00	67	8,82	15,50
29:19:00	67	8,82	15,50
29:20:00	67	8,82	15,50
29:21:00	67	8,82	15,50
29:22:00	66	8,82	15,50
29:23:00	66	8,82	15,50
29:24:00	67	8,82	15,50
29:25:00	66	8,82	15,50
29:26:00	67	8,82	15,50
29:27:00	67	8,82	15,50
29:28:00	66	8,81	15,57
29:29:00	67	8,81	15,57
29:30:00	67	8,81	15,57
29:31:00	67	8,81	15,57
29:32:00	67	8,81	15,57
29:33:00	67	8,82	15,50
29:34:00	67	8,82	15,50
29:35:00	67	8,82	15,50
29:36:00	67	8,81	15,57
29:37:00	67	8,81	15,57
29:38:00	67	8,81	15,57
29:39:00	67	8,81	15,57
29:40:00	67	8,81	15,57
29:41:00	67	8,81	15,57
29:42:00	67	8,81	15,57
29:43:00	67	8,81	15,57
29:44:00	67	8,81	15,57
29:45:00	67	8,81	15,57
29:46:00	67	8,81	15,57
29:47:00	67	8,81	15,57
29:48:00	66	8,81	15,57
29:49:00	67	8,81	15,57
29:50:00	67	8,81	15,57
29:51:00	67	8,81	15,57
29:52:00	67	8,81	15,57
29:53:00	66	8,81	15,57
29:54:00	67	8,81	15,57
29:55:00	67	8,81	15,57
29:56:00	67	8,81	15,57
29:57:00	67	8,80	15,63
29:58:00	67	8,81	15,57
29:59:00	67	8,81	15,57
30:00:00	67	8,81	15,57
30:01:00	67	8,80	15,63
30:02:00	67	8,80	15,63
30:03:00	66	8,80	15,63
30:04:00	67	8,79	15,70
30:05:00	67	8,80	15,63
30:06:00	67	8,80	15,63
30:07:00	67	8,80	15,63
30:08:00	67	8,80	15,63
30:09:00	67	8,80	15,63
30:10:00	67	8,80	15,63
30:11:00	67	8,80	15,63
30:12:00	67	8,79	15,70
30:13:00	67	8,80	15,63
30:14:00	67	8,80	15,63
30:15:00	66	8,80	15,63
30:16:00	67	8,79	15,70
30:17:00	67	8,80	15,63
30:18:00	67	8,80	15,63
30:19:00	67	8,80	15,63
30:20:00	67	8,79	15,70
30:21:00	67	8,80	15,63
30:22:00	66	8,79	15,70
30:23:00	67	8,80	15,63
30:24:00	67	8,79	15,70
30:25:00	67	8,80	15,63
30:26:00	67	8,80	15,63
30:27:00	67	8,79	15,70
30:28:00	67	8,80	15,63
30:29:00	67	8,79	15,70
30:30:00	67	8,80	15,63
30:31:00	67	8,79	15,70
30:32:00	67	8,79	15,70
30:33:00	67	8,79	15,70
30:34:00	67	8,79	15,70
30:35:00	66	8,79	15,70
30:36:00	67	8,79	15,70
30:37:00	66	8,79	15,70
30:38:00	67	8,79	15,70
30:39:00	67	8,79	15,70
30:40:00	67	8,79	15,70
30:41:00	67	8,79	15,70
30:42:00	66	8,79	15,70
30:43:00	67	8,79	15,70
30:44:00	66	8,79	15,70
30:45:00	67	8,79	15,76
30:46:00	67	8,79	15,70
30:47:00	67	8,79	15,70
30:48:00	67	8,79	15,76
30:49:00	67	8,79	15,76
30:50:00	67	8,79	15,76
30:51:00	66	8,79	15,76
30:52:00	67	8,79	15,76
30:53:00	66	8,79	15,76
30:54:00	67	8,79	15,76
30:55:00	67	8,79	15,76
30:56:00	67	8,79	15,76
30:57:00	67	8,79	15,76
30:58:00	67	8,79	15,76
30:59:00	67	8,79	15,76
31:00:00	67	8,79	15,76
31:01:00	67	8,79	15,76
31:02:00	67	8,79	15,76
31:03:00	67	8,79	15,76
31:04:00	67	8,79	15,76
31:05:00	67	8,79	15,76
31:06:00	67	8,79	15,76
31:07:00	67	8,79	15,76
31:08:00	67	8,79	15,76
31:09:00	66	8,79	15,76
31:10:00	67	8,79	15,76
31:11:00	67	8,79	15,76
31:12:00	67	8,79	15,76
31:13:00	67	8,78	15,83
31:14:00	67	8,78	15,83
31:15:00	67	8,79	15,76
31:16:00	67	8,79	15,76
31:17:00	67	8,79	15,76
31:18:00	67	8,78	15,83
31:19:00	67	8,78	15,83
31:20:00	67	8,78	15,83
31:21:00	66	8,78	15,83
31:22:00	67	8,78	15,83
31:23:00	67	8,78	15,83
31:24:00	67	8,78	15,83
31:25:00	67	8,78	15,83
31:26:00	67	8,78	15,83
31:27:00	67	8,78	15,83
31:28:00	67	8,78	15,83
31:29:00	67	8,78	15,83
31:30:00	67	8,78	15,83
31:31:00	67	8,78	15,83
31:32:00	67	8,78	15,83
31:33:00	66	8,78	15,83
31:34:00	67	8,78	15,83
31:35:00	67	8,78	15,83
31:36:00	66	8,78	15,83
31:37:00	67	8,78	15,83
31:38:00	67	8,78	15,83
31:39:00	67	8,77	15,89
31:40:00	67	8,78	15,83
31:41:00	67	8,78	15,83
31:42:00	67	8,78	15,83
31:43:00	67	8,78	15,83
31:44:00	67	8,77	15,89
31:45:00	67	8,77	15,89
31:46:00	67	8,78	15,83
31:47:00	67	8,77	15,89
31:48:00	67	8,77	15,89
31:49:00	67	8,77	15,89
31:50:00	67	8,78	15,83
31:51:00	67	8,77	15,89
31:52:00	67	8,78	15,83
31:53:00	67	8,77	15,89
31:54:00	67	8,77	15,89
31:55:00	67	8,77	15,89
31:56:00	67	8,77	15,89
31:57:00	67	8,77	15,89
31:58:00	67	8,77	15,89
31:59:00	67	8,77	15,89
32:00:00	66	8,77	15,89
32:01:00	67	8,77	15,89
32:02:00	67	8,77	15,89
32:03:00	66	8,77	15,89
32:04:00	67	8,77	15,89
32:05:00	66	8,77	15,89
32:06:00	66	8,77	15,89
32:07:00	67	8,77	15,89
32:08:00	67	8,77	15,89
32:09:00	67	8,77	15,96
32:10:00	67	8,77	15,96
32:11:00	67	8,77	15,96
32:12:00	67	8,77	15,96
32:13:00	67	8,77	15,96
32:14:00	66	8,77	15,96
32:15:00	67	8,77	15,89
32:16:00	67	8,77	15,89
32:17:00	67	8,77	15,96
32:18:00	67	8,77	15,96
32:19:00	67	8,77	15,89
32:20:00	67	8,77	15,96
32:21:00	67	8,77	15,89
32:22:00	67	8,77	15,96
32:23:00	67	8,77	15,96
32:24:00	67	8,77	15,96
32:25:00	67	8,77	15,96
32:26:00	66	8,77	15,96
32:27:00	67	8,77	15,96
32:28:00	66	8,77	15,96
32:29:00	67	8,77	15,96
32:30:00	67	8,77	15,96
32:31:00	67	8,77	15,96
32:32:00	67	8,77	15,96
32:33:00	67	8,77	15,96
32:34:00	67	8,77	15,96
32:35:00	67	8,77	15,96
32:36:00	67	8,77	15,96
32:37:00	67	8,77	15,96
32:38:00	67	8,77	15,96
32:39:00	67	8,77	15,96
32:40:00	67	8,77	15,96
32:41:00	67	8,77	15,96
32:42:00	67	8,77	15,96
32:43:00	66	8,77	15,96
32:44:00	67	8,77	15,96
32:45:00	67	8,76	16,03
32:46:00	67	8,76	16,03
32:47:00	67	8,76	16,03
32:48:00	67	8,76	16,03
32:49:00	67	8,77	15,96
32:50:00	67	8,77	15,96
32:51:00	67	8,76	16,03
32:52:00	67	8,76	16,03
32:53:00	67	8,77	15,96
32:54:00	67	8,77	15,96
32:55:00	67	8,76	16,03
32:56:00	67	8,76	16,03
32:57:00	66	8,76	16,03
32:58:00	67	8,76	16,03
32:59:00	67	8,76	16,03
33:00:00	67	8,76	16,03
33:01:00	67	8,76	16,03
33:02:00	67	8,76	16,03
33:03:00	67	8,76	16,03
33:04:00	67	8,76	16,03
33:05:00	67	8,76	16,03
33:06:00	66	8,76	16,03
33:07:00	66	8,76	16,03
33:08:00	67	8,76	16,03
33:09:00	67	8,76	16,03
33:10:00	66	8,76	16,03
33:11:00	67	8,76	16,03
33:12:00	67	8,75	16,10
33:13:00	67	8,75	16,10
33:14:00	67	8,76	16,03
33:15:00	67	8,76	16,03
33:16:00	67	8,76	16,03
33:17:00	66	8,75	16,10
33:18:00	66	8,76	16,03
33:19:00	66	8,76	16,03
33:20:00	67	8,75	16,10
33:21:00	67	8,75	16,10
33:22:00	67	8,75	16,10
33:23:00	67	8,75	16,10
33:24:00	66	8,74	16,16
33:25:00	67	8,74	16,16
33:26:00	67	8,74	16,16
33:27:00	67	8,75	16,10
33:28:00	67	8,74	16,16
33:29:00	67	8,74	16,16
33:30:00	67	8,75	16,10
33:31:00	67	8,74	16,16
33:32:00	66	8,75	16,10
33:33:00	67	8,74	16,16
33:34:00	67	8,75	16,10
33:35:00	67	8,74	16,16
33:36:00	67	8,74	16,16
33:37:00	67	8,74	16,16
33:38:00	67	8,74	16,16
33:39:00	67	8,74	16,16
33:40:00	67	8,74	16,16
33:41:00	67	8,74	16,16
33:42:00	67	8,74	16,16
33:43:00	67	8,74	16,16
33:44:00	67	8,74	16,16
33:45:00	67	8,74	16,16
33:46:00	67	8,74	16,16
33:47:00	67	8,74	16,16
33:48:00	67	8,74	16,16
33:49:00	67	8,74	16,16
33:50:00	67	8,74	16,16
33:51:00	67	8,74	16,16
33:52:00	67	8,74	16,16
33:53:00	67	8,74	16,16
33:54:00	67	8,74	16,16
33:55:00	67	8,74	16,16
33:56:00	67	8,74	16,16
33:57:00	67	8,74	16,16
33:58:00	67	8,73	16,23
33:59:00	66	8,74	16,16
34:00:00	67	8,74	16,16
34:01:00	67	8,74	16,16
34:02:00	66	8,74	16,16
34:03:00	67	8,74	16,16
34:04:00	67	8,73	16,23
34:05:00	67	8,73	16,23
34:06:00	67	8,74	16,16
34:07:00	67	8,73	16,23
34:08:00	67	8,73	16,23
34:09:00	67	8,73	16,23
34:10:00	67	8,73	16,23
34:11:00	67	8,74	16,16
34:12:00	67	8,73	16,23
34:13:00	67	8,73	16,23
34:14:00	67	8,73	16,23
34:15:00	67	8,73	16,23
34:16:00	67	8,73	16,23
34:17:00	67	8,73	16,23
34:18:00	67	8,73	16,23
34:19:00	67	8,73	16,23
34:20:00	67	8,73	16,23
34:21:00	67	8,73	16,23
34:22:00	67	8,73	16,23
34:23:00	67	8,73	16,23
34:24:00	67	8,73	16,23
34:25:00	67	8,73	16,23
34:26:00	67	8,73	16,23
34:27:00	67	8,73	16,23
34:28:00	67	8,73	16,23
34:29:00	67	8,73	16,30
34:30:00	67	8,73	16,23
34:31:00	67	8,73	16,23
34:32:00	67	8,73	16,23
34:33:00	67	8,73	16,23
34:34:00	67	8,73	16,23
34:35:00	67	8,73	16,30
34:36:00	67	8,73	16,30
34:37:00	67	8,73	16,23
34:38:00	67	8,73	16,23
34:39:00	67	8,73	16,23
34:40:00	67	8,73	16,23
34:41:00	67	8,73	16,30
34:42:00	67	8,73	16,30
34:43:00	67	8,73	16,30
34:44:00	67	8,73	16,30
34:45:00	67	8,73	16,30
34:46:00	67	8,73	16,30
34:47:00	67	8,73	16,30
34:48:00	66	8,73	16,30
34:49:00	66	8,73	16,30
34:50:00	67	8,73	16,30
34:51:00	67	8,73	16,30
34:52:00	67	8,73	16,30
34:53:00	67	8,73	16,30
34:54:00	67	8,73	16,30
34:55:00	67	8,73	16,30
34:56:00	67	8,73	16,30
34:57:00	67	8,73	16,23
34:58:00	67	8,73	16,30
34:59:00	67	8,73	16,30
35:00:00	67	8,73	16,30
35:01:00	66	8,73	16,30
35:02:00	67	8,73	16,30
35:03:00	67	8,73	16,30
35:04:00	67	8,73	16,30
35:05:00	67	8,73	16,30
35:06:00	67	8,73	16,30
35:07:00	67	8,73	16,30
35:08:00	67	8,73	16,30
35:09:00	67	8,73	16,30
35:10:00	67	8,73	16,30
35:11:00	67	8,73	16,30
35:12:00	66	8,73	16,30
35:13:00	67	8,73	16,30
35:14:00	67	8,73	16,30
35:15:00	67	8,73	16,30
35:16:00	67	8,73	16,30
35:17:00	67	8,73	16,30
35:18:00	67	8,72	16,37
35:19:00	67	8,73	16,30
35:20:00	67	8,73	16,30
35:21:00	67	8,73	16,30
35:22:00	67	8,73	16,30
35:23:00	67	8,73	16,30
35:24:00	67	8,73	16,30
35:25:00	67	8,72	16,37
35:26:00	67	8,72	16,37
35:27:00	67	8,72	16,37
35:28:00	67	8,72	16,37
35:29:00	66	8,72	16,37
35:30:00	67	8,72	16,37
35:31:00	67	8,72	16,37
35:32:00	67	8,72	16,37
35:33:00	67	8,72	16,37
35:34:00	67	8,71	16,44
35:35:00	67	8,72	16,37
35:36:00	67	8,72	16,37
35:37:00	66	8,72	16,37
35:38:00	67	8,71	16,44
35:39:00	67	8,72	16,37
35:40:00	66	8,72	16,37
35:41:00	67	8,71	16,44
35:42:00	67	8,71	16,44
35:43:00	66	8,71	16,44
35:44:00	67	8,72	16,37
35:45:00	67	8,72	16,37
35:46:00	67	8,71	16,44
35:47:00	66	8,71	16,44
35:48:00	66	8,71	16,44
35:49:00	66	8,71	16,44
35:50:00	67	8,71	16,44
35:51:00	67	8,71	16,44
35:52:00	67	8,71	16,44
35:53:00	67	8,71	16,44
35:54:00	67	8,71	16,44
35:55:00	67	8,71	16,44
35:56:00	66	8,71	16,44
35:57:00	67	8,71	16,44
35:58:00	67	8,71	16,44
35:59:00	67	8,71	16,44
36:00:00	67	8,71	16,44
36:01:00	67	8,71	16,44
36:02:00	67	8,71	16,44
36:03:00	67	8,71	16,44
36:04:00	67	8,71	16,44
36:05:00	67	8,71	16,44
36:06:00	67	8,71	16,44
36:07:00	67	8,71	16,44
36:08:00	67	8,71	16,44
36:09:00	67	8,71	16,44
36:10:00	67	8,71	16,44
36:11:00	67	8,71	16,44
36:12:00	67	8,71	16,44
36:13:00	67	8,71	16,44
36:14:00	67	8,71	16,44
36:15:00	66	8,71	16,44
36:16:00	67	8,71	16,44
36:17:00	67	8,70	16,51
36:18:00	67	8,71	16,44
36:19:00	67	8,70	16,51
36:20:00	67	8,70	16,51
36:21:00	67	8,71	16,44
36:22:00	67	8,70	16,51
36:23:00	67	8,70	16,51
36:24:00	66	8,70	16,51
36:25:00	67	8,70	16,51
36:26:00	67	8,70	16,51
36:27:00	66	8,70	16,58
36:28:00	67	8,70	16,51
36:29:00	67	8,70	16,51
36:30:00	67	8,70	16,51
36:31:00	67	8,70	16,51
36:32:00	67	8,70	16,51
36:33:00	66	8,70	16,51
36:34:00	66	8,70	16,58
36:35:00	67	8,70	16,51
36:36:00	67	8,70	16,51
36:37:00	67	8,70	16,51
36:38:00	67	8,70	16,51
36:39:00	67	8,70	16,51
36:40:00	67	8,70	16,51
36:41:00	66	8,70	16,51
36:42:00	67	8,70	16,51
36:43:00	67	8,70	16,51
36:44:00	67	8,70	16,51
36:45:00	67	8,70	16,51
36:46:00	66	8,70	16,51
36:47:00	67	8,70	16,51
36:48:00	67	8,70	16,51
36:49:00	66	8,70	16,51
36:50:00	67	8,70	16,51
36:51:00	67	8,70	16,51
36:52:00	67	8,70	16,51
36:53:00	67	8,70	16,51
36:54:00	67	8,70	16,51
36:55:00	67	8,70	16,58
36:56:00	67	8,70	16,58
36:57:00	67	8,70	16,51
36:58:00	66	8,70	16,58
36:59:00	66	8,70	16,51
37:00:00	67	8,70	16,51
37:01:00	67	8,70	16,58
37:02:00	66	8,70	16,58
37:03:00	67	8,70	16,51
37:04:00	67	8,70	16,58
37:05:00	67	8,70	16,58
37:06:00	67	8,70	16,58
37:07:00	67	8,70	16,58
37:08:00	67	8,70	16,58
37:09:00	67	8,70	16,58
37:10:00	66	8,70	16,58
37:11:00	66	8,70	16,58
37:12:00	67	8,70	16,58
37:13:00	66	8,70	16,58
37:14:00	67	8,70	16,58
37:15:00	67	8,70	16,58
37:16:00	67	8,70	16,58
37:17:00	67	8,70	16,58
37:18:00	67	8,70	16,58
37:19:00	67	8,70	16,58
37:20:00	67	8,70	16,58
37:21:00	67	8,70	16,58
37:22:00	67	8,70	16,58
37:23:00	66	8,70	16,58
37:24:00	67	8,70	16,58
37:25:00	67	8,70	16,58
37:26:00	67	8,70	16,58
37:27:00	67	8,70	16,58
37:28:00	67	8,69	16,65
37:29:00	66	8,69	16,65
37:30:00	67	8,70	16,58
37:31:00	67	8,70	16,58
37:32:00	67	8,70	16,58
37:33:00	67	8,70	16,58
37:34:00	67	8,70	16,58
37:35:00	67	8,69	16,65
37:36:00	67	8,70	16,58
37:37:00	67	8,69	16,65
37:38:00	67	8,69	16,65
37:39:00	67	8,70	16,58
37:40:00	67	8,69	16,65
37:41:00	67	8,70	16,58
37:42:00	66	8,69	16,65
37:43:00	67	8,70	16,58
37:44:00	67	8,70	16,58
37:45:00	67	8,69	16,65
37:46:00	67	8,69	16,65
37:47:00	66	8,70	16,58
37:48:00	67	8,70	16,58
37:49:00	67	8,69	16,65
37:50:00	66	8,69	16,65
37:51:00	67	8,69	16,65
37:52:00	67	8,69	16,65
37:53:00	67	8,69	16,65
37:54:00	66	8,69	16,65
37:55:00	66	8,69	16,65
37:56:00	67	8,69	16,65
37:57:00	67	8,69	16,65
37:58:00	67	8,69	16,65
37:59:00	66	8,69	16,65
38:00:00	67	8,69	16,65
38:01:00	67	8,69	16,65
38:02:00	67	8,69	16,65
38:03:00	67	8,69	16,65
38:04:00	67	8,69	16,65
38:05:00	67	8,69	16,65
38:06:00	67	8,69	16,65
38:07:00	67	8,69	16,65
38:08:00	66	8,68	16,72
38:09:00	67	8,69	16,65
38:10:00	67	8,69	16,65
38:11:00	67	8,69	16,65
38:12:00	66	8,69	16,65
38:13:00	67	8,69	16,65
38:14:00	67	8,68	16,72
38:15:00	67	8,68	16,72
38:16:00	67	8,68	16,72
38:17:00	67	8,68	16,72
38:18:00	67	8,69	16,65
38:19:00	67	8,68	16,72
38:20:00	67	8,68	16,72
38:21:00	67	8,69	16,65
38:22:00	67	8,68	16,72
38:23:00	67	8,69	16,65
38:24:00	67	8,68	16,72
38:25:00	66	8,68	16,72
38:26:00	67	8,69	16,65
38:27:00	67	8,69	16,65
38:28:00	67	8,68	16,72
38:29:00	67	8,68	16,72
38:30:00	67	8,68	16,72
38:31:00	67	8,68	16,72
38:32:00	66	8,68	16,72
38:33:00	66	8,68	16,72
38:34:00	67	8,68	16,72
38:35:00	67	8,68	16,72
38:36:00	67	8,68	16,72
38:37:00	67	8,68	16,72
38:38:00	67	8,68	16,72
38:39:00	66	8,68	16,72
38:40:00	66	8,68	16,72
38:41:00	67	8,68	16,72
38:42:00	67	8,68	16,72
38:43:00	66	8,68	16,72
38:44:00	67	8,68	16,72
38:45:00	67	8,68	16,79
38:46:00	67	8,68	16,79
38:47:00	67	8,68	16,72
38:48:00	67	8,68	16,72
38:49:00	67	8,68	16,72
38:50:00	66	8,68	16,79
38:51:00	67	8,68	16,72
38:52:00	67	8,68	16,79
38:53:00	67	8,68	16,79
38:54:00	67	8,68	16,79
38:55:00	67	8,68	16,79
38:56:00	67	8,68	16,79
38:57:00	66	8,68	16,72
38:58:00	66	8,68	16,79
38:59:00	66	8,68	16,79
39:00:00	66	8,68	16,79
39:01:00	67	8,68	16,72
39:02:00	67	8,68	16,79
39:03:00	66	8,68	16,72
39:04:00	67	8,68	16,79
39:05:00	67	8,68	16,79
39:06:00	67	8,68	16,79
39:07:00	67	8,68	16,79
39:08:00	67	8,68	16,79
39:09:00	67	8,68	16,72
39:10:00	67	8,68	16,79
39:11:00	67	8,68	16,79
39:12:00	66	8,68	16,79
39:13:00	67	8,68	16,79
39:14:00	67	8,68	16,79
39:15:00	67	8,68	16,79
39:16:00	67	8,68	16,79
39:17:00	66	8,68	16,79
39:18:00	67	8,68	16,79
39:19:00	67	8,68	16,79
39:20:00	67	8,68	16,72
39:21:00	67	8,68	16,79
39:22:00	67	8,68	16,79
39:23:00	66	8,68	16,79
39:24:00	67	8,68	16,79
39:25:00	67	8,68	16,79
39:26:00	67	8,68	16,79
39:27:00	67	8,68	16,79
39:28:00	67	8,68	16,79
39:29:00	66	8,68	16,79
39:30:00	67	8,68	16,79
39:31:00	67	8,68	16,79
39:32:00	66	8,68	16,79
39:33:00	67	8,68	16,79
39:34:00	67	8,68	16,79
39:35:00	67	8,68	16,79
39:36:00	67	8,68	16,79
39:37:00	67	8,68	16,79
39:38:00	67	8,68	16,79
39:39:00	67	8,68	16,79
39:40:00	67	8,68	16,79
39:41:00	67	8,67	16,86
39:42:00	67	8,67	16,86
39:43:00	67	8,67	16,86
39:44:00	66	8,67	16,86
39:45:00	67	8,68	16,79
39:46:00	66	8,68	16,79
39:47:00	67	8,67	16,86
39:48:00	67	8,68	16,79
39:49:00	67	8,67	16,86
39:50:00	67	8,67	16,86
39:51:00	67	8,67	16,86
39:52:00	67	8,67	16,86
39:53:00	67	8,67	16,86
39:54:00	67	8,67	16,86
39:55:00	66	8,67	16,86
39:56:00	67	8,67	16,86
39:57:00	67	8,67	16,86
39:58:00	67	8,67	16,86
39:59:00	67	8,67	16,86
40:00:00	67	8,67	16,86
40:01:00	66	8,67	16,86
40:02:00	66	8,67	16,86
40:03:00	67	8,67	16,86
40:04:00	66	8,67	16,86
40:05:00	67	8,67	16,86
40:06:00	66	8,67	16,86
40:07:00	67	8,67	16,86
40:08:00	67	8,67	16,86
40:09:00	67	8,66	16,93
40:10:00	67	8,67	16,86
40:11:00	67	8,67	16,86
40:12:00	67	8,67	16,86
40:13:00	67	8,66	16,93
40:14:00	66	8,66	16,93
40:15:00	67	8,66	16,93
40:16:00	67	8,66	16,93
40:17:00	67	8,66	16,93
40:18:00	67	8,66	16,93
40:19:00	67	8,66	16,93
40:20:00	67	8,67	16,86
40:21:00	66	8,66	16,93
40:22:00	67	8,67	16,86
40:23:00	67	8,66	16,93
40:24:00	67	8,66	16,93
40:25:00	67	8,67	16,86
40:26:00	67	8,66	16,93
40:27:00	67	8,67	16,86
40:28:00	67	8,67	16,86
40:29:00	67	8,67	16,86
40:30:00	67	8,67	16,86
40:31:00	67	8,67	16,86
40:32:00	67	8,66	16,93
40:33:00	67	8,66	16,93
40:34:00	66	8,66	16,93
40:35:00	67	8,66	16,93
40:36:00	66	8,66	16,93
40:37:00	67	8,66	16,93
40:38:00	66	8,66	16,93
40:39:00	67	8,66	16,93
40:40:00	67	8,66	16,93
40:41:00	67	8,65	17,00
40:42:00	67	8,65	17,00
40:43:00	67	8,65	17,00
40:44:00	67	8,65	17,00
40:45:00	67	8,66	16,93
40:46:00	67	8,65	17,00
40:47:00	66	8,65	17,00
40:48:00	67	8,66	16,93
40:49:00	67	8,65	17,00
40:50:00	67	8,66	16,93
40:51:00	67	8,66	16,93
40:52:00	67	8,66	16,93
40:53:00	67	8,65	17,00
40:54:00	67	8,66	16,93
40:55:00	67	8,66	16,93
40:56:00	67	8,65	17,00
40:57:00	66	8,66	16,93
40:58:00	67	8,66	16,93
40:59:00	67	8,65	17,00
41:00:00	67	8,65	17,00
41:01:00	67	8,66	16,93
41:02:00	67	8,66	16,93
41:03:00	67	8,66	16,93
41:04:00	67	8,65	17,00
41:05:00	67	8,65	17,00
41:06:00	66	8,65	17,00
41:07:00	67	8,65	17,00
41:08:00	67	8,65	17,00
41:09:00	67	8,65	17,00
41:10:00	67	8,65	17,00
41:11:00	67	8,65	17,00
41:12:00	67	8,65	17,00
41:13:00	67	8,65	17,00
41:14:00	67	8,65	17,00
41:15:00	67	8,65	17,00
41:16:00	67	8,65	17,00
41:17:00	67	8,65	17,00
41:18:00	67	8,65	17,00
41:19:00	67	8,65	17,00
41:20:00	66	8,65	17,00
41:21:00	67	8,65	17,00
41:22:00	67	8,65	17,00
41:23:00	67	8,65	17,00
41:24:00	67	8,65	17,00
41:25:00	67	8,65	17,00
41:26:00	67	8,65	17,00
41:27:00	67	8,65	17,00
41:28:00	67	8,65	17,00
41:29:00	67	8,65	17,00
41:30:00	67	8,65	17,00
41:31:00	67	8,65	17,00
41:32:00	67	8,65	17,00
41:33:00	67	8,65	17,00
41:34:00	67	8,65	17,00
41:35:00	67	8,65	17,00
41:36:00	67	8,65	17,00
41:37:00	67	8,65	17,00
41:38:00	67	8,65	17,00
41:39:00	67	8,65	17,00
41:40:00	66	8,65	17,00
41:41:00	66	8,65	17,00
41:42:00	67	8,65	17,00
41:43:00	67	8,65	17,00
41:44:00	67	8,65	17,00
41:45:00	67	8,64	17,07
41:46:00	67	8,64	17,07
41:47:00	67	8,64	17,07
41:48:00	66	8,64	17,07
41:49:00	67	8,64	17,07
41:50:00	67	8,64	17,07
41:51:00	67	8,64	17,07
41:52:00	67	8,64	17,07
41:53:00	67	8,64	17,07
41:54:00	67	8,64	17,07
41:55:00	67	8,64	17,07
41:56:00	67	8,64	17,07
41:57:00	67	8,64	17,07
41:58:00	67	8,64	17,07
41:59:00	67	8,64	17,07
42:00:00	66	8,64	17,07
42:01:00	67	8,64	17,07
42:02:00	67	8,64	17,07
42:03:00	67	8,64	17,07
42:04:00	67	8,64	17,07
42:05:00	67	8,64	17,07
42:06:00	67	8,64	17,07
42:07:00	67	8,64	17,07
42:08:00	67	8,64	17,07
42:09:00	67	8,64	17,07
42:10:00	66	8,64	17,07
42:11:00	67	8,64	17,07
42:12:00	67	8,64	17,07
42:13:00	67	8,64	17,07
42:14:00	67	8,64	17,07
42:15:00	67	8,64	17,07
42:16:00	67	8,64	17,07
42:17:00	67	8,64	17,07
42:18:00	66	8,64	17,07
42:19:00	67	8,64	17,07
42:20:00	67	8,64	17,07
42:21:00	67	8,64	17,07
42:22:00	67	8,64	17,07
42:23:00	66	8,64	17,14
42:24:00	67	8,64	17,14
42:25:00	67	8,64	17,14
42:26:00	67	8,64	17,14
42:27:00	66	8,64	17,14
42:28:00	67	8,64	17,07
42:29:00	66	8,64	17,14
42:30:00	67	8,64	17,14
42:31:00	67	8,64	17,14
42:32:00	67	8,64	17,07
42:33:00	67	8,64	17,07
42:34:00	67	8,64	17,14
42:35:00	67	8,64	17,14
42:36:00	67	8,64	17,14
42:37:00	67	8,64	17,14
42:38:00	67	8,64	17,14
42:39:00	66	8,64	17,14
42:40:00	67	8,64	17,14
42:41:00	67	8,64	17,14
42:42:00	67	8,64	17,14
42:43:00	67	8,64	17,14
42:44:00	67	8,64	17,14
42:45:00	67	8,64	17,14
42:46:00	67	8,64	17,14
42:47:00	67	8,64	17,14
42:48:00	67	8,64	17,14
42:49:00	67	8,64	17,14
42:50:00	67	8,64	17,14
42:51:00	67	8,64	17,14
42:52:00	67	8,64	17,14
42:53:00	67	8,64	17,14
42:54:00	66	8,64	17,14
42:55:00	67	8,64	17,14
42:56:00	67	8,64	17,14
42:57:00	67	8,64	17,14
42:58:00	67	8,64	17,14
42:59:00	67	8,64	17,14
43:00:00	66	8,64	17,14
43:01:00	67	8,64	17,14
43:02:00	67	8,64	17,14
43:03:00	67	8,64	17,14
43:04:00	67	8,64	17,14
43:05:00	67	8,64	17,14
43:06:00	67	8,64	17,14
43:07:00	67	8,64	17,14
43:08:00	66	8,64	17,14
43:09:00	67	8,64	17,14
43:10:00	67	8,63	17,22
43:11:00	67	8,64	17,14
43:12:00	67	8,63	17,22
43:13:00	67	8,63	17,22
43:14:00	67	8,63	17,22
43:15:00	67	8,63	17,22
43:16:00	67	8,63	17,22
43:17:00	67	8,63	17,22
43:18:00	67	8,63	17,22
43:19:00	67	8,63	17,22
43:20:00	67	8,63	17,22
43:21:00	67	8,64	17,14
43:22:00	67	8,63	17,22
43:23:00	67	8,63	17,22
43:24:00	67	8,63	17,22
43:25:00	67	8,63	17,22
43:26:00	66	8,63	17,22
43:27:00	67	8,63	17,22
43:28:00	67	8,63	17,22
43:29:00	67	8,63	17,22
43:30:00	66	8,63	17,22
43:31:00	66	8,63	17,22
43:32:00	67	8,63	17,22
43:33:00	67	8,63	17,22
43:34:00	67	8,63	17,22
43:35:00	67	8,63	17,22
43:36:00	67	8,63	17,22
43:37:00	67	8,63	17,22
43:38:00	67	8,63	17,22
43:39:00	67	8,63	17,22
43:40:00	67	8,63	17,22
43:41:00	67	8,63	17,22
43:42:00	66	8,63	17,22
43:43:00	67	8,63	17,22
43:44:00	66	8,63	17,22
43:45:00	67	8,63	17,22
43:46:00	67	8,63	17,22
43:47:00	67	8,63	17,22
43:48:00	67	8,63	17,22
43:49:00	67	8,63	17,22
43:50:00	67	8,63	17,22
43:51:00	67	8,62	17,29
43:52:00	67	8,62	17,29
43:53:00	67	8,63	17,22
43:54:00	67	8,63	17,22
43:55:00	67	8,62	17,29
43:56:00	67	8,62	17,29
43:57:00	67	8,62	17,29
43:58:00	67	8,62	17,29
43:59:00	67	8,62	17,29
44:00:00	67	8,62	17,29
44:01:00	67	8,63	17,22
44:02:00	67	8,62	17,29
44:03:00	67	8,62	17,29
44:04:00	67	8,62	17,29
44:05:00	67	8,63	17,22
44:06:00	67	8,62	17,29
44:07:00	67	8,62	17,29
44:08:00	67	8,62	17,29
44:09:00	67	8,62	17,29
44:10:00	67	8,62	17,29
44:11:00	67	8,62	17,29
44:12:00	67	8,62	17,29
44:13:00	67	8,62	17,29
44:14:00	67	8,62	17,29
44:15:00	67	8,62	17,29
44:16:00	67	8,62	17,29
44:17:00	67	8,62	17,29
44:18:00	67	8,62	17,29
44:19:00	67	8,62	17,29
44:20:00	67	8,62	17,29
44:21:00	67	8,62	17,29
44:22:00	67	8,62	17,29
44:23:00	67	8,62	17,29
44:24:00	67	8,62	17,29
44:25:00	67	8,62	17,29
44:26:00	67	8,62	17,29
44:27:00	67	8,61	17,36
44:28:00	67	8,62	17,29
44:29:00	67	8,62	17,29
44:30:00	67	8,62	17,29
44:31:00	67	8,62	17,29
44:32:00	67	8,62	17,29
44:33:00	67	8,62	17,29
44:34:00	67	8,62	17,29
44:35:00	67	8,62	17,29
44:36:00	67	8,62	17,29
44:37:00	67	8,62	17,29
44:38:00	67	8,61	17,36
44:39:00	67	8,62	17,29
44:40:00	67	8,61	17,36
44:41:00	67	8,62	17,29
44:42:00	67	8,61	17,36
44:43:00	67	8,62	17,29
44:44:00	67	8,61	17,36
44:45:00	67	8,62	17,29
44:46:00	67	8,62	17,29
44:47:00	67	8,62	17,29
44:48:00	67	8,62	17,29
44:49:00	67	8,62	17,29
44:50:00	67	8,61	17,36
44:51:00	67	8,61	17,36
44:52:00	67	8,61	17,36
44:53:00	67	8,61	17,36
44:54:00	67	8,61	17,36
44:55:00	67	8,61	17,36
44:56:00	67	8,61	17,36
44:57:00	67	8,61	17,36
44:58:00	67	8,61	17,36
44:59:00	67	8,61	17,36
45:00:00	67	8,62	17,29
45:01:00	67	8,61	17,36
45:02:00	67	8,61	17,36
45:03:00	67	8,61	17,36
45:04:00	67	8,61	17,36
45:05:00	67	8,61	17,36
45:06:00	67	8,61	17,36
45:07:00	67	8,61	17,36
45:08:00	67	8,61	17,36
45:09:00	67	8,61	17,36
45:10:00	67	8,61	17,44
45:11:00	67	8,61	17,44
45:12:00	67	8,61	17,44
45:13:00	67	8,61	17,44
45:14:00	67	8,61	17,36
45:15:00	67	8,61	17,36
45:16:00	67	8,61	17,44
45:17:00	67	8,61	17,44
45:18:00	67	8,61	17,44
45:19:00	67	8,61	17,44
45:20:00	67	8,61	17,44
45:21:00	67	8,61	17,44
45:22:00	67	8,61	17,44
45:23:00	66	8,61	17,44
45:24:00	67	8,61	17,44
45:25:00	67	8,61	17,44
45:26:00	66	8,61	17,44
45:27:00	66	8,61	17,44
45:28:00	67	8,61	17,44
45:29:00	66	8,61	17,44
45:30:00	67	8,61	17,44
45:31:00	67	8,61	17,44
45:32:00	67	8,61	17,44
45:33:00	67	8,61	17,44
45:34:00	66	8,61	17,44
45:35:00	67	8,61	17,44
45:36:00	67	8,61	17,44
45:37:00	67	8,61	17,44
45:38:00	67	8,61	17,44
45:39:00	67	8,61	17,44
45:40:00	67	8,61	17,44
45:41:00	67	8,60	17,51
45:42:00	67	8,61	17,44
45:43:00	67	8,61	17,44
45:44:00	67	8,61	17,44
45:45:00	67	8,61	17,44
45:46:00	67	8,60	17,51
45:47:00	67	8,61	17,44
45:48:00	67	8,61	17,44
45:49:00	67	8,61	17,44
45:50:00	67	8,61	17,44
45:51:00	67	8,61	17,44
45:52:00	67	8,60	17,51
45:53:00	67	8,61	17,44
45:54:00	67	8,60	17,51
45:55:00	67	8,61	17,44
45:56:00	66	8,60	17,51
45:57:00	66	8,60	17,51
45:58:00	67	8,60	17,51
45:59:00	67	8,61	17,44
46:00:00	67	8,61	17,44
46:01:00	67	8,60	17,51
46:02:00	67	8,60	17,51
46:03:00	67	8,60	17,51
46:04:00	67	8,60	17,51
46:05:00	67	8,60	17,51
46:06:00	67	8,60	17,51
46:07:00	67	8,60	17,51
46:08:00	66	8,60	17,51
46:09:00	67	8,60	17,51
46:10:00	67	8,60	17,51
46:11:00	67	8,60	17,51
46:12:00	66	8,60	17,51
46:13:00	67	8,60	17,51
46:14:00	67	8,60	17,51
46:15:00	67	8,60	17,51
46:16:00	66	8,60	17,51
46:17:00	67	8,60	17,51
46:18:00	67	8,60	17,51
46:19:00	67	8,59	17,59
46:20:00	66	8,60	17,51
46:21:00	67	8,60	17,51
46:22:00	67	8,60	17,51
46:23:00	67	8,60	17,51
46:24:00	67	8,60	17,51
46:25:00	66	8,60	17,51
46:26:00	67	8,60	17,51
46:27:00	67	8,60	17,51
46:28:00	66	8,60	17,51
46:29:00	66	8,60	17,51
46:30:00	67	8,60	17,51
46:31:00	67	8,60	17,51
46:32:00	67	8,60	17,51
46:33:00	67	8,60	17,51
46:34:00	67	8,59	17,59
46:35:00	67	8,60	17,51
46:36:00	67	8,59	17,59
46:37:00	67	8,59	17,59
46:38:00	66	8,59	17,59
46:39:00	67	8,59	17,59
46:40:00	67	8,58	17,66
46:41:00	67	8,59	17,59
46:42:00	67	8,59	17,59
46:43:00	67	8,59	17,59
46:44:00	67	8,58	17,66
46:45:00	67	8,58	17,66
46:46:00	67	8,58	17,66
46:47:00	67	8,58	17,66
46:48:00	67	8,58	17,66
46:49:00	67	8,58	17,66
46:50:00	66	8,58	17,66
46:51:00	67	8,58	17,66
46:52:00	67	8,58	17,66
46:53:00	67	8,58	17,66
46:54:00	67	8,58	17,66
46:55:00	67	8,58	17,66
46:56:00	67	8,58	17,66
46:57:00	67	8,58	17,66
46:58:00	66	8,58	17,66
46:59:00	67	8,58	17,66
47:00:00	66	8,58	17,66
47:01:00	67	8,58	17,66
47:02:00	67	8,58	17,66
47:03:00	66	8,58	17,66
47:04:00	67	8,58	17,66
47:05:00	67	8,58	17,66
47:06:00	67	8,58	17,66
47:07:00	67	8,59	17,59
47:08:00	67	8,58	17,66
47:09:00	67	8,59	17,59
47:10:00	67	8,58	17,66
47:11:00	67	8,58	17,66
47:12:00	66	8,58	17,66
47:13:00	67	8,58	17,66
47:14:00	66	8,58	17,66
47:15:00	67	8,58	17,66
47:16:00	66	8,58	17,66
47:17:00	67	8,58	17,66
47:18:00	67	8,58	17,66
47:19:00	67	8,58	17,66
47:20:00	67	8,58	17,66
47:21:00	67	8,58	17,66
47:22:00	67	8,58	17,66
47:23:00	67	8,58	17,66
47:24:00	67	8,58	17,66
47:25:00	67	8,58	17,66
47:26:00	67	8,58	17,66
47:27:00	67	8,58	17,74
47:28:00	66	8,58	17,74
47:29:00	67	8,58	17,66
47:30:00	66	8,58	17,66
47:31:00	67	8,58	17,66
47:32:00	67	8,58	17,66
47:33:00	67	8,58	17,66
47:34:00	67	8,58	17,66
47:35:00	67	8,58	17,66
47:36:00	67	8,58	17,66
47:37:00	67	8,58	17,66
47:38:00	67	8,58	17,66
47:39:00	67	8,58	17,74
47:40:00	67	8,58	17,66
47:41:00	67	8,58	17,74
47:42:00	67	8,58	17,66
47:43:00	67	8,58	17,74
47:44:00	67	8,58	17,74
47:45:00	67	8,58	17,66
47:46:00	67	8,58	17,66
47:47:00	67	8,58	17,74
47:48:00	67	8,58	17,74
47:49:00	67	8,58	17,74
47:50:00	67	8,58	17,74
47:51:00	67	8,58	17,74
47:52:00	67	8,58	17,74
47:53:00	67	8,58	17,74
47:54:00	67	8,58	17,74
47:55:00	67	8,58	17,74
47:56:00	66	8,58	17,74
47:57:00	67	8,58	17,74
47:58:00	67	8,58	17,74
47:59:00	67	8,58	17,74
48:00:00	67	8,58	17,74
48:01:00	67	8,58	17,74
48:02:00	67	8,58	17,74
48:03:00	67	8,58	17,74
48:04:00	67	8,58	17,74
48:05:00	67	8,58	17,74
48:06:00	67	8,58	17,74
48:07:00	66	8,58	17,74
48:08:00	66	8,58	17,74
48:09:00	67	8,58	17,74
48:10:00	67	8,58	17,74
48:11:00	66	8,58	17,74
48:12:00	67	8,58	17,74
48:13:00	67	8,57	17,81
48:14:00	67	8,58	17,74
48:15:00	67	8,57	17,81
48:16:00	67	8,58	17,74
48:17:00	67	8,58	17,74
48:18:00	67	8,58	17,74
48:19:00	67	8,57	17,81
48:20:00	67	8,57	17,81
48:21:00	67	8,58	17,74
48:22:00	67	8,57	17,81
48:23:00	67	8,57	17,81
48:24:00	67	8,57	17,81
48:25:00	67	8,57	17,81
48:26:00	67	8,57	17,81
48:27:00	67	8,58	17,74
48:28:00	67	8,57	17,81
48:29:00	67	8,57	17,81
48:30:00	67	8,57	17,81
48:31:00	66	8,57	17,81
48:32:00	67	8,58	17,74
48:33:00	67	8,57	17,81
48:34:00	67	8,57	17,81
48:35:00	67	8,57	17,81
48:36:00	67	8,57	17,81
48:37:00	67	8,58	17,74
48:38:00	67	8,58	17,74
48:39:00	67	8,57	17,81
48:40:00	67	8,57	17,81
48:41:00	67	8,57	17,81
48:42:00	67	8,57	17,81
48:43:00	67	8,57	17,81
48:44:00	67	8,57	17,81
48:45:00	67	8,57	17,81
48:46:00	67	8,57	17,81
48:47:00	67	8,57	17,81
48:48:00	67	8,57	17,81
48:49:00	67	8,57	17,81
48:50:00	67	8,57	17,81
48:51:00	67	8,57	17,81
48:52:00	66	8,57	17,81
48:53:00	67	8,57	17,81
48:54:00	67	8,57	17,81
48:55:00	67	8,57	17,81
48:56:00	67	8,57	17,81
48:57:00	67	8,57	17,81
48:58:00	67	8,57	17,81
48:59:00	67	8,57	17,81
49:00:00	67	8,57	17,81
49:01:00	67	8,57	17,81
49:02:00	67	8,57	17,81
49:03:00	67	8,57	17,81
49:04:00	67	8,57	17,81
49:05:00	67	8,57	17,81
49:06:00	67	8,57	17,81
49:07:00	67	8,57	17,81
49:08:00	67	8,57	17,81
49:09:00	67	8,57	17,81
49:10:00	67	8,57	17,81
49:11:00	67	8,57	17,81
49:12:00	67	8,57	17,81
49:13:00	67	8,57	17,81
49:14:00	67	8,57	17,81
49:15:00	67	8,57	17,81
49:16:00	67	8,57	17,81
49:17:00	66	8,57	17,81
49:18:00	67	8,57	17,81
49:19:00	67	8,57	17,81
49:20:00	67	8,57	17,81
49:21:00	67	8,57	17,81
49:22:00	67	8,57	17,81
49:23:00	67	8,57	17,81
49:24:00	67	8,57	17,81
49:25:00	67	8,56	17,89
49:26:00	67	8,56	17,89
49:27:00	67	8,56	17,89
49:28:00	66	8,57	17,81
49:29:00	67	8,57	17,81
49:30:00	67	8,57	17,81
49:31:00	67	8,56	17,89
49:32:00	67	8,57	17,81
49:33:00	67	8,56	17,89
49:34:00	66	8,57	17,81
49:35:00	67	8,56	17,89
49:36:00	67	8,56	17,89
49:37:00	66	8,56	17,89
49:38:00	67	8,56	17,89
49:39:00	67	8,57	17,81
49:40:00	67	8,57	17,81
49:41:00	67	8,56	17,89
49:42:00	67	8,56	17,89
49:43:00	67	8,56	17,89
49:44:00	67	8,56	17,89
49:45:00	66	8,56	17,89
49:46:00	67	8,57	17,81
49:47:00	66	8,56	17,89
49:48:00	67	8,57	17,81
49:49:00	67	8,57	17,81
49:50:00	67	8,56	17,89
49:51:00	67	8,56	17,89
49:52:00	67	8,56	17,89
49:53:00	67	8,56	17,89
49:54:00	67	8,56	17,89
49:55:00	67	8,56	17,89
49:56:00	67	8,56	17,89
49:57:00	66	8,56	17,89
49:58:00	67	8,56	17,89
49:59:00	67	8,56	17,89
50:00:00	67	8,56	17,89
50:01:00	66	8,56	17,89
50:02:00	66	8,56	17,89
50:03:00	66	8,56	17,89
50:04:00	67	8,56	17,89
50:05:00	67	8,56	17,89
50:06:00	67	8,56	17,89
50:07:00	67	8,56	17,89
50:08:00	66	8,56	17,89
50:09:00	66	8,56	17,89
50:10:00	67	8,56	17,89
50:11:00	67	8,55	17,96
50:12:00	67	8,56	17,89
50:13:00	67	8,56	17,89
50:14:00	67	8,56	17,89
50:15:00	67	8,56	17,89
50:16:00	67	8,56	17,89
50:17:00	66	8,56	17,89
50:18:00	67	8,56	17,89
50:19:00	67	8,56	17,89
50:20:00	67	8,55	17,96
50:21:00	66	8,56	17,89
50:22:00	66	8,56	17,89
50:23:00	67	8,56	17,89
50:24:00	67	8,56	17,89
