--Test Summary--
Full Path and File Name	
Instrument Name	4262L
Instrument Type	Model 4262 Twin Cell UCA
Instrument Serial Number	111L
Test Start Date	12.01.2010
Test Start Time	12:22:45
Test Stop Date	14.01.2010
Test Stop Time	12:33:30
Test Length	48:10:45
Final Sample Time Offset	48:09:49
Controller Schedule Name	
Sampling Period	60 seconds
Comments	
Information	WellID	
Information	Customer	
Information	CementClass	
Information	CementMfr	
Information	Additives	
Information	Density	
Information	BHCT	
Information	BHST	
Information	FluidLoss	
Information	JobType	
Calculated Value	CS_50	8:35:00
Calculated Value	CS_500	10:09:00
Calculated Value	CS_Time8h	0,02 MPa
Calculated Value	CS_Time16h	10,38 MPa
Calculated Value	CS_Time24h	14,46 MPa
Calculated Value	CS_Time48h	17,71 MPa
Calculated Value	CS_Time72h	N/A
Calculated Curve	Compressive Strength	Compressive strength type B (more than 14 lb/gal)
Initial Temperature (°C)	24 °C
Final Temperature (°C)	59 °C
Initial Transit Time (microsec/in)	16,82 microsec/in
Final Transit Time (microsec/in)	8,58 microsec/in
Initial Compressive Strength (MPa)	0,00 MPa
Final Compressive Strength (MPa)	17,79 MPa
--Data--
Time (HH:MM:SS)	Temperature (°C)	Transit Time (microsec/in)	Compressive Strength (MPa)
0:00:00	24	16,82	0,00
0:01:00	24	16,84	0,00
0:02:00	24	16,86	0,00
0:03:00	24	16,88	0,00
0:04:00	25	16,89	0,00
0:05:00	24	16,92	0,00
0:06:00	25	16,93	0,00
0:07:00	25	16,94	0,00
0:08:00	25	16,95	0,00
0:09:00	26	16,95	0,00
0:10:00	26	16,95	0,00
0:11:00	27	16,95	0,00
0:12:00	28	16,95	0,00
0:13:00	28	16,93	0,00
0:14:00	29	16,92	0,00
0:15:00	29	16,92	0,00
0:16:00	30	16,91	0,00
0:17:00	30	16,90	0,00
0:18:00	31	16,89	0,00
0:19:00	31	16,87	0,00
0:20:00	32	16,86	0,00
0:21:00	32	16,86	0,00
0:22:00	33	16,84	0,00
0:23:00	33	16,84	0,00
0:24:00	34	16,83	0,00
0:25:00	34	16,82	0,00
0:26:00	35	16,81	0,00
0:27:00	36	16,80	0,01
0:28:00	36	16,79	0,01
0:29:00	37	16,78	0,01
0:30:00	37	16,78	0,01
0:31:00	38	16,78	0,01
0:32:00	38	16,77	0,01
0:33:00	39	16,77	0,01
0:34:00	39	16,75	0,02
0:35:00	40	16,75	0,02
0:36:00	40	16,74	0,02
0:37:00	41	16,74	0,02
0:38:00	41	16,74	0,02
0:39:00	42	16,73	0,02
0:40:00	42	16,74	0,02
0:41:00	43	16,74	0,02
0:42:00	43	16,76	0,01
0:43:00	44	16,74	0,02
0:44:00	45	16,74	0,02
0:45:00	45	16,74	0,02
0:46:00	45	16,73	0,02
0:47:00	46	16,73	0,02
0:48:00	47	16,71	0,02
0:49:00	43	16,72	0,02
0:50:00	44	16,71	0,03
0:51:00	45	16,72	0,02
0:52:00	45	16,71	0,02
0:53:00	46	16,70	0,03
0:54:00	48	16,70	0,03
0:55:00	49	16,71	0,03
0:56:00	50	16,68	0,03
0:57:00	51	16,67	0,04
0:58:00	51	16,67	0,04
0:59:00	52	16,66	0,04
1:00:00	53	16,65	0,04
1:01:00	53	16,66	0,04
1:02:00	53	16,65	0,04
1:03:00	53	16,66	0,04
1:04:00	53	16,65	0,04
1:05:00	53	16,66	0,04
1:06:00	53	16,66	0,04
1:07:00	53	16,65	0,04
1:08:00	53	16,66	0,04
1:09:00	53	16,65	0,04
1:10:00	53	16,66	0,04
1:11:00	53	16,66	0,04
1:12:00	53	16,67	0,04
1:13:00	53	16,66	0,04
1:14:00	53	16,73	0,02
1:15:00	53	16,71	0,02
1:16:00	52	16,74	0,02
1:17:00	52	16,71	0,02
1:18:00	52	16,74	0,02
1:19:00	52		
1:20:00	52	16,74	0,02
1:21:00	52	16,74	0,02
1:22:00	52	16,75	0,02
1:23:00	51	16,72	0,02
1:24:00	51		
1:25:00	51	16,74	0,02
1:26:00	51	16,74	0,02
1:27:00	51		
1:28:00	51	16,73	0,02
1:29:00	51	16,76	0,01
1:30:00	51	16,74	0,02
1:31:00	51	16,76	0,01
1:32:00	51	16,78	0,01
1:33:00	51	16,71	0,02
1:34:00	51	16,71	0,02
1:35:00	51	16,78	0,01
1:36:00	51	16,75	0,02
1:37:00	51	16,75	0,02
1:38:00	51	16,75	0,02
1:39:00	51	16,76	0,01
1:40:00	51	16,73	0,02
1:41:00	51	16,74	0,02
1:42:00	51	16,76	0,01
1:43:00	51	16,76	0,01
1:44:00	51	16,77	0,01
1:45:00	51	16,75	0,02
1:46:00	51	16,74	0,02
1:47:00	51	16,75	0,02
1:48:00	51	16,76	0,01
1:49:00	51	16,76	0,01
1:50:00	51	16,76	0,01
1:51:00	51	16,74	0,02
1:52:00	51	16,76	0,01
1:53:00	51	16,77	0,01
1:54:00	51	16,75	0,02
1:55:00	51	16,77	0,01
1:56:00	51	16,77	0,01
1:57:00	51	16,76	0,01
1:58:00	51	19,72	0,00
1:59:00	51	19,72	0,00
2:00:00	51	19,72	0,00
2:01:00	51	19,72	0,00
2:02:00	52	19,72	0,00
2:03:00	51	19,72	0,00
2:04:00	51	19,72	0,00
2:05:00	51	19,72	0,00
2:06:00	52	19,72	0,00
2:07:00	51	19,72	0,00
2:08:00	51	19,72	0,00
2:09:00	52	19,73	0,00
2:10:00	52	19,72	0,00
2:11:00	52	16,77	0,01
2:12:00	52	16,78	0,01
2:13:00	52	16,76	0,01
2:14:00	52	16,76	0,01
2:15:00	52	16,77	0,01
2:16:00	52		
2:17:00	52	19,73	0,00
2:18:00	52	19,73	0,00
2:19:00	52	19,73	0,00
2:20:00	52	19,73	0,00
2:21:00	52	19,73	0,00
2:22:00	52	19,73	0,00
2:23:00	52	19,73	0,00
2:24:00	52	19,73	0,00
2:25:00	52	19,73	0,00
2:26:00	52	19,73	0,00
2:27:00	52	19,73	0,00
2:28:00	52	19,73	0,00
2:29:00	52	19,73	0,00
2:30:00	52	19,74	0,00
2:31:00	53	19,73	0,00
2:32:00	53	19,74	0,00
2:33:00	52	19,74	0,00
2:34:00	53	19,73	0,00
2:35:00	53	19,74	0,00
2:36:00	53	19,73	0,00
2:37:00	53	19,74	0,00
2:38:00	53	19,74	0,00
2:39:00	53	19,74	0,00
2:40:00	53	19,73	0,00
2:41:00	53	19,74	0,00
2:42:00	53	19,74	0,00
2:43:00	53	19,74	0,00
2:44:00	53	19,74	0,00
2:45:00	53	19,74	0,00
2:46:00	53	19,74	0,00
2:47:00	53	19,73	0,00
2:48:00	53	19,73	0,00
2:49:00	53	19,74	0,00
2:50:00	54	19,74	0,00
2:51:00	53	19,73	0,00
2:52:00	54	19,74	0,00
2:53:00	54	19,74	0,00
2:54:00	53	19,74	0,00
2:55:00	54	19,74	0,00
2:56:00	54	19,74	0,00
2:57:00	54	19,74	0,00
2:58:00	54	19,74	0,00
2:59:00	54	19,74	0,00
3:00:00	54	19,74	0,00
3:01:00	54	19,74	0,00
3:02:00	54	19,74	0,00
3:03:00	54	19,74	0,00
3:04:00	54	19,74	0,00
3:05:00	54	19,74	0,00
3:06:00	54	19,74	0,00
3:07:00	54	19,74	0,00
3:08:00	54	19,74	0,00
3:09:00	54	19,74	0,00
3:10:00	54	19,74	0,00
3:11:00	55	19,74	0,00
3:12:00	54	19,74	0,00
3:13:00	54	19,74	0,00
3:14:00	55	19,74	0,00
3:15:00	54	19,75	0,00
3:16:00	54	19,75	0,00
3:17:00	55	19,75	0,00
3:18:00	54	19,77	0,00
3:19:00	55	19,76	0,00
3:20:00	55	19,76	0,00
3:21:00	55	19,75	0,00
3:22:00	55	19,75	0,00
3:23:00	55	19,76	0,00
3:24:00	55	19,76	0,00
3:25:00	55	19,76	0,00
3:26:00	55	19,77	0,00
3:27:00	55	19,76	0,00
3:28:00	55	19,77	0,00
3:29:00	55	19,77	0,00
3:30:00	55	19,77	0,00
3:31:00	55	19,77	0,00
3:32:00	55	19,77	0,00
3:33:00	55	19,78	0,00
3:34:00	56	19,78	0,00
3:35:00	56	19,78	0,00
3:36:00	55	19,78	0,00
3:37:00	55	19,78	0,00
3:38:00	56	19,78	0,00
3:39:00	56	19,79	0,00
3:40:00	56	19,79	0,00
3:41:00	56	19,79	0,00
3:42:00	56	19,80	0,00
3:43:00	56	19,80	0,00
3:44:00	56	19,80	0,00
3:45:00	56	19,80	0,00
3:46:00	56	19,80	0,00
3:47:00	56	19,80	0,00
3:48:00	56	19,80	0,00
3:49:00	56	19,80	0,00
3:50:00	56	19,81	0,00
3:51:00	56	19,81	0,00
3:52:00	56	19,81	0,00
3:53:00	56	19,81	0,00
3:54:00	56	19,82	0,00
3:55:00	56	19,82	0,00
3:56:00	56	19,82	0,00
3:57:00	56	19,83	0,00
3:58:00	56	19,83	0,00
3:59:00	56	19,83	0,00
4:00:00	56	19,83	0,00
4:01:00	57	19,84	0,00
4:02:00	57	19,83	0,00
4:03:00	57	19,83	0,00
4:04:00	57	19,83	0,00
4:05:00	57	19,84	0,00
4:06:00	57	19,84	0,00
4:07:00	57	19,84	0,00
4:08:00	57	19,84	0,00
4:09:00	57	19,84	0,00
4:10:00	57	19,84	0,00
4:11:00	57	19,85	0,00
4:12:00	57	19,85	0,00
4:13:00	57	19,85	0,00
4:14:00	57	19,85	0,00
4:15:00	57	19,85	0,00
4:16:00	57	19,86	0,00
4:17:00	57	19,86	0,00
4:18:00	57	19,85	0,00
4:19:00	57	19,86	0,00
4:20:00	57	19,86	0,00
4:21:00	58	19,86	0,00
4:22:00	57	19,87	0,00
4:23:00	58	19,87	0,00
4:24:00	58	19,87	0,00
4:25:00	58	19,88	0,00
4:26:00	58	19,88	0,00
4:27:00	58	19,88	0,00
4:28:00	58	19,88	0,00
4:29:00	58	19,89	0,00
4:30:00	58	19,89	0,00
4:31:00	58	19,89	0,00
4:32:00	58	19,89	0,00
4:33:00	58	19,89	0,00
4:34:00	58	19,89	0,00
4:35:00	58	19,89	0,00
4:36:00	58	19,90	0,00
4:37:00	58	19,90	0,00
4:38:00	58	17,65	0,00
4:39:00	58	17,66	0,00
4:40:00	58	17,67	0,00
4:41:00	58	17,67	0,00
4:42:00	58	17,67	0,00
4:43:00	59	17,67	0,00
4:44:00	59	17,67	0,00
4:45:00	58	17,67	0,00
4:46:00	59	17,66	0,00
4:47:00	59	17,68	0,00
4:48:00	59	17,68	0,00
4:49:00	59	17,68	0,00
4:50:00	59	17,68	0,00
4:51:00	59	17,68	0,00
4:52:00	59	17,68	0,00
4:53:00	59	17,68	0,00
4:54:00	59	17,68	0,00
4:55:00	59	17,68	0,00
4:56:00	59	17,68	0,00
4:57:00	59	17,68	0,00
4:58:00	59	17,69	0,00
4:59:00	59	17,69	0,00
5:00:00	59	17,70	0,00
5:01:00	59	17,70	0,00
5:02:00	59	17,70	0,00
5:03:00	59	17,70	0,00
5:04:00	59	17,70	0,00
5:05:00	59	17,71	0,00
5:06:00	59	17,70	0,00
5:07:00	59	17,70	0,00
5:08:00	59	17,70	0,00
5:09:00	59	17,71	0,00
5:10:00	59	17,71	0,00
5:11:00	59	17,72	0,00
5:12:00	59	17,72	0,00
5:13:00	59	17,73	0,00
5:14:00	59	17,72	0,00
5:15:00	59	17,73	0,00
5:16:00	59	17,73	0,00
5:17:00	59	17,73	0,00
5:18:00	59	17,73	0,00
5:19:00	59	17,73	0,00
5:20:00	59	17,73	0,00
5:21:00	59	17,73	0,00
5:22:00	59	17,73	0,00
5:23:00	59	17,73	0,00
5:24:00	59	17,74	0,00
5:25:00	59	17,74	0,00
5:26:00	59	17,75	0,00
5:27:00	59	17,75	0,00
5:28:00	59	17,76	0,00
5:29:00	59	17,75	0,00
5:30:00	59	17,75	0,00
5:31:00	59	17,76	0,00
5:32:00	59	17,76	0,00
5:33:00	59	17,76	0,00
5:34:00	59	17,77	0,00
5:35:00	59	17,77	0,00
5:36:00	59	17,76	0,00
5:37:00	59	17,77	0,00
5:38:00	59	17,76	0,00
5:39:00	59	17,77	0,00
5:40:00	59	17,78	0,00
5:41:00	59	17,77	0,00
5:42:00	59	17,78	0,00
5:43:00	59	20,10	0,00
5:44:00	59	20,10	0,00
5:45:00	59	20,10	0,00
5:46:00	59	20,13	0,00
5:47:00	59	17,81	0,00
5:48:00	59	17,80	0,00
5:49:00	59	17,79	0,00
5:50:00	59	17,80	0,00
5:51:00	59	17,80	0,00
5:52:00	59	17,82	0,00
5:53:00	59	17,80	0,00
5:54:00	59	17,81	0,00
5:55:00	59	17,80	0,00
5:56:00	59	17,82	0,00
5:57:00	59	17,80	0,00
5:58:00	59	17,81	0,00
5:59:00	59	17,82	0,00
6:00:00	59	17,82	0,00
6:01:00	59	17,82	0,00
6:02:00	59	17,82	0,00
6:03:00	59	17,11	0,00
6:04:00	59	17,10	0,00
6:05:00	59	20,13	0,00
6:06:00	59	17,11	0,00
6:07:00	59	17,08	0,00
6:08:00	59	17,11	0,00
6:09:00	59	17,10	0,00
6:10:00	59	17,10	0,00
6:11:00	59	17,10	0,00
6:12:00	59	17,12	0,00
6:13:00	59	17,09	0,00
6:14:00	59	17,11	0,00
6:15:00	59	17,09	0,00
6:16:00	59	17,10	0,00
6:17:00	59	17,10	0,00
6:18:00	59	17,11	0,00
6:19:00	59	17,10	0,00
6:20:00	59	17,10	0,00
6:21:00	59	17,10	0,00
6:22:00	59	17,10	0,00
6:23:00	59	17,10	0,00
6:24:00	59	17,10	0,00
6:25:00	59	17,10	0,00
6:26:00	59	17,10	0,00
6:27:00	59	17,10	0,00
6:28:00	59	17,10	0,00
6:29:00	59	17,09	0,00
6:30:00	59	17,09	0,00
6:31:00	59	17,10	0,00
6:32:00	59	17,09	0,00
6:33:00	59	17,08	0,00
6:34:00	59	17,09	0,00
6:35:00	59	17,09	0,00
6:36:00	59	17,09	0,00
6:37:00	59	17,08	0,00
6:38:00	59	17,09	0,00
6:39:00	59	17,09	0,00
6:40:00	59	17,09	0,00
6:41:00	59	17,08	0,00
6:42:00	59	17,08	0,00
6:43:00	59	17,09	0,00
6:44:00	59	17,08	0,00
6:45:00	59	17,08	0,00
6:46:00	59	17,08	0,00
6:47:00	59	17,08	0,00
6:48:00	59	17,08	0,00
6:49:00	59	17,08	0,00
6:50:00	59	17,08	0,00
6:51:00	59	17,08	0,00
6:52:00	59	17,08	0,00
6:53:00	59	17,08	0,00
6:54:00	59	17,08	0,00
6:55:00	59	17,08	0,00
6:56:00	59	17,08	0,00
6:57:00	59	17,07	0,00
6:58:00	59	17,07	0,00
6:59:00	59	17,07	0,00
7:00:00	59	17,08	0,00
7:01:00	59	17,07	0,00
7:02:00	59	17,08	0,00
7:03:00	59	17,07	0,00
7:04:00	59	17,07	0,00
7:05:00	59	17,07	0,00
7:06:00	59	17,07	0,00
7:07:00	59	17,07	0,00
7:08:00	59	17,07	0,00
7:09:00	59	17,07	0,00
7:10:00	59	17,06	0,00
7:11:00	59	17,06	0,00
7:12:00	59	17,06	0,00
7:13:00	59	17,06	0,00
7:14:00	59	17,06	0,00
7:15:00	59	17,05	0,00
7:16:00	59	17,05	0,00
7:17:00	59	17,05	0,00
7:18:00	59	17,05	0,00
7:19:00	59	17,05	0,00
7:20:00	59	17,04	0,00
7:21:00	59	17,04	0,00
7:22:00	59	17,04	0,00
7:23:00	59	17,04	0,00
7:24:00	59	17,04	0,00
7:25:00	59	17,04	0,00
7:26:00	59	17,03	0,00
7:27:00	59	17,03	0,00
7:28:00	59	17,03	0,00
7:29:00	59	17,02	0,00
7:30:00	59	17,02	0,00
7:31:00	59	17,02	0,00
7:32:00	59	17,02	0,00
7:33:00	59	17,01	0,00
7:34:00	59	17,01	0,00
7:35:00	59	17,00	0,00
7:36:00	59	17,00	0,00
7:37:00	59	16,99	0,00
7:38:00	59	16,98	0,00
7:39:00	59	16,98	0,00
7:40:00	59	16,97	0,00
7:41:00	59	16,96	0,00
7:42:00	59	16,95	0,00
7:43:00	59	16,95	0,00
7:44:00	59	16,94	0,00
7:45:00	59	16,93	0,00
7:46:00	59	16,92	0,00
7:47:00	59	16,91	0,00
7:48:00	59	16,89	0,00
7:49:00	59	16,89	0,00
7:50:00	59	16,88	0,00
7:51:00	59	16,86	0,00
7:52:00	59	16,85	0,00
7:53:00	59	16,84	0,00
7:54:00	59	16,82	0,00
7:55:00	59	16,80	0,00
7:56:00	59	16,79	0,01
7:57:00	59	16,78	0,01
7:58:00	59	16,76	0,01
7:59:00	59	16,74	0,02
8:00:00	59	16,73	0,02
8:01:00	59	16,71	0,03
8:02:00	59	16,69	0,03
8:03:00	59	16,67	0,04
8:04:00	59	16,66	0,04
8:05:00	59	16,63	0,04
8:06:00	59	16,61	0,05
8:07:00	59	16,59	0,06
8:08:00	59	16,57	0,06
8:09:00	59	16,54	0,07
8:10:00	59	16,51	0,07
8:11:00	59	16,48	0,08
8:12:00	59	16,46	0,09
8:13:00	59	16,43	0,10
8:14:00	59	16,40	0,10
8:15:00	59	16,36	0,11
8:16:00	59	16,33	0,12
8:17:00	59	16,30	0,13
8:18:00	59	16,26	0,14
8:19:00	59	16,22	0,15
8:20:00	59	16,18	0,16
8:21:00	59	16,14	0,17
8:22:00	59	16,11	0,19
8:23:00	59	16,07	0,20
8:24:00	59	16,03	0,21
8:25:00	59	15,99	0,22
8:26:00	59	15,95	0,23
8:27:00	59	15,90	0,25
8:28:00	59	15,86	0,26
8:29:00	59	15,82	0,28
8:30:00	59	15,77	0,29
8:31:00	59	15,72	0,31
8:32:00	59	15,68	0,32
8:33:00	59	15,63	0,34
8:34:00	59	15,58	0,35
8:35:00	59	15,53	0,37
8:36:00	59	15,48	0,39
8:37:00	59	15,42	0,41
8:38:00	59	15,37	0,43
8:39:00	59	15,32	0,45
8:40:00	59	15,28	0,47
8:41:00	59	15,21	0,49
8:42:00	59	15,16	0,51
8:43:00	59	15,11	0,54
8:44:00	59	15,05	0,56
8:45:00	59	15,00	0,58
8:46:00	59	14,94	0,61
8:47:00	59	14,88	0,63
8:48:00	59	14,83	0,66
8:49:00	59	14,78	0,68
8:50:00	59	14,72	0,71
8:51:00	59	14,67	0,74
8:52:00	59	14,62	0,76
8:53:00	59	14,55	0,79
8:54:00	59	14,50	0,82
8:55:00	59	14,45	0,85
8:56:00	59	14,40	0,88
8:57:00	59	14,34	0,91
8:58:00	59	14,30	0,93
8:59:00	59	14,24	0,97
9:00:00	59	14,19	1,00
9:01:00	59	14,14	1,03
9:02:00	59	14,08	1,06
9:03:00	59	14,03	1,10
9:04:00	59	13,98	1,13
9:05:00	59	13,93	1,16
9:06:00	59	13,88	1,19
9:07:00	59	13,84	1,22
9:08:00	59	13,78	1,26
9:09:00	59	13,74	1,29
9:10:00	59	13,69	1,33
9:11:00	59	13,60	1,39
9:12:00	59	13,56	1,42
9:13:00	59	13,51	1,46
9:14:00	59	13,47	1,50
9:15:00	59	13,42	1,53
9:16:00	59	13,38	1,57
9:17:00	59	13,33	1,61
9:18:00	59	13,29	1,65
9:19:00	59	13,24	1,69
9:20:00	59	13,20	1,73
9:21:00	58	13,16	1,76
9:22:00	59	13,12	1,79
9:23:00	59	13,08	1,83
9:24:00	59	13,05	1,87
9:25:00	59	13,01	1,90
9:26:00	59	12,97	1,94
9:27:00	59	12,93	1,98
9:28:00	59	12,90	2,01
9:29:00	59	12,86	2,05
9:30:00	59	12,82	2,09
9:31:00	59	12,79	2,12
9:32:00	59	12,75	2,16
9:33:00	59	12,72	2,20
9:34:00	59	12,69	2,24
9:35:00	59	12,66	2,27
9:36:00	59	12,62	2,31
9:37:00	59	12,59	2,35
9:38:00	59	12,56	2,38
9:39:00	59	12,53	2,42
9:40:00	59	12,50	2,46
9:41:00	59	12,47	2,49
9:42:00	59	12,44	2,53
9:43:00	59	12,41	2,57
9:44:00	59	12,38	2,61
9:45:00	59	12,36	2,63
9:46:00	59	12,33	2,67
9:47:00	59	12,30	2,71
9:48:00	59	12,27	2,74
9:49:00	59	12,25	2,77
9:50:00	59	12,22	2,82
9:51:00	59	12,20	2,85
9:52:00	59	12,18	2,88
9:53:00	59	12,15	2,92
9:54:00	59	12,13	2,95
9:55:00	59	12,10	2,99
9:56:00	59	12,08	3,02
9:57:00	59	12,05	3,06
9:58:00	59	12,04	3,08
9:59:00	59	12,01	3,12
10:00:00	59	12,00	3,14
10:01:00	59	11,97	3,18
10:02:00	59	11,96	3,20
10:03:00	59	11,94	3,23
10:04:00	59	11,92	3,26
10:05:00	59	11,90	3,29
10:06:00	59	11,88	3,32
10:07:00	59	11,88	3,33
10:08:00	59	11,82	3,43
10:09:00	59	11,80	3,45
10:10:00	59	11,78	3,49
10:11:00	59	11,77	3,52
10:12:00	58	11,74	3,56
10:13:00	59	11,73	3,58
10:14:00	59	11,71	3,61
10:15:00	59	11,69	3,65
10:16:00	59	11,67	3,67
10:17:00	59	11,66	3,70
10:18:00	59	11,64	3,73
10:19:00	59	11,62	3,77
10:20:00	59	11,61	3,80
10:21:00	59	11,59	3,82
10:22:00	59	11,58	3,85
10:23:00	59	11,56	3,88
10:24:00	59	11,55	3,91
10:25:00	59	11,53	3,94
10:26:00	58	11,52	3,97
10:27:00	59	11,50	4,00
10:28:00	59	11,49	4,02
10:29:00	59	11,47	4,05
10:30:00	59	11,46	4,08
10:31:00	59	11,45	4,10
10:32:00	59	11,43	4,13
10:33:00	59	11,42	4,16
10:34:00	59	11,40	4,19
10:35:00	59	11,39	4,22
10:36:00	59	11,38	4,23
10:37:00	59	11,37	4,27
10:38:00	59	11,35	4,30
10:39:00	59	11,34	4,33
10:40:00	59	11,33	4,34
10:41:00	59	11,32	4,38
10:42:00	59	11,31	4,39
10:43:00	59	11,29	4,42
10:44:00	59	11,29	4,44
10:45:00	59	11,27	4,47
10:46:00	59	11,25	4,51
10:47:00	59	11,25	4,52
10:48:00	59	11,23	4,55
10:49:00	59	11,22	4,57
10:50:00	59	11,21	4,60
10:51:00	59	11,20	4,62
10:52:00	59	11,19	4,66
10:53:00	59	11,18	4,67
10:54:00	59	11,17	4,69
10:55:00	59	11,16	4,72
10:56:00	59	11,15	4,74
10:57:00	59	11,13	4,78
10:58:00	59	11,13	4,79
10:59:00	59	11,12	4,81
11:00:00	59	11,11	4,83
11:01:00	59	11,10	4,86
11:02:00	59	11,09	4,88
11:03:00	59	11,08	4,90
11:04:00	59	11,07	4,92
11:05:00	59	11,07	4,94
11:06:00	59	11,06	4,95
11:07:00	59	11,05	4,97
11:08:00	59	11,04	5,01
11:09:00	59	11,03	5,03
11:10:00	59	11,02	5,05
11:11:00	59	11,02	5,06
11:12:00	59	11,00	5,10
11:13:00	59	10,99	5,12
11:14:00	59	10,98	5,14
11:15:00	59	10,98	5,16
11:16:00	59	10,97	5,18
11:17:00	59	10,96	5,20
11:18:00	59	10,95	5,21
11:19:00	59	10,94	5,25
11:20:00	59	10,93	5,27
11:21:00	59	10,93	5,29
11:22:00	59	10,92	5,31
11:23:00	59	10,91	5,33
11:24:00	59	10,90	5,35
11:25:00	59	10,89	5,37
11:26:00	59	10,89	5,39
11:27:00	59	10,88	5,41
11:28:00	59	10,87	5,43
11:29:00	59	10,86	5,45
11:30:00	59	10,86	5,47
11:31:00	59	10,85	5,49
11:32:00	59	10,84	5,51
11:33:00	59	10,84	5,53
11:34:00	59	10,83	5,55
11:35:00	59	10,82	5,57
11:36:00	59	10,82	5,57
11:37:00	59	10,81	5,59
11:38:00	59	10,80	5,61
11:39:00	59	10,80	5,63
11:40:00	59	10,79	5,65
11:41:00	59	10,78	5,67
11:42:00	59	10,77	5,69
11:43:00	59	10,77	5,69
11:44:00	59	10,77	5,72
11:45:00	59	10,76	5,74
11:46:00	59	10,75	5,76
11:47:00	59	10,72	5,84
11:48:00	59	10,72	5,84
11:49:00	59	10,71	5,87
11:50:00	59	10,70	5,91
11:51:00	59	10,69	5,93
11:52:00	59	10,69	5,93
11:53:00	59	10,68	5,95
11:54:00	59	10,68	5,97
11:55:00	59	10,67	6,00
11:56:00	59	10,66	6,02
11:57:00	59	10,65	6,04
11:58:00	59	10,65	6,06
11:59:00	59	10,64	6,09
12:00:00	59	10,64	6,09
12:01:00	59	10,63	6,11
12:02:00	59	10,63	6,13
12:03:00	59	10,62	6,15
12:04:00	59	10,61	6,18
12:05:00	59	10,60	6,20
12:06:00	59	10,59	6,22
12:07:00	59	10,59	6,25
12:08:00	59	10,59	6,25
12:09:00	59	10,58	6,27
12:10:00	59	10,57	6,29
12:11:00	59	10,56	6,32
12:12:00	59	10,56	6,34
12:13:00	59	10,55	6,36
12:14:00	59	10,55	6,36
12:15:00	59	10,54	6,39
12:16:00	59	10,54	6,41
12:17:00	59	10,53	6,43
12:18:00	59	10,52	6,46
12:19:00	59	10,51	6,48
12:20:00	59	10,51	6,48
12:21:00	59	10,50	6,51
12:22:00	59	10,50	6,53
12:23:00	59	10,49	6,55
12:24:00	59	10,48	6,58
12:25:00	59	10,47	6,60
12:26:00	59	10,47	6,60
12:27:00	59	10,47	6,63
12:28:00	59	10,46	6,65
12:29:00	59	10,46	6,65
12:30:00	59	10,45	6,68
12:31:00	59	10,45	6,70
12:32:00	59	10,44	6,73
12:33:00	59	10,44	6,73
12:34:00	59	10,43	6,75
12:35:00	59	10,42	6,78
12:36:00	59	10,41	6,80
12:37:00	59	10,41	6,83
12:38:00	59	10,41	6,83
12:39:00	59	10,40	6,85
12:40:00	59	10,40	6,85
12:41:00	59	10,39	6,88
12:42:00	58	10,38	6,91
12:43:00	59	10,38	6,91
12:44:00	59	10,38	6,93
12:45:00	59	10,37	6,96
12:46:00	59	10,36	6,98
12:47:00	59	10,36	6,98
12:48:00	59	10,36	7,01
12:49:00	59	10,35	7,04
12:50:00	59	10,34	7,06
12:51:00	59	10,34	7,06
12:52:00	59	10,33	7,09
12:53:00	59	10,32	7,11
12:54:00	59	10,32	7,11
12:55:00	59	10,32	7,14
12:56:00	59	10,31	7,17
12:57:00	59	10,31	7,17
12:58:00	59	10,30	7,20
12:59:00	59	10,29	7,22
13:00:00	59	10,29	7,25
13:01:00	59	10,28	7,28
13:02:00	59	10,28	7,28
13:03:00	59	10,27	7,30
13:04:00	59	10,27	7,30
13:05:00	59	10,27	7,33
13:06:00	59	10,26	7,36
13:07:00	59	10,25	7,39
13:08:00	59	10,25	7,39
13:09:00	59	10,24	7,41
13:10:00	59	10,23	7,44
13:11:00	59	10,23	7,44
13:12:00	59	10,23	7,47
13:13:00	59	10,22	7,50
13:14:00	59	10,22	7,50
13:15:00	59	10,21	7,53
13:16:00	59	10,20	7,56
13:17:00	59	10,20	7,56
13:18:00	59	10,20	7,58
13:19:00	59	10,19	7,61
13:20:00	59	10,19	7,61
13:21:00	59	10,18	7,64
13:22:00	59	10,17	7,67
13:23:00	59	10,17	7,67
13:24:00	59	10,17	7,70
13:25:00	59	10,16	7,73
13:26:00	59	10,16	7,73
13:27:00	59	10,15	7,76
13:28:00	59	10,15	7,76
13:29:00	59	10,14	7,79
13:30:00	59	10,14	7,82
13:31:00	59	10,14	7,82
13:32:00	59	10,13	7,85
13:33:00	59	10,12	7,88
13:34:00	59	10,12	7,88
13:35:00	59	10,11	7,91
13:36:00	59	10,11	7,91
13:37:00	59	10,11	7,94
13:38:00	59	10,11	7,94
13:39:00	59	10,10	7,97
13:40:00	59	10,10	7,97
13:41:00	59	10,09	8,00
13:42:00	59	10,08	8,03
13:43:00	59	10,08	8,03
13:44:00	59	10,08	8,06
13:45:00	59	10,08	8,06
13:46:00	59	10,07	8,09
13:47:00	59	10,06	8,12
13:48:00	59	10,06	8,12
13:49:00	59	10,05	8,15
13:50:00	59	10,05	8,18
13:51:00	59	10,05	8,18
13:52:00	59	10,04	8,21
13:53:00	59	10,04	8,21
13:54:00	59	10,03	8,24
13:55:00	59	10,02	8,27
13:56:00	59	10,02	8,27
13:57:00	59	10,02	8,30
13:58:00	59	10,02	8,30
13:59:00	59	10,01	8,34
14:00:00	59	10,01	8,34
14:01:00	59	10,00	8,37
14:02:00	59	9,99	8,40
14:03:00	59	9,99	8,40
14:04:00	59	9,99	8,43
14:05:00	59	9,99	8,43
14:06:00	59	9,98	8,46
14:07:00	59	9,98	8,46
14:08:00	59	9,97	8,50
14:09:00	59	9,97	8,50
14:10:00	59	9,96	8,53
14:11:00	59	9,96	8,53
14:12:00	59	9,96	8,56
14:13:00	59	9,96	8,56
14:14:00	59	9,95	8,59
14:15:00	59	9,95	8,59
14:16:00	59	9,94	8,63
14:17:00	59	9,94	8,63
14:18:00	59	9,93	8,66
14:19:00	59	9,93	8,66
14:20:00	59	9,93	8,69
14:21:00	59	9,93	8,69
14:22:00	59	9,92	8,73
14:23:00	59	9,92	8,73
14:24:00	59	9,91	8,76
14:25:00	59	9,91	8,76
14:26:00	59	9,90	8,79
14:27:00	59	9,90	8,79
14:28:00	59	9,90	8,83
14:29:00	59	9,90	8,83
14:30:00	59	9,89	8,86
14:31:00	59	9,89	8,86
14:32:00	59	9,88	8,90
14:33:00	59	9,88	8,90
14:34:00	59	9,88	8,90
14:35:00	59	9,88	8,93
14:36:00	59	9,88	8,93
14:37:00	59	9,87	8,96
14:38:00	59	9,87	8,96
14:39:00	59	9,85	9,03
14:40:00	59	9,84	9,07
14:41:00	59	9,84	9,10
14:42:00	59	9,84	9,10
14:43:00	59	9,83	9,14
14:44:00	59	9,83	9,14
14:45:00	59	9,82	9,17
14:46:00	59	9,82	9,17
14:47:00	59	9,82	9,21
14:48:00	59	9,82	9,21
14:49:00	59	9,81	9,24
14:50:00	59	9,81	9,24
14:51:00	59	9,80	9,28
14:52:00	59	9,80	9,28
14:53:00	59	9,79	9,31
14:54:00	59	9,79	9,31
14:55:00	59	9,79	9,31
14:56:00	59	9,79	9,35
14:57:00	59	9,78	9,39
14:58:00	59	9,78	9,39
14:59:00	59	9,77	9,42
15:00:00	59	9,77	9,42
15:01:00	59	9,77	9,42
15:02:00	59	9,76	9,46
15:03:00	59	9,76	9,46
15:04:00	59	9,75	9,50
15:05:00	59	9,75	9,50
15:06:00	59	9,75	9,53
15:07:00	59	9,75	9,53
15:08:00	59	9,74	9,57
15:09:00	59	9,74	9,57
15:10:00	59	9,73	9,61
15:11:00	59	9,73	9,61
15:12:00	59	9,73	9,61
15:13:00	59	9,72	9,64
15:14:00	59	9,72	9,68
15:15:00	59	9,72	9,68
15:16:00	59	9,72	9,68
15:17:00	59	9,71	9,72
15:18:00	59	9,71	9,72
15:19:00	59	9,70	9,76
15:20:00	59	9,70	9,76
15:21:00	59	9,70	9,76
15:22:00	59	9,69	9,79
15:23:00	59	9,69	9,79
15:24:00	59	9,69	9,83
15:25:00	59	9,69	9,83
15:26:00	59	9,68	9,87
15:27:00	59	9,68	9,87
15:28:00	59	9,67	9,91
15:29:00	59	9,67	9,91
15:30:00	59	9,67	9,91
15:31:00	59	9,66	9,95
15:32:00	59	9,66	9,95
15:33:00	59	9,66	9,95
15:34:00	59	9,66	9,99
15:35:00	59	9,66	9,99
15:36:00	59	9,65	10,02
15:37:00	59	9,65	10,02
15:38:00	59	9,65	10,02
15:39:00	59	9,64	10,06
15:40:00	59	9,64	10,06
15:41:00	59	9,64	10,06
15:42:00	59	9,63	10,10
15:43:00	59	9,63	10,10
15:44:00	59	9,63	10,14
15:45:00	59	9,63	10,14
15:46:00	59	9,63	10,14
15:47:00	59	9,62	10,18
15:48:00	59	9,62	10,18
15:49:00	59	9,62	10,18
15:50:00	59	9,61	10,22
15:51:00	59	9,61	10,22
15:52:00	59	9,60	10,26
15:53:00	59	9,60	10,26
15:54:00	59	9,60	10,26
15:55:00	59	9,60	10,30
15:56:00	59	9,60	10,30
15:57:00	59	9,60	10,30
15:58:00	59	9,59	10,34
15:59:00	59	9,59	10,34
16:00:00	59	9,58	10,38
16:01:00	59	9,58	10,38
16:02:00	59	9,58	10,38
16:03:00	59	9,57	10,42
16:04:00	59	9,57	10,42
16:05:00	59	9,57	10,42
16:06:00	59	9,57	10,46
16:07:00	59	9,57	10,46
16:08:00	59	9,56	10,50
16:09:00	59	9,56	10,50
16:10:00	59	9,56	10,50
16:11:00	59	9,56	10,50
16:12:00	59	9,55	10,55
16:13:00	59	9,55	10,55
16:14:00	59	9,54	10,59
16:15:00	59	9,54	10,59
16:16:00	59	9,56	10,50
16:17:00	59	9,54	10,59
16:18:00	59	9,55	10,55
16:19:00	59	9,54	10,63
16:20:00	59	9,54	10,63
16:21:00	59	9,54	10,63
16:22:00	59	9,54	10,63
16:23:00	59	9,54	10,59
16:24:00	59	9,53	10,67
16:25:00	59	9,53	10,67
16:26:00	59	9,52	10,71
16:27:00	59	9,52	10,71
16:28:00	59	9,52	10,71
16:29:00	59	9,52	10,75
16:30:00	59	9,52	10,75
16:31:00	59	9,52	10,75
16:32:00	59	9,51	10,80
16:33:00	59	9,51	10,80
16:34:00	59	9,51	10,80
16:35:00	59	9,50	10,84
16:36:00	59	9,50	10,84
16:37:00	59	9,50	10,84
16:38:00	59	9,49	10,88
16:39:00	59	9,49	10,88
16:40:00	59	9,49	10,88
16:41:00	59	9,51	10,80
16:42:00	59	9,48	10,92
16:43:00	59	9,49	10,88
16:44:00	59	9,48	10,92
16:45:00	59	9,48	10,97
16:46:00	59	9,48	10,92
16:47:00	59	9,48	10,97
16:48:00	59	9,47	11,01
16:49:00	59	9,48	10,97
16:50:00	59	9,48	10,97
16:51:00	59	9,47	11,01
16:52:00	59	9,46	11,05
16:53:00	59	9,46	11,05
16:54:00	59	9,46	11,05
16:55:00	59	9,45	11,10
16:56:00	59	9,45	11,14
16:57:00	59	9,45	11,14
16:58:00	59	9,45	11,10
16:59:00	59	9,45	11,14
17:00:00	59	9,44	11,18
17:01:00	59	9,44	11,18
17:02:00	59	9,44	11,18
17:03:00	59	9,43	11,23
17:04:00	59	9,43	11,23
17:05:00	59	9,43	11,23
17:06:00	59	9,43	11,23
17:07:00	59	9,43	11,27
17:08:00	59	9,43	11,27
17:09:00	59	9,42	11,32
17:10:00	59	9,42	11,32
17:11:00	59	9,43	11,27
17:12:00	59	9,42	11,32
17:13:00	59	9,41	11,36
17:14:00	59	9,41	11,36
17:15:00	59	9,41	11,36
17:16:00	59	9,39	11,45
17:17:00	59	9,40	11,41
17:18:00	59	9,40	11,41
17:19:00	59	9,40	11,41
17:20:00	59	9,40	11,41
17:21:00	59	9,40	11,41
17:22:00	59	9,39	11,45
17:23:00	59	9,39	11,45
17:24:00	59	9,39	11,45
17:25:00	59	9,39	11,45
17:26:00	59	9,37	11,59
17:27:00	59	9,39	11,50
17:28:00	59	9,39	11,50
17:29:00	59	9,39	11,50
17:30:00	59	9,39	11,50
17:31:00	59	9,38	11,54
17:32:00	59	9,38	11,54
17:33:00	59	9,38	11,54
17:34:00	59	9,37	11,59
17:35:00	59	9,37	11,59
17:36:00	59	9,36	11,68
17:37:00	59	9,35	11,73
17:38:00	59	9,35	11,73
17:39:00	59	9,36	11,63
17:40:00	59	9,36	11,63
17:41:00	59	9,36	11,68
17:42:00	59	9,36	11,68
17:43:00	59	9,36	11,68
17:44:00	59	9,36	11,68
17:45:00	59	9,35	11,73
17:46:00	59	9,35	11,73
17:47:00	59	9,34	11,82
17:48:00	59	9,33	11,87
17:49:00	59	9,33	11,87
17:50:00	59	9,33	11,87
17:51:00	59	9,32	11,92
17:52:00	59	9,34	11,77
17:53:00	59	9,34	11,77
17:54:00	59	9,32	11,92
17:55:00	59	9,31	11,96
17:56:00	59	9,31	11,96
17:57:00	59	9,31	11,96
17:58:00	59	9,31	11,96
17:59:00	59	9,30	12,01
18:00:00	59	9,30	12,01
18:01:00	59	9,30	12,01
18:02:00	59	9,30	12,01
18:03:00	59	9,30	12,06
18:04:00	59	9,30	12,06
18:05:00	59	9,30	12,06
18:06:00	59	9,31	11,96
18:07:00	59	9,30	12,06
18:08:00	59	9,30	12,06
18:09:00	59	9,31	11,96
18:10:00	59	9,31	11,96
18:11:00	59	9,30	12,01
18:12:00	59	9,30	12,01
18:13:00	59	9,30	12,01
18:14:00	59	9,30	12,01
18:15:00	59	9,30	12,01
18:16:00	59	9,30	12,06
18:17:00	59	9,30	12,06
18:18:00	59	9,30	12,06
18:19:00	59	9,30	12,06
18:20:00	59	9,30	12,06
18:21:00	59	9,29	12,11
18:22:00	59	9,29	12,11
18:23:00	59	9,29	12,11
18:24:00	59	9,29	12,11
18:25:00	59	9,28	12,15
18:26:00	59	9,28	12,15
18:27:00	59	9,28	12,15
18:28:00	59	9,28	12,15
18:29:00	59	9,28	12,15
18:30:00	59	9,27	12,20
18:31:00	59	9,27	12,20
18:32:00	59	9,27	12,20
18:33:00	59	9,27	12,20
18:34:00	59	9,27	12,20
18:35:00	59	9,27	12,20
18:36:00	59	9,27	12,25
18:37:00	59	9,27	12,25
18:38:00	59	9,27	12,25
18:39:00	59	9,27	12,25
18:40:00	59	9,27	12,25
18:41:00	59	9,26	12,30
18:42:00	59	9,26	12,30
18:43:00	59	9,26	12,30
18:44:00	59	9,26	12,30
18:45:00	59	9,26	12,30
18:46:00	59	9,25	12,35
18:47:00	59	9,25	12,35
18:48:00	59	9,25	12,35
18:49:00	59	9,25	12,35
18:50:00	59	9,25	12,35
18:51:00	59	9,25	12,35
18:52:00	59	9,24	12,40
18:53:00	59	9,24	12,40
18:54:00	59	9,24	12,40
18:55:00	59	9,24	12,40
18:56:00	59	9,24	12,40
18:57:00	59	9,24	12,40
18:58:00	59	9,24	12,45
18:59:00	59	9,24	12,45
19:00:00	59	9,24	12,45
19:01:00	59	9,24	12,45
19:02:00	59	9,24	12,45
19:03:00	59	9,23	12,50
19:04:00	59	9,24	12,45
19:05:00	59	9,23	12,50
19:06:00	59	9,23	12,50
19:07:00	59	9,23	12,50
19:08:00	59	9,23	12,50
19:09:00	59	9,23	12,50
19:10:00	59	9,22	12,55
19:11:00	59	9,22	12,55
19:12:00	59	9,22	12,55
19:13:00	59	9,21	12,60
19:14:00	59	9,21	12,65
19:15:00	59	9,21	12,65
19:16:00	59	9,21	12,65
19:17:00	59	9,21	12,65
19:18:00	59	9,20	12,70
19:19:00	59	9,20	12,70
19:20:00	59	9,20	12,70
19:21:00	59	9,20	12,70
19:22:00	59	9,20	12,70
19:23:00	59	9,20	12,70
19:24:00	59	9,19	12,75
19:25:00	59	9,19	12,75
19:26:00	59	9,19	12,75
19:27:00	59	9,19	12,75
19:28:00	59	9,19	12,75
19:29:00	59	9,19	12,75
19:30:00	59	9,18	12,80
19:31:00	59	9,18	12,80
19:32:00	59	9,18	12,80
19:33:00	59	9,18	12,80
19:34:00	59	9,18	12,80
19:35:00	59	9,18	12,85
19:36:00	59	9,18	12,85
19:37:00	59	9,18	12,85
19:38:00	59	9,18	12,85
19:39:00	59	9,18	12,85
19:40:00	59	9,17	12,91
19:41:00	59	9,17	12,91
19:42:00	59	9,17	12,91
19:43:00	59	9,17	12,91
19:44:00	59	9,17	12,91
19:45:00	59	9,17	12,91
19:46:00	59	9,16	12,96
19:47:00	59	9,16	12,96
19:48:00	59	9,16	12,96
19:49:00	59	9,16	12,96
19:50:00	59	9,15	13,01
19:51:00	59	9,16	12,96
19:52:00	59	9,16	12,96
19:53:00	59	9,15	13,01
19:54:00	59	9,15	13,01
19:55:00	59	9,15	13,01
19:56:00	59	9,15	13,01
19:57:00	59	9,15	13,06
19:58:00	59	9,15	13,06
19:59:00	59	9,15	13,06
20:00:00	59	9,15	13,06
20:01:00	59	9,15	13,06
20:02:00	59	9,15	13,06
20:03:00	59	9,14	13,12
20:04:00	59	9,14	13,12
20:05:00	59	9,14	13,12
20:06:00	59	9,14	13,12
20:07:00	59	9,14	13,12
20:08:00	59	9,14	13,12
20:09:00	59	9,14	13,12
20:10:00	59	9,14	13,12
20:11:00	59	9,13	13,17
20:12:00	59	9,13	13,17
20:13:00	59	9,13	13,17
20:14:00	59	9,13	13,17
20:15:00	59	9,13	13,17
20:16:00	59	9,13	13,17
20:17:00	59	9,13	13,22
20:18:00	59	9,13	13,17
20:19:00	59	9,13	13,22
20:20:00	59	9,13	13,22
20:21:00	59	9,13	13,22
20:22:00	59	9,13	13,22
20:23:00	59	9,13	13,22
20:24:00	59	9,13	13,22
20:25:00	59	9,13	13,22
20:26:00	59	9,12	13,27
20:27:00	59	9,12	13,27
20:28:00	59	9,12	13,27
20:29:00	59	9,12	13,27
20:30:00	59	9,12	13,27
20:31:00	59	9,11	13,33
20:32:00	59	9,11	13,33
20:33:00	59	9,11	13,33
20:34:00	59	9,11	13,33
20:35:00	59	9,11	13,33
20:36:00	59	9,11	13,33
20:37:00	59	9,11	13,33
20:38:00	59	9,10	13,38
20:39:00	59	9,10	13,38
20:40:00	59	9,10	13,38
20:41:00	59	9,10	13,38
20:42:00	59	9,10	13,38
20:43:00	59	9,10	13,38
20:44:00	59	9,10	13,38
20:45:00	59	9,10	13,38
20:46:00	59	9,09	13,44
20:47:00	59	9,09	13,44
20:48:00	59	9,09	13,44
20:49:00	59	9,09	13,44
20:50:00	59	9,09	13,44
20:51:00	59	9,09	13,44
20:52:00	59	9,09	13,49
20:53:00	59	9,09	13,49
20:54:00	59	9,09	13,49
20:55:00	59	9,09	13,49
20:56:00	59	9,09	13,49
20:57:00	59	9,09	13,49
20:58:00	59	9,09	13,49
20:59:00	59	9,09	13,49
21:00:00	59	9,08	13,55
21:01:00	59	9,08	13,55
21:02:00	59	9,08	13,55
21:03:00	59	9,08	13,55
21:04:00	59	9,08	13,55
21:05:00	59	9,08	13,55
21:06:00	59	9,08	13,55
21:07:00	59	9,08	13,55
21:08:00	59	9,07	13,60
21:09:00	59	9,08	13,55
21:10:00	59	9,07	13,60
21:11:00	59	9,07	13,60
21:12:00	59	9,07	13,60
21:13:00	59	9,07	13,60
21:14:00	59	9,07	13,60
21:15:00	59	9,07	13,60
21:16:00	59	9,07	13,60
21:17:00	59	9,06	13,66
21:18:00	59	9,06	13,66
21:19:00	59	9,06	13,66
21:20:00	59	9,06	13,66
21:21:00	59	9,06	13,66
21:22:00	59	9,06	13,66
21:23:00	59	9,06	13,66
21:24:00	59	9,06	13,71
21:25:00	59	9,06	13,71
21:26:00	59	9,06	13,71
21:27:00	59	9,06	13,71
21:28:00	59	9,06	13,71
21:29:00	59	9,06	13,71
21:30:00	59	9,06	13,71
21:31:00	59	9,05	13,77
21:32:00	59	9,05	13,77
21:33:00	59	9,05	13,77
21:34:00	59	9,05	13,77
21:35:00	59	9,05	13,77
21:36:00	59	9,05	13,77
21:37:00	59	9,05	13,77
21:38:00	59	9,05	13,77
21:39:00	59	9,05	13,77
21:40:00	59	9,05	13,77
21:41:00	59	9,04	13,82
21:42:00	59	9,04	13,82
21:43:00	59	9,04	13,82
21:44:00	59	9,04	13,82
21:45:00	59	9,04	13,82
21:46:00	59	9,04	13,82
21:47:00	59	9,04	13,82
21:48:00	59	9,04	13,88
21:49:00	59	9,04	13,88
21:50:00	59	9,04	13,88
21:51:00	59	9,04	13,88
21:52:00	59	9,04	13,88
21:53:00	59	9,04	13,88
21:54:00	59	9,04	13,88
21:55:00	59	9,04	13,88
21:56:00	59	9,04	13,88
21:57:00	59	9,04	13,88
21:58:00	59	9,04	13,88
21:59:00	59	9,04	13,88
22:00:00	59	9,03	13,94
22:01:00	59	9,03	13,94
22:02:00	59	9,03	13,94
22:03:00	59	9,03	13,94
22:04:00	59	9,03	13,94
22:05:00	59	9,03	13,94
22:06:00	59	9,03	13,94
22:07:00	59	9,03	13,94
22:08:00	59	9,03	13,94
22:09:00	59	9,02	13,99
22:10:00	59	9,02	13,99
22:11:00	59	9,02	13,99
22:12:00	59	9,02	13,99
22:13:00	59	9,02	13,99
22:14:00	59	9,02	13,99
22:15:00	59	9,02	13,99
22:16:00	59	9,02	13,99
22:17:00	59	9,02	13,99
22:18:00	59	9,01	14,05
22:19:00	59	9,01	14,05
22:20:00	59	9,01	14,05
22:21:00	59	9,01	14,05
22:22:00	59	9,01	14,05
22:23:00	59	9,01	14,05
22:24:00	59	9,01	14,05
22:25:00	59	9,01	14,05
22:26:00	59	9,01	14,05
22:27:00	59	9,00	14,11
22:28:00	59	9,00	14,11
22:29:00	59	9,00	14,11
22:30:00	59	9,00	14,11
22:31:00	59	9,00	14,11
22:32:00	59	9,00	14,11
22:33:00	59	9,00	14,11
22:34:00	59	9,00	14,11
22:35:00	59	9,00	14,16
22:36:00	59	9,00	14,16
22:37:00	59	9,00	14,16
22:38:00	59	9,04	13,88
22:39:00	59	9,04	13,88
22:40:00	59	9,03	13,94
22:41:00	59	9,03	13,94
22:42:00	59	9,03	13,94
22:43:00	59	9,02	13,99
22:44:00	59	9,02	13,99
22:45:00	59	9,02	13,99
22:46:00	59	9,02	13,99
22:47:00	59	9,02	13,99
22:48:00	59	9,01	14,05
22:49:00	59	9,01	14,05
22:50:00	59	9,01	14,05
22:51:00	59	9,01	14,05
22:52:00	59	9,01	14,05
22:53:00	59	9,01	14,05
22:54:00	59	9,01	14,05
22:55:00	59	9,01	14,05
22:56:00	59	9,01	14,05
22:57:00	59	9,00	14,11
22:58:00	59	9,00	14,11
22:59:00	59	9,00	14,11
23:00:00	59	9,00	14,11
23:01:00	59	9,00	14,11
23:02:00	59	9,00	14,11
23:03:00	59	9,00	14,11
23:04:00	59	9,00	14,11
23:05:00	59	9,00	14,16
23:06:00	59	9,00	14,16
23:07:00	59	9,00	14,16
23:08:00	59	9,00	14,16
23:09:00	59	9,00	14,16
23:10:00	59	9,00	14,16
23:11:00	59	9,00	14,16
23:12:00	59	9,00	14,16
23:13:00	59	8,99	14,22
23:14:00	59	8,99	14,22
23:15:00	59	8,99	14,22
23:16:00	59	8,99	14,22
23:17:00	59	8,99	14,22
23:18:00	59	8,99	14,22
23:19:00	59	8,99	14,22
23:20:00	59	8,99	14,22
23:21:00	59	8,98	14,28
23:22:00	59	8,98	14,28
23:23:00	59	8,98	14,28
23:24:00	59	8,98	14,28
23:25:00	59	8,98	14,28
23:26:00	59	8,98	14,28
23:27:00	59	8,98	14,28
23:28:00	59	8,98	14,28
23:29:00	59	8,98	14,28
23:30:00	59	8,98	14,28
23:31:00	59	8,97	14,34
23:32:00	59	8,97	14,34
23:33:00	59	8,97	14,34
23:34:00	59	8,97	14,34
23:35:00	59	8,97	14,34
23:36:00	59	8,97	14,34
23:37:00	59	8,97	14,34
23:38:00	59	8,97	14,34
23:39:00	59	8,97	14,34
23:40:00	59	8,97	14,40
23:41:00	59	8,97	14,40
23:42:00	59	8,97	14,40
23:43:00	59	8,97	14,40
23:44:00	59	8,97	14,40
23:45:00	59	8,97	14,40
23:46:00	59	8,97	14,40
23:47:00	59	8,97	14,40
23:48:00	59	8,97	14,40
23:49:00	59	8,97	14,40
23:50:00	59	8,97	14,40
23:51:00	59	8,96	14,46
23:52:00	59	8,97	14,40
23:53:00	59	8,96	14,46
23:54:00	59	8,96	14,46
23:55:00	59	8,96	14,46
23:56:00	59	8,96	14,46
23:57:00	59	8,96	14,46
23:58:00	59	8,96	14,46
23:59:00	59	8,96	14,46
24:00:00	59	8,96	14,46
24:01:00	59	8,96	14,46
24:02:00	59	8,96	14,46
24:03:00	59	8,96	14,46
24:04:00	59	8,96	14,46
24:05:00	59	8,95	14,51
24:06:00	59	8,95	14,51
24:07:00	59	8,95	14,51
24:08:00	59	8,95	14,51
24:09:00	59	8,95	14,51
24:10:00	59	8,95	14,51
24:11:00	59	8,95	14,51
24:12:00	59	8,95	14,51
24:13:00	59	8,95	14,51
24:14:00	59	8,95	14,51
24:15:00	59	8,95	14,51
24:16:00	59	8,95	14,57
24:17:00	59	8,95	14,57
24:18:00	59	8,95	14,57
24:19:00	59	8,95	14,57
24:20:00	59	8,95	14,57
24:21:00	59	8,95	14,57
24:22:00	59	8,95	14,57
24:23:00	59	8,94	14,63
24:24:00	59	8,95	14,57
24:25:00	59	8,95	14,57
24:26:00	59	8,94	14,63
24:27:00	59	8,94	14,63
24:28:00	59	8,94	14,63
24:29:00	59	8,94	14,63
24:30:00	59	8,94	14,63
24:31:00	59	8,94	14,63
24:32:00	59	8,94	14,63
24:33:00	59	8,94	14,63
24:34:00	59	8,94	14,63
24:35:00	59	8,94	14,63
24:36:00	59	8,94	14,63
24:37:00	59	8,94	14,63
24:38:00	59	8,94	14,63
24:39:00	59	8,93	14,69
24:40:00	59	8,93	14,69
24:41:00	59	8,94	14,63
24:42:00	59	8,93	14,69
24:43:00	59	8,93	14,69
24:44:00	59	8,93	14,69
24:45:00	59	8,93	14,69
24:46:00	59	8,93	14,69
24:47:00	59	8,93	14,69
24:48:00	59	8,93	14,69
24:49:00	59	8,93	14,69
24:50:00	59	8,93	14,69
24:51:00	59	8,93	14,69
24:52:00	59	8,93	14,69
24:53:00	59	8,92	14,75
24:54:00	59	8,92	14,75
24:55:00	59	8,92	14,75
24:56:00	59	8,93	14,69
24:57:00	59	8,92	14,75
24:58:00	59	8,92	14,75
24:59:00	59	8,92	14,75
25:00:00	59	8,92	14,75
25:01:00	59	8,92	14,75
25:02:00	59	8,92	14,75
25:03:00	59	8,92	14,75
25:04:00	59	8,92	14,75
25:05:00	59	8,92	14,75
25:06:00	59	8,92	14,75
25:07:00	59	8,92	14,75
25:08:00	59	8,92	14,75
25:09:00	59	8,91	14,81
25:10:00	59	8,92	14,75
25:11:00	59	8,92	14,75
25:12:00	59	8,92	14,75
25:13:00	59	8,91	14,81
25:14:00	59	8,92	14,75
25:15:00	59	8,91	14,81
25:16:00	59	8,92	14,75
25:17:00	59	8,91	14,81
25:18:00	59	8,92	14,75
25:19:00	59	8,91	14,81
25:20:00	59	8,91	14,81
25:21:00	59	8,91	14,81
25:22:00	59	8,91	14,81
25:23:00	59	8,91	14,81
25:24:00	59	8,91	14,81
25:25:00	59	8,91	14,81
25:26:00	59	8,91	14,81
25:27:00	59	8,91	14,81
25:28:00	59	8,91	14,81
25:29:00	59	8,91	14,81
25:30:00	59	8,91	14,81
25:31:00	59	8,91	14,81
25:32:00	59	8,91	14,81
25:33:00	59	8,91	14,81
25:34:00	59	8,91	14,81
25:35:00	59	8,91	14,88
25:36:00	59	8,91	14,88
25:37:00	59	8,91	14,81
25:38:00	59	8,91	14,81
25:39:00	59	8,91	14,88
25:40:00	59	8,91	14,88
25:41:00	59	8,91	14,88
25:42:00	59	8,91	14,88
25:43:00	59	8,91	14,88
25:44:00	59	8,91	14,88
25:45:00	59	8,90	14,94
25:46:00	59	8,90	14,94
25:47:00	59	8,90	14,94
25:48:00	59	8,90	14,94
25:49:00	59	8,89	15,00
25:50:00	59	8,89	15,00
25:51:00	59	8,89	15,00
25:52:00	59	8,89	15,00
25:53:00	59	8,89	15,00
25:54:00	59	8,89	15,00
25:55:00	59	8,89	15,00
25:56:00	59	8,89	15,00
25:57:00	59	8,89	15,00
25:58:00	59	8,89	15,00
25:59:00	59	8,89	15,00
26:00:00	59	8,89	15,00
26:01:00	59	8,89	15,00
26:02:00	59	8,89	15,00
26:03:00	59	8,89	15,00
26:04:00	59	8,88	15,06
26:05:00	59	8,88	15,06
26:06:00	59	8,88	15,06
26:07:00	59	8,88	15,06
26:08:00	59	8,88	15,06
26:09:00	59	8,88	15,06
26:10:00	59	8,88	15,06
26:11:00	59	8,88	15,06
26:12:00	59	8,88	15,06
26:13:00	59	8,88	15,06
26:14:00	59	8,88	15,06
26:15:00	59	8,88	15,06
26:16:00	59	8,88	15,06
26:17:00	59	8,88	15,12
26:18:00	59	8,88	15,12
26:19:00	59	8,88	15,12
26:20:00	59	8,88	15,12
26:21:00	59	8,88	15,12
26:22:00	59	8,88	15,12
26:23:00	59	8,88	15,12
26:24:00	59	8,88	15,12
26:25:00	59	8,88	15,12
26:26:00	59	8,88	15,12
26:27:00	59	8,88	15,12
26:28:00	59	8,88	15,12
26:29:00	59	8,88	15,12
26:30:00	59	8,88	15,12
26:31:00	59	8,88	15,12
26:32:00	59	8,87	15,18
26:33:00	59	8,88	15,12
26:34:00	59	8,87	15,18
26:35:00	59	8,87	15,18
26:36:00	59	8,87	15,18
26:37:00	59	8,87	15,18
26:38:00	59	8,87	15,18
26:39:00	59	8,87	15,18
26:40:00	59	8,87	15,18
26:41:00	59	8,87	15,18
26:42:00	59	8,87	15,18
26:43:00	59	8,87	15,18
26:44:00	59	8,87	15,18
26:45:00	59	8,87	15,18
26:46:00	59	8,87	15,18
26:47:00	59	8,87	15,18
26:48:00	59	8,87	15,18
26:49:00	59	8,87	15,18
26:50:00	59	8,87	15,18
26:51:00	59	8,87	15,18
26:52:00	59	8,87	15,18
26:53:00	59	8,87	15,18
26:54:00	59	8,87	15,18
26:55:00	59	8,87	15,18
26:56:00	59	8,86	15,25
26:57:00	59	8,87	15,18
26:58:00	59	8,86	15,25
26:59:00	59	8,86	15,25
27:00:00	59	8,86	15,25
27:01:00	59	8,86	15,25
27:02:00	59	8,86	15,25
27:03:00	59	8,86	15,25
27:04:00	59	8,86	15,25
27:05:00	59	8,86	15,25
27:06:00	59	8,86	15,25
27:07:00	59	8,86	15,25
27:08:00	59	8,86	15,25
27:09:00	59	8,86	15,25
27:10:00	59	8,86	15,25
27:11:00	59	8,86	15,25
27:12:00	59	8,86	15,25
27:13:00	59	8,86	15,25
27:14:00	59	8,86	15,25
27:15:00	59	8,86	15,25
27:16:00	59	8,86	15,31
27:17:00	59	8,86	15,31
27:18:00	59	8,86	15,31
27:19:00	59	8,86	15,31
27:20:00	59	8,86	15,31
27:21:00	59	8,86	15,31
27:22:00	59	8,86	15,31
27:23:00	59	8,86	15,31
27:24:00	59	8,86	15,31
27:25:00	59	8,86	15,31
27:26:00	59	8,86	15,31
27:27:00	59	8,86	15,31
27:28:00	59	8,86	15,31
27:29:00	59	8,85	15,37
27:30:00	59	8,86	15,31
27:31:00	59	8,86	15,31
27:32:00	59	8,85	15,37
27:33:00	59	8,86	15,31
27:34:00	59	8,85	15,37
27:35:00	59	8,85	15,37
27:36:00	59	8,86	15,31
27:37:00	59	8,85	15,37
27:38:00	59	8,85	15,37
27:39:00	59	8,85	15,37
27:40:00	59	8,85	15,37
27:41:00	59	8,85	15,37
27:42:00	59	8,85	15,37
27:43:00	59	8,85	15,37
27:44:00	59	8,85	15,37
27:45:00	59	8,85	15,37
27:46:00	59	8,85	15,37
27:47:00	59	8,85	15,37
27:48:00	59	8,85	15,37
27:49:00	59	8,85	15,37
27:50:00	59	8,85	15,37
27:51:00	59	8,85	15,37
27:52:00	59	8,85	15,37
27:53:00	59	8,85	15,37
27:54:00	59	8,85	15,37
27:55:00	59	8,85	15,37
27:56:00	59	8,85	15,37
27:57:00	59	8,84	15,44
27:58:00	59	8,84	15,44
27:59:00	59	8,84	15,44
28:00:00	59	8,84	15,44
28:01:00	59	8,84	15,44
28:02:00	59	8,84	15,44
28:03:00	59	8,84	15,44
28:04:00	59	8,84	15,44
28:05:00	59	8,84	15,44
28:06:00	59	8,84	15,44
28:07:00	59	8,84	15,44
28:08:00	59	8,84	15,44
28:09:00	59	8,84	15,44
28:10:00	59	8,84	15,44
28:11:00	59	8,84	15,44
28:12:00	59	8,84	15,44
28:13:00	59	8,84	15,44
28:14:00	59	8,84	15,44
28:15:00	59	8,83	15,50
28:16:00	59	8,84	15,44
28:17:00	59	8,83	15,50
28:18:00	59	8,83	15,50
28:19:00	59	8,83	15,50
28:20:00	59	8,83	15,50
28:21:00	59	8,83	15,50
28:22:00	59	8,83	15,50
28:23:00	59	8,83	15,50
28:24:00	59	8,83	15,50
28:25:00	59	8,83	15,50
28:26:00	59	8,83	15,50
28:27:00	59	8,83	15,50
28:28:00	59	8,83	15,50
28:29:00	59	8,83	15,50
28:30:00	59	8,83	15,50
28:31:00	59	8,83	15,50
28:32:00	59	8,83	15,50
28:33:00	59	8,83	15,50
28:34:00	59	8,83	15,50
28:35:00	59	8,83	15,50
28:36:00	59	8,83	15,50
28:37:00	59	8,83	15,50
28:38:00	59	8,83	15,50
28:39:00	59	8,83	15,50
28:40:00	59	8,83	15,50
28:41:00	59	8,83	15,50
28:42:00	59	8,82	15,56
28:43:00	59	8,82	15,56
28:44:00	59	8,82	15,56
28:45:00	59	8,83	15,50
28:46:00	59	8,82	15,56
28:47:00	59	8,82	15,56
28:48:00	59	8,82	15,56
28:49:00	59	8,83	15,50
28:50:00	59	8,82	15,56
28:51:00	59	8,83	15,50
28:52:00	59	8,83	15,50
28:53:00	59	8,82	15,56
28:54:00	59	8,82	15,56
28:55:00	59	8,82	15,56
28:56:00	59	8,82	15,56
28:57:00	59	8,82	15,56
28:58:00	59	8,82	15,56
28:59:00	59	8,82	15,56
29:00:00	59	8,82	15,56
29:01:00	59	8,82	15,63
29:02:00	59	8,82	15,56
29:03:00	59	8,82	15,56
29:04:00	59	8,82	15,63
29:05:00	59	8,82	15,56
29:06:00	59	8,82	15,56
29:07:00	59	8,82	15,63
29:08:00	59	8,82	15,63
29:09:00	59	8,82	15,63
29:10:00	59	8,82	15,63
29:11:00	59	8,82	15,63
29:12:00	59	8,82	15,63
29:13:00	59	8,82	15,63
29:14:00	59	8,82	15,63
29:15:00	59	8,82	15,63
29:16:00	59	8,82	15,63
29:17:00	59	8,82	15,63
29:18:00	59	8,82	15,63
29:19:00	59	8,82	15,63
29:20:00	59	8,81	15,69
29:21:00	59	8,82	15,63
29:22:00	59	8,81	15,69
29:23:00	59	8,81	15,69
29:24:00	59	8,82	15,63
29:25:00	59	8,81	15,69
29:26:00	59	8,81	15,69
29:27:00	59	8,82	15,63
29:28:00	59	8,81	15,69
29:29:00	59	8,81	15,69
29:30:00	59	8,82	15,63
29:31:00	59	8,82	15,63
29:32:00	59	8,81	15,69
29:33:00	59	8,81	15,69
29:34:00	59	8,81	15,69
29:35:00	59	8,81	15,69
29:36:00	59	8,81	15,69
29:37:00	59	8,81	15,69
29:38:00	59	8,81	15,69
29:39:00	59	8,82	15,63
29:40:00	59	8,81	15,69
29:41:00	59	8,81	15,69
29:42:00	59	8,81	15,69
29:43:00	59	8,81	15,69
29:44:00	59	8,81	15,69
29:45:00	59	8,81	15,69
29:46:00	59	8,81	15,69
29:47:00	59	8,81	15,69
29:48:00	59	8,81	15,69
29:49:00	59	8,81	15,69
29:50:00	59	8,81	15,69
29:51:00	59	8,80	15,76
29:52:00	59	8,81	15,69
29:53:00	59	8,80	15,76
29:54:00	59	8,81	15,69
29:55:00	59	8,80	15,76
29:56:00	59	8,80	15,76
29:57:00	59	8,80	15,76
29:58:00	59	8,80	15,76
29:59:00	59	8,80	15,76
30:00:00	59	8,80	15,76
30:01:00	59	8,80	15,76
30:02:00	59	8,80	15,76
30:03:00	59	8,80	15,76
30:04:00	59	8,80	15,76
30:05:00	59	8,80	15,76
30:06:00	59	8,80	15,76
30:07:00	59	8,80	15,76
30:08:00	59	8,80	15,76
30:09:00	59	8,80	15,76
30:10:00	59	8,80	15,76
30:11:00	59	8,79	15,82
30:12:00	59	8,80	15,76
30:13:00	59	8,80	15,76
30:14:00	59	8,80	15,76
30:15:00	59	8,80	15,76
30:16:00	59	8,80	15,76
30:17:00	59	8,80	15,76
30:18:00	59	8,80	15,76
30:19:00	59	8,79	15,82
30:20:00	59	8,80	15,76
30:21:00	59	8,80	15,76
30:22:00	59	8,80	15,76
30:23:00	59	8,79	15,82
30:24:00	59	8,79	15,82
30:25:00	59	8,80	15,76
30:26:00	59	8,80	15,76
30:27:00	59	8,79	15,82
30:28:00	59	8,79	15,82
30:29:00	59	8,80	15,76
30:30:00	59	8,79	15,82
30:31:00	59	8,79	15,82
30:32:00	59	8,79	15,82
30:33:00	59	8,79	15,82
30:34:00	59	8,79	15,82
30:35:00	59	8,79	15,82
30:36:00	59	8,79	15,82
30:37:00	59	8,79	15,82
30:38:00	59	8,79	15,82
30:39:00	59	8,79	15,82
30:40:00	59	8,79	15,82
30:41:00	59	8,79	15,82
30:42:00	59	8,79	15,82
30:43:00	59	8,79	15,82
30:44:00	59	8,79	15,89
30:45:00	59	8,79	15,82
30:46:00	59	8,79	15,82
30:47:00	59	8,79	15,82
30:48:00	59	8,79	15,89
30:49:00	59	8,79	15,89
30:50:00	59	8,79	15,89
30:51:00	59	8,79	15,89
30:52:00	59	8,79	15,82
30:53:00	59	8,79	15,89
30:54:00	59	8,79	15,82
30:55:00	59	8,79	15,89
30:56:00	59	8,79	15,82
30:57:00	59	8,79	15,82
30:58:00	59	8,79	15,89
30:59:00	59	8,79	15,89
31:00:00	59	8,79	15,89
31:01:00	59	8,79	15,82
31:02:00	59	8,79	15,89
31:03:00	59	8,79	15,89
31:04:00	59	8,79	15,89
31:05:00	59	8,79	15,89
31:06:00	59	8,79	15,89
31:07:00	59	8,79	15,89
31:08:00	59	8,79	15,89
31:09:00	59	8,79	15,89
31:10:00	59	8,79	15,89
31:11:00	59	8,79	15,89
31:12:00	59	8,79	15,89
31:13:00	59	8,79	15,89
31:14:00	59	8,79	15,89
31:15:00	59	8,79	15,89
31:16:00	59	8,79	15,89
31:17:00	59	8,79	15,89
31:18:00	59	8,79	15,89
31:19:00	59	8,78	15,96
31:20:00	59	8,79	15,89
31:21:00	59	8,78	15,96
31:22:00	59	8,79	15,89
31:23:00	59	8,78	15,96
31:24:00	59	8,78	15,96
31:25:00	59	8,79	15,89
31:26:00	59	8,78	15,96
31:27:00	59	8,78	15,96
31:28:00	59	8,78	15,96
31:29:00	59	8,78	15,96
31:30:00	59	8,78	15,96
31:31:00	59	8,78	15,96
31:32:00	59	8,78	15,96
31:33:00	59	8,78	15,96
31:34:00	59	8,78	15,96
31:35:00	59	8,78	15,96
31:36:00	59	8,78	15,96
31:37:00	59	8,78	15,96
31:38:00	59	8,78	15,96
31:39:00	59	8,78	15,96
31:40:00	59	8,78	15,96
31:41:00	59	8,78	15,96
31:42:00	59	8,78	15,96
31:43:00	59	8,78	15,96
31:44:00	59	8,78	15,96
31:45:00	59	8,78	15,96
31:46:00	59	8,78	15,96
31:47:00	59	8,78	15,96
31:48:00	59	8,78	15,96
31:49:00	59	8,78	15,96
31:50:00	59	8,78	15,96
31:51:00	59	8,78	15,96
31:52:00	59	8,77	16,02
31:53:00	59	8,78	15,96
31:54:00	59	8,77	16,02
31:55:00	59	8,78	15,96
31:56:00	59	8,77	16,02
31:57:00	59	8,78	15,96
31:58:00	59	8,78	15,96
31:59:00	59	8,77	16,02
32:00:00	59	8,77	16,02
32:01:00	59	8,78	15,96
32:02:00	59	8,77	16,02
32:03:00	59	8,77	16,02
32:04:00	59	8,77	16,02
32:05:00	59	8,77	16,02
32:06:00	59	8,77	16,02
32:07:00	59	8,77	16,02
32:08:00	59	8,77	16,02
32:09:00	59	8,77	16,02
32:10:00	59	8,77	16,02
32:11:00	59	8,77	16,02
32:12:00	59	8,77	16,02
32:13:00	59	8,77	16,02
32:14:00	59	8,77	16,02
32:15:00	59	8,77	16,02
32:16:00	59	8,77	16,02
32:17:00	59	8,77	16,02
32:18:00	59	8,77	16,02
32:19:00	59	8,77	16,02
32:20:00	59	8,77	16,02
32:21:00	59	8,77	16,02
32:22:00	59	8,77	16,02
32:23:00	59	8,77	16,02
32:24:00	59	8,77	16,02
32:25:00	59	8,77	16,02
32:26:00	59	8,77	16,02
32:27:00	59	8,77	16,02
32:28:00	59	8,77	16,02
32:29:00	59	8,77	16,02
32:30:00	59	8,77	16,02
32:31:00	59	8,77	16,02
32:32:00	59	8,77	16,02
32:33:00	59	8,77	16,02
32:34:00	59	8,77	16,09
32:35:00	59	8,77	16,02
32:36:00	59	8,77	16,02
32:37:00	59	8,77	16,02
32:38:00	59	8,77	16,09
32:39:00	59	8,77	16,02
32:40:00	59	8,77	16,02
32:41:00	59	8,77	16,02
32:42:00	59	8,77	16,02
32:43:00	59	8,77	16,02
32:44:00	59	8,77	16,02
32:45:00	59	8,77	16,09
32:46:00	59	8,77	16,02
32:47:00	59	8,77	16,09
32:48:00	59	8,77	16,02
32:49:00	59	8,77	16,09
32:50:00	59	8,76	16,16
32:51:00	59	8,76	16,16
32:52:00	59	8,76	16,16
32:53:00	59	8,76	16,16
32:54:00	59	8,76	16,16
32:55:00	59	8,76	16,16
32:56:00	59	8,76	16,16
32:57:00	59	8,76	16,16
32:58:00	59	8,76	16,16
32:59:00	59	8,76	16,16
33:00:00	59	8,76	16,16
33:01:00	59	8,76	16,16
33:02:00	59	8,76	16,16
33:03:00	59	8,76	16,16
33:04:00	59	8,76	16,16
33:05:00	59	8,76	16,16
33:06:00	59	8,76	16,16
33:07:00	59	8,76	16,16
33:08:00	59	8,76	16,16
33:09:00	59	8,76	16,16
33:10:00	59	8,76	16,16
33:11:00	59	8,75	16,22
33:12:00	59	8,76	16,16
33:13:00	59	8,76	16,16
33:14:00	59	8,76	16,16
33:15:00	59	8,75	16,22
33:16:00	59	8,75	16,22
33:17:00	59	8,75	16,22
33:18:00	59	8,75	16,22
33:19:00	59	8,75	16,22
33:20:00	59	8,75	16,22
33:21:00	59	8,75	16,22
33:22:00	59	8,75	16,22
33:23:00	59	8,75	16,22
33:24:00	59	8,75	16,22
33:25:00	59	8,75	16,22
33:26:00	59	8,75	16,22
33:27:00	59	8,75	16,22
33:28:00	59	8,75	16,22
33:29:00	59	8,75	16,22
33:30:00	59	8,75	16,22
33:31:00	59	8,75	16,22
33:32:00	59	8,75	16,22
33:33:00	59	8,75	16,22
33:34:00	59	8,75	16,22
33:35:00	59	8,75	16,22
33:36:00	59	8,75	16,22
33:37:00	59	8,75	16,22
33:38:00	59	8,75	16,22
33:39:00	59	8,75	16,22
33:40:00	59	8,74	16,29
33:41:00	59	8,74	16,29
33:42:00	59	8,75	16,22
33:43:00	59	8,75	16,22
33:44:00	59	8,74	16,29
33:45:00	59	8,74	16,29
33:46:00	59	8,74	16,29
33:47:00	59	8,74	16,29
33:48:00	59	8,74	16,29
33:49:00	59	8,75	16,22
33:50:00	59	8,74	16,29
33:51:00	59	8,74	16,29
33:52:00	59	8,74	16,29
33:53:00	59	8,74	16,29
33:54:00	59	8,74	16,29
33:55:00	59	8,74	16,29
33:56:00	59	8,74	16,29
33:57:00	59	8,74	16,29
33:58:00	59	8,74	16,29
33:59:00	59	8,74	16,29
34:00:00	59	8,74	16,29
34:01:00	59	8,74	16,29
34:02:00	59	8,74	16,29
34:03:00	59	8,74	16,29
34:04:00	59	8,74	16,29
34:05:00	59	8,73	16,36
34:06:00	59	8,74	16,29
34:07:00	59	8,74	16,29
34:08:00	59	8,74	16,29
34:09:00	59	8,74	16,29
34:10:00	59	8,74	16,29
34:11:00	59	8,73	16,36
34:12:00	59	8,74	16,29
34:13:00	59	8,73	16,36
34:14:00	59	8,74	16,29
34:15:00	59	8,74	16,29
34:16:00	59	8,74	16,29
34:17:00	59	8,74	16,29
34:18:00	59	8,74	16,29
34:19:00	59	8,73	16,36
34:20:00	59	8,74	16,29
34:21:00	59	8,74	16,29
34:22:00	59	8,73	16,36
34:23:00	59	8,74	16,29
34:24:00	59	8,73	16,36
34:25:00	59	8,73	16,36
34:26:00	59	8,73	16,36
34:27:00	59	8,73	16,36
34:28:00	59	8,73	16,36
34:29:00	59	8,73	16,36
34:30:00	59	8,73	16,36
34:31:00	59	8,73	16,36
34:32:00	59	8,73	16,36
34:33:00	59	8,73	16,36
34:34:00	59	8,73	16,36
34:35:00	59	8,73	16,36
34:36:00	59	8,73	16,36
34:37:00	59	8,73	16,36
34:38:00	59	8,73	16,36
34:39:00	59	8,73	16,43
34:40:00	59	8,73	16,36
34:41:00	59	8,73	16,36
34:42:00	59	8,73	16,36
34:43:00	59	8,73	16,36
34:44:00	59	8,73	16,43
34:45:00	59	8,73	16,43
34:46:00	59	8,73	16,36
34:47:00	59	8,73	16,36
34:48:00	59	8,73	16,36
34:49:00	59	8,73	16,36
34:50:00	59	8,73	16,43
34:51:00	59	8,73	16,43
34:52:00	59	8,73	16,36
34:53:00	59	8,73	16,43
34:54:00	59	8,73	16,43
34:55:00	59	8,73	16,43
34:56:00	59	8,73	16,36
34:57:00	59	8,73	16,43
34:58:00	59	8,73	16,43
34:59:00	59	8,73	16,36
35:00:00	59	8,73	16,43
35:01:00	59	8,73	16,43
35:02:00	59	8,73	16,43
35:03:00	59	8,73	16,43
35:04:00	59	8,73	16,43
35:05:00	59	8,73	16,43
35:06:00	59	8,73	16,43
35:07:00	59	8,73	16,43
35:08:00	59	8,73	16,43
35:09:00	59	8,73	16,43
35:10:00	59	8,73	16,43
35:11:00	59	8,73	16,43
35:12:00	59	8,73	16,43
35:13:00	59	8,73	16,43
35:14:00	59	8,73	16,43
35:15:00	59	8,73	16,43
35:16:00	59	8,73	16,43
35:17:00	59	8,73	16,43
35:18:00	59	8,73	16,43
35:19:00	59	8,73	16,43
35:20:00	59	8,73	16,43
35:21:00	59	8,73	16,43
35:22:00	59	8,73	16,43
35:23:00	59	8,72	16,50
35:24:00	59	8,73	16,43
35:25:00	59	8,72	16,50
35:26:00	59	8,73	16,43
35:27:00	59	8,72	16,50
35:28:00	59	8,72	16,50
35:29:00	59	8,72	16,50
35:30:00	59	8,72	16,50
35:31:00	59	8,72	16,50
35:32:00	59	8,72	16,50
35:33:00	59	8,73	16,43
35:34:00	59	8,72	16,50
35:35:00	59	8,72	16,50
35:36:00	59	8,72	16,50
35:37:00	59	8,72	16,50
35:38:00	59	8,72	16,50
35:39:00	59	8,72	16,50
35:40:00	59	8,72	16,50
35:41:00	59	8,72	16,50
35:42:00	59	8,72	16,50
35:43:00	59	8,72	16,50
35:44:00	59	8,72	16,50
35:45:00	59	8,72	16,50
35:46:00	59	8,72	16,50
35:47:00	59	8,72	16,50
35:48:00	59	8,72	16,50
35:49:00	59	8,72	16,50
35:50:00	59	8,72	16,50
35:51:00	59	8,72	16,50
35:52:00	59	8,72	16,50
35:53:00	59	8,72	16,50
35:54:00	59	8,72	16,50
35:55:00	59	8,72	16,50
35:56:00	59	8,72	16,50
35:57:00	59	8,72	16,50
35:58:00	59	8,72	16,50
35:59:00	59	8,72	16,50
36:00:00	59	8,72	16,50
36:01:00	59	8,72	16,50
36:02:00	59	8,72	16,50
36:03:00	59	8,72	16,50
36:04:00	59	8,72	16,50
36:05:00	59	8,72	16,50
36:06:00	59	8,72	16,50
36:07:00	59	8,72	16,50
36:08:00	59	8,72	16,50
36:09:00	59	8,71	16,56
36:10:00	59	8,71	16,56
36:11:00	59	8,71	16,56
36:12:00	59	8,71	16,56
36:13:00	59	8,71	16,56
36:14:00	59	8,71	16,56
36:15:00	59	8,71	16,56
36:16:00	59	8,71	16,56
36:17:00	59	8,71	16,56
36:18:00	59	8,71	16,56
36:19:00	59	8,71	16,56
36:20:00	59	8,71	16,56
36:21:00	59	8,71	16,56
36:22:00	59	8,71	16,56
36:23:00	59	8,71	16,56
36:24:00	59	8,71	16,56
36:25:00	59	8,71	16,56
36:26:00	59	8,71	16,56
36:27:00	59	8,71	16,56
36:28:00	59	8,71	16,56
36:29:00	59	8,71	16,56
36:30:00	59	8,71	16,56
36:31:00	59	8,71	16,56
36:32:00	59	8,71	16,56
36:33:00	59	8,71	16,56
36:34:00	59	8,71	16,56
36:35:00	59	8,71	16,56
36:36:00	59	8,71	16,56
36:37:00	59	8,71	16,56
36:38:00	59	8,71	16,56
36:39:00	59	8,71	16,56
36:40:00	59	8,71	16,56
36:41:00	59	8,71	16,56
36:42:00	59	8,71	16,56
36:43:00	59	8,70	16,63
36:44:00	59	8,71	16,56
36:45:00	59	8,71	16,56
36:46:00	59	8,71	16,56
36:47:00	59	8,71	16,56
36:48:00	59	8,70	16,63
36:49:00	59	8,71	16,56
36:50:00	59	8,71	16,56
36:51:00	59	8,70	16,63
36:52:00	59	8,70	16,63
36:53:00	59	8,70	16,63
36:54:00	59	8,70	16,63
36:55:00	59	8,70	16,63
36:56:00	59	8,70	16,63
36:57:00	59	8,70	16,63
36:58:00	59	8,70	16,63
36:59:00	59	8,70	16,63
37:00:00	59	8,70	16,63
37:01:00	59	8,70	16,63
37:02:00	59	8,70	16,63
37:03:00	59	8,70	16,63
37:04:00	59	8,70	16,63
37:05:00	59	8,70	16,63
37:06:00	59	8,70	16,63
37:07:00	59	8,70	16,63
37:08:00	59	8,70	16,63
37:09:00	59	8,70	16,63
37:10:00	59	8,70	16,63
37:11:00	59	8,70	16,63
37:12:00	59	8,70	16,63
37:13:00	59	8,70	16,63
37:14:00	59	8,70	16,63
37:15:00	59	8,70	16,63
37:16:00	59	8,70	16,63
37:17:00	59	8,70	16,63
37:18:00	59	8,70	16,63
37:19:00	59	8,70	16,63
37:20:00	59	8,70	16,70
37:21:00	59	8,70	16,63
37:22:00	59	8,70	16,63
37:23:00	59	8,70	16,63
37:24:00	59	8,70	16,63
37:25:00	59	8,70	16,70
37:26:00	59	8,70	16,63
37:27:00	59	8,70	16,70
37:28:00	59	8,70	16,63
37:29:00	59	8,70	16,70
37:30:00	59	8,70	16,63
37:31:00	59	8,70	16,70
37:32:00	59	8,70	16,70
37:33:00	59	8,70	16,70
37:34:00	59	8,70	16,70
37:35:00	59	8,70	16,70
37:36:00	59	8,70	16,70
37:37:00	59	8,70	16,70
37:38:00	59	8,70	16,70
37:39:00	59	8,70	16,70
37:40:00	59	8,70	16,70
37:41:00	59	8,70	16,70
37:42:00	59	8,70	16,70
37:43:00	59	8,70	16,70
37:44:00	59	8,70	16,70
37:45:00	58	8,70	16,70
37:46:00	59	8,70	16,70
37:47:00	59	8,70	16,70
37:48:00	59	8,70	16,70
37:49:00	59	8,70	16,70
37:50:00	59	8,70	16,70
37:51:00	59	8,70	16,70
37:52:00	59	8,70	16,70
37:53:00	59	8,70	16,70
37:54:00	59	8,70	16,70
37:55:00	59	8,70	16,70
37:56:00	59	8,70	16,70
37:57:00	59	8,70	16,70
37:58:00	59	8,70	16,70
37:59:00	59	8,70	16,70
38:00:00	59	8,70	16,70
38:01:00	59	8,70	16,70
38:02:00	59	8,70	16,70
38:03:00	59	8,70	16,70
38:04:00	59	8,70	16,70
38:05:00	59	8,70	16,70
38:06:00	59	8,69	16,77
38:07:00	59	8,70	16,70
38:08:00	59	8,70	16,70
38:09:00	59	8,70	16,70
38:10:00	59	8,69	16,77
38:11:00	59	8,69	16,77
38:12:00	59	8,70	16,70
38:13:00	59	8,69	16,77
38:14:00	59	8,69	16,77
38:15:00	59	8,69	16,77
38:16:00	59	8,70	16,70
38:17:00	59	8,70	16,70
38:18:00	59	8,69	16,77
38:19:00	59	8,69	16,77
38:20:00	59	8,69	16,77
38:21:00	59	8,69	16,77
38:22:00	59	8,69	16,77
38:23:00	59	8,69	16,77
38:24:00	59	8,69	16,77
38:25:00	59	8,69	16,77
38:26:00	59	8,69	16,77
38:27:00	59	8,69	16,77
38:28:00	59	8,69	16,77
38:29:00	59	8,69	16,77
38:30:00	59	8,69	16,77
38:31:00	59	8,69	16,77
38:32:00	59	8,69	16,77
38:33:00	59	8,69	16,77
38:34:00	59	8,69	16,77
38:35:00	59	8,69	16,77
38:36:00	59	8,69	16,77
38:37:00	59	8,69	16,77
38:38:00	59	8,69	16,77
38:39:00	59	8,69	16,77
38:40:00	59	8,69	16,77
38:41:00	59	8,69	16,77
38:42:00	59	8,69	16,77
38:43:00	59	8,69	16,77
38:44:00	59	8,69	16,77
38:45:00	59	8,69	16,77
38:46:00	59	8,69	16,77
38:47:00	59	8,69	16,77
38:48:00	59	8,69	16,77
38:49:00	59	8,68	16,84
38:50:00	59	8,69	16,77
38:51:00	59	8,68	16,84
38:52:00	59	8,68	16,84
38:53:00	59	8,69	16,77
38:54:00	59	8,69	16,77
45:53:49			
45:53:49	59	8,62	17,42
45:54:49	59	8,62	17,42
45:55:49	59	8,62	17,42
45:56:49	59	8,62	17,42
45:57:49	59	8,62	17,42
45:58:49	59	8,62	17,42
45:59:49	59	8,62	17,42
46:00:49	59	8,62	17,42
46:01:49	59	8,62	17,42
46:02:49	59	8,62	17,42
46:03:49	59	8,62	17,42
46:04:49	59	8,61	17,49
46:05:49	59	8,61	17,49
46:06:49	59	8,61	17,49
46:07:49	59	8,61	17,49
46:08:49	59	8,61	17,49
46:09:49	59	8,61	17,49
46:10:49	59	8,61	17,49
46:11:49	59	8,61	17,49
46:12:49	59	8,61	17,49
46:13:49	59	8,61	17,49
46:14:49	59	8,61	17,49
46:15:49	59	8,61	17,49
46:16:49	59	8,61	17,49
46:17:49	59	8,61	17,49
46:18:49	59	8,61	17,49
46:19:49	59	8,61	17,49
46:20:49	59	8,61	17,49
46:21:49	59	8,61	17,49
46:22:49	59	8,61	17,49
46:23:49	59	8,61	17,49
46:24:49	59	8,61	17,49
46:25:49	59	8,61	17,49
46:26:49	59	8,61	17,49
46:27:49	59	8,61	17,49
46:28:49	59	8,61	17,49
46:29:49	59	8,61	17,49
46:30:49	59	8,61	17,49
46:31:49	59	8,61	17,49
46:32:49	59	8,61	17,49
46:33:49	59	8,61	17,49
46:34:49	59	8,61	17,49
46:35:49	59	8,61	17,49
46:36:49	59	8,61	17,56
46:37:49	59	8,61	17,49
46:38:49	59	8,61	17,56
46:39:49	59	8,61	17,49
46:40:49	59	8,61	17,56
46:41:49	59	8,61	17,56
46:42:49	59	8,61	17,56
46:43:49	59	8,61	17,56
46:44:49	59	8,61	17,56
46:45:49	59	8,61	17,49
46:46:49	59	8,61	17,56
46:47:49	59	8,61	17,56
46:48:49	59	8,61	17,56
46:49:49	59	8,61	17,56
46:50:49	59	8,61	17,56
46:51:49	59	8,61	17,56
46:52:49	59	8,61	17,56
46:53:49	59	8,61	17,56
46:54:49	59	8,61	17,56
46:55:49	59	8,61	17,56
46:56:49	59	8,61	17,56
46:57:49	59	8,61	17,56
46:58:49	59	8,61	17,56
46:59:49	59	8,61	17,56
47:00:49	59	8,61	17,56
47:01:49	59	8,61	17,56
47:02:49	59	8,61	17,56
47:03:49	59	8,61	17,56
47:04:49	59	8,61	17,56
47:05:49	59	8,61	17,56
47:06:49	59	8,61	17,56
47:07:49	59	8,61	17,56
47:08:49	59	8,61	17,56
47:09:49	59	8,61	17,56
47:10:49	59	8,61	17,56
47:11:49	59	8,61	17,56
47:12:49	59	8,61	17,56
47:13:49	59	8,61	17,56
47:14:49	59	8,61	17,56
47:15:49	59	8,61	17,56
47:16:49	59	8,61	17,56
47:17:49	59	8,61	17,56
47:18:49	59	8,61	17,56
47:19:49	59	8,61	17,56
47:20:49	59	8,61	17,56
47:21:49	59	8,60	17,64
47:22:49	59	8,60	17,64
47:23:49	59	8,60	17,64
47:24:49	59	8,60	17,64
47:25:49	59	8,60	17,64
47:26:49	58	8,60	17,64
47:27:49	58	8,60	17,64
47:28:49	59	8,59	17,71
47:29:49	59	8,59	17,71
47:30:49	59	8,59	17,71
47:31:49	59	8,59	17,71
47:32:49	59	8,59	17,71
47:33:49	59	8,59	17,71
47:34:49	59	8,59	17,71
47:35:49	59	8,59	17,71
47:36:49	59	8,59	17,71
47:37:49	59	8,59	17,71
47:38:49	59	8,59	17,71
47:39:49	59	8,59	17,71
47:40:49	59	8,59	17,71
47:41:49	59	8,59	17,71
47:42:49	59	8,59	17,71
47:43:49	59	8,59	17,71
47:44:49	59	8,59	17,71
47:45:49	59	8,59	17,71
47:46:49	59	8,59	17,71
47:47:49	59	8,59	17,71
47:48:49	59	8,59	17,71
47:49:49	59	8,59	17,71
47:50:49	59	8,59	17,71
47:51:49	59	8,59	17,71
47:52:49	58	8,59	17,71
47:53:49	59	8,59	17,71
47:54:49	59	8,59	17,71
47:55:49	59	8,59	17,71
47:56:49	59	8,59	17,71
47:57:49	59	8,59	17,71
47:58:49	59	8,59	17,71
47:59:49	59	8,59	17,71
48:00:49	59	8,59	17,71
48:01:49	59	8,59	17,71
48:02:49	59	8,59	17,71
48:03:49	59	8,59	17,71
48:04:49	59	8,59	17,71
48:05:49	59	8,58	17,79
48:06:49	59	8,58	17,79
48:07:49	59	8,58	17,79
48:08:49	59	8,58	17,79
48:09:49	59	8,58	17,79
