--Test Summary--
Full Path and File Name	
Instrument Name	7222
Instrument Type	Model 7222 Consistometer
Instrument Serial Number	
Test Start Date	22.06.2018
Test Start Time	10:03:05
Test Stop Date	22.06.2018
Test Stop Time	15:28:54
Test Length	5:25:49
Final Sample Time Offset	5:25:40
Controller Schedule Name	
Sampling Period	10 seconds
Comments	1÷ÂÏÂÌÚ‡:3·ÛÙÂ‡
Information	WellID	
Information	Customer	
Information	EngName	
Information	CementClass	
Information	CementMfr	
Information	Additives	
Information	Density	
Information	BHCT	
Information	BHST	
Information	FluidLoss	
Information	JobType	
Calculated Value	Time_30Bc	0:00:10
Calculated Value	Time_70Bc	N/A
Calculated Value	Time_100Bc	N/A
Initial Temperature (∞C)	26 ∞C
Final Temperature (∞C)	66 ∞C
Initial Pressure (MPa)	0,9 MPa
Final Pressure (MPa)	65,2 MPa
Initial Consistency (Bc)	61 Bc
Final Consistency (Bc)	15 Bc
--Data--
Time (HH:MM:SS)	Temperature (∞C)	Pressure (MPa)	Consistency (Bc)
0:00:00	26	0,9	61
0:00:10	26	1,2	56
0:00:20	26	1,6	56
0:00:30	26	1,8	44
0:00:40	26	2,2	48
0:00:50	26	2,2	42
0:01:00	26	2,5	42
0:01:10	26	3,1	40
0:01:20	26	3,2	38
0:01:30	26	3,4	40
0:01:40	26	3,6	59
0:01:50	26	3,9	47
0:02:00	26	4,2	43
0:02:10	26	4,5	56
0:02:20	26	4,8	48
0:02:30	26	5,1	43
0:02:40	26	5,4	41
0:02:50	26	5,7	42
0:03:00	26	6,0	23
0:03:10	27	6,3	29
0:03:20	27	6,5	33
0:03:30	27	6,7	37
0:03:40	27	6,9	36
0:03:50	27	7,2	36
0:04:00	28	7,6	36
0:04:10	28	7,7	35
0:04:20	28	8,1	34
0:04:30	28	8,2	37
0:04:40	29	8,8	41
0:04:50	29	8,8	56
0:05:00	29	9,4	43
0:05:10	29	9,5	43
0:05:20	29	9,6	39
0:05:30	30	10,2	39
0:05:40	30	10,3	56
0:05:50	30	10,5	48
0:06:00	30	10,6	42
0:06:10	30	11,2	51
0:06:20	30	11,4	40
0:06:30	31	11,6	41
0:06:40	31	11,8	41
0:06:50	31	12,0	29
0:07:00	31	12,2	43
0:07:10	31	12,8	42
0:07:20	31	13,0	41
0:07:30	32	13,1	37
0:07:40	32	13,3	48
0:07:50	32	13,9	43
0:08:00	32	14,0	35
0:08:10	32	14,2	34
0:08:20	33	14,6	33
0:08:30	33	14,8	37
0:08:40	33	14,9	46
0:08:50	33	15,4	45
0:09:00	34	15,5	38
0:09:10	34	15,6	40
0:09:20	34	16,1	34
0:09:30	34	16,3	38
0:09:40	34	16,7	46
0:09:50	35	16,8	36
0:10:00	35	17,0	30
0:10:10	35	17,6	35
0:10:20	35	17,8	49
0:10:30	35	17,9	46
0:10:40	35	18,5	28
0:10:50	36	18,7	39
0:11:00	36	18,9	33
0:11:10	36	19,0	39
0:11:20	36	19,2	40
0:11:30	36	19,6	46
0:11:40	37	19,7	39
0:11:50	37	20,1	22
0:12:00	37	20,2	22
0:12:10	37	20,7	26
0:12:20	37	20,8	26
0:12:30	37	21,2	26
0:12:40	38	21,3	26
0:12:50	38	21,8	31
0:13:00	38	21,9	30
0:13:10	38	22,3	30
0:13:20	38	22,4	30
0:13:30	39	22,8	30
0:13:40	39	22,9	29
0:13:50	39	23,3	29
0:14:00	39	23,7	29
0:14:10	39	23,8	29
0:14:20	40	24,0	29
0:14:30	40	24,5	22
0:14:40	40	24,7	26
0:14:50	40	24,8	28
0:15:00	40	25,2	28
0:15:10	41	25,5	27
0:15:20	41	25,7	25
0:15:30	41	25,9	25
0:15:40	41	26,4	27
0:15:50	41	26,5	27
0:16:00	41	26,7	27
0:16:10	42	27,2	27
0:16:20	42	27,4	32
0:16:30	42	27,5	30
0:16:40	42	27,8	29
0:16:50	42	28,3	29
0:17:00	42	28,5	29
0:17:10	43	28,7	28
0:17:20	43	28,8	17
0:17:30	43	29,2	18
0:17:40	43	29,4	18
0:17:50	43	29,9	18
0:18:00	43	30,0	19
0:18:10	44	30,1	19
0:18:20	44	30,7	20
0:18:30	44	30,8	20
0:18:40	44	31,0	20
0:18:50	44	31,3	20
0:19:00	44	31,7	21
0:19:10	45	31,9	21
0:19:20	45	32,1	22
0:19:30	45	32,3	24
0:19:40	45	32,7	24
0:19:50	45	32,9	25
0:20:00	46	33,2	24
0:20:10	46	33,7	24
0:20:20	46	33,8	24
0:20:30	46	33,9	25
0:20:40	46	34,4	25
0:20:50	46	34,5	25
0:21:00	47	34,9	24
0:21:10	47	35,0	20
0:21:20	47	35,4	20
0:21:30	47	35,6	19
0:21:40	47	36,2	20
0:21:50	48	36,3	13
0:22:00	48	36,4	15
0:22:10	48	36,7	22
0:22:20	48	36,9	24
0:22:30	48	37,1	22
0:22:40	48	37,6	23
0:22:50	48	37,7	22
0:23:00	49	38,1	24
0:23:10	49	38,3	24
0:23:20	49	38,5	24
0:23:30	49	39,0	24
0:23:40	49	39,1	24
0:23:50	49	39,3	24
0:24:00	50	39,9	26
0:24:10	50	40,1	25
0:24:20	50	40,2	26
0:24:30	50	40,4	25
0:24:40	50	40,9	25
0:24:50	50	41,0	25
0:25:00	51	41,2	26
0:25:10	51	41,5	25
0:25:20	51	41,8	25
0:25:30	51	42,0	25
0:25:40	51	42,3	25
0:25:50	51	42,6	25
0:26:00	52	43,1	25
0:26:10	52	43,2	25
0:26:20	52	43,4	25
0:26:30	52	43,5	25
0:26:40	52	44,0	25
0:26:50	53	44,1	25
0:27:00	53	44,4	26
0:27:10	53	44,7	26
0:27:20	53	45,0	26
0:27:30	53	45,3	26
0:27:40	53	45,6	25
0:27:50	54	45,8	25
0:28:00	54	46,0	26
0:28:10	54	46,4	26
0:28:20	54	46,6	25
0:28:30	54	46,8	25
0:28:40	54	47,1	25
0:28:50	54	47,4	25
0:29:00	55	47,6	26
0:29:10	55	47,9	25
0:29:20	55	48,1	25
0:29:30	55	48,5	26
0:29:40	55	48,7	26
0:29:50	55	49,0	26
0:30:00	56	49,3	25
0:30:10	56	49,5	25
0:30:20	56	49,8	26
0:30:30	56	50,1	26
0:30:40	56	50,3	25
0:30:50	56	50,6	25
0:31:00	57	50,9	25
0:31:10	57	51,2	25
0:31:20	57	51,4	25
0:31:30	57	51,7	27
0:31:40	57	51,9	26
0:31:50	57	52,2	25
0:32:00	58	52,5	25
0:32:10	58	52,7	25
0:32:20	58	53,0	25
0:32:30	58	53,3	25
0:32:40	58	53,6	25
0:32:50	58	53,8	25
0:33:00	59	54,1	25
0:33:10	59	54,3	26
0:33:20	59	54,6	25
0:33:30	59	54,8	25
0:33:40	59	55,1	25
0:33:50	60	55,5	25
0:34:00	60	55,6	25
0:34:10	60	55,9	25
0:34:20	60	56,2	25
0:34:30	60	56,5	25
0:34:40	60	56,8	25
0:34:50	60	57,0	25
0:35:00	61	57,3	22
0:35:10	61	57,6	21
0:35:20	61	57,8	25
0:35:30	61	58,0	27
0:35:40	61	58,4	25
0:35:50	62	58,6	22
0:36:00	62	58,9	23
0:36:10	62	59,2	22
0:36:20	62	59,4	22
0:36:30	62	59,7	22
0:36:40	62	59,9	22
0:36:50	63	60,2	21
0:37:00	63	60,6	21
0:37:10	63	60,9	21
0:37:20	63	61,1	21
0:37:30	63	61,3	21
0:37:40	63	61,6	21
0:37:50	64	61,9	21
0:38:00	64	62,1	21
0:38:10	64	62,4	21
0:38:20	64	62,7	22
0:38:30	64	62,9	22
0:38:40	64	63,3	22
0:38:50	65	63,4	22
0:39:00	65	63,7	22
0:39:10	65	63,9	22
0:39:20	65	64,1	24
0:39:30	65	64,2	25
0:39:40	65	64,6	25
0:39:50	66	65,0	26
0:40:00	66	65,1	27
0:40:10	66	65,2	27
0:40:20	66	65,2	32
0:40:30	66	65,2	31
0:40:40	67	65,2	43
0:40:50	67	65,3	35
0:41:00	67	65,3	32
0:41:10	67	65,3	35
0:41:20	67	65,3	31
0:41:30	67	65,3	31
0:41:40	67	65,3	35
0:41:50	67	65,2	36
0:42:00	67	65,2	36
0:42:10	67	65,1	45
0:42:20	68	65,1	33
0:42:30	68	65,1	43
0:42:40	68	65,1	42
0:42:50	68	65,0	36
0:43:00	68	65,0	41
0:43:10	68	65,0	36
0:43:20	68	65,0	49
0:43:30	68	65,0	36
0:43:40	68	65,0	31
0:43:50	68	65,2	42
0:44:00	68	65,2	31
0:44:10	68	65,2	24
0:44:20	68	65,1	24
0:44:30	68	65,1	25
0:44:40	68	65,1	34
0:44:50	68	65,0	32
0:45:00	68	65,0	30
0:45:10	68	65,0	35
0:45:20	68	65,1	28
0:45:30	68	65,2	31
0:45:40	68	65,2	29
0:45:50	68	65,2	29
0:46:00	68	65,2	36
0:46:10	68	65,1	36
0:46:20	68	65,1	29
0:46:30	68	65,1	31
0:46:40	67	65,1	33
0:46:50	67	65,1	35
0:47:00	67	64,8	18
0:47:10	67	65,0	18
0:47:20	67	65,0	17
0:47:30	67	65,0	20
0:47:40	67	65,0	16
0:47:50	67	65,0	17
0:48:00	67	65,0	16
0:48:10	67	65,1	18
0:48:20	67	65,1	18
0:48:30	67	65,1	18
0:48:40	67	65,0	19
0:48:50	67	65,0	19
0:49:00	67	65,1	19
0:49:10	67	65,1	19
0:49:20	67	65,1	19
0:49:30	67	65,1	19
0:49:40	67	65,2	20
0:49:50	67	65,2	21
0:50:00	67	65,2	20
0:50:10	67	65,2	21
0:50:20	67	65,1	22
0:50:30	67	65,0	21
0:50:40	67	65,0	22
0:50:50	67	65,3	22
0:51:00	67	65,2	22
0:51:10	67	65,2	22
0:51:20	67	65,2	22
0:51:30	67	65,2	22
0:51:40	67	65,2	22
0:51:50	67	65,2	21
0:52:00	67	65,2	21
0:52:10	67	65,2	21
0:52:20	67	65,2	21
0:52:30	67	65,0	21
0:52:40	67	65,2	21
0:52:50	67	65,1	23
0:53:00	67	65,1	23
0:53:10	67	65,0	21
0:53:20	67	65,1	21
0:53:30	67	65,1	21
0:53:40	67	65,1	21
0:53:50	67	65,2	21
0:54:00	67	65,2	21
0:54:10	67	65,1	20
0:54:20	67	65,1	20
0:54:30	67	65,1	20
0:54:40	67	65,1	20
0:54:50	67	65,1	20
0:55:00	67	65,0	20
0:55:10	2	65,0	20
0:55:20	66	65,0	20
0:55:30	66	64,9	20
0:55:40	66	65,3	20
0:55:50	66	65,4	20
0:56:00	66	65,4	20
0:56:10	66	65,3	20
0:56:20	66	65,4	20
0:56:30	66	65,3	20
0:56:40	66	65,3	20
0:56:50	66	65,3	20
0:57:00	66	65,3	20
0:57:10	66	65,3	20
0:57:20	66	65,3	19
0:57:30	66	65,3	19
0:57:40	66	65,3	19
0:57:50	66	65,3	20
0:58:00	66	65,2	20
0:58:10	66	65,3	20
0:58:20	66	65,1	20
0:58:30	66	65,2	20
0:58:40	66	65,2	20
0:58:50	66	65,2	20
0:59:00	66	65,2	20
0:59:10	66	65,3	19
0:59:20	66	65,2	19
0:59:30	66	65,2	19
0:59:40	66	65,2	20
0:59:50	66	65,1	20
1:00:00	66	65,2	20
1:00:10	66	65,2	20
1:00:20	66	65,4	20
1:00:30	66	65,2	20
1:00:40	66	65,3	20
1:00:50	66	65,4	20
1:01:00	66	65,4	20
1:01:10	66	65,4	20
1:01:20	66	65,3	20
1:01:30	66	65,3	20
1:01:40	66	65,2	20
1:01:50	66	65,3	20
1:02:00	66	65,3	19
1:02:10	66	65,2	19
1:02:20	66	65,2	19
1:02:30	66	65,0	19
1:02:40	66	65,0	19
1:02:50	66	65,3	19
1:03:00	66	65,2	19
1:03:10	66	65,1	19
1:03:20	66	65,1	19
1:03:30	66	65,2	19
1:03:40	66	65,2	19
1:03:50	66	65,1	19
1:04:00	66	65,1	19
1:04:10	66	65,1	19
1:04:20	66	65,1	19
1:04:30	66	65,3	19
1:04:40	66	65,2	19
1:04:50	66	65,1	19
1:05:00	66	65,2	19
1:05:10	66	65,3	19
1:05:20	66	65,4	19
1:05:30	66	65,4	19
1:05:40	66	65,4	19
1:05:50	66	65,4	19
1:06:00	66	65,4	20
1:06:10	66	65,3	20
1:06:20	66	65,4	20
1:06:30	66	65,5	19
1:06:40	66	65,5	20
1:06:50	66	65,4	19
1:07:00	66	65,5	21
1:07:10	66	65,4	20
1:07:20	66	65,4	20
1:07:30	66	65,5	20
1:07:40	66	65,5	20
1:07:50	66	65,6	20
1:08:00	66	65,5	19
1:08:10	66	65,4	19
1:08:20	66	65,3	20
1:08:30	66	65,4	20
1:08:40	66	65,4	19
1:08:50	66	65,6	19
1:09:00	66	65,5	19
1:09:10	66	65,6	19
1:09:20	66	65,6	19
1:09:30	66	65,7	20
1:09:40	66	65,7	19
1:09:50	66	65,8	20
1:10:00	66	65,8	19
1:10:10	66	65,7	19
1:10:20	66	65,8	19
1:10:30	66	65,8	19
1:10:40	66	65,9	19
1:10:50	66	65,9	19
1:11:00	66	65,8	19
1:11:10	66	65,9	19
1:11:20	66	65,9	19
1:11:30	66	65,8	19
1:11:40	66	65,8	20
1:11:50	66	65,8	20
1:12:00	66	65,8	19
1:12:10	66	65,8	19
1:12:20	66	65,8	19
1:12:30	66	65,9	20
1:12:40	66	65,8	20
1:12:50	66	65,8	20
1:13:00	66	65,8	19
1:13:10	66	65,7	20
1:13:20	66	65,7	19
1:13:30	66	65,7	19
1:13:40	66	65,6	19
1:13:50	66	65,7	19
1:14:00	66	65,7	20
1:14:10	66	65,8	20
1:14:20	66	65,7	19
1:14:30	66	65,5	20
1:14:40	66	65,4	20
1:14:50	66	65,6	20
1:15:00	66	65,6	19
1:15:10	66	65,5	19
1:15:20	66	65,5	19
1:15:30	66	65,5	19
1:15:40	66	65,4	19
1:15:50	66	65,4	19
1:16:00	66	65,3	19
1:16:10	66	65,3	19
1:16:20	66	65,4	19
1:16:30	66	65,4	19
1:16:40	66	65,1	19
1:16:50	66	65,3	19
1:17:00	66	65,3	19
1:17:10	66	65,1	19
1:17:20	66	65,3	19
1:17:30	66	65,4	19
1:17:40	66	65,5	19
1:17:50	66	65,4	19
1:18:00	66	65,4	19
1:18:10	66	65,4	19
1:18:20	66	65,2	19
1:18:30	66	65,3	19
1:18:40	66	65,3	19
1:18:50	66	65,3	19
1:19:00	66	65,3	19
1:19:10	66	65,3	19
1:19:20	66	65,3	19
1:19:30	66	65,3	19
1:19:40	66	65,1	19
1:19:50	66	65,2	19
1:20:00	66	65,3	19
1:20:10	66	65,2	19
1:20:20	66	65,2	19
1:20:30	66	65,3	19
1:20:40	66	65,3	19
1:20:50	66	65,3	19
1:21:00	66	65,2	19
1:21:10	66	65,3	19
1:21:20	66	65,4	19
1:21:30	66	65,3	19
1:21:40	66	65,4	19
1:21:50	66	65,4	19
1:22:00	66	65,3	20
1:22:10	66	65,4	20
1:22:20	66	65,4	20
1:22:30	66	65,5	20
1:22:40	66	65,5	20
1:22:50	66	65,5	20
1:23:00	66	65,5	20
1:23:10	66	65,6	20
1:23:20	66	65,7	21
1:23:30	66	65,7	21
1:23:40	66	65,9	20
1:23:50	66	65,7	20
1:24:00	66	65,6	20
1:24:10	66	65,6	20
1:24:20	66	65,7	20
1:24:30	66	65,8	20
1:24:40	66	65,9	20
1:24:50	66	65,9	20
1:25:00	66	65,9	20
1:25:10	66	65,9	20
1:25:20	66	66,0	20
1:25:30	66	65,0	20
1:25:40	66	65,1	20
1:25:50	66	65,2	20
1:26:00	66	65,3	20
1:26:10	66	65,3	20
1:26:20	66	65,4	20
1:26:30	66	65,4	20
1:26:40	66	65,4	20
1:26:50	66	65,4	20
1:27:00	66	65,4	20
1:27:10	66	65,4	20
1:27:20	66	65,4	20
1:27:30	66	65,4	20
1:27:40	66	65,5	20
1:27:50	66	65,5	20
1:28:00	66	65,5	20
1:28:10	66	65,5	20
1:28:20	66	65,5	20
1:28:30	66	65,5	19
1:28:40	66	65,5	19
1:28:50	66	65,5	19
1:29:00	66	65,5	19
1:29:10	66	65,5	19
1:29:20	66	65,5	19
1:29:30	66	65,5	19
1:29:40	66	65,5	19
1:29:50	66	65,5	19
1:30:00	66	65,4	19
1:30:10	66	65,5	19
1:30:20	66	65,5	19
1:30:30	66	65,5	19
1:30:40	66	65,5	19
1:30:50	66	65,4	19
1:31:00	66	65,4	19
1:31:10	66	65,5	19
1:31:20	66	65,5	19
1:31:30	66	65,6	19
1:31:40	66	65,5	19
1:31:50	66	65,6	19
1:32:00	66	65,5	19
1:32:10	66	65,5	19
1:32:20	66	65,5	19
1:32:30	66	65,4	19
1:32:40	66	65,4	19
1:32:50	66	65,5	19
1:33:00	66	65,5	19
1:33:10	66	65,3	19
1:33:20	66	65,3	19
1:33:30	66	65,3	19
1:33:40	66	65,3	19
1:33:50	66	65,3	19
1:34:00	66	65,3	19
1:34:10	66	65,3	19
1:34:20	66	65,5	19
1:34:30	66	65,5	19
1:34:40	66	65,5	19
1:34:50	66	65,4	19
1:35:00	66	65,3	19
1:35:10	66	65,3	19
1:35:20	66	65,3	19
1:35:30	66	65,4	19
1:35:40	66	65,4	19
1:35:50	66	65,4	19
1:36:00	66	65,4	19
1:36:10	66	65,4	19
1:36:20	66	65,4	19
1:36:30	66	65,3	19
1:36:40	66	65,5	19
1:36:50	66	65,4	19
1:37:00	66	65,5	19
1:37:10	66	65,4	19
1:37:20	66	65,1	19
1:37:30	66	65,1	19
1:37:40	66	65,2	19
1:37:50	66	65,2	19
1:38:00	66	65,7	19
1:38:10	66	65,6	19
1:38:20	66	65,6	19
1:38:30	66	65,4	19
1:38:40	66	65,6	19
1:38:50	66	65,4	19
1:39:00	66	65,5	19
1:39:10	66	65,7	19
1:39:20	66	65,6	19
1:39:30	66	65,5	19
1:39:40	66	65,4	19
1:39:50	66	65,6	19
1:40:00	66	65,6	19
1:40:10	66	65,5	19
1:40:20	66	65,4	19
1:40:30	66	65,3	19
1:40:40	66	65,2	19
1:40:50	66	65,1	19
1:41:00	66	65,3	19
1:41:10	66	65,3	19
1:41:20	66	65,2	19
1:41:30	66	65,2	19
1:41:40	66	65,2	19
1:41:50	66	65,2	19
1:42:00	66	65,1	19
1:42:10	66	65,1	19
1:42:20	66	65,3	19
1:42:30	66	65,1	19
1:42:40	66	65,3	19
1:42:50	66	65,2	19
1:43:00	66	65,1	19
1:43:10	66	65,2	19
1:43:20	66	65,3	19
1:43:30	66	65,2	19
1:43:40	66	65,1	19
1:43:50	66	65,2	19
1:44:00	66	65,3	19
1:44:10	66	65,2	19
1:44:20	66	65,2	19
1:44:30	66	65,1	19
1:44:40	66	65,3	19
1:44:50	66	65,4	19
1:45:00	66	65,2	19
1:45:10	66	65,2	19
1:45:20	66	65,2	19
1:45:30	66	65,2	19
1:45:40	66	65,3	19
1:45:50	66	65,4	19
1:46:00	66	65,4	19
1:46:10	66	65,1	19
1:46:20	66	65,2	19
1:46:30	66	65,2	19
1:46:40	66	65,4	19
1:46:50	66	65,3	19
1:47:00	66	65,4	19
1:47:10	66	65,3	19
1:47:20	66	65,4	19
1:47:30	66	65,3	19
1:47:40	66	65,5	19
1:47:50	66	65,4	19
1:48:00	66	65,3	19
1:48:10	66	65,2	19
1:48:20	66	65,3	19
1:48:30	66	65,5	19
1:48:40	66	65,4	19
1:48:50	66	65,5	19
1:49:00	66	65,5	19
1:49:10	66	65,5	19
1:49:20	66	65,4	19
1:49:30	66	65,3	19
1:49:40	66	65,5	19
1:49:50	66	65,4	19
1:50:00	66	65,3	19
1:50:10	66	65,4	19
1:50:20	66	65,3	19
1:50:30	66	65,3	19
1:50:40	66	65,2	19
1:50:50	66	65,3	19
1:51:00	66	65,3	19
1:51:10	66	65,2	19
1:51:20	66	65,1	19
1:51:30	66	65,3	19
1:51:40	66	65,2	19
1:51:50	66	65,0	19
1:52:00	66	65,2	19
1:52:10	66	65,2	19
1:52:20	66	65,2	19
1:52:30	66	65,1	19
1:52:40	66	65,1	19
1:52:50	66	65,1	19
1:53:00	66	65,1	19
1:53:10	66	65,1	19
1:53:20	66	65,2	19
1:53:30	66	65,4	18
1:53:40	66	65,2	18
1:53:50	66	65,2	18
1:54:00	66	65,2	18
1:54:10	66	65,2	18
1:54:20	66	65,2	18
1:54:30	66	65,3	18
1:54:40	66	65,2	18
1:54:50	66	65,2	18
1:55:00	66	65,1	18
1:55:10	66	65,2	18
1:55:20	66	65,1	18
1:55:30	66	65,1	18
1:55:40	66	65,1	18
1:55:50	66	65,1	18
1:56:00	66	65,1	19
1:56:10	66	65,2	19
1:56:20	66	65,1	19
1:56:30	66	65,2	19
1:56:40	66	65,2	19
1:56:50	66	65,3	18
1:57:00	66	65,6	18
1:57:10	66	65,4	18
1:57:20	66	65,5	18
1:57:30	66	65,5	18
1:57:40	66	65,2	18
1:57:50	66	65,3	18
1:58:00	66	65,5	18
1:58:10	66	65,6	18
1:58:20	66	65,6	18
1:58:30	66	65,6	18
1:58:40	66	65,6	18
1:58:50	66	65,6	18
1:59:00	66	65,6	18
1:59:10	66	65,6	18
1:59:20	66	65,7	18
1:59:30	66	65,6	18
1:59:40	66	65,7	18
1:59:50	66	65,7	18
2:00:00	66	65,7	18
2:00:10	66	65,8	18
2:00:20	66	65,9	18
2:00:30	66	65,7	18
2:00:40	66	65,8	18
2:00:50	66	65,3	18
2:01:00	66	65,3	18
2:01:10	66	65,6	18
2:01:20	66	65,8	18
2:01:30	66	65,9	18
2:01:40	66	65,5	18
2:01:50	66	65,7	18
2:02:00	66	65,9	18
2:02:10	66	65,7	18
2:02:20	66	65,6	17
2:02:30	66	65,6	17
2:02:40	66	65,7	17
2:02:50	66	65,8	17
2:03:00	66	65,9	17
2:03:10	66	65,7	17
2:03:20	66	66,0	17
2:03:30	66	65,9	17
2:03:40	66	65,6	17
2:03:50	66	65,7	17
2:04:00	66	65,7	17
2:04:10	66	65,5	17
2:04:20	66	65,9	17
2:04:30	66	65,4	17
2:04:40	66	65,6	17
2:04:50	66	65,8	17
2:05:00	66	65,9	17
2:05:10	66	64,5	18
2:05:20	66	65,7	18
2:05:30	66	65,3	18
2:05:40	66	65,3	18
2:05:50	66	65,4	18
2:06:00	66	65,6	18
2:06:10	66	65,5	18
2:06:20	66	65,5	18
2:06:30	66	65,4	18
2:06:40	66	65,4	18
2:06:50	66	65,4	18
2:07:00	66	65,4	18
2:07:10	66	65,4	18
2:07:20	66	65,5	17
2:07:30	66	65,7	17
2:07:40	66	65,7	17
2:07:50	66	65,7	18
2:08:00	66	65,8	18
2:08:10	66	65,8	18
2:08:20	66	65,2	18
2:08:30	66	65,6	18
2:08:40	66	65,6	19
2:08:50	66	64,9	19
2:09:00	66	65,2	19
2:09:10	66	66,0	19
2:09:20	66	64,9	19
2:09:30	66	65,3	19
2:09:40	66	65,2	19
2:09:50	66	65,8	19
2:10:00	66	65,4	19
2:10:10	66	65,9	19
2:10:20	66	65,3	19
2:10:30	66	65,2	19
2:10:40	66	65,3	19
2:10:50	66	65,5	19
2:11:00	66	65,6	18
2:11:10	66	65,6	18
2:11:20	66	65,6	18
2:11:30	66	65,6	18
2:11:40	66	65,7	18
2:11:50	66	65,7	18
2:12:00	66	65,7	18
2:12:10	66	65,7	18
2:12:20	66	65,7	18
2:12:30	66	65,7	18
2:12:40	66	65,7	18
2:12:50	66	65,7	18
2:13:00	66	65,7	18
2:13:10	66	65,6	18
2:13:20	66	65,6	18
2:13:30	66	65,6	18
2:13:40	66	65,6	18
2:13:50	66	65,5	18
2:14:00	66	65,6	18
2:14:10	66	65,6	18
2:14:20	66	65,7	18
2:14:30	66	65,7	18
2:14:40	66	65,7	18
2:14:50	66	65,6	18
2:15:00	66	65,6	17
2:15:10	66	65,7	17
2:15:20	66	65,6	17
2:15:30	66	65,7	17
2:15:40	66	65,6	17
2:15:50	66	65,6	17
2:16:00	66	65,5	17
2:16:10	66	65,5	17
2:16:20	66	65,6	17
2:16:30	66	65,6	18
2:16:40	66	65,7	18
2:16:50	66	65,7	18
2:17:00	66	65,7	17
2:17:10	66	65,6	17
2:17:20	66	65,6	17
2:17:30	66	65,7	17
2:17:40	66	65,6	17
2:17:50	66	65,6	17
2:18:00	66	65,7	17
2:18:10	66	65,8	17
2:18:20	66	65,7	17
2:18:30	66	65,6	17
2:18:40	66	65,6	17
2:18:50	66	65,7	17
2:19:00	66	65,7	17
2:19:10	66	65,6	17
2:19:20	66	65,6	17
2:19:30	66	65,5	17
2:19:40	66	65,1	17
2:19:50	66	64,7	17
2:20:00	66	65,1	18
2:20:10	66	64,9	18
2:20:20	66	65,0	18
2:20:30	66	65,1	18
2:20:40	66	65,0	18
2:20:50	66	65,0	18
2:21:00	66	65,0	18
2:21:10	66	65,0	18
2:21:20	66	65,0	18
2:21:30	66	65,0	18
2:21:40	66	65,1	18
2:21:50	66	65,0	18
2:22:00	66	65,0	18
2:22:10	66	65,1	18
2:22:20	66	65,1	18
2:22:30	66	65,1	18
2:22:40	66	65,1	18
2:22:50	66	65,1	18
2:23:00	66	65,1	18
2:23:10	66	65,1	18
2:23:20	66	65,1	18
2:23:30	66	65,1	18
2:23:40	66	65,1	18
2:23:50	66	65,1	18
2:24:00	66	65,1	18
2:24:10	66	65,1	18
2:24:20	66	65,1	18
2:24:30	66	65,1	18
2:24:40	66	65,1	18
2:24:50	66	65,1	18
2:25:00	66	65,1	18
2:25:10	66	65,1	18
2:25:20	66	65,1	18
2:25:30	66	65,1	18
2:25:40	66	65,1	18
2:25:50	66	65,2	18
2:26:00	66	65,2	18
2:26:10	66	65,1	18
2:26:20	66	65,2	18
2:26:30	66	65,2	18
2:26:40	66	65,2	18
2:26:50	66	65,1	18
2:27:00	66	65,2	18
2:27:10	66	65,2	18
2:27:20	66	65,2	18
2:27:30	66	65,2	19
2:27:40	66	65,2	19
2:27:50	66	65,2	18
2:28:00	66	65,2	18
2:28:10	66	65,2	18
2:28:20	66	65,2	19
2:28:30	66	65,2	19
2:28:40	66	65,2	19
2:28:50	66	65,2	19
2:29:00	66	65,2	19
2:29:10	66	65,2	19
2:29:20	66	65,2	19
2:29:30	66	65,2	19
2:29:40	66	65,2	19
2:29:50	66	65,2	18
2:30:00	66	65,2	18
2:30:10	66	65,2	18
2:30:20	66	65,2	18
2:30:30	66	65,2	18
2:30:40	66	65,2	18
2:30:50	66	65,2	18
2:31:00	66	65,2	18
2:31:10	66	65,2	18
2:31:20	66	65,2	18
2:31:30	66	65,2	18
2:31:40	66	65,2	18
2:31:50	66	65,2	18
2:32:00	66	65,2	18
2:32:10	66	65,2	17
2:32:20	66	65,2	17
2:32:30	66	65,2	17
2:32:40	66	65,2	17
2:32:50	66	65,2	17
2:33:00	66	65,2	17
2:33:10	66	65,2	17
2:33:20	66	65,2	17
2:33:30	66	65,1	17
2:33:40	66	65,1	17
2:33:50	66	65,1	17
2:34:00	66	65,1	17
2:34:10	66	65,1	17
2:34:20	66	65,2	17
2:34:30	66	65,7	17
2:34:40	66	64,0	18
2:34:50	66	65,1	17
2:35:00	66	65,2	17
2:35:10	66	65,8	17
2:35:20	66	65,7	17
2:35:30	66	65,7	17
2:35:40	66	65,9	17
2:35:50	66	65,8	17
2:36:00	66	65,9	17
2:36:10	66	66,0	17
2:36:20	66	65,8	16
2:36:30	66	65,9	16
2:36:40	66	65,9	16
2:36:50	66	65,8	16
2:37:00	66	65,6	16
2:37:10	66	65,5	16
2:37:20	66	65,3	16
2:37:30	66	65,2	16
2:37:40	66	65,0	17
2:37:50	66	65,2	17
2:38:00	66	65,0	17
2:38:10	66	64,9	17
2:38:20	66	64,9	17
2:38:30	66	64,9	17
2:38:40	66	64,8	17
2:38:50	66	64,9	17
2:39:00	66	65,0	17
2:39:10	66	64,9	17
2:39:20	66	65,0	17
2:39:30	66	65,0	17
2:39:40	66	65,0	17
2:39:50	66	65,2	17
2:40:00	66	65,2	17
2:40:10	66	65,2	17
2:40:20	66	65,2	17
2:40:30	66	65,2	17
2:40:40	66	65,2	17
2:40:50	66	65,1	17
2:41:00	66	65,1	17
2:41:10	66	65,2	17
2:41:20	66	65,2	17
2:41:30	66	65,1	17
2:41:40	66	65,1	17
2:41:50	66	65,0	17
2:42:00	66	65,1	17
2:42:10	66	65,1	17
2:42:20	66	65,2	17
2:42:30	66	65,3	17
2:42:40	66	65,3	17
2:42:50	66	65,3	17
2:43:00	66	66,4	17
2:43:10	66	65,7	16
2:43:20	66	65,7	17
2:43:30	66	65,7	17
2:43:40	66	65,6	17
2:43:50	66	65,6	17
2:44:00	66	65,4	17
2:44:10	66	65,4	17
2:44:20	66	64,9	16
2:44:30	66	65,4	16
2:44:40	66	65,4	16
2:44:50	66	65,3	16
2:45:00	66	65,3	16
2:45:10	66	65,4	16
2:45:20	66	65,3	16
2:45:30	66	65,3	16
2:45:40	66	65,2	16
2:45:50	66	65,2	16
2:46:00	66	65,1	16
2:46:10	66	65,0	16
2:46:20	66	65,0	16
2:46:30	66	65,0	16
2:46:40	66	65,0	16
2:46:50	66	65,1	16
2:47:00	66	65,0	16
2:47:10	66	65,1	16
2:47:20	66	64,9	16
2:47:30	66	65,2	16
2:47:40	66	65,3	16
2:47:50	66	65,4	16
2:48:00	66	65,3	16
2:48:10	66	65,3	16
2:48:20	66	65,2	16
2:48:30	66	65,4	16
2:48:40	66	65,5	16
2:48:50	66	65,6	16
2:49:00	66	65,6	17
2:49:10	66	65,3	17
2:49:20	66	65,2	17
2:49:30	66	65,4	17
2:49:40	66	65,4	17
2:49:50	66	65,1	17
2:50:00	66	65,4	18
2:50:10	66	65,3	18
2:50:20	66	65,2	17
2:50:30	66	65,0	17
2:50:40	66	65,1	17
2:50:50	66	65,0	17
2:51:00	66	65,5	17
2:51:10	66	65,5	17
2:51:20	66	65,4	17
2:51:30	66	65,2	17
2:51:40	66	65,3	17
2:51:50	66	65,3	17
2:52:00	66	65,3	17
2:52:10	66	65,5	17
2:52:20	66	65,3	17
2:52:30	66	65,4	17
2:52:40	66	65,3	17
2:52:50	66	65,6	17
2:53:00	66	65,5	17
2:53:10	66	65,5	17
2:53:20	66	65,7	17
2:53:30	66	65,7	17
2:53:40	66	65,8	17
2:53:50	66	65,9	17
2:54:00	66	66,0	17
2:54:10	66	64,8	17
2:54:20	66	65,3	17
2:54:30	66	65,4	17
2:54:40	66	65,4	17
2:54:50	66	65,4	17
2:55:00	66	65,4	17
2:55:10	66	65,3	17
2:55:20	66	65,3	17
2:55:30	66	65,3	16
2:55:40	66	65,2	16
2:55:50	66	65,3	16
2:56:00	66	65,4	16
2:56:10	66	65,3	16
2:56:20	66	65,4	16
2:56:30	66	65,3	16
2:56:40	66	65,4	16
2:56:50	66	65,4	16
2:57:00	66	65,4	16
2:57:10	66	65,4	16
2:57:20	66	65,4	16
2:57:30	66	65,3	16
2:57:40	66	65,4	16
2:57:50	66	65,5	16
2:58:00	66	65,4	16
2:58:10	66	65,3	16
2:58:20	66	65,4	16
2:58:30	66	65,3	16
2:58:40	66	65,4	16
2:58:50	66	65,4	16
2:59:00	66	65,5	16
2:59:10	66	65,5	16
2:59:20	66	65,5	16
2:59:30	66	65,6	16
2:59:40	66	65,7	16
2:59:50	66	65,6	16
3:00:00	66	65,7	16
3:00:10	66	65,6	16
3:00:20	66	65,7	16
3:00:30	66	65,8	16
3:00:40	66	65,6	16
3:00:50	66	65,7	16
3:01:00	66	65,7	16
3:01:10	66	65,8	16
3:01:20	66	65,7	16
3:01:30	66	65,8	16
3:01:40	66	65,7	16
3:01:50	66	65,7	16
3:02:00	66	65,7	16
3:02:10	66	65,9	16
3:02:20	66	66,0	16
3:02:30	66	64,5	16
3:02:40	66	65,4	16
3:02:50	66	65,4	16
3:03:00	66	65,4	16
3:03:10	66	65,4	16
3:03:20	66	65,5	16
3:03:30	66	65,4	16
3:03:40	66	65,2	16
3:03:50	66	65,2	16
3:04:00	66	65,3	16
3:04:10	66	65,2	16
3:04:20	66	65,2	16
3:04:30	66	65,3	16
3:04:40	66	65,3	16
3:04:50	66	65,3	16
3:05:00	66	65,3	16
3:05:10	66	65,3	16
3:05:20	66	65,3	16
3:05:30	66	65,3	16
3:05:40	66	65,4	16
3:05:50	66	65,4	16
3:06:00	66	65,5	16
3:06:10	66	65,5	16
3:06:20	66	65,5	16
3:06:30	66	65,5	16
3:06:40	66	65,5	16
3:06:50	66	65,5	16
3:07:00	66	65,3	16
3:07:10	66	65,3	16
3:07:20	66	65,3	16
3:07:30	66	65,1	16
3:07:40	66	65,1	16
3:07:50	66	65,0	16
3:08:00	66	65,0	16
3:08:10	66	65,0	16
3:08:20	66	65,1	16
3:08:30	66	65,0	16
3:08:40	66	65,0	16
3:08:50	66	65,0	16
3:09:00	66	65,0	16
3:09:10	66	65,0	16
3:09:20	66	65,0	16
3:09:30	66	65,0	16
3:09:40	66	65,0	16
3:09:50	66	65,2	16
3:10:00	66	65,2	16
3:10:10	66	65,1	16
3:10:20	66	65,1	16
3:10:30	66	65,1	16
3:10:40	66	65,1	16
3:10:50	66	65,2	16
3:11:00	66	65,2	16
3:11:10	66	65,2	16
3:11:20	66	65,1	16
3:11:30	66	65,2	16
3:11:40	66	65,2	16
3:11:50	66	65,1	16
3:12:00	66	65,1	16
3:12:10	66	65,1	16
3:12:20	66	65,2	16
3:12:30	66	65,2	16
3:12:40	66	65,2	16
3:12:50	66	65,3	16
3:13:00	66	65,1	16
3:13:10	66	65,1	16
3:13:20	66	65,1	16
3:13:30	66	65,0	16
3:13:40	66	65,2	16
3:13:50	66	65,3	16
3:14:00	66	65,1	16
3:14:10	66	65,2	16
3:14:20	66	64,9	16
3:14:30	66	65,2	16
3:14:40	66	65,3	16
3:14:50	66	65,4	16
3:15:00	66	65,4	16
3:15:10	66	65,4	16
3:15:20	66	65,5	16
3:15:30	66	65,5	16
3:15:40	66	65,6	16
3:15:50	66	65,7	16
3:16:00	66	65,8	16
3:16:10	66	66,0	16
3:16:20	66	65,1	15
3:16:30	66	65,1	15
3:16:40	66	64,9	15
3:16:50	66	65,1	15
3:17:00	66	65,1	15
3:17:10	66	64,9	15
3:17:20	66	65,1	15
3:17:30	66	65,2	15
3:17:40	66	65,2	15
3:17:50	66	65,1	15
3:18:00	66	65,0	15
3:18:10	66	65,1	15
3:18:20	66	65,2	15
3:18:30	66	65,1	15
3:18:40	66	65,1	15
3:18:50	66	65,2	15
3:19:00	66	65,2	15
3:19:10	66	65,1	15
3:19:20	66	65,1	15
3:19:30	66	65,3	15
3:19:40	66	65,2	15
3:19:50	66	65,2	15
3:20:00	66	65,1	15
3:20:10	66	65,0	15
3:20:20	66	65,0	15
3:20:30	66	64,9	15
3:20:40	66	65,1	15
3:20:50	66	65,1	15
3:21:00	66	65,4	16
3:21:10	66	65,3	16
3:21:20	66	65,0	16
3:21:30	66	64,9	16
3:21:40	66	65,1	16
3:21:50	66	65,1	16
3:22:00	66	65,1	16
3:22:10	66	65,2	16
3:22:20	66	65,2	16
3:22:30	66	65,2	16
3:22:40	66	65,2	16
3:22:50	66	65,3	16
3:23:00	66	65,3	16
3:23:10	66	65,4	16
3:23:20	66	65,7	15
3:23:30	66	62,4	15
3:23:40	66	65,5	15
3:23:50	66	65,4	15
3:24:00	66	65,5	15
3:24:10	66	65,4	15
3:24:20	66	65,3	15
3:24:30	66	65,2	15
3:24:40	66	65,0	15
3:24:50	66	65,3	15
3:25:00	66	65,0	16
3:25:10	66	65,1	16
3:25:20	66	65,2	16
3:25:30	66	65,8	15
3:25:40	66	65,5	15
3:25:50	66	65,6	15
3:26:00	66	65,7	15
3:26:10	66	65,7	15
3:26:20	66	65,3	15
3:26:30	66	65,5	15
3:26:40	66	64,9	15
3:26:50	66	65,3	15
3:27:00	66	65,2	15
3:27:10	66	65,0	15
3:27:20	66	64,9	15
3:27:30	66	65,2	16
3:27:40	66	64,9	16
3:27:50	66	65,1	16
3:28:00	66	65,0	16
3:28:10	66	65,1	16
3:28:20	66	65,0	16
3:28:30	66	64,9	16
3:28:40	66	65,1	16
3:28:50	66	65,1	16
3:29:00	66	65,0	16
3:29:10	66	65,0	16
3:29:20	66	65,1	16
3:29:30	66	65,1	16
3:29:40	66	65,1	16
3:29:50	66	65,1	16
3:30:00	66	65,0	16
3:30:10	66	65,0	16
3:30:20	66	65,0	16
3:30:30	66	65,0	16
3:30:40	66	65,0	16
3:30:50	66	65,0	16
3:31:00	66	65,0	16
3:31:10	66	65,0	16
3:31:20	66	65,0	16
3:31:30	66	65,0	16
3:31:40	66	65,0	16
3:31:50	66	65,0	16
3:32:00	66	65,0	16
3:32:10	66	65,0	16
3:32:20	66	65,0	16
3:32:30	66	65,0	16
3:32:40	66	65,1	16
3:32:50	66	65,1	16
3:33:00	66	65,2	16
3:33:10	66	65,4	16
3:33:20	66	65,4	15
3:33:30	66	65,6	14
3:33:40	66	65,7	14
3:33:50	66	65,7	14
3:34:00	66	65,7	14
3:34:10	66	65,7	14
3:34:20	66	65,6	14
3:34:30	66	65,7	14
3:34:40	66	65,8	14
3:34:50	66	65,9	14
3:35:00	66	65,8	14
3:35:10	66	65,8	14
3:35:20	66	65,8	14
3:35:30	66	65,9	14
3:35:40	66	65,9	14
3:35:50	66	65,7	14
3:36:00	66	65,6	14
3:36:10	66	65,8	14
3:36:20	66	65,1	14
3:36:30	66	65,4	14
3:36:40	66	65,2	14
3:36:50	66	65,4	14
3:37:00	66	65,2	14
3:37:10	66	65,4	14
3:37:20	66	65,3	14
3:37:30	66	65,3	14
3:37:40	66	65,4	14
3:37:50	66	65,4	14
3:38:00	66	65,4	14
3:38:10	66	65,3	14
3:38:20	66	65,3	14
3:38:30	66	65,2	14
3:38:40	66	65,2	14
3:38:50	66	65,2	14
3:39:00	66	65,2	14
3:39:10	66	65,1	14
3:39:20	66	65,1	14
3:39:30	66	65,2	14
3:39:40	66	65,1	14
3:39:50	66	65,2	14
3:40:00	66	65,1	14
3:40:10	66	65,1	14
3:40:20	66	65,0	14
3:40:30	66	65,0	14
3:40:40	66	65,0	14
3:40:50	66	65,0	14
3:41:00	66	65,1	14
3:41:10	66	65,1	14
3:41:20	66	65,2	14
3:41:30	66	65,2	14
3:41:40	66	65,1	14
3:41:50	66	65,2	14
3:42:00	66	65,2	14
3:42:10	66	65,1	14
3:42:20	66	65,1	14
3:42:30	66	65,1	14
3:42:40	66	65,3	14
3:42:50	66	65,3	14
3:43:00	66	65,2	14
3:43:10	66	65,2	14
3:43:20	66	65,2	14
3:43:30	66	65,1	14
3:43:40	66	65,1	14
3:43:50	66	65,1	14
3:44:00	66	65,1	14
3:44:10	66	65,2	14
3:44:20	66	65,2	14
3:44:30	66	65,2	14
3:44:40	66	65,2	14
3:44:50	66	65,2	14
3:45:00	66	65,2	14
3:45:10	66	65,2	14
3:45:20	66	65,2	14
3:45:30	66	65,1	14
3:45:40	66	65,1	14
3:45:50	66	65,1	14
3:46:00	66	64,9	14
3:46:10	66	65,0	14
3:46:20	66	64,9	13
3:46:30	66	65,0	14
3:46:40	66	65,1	14
3:46:50	66	65,2	14
3:47:00	66	65,2	14
3:47:10	66	65,1	14
3:47:20	66	65,1	14
3:47:30	66	65,1	14
3:47:40	66	65,1	14
3:47:50	66	65,0	14
3:48:00	66	65,0	14
3:48:10	66	64,9	14
3:48:20	66	65,0	14
3:48:30	66	65,1	14
3:48:40	66	65,0	14
3:48:50	66	65,0	14
3:49:00	66	65,0	14
3:49:10	66	65,0	14
3:49:20	66	64,9	14
3:49:30	66	65,0	14
3:49:40	66	65,3	14
3:49:50	66	65,8	14
3:50:00	66	65,9	14
3:50:10	66	65,8	14
3:50:20	66	65,9	14
3:50:30	66	65,9	14
3:50:40	66	64,8	14
3:50:50	66	65,0	14
3:51:00	66	65,0	14
3:51:10	66	65,1	14
3:51:20	66	65,1	14
3:51:30	66	65,3	14
3:51:40	66	65,3	14
3:51:50	66	65,3	14
3:52:00	66	65,3	14
3:52:10	66	65,3	14
3:52:20	66	65,4	14
3:52:30	66	65,5	14
3:52:40	66	65,5	14
3:52:50	66	65,5	14
3:53:00	66	65,5	14
3:53:10	66	65,5	14
3:53:20	66	65,6	14
3:53:30	66	65,5	14
3:53:40	66	65,6	14
3:53:50	66	65,5	14
3:54:00	66	65,4	14
3:54:10	66	65,3	14
3:54:20	66	65,3	14
3:54:30	66	65,2	14
3:54:40	66	65,4	14
3:54:50	66	65,3	14
3:55:00	66	65,2	14
3:55:10	66	65,3	14
3:55:20	66	65,2	14
3:55:30	66	65,3	14
3:55:40	66	65,1	14
3:55:50	66	65,3	14
3:56:00	66	65,2	14
3:56:10	66	65,2	14
3:56:20	66	65,2	14
3:56:30	66	65,3	14
3:56:40	66	65,3	14
3:56:50	66	65,3	14
3:57:00	66	65,3	14
3:57:10	66	65,2	14
3:57:20	66	65,1	13
3:57:30	66	65,0	13
3:57:40	66	65,0	13
3:57:50	66	64,8	13
3:58:00	66	65,2	13
3:58:10	66	65,2	13
3:58:20	66	65,1	13
3:58:30	66	65,1	13
3:58:40	66	65,0	13
3:58:50	66	65,0	13
3:59:00	66	65,0	13
3:59:10	66	65,0	13
3:59:20	66	65,0	13
3:59:30	66	64,9	13
3:59:40	66	65,4	14
3:59:50	66	65,4	14
4:00:00	66	65,1	14
4:00:10	66	65,6	14
4:00:20	66	65,5	14
4:00:30	66	65,5	14
4:00:40	66	65,7	14
4:00:50	66	65,7	14
4:01:00	66	65,6	14
4:01:10	66	65,6	14
4:01:20	66	65,7	14
4:01:30	66	65,6	14
4:01:40	66	65,8	14
4:01:50	66	65,7	14
4:02:00	66	65,6	13
4:02:10	66	65,7	14
4:02:20	66	65,6	14
4:02:30	66	65,7	14
4:02:40	66	65,8	14
4:02:50	66	65,8	15
4:03:00	66	65,8	15
4:03:10	66	65,9	15
4:03:20	66	65,9	15
4:03:30	66	65,8	15
4:03:40	66	65,9	15
4:03:50	66	65,9	15
4:04:00	66	66,0	15
4:04:10	66	65,2	14
4:04:20	66	65,3	14
4:04:30	66	65,4	14
4:04:40	66	65,5	14
4:04:50	66	65,4	14
4:05:00	66	65,5	14
4:05:10	66	65,6	14
4:05:20	66	65,5	14
4:05:30	66	65,6	14
4:05:40	66	65,6	14
4:05:50	66	65,6	14
4:06:00	66	65,5	14
4:06:10	66	65,6	14
4:06:20	66	65,6	14
4:06:30	66	65,7	14
4:06:40	66	65,7	14
4:06:50	66	65,6	14
4:07:00	66	65,7	14
4:07:10	66	65,6	14
4:07:20	66	65,7	14
4:07:30	66	65,7	14
4:07:40	66	65,6	14
4:07:50	66	65,7	14
4:08:00	66	65,7	14
4:08:10	66	65,8	14
4:08:20	66	65,8	14
4:08:30	66	65,6	14
4:08:40	66	65,6	14
4:08:50	66	65,6	14
4:09:00	66	65,6	14
4:09:10	66	65,4	14
4:09:20	66	63,0	15
4:09:30	66	65,2	14
4:09:40	66	65,0	14
4:09:50	66	65,3	15
4:10:00	66	65,1	15
4:10:10	66	65,2	15
4:10:20	66	65,2	15
4:10:30	66	65,1	15
4:10:40	66	65,2	15
4:10:50	66	65,0	15
4:11:00	66	65,0	15
4:11:10	66	65,0	15
4:11:20	66	65,0	15
4:11:30	66	65,2	15
4:11:40	66	65,2	15
4:11:50	66	65,1	15
4:12:00	66	65,1	15
4:12:10	66	65,0	15
4:12:20	66	65,1	15
4:12:30	66	65,2	15
4:12:40	66	63,1	14
4:12:50	66	65,5	14
4:13:00	66	65,6	14
4:13:10	66	65,5	14
4:13:20	66	65,5	14
4:13:30	66	65,6	14
4:13:40	66	65,6	14
4:13:50	66	65,7	14
4:14:00	66	65,8	14
4:14:10	66	65,7	14
4:14:20	66	65,9	14
4:14:30	66	65,7	14
4:14:40	66	66,0	14
4:14:50	66	63,8	15
4:15:00	66	65,7	14
4:15:10	66	65,8	14
4:15:20	66	65,5	14
4:15:30	66	65,5	14
4:15:40	66	66,0	14
4:15:50	66	65,2	14
4:16:00	66	65,3	14
4:16:10	66	65,2	14
4:16:20	66	65,2	14
4:16:30	66	65,0	14
4:16:40	66	65,1	14
4:16:50	66	65,2	14
4:17:00	66	65,1	14
4:17:10	66	65,4	14
4:17:20	66	65,5	14
4:17:30	66	65,5	14
4:17:40	66	65,5	14
4:17:50	66	65,5	14
4:18:00	66	65,5	14
4:18:10	66	65,4	14
4:18:20	66	65,6	14
4:18:30	66	65,4	14
4:18:40	66	65,2	14
4:18:50	66	65,3	14
4:19:00	66	65,2	14
4:19:10	66	65,1	14
4:19:20	66	65,1	14
4:19:30	66	65,1	14
4:19:40	66	65,1	14
4:19:50	66	65,4	15
4:20:00	66	65,3	15
4:20:10	66	65,3	15
4:20:20	66	65,2	15
4:20:30	66	65,0	15
4:20:40	66	65,2	15
4:20:50	66	65,0	15
4:21:00	66	65,0	15
4:21:10	66	65,0	15
4:21:20	66	65,0	15
4:21:30	66	65,1	15
4:21:40	66	64,9	15
4:21:50	66	65,0	15
4:22:00	66	64,9	15
4:22:10	66	65,2	14
4:22:20	66	65,2	14
4:22:30	66	65,3	14
4:22:40	66	65,4	14
4:22:50	66	65,3	14
4:23:00	66	65,4	14
4:23:10	66	65,1	14
4:23:20	66	65,4	14
4:23:30	66	65,3	14
4:23:40	66	65,8	14
4:23:50	66	65,3	14
4:24:00	66	65,4	14
4:24:10	66	65,5	14
4:24:20	66	65,4	14
4:24:30	66	65,2	14
4:24:40	66	65,2	14
4:24:50	66	65,6	14
4:25:00	66	65,7	14
4:25:10	66	65,6	14
4:25:20	66	65,7	14
4:25:30	66	65,1	14
4:25:40	66	64,6	15
4:25:50	66	64,9	14
4:26:00	66	66,1	13
4:26:10	66	65,3	13
4:26:20	66	65,3	13
4:26:30	66	65,5	12
4:26:40	66	64,9	12
4:26:50	66	65,4	13
4:27:00	66	65,0	13
4:27:10	66	64,8	13
4:27:20	66	64,8	13
4:27:30	66	64,9	13
4:27:40	66	65,1	13
4:27:50	66	65,0	12
4:28:00	66	65,0	12
4:28:10	66	64,8	12
4:28:20	66	65,2	12
4:28:30	66	65,0	12
4:28:40	66	65,1	12
4:28:50	66	65,1	12
4:29:00	66	65,1	12
4:29:10	66	65,0	12
4:29:20	66	64,9	12
4:29:30	66	65,1	12
4:29:40	66	65,2	12
4:29:50	66	65,2	12
4:30:00	66	65,2	12
4:30:10	66	65,0	12
4:30:20	66	65,2	13
4:30:30	66	65,0	13
4:30:40	66	65,3	13
4:30:50	66	65,2	13
4:31:00	66	65,3	13
4:31:10	66	65,3	13
4:31:20	66	65,3	13
4:31:30	66	65,3	13
4:31:40	66	65,6	13
4:31:50	66	65,6	13
4:32:00	66	65,6	13
4:32:10	66	65,6	13
4:32:20	66	65,2	13
4:32:30	66	65,4	13
4:32:40	66	65,5	13
4:32:50	66	65,7	13
4:33:00	66	65,7	13
4:33:10	66	65,7	13
4:33:20	66	65,7	13
4:33:30	66	65,8	13
4:33:40	66	65,8	13
4:33:50	66	65,8	13
4:34:00	66	65,7	13
4:34:10	66	65,7	13
4:34:20	66	65,6	13
4:34:30	66	65,7	13
4:34:40	66	65,6	13
4:34:50	66	65,5	13
4:35:00	66	65,6	13
4:35:10	66	65,5	13
4:35:20	66	65,5	13
4:35:30	66	65,4	13
4:35:40	66	65,5	13
4:35:50	66	65,4	13
4:36:00	66	65,4	13
4:36:10	66	65,3	13
4:36:20	66	65,3	13
4:36:30	66	65,3	13
4:36:40	66	65,2	13
4:36:50	66	65,2	13
4:37:00	66	65,1	13
4:37:10	66	65,0	13
4:37:20	66	65,2	13
4:37:30	66	65,2	13
4:37:40	66	65,1	13
4:37:50	66	65,1	13
4:38:00	66	64,9	13
4:38:10	66	65,0	13
4:38:20	66	65,0	13
4:38:30	66	65,0	13
4:38:40	66	64,9	13
4:38:50	66	65,3	13
4:39:00	66	65,3	13
4:39:10	66	65,3	13
4:39:20	66	65,3	13
4:39:30	66	65,1	13
4:39:40	66	65,2	14
4:39:50	66	65,3	14
4:40:00	66	65,2	14
4:40:10	66	65,3	14
4:40:20	66	65,3	14
4:40:30	66	65,3	14
4:40:40	66	65,3	14
4:40:50	66	65,3	14
4:41:00	66	65,3	14
4:41:10	66	65,3	14
4:41:20	66	65,2	14
4:41:30	66	65,2	14
4:41:40	66	65,2	14
4:41:50	66	65,2	14
4:42:00	66	65,1	14
4:42:10	66	65,2	14
4:42:20	66	65,3	14
4:42:30	66	65,2	14
4:42:40	66	65,1	14
4:42:50	66	65,2	14
4:43:00	66	65,2	14
4:43:10	66	65,1	14
4:43:20	66	65,1	14
4:43:30	66	65,1	14
4:43:40	66	65,0	14
4:43:50	66	65,3	14
4:44:00	66	65,4	14
4:44:10	66	65,5	14
4:44:20	66	65,5	14
4:44:30	66	65,3	14
4:44:40	66	65,4	14
4:44:50	66	65,3	14
4:45:00	66	65,3	14
4:45:10	66	65,4	14
4:45:20	66	65,3	14
4:45:30	66	65,2	14
4:45:40	66	65,1	14
4:45:50	66	65,1	14
4:46:00	66	65,1	14
4:46:10	66	65,1	14
4:46:20	66	65,0	14
4:46:30	66	65,1	14
4:46:40	66	65,0	14
4:46:50	66	65,0	14
4:47:00	66	65,0	14
4:47:10	66	65,1	14
4:47:20	66	65,1	14
4:47:30	66	65,1	14
4:47:40	66	65,1	14
4:47:50	66	65,1	14
4:48:00	66	65,1	14
4:48:10	66	65,1	14
4:48:20	66	65,1	14
4:48:30	66	65,1	14
4:48:40	66	65,1	14
4:48:50	66	65,1	14
4:49:00	66	65,2	14
4:49:10	66	65,1	14
4:49:20	66	65,1	14
4:49:30	66	65,1	14
4:49:40	66	65,1	14
4:49:50	66	65,1	14
4:50:00	66	65,1	14
4:50:10	66	65,1	14
4:50:20	66	65,1	14
4:50:30	66	65,1	14
4:50:40	66	65,0	14
4:50:50	66	65,1	14
4:51:00	66	65,0	14
4:51:10	66	65,0	14
4:51:20	66	65,0	14
4:51:30	66	65,0	14
4:51:40	66	65,0	14
4:51:50	66	65,0	14
4:52:00	66	65,0	14
4:52:10	66	65,0	14
4:52:20	66	65,0	14
4:52:30	66	65,0	14
4:52:40	66	65,0	14
4:52:50	66	65,2	14
4:53:00	66	65,3	14
4:53:10	66	65,3	14
4:53:20	66	65,3	14
4:53:30	66	65,3	14
4:53:40	66	65,3	14
4:53:50	66	65,3	14
4:54:00	66	65,3	14
4:54:10	66	65,3	14
4:54:20	66	65,3	14
4:54:30	66	65,3	14
4:54:40	66	65,3	14
4:54:50	66	65,3	14
4:55:00	66	65,3	14
4:55:10	66	65,3	14
4:55:20	66	65,3	14
4:55:30	66	65,3	14
4:55:40	66	65,2	14
4:55:50	66	65,2	14
4:56:00	66	65,2	14
4:56:10	66	65,2	14
4:56:20	66	65,2	14
4:56:30	66	65,2	14
4:56:40	66	65,2	14
4:56:50	66	65,2	14
4:57:00	66	65,2	14
4:57:10	66	65,2	14
4:57:20	66	65,3	14
4:57:30	66	65,3	14
4:57:40	66	65,3	14
4:57:50	66	65,3	15
4:58:00	66	65,3	15
4:58:10	66	65,3	15
4:58:20	66	65,3	15
4:58:30	66	65,3	15
4:58:40	66	65,3	15
4:58:50	66	65,3	15
4:59:00	66	65,3	15
4:59:10	66	65,2	15
4:59:20	66	65,3	15
4:59:30	66	65,3	15
4:59:40	66	65,3	15
4:59:50	66	65,3	15
5:00:00	66	65,2	15
5:00:10	66	65,2	15
5:00:20	66	65,3	15
5:00:30	66	65,3	15
5:00:40	66	65,2	15
5:00:50	66	65,2	15
5:01:00	66	65,3	15
5:01:10	66	65,3	15
5:01:20	66	65,3	15
5:01:30	66	65,3	15
5:01:40	66	65,3	15
5:01:50	66	65,3	15
5:02:00	66	65,3	15
5:02:10	66	65,3	15
5:02:20	66	65,3	15
5:02:30	66	65,3	15
5:02:40	66	65,3	15
5:02:50	66	65,3	15
5:03:00	66	65,3	15
5:03:10	66	65,3	15
5:03:20	66	65,3	15
5:03:30	66	65,3	15
5:03:40	66	65,3	15
5:03:50	66	65,3	15
5:04:00	66	65,3	15
5:04:10	66	65,3	15
5:04:20	66	65,3	15
5:04:30	66	65,3	15
5:04:40	66	65,3	15
5:04:50	66	65,3	15
5:05:00	66	65,3	15
5:05:10	66	65,3	15
5:05:20	66	65,3	15
5:05:30	66	65,3	15
5:05:40	66	65,3	15
5:05:50	66	65,3	15
5:06:00	66	65,3	15
5:06:10	66	65,3	15
5:06:20	66	65,3	15
5:06:30	66	65,3	15
5:06:40	66	65,3	15
5:06:50	66	65,3	15
5:07:00	66	65,3	15
5:07:10	66	65,3	15
5:07:20	66	65,3	15
5:07:30	66	65,3	15
5:07:40	66	65,3	15
5:07:50	66	65,3	15
5:08:00	66	65,3	15
5:08:10	66	65,3	15
5:08:20	66	65,3	15
5:08:30	66	65,3	16
5:08:40	66	65,3	16
5:08:50	66	65,3	16
5:09:00	66	65,3	16
5:09:10	66	65,3	16
5:09:20	66	65,3	16
5:09:30	66	65,3	16
5:09:40	66	65,3	16
5:09:50	66	65,3	16
5:10:00	66	65,3	16
5:10:10	66	65,3	16
5:10:20	66	65,3	16
5:10:30	66	65,3	16
5:10:40	66	65,2	16
5:10:50	66	65,2	16
5:11:00	66	65,3	16
5:11:10	66	65,3	16
5:11:20	66	65,3	16
5:11:30	66	65,3	16
5:11:40	66	65,3	16
5:11:50	66	65,3	16
5:12:00	66	65,3	16
5:12:10	66	65,3	16
5:12:20	66	65,3	15
5:12:30	66	65,3	15
5:12:40	66	65,3	15
5:12:50	66	65,3	15
5:13:00	66	65,3	15
5:13:10	66	65,3	15
5:13:20	66	65,3	15
5:13:30	66	65,2	15
5:13:40	66	65,2	15
5:13:50	66	65,2	15
5:14:00	66	65,2	15
5:14:10	66	65,2	15
5:14:20	66	65,2	15
5:14:30	66	65,2	15
5:14:40	66	65,2	15
5:14:50	66	65,2	15
5:15:00	66	65,2	15
5:15:10	66	65,2	15
5:15:20	66	65,2	15
5:15:30	66	65,2	15
5:15:40	66	65,2	15
5:15:50	66	65,2	15
5:16:00	66	65,3	15
5:16:10	66	65,2	15
5:16:20	66	65,2	15
5:16:30	66	65,2	15
5:16:40	66	65,2	15
5:16:50	66	65,2	15
5:17:00	66	65,2	15
5:17:10	66	65,2	15
5:17:20	66	65,2	15
5:17:30	66	65,2	15
5:17:40	66	65,2	15
5:17:50	66	65,2	15
5:18:00	66	65,2	15
5:18:10	66	65,2	15
5:18:20	66	65,2	15
5:18:30	66	65,2	15
5:18:40	66	65,2	15
5:18:50	66	65,2	15
5:19:00	66	65,2	15
5:19:10	66	65,2	15
5:19:20	66	65,2	15
5:19:30	66	65,2	15
5:19:40	66	65,2	15
5:19:50	66	65,2	15
5:20:00	66	65,2	15
5:20:10	66	65,2	15
5:20:20	66	65,2	15
5:20:30	66	65,2	15
5:20:40	66	65,2	15
5:20:50	66	65,2	15
5:21:00	66	65,2	15
5:21:10	66	65,2	15
5:21:20	66	65,2	15
5:21:30	66	65,2	15
5:21:40	66	65,2	15
5:21:50	66	65,2	15
5:22:00	66	65,2	15
5:22:10	66	65,2	15
5:22:20	66	65,2	15
5:22:30	66	65,2	15
5:22:40	66	65,2	15
5:22:50	66	65,2	15
5:23:00	66	65,2	15
5:23:10	66	65,2	15
5:23:20	66	65,2	15
5:23:30	66	65,2	15
5:23:40	66	65,2	15
5:23:50	66	65,2	15
5:24:00	66	65,2	15
5:24:10	66	65,2	15
5:24:20	66	65,2	15
5:24:30	66	65,2	15
5:24:40	66	65,2	15
5:24:50	66	65,2	15
5:25:00	66	65,2	15
5:25:10	66	65,2	15
5:25:20	66	65,2	15
5:25:30	66	65,2	15
5:25:40	66	65,2	15
