--Test Summary--
Full Path and File Name	
Instrument Name	SGSA/UCA
Instrument Type	Model 5265 SGSA/UCA
Instrument Serial Number	
Test Start Date	04.02.2021
Test Start Time	14:18:24
Test Stop Date	04.02.2021
Test Stop Time	16:25:36
Test Length	2:07:12
Final Sample Time Offset	2:07:00
Controller Schedule Name	
Sampling Period	30 seconds
Comments	
Information	WellID	
Information	Customer	
Information	EngName	
Information	CementClass	
Information	CementMfr	
Information	Additives	
Information	Density	1850
Information	BHCT	
Information	BHST	
Information	FluidLoss	
Information	JobType	
Calculated Value	CS_50	N/A
Calculated Value	CS_500	N/A
Calculated Value	SGS_Initial	0:28:00
Calculated Value	SGS_Final	1:08:00
Calculated Value	CS_Time8h	N/A
Calculated Value	CS_Time12h	N/A
Calculated Value	Time_SGS_100lb/100ft2	0:32:00
Calculated Value	Time_SGS_500lb/100ft2	0:53:30
Calculated Value	CS_Time24h	N/A
Calculated Value	CS_Time48h	N/A
Calculated Curve	Compressive Strength	Compressive strength type B (more than 14 lb/gal)
Calculated Curve	Static Gel Strength	Static gel strength
Initial Temperature (°C)	22 °C
Final Temperature (°C)	24 °C
Initial Pressure (psi)	77 psi
Final Pressure (psi)	84 psi
Initial Transit Time (microsec/in)	16,31 microsec/in
Final Transit Time (microsec/in)	16,08 microsec/in
Initial Gel Value	4781
Final Gel Value	6941
Initial Compressive Strength (MPa)	0,00 MPa
Final Compressive Strength (MPa)	0,07 MPa
Initial Static Gel Strength (lb/100ft2)	16,7 lb/100ft2
Final Static Gel Strength (lb/100ft2)	ERROR
--Data--
Time (HH:MM:SS)	Temperature (°C)	Pressure (psi)	Transit Time (microsec/in)	Gel Value	Compressive Strength (MPa)	Static Gel Strength (lb/100ft2)
0:00:00	22	77	16,31	4781	0,00	16,7
0:00:30	22	78	16,32	4806	0,00	18,0
0:01:00	22	78	16,34	4853	0,00	19,4
0:01:30	22	79	16,35	4833	0,00	20,7
0:02:00	22	79	16,36	4837	0,00	22,1
0:02:30	22	80	16,37	4829	0,00	23,4
0:03:00	22	80	16,38	4826	0,00	24,7
0:03:30	22	79	16,39	4799	0,00	26,1
0:04:00	22	79	16,40	4777	0,00	27,4
0:04:30	22	79	16,41	4747	0,00	28,8
0:05:00	23	96	16,41	4739	0,00	30,1
0:05:30	23	97	16,42	4705	0,00	31,4
0:06:00	23	97	16,42	4688	0,00	32,8
0:06:30	23	97	16,42	4653	0,00	34,1
0:07:00	23	96	16,43	4630	0,00	35,5
0:07:30	23	96	16,43	4597	0,00	36,8
0:08:00	23	96	16,44	4556	0,00	38,1
0:08:30	23	96	16,45	4522	0,00	39,5
0:09:00	23	95	16,46	4508	0,00	40,8
0:09:30	23	95	16,47	4472	0,00	42,2
0:10:00	23	95	16,47	4448	0,00	43,5
0:10:30	23	95	16,47	4415	0,00	44,8
0:11:00	23	95	16,47	4385	0,00	46,2
0:11:30	23	94	16,48	4360	0,00	47,5
0:12:00	23	94	16,49	4324	0,00	48,9
0:12:30	23	94	16,49	4293	0,00	50,2
0:13:00	23	93	16,49	4260	0,00	51,5
0:13:30	23	94	16,50	4244	0,00	52,9
0:14:00	23	93	16,50	4192	0,00	54,2
0:14:30	23	93	16,51	4178	0,00	55,5
0:15:00	23	93	16,52	4153	0,00	56,9
0:15:30	23	93	16,52	4119	0,00	58,2
0:16:00	23	93	16,52	4085	0,00	59,6
0:16:30	23	92	16,53	4079	0,00	60,9
0:17:00	23	92	16,54	4037	0,00	62,2
0:17:30	23	92	16,54	3996	0,00	63,6
0:18:00	23	92	16,54	3970	0,00	64,9
0:18:30	23	92	16,55	3936	0,00	66,3
0:19:00	23	92	16,55	3938	0,00	67,6
0:19:30	23	91	16,56	3916	0,00	68,9
0:20:00	23	91	16,56	3881	0,00	70,3
0:20:30	23	91	16,57	3850	0,00	71,6
0:21:00	23	91	16,57	3833	0,00	73,0
0:21:30	23	91	16,58	3807	0,00	74,3
0:22:00	23	90	16,58	3800	0,00	75,6
0:22:30	23	90	16,59	3793	0,00	77,0
0:23:00	23	90	16,59	3757	0,00	78,3
0:23:30	23	90	16,60	3757	0,00	79,7
0:24:00	23	90	16,60	3755	0,00	81,0
0:24:30	23	90	16,62	3731	0,00	82,3
0:25:00	23	90	16,62	3695	0,00	83,7
0:25:30	23	89	16,63	3706	0,00	85,0
0:26:00	23	89	16,63	3717	0,00	86,4
0:26:30	23	89	16,64	3697	0,00	87,7
0:27:00	23	89	16,64	3691	0,00	89,0
0:27:30	23	89	16,65	3690	0,00	90,4
0:28:00	23	89	16,65	3669	0,00	91,7
0:28:30	23	89	16,65	3680	0,00	93,2
0:29:00	23	88	16,67	3692	0,00	94,7
0:29:30	23	88	16,67	3693	0,00	94,9
0:30:00	23	88	16,68	3707	0,00	96,9
0:30:30	23	88	16,68	3687	0,00	94,1
0:31:00	23	88	16,68	3713	0,00	97,7
0:31:30	23	88	16,69	3732	0,00	100,3
0:32:00	23	87	16,70	3753	0,00	103,3
0:32:30	23	87	16,71	3749	0,00	102,7
0:33:00	23	87	16,71	3771	0,00	105,9
0:33:30	23	87	16,71	3797	0,00	109,7
0:34:00	23	87	16,72	3804	0,00	110,7
0:34:30	23	87	16,73	3840	0,00	116,1
0:35:00	23	87	16,73	3857	0,00	118,7
0:35:30	23	87	16,74	3885	0,00	123,1
0:36:00	23	87	16,75	3906	0,00	126,4
0:36:30	23	86	16,76	3930	0,00	130,3
0:37:00	23	86	16,75	3965	0,00	136,1
0:37:30	23	86	16,76	4001	0,00	142,1
0:38:00	23	86	16,76	4016	0,00	144,8
0:38:30	23	86	16,77	4054	0,00	151,4
0:39:00	23	85	16,78	4081	0,00	156,4
0:39:30	23	86	16,78	4122	0,00	164,0
0:40:00	23	85	16,78	4155	0,00	170,4
0:40:30	23	85	16,78	4196	0,00	178,3
0:41:00	23	85	16,79	4221	0,00	183,4
0:41:30	23	85	16,80	4273	0,00	194,3
0:42:00	23	85	16,81	4304	0,00	201,0
0:42:30	23	84	16,81	4346	0,00	210,1
0:43:00	23	84	16,82	4385	0,00	219,0
0:43:30	23	84	16,82	4437	0,00	231,4
0:44:00	23	84	16,82	4468	0,00	238,9
0:44:30	23	84	16,82	4521	0,00	252,1
0:45:00	23	84	16,83	4543	0,00	257,9
0:45:30	23	83	16,84	4580	0,00	267,6
0:46:00	23	83	16,84	4620	0,00	278,5
0:46:30	23	83	16,84	4663	0,00	290,7
0:47:00	23	83	16,84	4715	0,00	305,9
0:47:30	23	83	16,84	4757	0,00	318,6
0:48:00	23	82	16,85	4807	0,00	334,3
0:48:30	23	82	16,85	4843	0,00	345,7
0:49:00	23	82	16,86	4901	0,00	365,3
0:49:30	23	82	16,86	4935	0,00	377,0
0:50:00	23	82	16,86	4980	0,00	393,2
0:50:30	23	82	16,87	5032	0,00	412,8
0:51:00	23	82	16,87	5069	0,00	426,8
0:51:30	23	82	16,87	5111	0,00	443,8
0:52:00	23	81	16,88	5158	0,00	462,8
0:52:30	23	81	16,88	5200	0,00	480,7
0:53:00	23	81	16,88	5246	0,00	500,9
0:53:30	23	81	16,88	5287	0,00	519,7
0:54:00	23	81	16,89	5328	0,00	538,7
0:54:30	23	81	16,89	5372	0,00	560,1
0:55:00	23	81	16,89	5404	0,00	576,0
0:55:30	23	81	16,90	5445	0,00	597,3
0:56:00	23	80	16,90	5491	0,00	621,5
0:56:30	23	81	16,90	5533	0,00	645,0
0:57:00	23	80	16,90	5571	0,00	666,3
0:57:30	23	80	16,91	5608	0,00	687,8
0:58:00	23	80	16,91	5647	0,00	711,1
0:58:30	23	80	16,91	5689	0,00	737,0
0:59:00	23	79	16,91	5724	0,00	759,6
0:59:30	23	79	16,91	5763	0,00	784,9
1:00:00	23	79	16,91	5797	0,00	807,7
1:00:30	23	79	16,91	5835	0,00	834,7
1:01:00	23	79	16,91	5866	0,00	856,5
1:01:30	23	79	16,91	5901	0,00	881,8
1:02:00	23	78	16,91	5935	0,00	907,2
1:02:30	23	78	16,91	5962	0,00	928,1
1:03:00	23	79	16,91	5998	0,00	956,7
1:03:30	23	79	16,92	6031	0,00	983,5
1:04:00	23	79	16,92	6062	0,00	1008,9
1:04:30	23	78	16,92	6093	0,00	1035,4
1:05:00	23	85	16,92	6120	0,00	1058,2
1:05:30	23	85	16,92	6158	0,00	1092,6
1:06:00	23	91	16,92	6193	0,00	1123,9
1:06:30	23	91	16,91	6220	0,00	1149,0
1:07:00	23	90	16,91	6250	0,00	1178,3
1:07:30	23	90	16,92	6265	0,00	1192,9
1:08:00	23	89	16,91	6289	0,00	1216,7
1:08:30	23	90	16,91	6316	0,00	
1:09:00	23	89	16,91	6345	0,00	
1:09:30	23	89	16,91	6365	0,00	
1:10:00	23	98	16,91	6395	0,00	
1:10:30	23	98	16,91	6423	0,00	
1:11:00	23	97	16,90	6448	0,00	
1:11:30	23	97	16,91	6469	0,00	
1:12:00	23	97	16,90	6490	0,00	
1:12:30	23	96	16,90	6511	0,00	
1:13:00	23	96	16,90	6535	0,00	
1:13:30	23	96	16,90	6554	0,00	
1:14:00	23	95	16,90	6575	0,00	
1:14:30	23	95	16,90	6594	0,00	
1:15:00	23	95	16,90	6612	0,00	
1:15:30	23	95	16,89	6630	0,00	
1:16:00	23	94	16,89	6649	0,00	
1:16:30	23	94	16,89	6667	0,00	
1:17:00	23	94	16,89	6680	0,00	
1:17:30	23	93	16,89	6696	0,00	
1:18:00	23	93	16,89	6711	0,00	
1:18:30	23	93	16,88	6726	0,00	
1:19:00	23	93	16,88	6743	0,00	
1:19:30	23	92	16,88	6757	0,00	
1:20:00	23	92	16,87	6770	0,00	
1:20:30	23	92	16,87	6784	0,00	
1:21:00	23	91	16,87	6797	0,00	
1:21:30	23	97	16,87	6808	0,00	
1:22:00	23	97	16,86	6825	0,00	
1:22:30	23	96	16,86	6838	0,00	
1:23:00	23	96	16,85	6851	0,00	
1:23:30	23	96	16,85	6863	0,00	
1:24:00	23	96	16,84	6871	0,00	
1:24:30	23	95	16,84	6885	0,00	
1:25:00	23	95	16,83	6897	0,00	
1:25:30	23	94	16,83	6902	0,00	
1:26:00	23	94	16,82	6912	0,00	
1:26:30	23	94	16,82	6923	0,00	
1:27:00	24	93	16,82	6931	0,00	
1:27:30	24	98	16,81	6942	0,00	
1:28:00	24	98	16,81	6951	0,00	
1:28:30	23	97	16,80	6959	0,00	
1:29:00	24	97	16,80	6967	0,00	
1:29:30	24	96	16,80	6971	0,00	
1:30:00	24	96	16,79	6977	0,00	
1:30:30	24	95	16,79	6983	0,00	
1:31:00	24	95	16,78	6989	0,00	
1:31:30	24	95	16,77	6997	0,00	
1:32:00	24	94	16,77	7004	0,00	
1:32:30	24	94	16,76	7006	0,00	
1:33:00	24	94	16,75	7015	0,00	
1:33:30	24	93	16,74	7020	0,00	
1:34:00	24	93	16,74	7024	0,00	
1:34:30	24	93	16,73	7026	0,00	
1:35:00	24	92	16,72	7034	0,00	
1:35:30	24	92	16,72	7036	0,00	
1:36:00	24	92	16,71	7036	0,00	
1:36:30	24	91	16,71	7041	0,00	
1:37:00	24	91	16,70	7046	0,00	
1:37:30	24	90	16,69	7051	0,00	
1:38:00	24	90	16,69	7054	0,00	
1:38:30	24	90	16,68	7055	0,00	
1:39:00	24	89	16,67	7057	0,00	
1:39:30	24	89	16,66	7058	0,00	
1:40:00	24	89	16,65	7063	0,00	
1:40:30	24	88	16,64	7064	0,00	
1:41:00	24	88	16,64	7065	0,00	
1:41:30	24	87	16,63	7066	0,00	
1:42:00	24	87	16,62	7065	0,00	
1:42:30	24	87	16,61	7065	0,00	
1:43:00	24	86	16,60	7066	0,00	
1:43:30	24	86	16,60	7069	0,00	
1:44:00	24	91	16,59	7073	0,00	
1:44:30	24	90	16,58	7074	0,00	
1:45:00	24	90	16,57	7074	0,00	
1:45:30	24	90	16,56	7072	0,00	
1:46:00	24	89	16,55	7074	0,00	
1:46:30	24	89	16,54	7073	0,00	
1:47:00	24	88	16,53	7070	0,00	
1:47:30	24	88	16,52	7072	0,00	
1:48:00	24	87	16,51	7071	0,00	
1:48:30	24	87	16,50	7067	0,00	
1:49:00	24	86	16,49	7069	0,00	
1:49:30	24	86	16,48	7066	0,00	
1:50:00	24	86	16,47	7067	0,00	
1:50:30	24	95	16,46	7061	0,00	
1:51:00	24	95	16,45	7068	0,00	
1:51:30	24	94	16,44	7067	0,00	
1:52:00	24	93	16,43	7066	0,00	
1:52:30	24	93	16,42	7066	0,00	
1:53:00	24	93	16,41	7062	0,00	
1:53:30	24	92	16,40	7061	0,00	
1:54:00	24	92	16,39	7057	0,00	
1:54:30	24	92	16,38	7055	0,00	
1:55:00	24	94	16,37	7053	0,00	
1:55:30	24	94	16,35	7051	0,00	
1:56:00	24	93	16,34	7047	0,00	
1:56:30	24	93	16,33	7045	0,00	
1:57:00	24	92	16,32	7041	0,00	
1:57:30	24	92	16,31	7035	0,00	
1:58:00	24	91	16,30	7034	0,00	
1:58:30	24	91	16,29	7029	0,01	
1:59:00	24	90	16,28	7025	0,01	
1:59:30	24	90	16,26	7020	0,01	
2:00:00	24	90	16,25	7013	0,02	
2:00:30	24	89	16,24	7008	0,02	
2:01:00	24	89	16,23	7004	0,02	
2:01:30	24	88	16,22	7001	0,03	
2:02:00	24	88	16,20	6996	0,03	
2:02:30	24	87	16,19	6989	0,03	
2:03:00	24	87	16,18	6986	0,04	
2:03:30	24	87	16,16	6981	0,04	
2:04:00	24	86	16,15	6977	0,04	
2:04:30	24	86	16,14	6968	0,05	
2:05:00	24	85	16,13	6963	0,05	
2:05:30	24	85	16,11	6956	0,05	
2:06:00	24	84	16,10	6954	0,06	
2:06:30	24	84	16,09	6946	0,06	
2:07:00	24	84	16,08	6941	0,07	
