--Test Summary--
Full Path and File Name	
Instrument Name	UCA Left Cell
Instrument Type	Model 4262 Twin Cell UCA
Instrument Serial Number	
Test Start Date	15.02.2021
Test Start Time	14:42:12
Test Stop Date	16.02.2021
Test Stop Time	14:42:14
Test Length	24:00:02
Final Sample Time Offset	24:00:00
Controller Schedule Name	
Sampling Period	30 seconds
Comments	
Information	WellID	
Information	Customer	
Information	EngName	
Information	CementClass	
Information	CementMfr	
Information	Additives	100Garkal+0.5Na2CO3
Information	Density	1820
Information	BHCT	15
Information	BHST	
Information	FluidLoss	
Information	JobType	
Calculated Value	CS_50	1:19:00
Calculated Value	CS_500	1:54:30
Calculated Value	CS_Time8h	23,01 MPa
Calculated Value	CS_Time12h	25,25 MPa
Calculated Value	CS_Time24h	29,72 MPa
Calculated Value	CS_Time48h	N/A
Calculated Value	CS_Time72h	N/A
Calculated Curve	Compressive Strength	Compressive strength type B (more than 14 lb/gal)
Initial Temperature (°C)	19 °C
Final Temperature (°C)	10 °C
Initial Transit Time (microsec/in)	17,16 microsec/in
Final Transit Time (microsec/in)	7,72 microsec/in
Initial Compressive Strength (MPa)	0,00 MPa
Final Compressive Strength (MPa)	29,72 MPa
--Data--
Time (HH:MM:SS)	Temperature (°C)	Transit Time (microsec/in)	Compressive Strength (MPa)
0:00:00	19	17,16	0,00
0:00:30	19	17,18	0,00
0:01:00	19	17,20	0,00
0:01:30	18	17,21	0,00
0:02:00	18	17,22	0,00
0:02:30	18	17,23	0,00
0:03:00	18	17,24	0,00
0:03:30	18	17,25	0,00
0:04:00	17	17,25	0,00
0:04:30	17	17,26	0,00
0:05:00	17	17,27	0,00
0:05:30	17	17,28	0,00
0:06:00	17	17,29	0,00
0:06:30	17	17,29	0,00
0:07:00	17	17,29	0,00
0:07:30	16	17,30	0,00
0:08:00	16	17,31	0,00
0:08:30	16	17,32	0,00
0:09:00	16	17,32	0,00
0:09:30	16	17,32	0,00
0:10:00	16	17,33	0,00
0:10:30	16	17,34	0,00
0:11:00	16	17,34	0,00
0:11:30	15	17,35	0,00
0:12:00	15	17,35	0,00
0:12:30	15	17,34	0,00
0:13:00	15	17,37	0,00
0:13:30	15	17,36	0,00
0:14:00	15	17,38	0,00
0:14:30	15	17,38	0,00
0:15:00	15	17,38	0,00
0:15:30	15	17,39	0,00
0:16:00	15	17,40	0,00
0:16:30	14	17,40	0,00
0:17:00	14	17,40	0,00
0:17:30	14	17,41	0,00
0:18:00	14	17,42	0,00
0:18:30	14	17,42	0,00
0:19:00	14	17,42	0,00
0:19:30	14	17,43	0,00
0:20:00	14	17,43	0,00
0:20:30	14	17,43	0,00
0:21:00	14	17,44	0,00
0:21:30	14	17,44	0,00
0:22:00	13	17,45	0,00
0:22:30	13	17,45	0,00
0:23:00	13	17,45	0,00
0:23:30	13	17,45	0,00
0:24:00	13	17,46	0,00
0:24:30	13	17,46	0,00
0:25:00	13	17,46	0,00
0:25:30	13	17,46	0,00
0:26:00	13	17,47	0,00
0:26:30	13	17,47	0,00
0:27:00	13	17,48	0,00
0:27:30	13	17,48	0,00
0:28:00	13	17,49	0,00
0:28:30	13	17,49	0,00
0:29:00	12	17,50	0,00
0:29:30	12	17,50	0,00
0:30:00	12	17,50	0,00
0:30:30	12	17,50	0,00
0:31:00	12	17,51	0,00
0:31:30	12	17,51	0,00
0:32:00	12	17,51	0,00
0:32:30	12	17,52	0,00
0:33:00	12	17,52	0,00
0:33:30	12	17,52	0,00
0:34:00	12	17,52	0,00
0:34:30	12	17,52	0,00
0:35:00	12	17,53	0,00
0:35:30	12	17,53	0,00
0:36:00	12	17,53	0,00
0:36:30	12	17,53	0,00
0:37:00	12	17,53	0,00
0:37:30	12	17,53	0,00
0:38:00	12	17,54	0,00
0:38:30	11	17,54	0,00
0:39:00	11	17,54	0,00
0:39:30	11	17,54	0,00
0:40:00	11	17,54	0,00
0:40:30	11	17,55	0,00
0:41:00	11	17,55	0,00
0:41:30	11	17,55	0,00
0:42:00	11	17,55	0,00
0:42:30	11	17,55	0,00
0:43:00	11	17,55	0,00
0:43:30	11	17,55	0,00
0:44:00	11	17,55	0,00
0:44:30	11	17,55	0,00
0:45:00	11	17,55	0,00
0:45:30	11	17,55	0,00
0:46:00	11	17,55	0,00
0:46:30	11	17,55	0,00
0:47:00	11	17,55	0,00
0:47:30	11	17,55	0,00
0:48:00	11	17,55	0,00
0:48:30	11	17,55	0,00
0:49:00	11	17,55	0,00
0:49:30	11	17,55	0,00
0:50:00	11	17,55	0,00
0:50:30	11	17,55	0,00
0:51:00	11	17,55	0,00
0:51:30	11	17,55	0,00
0:52:00	11	17,55	0,00
0:52:30	11	17,55	0,00
0:53:00	11	17,55	0,00
0:53:30	11	17,55	0,00
0:54:00	11	17,56	0,00
0:54:30	11	17,56	0,00
0:55:00	11	17,56	0,00
0:55:30	11	17,56	0,00
0:56:00	11	17,49	0,00
0:56:30	11	17,50	0,00
0:57:00	11	17,50	0,00
0:57:30	11	17,50	0,00
0:58:00	11	17,49	0,00
0:58:30	11	17,47	0,00
0:59:00	11	17,46	0,00
0:59:30	11	17,46	0,00
1:00:00	11	17,45	0,00
1:00:30	11	17,45	0,00
1:01:00	11	17,42	0,00
1:01:30	11	17,40	0,00
1:02:00	11	17,40	0,00
1:02:30	11	17,38	0,00
1:03:00	11	17,35	0,00
1:03:30	11	17,33	0,00
1:04:00	11	17,30	0,00
1:04:30	11	17,27	0,00
1:05:00	11	17,24	0,00
1:05:30	11	17,21	0,00
1:06:00	11	17,18	0,00
1:06:30	11	17,14	0,00
1:07:00	11	17,10	0,01
1:07:30	11	17,06	0,02
1:08:00	11	17,02	0,03
1:08:30	11	16,97	0,04
1:09:00	11	16,92	0,05
1:09:30	11	16,86	0,06
1:10:00	11	16,81	0,08
1:10:30	11	16,76	0,09
1:11:00	11	16,71	0,10
1:11:30	11	16,66	0,11
1:12:00	11	16,61	0,12
1:12:30	11	16,54	0,14
1:13:00	11	16,47	0,16
1:13:30	11	16,41	0,18
1:14:00	11	16,35	0,19
1:14:30	11	16,29	0,21
1:15:00	11	16,23	0,22
1:15:30	11	16,16	0,24
1:16:00	11	16,10	0,26
1:16:30	11	16,03	0,28
1:17:00	11	15,96	0,30
1:17:30	11	15,91	0,32
1:18:00	11	15,84	0,34
1:18:30	11	15,79	0,36
1:19:00	11	15,72	0,38
1:19:30	12	15,66	0,40
1:20:00	12	15,60	0,42
1:20:30	12	15,54	0,44
1:21:00	12	15,47	0,47
1:21:30	12	15,41	0,49
1:22:00	12	15,34	0,52
1:22:30	12	15,28	0,54
1:23:00	12	15,23	0,56
1:23:30	12	15,13	0,60
1:24:00	12	15,06	0,63
1:24:30	12	15,00	0,66
1:25:00	12	14,93	0,69
1:25:30	12	14,86	0,72
1:26:00	12	14,80	0,75
1:26:30	12	14,73	0,78
1:27:00	12	14,66	0,81
1:27:30	12	14,59	0,85
1:28:00	12	14,52	0,88
1:28:30	12	14,46	0,92
1:29:00	12	14,40	0,95
1:29:30	12	14,34	0,99
1:30:00	12	14,27	1,02
1:30:30	12	14,20	1,06
1:31:00	12	14,13	1,10
1:31:30	12	14,07	1,14
1:32:00	12	14,02	1,18
1:32:30	12	13,95	1,22
1:33:00	12	13,89	1,26
1:33:30	12	13,84	1,30
1:34:00	12	13,75	1,36
1:34:30	12	13,69	1,40
1:35:00	12	13,63	1,44
1:35:30	12	13,57	1,49
1:36:00	12	13,51	1,54
1:36:30	12	13,45	1,58
1:37:00	12	13,40	1,63
1:37:30	12	13,34	1,68
1:38:00	12	13,29	1,71
1:38:30	12	13,24	1,76
1:39:00	12	13,18	1,81
1:39:30	12	13,13	1,86
1:40:00	13	13,08	1,91
1:40:30	12	13,03	1,96
1:41:00	13	12,97	2,01
1:41:30	13	12,92	2,06
1:42:00	13	12,88	2,11
1:42:30	13	12,82	2,16
1:43:00	13	12,77	2,22
1:43:30	13	12,73	2,27
1:44:00	13	12,68	2,32
1:44:30	13	12,63	2,38
1:45:00	13	12,59	2,42
1:45:30	13	12,55	2,48
1:46:00	12	12,51	2,52
1:46:30	12	12,47	2,57
1:47:00	13	12,44	2,60
1:47:30	13	12,36	2,70
1:48:00	13	12,32	2,76
1:48:30	13	12,28	2,81
1:49:00	13	12,25	2,86
1:49:30	13	12,20	2,92
1:50:00	13	12,16	2,97
1:50:30	13	12,12	3,04
1:51:00	13	12,08	3,09
1:51:30	13	12,04	3,16
1:52:00	13	12,00	3,22
1:52:30	13	11,96	3,27
1:53:00	13	11,92	3,33
1:53:30	13	11,88	3,39
1:54:00	13	11,85	3,45
1:54:30	13	11,81	3,52
1:55:00	13	11,77	3,58
1:55:30	13	11,74	3,63
1:56:00	13	11,71	3,68
1:56:30	13	11,68	3,75
1:57:00	13	11,64	3,82
1:57:30	13	11,61	3,87
1:58:00	13	11,58	3,93
1:58:30	13	11,54	4,00
1:59:00	13	11,51	4,05
1:59:30	12	11,48	4,11
2:00:00	12	11,45	4,17
2:00:30	12	11,43	4,22
2:01:00	13	11,38	4,32
2:01:30	13	11,34	4,39
2:02:00	13	11,32	4,45
2:02:30	13	11,29	4,51
2:03:00	13	11,25	4,58
2:03:30	13	11,23	4,64
2:04:00	13	11,20	4,71
2:04:30	13	11,16	4,78
2:05:00	13	11,14	4,85
2:05:30	13	11,11	4,90
2:06:00	13	11,08	4,97
2:06:30	13	11,05	5,05
2:07:00	13	11,02	5,12
2:07:30	12	11,00	5,17
2:08:00	13	10,97	5,25
2:08:30	12	10,95	5,31
2:09:00	12	10,92	5,38
2:09:30	12	10,89	5,44
2:10:00	12	10,86	5,52
2:10:30	12	10,84	5,58
2:11:00	12	10,81	5,66
2:11:30	12	10,79	5,73
2:12:00	12	10,76	5,81
2:12:30	12	10,74	5,87
2:13:00	12	10,71	5,94
2:13:30	12	10,69	6,00
2:14:00	12	10,66	6,09
2:14:30	12	10,65	6,14
2:15:00	12	10,63	6,20
2:15:30	12	10,60	6,27
2:16:00	12	10,58	6,34
2:16:30	12	10,57	6,39
2:17:00	12	10,54	6,46
2:17:30	12	10,50	6,60
2:18:00	12	10,48	6,68
2:18:30	12	10,46	6,73
2:19:00	12	10,44	6,80
2:19:30	12	10,41	6,88
2:20:00	12	10,39	6,95
2:20:30	12	10,37	7,03
2:21:00	12	10,35	7,11
2:21:30	12	10,32	7,19
2:22:00	12	10,31	7,24
2:22:30	12	10,29	7,32
2:23:00	12	10,27	7,40
2:23:30	12	10,25	7,46
2:24:00	12	10,23	7,54
2:24:30	12	10,21	7,60
2:25:00	12	10,19	7,69
2:25:30	12	10,17	7,77
2:26:00	12	10,15	7,83
2:26:30	12	10,13	7,92
2:27:00	12	10,12	7,98
2:27:30	12	10,09	8,07
2:28:00	12	10,08	8,13
2:28:30	12	10,05	8,22
2:29:00	12	10,04	8,28
2:29:30	12	10,02	8,38
2:30:00	12	10,00	8,44
2:30:30	12	9,99	8,51
2:31:00	12	9,96	8,60
2:31:30	12	9,95	8,67
2:32:00	12	9,93	8,73
2:32:30	12	9,92	8,80
2:33:00	12	9,90	8,87
2:33:30	12	9,88	8,97
2:34:00	12	9,87	9,04
2:34:30	12	9,85	9,11
2:35:00	12	9,84	9,18
2:35:30	12	9,83	9,21
2:36:00	12	9,82	9,28
2:36:30	12	9,80	9,35
2:37:00	12	9,79	9,42
2:37:30	12	9,77	9,50
2:38:00	12	9,76	9,53
2:38:30	12	9,73	9,72
2:39:00	12	9,71	9,79
2:39:30	12	9,70	9,87
2:40:00	12	9,68	9,94
2:40:30	12	9,66	10,02
2:41:00	12	9,65	10,10
2:41:30	12	9,64	10,18
2:42:00	12	9,62	10,26
2:42:30	12	9,61	10,33
2:43:00	12	9,60	10,37
2:43:30	12	9,58	10,46
2:44:00	12	9,57	10,54
2:44:30	12	9,55	10,62
2:45:00	12	9,54	10,70
2:45:30	12	9,53	10,74
2:46:00	12	9,52	10,83
2:46:30	12	9,50	10,91
2:47:00	12	9,48	11,00
2:47:30	12	9,47	11,08
2:48:00	12	9,46	11,13
2:48:30	12	9,45	11,21
2:49:00	12	9,43	11,30
2:49:30	12	9,43	11,35
2:50:00	12	9,41	11,44
2:50:30	12	9,40	11,48
2:51:00	12	9,39	11,57
2:51:30	12	9,38	11,62
2:52:00	12	9,36	11,71
2:52:30	12	9,35	11,80
2:53:00	12	9,34	11,85
2:53:30	12	9,34	11,89
2:54:00	12	9,32	11,99
2:54:30	12	9,31	12,04
2:55:00	12	9,30	12,13
2:55:30	12	9,29	12,18
2:56:00	12	9,27	12,28
2:56:30	12	9,27	12,33
2:57:00	12	9,25	12,42
2:57:30	12	9,25	12,47
2:58:00	12	9,24	12,52
2:58:30	12	9,23	12,57
2:59:00	12	9,21	12,67
2:59:30	11	9,21	12,72
3:00:00	11	9,20	12,77
3:00:30	11	9,19	12,82
3:01:00	11	9,18	12,88
3:01:30	11	9,18	12,93
3:02:00	12	9,16	13,08
3:02:30	12	9,15	13,14
3:03:00	12	9,14	13,19
3:03:30	11	9,13	13,29
3:04:00	11	9,12	13,35
3:04:30	11	9,11	13,40
3:05:00	11	9,10	13,46
3:05:30	11	9,09	13,51
3:06:00	11	9,08	13,62
3:06:30	11	9,07	13,67
3:07:00	11	9,07	13,73
3:07:30	11	9,06	13,78
3:08:00	11	9,05	13,84
3:08:30	11	9,04	13,90
3:09:00	11	9,04	13,95
3:09:30	11	9,03	14,01
3:10:00	11	9,02	14,07
3:10:30	11	9,01	14,12
3:11:00	11	9,00	14,18
3:11:30	11	8,99	14,29
3:12:00	11	8,99	14,29
3:12:30	11	8,98	14,35
3:13:00	11	8,98	14,41
3:13:30	11	8,97	14,47
3:14:00	11	8,96	14,53
3:14:30	11	8,95	14,59
3:15:00	11	8,95	14,65
3:15:30	11	8,94	14,71
3:16:00	11	8,93	14,77
3:16:30	11	8,92	14,83
3:17:00	11	8,91	14,89
3:17:30	11	8,91	14,95
3:18:00	11	8,90	15,01
3:18:30	11	8,90	15,01
3:19:00	11	8,89	15,07
3:19:30	11	8,88	15,13
3:20:00	11	8,88	15,20
3:20:30	11	8,87	15,26
3:21:00	11	8,86	15,32
3:21:30	11	8,86	15,32
3:22:00	11	8,86	15,38
3:22:30	11	8,85	15,45
3:23:00	11	8,84	15,51
3:23:30	11	8,83	15,57
3:24:00	11	8,83	15,57
3:24:30	11	8,82	15,64
3:25:00	11	8,82	15,70
3:25:30	11	8,81	15,77
3:26:00	11	8,81	15,77
3:26:30	11	8,80	15,83
3:27:00	11	8,79	15,90
3:27:30	11	8,79	15,90
3:28:00	11	8,79	15,96
3:28:30	11	8,78	16,03
3:29:00	11	8,78	16,03
3:29:30	11	8,77	16,10
3:30:00	11	8,77	16,16
3:30:30	11	8,77	16,16
3:31:00	11	8,76	16,23
3:31:30	11	8,76	16,23
3:32:00	11	8,75	16,30
3:32:30	11	8,75	16,30
3:33:00	11	8,74	16,36
3:33:30	11	8,74	16,36
3:34:00	11	8,73	16,43
3:34:30	11	8,73	16,43
3:35:00	11	8,73	16,50
3:35:30	11	8,73	16,50
3:36:00	11	8,73	16,50
3:36:30	11	8,72	16,57
3:37:00	11	8,70	16,71
3:37:30	11	8,70	16,78
3:38:00	11	8,70	16,78
3:38:30	11	8,69	16,85
3:39:00	11	8,69	16,85
3:39:30	11	8,68	16,92
3:40:00	11	8,68	16,99
3:40:30	11	8,68	16,99
3:41:00	11	8,67	17,06
3:41:30	11	8,67	17,06
3:42:00	11	8,66	17,13
3:42:30	11	8,66	17,13
3:43:00	11	8,65	17,20
3:43:30	11	8,65	17,20
3:44:00	11	8,64	17,27
3:44:30	11	8,64	17,27
3:45:00	11	8,64	17,35
3:45:30	11	8,64	17,35
3:46:00	11	8,63	17,42
3:46:30	11	8,63	17,42
3:47:00	11	8,62	17,49
3:47:30	11	8,62	17,49
3:48:00	11	8,62	17,49
3:48:30	11	8,62	17,56
3:49:00	11	8,62	17,56
3:49:30	11	8,61	17,64
3:50:00	11	8,61	17,64
3:50:30	10	8,60	17,71
3:51:00	10	8,60	17,71
3:51:30	10	8,59	17,79
3:52:00	10	8,59	17,79
3:52:30	10	8,59	17,79
3:53:00	10	8,59	17,86
3:53:30	10	8,59	17,86
3:54:00	10	8,58	17,94
3:54:30	10	8,58	17,94
3:55:00	10	8,58	17,94
3:55:30	10	8,57	18,01
3:56:00	10	8,57	18,01
3:56:30	10	8,57	18,01
3:57:00	10	8,56	18,09
3:57:30	10	8,56	18,09
3:58:00	10	8,55	18,16
3:58:30	10	8,55	18,16
3:59:00	10	8,55	18,16
3:59:30	10	8,55	18,24
4:00:00	10	8,55	18,24
4:00:30	10	8,55	18,24
4:01:00	10	8,54	18,32
4:01:30	10	8,54	18,32
4:02:00	10	8,54	18,32
4:02:30	10	8,53	18,40
4:03:00	10	8,53	18,40
4:03:30	10	8,53	18,40
4:04:00	10	8,53	18,47
4:04:30	10	8,53	18,47
4:05:00	10	8,53	18,47
4:05:30	10	8,53	18,47
4:06:00	10	8,52	18,55
4:06:30	10	8,52	18,55
4:07:00	10	8,51	18,63
4:07:30	10	8,51	18,63
4:08:00	10	8,51	18,63
4:08:30	10	8,51	18,63
4:09:00	10	8,50	18,71
4:09:30	10	8,50	18,71
4:10:00	10	8,50	18,71
4:10:30	10	8,50	18,71
4:11:00	10	8,50	18,79
4:11:30	10	8,50	18,79
4:12:00	10	8,50	18,79
4:12:30	10	8,49	18,87
4:13:00	10	8,49	18,87
4:13:30	10	8,49	18,87
4:14:00	10	8,49	18,87
4:14:30	10	8,48	18,95
4:15:00	10	8,48	18,95
4:15:30	10	8,48	18,95
4:16:00	10	8,48	18,95
4:16:30	10	8,47	19,03
4:17:00	10	8,47	19,03
4:17:30	10	8,47	19,03
4:18:00	10	8,47	19,03
4:18:30	10	8,46	19,11
4:19:00	10	8,46	19,11
4:19:30	10	8,46	19,11
4:20:00	10	8,46	19,11
4:20:30	10	8,46	19,11
4:21:00	10	8,46	19,11
4:21:30	10	8,46	19,19
4:22:00	10	8,46	19,19
4:22:30	10	8,46	19,19
4:23:00	10	8,46	19,19
4:23:30	10	8,46	19,19
4:24:00	10	8,45	19,27
4:24:30	10	8,45	19,27
4:25:00	10	8,45	19,27
4:25:30	10	8,45	19,27
4:26:00	10	8,44	19,36
4:26:30	10	8,44	19,36
4:27:00	10	8,43	19,44
4:27:30	10	8,43	19,44
4:28:00	10	8,43	19,44
4:28:30	10	8,43	19,44
4:29:00	10	8,43	19,44
4:29:30	10	8,43	19,52
4:30:00	10	8,43	19,52
4:30:30	10	8,43	19,52
4:31:00	10	8,43	19,52
4:31:30	10	8,43	19,52
4:32:00	10	8,42	19,61
4:32:30	10	8,42	19,61
4:33:00	10	8,42	19,61
4:33:30	10	8,42	19,61
4:34:00	10	8,41	19,69
4:34:30	10	8,41	19,69
4:35:00	10	8,41	19,69
4:35:30	10	8,41	19,69
4:36:00	10	8,41	19,69
4:36:30	10	8,41	19,69
4:37:00	10	8,40	19,77
4:37:30	10	8,40	19,77
4:38:00	10	8,40	19,77
4:38:30	10	8,40	19,77
4:39:00	10	8,40	19,77
4:39:30	10	8,40	19,77
4:40:00	10	8,40	19,86
4:40:30	10	8,40	19,86
4:41:00	10	8,40	19,86
4:41:30	10	8,40	19,86
4:42:00	10	8,40	19,86
4:42:30	10	8,39	19,94
4:43:00	10	8,39	19,94
4:43:30	10	8,39	19,94
4:44:00	10	8,39	19,94
4:44:30	10	8,39	19,94
4:45:00	10	8,39	19,94
4:45:30	10	8,38	20,03
4:46:00	10	8,38	20,03
4:46:30	10	8,38	20,03
4:47:00	10	8,38	20,03
4:47:30	10	8,38	20,03
4:48:00	10	8,38	20,03
4:48:30	10	8,38	20,12
4:49:00	10	8,38	20,12
4:49:30	10	8,38	20,12
4:50:00	10	8,38	20,12
4:50:30	10	8,38	20,12
4:51:00	10	8,38	20,12
4:51:30	10	8,38	20,12
4:52:00	10	8,37	20,20
4:52:30	10	8,37	20,20
4:53:00	10	8,37	20,20
4:53:30	10	8,37	20,20
4:54:00	10	8,37	20,20
4:54:30	10	8,37	20,20
4:55:00	10	8,37	20,20
4:55:30	10	8,36	20,29
4:56:00	10	8,36	20,29
4:56:30	10	8,36	20,29
4:57:00	10	8,36	20,29
4:57:30	10	8,36	20,29
4:58:00	10	8,36	20,29
4:58:30	10	8,35	20,38
4:59:00	10	8,35	20,38
4:59:30	9	8,35	20,38
5:00:00	10	8,35	20,38
5:00:30	10	8,35	20,38
5:01:00	9	8,35	20,38
5:01:30	10	8,35	20,38
5:02:00	9	8,35	20,38
5:02:30	9	8,34	20,46
5:03:00	9	8,34	20,46
5:03:30	9	8,34	20,46
5:04:00	9	8,34	20,46
5:04:30	9	8,34	20,46
5:05:00	9	8,34	20,46
5:05:30	9	8,34	20,46
5:06:00	9	8,34	20,46
5:06:30	9	8,34	20,46
5:07:00	9	8,34	20,55
5:07:30	9	8,34	20,55
5:08:00	9	8,34	20,55
5:08:30	9	8,34	20,55
5:09:00	9	8,34	20,55
5:09:30	9	8,34	20,55
5:10:00	9	8,34	20,55
5:10:30	9	8,34	20,55
5:11:00	9	8,33	20,64
5:11:30	9	8,33	20,64
5:12:00	9	8,33	20,64
5:12:30	9	8,33	20,64
5:13:00	9	8,33	20,64
5:13:30	9	8,33	20,64
5:14:00	9	8,33	20,64
5:14:30	9	8,33	20,64
5:15:00	9	8,33	20,64
5:15:30	9	8,33	20,64
5:16:00	9	8,33	20,64
5:16:30	9	8,32	20,73
5:17:00	9	8,32	20,73
5:17:30	9	8,32	20,73
5:18:00	9	8,32	20,73
5:18:30	9	8,32	20,73
5:19:00	9	8,32	20,73
5:19:30	9	8,32	20,73
5:20:00	9	8,32	20,73
5:20:30	9	8,32	20,73
5:21:00	9	8,32	20,82
5:21:30	9	8,32	20,82
5:22:00	9	8,32	20,82
5:22:30	9	8,32	20,82
5:23:00	9	8,32	20,82
5:23:30	9	8,32	20,82
5:24:00	9	8,32	20,82
5:24:30	9	8,32	20,82
5:25:00	9	8,32	20,82
5:25:30	9	8,31	20,91
5:26:00	9	8,31	20,91
5:26:30	9	8,31	20,91
5:27:00	9	8,31	20,91
5:27:30	9	8,31	20,91
5:28:00	9	8,31	20,91
5:28:30	9	8,31	20,91
5:29:00	9	8,31	20,91
5:29:30	9	8,31	20,91
5:30:00	9	8,31	20,91
5:30:30	9	8,30	21,00
5:31:00	9	8,30	21,00
5:31:30	9	8,30	21,00
5:32:00	9	8,30	21,00
5:32:30	9	8,30	21,00
5:33:00	9	8,30	21,00
5:33:30	9	8,30	21,00
5:34:00	9	8,30	21,00
5:34:30	9	8,30	21,00
5:35:00	9	8,29	21,09
5:35:30	9	8,29	21,09
5:36:00	9	8,29	21,09
5:36:30	9	8,29	21,09
5:37:00	9	8,29	21,09
5:37:30	9	8,29	21,09
5:38:00	9	8,29	21,09
5:38:30	9	8,29	21,09
5:39:00	9	8,29	21,09
5:39:30	9	8,29	21,09
5:40:00	9	8,29	21,09
5:40:30	9	8,29	21,18
5:41:00	9	8,29	21,18
5:41:30	9	8,29	21,18
5:42:00	9	8,29	21,18
5:42:30	9	8,29	21,18
5:43:00	9	8,29	21,18
5:43:30	9	8,29	21,18
5:44:00	9	8,29	21,18
5:44:30	9	8,29	21,18
5:45:00	9	8,29	21,18
5:45:30	9	8,29	21,18
5:46:00	9	8,29	21,18
5:46:30	9	8,28	21,27
5:47:00	9	8,28	21,27
5:47:30	9	8,28	21,27
5:48:00	9	8,28	21,27
5:48:30	9	8,28	21,27
5:49:00	9	8,28	21,27
5:49:30	9	8,28	21,27
5:50:00	9	8,28	21,27
5:50:30	9	8,28	21,27
5:51:00	9	8,28	21,27
5:51:30	9	8,27	21,37
5:52:00	9	8,27	21,37
5:52:30	9	8,27	21,37
5:53:00	9	8,27	21,37
5:53:30	9	8,27	21,37
5:54:00	9	8,27	21,37
5:54:30	9	8,27	21,37
5:55:00	9	8,27	21,37
5:55:30	9	8,27	21,37
5:56:00	9	8,27	21,37
5:56:30	9	8,27	21,37
5:57:00	9	8,27	21,37
5:57:30	9	8,27	21,37
5:58:00	9	8,26	21,46
5:58:30	9	8,26	21,46
5:59:00	9	8,26	21,46
5:59:30	9	8,26	21,46
6:00:00	9	8,26	21,46
6:00:30	9	8,26	21,46
6:01:00	9	8,26	21,46
6:01:30	9	8,26	21,46
6:02:00	9	8,26	21,46
6:02:30	9	8,26	21,46
6:03:00	9	8,26	21,46
6:03:30	9	8,25	21,55
6:04:00	9	8,25	21,55
6:04:30	9	8,25	21,55
6:05:00	9	8,25	21,55
6:05:30	9	8,25	21,55
6:06:00	9	8,25	21,55
6:06:30	9	8,25	21,55
6:07:00	9	8,25	21,55
6:07:30	9	8,25	21,55
6:08:00	9	8,25	21,55
6:08:30	9	8,25	21,55
6:09:00	9	8,25	21,55
6:09:30	9	8,25	21,55
6:10:00	9	8,25	21,65
6:10:30	9	8,25	21,65
6:11:00	9	8,25	21,65
6:11:30	9	8,25	21,65
6:12:00	9	8,25	21,65
6:12:30	9	8,25	21,65
6:13:00	9	8,25	21,65
6:13:30	9	8,25	21,65
6:14:00	9	8,25	21,65
6:14:30	9	8,25	21,65
6:15:00	9	8,25	21,65
6:15:30	9	8,25	21,65
6:16:00	9	8,25	21,65
6:16:30	9	8,25	21,65
6:17:00	9	8,25	21,65
6:17:30	9	8,24	21,74
6:18:00	9	8,24	21,74
6:18:30	9	8,24	21,74
6:19:00	9	8,24	21,74
6:19:30	9	8,24	21,74
6:20:00	9	8,24	21,74
6:20:30	9	8,24	21,74
6:21:00	9	8,24	21,74
6:21:30	9	8,24	21,74
6:22:00	9	8,24	21,74
6:22:30	9	8,24	21,74
6:23:00	9	8,24	21,74
6:23:30	9	8,24	21,74
6:24:00	9	8,24	21,74
6:24:30	9	8,23	21,83
6:25:00	9	8,23	21,83
6:25:30	9	8,23	21,83
6:26:00	9	8,23	21,83
6:26:30	9	8,23	21,83
6:27:00	9	8,23	21,83
6:27:30	9	8,23	21,83
6:28:00	9	8,23	21,83
6:28:30	9	8,23	21,83
6:29:00	9	8,23	21,83
6:29:30	9	8,23	21,83
6:30:00	9	8,23	21,83
6:30:30	9	8,23	21,83
6:31:00	9	8,23	21,83
6:31:30	9	8,23	21,83
6:32:00	9	8,23	21,83
6:32:30	9	8,23	21,83
6:33:00	9	8,23	21,93
6:33:30	9	8,23	21,93
6:34:00	9	8,23	21,93
6:34:30	9	8,23	21,93
6:35:00	9	8,23	21,93
6:35:30	9	8,23	21,93
6:36:00	9	8,23	21,93
6:36:30	9	8,23	21,93
6:37:00	9	8,23	21,93
6:37:30	9	8,23	21,93
6:38:00	9	8,23	21,93
6:38:30	9	8,23	21,93
6:39:00	9	8,23	21,93
6:39:30	9	8,23	21,93
6:40:00	9	8,23	21,93
6:40:30	9	8,23	21,93
6:41:00	9	8,23	21,93
6:41:30	9	8,23	21,93
6:42:00	9	8,22	22,03
6:42:30	9	8,22	22,03
6:43:00	9	8,23	21,93
6:43:30	9	8,22	22,03
6:44:00	9	8,22	22,03
6:44:30	9	8,22	22,03
6:45:00	9	8,22	22,03
6:45:30	9	8,22	22,03
6:46:00	9	8,22	22,03
6:46:30	9	8,22	22,03
6:47:00	9	8,22	22,03
6:47:30	9	8,22	22,03
6:48:00	9	8,22	22,03
6:48:30	9	8,22	22,03
6:49:00	9	8,22	22,03
6:49:30	9	8,22	22,03
6:50:00	9	8,22	22,03
6:50:30	9	8,22	22,03
6:51:00	9	8,21	22,12
6:51:30	9	8,21	22,12
6:52:00	9	8,21	22,12
6:52:30	9	8,21	22,12
6:53:00	9	8,21	22,12
6:53:30	9	8,21	22,12
6:54:00	9	8,21	22,12
6:54:30	9	8,21	22,12
6:55:00	9	8,20	22,22
6:55:30	9	8,20	22,22
6:56:00	9	8,20	22,22
6:56:30	9	8,20	22,22
6:57:00	9	8,20	22,22
6:57:30	9	8,20	22,22
6:58:00	9	8,20	22,22
6:58:30	9	8,20	22,32
6:59:00	9	8,20	22,32
6:59:30	9	8,20	22,32
7:00:00	9	8,20	22,32
7:00:30	9	8,20	22,32
7:01:00	9	8,20	22,32
7:01:30	9	8,20	22,32
7:02:00	9	8,20	22,32
7:02:30	9	8,20	22,32
7:03:00	9	8,20	22,32
7:03:30	9	8,20	22,32
7:04:00	9	8,20	22,32
7:04:30	9	8,20	22,32
7:05:00	9	8,20	22,32
7:05:30	9	8,20	22,32
7:06:00	9	8,20	22,32
7:06:30	9	8,20	22,32
7:07:00	9	8,20	22,32
7:07:30	9	8,19	22,41
7:08:00	9	8,19	22,41
7:08:30	9	8,20	22,32
7:09:00	9	8,19	22,41
7:09:30	9	8,19	22,41
7:10:00	9	8,19	22,41
7:10:30	9	8,19	22,41
7:11:00	9	8,19	22,41
7:11:30	9	8,19	22,41
7:12:00	9	8,19	22,41
7:12:30	9	8,19	22,41
7:13:00	9	8,19	22,41
7:13:30	9	8,19	22,41
7:14:00	9	8,18	22,51
7:14:30	9	8,18	22,51
7:15:00	9	8,18	22,51
7:15:30	9	8,18	22,51
7:16:00	9	8,18	22,51
7:16:30	9	8,18	22,51
7:17:00	9	8,18	22,51
7:17:30	9	8,18	22,51
7:18:00	9	8,18	22,51
7:18:30	9	8,18	22,51
7:19:00	9	8,18	22,51
7:19:30	9	8,18	22,51
7:20:00	9	8,18	22,51
7:20:30	9	8,18	22,51
7:21:00	9	8,18	22,51
7:21:30	9	8,18	22,51
7:22:00	9	8,17	22,61
7:22:30	9	8,17	22,61
7:23:00	9	8,17	22,61
7:23:30	9	8,17	22,61
7:24:00	9	8,17	22,61
7:24:30	9	8,17	22,61
7:25:00	9	8,17	22,61
7:25:30	9	8,17	22,61
7:26:00	9	8,17	22,61
7:26:30	9	8,17	22,61
7:27:00	9	8,17	22,61
7:27:30	9	8,17	22,61
7:28:00	9	8,17	22,61
7:28:30	9	8,17	22,61
7:29:00	9	8,17	22,61
7:29:30	9	8,17	22,61
7:30:00	9	8,16	22,71
7:30:30	9	8,16	22,71
7:31:00	9	8,16	22,71
7:31:30	9	8,16	22,71
7:32:00	9	8,16	22,71
7:32:30	9	8,16	22,71
7:33:00	9	8,16	22,71
7:33:30	9	8,16	22,71
7:34:00	9	8,16	22,71
7:34:30	9	8,16	22,71
7:35:00	9	8,16	22,71
7:35:30	9	8,16	22,71
7:36:00	9	8,16	22,71
7:36:30	9	8,16	22,71
7:37:00	9	8,16	22,71
7:37:30	9	8,16	22,71
7:38:00	9	8,16	22,71
7:38:30	9	8,16	22,81
7:39:00	9	8,16	22,81
7:39:30	9	8,16	22,81
7:40:00	9	8,16	22,81
7:40:30	9	8,16	22,81
7:41:00	9	8,16	22,81
7:41:30	9	8,16	22,81
7:42:00	9	8,16	22,81
7:42:30	9	8,16	22,81
7:43:00	9	8,16	22,81
7:43:30	9	8,16	22,81
7:44:00	9	8,16	22,81
7:44:30	9	8,16	22,81
7:45:00	9	8,16	22,81
7:45:30	9	8,16	22,81
7:46:00	9	8,15	22,91
7:46:30	9	8,15	22,91
7:47:00	9	8,15	22,91
7:47:30	9	8,15	22,91
7:48:00	9	8,15	22,91
7:48:30	9	8,15	22,91
7:49:00	9	8,15	22,91
7:49:30	9	8,15	22,91
7:50:00	9	8,15	22,91
7:50:30	9	8,15	22,91
7:51:00	9	8,15	22,91
7:51:30	9	8,15	22,91
7:52:00	9	8,15	22,91
7:52:30	9	8,15	22,91
7:53:00	9	8,15	22,91
7:53:30	9	8,15	22,91
7:54:00	9	8,15	22,91
7:54:30	9	8,15	22,91
7:55:00	9	8,14	23,01
7:55:30	9	8,14	23,01
7:56:00	9	8,14	23,01
7:56:30	9	8,14	23,01
7:57:00	9	8,14	23,01
7:57:30	9	8,14	23,01
7:58:00	9	8,14	23,01
7:58:30	9	8,14	23,01
7:59:00	9	8,14	23,01
7:59:30	9	8,14	23,01
8:00:00	9	8,14	23,01
8:00:30	9	8,14	23,01
8:01:00	9	8,14	23,01
8:01:30	9	8,14	23,01
8:02:00	9	8,14	23,01
8:02:30	9	8,14	23,01
8:03:00	9	8,14	23,01
8:03:30	9	8,14	23,01
8:04:00	9	8,14	23,01
8:04:30	9	8,14	23,11
8:05:00	9	8,14	23,11
8:05:30	9	8,14	23,11
8:06:00	9	8,14	23,11
8:06:30	9	8,14	23,11
8:07:00	9	8,14	23,11
8:07:30	9	8,14	23,11
8:08:00	9	8,14	23,11
8:08:30	9	8,14	23,11
8:09:00	9	8,14	23,11
8:09:30	9	8,14	23,11
8:10:00	9	8,14	23,11
8:10:30	9	8,14	23,11
8:11:00	9	8,14	23,11
8:11:30	9	8,14	23,11
8:12:00	9	8,14	23,11
8:12:30	9	8,14	23,11
8:13:00	9	8,13	23,21
8:13:30	9	8,13	23,21
8:14:00	9	8,13	23,21
8:14:30	9	8,13	23,21
8:15:00	9	8,13	23,21
8:15:30	9	8,13	23,21
8:16:00	9	8,13	23,21
8:16:30	9	8,13	23,21
8:17:00	9	8,13	23,21
8:17:30	9	8,13	23,21
8:18:00	9	8,13	23,21
8:18:30	9	8,13	23,21
8:19:00	9	8,13	23,21
8:19:30	9	8,13	23,21
8:20:00	9	8,13	23,21
8:20:30	9	8,13	23,21
8:21:00	9	8,13	23,21
8:21:30	9	8,13	23,21
8:22:00	9	8,13	23,21
8:22:30	9	8,12	23,32
8:23:00	9	8,12	23,32
8:23:30	9	8,12	23,32
8:24:00	9	8,12	23,32
8:24:30	9	8,12	23,32
8:25:00	9	8,12	23,32
8:25:30	9	8,12	23,32
8:26:00	9	8,12	23,32
8:26:30	9	8,12	23,32
8:27:00	9	8,12	23,32
8:27:30	9	8,12	23,32
8:28:00	9	8,12	23,32
8:28:30	9	8,12	23,32
8:29:00	9	8,12	23,32
8:29:30	9	8,12	23,32
8:30:00	9	8,12	23,32
8:30:30	9	8,12	23,32
8:31:00	9	8,12	23,32
8:31:30	9	8,12	23,32
8:32:00	9	8,12	23,32
8:32:30	9	8,11	23,42
8:33:00	9	8,11	23,42
8:33:30	9	8,11	23,42
8:34:00	9	8,11	23,42
8:34:30	9	8,11	23,42
8:35:00	9	8,11	23,42
8:35:30	9	8,11	23,42
8:36:00	9	8,11	23,42
8:36:30	9	8,11	23,42
8:37:00	9	8,11	23,42
8:37:30	9	8,11	23,42
8:38:00	9	8,11	23,42
8:38:30	9	8,11	23,42
8:39:00	9	8,11	23,42
8:39:30	9	8,11	23,42
8:40:00	9	8,11	23,42
8:40:30	9	8,11	23,42
8:41:00	9	8,11	23,42
8:41:30	9	8,11	23,42
8:42:00	9	8,11	23,52
8:42:30	9	8,11	23,52
8:43:00	9	8,11	23,52
8:43:30	9	8,11	23,52
8:44:00	9	8,11	23,52
8:44:30	9	8,11	23,52
8:45:00	9	8,11	23,52
8:45:30	9	8,11	23,52
8:46:00	9	8,11	23,52
8:46:30	9	8,11	23,52
8:47:00	9	8,11	23,52
8:47:30	9	8,11	23,52
8:48:00	9	8,11	23,52
8:48:30	9	8,11	23,52
8:49:00	9	8,11	23,52
8:49:30	9	8,11	23,52
8:50:00	9	8,11	23,52
8:50:30	9	8,11	23,52
8:51:00	9	8,11	23,52
8:51:30	9	8,11	23,52
8:52:00	9	8,11	23,52
8:52:30	9	8,11	23,52
8:53:00	9	8,11	23,52
8:53:30	9	8,11	23,52
8:54:00	9	8,10	23,63
8:54:30	9	8,10	23,63
8:55:00	9	8,10	23,63
8:55:30	9	8,10	23,63
8:56:00	9	8,10	23,63
8:56:30	9	8,10	23,63
8:57:00	9	8,10	23,63
8:57:30	9	8,10	23,63
8:58:00	9	8,10	23,63
8:58:30	9	8,10	23,63
8:59:00	9	8,10	23,63
8:59:30	9	8,10	23,63
9:00:00	9	8,10	23,63
9:00:30	9	8,10	23,63
9:01:00	9	8,10	23,63
9:01:30	9	8,10	23,63
9:02:00	9	8,10	23,63
9:02:30	9	8,10	23,63
9:03:00	9	8,10	23,63
9:03:30	9	8,10	23,63
9:04:00	9	8,10	23,63
9:04:30	9	8,10	23,63
9:05:00	9	8,09	23,73
9:05:30	9	8,09	23,73
9:06:00	9	8,09	23,73
9:06:30	9	8,09	23,73
9:07:00	9	8,09	23,73
9:07:30	9	8,09	23,73
9:08:00	9	8,09	23,73
9:08:30	9	8,09	23,73
9:09:00	9	8,09	23,73
9:09:30	9	8,09	23,73
9:10:00	9	8,09	23,73
9:10:30	9	8,09	23,73
9:11:00	9	8,09	23,73
9:11:30	9	8,09	23,73
9:12:00	9	8,09	23,73
9:12:30	9	8,09	23,73
9:13:00	9	8,09	23,73
9:13:30	9	8,09	23,73
9:14:00	9	8,09	23,73
9:14:30	9	8,09	23,73
9:15:00	9	8,08	23,83
9:15:30	9	8,08	23,83
9:16:00	9	8,08	23,83
9:16:30	9	8,08	23,83
9:17:00	9	8,08	23,83
9:17:30	9	8,08	23,83
9:18:00	9	8,08	23,83
9:18:30	9	8,08	23,83
9:19:00	9	8,08	23,83
9:19:30	9	8,08	23,83
9:20:00	9	8,08	23,83
9:20:30	9	8,08	23,83
9:21:00	9	8,08	23,83
9:21:30	9	8,08	23,83
9:22:00	9	8,08	23,83
9:22:30	9	8,08	23,83
9:23:00	9	8,08	23,83
9:23:30	9	8,08	23,83
9:24:00	9	8,08	23,83
9:24:30	9	8,08	23,83
9:25:00	9	8,08	23,83
9:25:30	9	8,08	23,83
9:26:00	9	8,07	23,94
9:26:30	9	8,07	23,94
9:27:00	9	8,07	23,94
9:27:30	9	8,07	23,94
9:28:00	9	8,07	23,94
9:28:30	9	8,07	23,94
9:29:00	9	8,07	23,94
9:29:30	9	8,07	23,94
9:30:00	9	8,07	23,94
9:30:30	9	8,07	23,94
9:31:00	9	8,07	23,94
9:31:30	9	8,07	23,94
9:32:00	9	8,07	23,94
9:32:30	9	8,07	23,94
9:33:00	9	8,07	23,94
9:33:30	9	8,07	23,94
9:34:00	9	8,07	23,94
9:34:30	9	8,07	23,94
9:35:00	9	8,07	23,94
9:35:30	9	8,07	23,94
9:36:00	9	8,07	23,94
9:36:30	9	8,07	24,05
9:37:00	9	8,07	24,05
9:37:30	9	8,07	24,05
9:38:00	9	8,07	24,05
9:38:30	9	8,07	24,05
9:39:00	9	8,07	24,05
9:39:30	9	8,07	24,05
9:40:00	9	8,07	24,05
9:40:30	9	8,07	24,05
9:41:00	9	8,07	24,05
9:41:30	9	8,07	24,05
9:42:00	9	8,07	24,05
9:42:30	9	8,07	24,05
9:43:00	9	8,07	24,05
9:43:30	9	8,07	24,05
9:44:00	9	8,07	24,05
9:44:30	9	8,07	24,05
9:45:00	9	8,07	24,05
9:45:30	9	8,07	24,05
9:46:00	9	8,07	24,05
9:46:30	9	8,07	24,05
9:47:00	9	8,06	24,15
9:47:30	9	8,06	24,15
9:48:00	9	8,06	24,15
9:48:30	9	8,06	24,15
9:49:00	9	8,06	24,15
9:49:30	9	8,06	24,15
9:50:00	9	8,06	24,15
9:50:30	9	8,06	24,15
9:51:00	9	8,06	24,15
9:51:30	9	8,06	24,15
9:52:00	9	8,06	24,15
9:52:30	9	8,06	24,15
9:53:00	9	8,06	24,15
9:53:30	9	8,06	24,15
9:54:00	9	8,06	24,15
9:54:30	9	8,06	24,15
9:55:00	9	8,06	24,15
9:55:30	9	8,06	24,15
9:56:00	9	8,06	24,15
9:56:30	9	8,06	24,15
9:57:00	9	8,06	24,15
9:57:30	9	8,06	24,15
9:58:00	9	8,06	24,15
9:58:30	9	8,05	24,26
9:59:00	9	8,05	24,26
9:59:30	9	8,05	24,26
10:00:00	9	8,05	24,26
10:00:30	9	8,05	24,26
10:01:00	9	8,05	24,26
10:01:30	9	8,05	24,26
10:02:00	9	8,05	24,26
10:02:30	9	8,05	24,26
10:03:00	9	8,05	24,26
10:03:30	9	8,05	24,26
10:04:00	9	8,05	24,26
10:04:30	9	8,05	24,26
10:05:00	9	8,05	24,26
10:05:30	9	8,05	24,26
10:06:00	9	8,05	24,26
10:06:30	9	8,05	24,26
10:07:00	9	8,05	24,26
10:07:30	9	8,05	24,26
10:08:00	9	8,05	24,26
10:08:30	9	8,05	24,26
10:09:00	9	8,05	24,26
10:09:30	9	8,05	24,26
10:10:00	9	8,05	24,26
10:10:30	9	8,05	24,37
10:11:00	9	8,05	24,37
10:11:30	9	8,05	24,37
10:12:00	9	8,05	24,37
10:12:30	9	8,05	24,37
10:13:00	9	8,05	24,37
10:13:30	9	8,05	24,37
10:14:00	9	8,05	24,37
10:14:30	9	8,05	24,37
10:15:00	9	8,05	24,37
10:15:30	9	8,05	24,37
10:16:00	9	8,05	24,37
10:16:30	9	8,05	24,37
10:17:00	9	8,05	24,37
10:17:30	9	8,05	24,37
10:18:00	9	8,05	24,37
10:18:30	9	8,05	24,37
10:19:00	9	8,05	24,37
10:19:30	9	8,05	24,37
10:20:00	9	8,05	24,37
10:20:30	9	8,05	24,37
10:21:00	9	8,05	24,37
10:21:30	9	8,05	24,37
10:22:00	9	8,05	24,37
10:22:30	9	8,05	24,37
10:23:00	9	8,04	24,48
10:23:30	9	8,04	24,48
10:24:00	9	8,05	24,37
10:24:30	9	8,04	24,48
10:25:00	9	8,04	24,48
10:25:30	9	8,04	24,48
10:26:00	9	8,04	24,48
10:26:30	9	8,04	24,48
10:27:00	9	8,04	24,48
10:27:30	9	8,04	24,48
10:28:00	9	8,04	24,48
10:28:30	9	8,04	24,48
10:29:00	9	8,04	24,48
10:29:30	9	8,04	24,48
10:30:00	9	8,04	24,48
10:30:30	9	8,04	24,48
10:31:00	9	8,04	24,48
10:31:30	9	8,04	24,48
10:32:00	9	8,04	24,48
10:32:30	9	8,04	24,48
10:33:00	9	8,04	24,48
10:33:30	9	8,04	24,48
10:34:00	9	8,04	24,48
10:34:30	9	8,03	24,59
10:35:00	9	8,03	24,59
10:35:30	9	8,03	24,59
10:36:00	9	8,03	24,59
10:36:30	9	8,03	24,59
10:37:00	9	8,03	24,59
10:37:30	9	8,03	24,59
10:38:00	9	8,03	24,59
10:38:30	9	8,03	24,59
10:39:00	9	8,03	24,59
10:39:30	9	8,03	24,59
10:40:00	9	8,03	24,59
10:40:30	9	8,03	24,59
10:41:00	9	8,03	24,59
10:41:30	9	8,03	24,59
10:42:00	9	8,03	24,59
10:42:30	9	8,03	24,59
10:43:00	9	8,03	24,59
10:43:30	9	8,03	24,59
10:44:00	9	8,03	24,59
10:44:30	9	8,03	24,59
10:45:00	9	8,03	24,59
10:45:30	9	8,03	24,59
10:46:00	9	8,03	24,59
10:46:30	9	8,03	24,59
10:47:00	9	8,03	24,59
10:47:30	9	8,03	24,59
10:48:00	9	8,03	24,59
10:48:30	9	8,03	24,59
10:49:00	9	8,02	24,69
10:49:30	9	8,03	24,59
10:50:00	9	8,02	24,69
10:50:30	9	8,02	24,69
10:51:00	9	8,02	24,69
10:51:30	9	8,02	24,69
10:52:00	9	8,02	24,69
10:52:30	9	8,02	24,69
10:53:00	9	8,02	24,69
10:53:30	9	8,02	24,69
10:54:00	9	8,02	24,69
10:54:30	9	8,02	24,69
10:55:00	9	8,02	24,69
10:55:30	9	8,02	24,69
10:56:00	9	8,02	24,69
10:56:30	9	8,02	24,69
10:57:00	9	8,02	24,69
10:57:30	9	8,02	24,69
10:58:00	9	8,02	24,69
10:58:30	9	8,02	24,69
10:59:00	9	8,02	24,69
10:59:30	9	8,02	24,69
11:00:00	9	8,02	24,69
11:00:30	9	8,02	24,69
11:01:00	9	8,02	24,69
11:01:30	9	8,02	24,69
11:02:00	9	8,02	24,69
11:02:30	9	8,02	24,69
11:03:00	9	8,02	24,69
11:03:30	9	8,02	24,69
11:04:00	9	8,02	24,69
11:04:30	9	8,02	24,69
11:05:00	9	8,02	24,80
11:05:30	9	8,02	24,80
11:06:00	9	8,02	24,80
11:06:30	9	8,02	24,80
11:07:00	9	8,02	24,80
11:07:30	9	8,02	24,80
11:08:00	9	8,02	24,80
11:08:30	9	8,02	24,80
11:09:00	9	8,02	24,80
11:09:30	9	8,02	24,80
11:10:00	9	8,02	24,80
11:10:30	9	8,02	24,80
11:11:00	9	8,02	24,80
11:11:30	9	8,01	24,92
11:12:00	9	8,01	24,92
11:12:30	9	8,01	24,92
11:13:00	9	8,01	24,92
11:13:30	9	8,01	24,92
11:14:00	9	8,01	24,92
11:14:30	9	8,01	24,92
11:15:00	9	8,01	24,92
11:15:30	9	8,01	24,92
11:16:00	9	8,01	24,92
11:16:30	9	8,01	24,92
11:17:00	9	8,01	24,92
11:17:30	9	8,01	24,92
11:18:00	9	8,01	24,92
11:18:30	9	8,01	24,92
11:19:00	9	8,01	24,92
11:19:30	9	8,01	24,92
11:20:00	9	8,01	24,92
11:20:30	9	8,01	24,92
11:21:00	9	8,01	24,92
11:21:30	9	8,01	24,92
11:22:00	9	8,01	24,92
11:22:30	9	8,01	24,92
11:23:00	9	8,01	24,92
11:23:30	9	8,00	25,03
11:24:00	9	8,01	24,92
11:24:30	9	8,00	25,03
11:25:00	9	8,00	25,03
11:25:30	9	8,00	25,03
11:26:00	9	8,00	25,03
11:26:30	9	8,00	25,03
11:27:00	9	8,00	25,03
11:27:30	9	8,00	25,03
11:28:00	9	8,00	25,03
11:28:30	9	8,00	25,03
11:29:00	9	8,00	25,03
11:29:30	9	8,00	25,03
11:30:00	9	8,00	25,03
11:30:30	9	8,00	25,03
11:31:00	9	8,00	25,03
11:31:30	9	8,00	25,03
11:32:00	9	8,00	25,03
11:32:30	9	8,00	25,03
11:33:00	9	8,00	25,03
11:33:30	9	8,00	25,03
11:34:00	9	8,00	25,03
11:34:30	9	8,00	25,03
11:35:00	9	8,00	25,03
11:35:30	9	8,00	25,03
11:36:00	9	8,00	25,03
11:36:30	9	8,00	25,03
11:37:00	9	8,00	25,03
11:37:30	9	8,00	25,03
11:38:00	9	8,00	25,03
11:38:30	9	8,00	25,03
11:39:00	9	7,99	25,14
11:39:30	9	7,99	25,14
11:40:00	9	7,99	25,14
11:40:30	9	7,99	25,14
11:41:00	9	7,99	25,14
11:41:30	9	7,99	25,14
11:42:00	9	7,99	25,14
11:42:30	9	7,99	25,14
11:43:00	9	7,99	25,14
11:43:30	9	7,99	25,14
11:44:00	9	7,99	25,14
11:44:30	9	7,99	25,14
11:45:00	9	7,99	25,14
11:45:30	9	7,99	25,14
11:46:00	9	7,99	25,14
11:46:30	9	7,99	25,14
11:47:00	9	7,99	25,14
11:47:30	9	7,99	25,14
11:48:00	9	7,99	25,14
11:48:30	9	7,99	25,14
11:49:00	9	7,99	25,14
11:49:30	9	7,99	25,14
11:50:00	9	7,99	25,14
11:50:30	9	7,99	25,14
11:51:00	9	7,99	25,14
11:51:30	9	7,99	25,14
11:52:00	9	7,99	25,25
11:52:30	9	7,99	25,25
11:53:00	9	7,99	25,25
11:53:30	9	7,99	25,25
11:54:00	9	7,99	25,25
11:54:30	9	7,99	25,25
11:55:00	9	7,99	25,25
11:55:30	9	7,99	25,25
11:56:00	9	7,99	25,25
11:56:30	9	7,99	25,25
11:57:00	9	7,99	25,25
11:57:30	9	7,99	25,25
11:58:00	9	7,99	25,25
11:58:30	9	7,99	25,25
11:59:00	9	7,99	25,25
11:59:30	9	7,99	25,25
12:00:00	9	7,99	25,25
12:00:30	9	7,99	25,25
12:01:00	9	7,99	25,25
12:01:30	9	7,99	25,25
12:02:00	9	7,99	25,25
12:02:30	9	7,99	25,25
12:03:00	9	7,99	25,25
12:03:30	9	7,99	25,25
12:04:00	9	7,99	25,25
12:04:30	9	7,99	25,25
12:05:00	9	7,99	25,25
12:05:30	9	7,98	25,36
12:06:00	9	7,98	25,36
12:06:30	9	7,98	25,36
12:07:00	9	7,98	25,36
12:07:30	9	7,98	25,36
12:08:00	9	7,98	25,36
12:08:30	9	7,98	25,36
12:09:00	9	7,98	25,36
12:09:30	9	7,98	25,36
12:10:00	9	7,98	25,36
12:10:30	9	7,98	25,36
12:11:00	9	7,98	25,36
12:11:30	9	7,98	25,36
12:12:00	9	7,98	25,36
12:12:30	9	7,98	25,36
12:13:00	9	7,98	25,36
12:13:30	9	7,98	25,36
12:14:00	9	7,98	25,36
12:14:30	9	7,98	25,36
12:15:00	9	7,98	25,36
12:15:30	9	7,98	25,36
12:16:00	9	7,98	25,36
12:16:30	9	7,98	25,36
12:17:00	9	7,98	25,36
12:17:30	9	7,98	25,36
12:18:00	9	7,98	25,36
12:18:30	9	7,98	25,36
12:19:00	9	7,97	25,48
12:19:30	9	7,97	25,48
12:20:00	9	7,97	25,48
12:20:30	9	7,97	25,48
12:21:00	9	7,97	25,48
12:21:30	9	7,97	25,48
12:22:00	9	7,97	25,48
12:22:30	9	7,97	25,48
12:23:00	9	7,97	25,48
12:23:30	9	7,97	25,48
12:24:00	9	7,97	25,48
12:24:30	9	7,97	25,48
12:25:00	9	7,97	25,48
12:25:30	9	7,97	25,48
12:26:00	9	7,97	25,48
12:26:30	9	7,97	25,48
12:27:00	9	7,97	25,48
12:27:30	9	7,97	25,48
12:28:00	9	7,97	25,48
12:28:30	9	7,97	25,48
12:29:00	9	7,97	25,48
12:29:30	9	7,97	25,48
12:30:00	9	7,97	25,48
12:30:30	9	7,97	25,48
12:31:00	9	7,97	25,48
12:31:30	9	7,97	25,48
12:32:00	9	7,97	25,48
12:32:30	9	7,97	25,48
12:33:00	9	7,97	25,48
12:33:30	9	7,96	25,59
12:34:00	9	7,96	25,59
12:34:30	9	7,96	25,59
12:35:00	9	7,96	25,59
12:35:30	9	7,96	25,59
12:36:00	9	7,96	25,59
12:36:30	9	7,96	25,59
12:37:00	9	7,96	25,59
12:37:30	9	7,96	25,59
12:38:00	9	7,96	25,59
12:38:30	9	7,96	25,59
12:39:00	9	7,96	25,59
12:39:30	9	7,96	25,59
12:40:00	9	7,96	25,59
12:40:30	9	7,96	25,59
12:41:00	9	7,96	25,59
12:41:30	9	7,96	25,59
12:42:00	9	7,96	25,59
12:42:30	9	7,96	25,59
12:43:00	9	7,96	25,59
12:43:30	9	7,96	25,59
12:44:00	9	7,96	25,59
12:44:30	9	7,96	25,59
12:45:00	9	7,96	25,59
12:45:30	9	7,96	25,59
12:46:00	9	7,96	25,59
12:46:30	9	7,96	25,59
12:47:00	9	7,95	25,71
12:47:30	9	7,96	25,59
12:48:00	9	7,95	25,71
12:48:30	9	7,95	25,71
12:49:00	9	7,96	25,59
12:49:30	9	7,95	25,71
12:50:00	9	7,95	25,71
12:50:30	9	7,95	25,71
12:51:00	9	7,95	25,71
12:51:30	9	7,95	25,71
12:52:00	9	7,95	25,71
12:52:30	9	7,95	25,71
12:53:00	9	7,95	25,71
12:53:30	9	7,95	25,71
12:54:00	9	7,95	25,71
12:54:30	9	7,95	25,71
12:55:00	9	7,95	25,71
12:55:30	9	7,95	25,71
12:56:00	9	7,95	25,71
12:56:30	9	7,95	25,71
12:57:00	9	7,95	25,71
12:57:30	9	7,95	25,71
12:58:00	9	7,95	25,71
12:58:30	9	7,95	25,71
12:59:00	9	7,95	25,71
12:59:30	9	7,95	25,71
13:00:00	9	7,95	25,71
13:00:30	9	7,95	25,71
13:01:00	9	7,95	25,71
13:01:30	9	7,95	25,71
13:02:00	9	7,95	25,71
13:02:30	9	7,95	25,82
13:03:00	9	7,95	25,71
13:03:30	9	7,95	25,82
13:04:00	9	7,95	25,82
13:04:30	9	7,95	25,82
13:05:00	9	7,95	25,82
13:05:30	9	7,95	25,82
13:06:00	9	7,95	25,82
13:06:30	9	7,95	25,82
13:07:00	9	7,95	25,82
13:07:30	9	7,95	25,82
13:08:00	9	7,95	25,82
13:08:30	9	7,95	25,82
13:09:00	9	7,95	25,82
13:09:30	9	7,95	25,82
13:10:00	9	7,95	25,82
13:10:30	9	7,95	25,82
13:11:00	9	7,95	25,82
13:11:30	9	7,95	25,82
13:12:00	9	7,95	25,82
13:12:30	9	7,95	25,82
13:13:00	9	7,95	25,82
13:13:30	9	7,95	25,82
13:14:00	9	7,95	25,82
13:14:30	9	7,95	25,82
13:15:00	9	7,95	25,82
13:15:30	9	7,95	25,82
13:16:00	9	7,95	25,82
13:16:30	9	7,95	25,82
13:17:00	9	7,95	25,82
13:17:30	9	7,95	25,82
13:18:00	9	7,95	25,82
13:18:30	9	7,95	25,82
13:19:00	9	7,95	25,82
13:19:30	9	7,95	25,82
13:20:00	9	7,95	25,82
13:20:30	9	7,95	25,82
13:21:00	9	7,95	25,82
13:21:30	9	7,94	25,94
13:22:00	9	7,94	25,94
13:22:30	9	7,94	25,94
13:23:00	9	7,94	25,94
13:23:30	9	7,94	25,94
13:24:00	9	7,94	25,94
13:24:30	9	7,94	25,94
13:25:00	9	7,94	25,94
13:25:30	9	7,94	25,94
13:26:00	9	7,94	25,94
13:26:30	9	7,94	25,94
13:27:00	9	7,94	25,94
13:27:30	9	7,94	25,94
13:28:00	9	7,94	25,94
13:28:30	9	7,94	25,94
13:29:00	9	7,94	25,94
13:29:30	9	7,94	25,94
13:30:00	9	7,94	25,94
13:30:30	9	7,94	25,94
13:31:00	9	7,94	25,94
13:31:30	9	7,94	25,94
13:32:00	9	7,94	25,94
13:32:30	9	7,94	25,94
13:33:00	9	7,94	25,94
13:33:30	9	7,94	25,94
13:34:00	9	7,94	25,94
13:34:30	9	7,94	25,94
13:35:00	9	7,94	25,94
13:35:30	9	7,93	26,05
13:36:00	9	7,94	25,94
13:36:30	9	7,94	25,94
13:37:00	9	7,93	26,05
13:37:30	9	7,93	26,05
13:38:00	9	7,93	26,05
13:38:30	9	7,93	26,05
13:39:00	9	7,93	26,05
13:39:30	9	7,93	26,05
13:40:00	9	7,93	26,05
13:40:30	9	7,93	26,05
13:41:00	9	7,93	26,05
13:41:30	9	7,93	26,05
13:42:00	9	7,93	26,05
13:42:30	9	7,93	26,05
13:43:00	9	7,93	26,05
13:43:30	9	7,93	26,05
13:44:00	9	7,93	26,05
13:44:30	9	7,93	26,05
13:45:00	9	7,93	26,05
13:45:30	9	7,93	26,05
13:46:00	9	7,93	26,05
13:46:30	9	7,93	26,05
13:47:00	9	7,93	26,05
13:47:30	9	7,93	26,05
13:48:00	9	7,93	26,05
13:48:30	9	7,93	26,05
13:49:00	9	7,93	26,05
13:49:30	9	7,93	26,05
13:50:00	9	7,93	26,05
13:50:30	9	7,93	26,05
13:51:00	9	7,92	26,17
13:51:30	9	7,92	26,17
13:52:00	9	7,92	26,17
13:52:30	9	7,92	26,17
13:53:00	9	7,92	26,17
13:53:30	9	7,92	26,17
13:54:00	9	7,92	26,17
13:54:30	9	7,92	26,17
13:55:00	9	7,92	26,17
13:55:30	9	7,92	26,17
13:56:00	9	7,92	26,17
13:56:30	9	7,92	26,17
13:57:00	9	7,92	26,17
13:57:30	9	7,92	26,17
13:58:00	9	7,92	26,17
13:58:30	9	7,92	26,17
13:59:00	9	7,92	26,17
13:59:30	9	7,92	26,17
14:00:00	9	7,92	26,17
14:00:30	9	7,92	26,17
14:01:00	9	7,92	26,17
14:01:30	9	7,92	26,17
14:02:00	9	7,92	26,17
14:02:30	9	7,92	26,17
14:03:00	9	7,92	26,17
14:03:30	9	7,92	26,17
14:04:00	9	7,92	26,17
14:04:30	9	7,92	26,17
14:05:00	9	7,92	26,17
14:05:30	9	7,92	26,17
14:06:00	9	7,92	26,17
14:06:30	9	7,92	26,17
14:07:00	9	7,92	26,17
14:07:30	9	7,92	26,17
14:08:00	9	7,92	26,17
14:08:30	9	7,92	26,29
14:09:00	9	7,92	26,29
14:09:30	9	7,92	26,29
14:10:00	9	7,92	26,29
14:10:30	9	7,92	26,29
14:11:00	9	7,92	26,29
14:11:30	9	7,92	26,29
14:12:00	9	7,92	26,29
14:12:30	9	7,92	26,29
14:13:00	9	7,92	26,29
14:13:30	9	7,92	26,29
14:14:00	9	7,92	26,29
14:14:30	9	7,92	26,29
14:15:00	9	7,92	26,29
14:15:30	9	7,92	26,29
14:16:00	9	7,92	26,29
14:16:30	9	7,92	26,29
14:17:00	9	7,92	26,29
14:17:30	9	7,92	26,29
14:18:00	9	7,92	26,29
14:18:30	9	7,92	26,29
14:19:00	9	7,92	26,29
14:19:30	9	7,92	26,29
14:20:00	9	7,92	26,29
14:20:30	9	7,92	26,29
14:21:00	9	7,92	26,29
14:21:30	9	7,92	26,29
14:22:00	9	7,92	26,29
14:22:30	9	7,92	26,29
14:23:00	9	7,91	26,41
14:23:30	9	7,91	26,41
14:24:00	9	7,91	26,41
14:24:30	9	7,91	26,41
14:25:00	9	7,91	26,41
14:25:30	9	7,91	26,41
14:26:00	9	7,91	26,41
14:26:30	9	7,91	26,41
14:27:00	9	7,91	26,41
14:27:30	9	7,91	26,41
14:28:00	9	7,91	26,41
14:28:30	9	7,91	26,41
14:29:00	9	7,91	26,41
14:29:30	9	7,91	26,41
14:30:00	9	7,91	26,41
14:30:30	9	7,91	26,41
14:31:00	9	7,91	26,41
14:31:30	9	7,91	26,41
14:32:00	9	7,91	26,41
14:32:30	9	7,91	26,41
14:33:00	9	7,91	26,41
14:33:30	9	7,91	26,41
14:34:00	9	7,91	26,41
14:34:30	9	7,91	26,41
14:35:00	9	7,91	26,41
14:35:30	9	7,91	26,41
14:36:00	9	7,91	26,41
14:36:30	9	7,91	26,41
14:37:00	9	7,91	26,41
14:37:30	9	7,91	26,41
14:38:00	9	7,91	26,41
14:38:30	9	7,91	26,41
14:39:00	9	7,91	26,41
14:39:30	9	7,90	26,53
14:40:00	9	7,90	26,53
14:40:30	9	7,91	26,41
14:41:00	9	7,90	26,53
14:41:30	9	7,90	26,53
14:42:00	9	7,90	26,53
14:42:30	9	7,90	26,53
14:43:00	9	7,90	26,53
14:43:30	9	7,91	26,41
14:44:00	9	7,90	26,53
14:44:30	9	7,90	26,53
14:45:00	9	7,90	26,53
14:45:30	9	7,90	26,53
14:46:00	9	7,90	26,53
14:46:30	9	7,90	26,53
14:47:00	9	7,90	26,53
14:47:30	9	7,90	26,53
14:48:00	9	7,90	26,53
14:48:30	9	7,90	26,53
14:49:00	9	7,90	26,53
14:49:30	9	7,90	26,53
14:50:00	9	7,90	26,53
14:50:30	9	7,90	26,53
14:51:00	9	7,90	26,53
14:51:30	9	7,90	26,53
14:52:00	9	7,90	26,53
14:52:30	9	7,90	26,53
14:53:00	9	7,90	26,53
14:53:30	9	7,90	26,53
14:54:00	9	7,90	26,53
14:54:30	9	7,90	26,53
14:55:00	9	7,90	26,53
14:55:30	9	7,90	26,53
14:56:00	9	7,90	26,53
14:56:30	9	7,90	26,53
14:57:00	9	7,90	26,53
14:57:30	9	7,90	26,53
14:58:00	9	7,89	26,65
14:58:30	9	7,89	26,65
14:59:00	9	7,89	26,65
14:59:30	9	7,89	26,65
15:00:00	9	7,89	26,65
15:00:30	9	7,89	26,65
15:01:00	9	7,89	26,65
15:01:30	9	7,89	26,65
15:02:00	9	7,89	26,65
15:02:30	9	7,89	26,65
15:03:00	9	7,89	26,65
15:03:30	9	7,89	26,65
15:04:00	9	7,89	26,65
15:04:30	9	7,89	26,65
15:05:00	9	7,89	26,65
15:05:30	9	7,89	26,65
15:06:00	9	7,89	26,65
15:06:30	9	7,89	26,65
15:07:00	9	7,89	26,65
15:07:30	9	7,89	26,65
15:08:00	9	7,89	26,65
15:08:30	9	7,89	26,65
15:09:00	9	7,89	26,65
15:09:30	9	7,89	26,65
15:10:00	9	7,89	26,65
15:10:30	9	7,89	26,65
15:11:00	9	7,89	26,65
15:11:30	9	7,89	26,65
15:12:00	9	7,89	26,65
15:12:30	9	7,89	26,65
15:13:00	9	7,89	26,65
15:13:30	9	7,89	26,65
15:14:00	9	7,89	26,65
15:14:30	9	7,89	26,65
15:15:00	9	7,89	26,65
15:15:30	9	7,89	26,65
15:16:00	9	7,89	26,65
15:16:30	9	7,89	26,65
15:17:00	9	7,89	26,77
15:17:30	9	7,89	26,65
15:18:00	9	7,89	26,77
15:18:30	9	7,89	26,77
15:19:00	9	7,89	26,77
15:19:30	9	7,89	26,77
15:20:00	9	7,89	26,65
15:20:30	9	7,89	26,77
15:21:00	9	7,89	26,77
15:21:30	9	7,89	26,77
15:22:00	9	7,89	26,77
15:22:30	9	7,89	26,77
15:23:00	9	7,89	26,77
15:23:30	9	7,89	26,77
15:24:00	9	7,89	26,77
15:24:30	9	7,89	26,77
15:25:00	9	7,89	26,77
15:25:30	9	7,89	26,77
15:26:00	9	7,89	26,77
15:26:30	9	7,89	26,77
15:27:00	9	7,89	26,77
15:27:30	9	7,89	26,77
15:28:00	9	7,89	26,77
15:28:30	9	7,89	26,77
15:29:00	9	7,89	26,77
15:29:30	9	7,89	26,77
15:30:00	9	7,89	26,77
15:30:30	9	7,89	26,77
15:31:00	9	7,89	26,77
15:31:30	9	7,89	26,77
15:32:00	9	7,89	26,77
15:32:30	9	7,89	26,77
15:33:00	9	7,89	26,77
15:33:30	9	7,88	26,89
15:34:00	9	7,89	26,77
15:34:30	9	7,89	26,77
15:35:00	9	7,89	26,77
15:35:30	9	7,88	26,89
15:36:00	9	7,88	26,89
15:36:30	9	7,89	26,77
15:37:00	9	7,88	26,89
15:37:30	9	7,88	26,89
15:38:00	9	7,88	26,89
15:38:30	9	7,88	26,89
15:39:00	9	7,88	26,89
15:39:30	9	7,88	26,89
15:40:00	9	7,88	26,89
15:40:30	9	7,88	26,89
15:41:00	9	7,88	26,89
15:41:30	9	7,88	26,89
15:42:00	9	7,88	26,89
15:42:30	9	7,88	26,89
15:43:00	9	7,88	26,89
15:43:30	9	7,88	26,89
15:44:00	9	7,88	26,89
15:44:30	9	7,88	26,89
15:45:00	9	7,88	26,89
15:45:30	9	7,88	26,89
15:46:00	9	7,88	26,89
15:46:30	9	7,88	26,89
15:47:00	9	7,88	26,89
15:47:30	9	7,88	26,89
15:48:00	9	7,88	26,89
15:48:30	9	7,88	26,89
15:49:00	9	7,88	26,89
15:49:30	9	7,88	26,89
15:50:00	9	7,88	26,89
15:50:30	9	7,88	26,89
15:51:00	9	7,88	26,89
15:51:30	9	7,88	26,89
15:52:00	9	7,88	26,89
15:52:30	9	7,88	26,89
15:53:00	9	7,88	26,89
15:53:30	9	7,87	27,01
15:54:00	9	7,87	27,01
15:54:30	9	7,87	27,01
15:55:00	9	7,87	27,01
15:55:30	9	7,87	27,01
15:56:00	9	7,87	27,01
15:56:30	9	7,87	27,01
15:57:00	9	7,88	26,89
15:57:30	9	7,87	27,01
15:58:00	9	7,87	27,01
15:58:30	9	7,87	27,01
15:59:00	9	7,87	27,01
15:59:30	9	7,87	27,01
16:00:00	9	7,87	27,01
16:00:30	9	7,87	27,01
16:01:00	9	7,87	27,01
16:01:30	9	7,87	27,01
16:02:00	9	7,87	27,01
16:02:30	9	7,87	27,01
16:03:00	9	7,87	27,01
16:03:30	9	7,87	27,01
16:04:00	9	7,87	27,01
16:04:30	9	7,87	27,01
16:05:00	9	7,87	27,01
16:05:30	9	7,87	27,01
16:06:00	9	7,87	27,01
16:06:30	9	7,87	27,01
16:07:00	9	7,87	27,01
16:07:30	9	7,87	27,01
16:08:00	9	7,87	27,01
16:08:30	9	7,87	27,01
16:09:00	9	7,87	27,01
16:09:30	9	7,87	27,01
16:10:00	9	7,87	27,01
16:10:30	9	7,87	27,01
16:11:00	9	7,87	27,01
16:11:30	9	7,87	27,01
16:12:00	9	7,87	27,01
16:12:30	9	7,87	27,01
16:13:00	9	7,86	27,13
16:13:30	9	7,86	27,13
16:14:00	9	7,86	27,13
16:14:30	9	7,86	27,13
16:15:00	9	7,86	27,13
16:15:30	9	7,86	27,13
16:16:00	9	7,86	27,13
16:16:30	9	7,86	27,13
16:17:00	9	7,86	27,13
16:17:30	9	7,86	27,13
16:18:00	9	7,86	27,13
16:18:30	9	7,86	27,13
16:19:00	9	7,86	27,13
16:19:30	9	7,86	27,13
16:20:00	9	7,86	27,13
16:20:30	9	7,86	27,13
16:21:00	9	7,86	27,13
16:21:30	9	7,86	27,13
16:22:00	9	7,86	27,13
16:22:30	9	7,86	27,13
16:23:00	9	7,86	27,13
16:23:30	9	7,86	27,13
16:24:00	9	7,86	27,13
16:24:30	9	7,86	27,13
16:25:00	9	7,86	27,13
16:25:30	9	7,86	27,13
16:26:00	9	7,86	27,13
16:26:30	9	7,86	27,13
16:27:00	9	7,86	27,13
16:27:30	9	7,86	27,13
16:28:00	9	7,86	27,13
16:28:30	9	7,86	27,13
16:29:00	9	7,86	27,13
16:29:30	9	7,86	27,13
16:30:00	9	7,86	27,13
16:30:30	9	7,86	27,13
16:31:00	9	7,86	27,26
16:31:30	9	7,86	27,26
16:32:00	9	7,86	27,26
16:32:30	9	7,86	27,26
16:33:00	9	7,86	27,26
16:33:30	9	7,86	27,26
16:34:00	9	7,86	27,26
16:34:30	9	7,86	27,26
16:35:00	9	7,86	27,26
16:35:30	9	7,86	27,26
16:36:00	9	7,86	27,26
16:36:30	9	7,86	27,26
16:37:00	9	7,86	27,26
16:37:30	9	7,86	27,26
16:38:00	9	7,86	27,26
16:38:30	9	7,86	27,26
16:39:00	9	7,86	27,26
16:39:30	9	7,86	27,26
16:40:00	9	7,86	27,26
16:40:30	9	7,86	27,26
16:41:00	9	7,86	27,26
16:41:30	9	7,86	27,26
16:42:00	9	7,86	27,26
16:42:30	9	7,86	27,26
16:43:00	9	7,86	27,26
16:43:30	9	7,86	27,26
16:44:00	9	7,86	27,26
16:44:30	9	7,86	27,26
16:45:00	9	7,86	27,26
16:45:30	9	7,86	27,26
16:46:00	9	7,86	27,26
16:46:30	9	7,86	27,26
16:47:00	9	7,86	27,26
16:47:30	9	7,86	27,26
16:48:00	9	7,86	27,26
16:48:30	9	7,86	27,26
16:49:00	9	7,85	27,38
16:49:30	9	7,86	27,26
16:50:00	9	7,85	27,38
16:50:30	9	7,86	27,26
16:51:00	9	7,85	27,38
16:51:30	9	7,86	27,26
16:52:00	9	7,85	27,38
16:52:30	9	7,85	27,38
16:53:00	9	7,85	27,38
16:53:30	9	7,85	27,38
16:54:00	9	7,85	27,38
16:54:30	9	7,85	27,38
16:55:00	9	7,85	27,38
16:55:30	9	7,85	27,38
16:56:00	9	7,85	27,38
16:56:30	9	7,85	27,38
16:57:00	9	7,85	27,38
16:57:30	9	7,85	27,38
16:58:00	9	7,85	27,38
16:58:30	9	7,85	27,38
16:59:00	9	7,85	27,38
16:59:30	9	7,85	27,38
17:00:00	9	7,85	27,38
17:00:30	9	7,85	27,38
17:01:00	9	7,85	27,38
17:01:30	9	7,85	27,38
17:02:00	9	7,85	27,38
17:02:30	9	7,85	27,38
17:03:00	9	7,85	27,38
17:03:30	9	7,85	27,38
17:04:00	9	7,85	27,38
17:04:30	9	7,85	27,38
17:05:00	9	7,85	27,38
17:05:30	9	7,85	27,38
17:06:00	9	7,85	27,38
17:06:30	9	7,85	27,38
17:07:00	9	7,85	27,38
17:07:30	9	7,85	27,38
17:08:00	9	7,85	27,38
17:08:30	9	7,85	27,38
17:09:00	9	7,85	27,38
17:09:30	9	7,85	27,38
17:10:00	9	7,85	27,38
17:10:30	9	7,85	27,38
17:11:00	9	7,85	27,38
17:11:30	9	7,85	27,38
17:12:00	9	7,85	27,38
17:12:30	9	7,85	27,38
17:13:00	9	7,85	27,38
17:13:30	9	7,85	27,38
17:14:00	9	7,85	27,38
17:14:30	9	7,85	27,38
17:15:00	9	7,84	27,50
17:15:30	9	7,84	27,50
17:16:00	9	7,84	27,50
17:16:30	9	7,84	27,50
17:17:00	9	7,84	27,50
17:17:30	9	7,85	27,38
17:18:00	9	7,84	27,50
17:18:30	9	7,84	27,50
17:19:00	9	7,84	27,50
17:19:30	9	7,84	27,50
17:20:00	9	7,84	27,50
17:20:30	9	7,84	27,50
17:21:00	9	7,84	27,50
17:21:30	9	7,84	27,50
17:22:00	9	7,84	27,50
17:22:30	9	7,84	27,50
17:23:00	9	7,84	27,50
17:23:30	9	7,84	27,50
17:24:00	9	7,84	27,50
17:24:30	9	7,84	27,50
17:25:00	9	7,84	27,50
17:25:30	9	7,84	27,50
17:26:00	9	7,84	27,50
17:26:30	9	7,84	27,50
17:27:00	9	7,84	27,50
17:27:30	9	7,84	27,50
17:28:00	9	7,84	27,50
17:28:30	9	7,84	27,50
17:29:00	9	7,84	27,50
17:29:30	9	7,84	27,50
17:30:00	9	7,84	27,50
17:30:30	9	7,84	27,50
17:31:00	9	7,84	27,50
17:31:30	9	7,84	27,50
17:32:00	9	7,84	27,50
17:32:30	9	7,84	27,50
17:33:00	9	7,84	27,50
17:33:30	9	7,84	27,50
17:34:00	9	7,84	27,50
17:34:30	9	7,83	27,63
17:35:00	9	7,83	27,63
17:35:30	9	7,83	27,63
17:36:00	9	7,83	27,63
17:36:30	9	7,83	27,63
17:37:00	9	7,83	27,63
17:37:30	9	7,83	27,63
17:38:00	9	7,83	27,63
17:38:30	9	7,83	27,63
17:39:00	9	7,83	27,63
17:39:30	9	7,83	27,63
17:40:00	9	7,83	27,63
17:40:30	9	7,83	27,63
17:41:00	9	7,83	27,63
17:41:30	9	7,83	27,63
17:42:00	9	7,83	27,63
17:42:30	9	7,83	27,63
17:43:00	9	7,83	27,63
17:43:30	9	7,83	27,63
17:44:00	9	7,83	27,63
17:44:30	9	7,83	27,63
17:45:00	9	7,83	27,63
17:45:30	9	7,83	27,63
17:46:00	9	7,83	27,63
17:46:30	9	7,83	27,63
17:47:00	9	7,83	27,63
17:47:30	9	7,83	27,63
17:48:00	9	7,83	27,63
17:48:30	9	7,83	27,63
17:49:00	9	7,83	27,63
17:49:30	9	7,83	27,63
17:50:00	9	7,83	27,63
17:50:30	9	7,83	27,63
17:51:00	9	7,83	27,63
17:51:30	9	7,83	27,63
17:52:00	9	7,83	27,63
17:52:30	9	7,83	27,63
17:53:00	9	7,83	27,63
17:53:30	9	7,83	27,63
17:54:00	9	7,83	27,63
17:54:30	9	7,83	27,63
17:55:00	9	7,83	27,63
17:55:30	9	7,83	27,63
17:56:00	9	7,83	27,63
17:56:30	9	7,83	27,63
17:57:00	9	7,83	27,63
17:57:30	9	7,83	27,63
17:58:00	9	7,83	27,63
17:58:30	9	7,83	27,63
17:59:00	9	7,83	27,63
17:59:30	9	7,83	27,75
18:00:00	9	7,83	27,63
18:00:30	9	7,83	27,63
18:01:00	9	7,83	27,75
18:01:30	9	7,83	27,75
18:02:00	9	7,83	27,75
18:02:30	9	7,83	27,75
18:03:00	9	7,83	27,75
18:03:30	9	7,83	27,75
18:04:00	9	7,83	27,75
18:04:30	9	7,83	27,75
18:05:00	9	7,83	27,75
18:05:30	9	7,83	27,75
18:06:00	9	7,83	27,75
18:06:30	9	7,83	27,75
18:07:00	9	7,83	27,75
18:07:30	9	7,83	27,75
18:08:00	9	7,83	27,75
18:08:30	9	7,83	27,75
18:09:00	9	7,83	27,75
18:09:30	9	7,83	27,75
18:10:00	9	7,83	27,75
18:10:30	9	7,83	27,75
18:11:00	9	7,83	27,75
18:11:30	9	7,83	27,75
18:12:00	9	7,83	27,75
18:12:30	9	7,83	27,75
18:13:00	9	7,83	27,75
18:13:30	9	7,83	27,75
18:14:00	9	7,83	27,75
18:14:30	9	7,83	27,75
18:15:00	9	7,83	27,75
18:15:30	9	7,83	27,75
18:16:00	9	7,83	27,75
18:16:30	9	7,83	27,75
18:17:00	9	7,83	27,75
18:17:30	9	7,83	27,75
18:18:00	9	7,83	27,75
18:18:30	9	7,83	27,75
18:19:00	9	7,83	27,75
18:19:30	9	7,83	27,75
18:20:00	9	7,83	27,75
18:20:30	9	7,83	27,75
18:21:00	9	7,83	27,75
18:21:30	9	7,83	27,75
18:22:00	9	7,83	27,75
18:22:30	9	7,83	27,75
18:23:00	9	7,83	27,75
18:23:30	9	7,83	27,75
18:24:00	9	7,83	27,75
18:24:30	9	7,83	27,75
18:25:00	9	7,82	27,88
18:25:30	9	7,82	27,88
18:26:00	9	7,82	27,88
18:26:30	9	7,82	27,88
18:27:00	9	7,82	27,88
18:27:30	9	7,82	27,88
18:28:00	9	7,82	27,88
18:28:30	9	7,82	27,88
18:29:00	9	7,82	27,88
18:29:30	9	7,82	27,88
18:30:00	9	7,82	27,88
18:30:30	9	7,82	27,88
18:31:00	9	7,82	27,88
18:31:30	9	7,82	27,88
18:32:00	9	7,82	27,88
18:32:30	9	7,82	27,88
18:33:00	9	7,82	27,88
18:33:30	9	7,82	27,88
18:34:00	9	7,82	27,88
18:34:30	9	7,82	27,88
18:35:00	9	7,82	27,88
18:35:30	9	7,82	27,88
18:36:00	9	7,82	27,88
18:36:30	9	7,81	28,01
18:37:00	9	7,81	28,01
18:37:30	9	7,81	28,01
18:38:00	9	7,81	28,01
18:38:30	9	7,81	28,01
18:39:00	9	7,81	28,01
18:39:30	9	7,81	28,01
18:40:00	9	7,81	28,01
18:40:30	9	7,81	28,01
18:41:00	9	7,81	28,01
18:41:30	9	7,81	28,01
18:42:00	9	7,81	28,01
18:42:30	9	7,81	28,01
18:43:00	9	7,81	28,01
18:43:30	9	7,81	28,01
18:44:00	9	7,81	28,01
18:44:30	9	7,81	28,01
18:45:00	9	7,81	28,01
18:45:30	9	7,81	28,01
18:46:00	9	7,81	28,01
18:46:30	9	7,81	28,01
18:47:00	9	7,81	28,01
18:47:30	9	7,81	28,01
18:48:00	9	7,81	28,01
18:48:30	9	7,81	28,01
18:49:00	9	7,81	28,01
18:49:30	9	7,81	28,01
18:50:00	9	7,81	28,01
18:50:30	9	7,81	28,01
18:51:00	9	7,81	28,01
18:51:30	9	7,81	28,01
18:52:00	9	7,81	28,01
18:52:30	9	7,81	28,01
18:53:00	9	7,80	28,13
18:53:30	9	7,81	28,01
18:54:00	9	7,81	28,01
18:54:30	9	7,80	28,13
18:55:00	9	7,81	28,01
18:55:30	9	7,81	28,01
18:56:00	9	7,80	28,13
18:56:30	9	7,80	28,13
18:57:00	9	7,80	28,13
18:57:30	9	7,80	28,13
18:58:00	9	7,80	28,13
18:58:30	9	7,80	28,13
18:59:00	9	7,80	28,13
18:59:30	9	7,80	28,13
19:00:00	9	7,80	28,13
19:00:30	9	7,80	28,13
19:01:00	9	7,80	28,13
19:01:30	9	7,80	28,13
19:02:00	9	7,80	28,13
19:02:30	9	7,80	28,13
19:03:00	9	7,80	28,13
19:03:30	9	7,80	28,13
19:04:00	9	7,80	28,13
19:04:30	9	7,80	28,13
19:05:00	9	7,80	28,13
19:05:30	9	7,80	28,13
19:06:00	9	7,80	28,13
19:06:30	9	7,80	28,13
19:07:00	9	7,80	28,13
19:07:30	9	7,80	28,13
19:08:00	9	7,80	28,13
19:08:30	9	7,80	28,13
19:09:00	9	7,80	28,13
19:09:30	9	7,80	28,13
19:10:00	9	7,80	28,13
19:10:30	9	7,80	28,13
19:11:00	9	7,80	28,13
19:11:30	9	7,80	28,13
19:12:00	9	7,80	28,13
19:12:30	9	7,80	28,13
19:13:00	9	7,80	28,13
19:13:30	9	7,80	28,13
19:14:00	9	7,80	28,13
19:14:30	9	7,80	28,13
19:15:00	9	7,80	28,13
19:15:30	9	7,80	28,13
19:16:00	9	7,80	28,13
19:16:30	9	7,80	28,13
19:17:00	9	7,80	28,13
19:17:30	9	7,80	28,26
19:18:00	9	7,80	28,26
19:18:30	9	7,80	28,26
19:19:00	9	7,80	28,26
19:19:30	9	7,80	28,26
19:20:00	9	7,80	28,26
19:20:30	9	7,80	28,26
19:21:00	9	7,80	28,26
19:21:30	9	7,80	28,26
19:22:00	9	7,80	28,26
19:22:30	9	7,80	28,26
19:23:00	9	7,80	28,26
19:23:30	9	7,80	28,26
19:24:00	9	7,80	28,26
19:24:30	9	7,80	28,26
19:25:00	9	7,80	28,26
19:25:30	9	7,80	28,26
19:26:00	9	7,80	28,26
19:26:30	9	7,80	28,26
19:27:00	9	7,80	28,26
19:27:30	9	7,80	28,26
19:28:00	9	7,80	28,26
19:28:30	9	7,80	28,26
19:29:00	9	7,80	28,26
19:29:30	9	7,80	28,26
19:30:00	9	7,80	28,26
19:30:30	9	7,80	28,26
19:31:00	9	7,80	28,26
19:31:30	9	7,80	28,26
19:32:00	9	7,80	28,26
19:32:30	9	7,80	28,26
19:33:00	9	7,80	28,26
19:33:30	9	7,80	28,26
19:34:00	9	7,80	28,26
19:34:30	9	7,79	28,39
19:35:00	9	7,80	28,26
19:35:30	9	7,80	28,26
19:36:00	9	7,80	28,26
19:36:30	9	7,79	28,39
19:37:00	9	7,79	28,39
19:37:30	9	7,79	28,39
19:38:00	9	7,79	28,39
19:38:30	9	7,79	28,39
19:39:00	9	7,79	28,39
19:39:30	9	7,79	28,39
19:40:00	9	7,79	28,39
19:40:30	9	7,79	28,39
19:41:00	9	7,79	28,39
19:41:30	9	7,79	28,39
19:42:00	9	7,79	28,39
19:42:30	9	7,79	28,39
19:43:00	9	7,79	28,39
19:43:30	9	7,79	28,39
19:44:00	9	7,79	28,39
19:44:30	9	7,79	28,39
19:45:00	9	7,79	28,39
19:45:30	9	7,79	28,39
19:46:00	9	7,79	28,39
19:46:30	9	7,79	28,39
19:47:00	9	7,79	28,39
19:47:30	9	7,79	28,39
19:48:00	9	7,79	28,39
19:48:30	9	7,79	28,39
19:49:00	9	7,79	28,39
19:49:30	9	7,79	28,39
19:50:00	9	7,79	28,39
19:50:30	9	7,79	28,39
19:51:00	9	7,79	28,39
19:51:30	9	7,79	28,39
19:52:00	9	7,79	28,39
19:52:30	9	7,79	28,39
19:53:00	9	7,79	28,39
19:53:30	9	7,79	28,39
19:54:00	9	7,79	28,39
19:54:30	9	7,79	28,39
19:55:00	9	7,79	28,39
19:55:30	9	7,79	28,39
19:56:00	9	7,79	28,39
19:56:30	9	7,79	28,39
19:57:00	9	7,79	28,39
19:57:30	9	7,79	28,39
19:58:00	9	7,79	28,39
19:58:30	9	7,79	28,39
19:59:00	9	7,78	28,52
19:59:30	9	7,78	28,52
20:00:00	9	7,78	28,52
20:00:30	9	7,78	28,52
20:01:00	9	7,78	28,52
20:01:30	9	7,78	28,52
20:02:00	9	7,78	28,52
20:02:30	9	7,78	28,52
20:03:00	9	7,78	28,52
20:03:30	9	7,78	28,52
20:04:00	9	7,78	28,52
20:04:30	9	7,78	28,52
20:05:00	9	7,78	28,52
20:05:30	9	7,78	28,52
20:06:00	9	7,78	28,52
20:06:30	9	7,78	28,52
20:07:00	9	7,78	28,52
20:07:30	9	7,78	28,52
20:08:00	9	7,78	28,52
20:08:30	9	7,78	28,52
20:09:00	9	7,78	28,52
20:09:30	9	7,78	28,52
20:10:00	9	7,78	28,52
20:10:30	9	7,78	28,52
20:11:00	9	7,78	28,52
20:11:30	9	7,78	28,52
20:12:00	9	7,78	28,52
20:12:30	9	7,78	28,52
20:13:00	9	7,78	28,52
20:13:30	9	7,78	28,52
20:14:00	9	7,78	28,52
20:14:30	9	7,78	28,52
20:15:00	9	7,78	28,52
20:15:30	9	7,78	28,52
20:16:00	9	7,78	28,52
20:16:30	9	7,78	28,52
20:17:00	9	7,78	28,52
20:17:30	9	7,78	28,52
20:18:00	9	7,78	28,52
20:18:30	9	7,77	28,65
20:19:00	9	7,78	28,52
20:19:30	9	7,78	28,52
20:20:00	9	7,78	28,52
20:20:30	9	7,77	28,65
20:21:00	9	7,77	28,65
20:21:30	9	7,77	28,65
20:22:00	9	7,77	28,65
20:22:30	9	7,77	28,65
20:23:00	9	7,77	28,65
20:23:30	9	7,77	28,65
20:24:00	9	7,77	28,65
20:24:30	9	7,77	28,65
20:25:00	9	7,77	28,65
20:25:30	9	7,77	28,65
20:26:00	9	7,77	28,65
20:26:30	9	7,77	28,65
20:27:00	9	7,77	28,65
20:27:30	9	7,77	28,65
20:28:00	9	7,77	28,65
20:28:30	9	7,77	28,65
20:29:00	9	7,77	28,65
20:29:30	9	7,77	28,65
20:30:00	9	7,77	28,65
20:30:30	9	7,77	28,65
20:31:00	9	7,77	28,65
20:31:30	9	7,77	28,65
20:32:00	9	7,77	28,65
20:32:30	9	7,77	28,65
20:33:00	9	7,77	28,65
20:33:30	9	7,77	28,65
20:34:00	9	7,77	28,65
20:34:30	9	7,77	28,65
20:35:00	9	7,77	28,65
20:35:30	9	7,77	28,65
20:36:00	9	7,77	28,65
20:36:30	9	7,77	28,65
20:37:00	9	7,77	28,65
20:37:30	9	7,77	28,65
20:38:00	9	7,77	28,65
20:38:30	9	7,77	28,65
20:39:00	9	7,77	28,65
20:39:30	9	7,77	28,65
20:40:00	9	7,77	28,65
20:40:30	9	7,77	28,65
20:41:00	9	7,77	28,65
20:41:30	9	7,77	28,65
20:42:00	9	7,77	28,65
20:42:30	9	7,77	28,65
20:43:00	9	7,77	28,65
20:43:30	9	7,77	28,65
20:44:00	9	7,77	28,78
20:44:30	9	7,77	28,65
20:45:00	9	7,77	28,65
20:45:30	9	7,77	28,65
20:46:00	9	7,77	28,65
20:46:30	9	7,77	28,65
20:47:00	9	7,77	28,78
20:47:30	9	7,77	28,78
20:48:00	9	7,77	28,78
20:48:30	9	7,77	28,78
20:49:00	9	7,77	28,78
20:49:30	9	7,77	28,78
20:50:00	9	7,77	28,78
20:50:30	9	7,77	28,78
20:51:00	9	7,77	28,78
20:51:30	9	7,77	28,78
20:52:00	9	7,77	28,78
20:52:30	9	7,77	28,78
20:53:00	9	7,77	28,78
20:53:30	9	7,77	28,78
20:54:00	9	7,77	28,78
20:54:30	9	7,77	28,78
20:55:00	9	7,77	28,78
20:55:30	9	7,77	28,78
20:56:00	9	7,77	28,78
20:56:30	9	7,77	28,78
20:57:00	9	7,77	28,78
20:57:30	9	7,77	28,78
20:58:00	9	7,77	28,78
20:58:30	9	7,77	28,78
20:59:00	9	7,77	28,78
20:59:30	9	7,77	28,78
21:00:00	9	7,77	28,78
21:00:30	9	7,77	28,78
21:01:00	9	7,77	28,78
21:01:30	9	7,77	28,78
21:02:00	9	7,77	28,78
21:02:30	9	7,77	28,78
21:03:00	9	7,77	28,78
21:03:30	9	7,77	28,78
21:04:00	9	7,77	28,78
21:04:30	9	7,77	28,78
21:05:00	9	7,77	28,78
21:05:30	9	7,77	28,78
21:06:00	9	7,77	28,78
21:06:30	9	7,77	28,78
21:07:00	9	7,77	28,78
21:07:30	9	7,77	28,78
21:08:00	9	7,77	28,78
21:08:30	9	7,77	28,78
21:09:00	9	7,77	28,78
21:09:30	9	7,76	28,92
21:10:00	9	7,76	28,92
21:10:30	9	7,76	28,92
21:11:00	9	7,76	28,92
21:11:30	9	7,76	28,92
21:12:00	9	7,76	28,92
21:12:30	9	7,76	28,92
21:13:00	9	7,76	28,92
21:13:30	9	7,76	28,92
21:14:00	9	7,76	28,92
21:14:30	9	7,76	28,92
21:15:00	9	7,76	28,92
21:15:30	9	7,76	28,92
21:16:00	9	7,76	28,92
21:16:30	9	7,76	28,92
21:17:00	9	7,76	28,92
21:17:30	9	7,76	28,92
21:18:00	9	7,76	28,92
21:18:30	9	7,76	28,92
21:19:00	9	7,76	28,92
21:19:30	9	7,76	28,92
21:20:00	9	7,76	28,92
21:20:30	9	7,76	28,92
21:21:00	9	7,76	28,92
21:21:30	9	7,76	28,92
21:22:00	9	7,76	28,92
21:22:30	9	7,76	28,92
21:23:00	9	7,76	28,92
21:23:30	9	7,76	28,92
21:24:00	9	7,76	28,92
21:24:30	9	7,76	28,92
21:25:00	9	7,76	28,92
21:25:30	9	7,76	28,92
21:26:00	9	7,76	28,92
21:26:30	9	7,76	28,92
21:27:00	9	7,76	28,92
21:27:30	9	7,76	28,92
21:28:00	9	7,76	28,92
21:28:30	9	7,76	28,92
21:29:00	9	7,76	28,92
21:29:30	9	7,76	28,92
21:30:00	9	7,76	28,92
21:30:30	9	7,76	28,92
21:31:00	9	7,75	29,05
21:31:30	9	7,75	29,05
21:32:00	9	7,76	28,92
21:32:30	9	7,75	29,05
21:33:00	9	7,75	29,05
21:33:30	9	7,75	29,05
21:34:00	9	7,75	29,05
21:34:30	9	7,75	29,05
21:35:00	9	7,75	29,05
21:35:30	9	7,75	29,05
21:36:00	9	7,75	29,05
21:36:30	9	7,75	29,05
21:37:00	9	7,75	29,05
21:37:30	9	7,75	29,05
21:38:00	9	7,75	29,05
21:38:30	9	7,75	29,05
21:39:00	9	7,75	29,05
21:39:30	9	7,75	29,05
21:40:00	9	7,75	29,05
21:40:30	9	7,75	29,05
21:41:00	9	7,75	29,05
21:41:30	9	7,75	29,05
21:42:00	9	7,75	29,05
21:42:30	9	7,75	29,05
21:43:00	9	7,75	29,05
21:43:30	9	7,75	29,05
21:44:00	9	7,75	29,05
21:44:30	9	7,75	29,05
21:45:00	9	7,75	29,05
21:45:30	9	7,75	29,05
21:46:00	9	7,75	29,05
21:46:30	9	7,75	29,05
21:47:00	9	7,75	29,05
21:47:30	9	7,75	29,05
21:48:00	9	7,75	29,05
21:48:30	9	7,75	29,05
21:49:00	9	7,75	29,05
21:49:30	9	7,75	29,05
21:50:00	9	7,75	29,05
21:50:30	9	7,75	29,05
21:51:00	9	7,75	29,05
21:51:30	9	7,75	29,05
21:52:00	9	7,75	29,05
21:52:30	9	7,75	29,05
21:53:00	9	7,75	29,05
21:53:30	9	7,75	29,05
21:54:00	9	7,75	29,18
21:54:30	9	7,75	29,05
21:55:00	9	7,75	29,05
21:55:30	9	7,75	29,05
21:56:00	9	7,75	29,05
21:56:30	9	7,75	29,05
21:57:00	9	7,75	29,18
21:57:30	9	7,75	29,18
21:58:00	9	7,75	29,18
21:58:30	9	7,75	29,05
21:59:00	9	7,75	29,05
21:59:30	9	7,75	29,18
22:00:00	9	7,75	29,18
22:00:30	9	7,75	29,18
22:01:00	9	7,75	29,18
22:01:30	9	7,75	29,18
22:02:00	9	7,75	29,18
22:02:30	9	7,75	29,18
22:03:00	9	7,75	29,18
22:03:30	9	7,75	29,18
22:04:00	9	7,75	29,18
22:04:30	9	7,75	29,18
22:05:00	9	7,75	29,18
22:05:30	9	7,75	29,18
22:06:00	9	7,75	29,18
22:06:30	9	7,75	29,18
22:07:00	9	7,75	29,18
22:07:30	9	7,75	29,18
22:08:00	9	7,75	29,18
22:08:30	9	7,75	29,18
22:09:00	9	7,75	29,18
22:09:30	9	7,75	29,18
22:10:00	9	7,75	29,18
22:10:30	9	7,75	29,18
22:11:00	9	7,75	29,18
22:11:30	9	7,75	29,18
22:12:00	9	7,75	29,18
22:12:30	9	7,75	29,18
22:13:00	9	7,75	29,18
22:13:30	9	7,75	29,18
22:14:00	9	7,75	29,18
22:14:30	9	7,75	29,18
22:15:00	9	7,75	29,18
22:15:30	9	7,75	29,18
22:16:00	9	7,75	29,18
22:16:30	9	7,75	29,18
22:17:00	9	7,75	29,18
22:17:30	9	7,75	29,18
22:18:00	9	7,75	29,18
22:18:30	9	7,75	29,18
22:19:00	9	7,75	29,18
22:19:30	9	7,75	29,18
22:20:00	9	7,75	29,18
22:20:30	9	7,75	29,18
22:21:00	9	7,75	29,18
22:21:30	9	7,75	29,18
22:22:00	9	7,74	29,32
22:22:30	9	7,74	29,32
22:23:00	9	7,74	29,32
22:23:30	9	7,74	29,32
22:24:00	9	7,74	29,32
22:24:30	9	7,74	29,32
22:25:00	9	7,74	29,32
22:25:30	9	7,74	29,32
22:26:00	9	7,74	29,32
22:26:30	9	7,74	29,32
22:27:00	10	7,74	29,32
22:27:30	9	7,74	29,32
22:28:00	9	7,74	29,32
22:28:30	9	7,74	29,32
22:29:00	9	7,74	29,32
22:29:30	9	7,74	29,32
22:30:00	9	7,74	29,32
22:30:30	9	7,74	29,32
22:31:00	10	7,74	29,32
22:31:30	9	7,74	29,32
22:32:00	9	7,74	29,32
22:32:30	10	7,74	29,32
22:33:00	9	7,74	29,32
22:33:30	9	7,74	29,32
22:34:00	9	7,74	29,32
22:34:30	9	7,74	29,32
22:35:00	9	7,74	29,32
22:35:30	9	7,74	29,32
22:36:00	10	7,74	29,32
22:36:30	9	7,74	29,32
22:37:00	9	7,74	29,32
22:37:30	9	7,74	29,32
22:38:00	9	7,74	29,32
22:38:30	10	7,74	29,32
22:39:00	9	7,74	29,32
22:39:30	9	7,74	29,32
22:40:00	9	7,74	29,32
22:40:30	9	7,74	29,32
22:41:00	10	7,74	29,32
22:41:30	10	7,74	29,32
22:42:00	9	7,74	29,32
22:42:30	9	7,74	29,32
22:43:00	9	7,74	29,32
22:43:30	9	7,74	29,32
22:44:00	9	7,74	29,32
22:44:30	9	7,74	29,32
22:45:00	9	7,73	29,45
22:45:30	10	7,73	29,45
22:46:00	10	7,73	29,45
22:46:30	10	7,73	29,45
22:47:00	9	7,74	29,32
22:47:30	9	7,73	29,45
22:48:00	9	7,73	29,45
22:48:30	9	7,73	29,45
22:49:00	9	7,73	29,45
22:49:30	9	7,73	29,45
22:50:00	9	7,73	29,45
22:50:30	9	7,73	29,45
22:51:00	10	7,73	29,45
22:51:30	10	7,73	29,45
22:52:00	9	7,73	29,45
22:52:30	10	7,73	29,45
22:53:00	9	7,73	29,45
22:53:30	10	7,73	29,45
22:54:00	10	7,73	29,45
22:54:30	9	7,73	29,45
22:55:00	9	7,73	29,45
22:55:30	9	7,73	29,45
22:56:00	9	7,73	29,45
22:56:30	10	7,73	29,45
22:57:00	10	7,73	29,45
22:57:30	9	7,73	29,45
22:58:00	10	7,73	29,45
22:58:30	10	7,73	29,45
22:59:00	9	7,73	29,45
22:59:30	9	7,73	29,45
23:00:00	9	7,73	29,45
23:00:30	10	7,73	29,45
23:01:00	10	7,73	29,45
23:01:30	10	7,73	29,45
23:02:00	10	7,73	29,45
23:02:30	10	7,73	29,45
23:03:00	10	7,73	29,45
23:03:30	9	7,73	29,45
23:04:00	9	7,73	29,45
23:04:30	10	7,73	29,45
23:05:00	10	7,73	29,45
23:05:30	10	7,73	29,45
23:06:00	10	7,73	29,45
23:06:30	10	7,73	29,45
23:07:00	10	7,73	29,45
23:07:30	10	7,73	29,45
23:08:00	10	7,72	29,59
23:08:30	10	7,73	29,45
23:09:00	10	7,73	29,45
23:09:30	10	7,72	29,59
23:10:00	10	7,73	29,45
23:10:30	10	7,72	29,59
23:11:00	10	7,72	29,59
23:11:30	10	7,73	29,45
23:12:00	10	7,72	29,59
23:12:30	10	7,72	29,59
23:13:00	10	7,72	29,59
23:13:30	10	7,72	29,59
23:14:00	10	7,72	29,59
23:14:30	10	7,72	29,59
23:15:00	10	7,72	29,59
23:15:30	10	7,72	29,59
23:16:00	10	7,72	29,59
23:16:30	10	7,72	29,59
23:17:00	10	7,72	29,59
23:17:30	10	7,72	29,59
23:18:00	10	7,72	29,59
23:18:30	10	7,72	29,59
23:19:00	9	7,72	29,59
23:19:30	10	7,72	29,59
23:20:00	10	7,72	29,59
23:20:30	10	7,72	29,59
23:21:00	10	7,72	29,59
23:21:30	10	7,72	29,59
23:22:00	10	7,72	29,59
23:22:30	10	7,72	29,59
23:23:00	10	7,72	29,59
23:23:30	10	7,72	29,59
23:24:00	10	7,72	29,59
23:24:30	10	7,72	29,59
23:25:00	10	7,72	29,59
23:25:30	10	7,72	29,59
23:26:00	10	7,72	29,59
23:26:30	10	7,72	29,59
23:27:00	10	7,72	29,59
23:27:30	10	7,72	29,59
23:28:00	10	7,72	29,59
23:28:30	10	7,72	29,59
23:29:00	10	7,72	29,59
23:29:30	10	7,72	29,59
23:30:00	10	7,72	29,59
23:30:30	10	7,72	29,59
23:31:00	10	7,72	29,59
23:31:30	10	7,72	29,59
23:32:00	10	7,72	29,59
23:32:30	10	7,72	29,59
23:33:00	10	7,72	29,59
23:33:30	10	7,72	29,59
23:34:00	10	7,72	29,59
23:34:30	10	7,72	29,59
23:35:00	10	7,72	29,59
23:35:30	10	7,72	29,59
23:36:00	10	7,72	29,59
23:36:30	10	7,72	29,59
23:37:00	10	7,72	29,59
23:37:30	10	7,72	29,59
23:38:00	10	7,72	29,59
23:38:30	10	7,72	29,59
23:39:00	10	7,72	29,59
23:39:30	10	7,72	29,72
23:40:00	10	7,72	29,72
23:40:30	10	7,72	29,72
23:41:00	10	7,72	29,72
23:41:30	10	7,72	29,72
23:42:00	10	7,72	29,72
23:42:30	10	7,72	29,72
23:43:00	10	7,72	29,72
23:43:30	10	7,72	29,72
23:44:00	10	7,72	29,72
23:44:30	10	7,72	29,72
23:45:00	10	7,72	29,72
23:45:30	10	7,72	29,72
23:46:00	10	7,72	29,72
23:46:30	10	7,72	29,72
23:47:00	10	7,72	29,72
23:47:30	10	7,72	29,72
23:48:00	10	7,72	29,72
23:48:30	10	7,72	29,72
23:49:00	10	7,72	29,72
23:49:30	10	7,72	29,72
23:50:00	10	7,72	29,72
23:50:30	10	7,72	29,72
23:51:00	10	7,72	29,72
23:51:30	10	7,72	29,72
23:52:00	10	7,72	29,72
23:52:30	10	7,72	29,72
23:53:00	10	7,72	29,72
23:53:30	10	7,72	29,72
23:54:00	10	7,72	29,72
23:54:30	10	7,72	29,72
23:55:00	10	7,72	29,72
23:55:30	10	7,72	29,72
23:56:00	10	7,72	29,72
23:56:30	10	7,72	29,72
23:57:00	10	7,72	29,72
23:57:30	10	7,72	29,72
23:58:00	10	7,72	29,72
23:58:30	10	7,72	29,72
23:59:00	10	7,72	29,72
23:59:30	10	7,72	29,72
24:00:00	10	7,72	29,72
