--Test Summary--
Full Path and File Name	
Instrument Name	UCA Left Cell
Instrument Type	Model 4262 Twin Cell UCA
Instrument Serial Number	
Test Start Date	26.04.2021
Test Start Time	18:09:07
Test Stop Date	27.04.2021
Test Stop Time	13:37:21
Test Length	19:28:14
Final Sample Time Offset	19:28:00
Controller Schedule Name	
Sampling Period	30 seconds
Comments	
Information	WellID	
Information	Customer	
Information	EngName	
Information	CementClass	
Information	CementMfr	—ÛıÓÈ ÀÓ„
Information	Additives	100I-50+120G-19+45ASPM(0.81)+0.6CEX+0.2SMA+0.3À 
Information	Density	1500
Information	BHCT	17
Information	BHST	9
Information	FluidLoss	
Information	JobType	
Calculated Value	CS_50	2:54:30
Calculated Value	CS_500	10:58:30
Calculated Value	CS_Time8h	3,22 MPa
Calculated Value	CS_Time12h	3,56 MPa
Calculated Value	CS_Time24h	N/A
Calculated Value	CS_Time48h	N/A
Calculated Value	CS_Time72h	N/A
Calculated Curve	Compressive Strength	Compressive strength type A (less than 14 lb/gal)
Initial Temperature (∞C)	22 ∞C
Final Temperature (∞C)	9 ∞C
Initial Transit Time (microsec/in)	14,54 microsec/in
Final Transit Time (microsec/in)	11,48 microsec/in
Initial Compressive Strength (MPa)	0,00 MPa
Final Compressive Strength (MPa)	4,43 MPa
--Data--
Time (HH:MM:SS)	Temperature (∞C)	Transit Time (microsec/in)	Compressive Strength (MPa)
0:00:00	22	14,54	0,00
0:00:30	22	14,55	0,00
0:01:00	22	14,55	0,00
0:01:30	21	14,58	0,00
0:02:00	21	14,55	0,00
0:02:30	21	14,56	0,00
0:03:00	21	14,57	0,00
0:03:30	21	14,58	0,00
0:04:00	21	14,58	0,00
0:04:30	21	14,58	0,00
0:05:00	21	14,59	0,00
0:05:30	21	14,59	0,00
0:06:00	21	14,60	0,00
0:06:30	21	14,61	0,00
0:07:00	21	14,61	0,00
0:07:30	21	14,61	0,00
0:08:00	20	14,62	0,00
0:08:30	20	14,63	0,00
0:09:00	20	14,64	0,00
0:09:30	20	14,64	0,00
0:10:00	20	14,64	0,00
0:10:30	20	14,65	0,00
0:11:00	20	14,66	0,00
0:11:30	20	14,67	0,00
0:12:00	20	14,68	0,00
0:12:30	20	14,68	0,00
0:13:00	19	14,68	0,00
0:13:30	19	14,69	0,00
0:14:00	19	14,70	0,00
0:14:30	19	14,68	0,00
0:15:00	19	14,69	0,00
0:15:30	19	14,70	0,00
0:16:00	19	14,70	0,00
0:16:30	19	14,70	0,00
0:17:00	19	14,71	0,00
0:17:30	19	14,71	0,00
0:18:00	19	14,72	0,00
0:18:30	18	14,73	0,00
0:19:00	18	14,73	0,00
0:19:30	18	14,73	0,00
0:20:00	18	14,73	0,00
0:20:30	18	14,74	0,00
0:21:00	18	14,74	0,00
0:21:30	18	14,75	0,00
0:22:00	18	14,75	0,00
0:22:30	18	14,76	0,00
0:23:00	18	14,76	0,00
0:23:30	18	14,76	0,00
0:24:00	17	14,77	0,00
0:24:30	17	14,77	0,00
0:25:00	17	14,77	0,00
0:25:30	17	14,78	0,00
0:26:00	17	14,79	0,00
0:26:30	17	14,79	0,00
0:27:00	17	14,80	0,00
0:27:30	17	14,80	0,00
0:28:00	17	14,80	0,00
0:28:30	17	14,81	0,00
0:29:00	17	14,82	0,00
0:29:30	16	14,82	0,00
0:30:00	16	14,82	0,00
0:30:30	16	14,82	0,00
0:31:00	16	14,83	0,00
0:31:30	16	14,83	0,00
0:32:00	16	14,84	0,00
0:32:30	16	14,85	0,00
0:33:00	16	14,86	0,00
0:33:30	15	14,87	0,00
0:34:00	16	14,82	0,00
0:34:30	16	14,83	0,00
0:35:00	15	14,84	0,00
0:35:30	15	14,85	0,00
0:36:00	15	14,86	0,00
0:36:30	15	14,86	0,00
0:37:00	15	14,86	0,00
0:37:30	15	14,87	0,00
0:38:00	15	14,88	0,00
0:38:30	15	14,88	0,00
0:39:00	15	14,88	0,00
0:39:30	14	14,89	0,00
0:40:00	14	14,90	0,00
0:40:30	14	14,91	0,00
0:41:00	14	14,91	0,00
0:41:30	14	14,91	0,00
0:42:00	14	14,91	0,00
0:42:30	14	14,92	0,00
0:43:00	14	14,93	0,00
0:43:30	14	14,94	0,00
0:44:00	14	14,94	0,00
0:44:30	13	14,95	0,00
0:45:00	13	14,96	0,00
0:45:30	13	14,97	0,00
0:46:00	13	14,97	0,00
0:46:30	13	14,98	0,00
0:47:00	13	14,98	0,00
0:47:30	13	14,99	0,00
0:48:00	13	15,00	0,00
0:48:30	13	15,00	0,00
0:49:00	12	15,00	0,00
0:49:30	12	15,02	0,00
0:50:00	12	15,02	0,00
0:50:30	12	15,03	0,00
0:51:00	12	15,04	0,00
0:51:30	12	15,04	0,00
0:52:00	12	15,05	0,00
0:52:30	12	15,06	0,00
0:53:00	12	15,06	0,00
0:53:30	11	15,07	0,00
0:54:00	11	15,09	0,00
0:54:30	11	15,09	0,00
0:55:00	11	15,11	0,00
0:55:30	11	15,06	0,00
0:56:00	11	15,07	0,00
0:56:30	11	15,09	0,00
0:57:00	11	15,09	0,00
0:57:30	11	15,10	0,00
0:58:00	11	15,11	0,00
0:58:30	10	15,12	0,00
0:59:00	10	15,12	0,00
0:59:30	10	15,13	0,00
1:00:00	10	15,13	0,00
1:00:30	10	15,14	0,00
1:01:00	10	15,15	0,00
1:01:30	10	15,15	0,00
1:02:00	10	15,16	0,00
1:02:30	10	15,16	0,00
1:03:00	10	15,17	0,00
1:03:30	10	15,18	0,00
1:04:00	9	15,18	0,00
1:04:30	9	15,19	0,00
1:05:00	9	15,19	0,00
1:05:30	9	15,20	0,00
1:06:00	9	15,21	0,00
1:06:30	9	15,21	0,00
1:07:00	9	15,22	0,00
1:07:30	9	15,22	0,00
1:08:00	9	15,23	0,00
1:08:30	9	15,23	0,00
1:09:00	9	15,24	0,00
1:09:30	9	15,24	0,00
1:10:00	9	15,25	0,00
1:10:30	9	15,25	0,00
1:11:00	9	15,26	0,00
1:11:30	9	15,27	0,00
1:12:00	9	15,28	0,00
1:12:30	9	15,28	0,00
1:13:00	9	15,28	0,00
1:13:30	9	15,29	0,00
1:14:00	9	15,30	0,00
1:14:30	9	15,30	0,00
1:15:00	9	15,30	0,00
1:15:30	9	15,30	0,00
1:16:00	9	15,30	0,00
1:16:30	9	15,31	0,00
1:17:00	9	15,31	0,00
1:17:30	9	15,32	0,00
1:18:00	9	15,33	0,00
1:18:30	9	15,33	0,00
1:19:00	9	15,33	0,00
1:19:30	9	15,34	0,00
1:20:00	9	15,34	0,00
1:20:30	9	15,34	0,00
1:21:00	9	15,34	0,00
1:21:30	9	15,35	0,00
1:22:00	9	15,36	0,00
1:22:30	9	15,32	0,00
1:23:00	9	15,32	0,00
1:23:30	9	15,33	0,00
1:24:00	9	15,34	0,00
1:24:30	9	15,34	0,00
1:25:00	9	15,34	0,00
1:25:30	9	15,34	0,00
1:26:00	9	15,35	0,00
1:26:30	9	15,36	0,00
1:27:00	9	15,36	0,00
1:27:30	9	15,36	0,00
1:28:00	9	15,36	0,00
1:28:30	9	15,36	0,00
1:29:00	9	15,36	0,00
1:29:30	9	15,37	0,00
1:30:00	9	15,37	0,00
1:30:30	9	15,38	0,00
1:31:00	9	15,38	0,00
1:31:30	9	15,38	0,00
1:32:00	9	15,38	0,00
1:32:30	9	15,39	0,00
1:33:00	9	15,39	0,00
1:33:30	9	15,39	0,00
1:34:00	9	15,39	0,00
1:34:30	9	15,39	0,00
1:35:00	9	15,39	0,00
1:35:30	9	15,39	0,00
1:36:00	9	15,40	0,00
1:36:30	9	15,40	0,00
1:37:00	9	15,40	0,00
1:37:30	9	15,40	0,00
1:38:00	9	15,41	0,00
1:38:30	9	15,41	0,00
1:39:00	9	15,41	0,00
1:39:30	9	15,42	0,00
1:40:00	9	15,42	0,00
1:40:30	9	15,42	0,00
1:41:00	9	15,42	0,00
1:41:30	9	15,42	0,00
1:42:00	9	15,42	0,00
1:42:30	9	15,43	0,00
1:43:00	9	15,43	0,00
1:43:30	9	15,43	0,00
1:44:00	9	15,43	0,00
1:44:30	9	15,44	0,00
1:45:00	9	15,45	0,00
1:45:30	9	15,45	0,00
1:46:00	9	15,45	0,00
1:46:30	9	15,45	0,00
1:47:00	9	15,46	0,00
1:47:30	9	15,46	0,00
1:48:00	9	15,46	0,00
1:48:30	9	15,46	0,00
1:49:00	9	15,46	0,00
1:49:30	9	15,47	0,00
1:50:00	9	15,47	0,00
1:50:30	9	15,47	0,00
1:51:00	9	15,47	0,00
1:51:30	9	15,47	0,00
1:52:00	9	15,48	0,00
1:52:30	9	15,48	0,00
1:53:00	9	15,48	0,00
1:53:30	9	15,48	0,00
1:54:00	9	15,48	0,00
1:54:30	9	15,48	0,00
1:55:00	9	15,48	0,00
1:55:30	9	15,48	0,00
1:56:00	9	15,48	0,00
1:56:30	9	15,48	0,00
1:57:00	9	15,48	0,00
1:57:30	9	15,48	0,00
1:58:00	9	15,48	0,00
1:58:30	9	15,48	0,00
1:59:00	9	15,49	0,00
1:59:30	9	15,44	0,00
2:00:00	9	15,45	0,00
2:00:30	9	15,45	0,00
2:01:00	9	15,45	0,00
2:01:30	9	15,45	0,00
2:02:00	9	15,45	0,00
2:02:30	9	15,45	0,00
2:03:00	9	15,45	0,00
2:03:30	9	15,45	0,00
2:04:00	9	15,46	0,00
2:04:30	9	15,45	0,00
2:05:00	9	15,45	0,00
2:05:30	9	15,45	0,00
2:06:00	9	15,45	0,00
2:06:30	9	15,45	0,00
2:07:00	9	15,45	0,00
2:07:30	9	15,45	0,00
2:08:00	9	15,45	0,00
2:08:30	9	15,45	0,00
2:09:00	9	15,45	0,00
2:09:30	9	15,45	0,00
2:10:00	9	15,45	0,00
2:10:30	9	15,45	0,00
2:11:00	9	15,45	0,00
2:11:30	9	15,45	0,00
2:12:00	9	15,44	0,00
2:12:30	9	15,44	0,00
2:13:00	9	15,44	0,00
2:13:30	9	15,44	0,00
2:14:00	9	15,43	0,00
2:14:30	9	15,43	0,00
2:15:00	9	15,43	0,00
2:15:30	9	15,42	0,00
2:16:00	9	15,42	0,00
2:16:30	9	15,42	0,00
2:17:00	9	15,42	0,00
2:17:30	9	15,42	0,00
2:18:00	9	15,42	0,00
2:18:30	9	15,41	0,00
2:19:00	9	15,41	0,00
2:19:30	9	15,41	0,00
2:20:00	9	15,41	0,00
2:20:30	9	15,40	0,00
2:21:00	9	15,40	0,00
2:21:30	9	15,39	0,00
2:22:00	9	15,39	0,00
2:22:30	9	15,39	0,00
2:23:00	9	15,39	0,00
2:23:30	9	15,39	0,00
2:24:00	9	15,38	0,00
2:24:30	9	15,38	0,00
2:25:00	9	15,37	0,00
2:25:30	9	15,36	0,00
2:26:00	9	15,36	0,00
2:26:30	9	15,36	0,00
2:27:00	9	15,36	0,00
2:27:30	9	15,35	0,00
2:28:00	9	15,34	0,00
2:28:30	9	15,34	0,00
2:29:00	9	15,34	0,00
2:29:30	9	15,33	0,00
2:30:00	9	15,32	0,00
2:30:30	9	15,32	0,00
2:31:00	9	15,31	0,00
2:31:30	9	15,30	0,00
2:32:00	9	15,30	0,00
2:32:30	9	15,29	0,00
2:33:00	9	15,28	0,00
2:33:30	9	15,28	0,00
2:34:00	9	15,27	0,00
2:34:30	9	15,26	0,00
2:35:00	9	15,25	0,00
2:35:30	9	15,24	0,00
2:36:00	9	15,23	0,00
2:36:30	9	15,22	0,00
2:37:00	9	15,21	0,00
2:37:30	9	15,21	0,00
2:38:00	9	15,20	0,00
2:38:30	9	15,18	0,00
2:39:00	9	15,16	0,00
2:39:30	9	15,15	0,00
2:40:00	9	15,14	0,00
2:40:30	9	15,12	0,00
2:41:00	9	15,11	0,00
2:41:30	9	15,09	0,00
2:42:00	9	15,08	0,00
2:42:30	9	15,06	0,00
2:43:00	9	15,04	0,00
2:43:30	9	15,02	0,00
2:44:00	9	15,00	0,00
2:44:30	9	14,98	0,00
2:45:00	9	14,94	0,00
2:45:30	9	14,91	0,00
2:46:00	9	14,88	0,00
2:46:30	9	14,86	0,00
2:47:00	9	14,82	0,00
2:47:30	9	14,77	0,00
2:48:00	9	14,73	0,00
2:48:30	9	14,68	0,00
2:49:00	9	14,64	0,00
2:49:30	9	14,58	0,00
2:50:00	9	14,53	0,01
2:50:30	9	14,47	0,05
2:51:00	9	14,41	0,09
2:51:30	9	14,34	0,14
2:52:00	9	14,29	0,19
2:52:30	9	14,22	0,24
2:53:00	9	14,16	0,29
2:53:30	9	14,10	0,34
2:54:00	9	14,04	0,40
2:54:30	9	13,98	0,45
2:55:00	9	13,92	0,50
2:55:30	9	13,86	0,55
2:56:00	9	13,81	0,60
2:56:30	9	13,76	0,65
2:57:00	9	13,71	0,70
2:57:30	9	13,66	0,75
2:58:00	9	13,62	0,79
2:58:30	9	13,57	0,84
2:59:00	9	13,52	0,89
2:59:30	9	13,48	0,94
3:00:00	9	13,43	0,99
3:00:30	9	13,39	1,03
3:01:00	9	13,36	1,08
3:01:30	9	13,31	1,13
3:02:00	9	13,27	1,18
3:02:30	9	13,23	1,23
3:03:00	9	13,19	1,27
3:03:30	9	13,16	1,31
3:04:00	9	13,12	1,36
3:04:30	9	13,09	1,40
3:05:00	9	13,06	1,43
3:05:30	9	13,03	1,48
3:06:00	9	13,00	1,52
3:06:30	9	12,96	1,56
3:07:00	9	12,94	1,59
3:07:30	9	12,91	1,64
3:08:00	9	12,89	1,67
3:08:30	9	12,86	1,71
3:09:00	9	12,84	1,74
3:09:30	9	12,81	1,78
3:10:00	9	12,79	1,82
3:10:30	9	12,76	1,85
3:11:00	9	12,74	1,88
3:11:30	9	12,72	1,92
3:12:00	9	12,70	1,95
3:12:30	9	12,67	1,99
3:13:00	9	12,65	2,02
3:13:30	9	12,63	2,06
3:14:00	9	12,61	2,08
3:14:30	9	12,59	2,12
3:15:00	9	12,57	2,14
3:15:30	9	12,55	2,18
3:16:00	9	12,54	2,20
3:16:30	9	12,53	2,21
3:17:00	9	12,52	2,24
3:17:30	9	12,50	2,26
3:18:00	9	12,48	2,29
3:18:30	9	12,47	2,31
3:19:00	9	12,45	2,34
3:19:30	9	12,44	2,36
3:20:00	9	12,43	2,39
3:20:30	9	12,41	2,42
3:21:00	9	12,40	2,43
3:21:30	9	12,39	2,45
3:22:00	9	12,38	2,47
3:22:30	9	12,36	2,49
3:23:00	9	12,35	2,52
3:23:30	9	12,34	2,53
3:24:00	9	12,34	2,55
3:24:30	9	12,32	2,57
3:25:00	9	12,31	2,59
3:25:30	9	12,30	2,60
3:26:00	9	12,30	2,62
3:26:30	9	12,28	2,64
3:27:00	9	12,27	2,66
3:27:30	9	12,27	2,67
3:28:00	9	12,26	2,68
3:28:30	9	12,25	2,70
3:29:00	9	12,25	2,71
3:29:30	9	12,24	2,73
3:30:00	9	12,23	2,74
3:30:30	9	12,22	2,75
3:31:00	9	12,22	2,75
3:31:30	9	12,21	2,77
3:32:00	9	12,21	2,78
3:32:30	9	12,20	2,80
3:33:00	9	12,19	2,81
3:33:30	9	12,18	2,83
3:34:00	9	12,18	2,83
3:34:30	9	12,18	2,84
3:35:00	9	12,17	2,85
3:35:30	9	12,17	2,85
3:36:00	9	12,16	2,87
3:36:30	9	12,16	2,87
3:37:00	9	12,16	2,88
3:37:30	9	12,16	2,88
3:38:00	9	12,15	2,90
3:38:30	9	12,14	2,91
3:39:00	9	12,14	2,91
3:39:30	9	12,13	2,93
3:40:00	9	12,13	2,93
3:40:30	9	12,13	2,93
3:41:00	9	12,13	2,94
3:41:30	9	12,13	2,94
3:42:00	9	12,12	2,96
3:42:30	9	12,12	2,96
3:43:00	9	12,11	2,97
3:43:30	9	12,11	2,97
3:44:00	9	12,11	2,97
3:44:30	9	12,11	2,97
3:45:00	9	12,10	2,99
3:45:30	9	12,10	2,99
3:46:00	9	12,10	2,99
3:46:30	9	12,10	2,99
3:47:00	9	12,09	3,00
3:47:30	9	12,09	3,00
3:48:00	9	12,09	3,00
3:48:30	9	12,09	3,00
3:49:00	9	12,09	3,02
3:49:30	9	12,09	3,02
3:50:00	9	12,09	3,02
3:50:30	9	12,09	3,02
3:51:00	9	12,09	3,02
3:51:30	9	12,09	3,02
3:52:00	9	12,08	3,03
3:52:30	9	12,08	3,03
3:53:00	9	12,08	3,03
3:53:30	9	12,08	3,03
3:54:00	9	12,07	3,05
3:54:30	9	12,08	3,03
3:55:00	9	12,07	3,05
3:55:30	9	12,07	3,05
3:56:00	9	12,07	3,05
3:56:30	9	12,07	3,05
3:57:00	9	12,07	3,05
3:57:30	9	12,07	3,05
3:58:00	9	12,07	3,05
3:58:30	9	12,07	3,06
3:59:00	9	12,07	3,06
3:59:30	9	12,07	3,06
4:00:00	9	12,07	3,06
4:00:30	9	12,07	3,06
4:01:00	9	12,07	3,06
4:01:30	9	12,07	3,06
4:02:00	9	12,07	3,06
4:02:30	9	12,07	3,06
4:03:00	9	12,07	3,06
4:03:30	9	12,07	3,06
4:04:00	9	12,07	3,06
4:04:30	9	12,07	3,06
4:05:00	9	12,07	3,06
4:05:30	9	12,06	3,08
4:06:00	9	12,07	3,06
4:06:30	9	12,07	3,06
4:07:00	9	12,07	3,06
4:07:30	9	12,07	3,06
4:08:00	9	12,06	3,08
4:08:30	9	12,06	3,08
4:09:00	9	12,06	3,08
4:09:30	9	12,06	3,08
4:10:00	9	12,06	3,08
4:10:30	9	12,06	3,08
4:11:00	9	12,06	3,08
4:11:30	9	12,06	3,08
4:12:00	9	12,06	3,08
4:12:30	9	12,06	3,08
4:13:00	9	12,06	3,08
4:13:30	9	12,06	3,08
4:14:00	9	12,07	3,06
4:14:30	9	12,07	3,06
4:15:00	9	12,07	3,06
4:15:30	9	12,07	3,06
4:16:00	9	12,07	3,06
4:16:30	9	12,07	3,06
4:17:00	9	12,07	3,06
4:17:30	9	12,06	3,08
4:18:00	9	12,07	3,06
4:18:30	9	12,07	3,06
4:19:00	9	12,07	3,06
4:19:30	9	12,06	3,08
4:20:00	9	12,07	3,06
4:20:30	9	12,06	3,08
4:21:00	9	12,07	3,06
4:21:30	9	12,06	3,08
4:22:00	9	12,07	3,06
4:22:30	9	12,07	3,06
4:23:00	9	12,06	3,08
4:23:30	9	12,06	3,08
4:24:00	9	12,06	3,08
4:24:30	9	12,07	3,06
4:25:00	9	12,06	3,08
4:25:30	9	12,06	3,08
4:26:00	9	12,06	3,08
4:26:30	9	12,06	3,08
4:27:00	9	12,06	3,08
4:27:30	9	12,06	3,08
4:28:00	9	12,06	3,08
4:28:30	9	12,06	3,08
4:29:00	9	12,06	3,08
4:29:30	9	12,06	3,08
4:30:00	9	12,06	3,08
4:30:30	9	12,06	3,08
4:31:00	9	12,06	3,08
4:31:30	9	12,06	3,08
4:32:00	9	12,05	3,09
4:32:30	9	12,06	3,08
4:33:00	9	12,06	3,08
4:33:30	9	12,06	3,08
4:34:00	9	12,06	3,08
4:34:30	9	12,06	3,08
4:35:00	9	12,06	3,08
4:35:30	9	12,06	3,08
4:36:00	9	12,06	3,08
4:36:30	9	12,06	3,08
4:37:00	9	12,06	3,08
4:37:30	9	12,06	3,08
4:38:00	9	12,05	3,09
4:38:30	9	12,06	3,08
4:39:00	9	12,06	3,08
4:39:30	9	12,05	3,09
4:40:00	9	12,05	3,09
4:40:30	9	12,05	3,09
4:41:00	9	12,05	3,09
4:41:30	9	12,05	3,09
4:42:00	9	12,05	3,09
4:42:30	9	12,05	3,09
4:43:00	9	12,05	3,09
4:43:30	9	12,05	3,09
4:44:00	9	12,05	3,09
4:44:30	9	12,05	3,09
4:45:00	9	12,05	3,09
4:45:30	9	12,05	3,09
4:46:00	9	12,05	3,09
4:46:30	9	12,05	3,09
4:47:00	9	12,05	3,09
4:47:30	9	12,05	3,09
4:48:00	9	12,05	3,09
4:48:30	9	12,05	3,09
4:49:00	9	12,05	3,09
4:49:30	9	12,05	3,09
4:50:00	9	12,05	3,09
4:50:30	9	12,05	3,09
4:51:00	9	12,05	3,09
4:51:30	9	12,05	3,09
4:52:00	9	12,05	3,09
4:52:30	9	12,05	3,09
4:53:00	9	12,05	3,09
4:53:30	9	12,05	3,09
4:54:00	9	12,05	3,09
4:54:30	9	12,05	3,09
4:55:00	9	12,05	3,09
4:55:30	9	12,05	3,09
4:56:00	9	12,05	3,09
4:56:30	9	12,05	3,09
4:57:00	9	12,05	3,09
4:57:30	9	12,05	3,09
4:58:00	9	12,05	3,09
4:58:30	9	12,05	3,09
4:59:00	9	12,05	3,09
4:59:30	9	12,05	3,09
5:00:00	9	12,05	3,09
5:00:30	9	12,05	3,09
5:01:00	9	12,05	3,09
5:01:30	9	12,05	3,09
5:02:00	9	12,05	3,09
5:02:30	9	12,05	3,09
5:03:00	9	12,05	3,09
5:03:30	9	12,05	3,09
5:04:00	9	12,05	3,09
5:04:30	9	12,05	3,09
5:05:00	9	12,05	3,09
5:05:30	9	12,05	3,09
5:06:00	9	12,05	3,09
5:06:30	9	12,05	3,09
5:07:00	9	12,05	3,09
5:07:30	9	12,05	3,09
5:08:00	9	12,05	3,09
5:08:30	9	12,05	3,09
5:09:00	9	12,05	3,09
5:09:30	9	12,05	3,09
5:10:00	9	12,05	3,09
5:10:30	9	12,06	3,08
5:11:00	9	12,06	3,08
5:11:30	9	12,05	3,09
5:12:00	9	12,05	3,09
5:12:30	9	12,05	3,09
5:13:00	9	12,05	3,09
5:13:30	9	12,05	3,09
5:14:00	9	12,05	3,09
5:14:30	9	12,05	3,09
5:15:00	9	12,05	3,09
5:15:30	9	12,05	3,09
5:16:00	9	12,05	3,09
5:16:30	9	12,05	3,09
5:17:00	9	12,05	3,09
5:17:30	9	12,05	3,09
5:18:00	9	12,05	3,09
5:18:30	9	12,05	3,09
5:19:00	9	12,05	3,09
5:19:30	9	12,04	3,11
5:20:00	9	12,04	3,11
5:20:30	9	12,04	3,11
5:21:00	9	12,04	3,11
5:21:30	9	12,04	3,11
5:22:00	9	12,04	3,11
5:22:30	9	12,04	3,11
5:23:00	9	12,04	3,11
5:23:30	9	12,04	3,11
5:24:00	9	12,04	3,11
5:24:30	9	12,04	3,11
5:25:00	9	12,04	3,11
5:25:30	9	12,04	3,11
5:26:00	9	12,04	3,11
5:26:30	9	12,04	3,11
5:27:00	9	12,04	3,11
5:27:30	9	12,04	3,11
5:28:00	9	12,04	3,11
5:28:30	9	12,04	3,11
5:29:00	9	12,04	3,11
5:29:30	9	12,04	3,11
5:30:00	9	12,04	3,11
5:30:30	9	12,04	3,11
5:31:00	9	12,04	3,11
5:31:30	9	12,04	3,11
5:32:00	9	12,04	3,11
5:32:30	9	12,04	3,11
5:33:00	9	12,04	3,11
5:33:30	9	12,04	3,11
5:34:00	9	12,04	3,11
5:34:30	9	12,04	3,11
5:35:00	9	12,04	3,11
5:35:30	9	12,04	3,11
5:36:00	9	12,04	3,11
5:36:30	9	12,04	3,11
5:37:00	9	12,04	3,11
5:37:30	9	12,04	3,11
5:38:00	9	12,04	3,11
5:38:30	9	12,04	3,11
5:39:00	9	12,04	3,12
5:39:30	9	12,04	3,11
5:40:00	9	12,04	3,11
5:40:30	9	12,04	3,12
5:41:00	9	12,04	3,11
5:41:30	9	12,04	3,11
5:42:00	9	12,04	3,11
5:42:30	9	12,04	3,11
5:43:00	9	12,04	3,12
5:43:30	9	12,04	3,12
5:44:00	9	12,04	3,11
5:44:30	9	12,04	3,11
5:45:00	9	12,04	3,11
5:45:30	9	12,04	3,12
5:46:00	9	12,04	3,12
5:46:30	9	12,04	3,12
5:47:00	9	12,04	3,12
5:47:30	9	12,04	3,11
5:48:00	9	12,04	3,11
5:48:30	9	12,04	3,11
5:49:00	9	12,04	3,11
5:49:30	9	12,04	3,11
5:50:00	9	12,04	3,11
5:50:30	9	12,04	3,11
5:51:00	9	12,04	3,11
5:51:30	9	12,04	3,11
5:52:00	9	12,04	3,11
5:52:30	9	12,04	3,11
5:53:00	9	12,04	3,11
5:53:30	9	12,04	3,11
5:54:00	9	12,04	3,11
5:54:30	9	12,04	3,11
5:55:00	9	12,04	3,11
5:55:30	9	12,04	3,11
5:56:00	9	12,04	3,11
5:56:30	9	12,04	3,11
5:57:00	9	12,04	3,11
5:57:30	9	12,04	3,11
5:58:00	9	12,04	3,11
5:58:30	9	12,04	3,11
5:59:00	9	12,04	3,11
5:59:30	9	12,04	3,11
6:00:00	9	12,04	3,11
6:00:30	9	12,04	3,11
6:01:00	9	12,04	3,11
6:01:30	9	12,04	3,11
6:02:00	9	12,04	3,11
6:02:30	9	12,04	3,11
6:03:00	9	12,04	3,11
6:03:30	9	12,04	3,11
6:04:00	9	12,04	3,11
6:04:30	9	12,04	3,11
6:05:00	9	12,04	3,11
6:05:30	9	12,04	3,11
6:06:00	9	12,04	3,11
6:06:30	9	12,04	3,11
6:07:00	9	12,04	3,11
6:07:30	9	12,04	3,11
6:08:00	9	12,04	3,11
6:08:30	9	12,04	3,11
6:09:00	9	12,04	3,11
6:09:30	9	12,04	3,11
6:10:00	9	12,05	3,09
6:10:30	9	12,04	3,11
6:11:00	9	12,04	3,11
6:11:30	9	12,04	3,11
6:12:00	9	12,04	3,11
6:12:30	9	12,04	3,11
6:13:00	9	12,04	3,11
6:13:30	9	12,04	3,11
6:14:00	9	12,04	3,11
6:14:30	9	12,04	3,12
6:15:00	9	12,04	3,12
6:15:30	9	12,04	3,12
6:16:00	9	12,04	3,12
6:16:30	9	12,04	3,12
6:17:00	9	12,04	3,12
6:17:30	9	12,04	3,12
6:18:00	9	12,04	3,12
6:18:30	9	12,04	3,12
6:19:00	9	12,04	3,12
6:19:30	9	12,04	3,12
6:20:00	9	12,04	3,12
6:20:30	9	12,04	3,12
6:21:00	9	12,04	3,12
6:21:30	9	12,04	3,12
6:22:00	9	12,04	3,12
6:22:30	9	12,04	3,12
6:23:00	9	12,04	3,12
6:23:30	9	12,04	3,12
6:24:00	9	12,04	3,12
6:24:30	9	12,04	3,12
6:25:00	9	12,04	3,12
6:25:30	9	12,04	3,12
6:26:00	9	12,04	3,12
6:26:30	9	12,04	3,12
6:27:00	9	12,04	3,12
6:27:30	9	12,03	3,14
6:28:00	9	12,03	3,14
6:28:30	9	12,03	3,14
6:29:00	9	12,04	3,12
6:29:30	9	12,03	3,14
6:30:00	9	12,03	3,14
6:30:30	9	12,03	3,14
6:31:00	9	12,03	3,14
6:31:30	9	12,03	3,14
6:32:00	9	12,03	3,14
6:32:30	9	12,03	3,14
6:33:00	9	12,03	3,14
6:33:30	9	12,03	3,14
6:34:00	9	12,03	3,14
6:34:30	9	12,03	3,14
6:35:00	9	12,03	3,14
6:35:30	9	12,03	3,14
6:36:00	9	12,03	3,14
6:36:30	9	12,03	3,14
6:37:00	9	12,03	3,14
6:37:30	9	12,03	3,14
6:38:00	9	12,03	3,14
6:38:30	9	12,03	3,14
6:39:00	9	12,03	3,14
6:39:30	9	12,03	3,14
6:40:00	9	12,03	3,14
6:40:30	9	12,03	3,14
6:41:00	9	12,03	3,14
6:41:30	9	12,03	3,14
6:42:00	9	12,03	3,14
6:42:30	9	12,03	3,14
6:43:00	9	12,03	3,14
6:43:30	9	12,03	3,14
6:44:00	9	12,02	3,15
6:44:30	9	12,03	3,14
6:45:00	9	12,03	3,14
6:45:30	9	12,03	3,14
6:46:00	9	12,03	3,14
6:46:30	9	12,02	3,15
6:47:00	9	12,02	3,15
6:47:30	9	12,02	3,15
6:48:00	9	12,02	3,15
6:48:30	9	12,02	3,15
6:49:00	9	12,02	3,15
6:49:30	9	12,02	3,15
6:50:00	9	12,02	3,15
6:50:30	9	12,02	3,15
6:51:00	9	12,02	3,15
6:51:30	9	12,02	3,15
6:52:00	9	12,02	3,15
6:52:30	9	12,02	3,15
6:53:00	9	12,02	3,15
6:53:30	9	12,02	3,15
6:54:00	9	12,02	3,15
6:54:30	9	12,02	3,15
6:55:00	9	12,02	3,15
6:55:30	9	12,02	3,15
6:56:00	9	12,02	3,15
6:56:30	9	12,02	3,15
6:57:00	9	12,02	3,15
6:57:30	9	12,02	3,15
6:58:00	9	12,02	3,15
6:58:30	9	12,02	3,15
6:59:00	9	12,02	3,15
6:59:30	9	12,02	3,15
7:00:00	9	12,02	3,15
7:00:30	9	12,02	3,15
7:01:00	9	12,02	3,15
7:01:30	9	12,02	3,15
7:02:00	9	12,02	3,15
7:02:30	9	12,02	3,15
7:03:00	9	12,02	3,15
7:03:30	9	12,02	3,15
7:04:00	9	12,01	3,17
7:04:30	9	12,02	3,15
7:05:00	9	12,01	3,17
7:05:30	9	12,01	3,17
7:06:00	9	12,02	3,15
7:06:30	9	12,02	3,15
7:07:00	9	12,03	3,14
7:07:30	9	12,03	3,14
7:08:00	9	12,03	3,14
7:08:30	9	12,02	3,15
7:09:00	9	12,02	3,15
7:09:30	9	12,02	3,15
7:10:00	9	12,02	3,15
7:10:30	9	12,02	3,15
7:11:00	9	12,02	3,15
7:11:30	9	12,02	3,15
7:12:00	9	12,02	3,15
7:12:30	9	12,02	3,15
7:13:00	9	12,02	3,15
7:13:30	9	12,02	3,15
7:14:00	9	12,02	3,15
7:14:30	9	12,01	3,17
7:15:00	9	12,01	3,17
7:15:30	9	12,01	3,17
7:16:00	9	12,01	3,17
7:16:30	9	12,01	3,17
7:17:00	9	12,01	3,17
7:17:30	9	12,01	3,17
7:18:00	9	12,01	3,17
7:18:30	9	12,01	3,17
7:19:00	9	12,01	3,17
7:19:30	9	12,01	3,17
7:20:00	9	12,01	3,17
7:20:30	9	12,01	3,17
7:21:00	9	12,01	3,17
7:21:30	9	12,01	3,17
7:22:00	9	12,01	3,17
7:22:30	9	12,01	3,17
7:23:00	9	12,01	3,17
7:23:30	9	12,01	3,17
7:24:00	9	12,01	3,17
7:24:30	9	12,01	3,17
7:25:00	9	12,01	3,17
7:25:30	9	12,00	3,19
7:26:00	9	12,00	3,19
7:26:30	9	12,00	3,19
7:27:00	9	12,00	3,19
7:27:30	9	12,00	3,19
7:28:00	9	12,00	3,19
7:28:30	9	12,00	3,19
7:29:00	9	12,00	3,19
7:29:30	9	12,00	3,19
7:30:00	9	12,00	3,19
7:30:30	9	12,00	3,19
7:31:00	9	12,00	3,19
7:31:30	9	12,00	3,19
7:32:00	9	12,00	3,19
7:32:30	9	12,00	3,19
7:33:00	9	12,00	3,19
7:33:30	9	12,00	3,19
7:34:00	9	12,00	3,19
7:34:30	9	12,00	3,19
7:35:00	9	12,00	3,19
7:35:30	9	12,00	3,19
7:36:00	9	12,00	3,19
7:36:30	9	12,00	3,19
7:37:00	9	12,00	3,19
7:37:30	9	12,00	3,19
7:38:00	9	12,00	3,19
7:38:30	9	12,00	3,20
7:39:00	9	12,00	3,19
7:39:30	9	12,00	3,20
7:40:00	9	12,00	3,20
7:40:30	9	12,00	3,20
7:41:00	9	12,00	3,20
7:41:30	9	12,00	3,20
7:42:00	9	12,00	3,20
7:42:30	9	12,00	3,20
7:43:00	9	12,00	3,20
7:43:30	9	12,00	3,20
7:44:00	9	12,00	3,20
7:44:30	9	12,00	3,20
7:45:00	9	12,00	3,20
7:45:30	9	12,00	3,20
7:46:00	9	12,00	3,20
7:46:30	9	12,00	3,20
7:47:00	9	12,00	3,20
7:47:30	9	12,00	3,20
7:48:00	9	12,00	3,20
7:48:30	9	12,00	3,20
7:49:00	9	12,00	3,20
7:49:30	9	12,00	3,20
7:50:00	9	12,00	3,20
7:50:30	9	12,00	3,20
7:51:00	9	12,00	3,20
7:51:30	9	12,00	3,20
7:52:00	9	12,00	3,20
7:52:30	9	12,00	3,20
7:53:00	9	12,00	3,20
7:53:30	9	12,00	3,20
7:54:00	9	12,00	3,20
7:54:30	9	12,00	3,20
7:55:00	9	11,99	3,22
7:55:30	9	11,99	3,22
7:56:00	9	11,99	3,22
7:56:30	9	11,99	3,22
7:57:00	9	11,99	3,22
7:57:30	9	11,99	3,22
7:58:00	9	11,99	3,22
7:58:30	9	11,99	3,22
7:59:00	9	11,99	3,22
7:59:30	9	11,99	3,22
8:00:00	9	11,99	3,22
8:00:30	9	11,99	3,22
8:01:00	9	11,99	3,22
8:01:30	9	11,99	3,22
8:02:00	9	11,99	3,22
8:02:30	9	11,99	3,22
8:03:00	9	11,99	3,22
8:03:30	9	11,99	3,22
8:04:00	9	11,99	3,22
8:04:30	9	11,99	3,22
8:05:00	9	11,99	3,22
8:05:30	9	11,99	3,22
8:06:00	9	11,99	3,22
8:06:30	9	11,99	3,22
8:07:00	9	11,99	3,22
8:07:30	9	12,00	3,19
8:08:00	9	12,00	3,20
8:08:30	9	12,00	3,20
8:09:00	9	11,99	3,22
8:09:30	9	11,99	3,22
8:10:00	9	11,99	3,22
8:10:30	9	11,99	3,22
8:11:00	9	11,99	3,22
8:11:30	9	11,99	3,22
8:12:00	9	11,99	3,22
8:12:30	9	11,99	3,22
8:13:00	9	11,99	3,22
8:13:30	9	11,99	3,22
8:14:00	9	11,98	3,23
8:14:30	9	11,98	3,23
8:15:00	9	11,98	3,23
8:15:30	9	11,98	3,23
8:16:00	9	11,98	3,23
8:16:30	9	11,98	3,23
8:17:00	9	11,98	3,23
8:17:30	9	11,98	3,23
8:18:00	9	11,98	3,23
8:18:30	9	11,98	3,23
8:19:00	9	11,98	3,23
8:19:30	9	11,98	3,23
8:20:00	9	11,98	3,23
8:20:30	9	11,98	3,23
8:21:00	9	11,98	3,23
8:21:30	9	11,98	3,23
8:22:00	9	11,98	3,23
8:22:30	9	11,98	3,23
8:23:00	9	11,98	3,23
8:23:30	9	11,98	3,23
8:24:00	9	11,98	3,25
8:24:30	9	11,98	3,25
8:25:00	9	11,98	3,25
8:25:30	9	11,98	3,25
8:26:00	9	11,98	3,25
8:26:30	9	11,98	3,25
8:27:00	9	11,98	3,25
8:27:30	9	11,98	3,25
8:28:00	9	11,98	3,25
8:28:30	9	11,98	3,25
8:29:00	9	11,98	3,25
8:29:30	9	11,98	3,25
8:30:00	9	11,98	3,25
8:30:30	9	11,98	3,25
8:31:00	9	11,98	3,25
8:31:30	9	11,98	3,25
8:32:00	9	11,98	3,25
8:32:30	9	11,98	3,25
8:33:00	9	11,98	3,25
8:33:30	9	11,98	3,25
8:34:00	9	11,98	3,25
8:34:30	9	11,98	3,25
8:35:00	9	11,98	3,25
8:35:30	9	11,98	3,25
8:36:00	9	11,97	3,26
8:36:30	9	11,97	3,26
8:37:00	9	11,97	3,26
8:37:30	9	11,97	3,26
8:38:00	9	11,97	3,26
8:38:30	9	11,97	3,26
8:39:00	9	11,97	3,26
8:39:30	9	11,97	3,26
8:40:00	9	11,97	3,26
8:40:30	9	11,97	3,26
8:41:00	9	11,97	3,26
8:41:30	9	11,97	3,26
8:42:00	9	11,97	3,26
8:42:30	9	11,97	3,26
8:43:00	9	11,97	3,26
8:43:30	9	11,97	3,26
8:44:00	9	11,97	3,26
8:44:30	9	11,97	3,26
8:45:00	9	11,97	3,26
8:45:30	9	11,97	3,26
8:46:00	9	11,97	3,26
8:46:30	9	11,97	3,26
8:47:00	9	11,97	3,26
8:47:30	9	11,97	3,26
8:48:00	9	11,96	3,28
8:48:30	9	11,96	3,28
8:49:00	9	11,96	3,28
8:49:30	9	11,96	3,28
8:50:00	9	11,96	3,28
8:50:30	9	11,96	3,28
8:51:00	9	11,96	3,28
8:51:30	9	11,97	3,26
8:52:00	9	11,96	3,28
8:52:30	9	11,96	3,28
8:53:00	9	11,97	3,26
8:53:30	9	11,97	3,26
8:54:00	9	11,97	3,26
8:54:30	9	11,96	3,28
8:55:00	9	11,96	3,28
8:55:30	9	11,96	3,28
8:56:00	9	11,96	3,28
8:56:30	9	11,96	3,28
8:57:00	9	11,96	3,28
8:57:30	9	11,96	3,28
8:58:00	9	11,96	3,28
8:58:30	9	11,96	3,28
8:59:00	9	11,96	3,28
8:59:30	9	11,96	3,28
9:00:00	9	11,96	3,28
9:00:30	9	11,96	3,28
9:01:00	9	11,96	3,28
9:01:30	9	11,96	3,28
9:02:00	9	11,96	3,28
9:02:30	9	11,96	3,28
9:03:00	9	11,96	3,28
9:03:30	9	11,96	3,28
9:04:00	9	11,96	3,28
9:04:30	9	11,96	3,28
9:05:00	9	11,96	3,28
9:05:30	9	11,95	3,30
9:06:00	9	11,95	3,30
9:06:30	9	11,96	3,28
9:07:00	9	11,97	3,26
9:07:30	9	11,96	3,28
9:08:00	9	11,96	3,28
9:08:30	9	11,96	3,28
9:09:00	9	11,96	3,28
9:09:30	9	11,96	3,28
9:10:00	9	11,95	3,30
9:10:30	9	11,95	3,30
9:11:00	9	11,95	3,30
9:11:30	9	11,95	3,30
9:12:00	9	11,95	3,30
9:12:30	9	11,95	3,30
9:13:00	9	11,95	3,30
9:13:30	9	11,95	3,30
9:14:00	9	11,95	3,30
9:14:30	9	11,95	3,30
9:15:00	9	11,95	3,30
9:15:30	9	11,95	3,30
9:16:00	9	11,95	3,30
9:16:30	9	11,95	3,30
9:17:00	9	11,95	3,31
9:17:30	9	11,95	3,31
9:18:00	9	11,95	3,31
9:18:30	9	11,95	3,31
9:19:00	9	11,95	3,31
9:19:30	9	11,95	3,31
9:20:00	9	11,95	3,31
9:20:30	9	11,95	3,31
9:21:00	9	11,95	3,31
9:21:30	9	11,95	3,31
9:22:00	9	11,95	3,31
9:22:30	9	11,95	3,31
9:23:00	9	11,95	3,31
9:23:30	9	11,95	3,31
9:24:00	9	11,95	3,31
9:24:30	9	11,95	3,31
9:25:00	9	11,95	3,31
9:25:30	9	11,95	3,31
9:26:00	9	11,95	3,31
9:26:30	9	11,94	3,33
9:27:00	9	11,94	3,33
9:27:30	9	11,94	3,33
9:28:00	9	11,94	3,33
9:28:30	9	11,94	3,33
9:29:00	9	11,94	3,33
9:29:30	9	11,94	3,33
9:30:00	9	11,94	3,33
9:30:30	9	11,94	3,33
9:31:00	9	11,94	3,33
9:31:30	9	11,94	3,33
9:32:00	9	11,94	3,33
9:32:30	9	11,94	3,33
9:33:00	9	11,94	3,33
9:33:30	9	11,94	3,33
9:34:00	9	11,94	3,33
9:34:30	9	11,94	3,33
9:35:00	9	11,94	3,33
9:35:30	9	11,94	3,33
9:36:00	9	11,94	3,33
9:36:30	9	11,94	3,33
9:37:00	9	11,94	3,33
9:37:30	9	11,94	3,33
9:38:00	9	11,94	3,33
9:38:30	9	11,94	3,33
9:39:00	9	11,94	3,33
9:39:30	9	11,93	3,35
9:40:00	9	11,93	3,35
9:40:30	9	11,93	3,35
9:41:00	9	11,93	3,35
9:41:30	9	11,93	3,35
9:42:00	9	11,93	3,35
9:42:30	9	11,93	3,35
9:43:00	9	11,93	3,35
9:43:30	9	11,93	3,35
9:44:00	9	11,93	3,35
9:44:30	9	11,93	3,35
9:45:00	9	11,93	3,35
9:45:30	9	11,93	3,35
9:46:00	9	11,93	3,35
9:46:30	9	11,93	3,35
9:47:00	9	11,93	3,35
9:47:30	9	11,93	3,35
9:48:00	9	11,93	3,35
9:48:30	9	11,93	3,35
9:49:00	9	11,93	3,35
9:49:30	9	11,92	3,36
9:50:00	9	11,92	3,36
9:50:30	9	11,92	3,36
9:51:00	9	11,92	3,36
9:51:30	9	11,92	3,36
9:52:00	9	11,92	3,36
9:52:30	9	11,92	3,36
9:53:00	9	11,92	3,36
9:53:30	9	11,92	3,36
9:54:00	9	11,92	3,36
9:54:30	9	11,92	3,36
9:55:00	9	11,92	3,36
9:55:30	9	11,92	3,36
9:56:00	9	11,92	3,36
9:56:30	9	11,92	3,36
9:57:00	9	11,92	3,36
9:57:30	9	11,92	3,36
9:58:00	9	11,92	3,36
9:58:30	9	11,94	3,33
9:59:00	9	11,93	3,35
9:59:30	9	11,93	3,35
10:00:00	9	11,93	3,35
10:00:30	9	11,93	3,35
10:01:00	9	11,93	3,35
10:01:30	9	11,92	3,36
10:02:00	9	11,92	3,36
10:02:30	9	11,92	3,36
10:03:00	9	11,92	3,36
10:03:30	9	11,92	3,36
10:04:00	9	11,92	3,36
10:04:30	9	11,92	3,36
10:05:00	9	11,92	3,36
10:05:30	9	11,91	3,38
10:06:00	9	11,91	3,38
10:06:30	9	11,91	3,38
10:07:00	9	11,91	3,38
10:07:30	9	11,91	3,38
10:08:00	9	11,91	3,38
10:08:30	9	11,91	3,38
10:09:00	9	11,91	3,38
10:09:30	9	11,91	3,38
10:10:00	9	11,91	3,38
10:10:30	9	11,91	3,38
10:11:00	9	11,91	3,38
10:11:30	9	11,91	3,38
10:12:00	9	11,91	3,38
10:12:30	9	11,91	3,38
10:13:00	9	11,91	3,38
10:13:30	9	11,91	3,38
10:14:00	9	11,91	3,38
10:14:30	9	11,91	3,39
10:15:00	9	11,91	3,39
10:15:30	9	11,91	3,39
10:16:00	9	11,91	3,39
10:16:30	9	11,91	3,39
10:17:00	9	11,91	3,39
10:17:30	9	11,91	3,39
10:18:00	9	11,91	3,39
10:18:30	9	11,91	3,39
10:19:00	9	11,91	3,39
10:19:30	9	11,91	3,39
10:20:00	9	11,91	3,39
10:20:30	9	11,91	3,39
10:21:00	9	11,91	3,39
10:21:30	9	11,91	3,39
10:22:00	9	11,91	3,39
10:22:30	9	11,91	3,39
10:23:00	9	11,91	3,39
10:23:30	9	11,91	3,39
10:24:00	9	11,91	3,39
10:24:30	9	11,91	3,39
10:25:00	9	11,91	3,39
10:25:30	9	11,91	3,39
10:26:00	9	11,91	3,39
10:26:30	9	11,90	3,41
10:27:00	9	11,90	3,41
10:27:30	9	11,90	3,41
10:28:00	9	11,90	3,41
10:28:30	9	11,90	3,41
10:29:00	9	11,90	3,41
10:29:30	9	11,90	3,41
10:30:00	9	11,90	3,41
10:30:30	9	11,90	3,41
10:31:00	9	11,90	3,41
10:31:30	9	11,90	3,41
10:32:00	9	11,90	3,41
10:32:30	9	11,90	3,41
10:33:00	9	11,90	3,41
10:33:30	9	11,90	3,41
10:34:00	9	11,90	3,41
10:34:30	9	11,90	3,41
10:35:00	9	11,90	3,41
10:35:30	9	11,90	3,41
10:36:00	9	11,90	3,41
10:36:30	9	11,90	3,41
10:37:00	9	11,90	3,41
10:37:30	9	11,89	3,43
10:38:00	9	11,89	3,43
10:38:30	9	11,89	3,43
10:39:00	9	11,89	3,43
10:39:30	9	11,89	3,43
10:40:00	9	11,89	3,43
10:40:30	9	11,89	3,43
10:41:00	9	11,89	3,43
10:41:30	9	11,89	3,43
10:42:00	9	11,89	3,43
10:42:30	9	11,89	3,43
10:43:00	9	11,89	3,43
10:43:30	9	11,89	3,43
10:44:00	9	11,89	3,43
10:44:30	9	11,89	3,43
10:45:00	9	11,89	3,43
10:45:30	9	11,89	3,43
10:46:00	9	11,89	3,43
10:46:30	9	11,89	3,43
10:47:00	9	11,89	3,43
10:47:30	9	11,90	3,41
10:48:00	9	11,89	3,43
10:48:30	9	11,89	3,43
10:49:00	9	11,89	3,43
10:49:30	9	11,89	3,43
10:50:00	9	11,89	3,43
10:50:30	9	11,89	3,43
10:51:00	9	11,88	3,44
10:51:30	9	11,88	3,44
10:52:00	9	11,88	3,44
10:52:30	9	11,88	3,44
10:53:00	9	11,88	3,44
10:53:30	9	11,88	3,44
10:54:00	9	11,88	3,44
10:54:30	9	11,88	3,44
10:55:00	9	11,88	3,44
10:55:30	9	11,88	3,44
10:56:00	9	11,88	3,44
10:56:30	9	11,88	3,44
10:57:00	9	11,88	3,44
10:57:30	9	11,88	3,44
10:58:00	9	11,88	3,46
10:58:30	9	11,88	3,46
10:59:00	9	11,88	3,46
10:59:30	9	11,88	3,46
11:00:00	9	11,88	3,46
11:00:30	9	11,88	3,46
11:01:00	9	11,88	3,46
11:01:30	9	11,88	3,46
11:02:00	9	11,88	3,46
11:02:30	9	11,88	3,46
11:03:00	9	11,88	3,46
11:03:30	9	11,88	3,46
11:04:00	9	11,88	3,46
11:04:30	9	11,88	3,46
11:05:00	9	11,88	3,46
11:05:30	9	11,88	3,46
11:06:00	9	11,88	3,46
11:06:30	9	11,88	3,46
11:07:00	9	11,87	3,48
11:07:30	9	11,87	3,48
11:08:00	9	11,87	3,48
11:08:30	9	11,87	3,48
11:09:00	9	11,87	3,48
11:09:30	9	11,87	3,48
11:10:00	9	11,87	3,48
11:10:30	9	11,87	3,48
11:11:00	9	11,87	3,48
11:11:30	9	11,87	3,48
11:12:00	9	11,87	3,48
11:12:30	9	11,87	3,48
11:13:00	9	11,87	3,48
11:13:30	9	11,87	3,48
11:14:00	9	11,87	3,48
11:14:30	9	11,87	3,48
11:15:00	9	11,87	3,48
11:15:30	9	11,86	3,49
11:16:00	9	11,86	3,49
11:16:30	9	11,86	3,49
11:17:00	9	11,86	3,49
11:17:30	9	11,86	3,49
11:18:00	9	11,86	3,49
11:18:30	9	11,86	3,49
11:19:00	9	11,86	3,49
11:19:30	9	11,86	3,49
11:20:00	9	11,86	3,49
11:20:30	9	11,86	3,49
11:21:00	9	11,86	3,49
11:21:30	9	11,86	3,49
11:22:00	9	11,86	3,49
11:22:30	9	11,86	3,49
11:23:00	9	11,86	3,49
11:23:30	9	11,86	3,49
11:24:00	9	11,86	3,49
11:24:30	9	11,86	3,49
11:25:00	9	11,86	3,49
11:25:30	9	11,86	3,49
11:26:00	9	11,86	3,49
11:26:30	9	11,86	3,49
11:27:00	9	11,86	3,49
11:27:30	9	11,86	3,51
11:28:00	9	11,86	3,51
11:28:30	9	11,86	3,51
11:29:00	9	11,86	3,51
11:29:30	9	11,86	3,51
11:30:00	9	11,86	3,51
11:30:30	9	11,86	3,51
11:31:00	9	11,86	3,51
11:31:30	9	11,86	3,51
11:32:00	9	11,86	3,51
11:32:30	9	11,86	3,51
11:33:00	9	11,86	3,51
11:33:30	9	11,86	3,51
11:34:00	9	11,86	3,51
11:34:30	9	11,86	3,51
11:35:00	9	11,86	3,51
11:35:30	9	11,86	3,51
11:36:00	9	11,86	3,51
11:36:30	9	11,85	3,53
11:37:00	9	11,85	3,53
11:37:30	9	11,85	3,53
11:38:00	9	11,85	3,53
11:38:30	9	11,85	3,53
11:39:00	9	11,85	3,53
11:39:30	9	11,85	3,53
11:40:00	9	11,85	3,53
11:40:30	9	11,85	3,53
11:41:00	9	11,85	3,53
11:41:30	9	11,85	3,53
11:42:00	9	11,85	3,53
11:42:30	9	11,85	3,53
11:43:00	9	11,85	3,53
11:43:30	9	11,85	3,53
11:44:00	9	11,85	3,53
11:44:30	9	11,85	3,53
11:45:00	9	11,85	3,53
11:45:30	9	11,85	3,53
11:46:00	9	11,85	3,53
11:46:30	9	11,85	3,53
11:47:00	9	11,86	3,51
11:47:30	9	11,86	3,51
11:48:00	9	11,86	3,51
11:48:30	9	11,85	3,53
11:49:00	9	11,85	3,53
11:49:30	9	11,85	3,53
11:50:00	9	11,85	3,53
11:50:30	9	11,85	3,53
11:51:00	9	11,85	3,53
11:51:30	9	11,85	3,53
11:52:00	9	11,85	3,53
11:52:30	9	11,85	3,53
11:53:00	9	11,84	3,54
11:53:30	9	11,84	3,54
11:54:00	9	11,84	3,54
11:54:30	9	11,84	3,54
11:55:00	9	11,84	3,54
11:55:30	9	11,84	3,54
11:56:00	9	11,84	3,54
11:56:30	9	11,84	3,54
11:57:00	9	11,84	3,54
11:57:30	9	11,84	3,54
11:58:00	9	11,84	3,54
11:58:30	9	11,84	3,54
11:59:00	9	11,84	3,54
11:59:30	9	11,83	3,56
12:00:00	9	11,83	3,56
12:00:30	9	11,83	3,56
12:01:00	9	11,83	3,56
12:01:30	9	11,83	3,56
12:02:00	9	11,83	3,56
12:02:30	9	11,83	3,56
12:03:00	9	11,83	3,56
12:03:30	9	11,83	3,56
12:04:00	9	11,83	3,56
12:04:30	9	11,83	3,56
12:05:00	9	11,83	3,56
12:05:30	9	11,83	3,56
12:06:00	9	11,83	3,56
12:06:30	9	11,83	3,56
12:07:00	9	11,83	3,56
12:07:30	9	11,83	3,56
12:08:00	9	11,83	3,56
12:08:30	9	11,83	3,56
12:09:00	9	11,82	3,58
12:09:30	9	11,82	3,58
12:10:00	9	11,82	3,58
12:10:30	9	11,82	3,58
12:11:00	9	11,82	3,58
12:11:30	9	11,82	3,58
12:12:00	9	11,82	3,58
12:12:30	9	11,82	3,58
12:13:00	9	11,82	3,58
12:13:30	9	11,82	3,58
12:14:00	9	11,82	3,58
12:14:30	9	11,82	3,58
12:15:00	9	11,82	3,58
12:15:30	9	11,82	3,58
12:16:00	9	11,82	3,58
12:16:30	9	11,82	3,58
12:17:00	9	11,82	3,58
12:17:30	9	11,82	3,59
12:18:00	9	11,82	3,59
12:18:30	9	11,82	3,59
12:19:00	9	11,82	3,59
12:19:30	9	11,82	3,59
12:20:00	9	11,82	3,59
12:20:30	9	11,82	3,59
12:21:00	9	11,82	3,59
12:21:30	9	11,82	3,59
12:22:00	9	11,82	3,59
12:22:30	9	11,82	3,59
12:23:00	9	11,82	3,59
12:23:30	9	11,82	3,59
12:24:00	9	11,82	3,59
12:24:30	9	11,82	3,59
12:25:00	9	11,82	3,59
12:25:30	9	11,82	3,59
12:26:00	9	11,82	3,59
12:26:30	9	11,81	3,61
12:27:00	9	11,81	3,61
12:27:30	9	11,81	3,61
12:28:00	9	11,81	3,61
12:28:30	9	11,81	3,61
12:29:00	9	11,81	3,61
12:29:30	9	11,81	3,61
12:30:00	9	11,81	3,61
12:30:30	9	11,81	3,61
12:31:00	9	11,81	3,61
12:31:30	9	11,81	3,61
12:32:00	9	11,81	3,61
12:32:30	9	11,81	3,61
12:33:00	9	11,81	3,61
12:33:30	9	11,81	3,61
12:34:00	9	11,81	3,61
12:34:30	9	11,81	3,61
12:35:00	9	11,81	3,61
12:35:30	9	11,81	3,61
12:36:00	9	11,81	3,61
12:36:30	9	11,81	3,61
12:37:00	9	11,81	3,61
12:37:30	9	11,80	3,63
12:38:00	9	11,80	3,63
12:38:30	9	11,80	3,63
12:39:00	9	11,80	3,63
12:39:30	9	11,80	3,63
12:40:00	9	11,80	3,63
12:40:30	9	11,80	3,63
12:41:00	9	11,80	3,63
12:41:30	9	11,80	3,63
12:42:00	9	11,80	3,63
12:42:30	9	11,80	3,63
12:43:00	9	11,80	3,63
12:43:30	9	11,80	3,63
12:44:00	9	11,80	3,63
12:44:30	9	11,80	3,63
12:45:00	9	11,80	3,63
12:45:30	9	11,80	3,63
12:46:00	9	11,80	3,63
12:46:30	9	11,80	3,63
12:47:00	9	11,79	3,65
12:47:30	9	11,79	3,65
12:48:00	9	11,79	3,65
12:48:30	9	11,79	3,65
12:49:00	9	11,79	3,65
12:49:30	9	11,79	3,65
12:50:00	9	11,79	3,65
12:50:30	9	11,79	3,65
12:51:00	9	11,79	3,65
12:51:30	9	11,79	3,65
12:52:00	9	11,79	3,65
12:52:30	9	11,79	3,65
12:53:00	9	11,79	3,65
12:53:30	9	11,80	3,63
12:54:00	9	11,80	3,63
12:54:30	9	11,80	3,63
12:55:00	9	11,79	3,65
12:55:30	9	11,79	3,65
12:56:00	9	11,79	3,65
12:56:30	9	11,79	3,65
12:57:00	9	11,79	3,65
12:57:30	9	11,79	3,65
12:58:00	9	11,79	3,65
12:58:30	9	11,79	3,65
12:59:00	9	11,79	3,65
12:59:30	9	11,79	3,65
13:00:00	9	11,79	3,66
13:00:30	9	11,79	3,65
13:01:00	9	11,79	3,66
13:01:30	9	11,79	3,66
13:02:00	9	11,79	3,66
13:02:30	9	11,79	3,66
13:03:00	9	11,79	3,66
13:03:30	9	11,79	3,66
13:04:00	9	11,79	3,66
13:04:30	9	11,79	3,66
13:05:00	9	11,79	3,66
13:05:30	9	11,79	3,66
13:06:00	9	11,79	3,66
13:06:30	9	11,79	3,66
13:07:00	9	11,78	3,68
13:07:30	9	11,78	3,68
13:08:00	9	11,78	3,68
13:08:30	9	11,78	3,68
13:09:00	9	11,78	3,68
13:09:30	9	11,78	3,68
13:10:00	9	11,78	3,68
13:10:30	9	11,78	3,68
13:11:00	9	11,78	3,68
13:11:30	9	11,78	3,68
13:12:00	9	11,78	3,68
13:12:30	9	11,78	3,68
13:13:00	9	11,78	3,68
13:13:30	9	11,78	3,68
13:14:00	9	11,78	3,68
13:14:30	9	11,78	3,68
13:15:00	9	11,78	3,68
13:15:30	9	11,78	3,68
13:16:00	9	11,77	3,70
13:16:30	9	11,77	3,70
13:17:00	9	11,77	3,70
13:17:30	9	11,77	3,70
13:18:00	9	11,77	3,70
13:18:30	9	11,77	3,70
13:19:00	9	11,77	3,70
13:19:30	9	11,77	3,70
13:20:00	9	11,77	3,70
13:20:30	9	11,77	3,70
13:21:00	9	11,77	3,70
13:21:30	9	11,77	3,70
13:22:00	9	11,77	3,70
13:22:30	9	11,77	3,70
13:23:00	9	11,77	3,70
13:23:30	9	11,77	3,70
13:24:00	9	11,77	3,70
13:24:30	9	11,77	3,72
13:25:00	9	11,77	3,72
13:25:30	9	11,77	3,72
13:26:00	9	11,77	3,72
13:26:30	9	11,77	3,72
13:27:00	9	11,77	3,72
13:27:30	9	11,77	3,72
13:28:00	9	11,77	3,72
13:28:30	9	11,77	3,72
13:29:00	9	11,77	3,72
13:29:30	9	11,77	3,72
13:30:00	9	11,77	3,72
13:30:30	9	11,77	3,72
13:31:00	9	11,77	3,72
13:31:30	9	11,77	3,72
13:32:00	9	11,77	3,72
13:32:30	9	11,77	3,72
13:33:00	9	11,77	3,72
13:33:30	9	11,77	3,72
13:34:00	9	11,77	3,72
13:34:30	9	11,77	3,72
13:35:00	9	11,77	3,72
13:35:30	9	11,77	3,72
13:36:00	9	11,77	3,72
13:36:30	9	11,77	3,72
13:37:00	9	11,77	3,72
13:37:30	9	11,77	3,72
13:38:00	9	11,76	3,73
13:38:30	9	11,76	3,73
13:39:00	9	11,76	3,73
13:39:30	9	11,76	3,73
13:40:00	9	11,76	3,73
13:40:30	9	11,76	3,73
13:41:00	9	11,76	3,73
13:41:30	9	11,76	3,73
13:42:00	9	11,76	3,73
13:42:30	9	11,76	3,73
13:43:00	9	11,76	3,73
13:43:30	9	11,76	3,73
13:44:00	9	11,76	3,73
13:44:30	9	11,76	3,73
13:45:00	9	11,76	3,73
13:45:30	9	11,76	3,73
13:46:00	9	11,76	3,73
13:46:30	9	11,76	3,73
13:47:00	9	11,76	3,73
13:47:30	9	11,75	3,75
13:48:00	9	11,75	3,75
13:48:30	9	11,75	3,75
13:49:00	9	11,75	3,75
13:49:30	9	11,75	3,75
13:50:00	9	11,75	3,75
13:50:30	9	11,75	3,75
13:51:00	9	11,75	3,75
13:51:30	9	11,75	3,75
13:52:00	9	11,75	3,75
13:52:30	9	11,75	3,75
13:53:00	9	11,75	3,75
13:53:30	9	11,75	3,75
13:54:00	9	11,75	3,75
13:54:30	9	11,75	3,75
13:55:00	9	11,75	3,75
13:55:30	9	11,76	3,73
13:56:00	9	11,75	3,75
13:56:30	9	11,75	3,75
13:57:00	9	11,75	3,75
13:57:30	9	11,75	3,75
13:58:00	9	11,75	3,75
13:58:30	9	11,75	3,75
13:59:00	9	11,75	3,75
13:59:30	9	11,74	3,77
14:00:00	9	11,74	3,77
14:00:30	9	11,74	3,77
14:01:00	9	11,74	3,77
14:01:30	9	11,74	3,77
14:02:00	9	11,74	3,77
14:02:30	9	11,74	3,77
14:03:00	9	11,74	3,77
14:03:30	9	11,74	3,77
14:04:00	9	11,74	3,77
14:04:30	9	11,74	3,77
14:05:00	9	11,74	3,77
14:05:30	9	11,74	3,77
14:06:00	9	11,73	3,79
14:06:30	9	11,73	3,79
14:07:00	9	11,73	3,79
14:07:30	9	11,73	3,79
14:08:00	9	11,73	3,79
14:08:30	9	11,73	3,79
14:09:00	9	11,73	3,79
14:09:30	9	11,73	3,79
14:10:00	9	11,73	3,79
14:10:30	9	11,73	3,79
14:11:00	9	11,73	3,79
14:11:30	9	11,73	3,79
14:12:00	9	11,73	3,79
14:12:30	9	11,73	3,79
14:13:00	9	11,73	3,79
14:13:30	9	11,73	3,79
14:14:00	9	11,73	3,80
14:14:30	9	11,73	3,80
14:15:00	9	11,73	3,80
14:15:30	9	11,73	3,80
14:16:00	9	11,73	3,80
14:16:30	9	11,73	3,80
14:17:00	9	11,73	3,80
14:17:30	9	11,73	3,80
14:18:00	9	11,73	3,80
14:18:30	9	11,73	3,80
14:19:00	9	11,73	3,80
14:19:30	9	11,73	3,80
14:20:00	9	11,73	3,80
14:20:30	9	11,73	3,80
14:21:00	9	11,73	3,80
14:21:30	9	11,73	3,80
14:22:00	9	11,73	3,80
14:22:30	9	11,73	3,80
14:23:00	9	11,72	3,82
14:23:30	9	11,72	3,82
14:24:00	9	11,72	3,82
14:24:30	9	11,72	3,82
14:25:00	9	11,72	3,82
14:25:30	9	11,72	3,82
14:26:00	9	11,72	3,82
14:26:30	9	11,72	3,82
14:27:00	9	11,72	3,82
14:27:30	9	11,72	3,82
14:28:00	9	11,72	3,82
14:28:30	9	11,72	3,82
14:29:00	9	11,72	3,82
14:29:30	9	11,72	3,82
14:30:00	9	11,72	3,82
14:30:30	9	11,72	3,82
14:31:00	9	11,72	3,82
14:31:30	9	11,72	3,82
14:32:00	9	11,71	3,84
14:32:30	9	11,71	3,84
14:33:00	9	11,71	3,84
14:33:30	9	11,71	3,84
14:34:00	9	11,71	3,84
14:34:30	9	11,71	3,84
14:35:00	9	11,71	3,84
14:35:30	9	11,71	3,84
14:36:00	9	11,71	3,84
14:36:30	9	11,71	3,84
14:37:00	9	11,71	3,84
14:37:30	9	11,71	3,84
14:38:00	9	11,71	3,84
14:38:30	9	11,71	3,84
14:39:00	9	11,71	3,84
14:39:30	9	11,71	3,84
14:40:00	9	11,71	3,84
14:40:30	9	11,71	3,84
14:41:00	9	11,71	3,84
14:41:30	9	11,70	3,86
14:42:00	9	11,70	3,86
14:42:30	9	11,70	3,86
14:43:00	9	11,70	3,86
14:43:30	9	11,70	3,86
14:44:00	9	11,70	3,86
14:44:30	9	11,70	3,86
14:45:00	9	11,70	3,86
14:45:30	9	11,70	3,86
14:46:00	9	11,70	3,86
14:46:30	9	11,70	3,86
14:47:00	9	11,70	3,86
14:47:30	9	11,70	3,86
14:48:00	9	11,70	3,86
14:48:30	9	11,70	3,86
14:49:00	9	11,70	3,86
14:49:30	9	11,70	3,86
14:50:00	9	11,70	3,88
14:50:30	9	11,70	3,88
14:51:00	9	11,70	3,88
14:51:30	9	11,70	3,88
14:52:00	9	11,70	3,88
14:52:30	9	11,70	3,88
14:53:00	9	11,70	3,88
14:53:30	9	11,70	3,88
14:54:00	9	11,70	3,88
14:54:30	9	11,70	3,88
14:55:00	9	11,70	3,88
14:55:30	9	11,70	3,88
14:56:00	9	11,70	3,86
14:56:30	9	11,70	3,88
14:57:00	9	11,70	3,88
14:57:30	9	11,70	3,88
14:58:00	9	11,70	3,88
14:58:30	9	11,70	3,88
14:59:00	9	11,70	3,88
14:59:30	9	11,70	3,88
15:00:00	9	11,70	3,88
15:00:30	9	11,70	3,88
15:01:00	9	11,69	3,89
15:01:30	9	11,69	3,89
15:02:00	9	11,69	3,89
15:02:30	9	11,69	3,89
15:03:00	9	11,69	3,89
15:03:30	9	11,69	3,89
15:04:00	9	11,69	3,89
15:04:30	9	11,69	3,89
15:05:00	9	11,69	3,89
15:05:30	9	11,69	3,89
15:06:00	9	11,69	3,89
15:06:30	9	11,69	3,89
15:07:00	9	11,69	3,89
15:07:30	9	11,69	3,89
15:08:00	9	11,69	3,89
15:08:30	9	11,69	3,89
15:09:00	9	11,69	3,89
15:09:30	9	11,69	3,89
15:10:00	9	11,68	3,91
15:10:30	9	11,68	3,91
15:11:00	9	11,68	3,91
15:11:30	9	11,68	3,91
15:12:00	9	11,68	3,91
15:12:30	9	11,68	3,91
15:13:00	9	11,68	3,91
15:13:30	9	11,68	3,91
15:14:00	9	11,68	3,91
15:14:30	9	11,68	3,91
15:15:00	9	11,68	3,91
15:15:30	9	11,68	3,91
15:16:00	9	11,68	3,91
15:16:30	9	11,68	3,91
15:17:00	9	11,68	3,91
15:17:30	9	11,68	3,91
15:18:00	9	11,68	3,91
15:18:30	9	11,68	3,93
15:19:00	9	11,68	3,93
15:19:30	9	11,68	3,93
15:20:00	9	11,68	3,93
15:20:30	9	11,68	3,93
15:21:00	9	11,68	3,93
15:21:30	9	11,68	3,93
15:22:00	9	11,68	3,93
15:22:30	9	11,68	3,93
15:23:00	9	11,68	3,93
15:23:30	9	11,68	3,93
15:24:00	9	11,68	3,93
15:24:30	9	11,68	3,93
15:25:00	9	11,68	3,93
15:25:30	9	11,68	3,93
15:26:00	9	11,68	3,93
15:26:30	9	11,68	3,93
15:27:00	9	11,68	3,93
15:27:30	9	11,68	3,93
15:28:00	9	11,67	3,95
15:28:30	9	11,67	3,95
15:29:00	9	11,67	3,95
15:29:30	9	11,67	3,95
15:30:00	9	11,67	3,95
15:30:30	9	11,67	3,95
15:31:00	9	11,67	3,95
15:31:30	9	11,67	3,95
15:32:00	9	11,67	3,95
15:32:30	9	11,67	3,95
15:33:00	9	11,67	3,95
15:33:30	9	11,67	3,95
15:34:00	9	11,67	3,95
15:34:30	9	11,67	3,95
15:35:00	9	11,67	3,95
15:35:30	9	11,67	3,95
15:36:00	9	11,67	3,95
15:36:30	9	11,66	3,97
15:37:00	9	11,66	3,97
15:37:30	9	11,66	3,97
15:38:00	9	11,66	3,97
15:38:30	9	11,66	3,97
15:39:00	9	11,66	3,97
15:39:30	9	11,66	3,97
15:40:00	9	11,66	3,97
15:40:30	9	11,66	3,97
15:41:00	9	11,66	3,97
15:41:30	9	11,66	3,97
15:42:00	9	11,66	3,97
15:42:30	9	11,66	3,97
15:43:00	9	11,66	3,97
15:43:30	9	11,66	3,97
15:44:00	9	11,66	3,97
15:44:30	9	11,66	3,97
15:45:00	9	11,66	3,97
15:45:30	9	11,66	3,97
15:46:00	9	11,66	3,97
15:46:30	9	11,66	3,97
15:47:00	9	11,66	3,97
15:47:30	9	11,65	3,99
15:48:00	9	11,65	3,99
15:48:30	9	11,65	3,99
15:49:00	9	11,65	3,99
15:49:30	9	11,65	3,99
15:50:00	9	11,65	3,99
15:50:30	9	11,65	3,99
15:51:00	9	11,65	3,99
15:51:30	9	11,65	3,99
15:52:00	9	11,65	3,99
15:52:30	9	11,65	3,99
15:53:00	9	11,65	3,99
15:53:30	9	11,65	3,99
15:54:00	9	11,65	3,99
15:54:30	9	11,65	3,99
15:55:00	9	11,65	3,99
15:55:30	9	11,65	3,99
15:56:00	9	11,65	3,99
15:56:30	9	11,64	4,00
15:57:00	9	11,64	4,00
15:57:30	9	11,64	4,00
15:58:00	9	11,64	4,00
15:58:30	9	11,64	4,00
15:59:00	9	11,64	4,00
15:59:30	9	11,64	4,00
16:00:00	9	11,64	4,00
16:00:30	9	11,64	4,00
16:01:00	9	11,64	4,00
16:01:30	9	11,64	4,00
16:02:00	9	11,64	4,00
16:02:30	9	11,65	3,99
16:03:00	9	11,65	3,99
16:03:30	9	11,65	3,99
16:04:00	9	11,65	3,99
16:04:30	9	11,65	3,99
16:05:00	9	11,64	4,00
16:05:30	9	11,64	4,00
16:06:00	9	11,64	4,00
16:06:30	9	11,64	4,00
16:07:00	9	11,64	4,00
16:07:30	9	11,64	4,00
16:08:00	9	11,64	4,00
16:08:30	9	11,64	4,00
16:09:00	9	11,64	4,00
16:09:30	9	11,64	4,00
16:10:00	9	11,64	4,00
16:10:30	9	11,64	4,02
16:11:00	9	11,64	4,02
16:11:30	9	11,64	4,02
16:12:00	9	11,64	4,02
16:12:30	9	11,64	4,02
16:13:00	9	11,64	4,02
16:13:30	9	11,64	4,02
16:14:00	9	11,64	4,02
16:14:30	9	11,64	4,02
16:15:00	9	11,64	4,02
16:15:30	9	11,64	4,02
16:16:00	9	11,64	4,02
16:16:30	9	11,64	4,02
16:17:00	9	11,64	4,02
16:17:30	9	11,63	4,04
16:18:00	9	11,63	4,04
16:18:30	9	11,63	4,04
16:19:00	9	11,63	4,04
16:19:30	9	11,63	4,04
16:20:00	9	11,63	4,04
16:20:30	9	11,63	4,04
16:21:00	9	11,63	4,04
16:21:30	9	11,63	4,04
16:22:00	9	11,63	4,04
16:22:30	9	11,63	4,04
16:23:00	9	11,63	4,04
16:23:30	9	11,63	4,04
16:24:00	9	11,63	4,04
16:24:30	9	11,63	4,04
16:25:00	9	11,63	4,04
16:25:30	9	11,63	4,04
16:26:00	9	11,63	4,04
16:26:30	9	11,63	4,04
16:27:00	9	11,63	4,04
16:27:30	9	11,63	4,04
16:28:00	9	11,62	4,06
16:28:30	9	11,62	4,06
16:29:00	9	11,62	4,06
16:29:30	9	11,62	4,06
16:30:00	9	11,62	4,06
16:30:30	9	11,62	4,06
16:31:00	9	11,62	4,06
16:31:30	9	11,62	4,06
16:32:00	9	11,62	4,06
16:32:30	9	11,62	4,06
16:33:00	9	11,62	4,06
16:33:30	9	11,62	4,06
16:34:00	9	11,62	4,06
16:34:30	9	11,62	4,06
16:35:00	9	11,62	4,06
16:35:30	9	11,62	4,08
16:36:00	9	11,62	4,08
16:36:30	9	11,62	4,08
16:37:00	9	11,62	4,08
16:37:30	9	11,62	4,08
16:38:00	9	11,62	4,08
16:38:30	9	11,62	4,08
16:39:00	9	11,62	4,08
16:39:30	9	11,62	4,08
16:40:00	9	11,62	4,08
16:40:30	9	11,62	4,08
16:41:00	9	11,62	4,08
16:41:30	9	11,62	4,08
16:42:00	9	11,62	4,08
16:42:30	9	11,62	4,08
16:43:00	9	11,62	4,08
16:43:30	9	11,62	4,08
16:44:00	9	11,62	4,08
16:44:30	9	11,62	4,08
16:45:00	9	11,61	4,10
16:45:30	9	11,61	4,10
16:46:00	9	11,61	4,10
16:46:30	9	11,61	4,10
16:47:00	9	11,61	4,10
16:47:30	9	11,61	4,10
16:48:00	9	11,61	4,10
16:48:30	9	11,61	4,10
16:49:00	9	11,61	4,10
16:49:30	9	11,61	4,10
16:50:00	9	11,61	4,10
16:50:30	9	11,61	4,10
16:51:00	9	11,61	4,10
16:51:30	9	11,61	4,10
16:52:00	9	11,61	4,10
16:52:30	9	11,61	4,10
16:53:00	9	11,61	4,10
16:53:30	9	11,61	4,10
16:54:00	9	11,61	4,10
16:54:30	9	11,61	4,10
16:55:00	9	11,60	4,12
16:55:30	9	11,60	4,12
16:56:00	9	11,60	4,12
16:56:30	9	11,60	4,12
16:57:00	9	11,60	4,12
16:57:30	9	11,60	4,12
16:58:00	9	11,60	4,12
16:58:30	9	11,60	4,12
16:59:00	9	11,60	4,12
16:59:30	9	11,60	4,12
17:00:00	9	11,60	4,12
17:00:30	9	11,60	4,12
17:01:00	9	11,60	4,12
17:01:30	9	11,60	4,12
17:02:00	9	11,60	4,12
17:02:30	9	11,60	4,12
17:03:00	9	11,60	4,12
17:03:30	9	11,59	4,14
17:04:00	9	11,59	4,14
17:04:30	9	11,59	4,14
17:05:00	9	11,59	4,14
17:05:30	9	11,59	4,14
17:06:00	9	11,59	4,14
17:06:30	9	11,59	4,14
17:07:00	9	11,59	4,14
17:07:30	9	11,59	4,14
17:08:00	9	11,59	4,14
17:08:30	9	11,59	4,14
17:09:00	9	11,59	4,14
17:09:30	9	11,59	4,14
17:10:00	9	11,59	4,14
17:10:30	9	11,59	4,14
17:11:00	9	11,59	4,14
17:11:30	9	11,59	4,14
17:12:00	9	11,59	4,14
17:12:30	9	11,59	4,14
17:13:00	9	11,59	4,14
17:13:30	9	11,59	4,14
17:14:00	9	11,59	4,14
17:14:30	9	11,59	4,14
17:15:00	9	11,59	4,14
17:15:30	9	11,59	4,14
17:16:00	9	11,61	4,10
17:16:30	9	11,60	4,12
17:17:00	9	11,60	4,12
17:17:30	9	11,59	4,14
17:18:00	9	11,59	4,14
17:18:30	9	11,59	4,14
17:19:00	9	11,59	4,14
17:19:30	9	11,59	4,14
17:20:00	9	11,59	4,14
17:20:30	9	11,59	4,14
17:21:00	9	11,59	4,14
17:21:30	9	11,59	4,16
17:22:00	9	11,59	4,16
17:22:30	9	11,59	4,16
17:23:00	9	11,59	4,16
17:23:30	9	11,59	4,16
17:24:00	9	11,59	4,16
17:24:30	9	11,59	4,16
17:25:00	9	11,59	4,16
17:25:30	9	11,59	4,16
17:26:00	9	11,59	4,16
17:26:30	9	11,59	4,16
17:27:00	9	11,58	4,17
17:27:30	9	11,58	4,17
17:28:00	9	11,58	4,17
17:28:30	9	11,58	4,17
17:29:00	9	11,58	4,17
17:29:30	9	11,58	4,17
17:30:00	9	11,58	4,17
17:30:30	9	11,58	4,17
17:31:00	9	11,58	4,17
17:31:30	9	11,58	4,17
17:32:00	9	11,58	4,17
17:32:30	9	11,58	4,17
17:33:00	9	11,58	4,17
17:33:30	9	11,58	4,17
17:34:00	9	11,58	4,17
17:34:30	9	11,57	4,19
17:35:00	9	11,57	4,19
17:35:30	9	11,57	4,19
17:36:00	9	11,57	4,19
17:36:30	9	11,57	4,19
17:37:00	9	11,57	4,19
17:37:30	9	11,57	4,19
17:38:00	9	11,57	4,19
17:38:30	9	11,57	4,19
17:39:00	9	11,57	4,19
17:39:30	9	11,57	4,19
17:40:00	9	11,57	4,19
17:40:30	9	11,57	4,19
17:41:00	9	11,57	4,19
17:41:30	9	11,57	4,19
17:42:00	9	11,57	4,19
17:42:30	9	11,57	4,19
17:43:00	9	11,57	4,19
17:43:30	9	11,56	4,21
17:44:00	9	11,57	4,19
17:44:30	9	11,57	4,19
17:45:00	9	11,57	4,19
17:45:30	9	11,57	4,19
17:46:00	9	11,56	4,21
17:46:30	9	11,56	4,21
17:47:00	9	11,56	4,21
17:47:30	9	11,56	4,21
17:48:00	9	11,56	4,21
17:48:30	9	11,56	4,21
17:49:00	9	11,56	4,21
17:49:30	9	11,56	4,21
17:50:00	9	11,56	4,21
17:50:30	9	11,56	4,21
17:51:00	9	11,56	4,21
17:51:30	9	11,56	4,21
17:52:00	9	11,56	4,21
17:52:30	9	11,56	4,21
17:53:00	9	11,55	4,23
17:53:30	9	11,55	4,23
17:54:00	9	11,55	4,23
17:54:30	9	11,55	4,23
17:55:00	9	11,55	4,23
17:55:30	9	11,55	4,23
17:56:00	9	11,55	4,23
17:56:30	9	11,55	4,23
17:57:00	9	11,55	4,23
17:57:30	9	11,55	4,23
17:58:00	9	11,55	4,23
17:58:30	9	11,55	4,23
17:59:00	9	11,55	4,23
17:59:30	9	11,55	4,23
18:00:00	9	11,55	4,23
18:00:30	9	11,55	4,23
18:01:00	9	11,55	4,23
18:01:30	9	11,55	4,23
18:02:00	9	11,55	4,23
18:02:30	9	11,55	4,25
18:03:00	9	11,55	4,25
18:03:30	9	11,55	4,25
18:04:00	9	11,55	4,25
18:04:30	9	11,55	4,25
18:05:00	9	11,55	4,25
18:05:30	9	11,55	4,25
18:06:00	9	11,55	4,25
18:06:30	9	11,55	4,25
18:07:00	9	11,55	4,25
18:07:30	9	11,55	4,25
18:08:00	9	11,55	4,25
18:08:30	9	11,55	4,25
18:09:00	9	11,55	4,25
18:09:30	9	11,55	4,25
18:10:00	9	11,55	4,25
18:10:30	9	11,55	4,25
18:11:00	9	11,54	4,27
18:11:30	9	11,55	4,25
18:12:00	9	11,54	4,27
18:12:30	9	11,54	4,27
18:13:00	9	11,54	4,27
18:13:30	9	11,54	4,27
18:14:00	9	11,54	4,27
18:14:30	9	11,54	4,27
18:15:00	9	11,54	4,27
18:15:30	9	11,54	4,27
18:16:00	9	11,54	4,27
18:16:30	9	11,54	4,27
18:17:00	9	11,54	4,27
18:17:30	9	11,54	4,27
18:18:00	9	11,54	4,27
18:18:30	9	11,54	4,27
18:19:00	9	11,54	4,27
18:19:30	9	11,54	4,27
18:20:00	9	11,53	4,29
18:20:30	9	11,54	4,27
18:21:00	9	11,53	4,29
18:21:30	9	11,53	4,29
18:22:00	9	11,53	4,29
18:22:30	9	11,53	4,29
18:23:00	9	11,53	4,29
18:23:30	9	11,53	4,29
18:24:00	9	11,53	4,29
18:24:30	9	11,53	4,29
18:25:00	9	11,53	4,29
18:25:30	9	11,53	4,29
18:26:00	9	11,53	4,29
18:26:30	9	11,53	4,29
18:27:00	9	11,53	4,29
18:27:30	9	11,53	4,29
18:28:00	9	11,54	4,27
18:28:30	9	11,53	4,29
18:29:00	9	11,53	4,29
18:29:30	9	11,53	4,29
18:30:00	9	11,53	4,29
18:30:30	9	11,53	4,29
18:31:00	9	11,53	4,29
18:31:30	9	11,53	4,31
18:32:00	9	11,53	4,31
18:32:30	9	11,53	4,31
18:33:00	9	11,53	4,31
18:33:30	9	11,53	4,31
18:34:00	9	11,53	4,31
18:34:30	9	11,53	4,31
18:35:00	9	11,53	4,31
18:35:30	9	11,53	4,31
18:36:00	9	11,53	4,31
18:36:30	9	11,53	4,31
18:37:00	9	11,53	4,31
18:37:30	9	11,53	4,31
18:38:00	9	11,53	4,31
18:38:30	9	11,53	4,31
18:39:00	9	11,52	4,33
18:39:30	9	11,52	4,33
18:40:00	9	11,52	4,33
18:40:30	9	11,52	4,33
18:41:00	9	11,52	4,33
18:41:30	9	11,52	4,33
18:42:00	9	11,52	4,33
18:42:30	9	11,52	4,33
18:43:00	9	11,52	4,33
18:43:30	9	11,52	4,33
18:44:00	9	11,52	4,33
18:44:30	9	11,52	4,33
18:45:00	9	11,52	4,33
18:45:30	9	11,52	4,33
18:46:00	9	11,52	4,33
18:46:30	9	11,52	4,33
18:47:00	9	11,51	4,35
18:47:30	9	11,51	4,35
18:48:00	9	11,51	4,35
18:48:30	9	11,51	4,35
18:49:00	9	11,51	4,35
18:49:30	9	11,51	4,35
18:50:00	9	11,51	4,35
18:50:30	9	11,51	4,35
18:51:00	9	11,51	4,35
18:51:30	9	11,51	4,35
18:52:00	9	11,51	4,35
18:52:30	9	11,51	4,35
18:53:00	9	11,51	4,35
18:53:30	9	11,51	4,35
18:54:00	9	11,51	4,35
18:54:30	9	11,51	4,35
18:55:00	9	11,50	4,37
18:55:30	9	11,51	4,35
18:56:00	9	11,50	4,37
18:56:30	9	11,50	4,37
18:57:00	9	11,50	4,37
18:57:30	9	11,50	4,37
18:58:00	9	11,50	4,37
18:58:30	9	11,50	4,37
18:59:00	9	11,50	4,37
18:59:30	9	11,50	4,37
19:00:00	9	11,50	4,37
19:00:30	9	11,50	4,37
19:01:00	9	11,50	4,37
19:01:30	9	11,50	4,37
19:02:00	9	11,50	4,37
19:02:30	9	11,50	4,37
19:03:00	9	11,50	4,37
19:03:30	9	11,50	4,37
19:04:00	9	11,50	4,37
19:04:30	9	11,50	4,39
19:05:00	9	11,50	4,39
19:05:30	9	11,50	4,39
19:06:00	9	11,50	4,39
19:06:30	9	11,50	4,39
19:07:00	9	11,50	4,39
19:07:30	9	11,50	4,39
19:08:00	9	11,50	4,39
19:08:30	9	11,50	4,39
19:09:00	9	11,50	4,39
19:09:30	9	11,50	4,39
19:10:00	9	11,50	4,39
19:10:30	9	11,50	4,39
19:11:00	9	11,50	4,39
19:11:30	9	11,50	4,39
19:12:00	9	11,50	4,39
19:12:30	9	11,50	4,39
19:13:00	9	11,49	4,41
19:13:30	9	11,49	4,41
19:14:00	9	11,49	4,41
19:14:30	9	11,49	4,41
19:15:00	9	11,49	4,41
19:15:30	9	11,49	4,41
19:16:00	9	11,49	4,41
19:16:30	9	11,49	4,41
19:17:00	9	11,49	4,41
19:17:30	9	11,49	4,41
19:18:00	9	11,49	4,41
19:18:30	9	11,49	4,41
19:19:00	9	11,49	4,41
19:19:30	9	11,49	4,41
19:20:00	9	11,49	4,41
19:20:30	9	11,49	4,41
19:21:00	9	11,49	4,41
19:21:30	9	11,49	4,41
19:22:00	9	11,49	4,41
19:22:30	9	11,49	4,41
19:23:00	9	11,48	4,43
19:23:30	9	11,48	4,43
19:24:00	9	11,48	4,43
19:24:30	9	11,48	4,43
19:25:00	9	11,48	4,43
19:25:30	9	11,48	4,43
19:26:00	9	11,48	4,43
19:26:30	9	11,48	4,43
19:27:00	9	11,48	4,43
19:27:30	9	11,48	4,43
19:28:00	9	11,48	4,43
