--Test Summary--
Full Path and File Name	
Instrument Name	7222
Instrument Type	Model 7222 Consistometer
Instrument Serial Number	
Test Start Date	26.05.2021
Test Start Time	17:01:11
Test Stop Date	27.05.2021
Test Stop Time	3:49:41
Test Length	10:48:30
Final Sample Time Offset	10:48:30
Controller Schedule Name	
Sampling Period	10 seconds
Comments	
Information	WellID	
Information	Customer	
Information	EngName	
Information	CementClass	
Information	CementMfr	
Information	Additives	90G+10ASPM(0.81)+1ChemCFL-443(wob)+1CaCl2
Information	Density	1500
Information	BHCT	
Information	BHST	
Information	FluidLoss	
Information	JobType	
Calculated Value	Time_30Bc	6:27:30
Calculated Value	Time_70Bc	10:48:30
Initial Temperature (°C)	26 °C
Final Temperature (°C)	41 °C
Initial Pressure (MPa)	0,5 MPa
Final Pressure (MPa)	5,5 MPa
Initial Consistency (Bc)	13 Bc
Final Consistency (Bc)	70 Bc
--Data--
Time (HH:MM:SS)	Temperature (°C)	Pressure (MPa)	Consistency (Bc)
0:00:00	26	0,5	13
0:00:10	26	1,0	14
0:00:20	27	9,4	19
0:00:30	27	9,0	17
0:00:40	27	8,9	17
0:00:50	27	8,9	15
0:01:00	28	8,9	15
0:01:10	28	8,9	14
0:01:20	28	8,9	13
0:01:30	28	8,9	14
0:01:40	28	8,9	15
0:01:50	28	8,9	14
0:02:00	29	9,0	14
0:02:10	29	9,0	14
0:02:20	29	9,0	14
0:02:30	29	9,0	14
0:02:40	29	9,1	14
0:02:50	29	9,1	15
0:03:00	29	9,1	15
0:03:10	30	9,2	15
0:03:20	30	9,2	15
0:03:30	30	9,2	15
0:03:40	30	9,2	15
0:03:50	30	9,3	15
0:04:00	30	9,3	15
0:04:10	30	9,3	14
0:04:20	30	9,3	13
0:04:30	30	9,3	12
0:04:40	31	9,4	12
0:04:50	31	9,4	12
0:05:00	31	9,4	12
0:05:10	31	9,4	12
0:05:20	31	9,4	12
0:05:30	31	9,5	12
0:05:40	31	9,5	12
0:05:50	31	9,5	12
0:06:00	31	9,5	12
0:06:10	31	9,5	12
0:06:20	31	9,5	12
0:06:30	32	9,6	12
0:06:40	32	9,6	12
0:06:50	32	9,6	11
0:07:00	32	9,6	11
0:07:10	32	9,6	11
0:07:20	32	9,6	12
0:07:30	32	9,6	13
0:07:40	32	9,6	13
0:07:50	32	9,7	13
0:08:00	32	9,7	13
0:08:10	32	9,7	14
0:08:20	32	9,7	18
0:08:30	32	9,7	17
0:08:40	32	9,7	18
0:08:50	32	9,7	17
0:09:00	33	9,7	18
0:09:10	33	9,7	18
0:09:20	33	9,7	16
0:09:30	33	9,8	12
0:09:40	33	9,8	12
0:09:50	33	9,8	11
0:10:00	33	9,8	10
0:10:10	33	9,8	10
0:10:20	33	9,8	10
0:10:30	33	9,8	11
0:10:40	33	9,8	11
0:10:50	33	9,8	11
0:11:00	33	9,8	13
0:11:10	33	9,8	13
0:11:20	33	9,8	13
0:11:30	33	9,8	13
0:11:40	33	9,8	13
0:11:50	33	9,9	13
0:12:00	33	9,9	12
0:12:10	33	9,9	11
0:12:20	33	9,9	11
0:12:30	33	9,9	11
0:12:40	33	9,9	12
0:12:50	33	9,9	11
0:13:00	33	9,9	12
0:13:10	33	9,9	11
0:13:20	33	9,9	11
0:13:30	34	9,9	11
0:13:40	34	9,9	11
0:13:50	34	10,0	11
0:14:00	34	10,0	11
0:14:10	34	10,1	11
0:14:20	34	10,1	11
0:14:30	34	10,2	14
0:14:40	34	10,2	15
0:14:50	34	10,3	16
0:15:00	34	10,4	15
0:15:10	34	10,5	17
0:15:20	34	10,5	16
0:15:30	34	10,6	17
0:15:40	34	10,7	22
0:15:50	34	10,8	19
0:16:00	34	10,8	22
0:16:10	34	10,9	20
0:16:20	34	11,0	21
0:16:30	34	11,0	18
0:16:40	34	11,1	18
0:16:50	34	11,2	19
0:17:00	34	11,2	18
0:17:10	35	11,3	19
0:17:20	35	11,4	18
0:17:30	35	11,4	20
0:17:40	35	11,5	23
0:17:50	35	11,6	20
0:18:00	35	11,6	18
0:18:10	35	11,7	17
0:18:20	35	11,7	17
0:18:30	35	11,8	15
0:18:40	35	11,8	14
0:18:50	35	11,9	13
0:19:00	35	11,9	14
0:19:10	35	12,0	14
0:19:20	35	12,0	16
0:19:30	36	12,0	15
0:19:40	36	12,1	16
0:19:50	36	12,1	17
0:20:00	36	12,2	18
0:20:10	36	12,2	17
0:20:20	36	12,3	19
0:20:30	36	12,3	18
0:20:40	36	12,4	18
0:20:50	36	12,4	18
0:21:00	36	12,5	19
0:21:10	36	12,5	17
0:21:20	36	12,6	20
0:21:30	37	12,6	18
0:21:40	37	12,7	16
0:21:50	37	12,8	17
0:22:00	37	12,8	21
0:22:10	37	12,9	21
0:22:20	37	13,0	19
0:22:30	37	13,1	17
0:22:40	37	13,1	17
0:22:50	37	13,2	15
0:23:00	37	13,2	15
0:23:10	37	13,2	15
0:23:20	37	13,3	15
0:23:30	38	13,3	15
0:23:40	38	13,4	14
0:23:50	38	13,5	15
0:24:00	38	13,5	18
0:24:10	38	13,6	18
0:24:20	38	13,6	17
0:24:30	38	13,7	15
0:24:40	38	13,7	16
0:24:50	38	13,7	16
0:25:00	38	13,8	16
0:25:10	38	13,8	15
0:25:20	38	13,9	15
0:25:30	39	13,9	16
0:25:40	39	13,9	16
0:25:50	39	14,0	15
0:26:00	39	14,0	14
0:26:10	39	14,1	15
0:26:20	39	14,1	15
0:26:30	39	14,2	14
0:26:40	39	14,3	14
0:26:50	39	14,3	14
0:27:00	39	14,4	15
0:27:10	39	14,4	16
0:27:20	39	14,5	14
0:27:30	40	14,6	18
0:27:40	40	14,7	18
0:27:50	40	14,7	15
0:28:00	40	14,8	14
0:28:10	40	14,8	15
0:28:20	40	14,9	14
0:28:30	40	14,9	13
0:28:40	40	14,9	13
0:28:50	40	15,0	14
0:29:00	40	15,0	14
0:29:10	40	15,1	14
0:29:20	40	15,1	14
0:29:30	41	15,2	14
0:29:40	41	15,2	14
0:29:50	41	15,2	13
0:30:00	41	15,2	13
0:30:10	41	15,2	14
0:30:20	41	15,2	14
0:30:30	41	15,2	14
0:30:40	41	15,1	14
0:30:50	41	15,1	13
0:31:00	41	15,0	12
0:31:10	41	14,9	12
0:31:20	41	14,9	13
0:31:30	41	14,8	14
0:31:40	41	14,7	11
0:31:50	42	14,6	11
0:32:00	42	14,5	11
0:32:10	42	14,5	13
0:32:20	42	14,4	12
0:32:30	42	14,3	13
0:32:40	42	14,3	13
0:32:50	42	14,2	12
0:33:00	42	14,1	12
0:33:10	42	14,1	12
0:33:20	42	14,0	15
0:33:30	42	14,0	14
0:33:40	42	14,0	11
0:33:50	42	13,9	13
0:34:00	42	13,9	13
0:34:10	42	13,9	15
0:34:20	42	13,9	16
0:34:30	42	13,9	17
0:34:40	41	13,8	18
0:34:50	41	13,8	20
0:35:00	42	13,8	18
0:35:10	41	13,8	20
0:35:20	41	13,8	17
0:35:30	41	13,8	14
0:35:40	41	13,8	16
0:35:50	41	13,8	16
0:36:00	41	13,8	17
0:36:10	41	13,8	18
0:36:20	41	13,8	20
0:36:30	41	13,8	20
0:36:40	41	13,8	19
0:36:50	41	13,8	19
0:37:00	41	13,8	19
0:37:10	41	13,8	18
0:37:20	41	13,8	19
0:37:30	41	13,8	20
0:37:40	41	13,8	20
0:37:50	41	13,7	20
0:38:00	41	13,8	20
0:38:10	41	13,7	20
0:38:20	41	13,7	19
0:38:30	41	13,7	19
0:38:40	41	13,7	19
0:38:50	41	13,7	20
0:39:00	41	13,7	21
0:39:10	41	13,7	23
0:39:20	41	13,7	23
0:39:30	41	13,7	22
0:39:40	41	13,7	21
0:39:50	41	13,7	20
0:40:00	41	13,7	20
0:40:10	41	13,7	20
0:40:20	41	13,7	20
0:40:30	41	13,7	19
0:40:40	41	13,7	18
0:40:50	41	13,7	19
0:41:00	41	13,7	17
0:41:10	41	13,7	18
0:41:20	41	13,7	19
0:41:30	41	13,7	19
0:41:40	41	13,7	19
0:41:50	41	13,7	19
0:42:00	41	13,7	19
0:42:10	41	13,7	19
0:42:20	41	13,7	19
0:42:30	41	13,7	19
0:42:40	41	13,7	21
0:42:50	41	13,7	16
0:43:00	41	13,7	16
0:43:10	41	13,7	16
0:43:20	41	13,7	15
0:43:30	41	13,7	15
0:43:40	41	13,7	16
0:43:50	41	13,7	16
0:44:00	41	13,6	15
0:44:10	41	13,7	15
0:44:20	41	13,6	14
0:44:30	41	13,6	14
0:44:40	41	13,6	14
0:44:50	41	13,6	14
0:45:00	41	13,6	14
0:45:10	41	13,6	14
0:45:20	41	13,6	14
0:45:30	41	13,7	14
0:45:40	41	13,7	14
0:45:50	41	13,7	14
0:46:00	41	13,7	14
0:46:10	41	13,7	14
0:46:20	41	13,7	14
0:46:30	41	13,7	14
0:46:40	41	13,7	14
0:46:50	41	13,7	14
0:47:00	41	13,7	14
0:47:10	41	13,7	14
0:47:20	41	13,7	14
0:47:30	41	13,7	14
0:47:40	41	13,7	14
0:47:50	41	13,7	14
0:48:00	41	13,7	14
0:48:10	41	13,7	14
0:48:20	41	13,7	14
0:48:30	41	13,7	14
0:48:40	41	13,7	14
0:48:50	41	13,6	14
0:49:00	41	13,6	14
0:49:10	41	13,6	14
0:49:20	41	13,6	14
0:49:30	41	13,6	14
0:49:40	41	13,6	14
0:49:50	41	13,7	14
0:50:00	41	13,7	15
0:50:10	41	13,7	14
0:50:20	41	13,7	14
0:50:30	41	13,7	15
0:50:40	41	13,7	15
0:50:50	41	13,6	15
0:51:00	41	13,6	15
0:51:10	41	13,7	15
0:51:20	41	13,7	15
0:51:30	41	13,6	15
0:51:40	41	13,6	15
0:51:50	41	13,6	15
0:52:00	41	13,6	15
0:52:10	41	13,6	15
0:52:20	41	13,6	15
0:52:30	41	13,6	15
0:52:40	41	13,6	15
0:52:50	41	13,6	15
0:53:00	41	13,6	15
0:53:10	41	13,6	15
0:53:20	41	13,6	15
0:53:30	41	13,6	15
0:53:40	41	13,6	15
0:53:50	41	13,6	15
0:54:00	41	13,6	15
0:54:10	41	13,6	15
0:54:20	41	13,6	15
0:54:30	41	13,6	15
0:54:40	41	13,6	15
0:54:50	41	13,6	15
0:55:00	41	13,6	15
0:55:10	41	13,6	15
0:55:20	41	13,6	15
0:55:30	41	13,6	15
0:55:40	41	13,6	15
0:55:50	41	13,6	15
0:56:00	41	13,6	15
0:56:10	41	13,6	15
0:56:20	41	13,6	15
0:56:30	41	13,6	15
0:56:40	41	13,6	15
0:56:50	41	13,6	15
0:57:00	41	13,6	15
0:57:10	41	13,6	15
0:57:20	41	13,6	15
0:57:30	41	13,6	15
0:57:40	41	13,6	15
0:57:50	41	13,6	15
0:58:00	41	13,6	15
0:58:10	41	13,6	15
0:58:20	41	13,6	15
0:58:30	41	13,6	15
0:58:40	41	13,6	15
0:58:50	41	13,6	15
0:59:00	41	13,6	15
0:59:10	41	13,6	15
0:59:20	41	13,6	15
0:59:30	41	13,6	15
0:59:40	41	13,6	15
0:59:50	41	13,6	15
1:00:00	41	13,6	15
1:00:10	41	13,6	15
1:00:20	41	13,6	15
1:00:30	41	13,6	15
1:00:40	41	13,6	15
1:00:50	41	13,6	15
1:01:00	41	13,6	15
1:01:10	41	13,6	15
1:01:20	41	13,6	15
1:01:30	41	13,6	15
1:01:40	41	13,6	15
1:01:50	41	13,6	15
1:02:00	41	13,6	15
1:02:10	41	13,6	15
1:02:20	41	13,6	14
1:02:30	41	13,6	14
1:02:40	41	13,6	14
1:02:50	41	13,6	14
1:03:00	41	13,6	14
1:03:10	41	13,6	14
1:03:20	41	13,6	14
1:03:30	41	13,6	14
1:03:40	41	13,6	14
1:03:50	41	13,6	14
1:04:00	41	13,6	14
1:04:10	41	13,6	14
1:04:20	41	13,6	14
1:04:30	41	13,6	14
1:04:40	41	13,6	14
1:04:50	41	13,6	14
1:05:00	41	13,6	14
1:05:10	41	13,6	14
1:05:20	41	13,6	14
1:05:30	41	13,5	14
1:05:40	41	13,6	14
1:05:50	41	13,6	14
1:06:00	41	13,6	14
1:06:10	41	13,6	14
1:06:20	41	13,6	14
1:06:30	41	13,6	14
1:06:40	41	13,6	14
1:06:50	41	13,6	14
1:07:00	41	13,6	14
1:07:10	41	13,6	14
1:07:20	41	13,6	14
1:07:30	41	13,6	14
1:07:40	41	13,6	14
1:07:50	41	13,6	14
1:08:00	41	13,6	14
1:08:10	41	13,6	14
1:08:20	41	13,6	14
1:08:30	41	13,6	14
1:08:40	41	13,6	14
1:08:50	41	13,6	14
1:09:00	41	13,6	14
1:09:10	41	13,6	14
1:09:20	41	13,6	14
1:09:30	41	13,6	14
1:09:40	41	13,6	14
1:09:50	41	13,6	14
1:10:00	41	13,6	14
1:10:10	41	13,6	14
1:10:20	41	13,6	14
1:10:30	41	13,6	14
1:10:40	41	13,6	14
1:10:50	41	13,6	14
1:11:00	41	13,6	14
1:11:10	41	13,6	14
1:11:20	41	13,6	14
1:11:30	41	13,6	14
1:11:40	41	13,6	14
1:11:50	41	13,6	14
1:12:00	41	13,6	14
1:12:10	41	13,6	14
1:12:20	41	13,6	14
1:12:30	41	13,5	14
1:12:40	41	13,6	14
1:12:50	41	13,6	14
1:13:00	41	13,6	14
1:13:10	41	13,6	14
1:13:20	41	13,5	14
1:13:30	41	13,6	14
1:13:40	41	13,6	14
1:13:50	41	13,6	14
1:14:00	41	13,6	14
1:14:10	41	13,6	14
1:14:20	41	13,6	14
1:14:30	41	13,6	14
1:14:40	41	13,6	14
1:14:50	41	13,6	14
1:15:00	41	13,6	14
1:15:10	41	13,6	14
1:15:20	41	13,6	14
1:15:30	41	13,6	14
1:15:40	41	13,6	14
1:15:50	41	13,6	14
1:16:00	41	13,6	14
1:16:10	41	13,6	14
1:16:20	41	13,6	14
1:16:30	41	13,6	14
1:16:40	41	13,6	14
1:16:50	41	13,6	14
1:17:00	41	13,6	14
1:17:10	41	13,6	14
1:17:20	41	13,6	14
1:17:30	41	13,6	14
1:17:40	41	13,6	14
1:17:50	41	13,6	14
1:18:00	41	13,6	14
1:18:10	41	13,6	14
1:18:20	41	13,6	14
1:18:30	41	13,6	14
1:18:40	41	13,6	14
1:18:50	41	13,6	14
1:19:00	41	13,5	14
1:19:10	41	13,5	14
1:19:20	41	13,6	14
1:19:30	41	13,6	14
1:19:40	41	13,5	14
1:19:50	41	13,5	14
1:20:00	41	13,6	14
1:20:10	41	13,6	14
1:20:20	41	13,5	14
1:20:30	41	13,6	14
1:20:40	41	13,5	14
1:20:50	41	13,6	14
1:21:00	41	13,6	14
1:21:10	41	13,6	14
1:21:20	41	13,6	14
1:21:30	41	13,6	14
1:21:40	41	13,6	14
1:21:50	41	13,6	14
1:22:00	41	13,6	14
1:22:10	41	13,6	14
1:22:20	41	13,6	14
1:22:30	41	13,6	14
1:22:40	41	13,6	14
1:22:50	41	13,6	14
1:23:00	41	13,6	14
1:23:10	41	13,6	14
1:23:20	41	13,5	14
1:23:30	41	13,6	14
1:23:40	41	13,6	14
1:23:50	41	13,5	14
1:24:00	41	13,5	14
1:24:10	41	13,5	14
1:24:20	41	13,5	14
1:24:30	41	13,5	14
1:24:40	41	13,5	14
1:24:50	41	13,6	14
1:25:00	41	13,5	14
1:25:10	41	13,5	14
1:25:20	41	13,5	14
1:25:30	41	13,5	14
1:25:40	41	13,5	14
1:25:50	41	13,5	14
1:26:00	41	13,5	14
1:26:10	41	13,5	14
1:26:20	41	13,5	14
1:26:30	41	13,5	14
1:26:40	41	13,5	14
1:26:50	41	13,6	14
1:27:00	41	13,5	14
1:27:10	41	13,5	14
1:27:20	41	13,5	14
1:27:30	41	13,5	14
1:27:40	41	13,5	14
1:27:50	41	13,5	14
1:28:00	41	13,5	14
1:28:10	41	13,5	14
1:28:20	41	13,5	14
1:28:30	41	13,5	14
1:28:40	41	13,5	14
1:28:50	41	13,5	14
1:29:00	41	13,5	14
1:29:10	41	13,5	14
1:29:20	41	13,5	14
1:29:30	41	13,5	14
1:29:40	41	13,5	14
1:29:50	41	13,5	14
1:30:00	41	13,5	14
1:30:10	41	13,5	14
1:30:20	41	13,5	14
1:30:30	41	13,5	14
1:30:40	41	13,5	14
1:30:50	41	13,5	14
1:31:00	41	13,5	14
1:31:10	41	13,5	14
1:31:20	41	13,5	14
1:31:30	41	13,5	14
1:31:40	41	13,5	14
1:31:50	41	13,5	14
1:32:00	41	13,5	14
1:32:10	41	13,5	14
1:32:20	41	13,5	14
1:32:30	41	13,5	14
1:32:40	41	13,5	14
1:32:50	41	13,5	14
1:33:00	41	13,5	14
1:33:10	41	13,5	14
1:33:20	41	13,5	14
1:33:30	41	13,5	14
1:33:40	41	13,5	14
1:33:50	41	13,5	14
1:34:00	41	13,5	14
1:34:10	41	13,5	14
1:34:20	41	13,5	14
1:34:30	41	13,5	14
1:34:40	41	13,5	14
1:34:50	41	13,5	14
1:35:00	41	13,5	14
1:35:10	41	13,5	14
1:35:20	41	13,5	14
1:35:30	41	13,5	14
1:35:40	41	13,5	14
1:35:50	41	13,5	14
1:36:00	41	13,5	14
1:36:10	41	13,5	14
1:36:20	41	13,5	14
1:36:30	41	13,5	14
1:36:40	41	13,5	14
1:36:50	41	13,5	14
1:37:00	41	13,5	14
1:37:10	41	13,5	14
1:37:20	41	13,5	14
1:37:30	41	13,5	14
1:37:40	41	13,5	14
1:37:50	41	13,5	14
1:38:00	41	13,5	14
1:38:10	41	13,5	14
1:38:20	41	13,5	14
1:38:30	41	13,5	14
1:38:40	41	13,5	14
1:38:50	41	13,5	14
1:39:00	41	13,5	14
1:39:10	41	13,5	14
1:39:20	41	13,5	14
1:39:30	41	13,5	14
1:39:40	41	13,5	14
1:39:50	41	13,5	14
1:40:00	41	13,5	14
1:40:10	41	13,5	14
1:40:20	41	13,5	14
1:40:30	41	13,5	14
1:40:40	41	13,5	14
1:40:50	41	13,5	14
1:41:00	41	13,5	14
1:41:10	41	13,5	14
1:41:20	41	13,5	14
1:41:30	41	13,5	14
1:41:40	41	13,5	14
1:41:50	41	13,5	14
1:42:00	41	13,5	14
1:42:10	41	13,5	14
1:42:20	41	13,5	14
1:42:30	41	13,5	14
1:42:40	41	13,5	14
1:42:50	41	13,5	14
1:43:00	41	13,5	14
1:43:10	41	13,5	14
1:43:20	41	13,5	14
1:43:30	41	13,5	14
1:43:40	41	13,5	14
1:43:50	41	13,5	14
1:44:00	41	13,5	14
1:44:10	41	13,5	14
1:44:20	41	13,5	14
1:44:30	41	13,5	14
1:44:40	41	13,5	14
1:44:50	41	13,5	14
1:45:00	41	13,5	14
1:45:10	41	13,5	14
1:45:20	41	13,5	14
1:45:30	41	13,5	14
1:45:40	41	13,5	14
1:45:50	41	13,5	14
1:46:00	41	13,5	14
1:46:10	41	13,5	14
1:46:20	41	13,5	14
1:46:30	41	13,5	14
1:46:40	41	13,5	14
1:46:50	41	13,5	14
1:47:00	41	13,5	14
1:47:10	41	13,5	14
1:47:20	41	13,5	14
1:47:30	41	13,5	14
1:47:40	41	13,5	14
1:47:50	41	13,5	14
1:48:00	41	13,5	14
1:48:10	41	13,5	14
1:48:20	41	13,5	14
1:48:30	41	13,5	14
1:48:40	41	13,5	14
1:48:50	41	13,5	14
1:49:00	41	13,5	14
1:49:10	41	13,5	14
1:49:20	41	13,5	14
1:49:30	41	13,5	14
1:49:40	41	13,5	14
1:49:50	41	13,5	14
1:50:00	41	13,5	14
1:50:10	41	13,5	14
1:50:20	41	13,5	14
1:50:30	41	13,5	14
1:50:40	41	13,5	14
1:50:50	41	13,5	14
1:51:00	41	13,5	14
1:51:10	41	13,5	14
1:51:20	41	13,5	14
1:51:30	41	13,5	14
1:51:40	41	13,5	14
1:51:50	41	13,5	14
1:52:00	41	13,5	14
1:52:10	41	13,5	14
1:52:20	41	13,4	14
1:52:30	41	13,5	14
1:52:40	41	13,5	14
1:52:50	41	13,5	14
1:53:00	41	13,5	14
1:53:10	41	13,4	14
1:53:20	41	13,5	14
1:53:30	41	13,4	14
1:53:40	41	13,4	14
1:53:50	41	13,5	14
1:54:00	41	13,5	14
1:54:10	41	13,5	14
1:54:20	41	13,4	14
1:54:30	41	13,5	14
1:54:40	41	13,5	14
1:54:50	41	13,5	14
1:55:00	41	13,5	14
1:55:10	41	13,5	14
1:55:20	41	13,5	14
1:55:30	41	13,5	14
1:55:40	41	13,5	14
1:55:50	41	13,5	14
1:56:00	41	13,5	14
1:56:10	41	13,5	14
1:56:20	41	13,4	14
1:56:30	41	13,5	14
1:56:40	41	13,5	14
1:56:50	41	13,5	14
1:57:00	41	13,5	14
1:57:10	41	13,4	14
1:57:20	41	13,4	14
1:57:30	41	13,4	14
1:57:40	41	13,4	14
1:57:50	41	13,4	14
1:58:00	41	13,4	14
1:58:10	41	13,4	14
1:58:20	41	13,4	14
1:58:30	41	13,4	14
1:58:40	41	13,4	14
1:58:50	41	13,4	14
1:59:00	41	13,4	14
1:59:10	41	13,4	14
1:59:20	41	13,5	14
1:59:30	41	13,5	14
1:59:40	41	13,4	14
1:59:50	41	13,4	14
2:00:00	41	13,5	14
2:00:10	41	13,4	14
2:00:20	41	13,5	14
2:00:30	41	13,4	14
2:00:40	41	13,5	14
2:00:50	41	13,5	14
2:01:00	41	13,5	14
2:01:10	41	13,4	14
2:01:20	41	13,5	14
2:01:30	41	13,4	14
2:01:40	41	13,5	14
2:01:50	41	13,5	14
2:02:00	41	13,5	14
2:02:10	41	13,5	14
2:02:20	41	13,5	14
2:02:30	41	13,5	14
2:02:40	41	13,5	14
2:02:50	41	13,5	14
2:03:00	41	13,5	14
2:03:10	41	13,5	14
2:03:20	41	13,5	14
2:03:30	41	13,4	14
2:03:40	41	13,4	14
2:03:50	41	13,4	14
2:04:00	41	13,4	14
2:04:10	41	13,4	14
2:04:20	41	13,4	14
2:04:30	41	13,4	14
2:04:40	41	13,4	14
2:04:50	41	13,4	14
2:05:00	41	13,4	14
2:05:10	41	13,4	14
2:05:20	41	13,4	14
2:05:30	41	13,4	14
2:05:40	41	13,4	14
2:05:50	41	13,4	13
2:06:00	41	13,4	13
2:06:10	41	13,4	13
2:06:20	41	13,4	13
2:06:30	41	13,4	13
2:06:40	41	13,4	13
2:06:50	41	13,4	13
2:07:00	41	13,4	13
2:07:10	41	13,4	13
2:07:20	41	13,4	13
2:07:30	41	13,4	13
2:07:40	41	13,4	13
2:07:50	41	13,4	13
2:08:00	41	13,4	13
2:08:10	41	13,4	13
2:08:20	41	13,4	13
2:08:30	41	13,4	13
2:08:40	41	13,4	13
2:08:50	41	13,5	13
2:09:00	41	13,4	13
2:09:10	41	13,4	13
2:09:20	41	13,4	13
2:09:30	41	13,4	13
2:09:40	41	13,4	13
2:09:50	41	13,4	13
2:10:00	41	13,4	13
2:10:10	41	13,4	13
2:10:20	41	13,4	13
2:10:30	41	13,4	13
2:10:40	41	13,4	13
2:10:50	41	13,4	13
2:11:00	41	13,4	13
2:11:10	41	13,4	13
2:11:20	41	13,5	13
2:11:30	41	13,4	13
2:11:40	41	13,4	13
2:11:50	41	13,4	13
2:12:00	41	13,4	13
2:12:10	41	13,4	13
2:12:20	41	13,4	13
2:12:30	41	13,4	13
2:12:40	41	13,4	13
2:12:50	41	13,4	13
2:13:00	41	13,4	13
2:13:10	41	13,4	13
2:13:20	41	13,4	13
2:13:30	41	13,4	13
2:13:40	41	13,4	13
2:13:50	41	13,4	13
2:14:00	41	13,4	13
2:14:10	41	13,4	13
2:14:20	41	13,4	13
2:14:30	41	13,4	13
2:14:40	41	13,4	13
2:14:50	41	13,4	13
2:15:00	41	13,4	13
2:15:10	41	13,4	13
2:15:20	41	13,4	13
2:15:30	41	13,4	13
2:15:40	41	13,4	13
2:15:50	41	13,3	13
2:16:00	41	13,4	13
2:16:10	41	13,4	13
2:16:20	41	13,4	13
2:16:30	41	13,4	13
2:16:40	41	13,4	13
2:16:50	41	13,4	13
2:17:00	41	13,4	13
2:17:10	41	13,4	13
2:17:20	41	13,4	13
2:17:30	41	13,4	13
2:17:40	41	13,4	13
2:17:50	41	13,4	13
2:18:00	41	13,4	13
2:18:10	41	13,4	13
2:18:20	41	13,4	13
2:18:30	41	13,4	13
2:18:40	41	13,4	13
2:18:50	41	13,4	13
2:19:00	41	13,4	13
2:19:10	41	13,4	13
2:19:20	41	13,4	13
2:19:30	41	13,4	13
2:19:40	41	13,4	13
2:19:50	41	13,4	13
2:20:00	41	13,4	13
2:20:10	41	13,4	13
2:20:20	41	13,4	13
2:20:30	41	13,4	13
2:20:40	41	13,4	13
2:20:50	41	13,4	13
2:21:00	41	13,4	13
2:21:10	41	13,4	13
2:21:20	41	13,4	13
2:21:30	41	13,4	13
2:21:40	41	13,4	13
2:21:50	41	13,4	13
2:22:00	41	13,4	13
2:22:10	41	13,4	13
2:22:20	41	13,4	13
2:22:30	41	13,4	13
2:22:40	41	13,4	13
2:22:50	41	13,4	13
2:23:00	41	13,4	13
2:23:10	41	13,4	13
2:23:20	41	13,4	13
2:23:30	41	13,4	13
2:23:40	41	13,3	13
2:23:50	41	13,4	13
2:24:00	41	13,4	13
2:24:10	41	13,4	13
2:24:20	41	13,4	13
2:24:30	41	13,4	13
2:24:40	41	13,4	13
2:24:50	41	13,4	13
2:25:00	41	13,4	13
2:25:10	41	13,4	13
2:25:20	41	13,4	13
2:25:30	41	13,4	13
2:25:40	41	13,4	13
2:25:50	41	13,4	13
2:26:00	41	13,4	13
2:26:10	41	13,4	13
2:26:20	41	13,4	13
2:26:30	41	13,4	13
2:26:40	41	13,4	13
2:26:50	41	13,4	13
2:27:00	41	13,4	13
2:27:10	41	13,4	13
2:27:20	41	13,3	13
2:27:30	41	13,4	13
2:27:40	41	13,3	13
2:27:50	41	13,3	13
2:28:00	41	13,3	13
2:28:10	41	13,4	13
2:28:20	41	13,3	13
2:28:30	41	13,4	13
2:28:40	41	13,4	13
2:28:50	41	13,4	13
2:29:00	41	13,3	13
2:29:10	41	13,3	13
2:29:20	41	13,3	13
2:29:30	41	13,3	13
2:29:40	41	13,3	13
2:29:50	41	13,3	13
2:30:00	41	13,4	13
2:30:10	41	13,4	13
2:30:20	41	13,4	13
2:30:30	41	13,3	13
2:30:40	41	13,3	13
2:30:50	41	13,3	13
2:31:00	41	13,3	13
2:31:10	41	13,3	13
2:31:20	41	13,3	13
2:31:30	41	13,3	13
2:31:40	41	13,3	13
2:31:50	41	13,4	13
2:32:00	41	13,3	13
2:32:10	41	13,3	13
2:32:20	41	13,3	13
2:32:30	41	13,3	13
2:32:40	41	13,3	13
2:32:50	41	13,3	13
2:33:00	41	13,4	13
2:33:10	41	13,3	13
2:33:20	41	13,4	13
2:33:30	41	13,4	13
2:33:40	41	13,4	13
2:33:50	41	13,4	13
2:34:00	41	13,4	13
2:34:10	41	13,4	13
2:34:20	41	13,4	13
2:34:30	41	13,4	13
2:34:40	41	13,4	13
2:34:50	41	13,4	13
2:35:00	41	13,4	13
2:35:10	41	13,4	13
2:35:20	41	13,4	13
2:35:30	41	13,4	13
2:35:40	41	13,4	13
2:35:50	41	13,4	13
2:36:00	41	13,3	13
2:36:10	41	13,3	13
2:36:20	41	13,3	13
2:36:30	41	13,3	13
2:36:40	41	13,3	13
2:36:50	41	13,3	13
2:37:00	41	13,3	13
2:37:10	41	13,3	13
2:37:20	41	13,3	13
2:37:30	41	13,3	13
2:37:40	41	13,3	13
2:37:50	41	13,3	13
2:38:00	41	13,3	13
2:38:10	41	13,3	13
2:38:20	41	13,3	13
2:38:30	41	13,3	13
2:38:40	41	13,3	13
2:38:50	41	13,3	13
2:39:00	41	13,3	13
2:39:10	41	13,3	13
2:39:20	41	13,3	13
2:39:30	41	13,3	13
2:39:40	41	13,3	13
2:39:50	41	13,3	13
2:40:00	41	13,3	13
2:40:10	41	13,4	13
2:40:20	41	13,3	13
2:40:30	41	13,3	13
2:40:40	41	13,4	13
2:40:50	41	13,3	13
2:41:00	41	13,3	13
2:41:10	41	13,3	13
2:41:20	41	13,3	13
2:41:30	41	13,3	13
2:41:40	41	13,3	13
2:41:50	41	13,3	13
2:42:00	41	13,3	13
2:42:10	41	13,3	13
2:42:20	41	13,3	13
2:42:30	41	13,3	13
2:42:40	41	13,3	13
2:42:50	41	13,3	13
2:43:00	41	13,3	13
2:43:10	41	13,3	13
2:43:20	41	13,3	13
2:43:30	41	13,3	13
2:43:40	41	13,3	13
2:43:50	41	13,3	13
2:44:00	41	13,3	13
2:44:10	41	13,3	13
2:44:20	41	13,3	13
2:44:30	41	13,3	13
2:44:40	41	13,3	13
2:44:50	41	13,3	13
2:45:00	41	13,3	13
2:45:10	41	13,3	13
2:45:20	41	13,3	13
2:45:30	41	13,3	13
2:45:40	41	13,3	13
2:45:50	41	13,3	13
2:46:00	41	13,3	13
2:46:10	41	13,3	13
2:46:20	41	13,3	13
2:46:30	41	13,3	13
2:46:40	41	13,3	13
2:46:50	41	13,3	13
2:47:00	41	13,3	13
2:47:10	41	13,3	13
2:47:20	41	13,3	13
2:47:30	41	13,3	13
2:47:40	41	13,3	13
2:47:50	41	13,3	13
2:48:00	41	13,3	13
2:48:10	41	13,4	13
2:48:20	41	13,3	13
2:48:30	41	13,3	13
2:48:40	41	13,3	13
2:48:50	41	13,3	13
2:49:00	41	13,3	13
2:49:10	41	13,3	13
2:49:20	41	13,3	13
2:49:30	41	13,3	13
2:49:40	41	13,3	13
2:49:50	41	13,3	13
2:50:00	41	13,3	13
2:50:10	41	13,3	13
2:50:20	41	13,3	13
2:50:30	41	13,3	13
2:50:40	41	13,3	13
2:50:50	41	13,3	13
2:51:00	41	13,3	13
2:51:10	41	13,3	13
2:51:20	41	13,3	13
2:51:30	41	13,3	13
2:51:40	41	13,3	13
2:51:50	41	13,3	13
2:52:00	41	13,3	13
2:52:10	41	13,3	13
2:52:20	41	13,3	13
2:52:30	41	13,3	13
2:52:40	41	13,3	13
2:52:50	41	13,3	13
2:53:00	41	13,3	13
2:53:10	41	13,3	13
2:53:20	41	13,3	13
2:53:30	41	13,3	13
2:53:40	41	13,3	13
2:53:50	41	13,3	13
2:54:00	41	13,3	13
2:54:10	41	13,3	13
2:54:20	41	13,3	13
2:54:30	41	13,3	13
2:54:40	41	13,3	13
2:54:50	41	13,3	13
2:55:00	41	13,3	13
2:55:10	41	13,3	13
2:55:20	41	13,3	13
2:55:30	41	13,3	13
2:55:40	41	13,3	13
2:55:50	41	13,3	13
2:56:00	41	13,3	13
2:56:10	41	13,3	13
2:56:20	41	13,3	13
2:56:30	41	13,3	13
2:56:40	41	13,3	13
2:56:50	41	13,3	13
2:57:00	41	13,3	13
2:57:10	41	13,3	13
2:57:20	41	13,3	13
2:57:30	41	13,3	13
2:57:40	41	13,3	13
2:57:50	41	13,3	13
2:58:00	41	13,3	13
2:58:10	41	13,3	13
2:58:20	41	13,3	13
2:58:30	41	13,3	13
2:58:40	41	13,3	13
2:58:50	41	13,3	13
2:59:00	41	13,3	13
2:59:10	41	13,3	13
2:59:20	41	13,3	13
2:59:30	41	13,3	13
2:59:40	41	13,3	13
2:59:50	41	13,3	13
3:00:00	41	13,3	13
3:00:10	41	13,3	13
3:00:20	41	13,3	13
3:00:30	41	13,3	13
3:00:40	41	13,3	13
3:00:50	41	13,3	13
3:01:00	41	13,3	13
3:01:10	41	13,3	13
3:01:20	41	13,3	13
3:01:30	41	13,3	13
3:01:40	41	13,3	13
3:01:50	41	13,3	13
3:02:00	41	13,3	13
3:02:10	41	13,3	13
3:02:20	41	13,3	13
3:02:30	41	13,3	13
3:02:40	41	13,3	13
3:02:50	41	13,3	13
3:03:00	41	13,3	13
3:03:10	41	13,3	13
3:03:20	41	13,3	13
3:03:30	41	13,3	13
3:03:40	41	13,3	13
3:03:50	41	13,3	13
3:04:00	41	13,3	13
3:04:10	41	13,3	13
3:04:20	41	13,3	13
3:04:30	41	13,3	13
3:04:40	41	13,3	13
3:04:50	41	13,3	13
3:05:00	41	13,3	13
3:05:10	41	13,3	13
3:05:20	41	13,3	13
3:05:30	41	13,3	13
3:05:40	41	13,3	13
3:05:50	41	13,3	13
3:06:00	41	13,3	13
3:06:10	41	13,3	13
3:06:20	41	13,3	13
3:06:30	41	13,3	13
3:06:40	41	13,3	13
3:06:50	41	13,3	13
3:07:00	41	13,3	13
3:07:10	41	13,3	13
3:07:20	41	13,3	13
3:07:30	41	13,3	13
3:07:40	41	13,4	13
3:07:50	41	13,3	13
3:08:00	41	13,3	13
3:08:10	41	13,3	13
3:08:20	41	13,3	13
3:08:30	41	13,3	13
3:08:40	41	13,3	13
3:08:50	41	13,3	13
3:09:00	41	13,3	13
3:09:10	41	13,3	13
3:09:20	41	13,3	13
3:09:30	41	13,3	13
3:09:40	41	13,3	13
3:09:50	41	13,3	13
3:10:00	41	13,3	13
3:10:10	41	13,3	13
3:10:20	41	13,3	13
3:10:30	41	13,3	13
3:10:40	41	13,3	13
3:10:50	41	13,3	13
3:11:00	41	13,3	13
3:11:10	41	13,3	13
3:11:20	41	13,3	13
3:11:30	41	13,3	13
3:11:40	41	13,3	13
3:11:50	41	13,3	13
3:12:00	41	13,3	13
3:12:10	41	13,3	13
3:12:20	41	13,3	13
3:12:30	41	13,3	13
3:12:40	41	13,3	13
3:12:50	41	13,3	13
3:13:00	41	13,3	13
3:13:10	41	13,3	13
3:13:20	41	13,3	13
3:13:30	41	13,2	13
3:13:40	41	13,2	13
3:13:50	41	13,2	13
3:14:00	41	13,2	13
3:14:10	41	13,3	13
3:14:20	41	13,3	13
3:14:30	41	13,3	13
3:14:40	41	13,3	13
3:14:50	41	13,3	13
3:15:00	41	13,3	13
3:15:10	41	13,3	13
3:15:20	41	13,3	13
3:15:30	41	13,3	13
3:15:40	41	13,3	13
3:15:50	41	13,3	13
3:16:00	41	13,3	13
3:16:10	41	13,3	13
3:16:20	41	13,3	13
3:16:30	41	13,3	13
3:16:40	41	13,3	13
3:16:50	41	13,3	13
3:17:00	41	13,3	13
3:17:10	41	13,3	13
3:17:20	41	13,3	13
3:17:30	41	13,3	13
3:17:40	41	13,3	13
3:17:50	41	13,3	13
3:18:00	41	13,3	13
3:18:10	41	13,3	13
3:18:20	41	13,3	13
3:18:30	41	13,3	13
3:18:40	41	13,3	13
3:18:50	41	13,3	13
3:19:00	41	13,3	13
3:19:10	41	13,3	13
3:19:20	41	13,3	13
3:19:30	41	13,3	13
3:19:40	41	13,3	13
3:19:50	41	13,3	13
3:20:00	41	13,3	13
3:20:10	41	13,3	13
3:20:20	41	13,3	13
3:20:30	41	13,3	13
3:20:40	41	13,3	13
3:20:50	41	13,2	13
3:21:00	41	13,3	13
3:21:10	41	13,3	13
3:21:20	41	13,3	13
3:21:30	41	13,3	13
3:21:40	41	13,3	13
3:21:50	41	13,3	13
3:22:00	41	13,3	13
3:22:10	41	13,3	13
3:22:20	41	13,3	13
3:22:30	41	13,3	13
3:22:40	41	13,3	13
3:22:50	41	13,3	13
3:23:00	41	13,3	13
3:23:10	41	13,3	13
3:23:20	41	13,3	13
3:23:30	41	13,3	13
3:23:40	41	13,2	13
3:23:50	41	13,3	13
3:24:00	41	13,3	13
3:24:10	41	13,3	13
3:24:20	41	13,3	13
3:24:30	41	13,3	13
3:24:40	41	13,3	13
3:24:50	41	13,3	13
3:25:00	41	13,3	13
3:25:10	41	13,3	13
3:25:20	41	13,3	13
3:25:30	41	13,3	13
3:25:40	41	13,3	13
3:25:50	41	13,3	13
3:26:00	41	13,3	13
3:26:10	41	13,3	13
3:26:20	41	13,3	13
3:26:30	41	13,3	13
3:26:40	41	13,3	13
3:26:50	41	13,3	13
3:27:00	41	13,3	13
3:27:10	41	13,3	13
3:27:20	41	13,3	13
3:27:30	41	13,3	13
3:27:40	41	13,3	13
3:27:50	41	13,3	13
3:28:00	41	13,3	13
3:28:10	41	13,3	13
3:28:20	41	13,3	13
3:28:30	41	13,3	13
3:28:40	41	13,3	13
3:28:50	41	13,3	13
3:29:00	41	13,3	13
3:29:10	41	13,3	13
3:29:20	41	13,3	13
3:29:30	41	13,3	13
3:29:40	41	13,3	13
3:29:50	41	13,3	13
3:30:00	41	13,3	13
3:30:10	41	13,3	13
3:30:20	41	13,3	13
3:30:30	41	13,3	13
3:30:40	41	13,3	13
3:30:50	41	13,3	13
3:31:00	41	13,3	13
3:31:10	41	13,3	13
3:31:20	41	13,3	13
3:31:30	41	13,3	13
3:31:40	41	13,3	13
3:31:50	41	13,3	13
3:32:00	41	13,3	13
3:32:10	41	13,3	13
3:32:20	41	13,3	13
3:32:30	41	13,3	13
3:32:40	41	13,3	13
3:32:50	41	13,3	13
3:33:00	41	13,3	13
3:33:10	41	13,3	13
3:33:20	41	13,3	13
3:33:30	41	13,3	13
3:33:40	41	13,3	13
3:33:50	41	13,3	13
3:34:00	41	13,3	13
3:34:10	41	13,3	13
3:34:20	41	13,3	13
3:34:30	41	13,3	13
3:34:40	41	13,3	13
3:34:50	41	13,3	13
3:35:00	41	13,3	13
3:35:10	41	13,3	13
3:35:20	41	13,3	13
3:35:30	41	13,3	13
3:35:40	41	13,3	13
3:35:50	41	13,3	13
3:36:00	41	13,3	13
3:36:10	41	13,3	13
3:36:20	41	13,3	13
3:36:30	41	13,3	13
3:36:40	41	13,3	13
3:36:50	41	13,3	13
3:37:00	41	13,3	13
3:37:10	41	13,3	13
3:37:20	41	13,3	13
3:37:30	41	13,3	13
3:37:40	41	13,3	13
3:37:50	41	13,3	13
3:38:00	41	13,3	13
3:38:10	41	13,3	13
3:38:20	41	13,3	13
3:38:30	41	13,3	13
3:38:40	41	13,3	13
3:38:50	41	13,3	13
3:39:00	41	13,3	13
3:39:10	41	13,3	13
3:39:20	41	13,3	13
3:39:30	41	13,3	13
3:39:40	41	13,3	13
3:39:50	41	13,3	13
3:40:00	41	13,3	13
3:40:10	41	13,2	13
3:40:20	41	13,2	13
3:40:30	41	13,2	13
3:40:40	41	13,2	13
3:40:50	41	13,2	13
3:41:00	41	13,2	13
3:41:10	41	13,2	13
3:41:20	41	13,2	13
3:41:30	41	13,2	13
3:41:40	41	13,3	13
3:41:50	41	13,3	13
3:42:00	41	13,3	13
3:42:10	41	13,3	13
3:42:20	41	13,3	13
3:42:30	41	13,3	13
3:42:40	41	13,3	13
3:42:50	41	13,3	13
3:43:00	41	13,3	13
3:43:10	41	13,3	13
3:43:20	41	13,3	13
3:43:30	41	13,3	13
3:43:40	41	13,3	13
3:43:50	41	13,3	13
3:44:00	41	13,3	13
3:44:10	41	13,3	13
3:44:20	41	13,3	13
3:44:30	41	13,3	13
3:44:40	41	13,3	13
3:44:50	41	13,3	13
3:45:00	41	13,3	13
3:45:10	41	13,3	13
3:45:20	41	13,3	13
3:45:30	41	13,3	13
3:45:40	41	13,3	13
3:45:50	41	13,3	13
3:46:00	41	13,3	13
3:46:10	41	13,3	13
3:46:20	41	13,3	13
3:46:30	41	13,3	13
3:46:40	41	13,3	13
3:46:50	41	13,3	13
3:47:00	41	13,3	13
3:47:10	41	13,3	13
3:47:20	41	13,3	13
3:47:30	41	13,2	13
3:47:40	41	13,2	13
3:47:50	41	13,2	13
3:48:00	41	13,2	13
3:48:10	41	13,2	13
3:48:20	41	13,2	13
3:48:30	41	13,2	13
3:48:40	41	13,2	13
3:48:50	41	13,2	13
3:49:00	41	13,2	13
3:49:10	41	13,2	13
3:49:20	41	13,2	13
3:49:30	41	13,2	13
3:49:40	41	13,2	13
3:49:50	41	13,3	13
3:50:00	41	13,3	13
3:50:10	41	13,3	13
3:50:20	41	13,3	13
3:50:30	41	13,3	13
3:50:40	41	13,3	13
3:50:50	41	13,3	13
3:51:00	41	13,3	13
3:51:10	41	13,3	13
3:51:20	41	13,3	13
3:51:30	41	13,3	13
3:51:40	41	13,3	13
3:51:50	41	13,3	13
3:52:00	41	13,3	13
3:52:10	41	13,3	13
3:52:20	41	13,3	13
3:52:30	41	13,2	13
3:52:40	41	13,2	13
3:52:50	41	13,2	13
3:53:00	41	13,2	13
3:53:10	41	13,2	13
3:53:20	41	13,2	13
3:53:30	41	13,2	13
3:53:40	41	13,3	13
3:53:50	41	13,3	13
3:54:00	41	13,3	13
3:54:10	41	13,3	13
3:54:20	41	13,3	13
3:54:30	41	13,3	13
3:54:40	41	13,3	13
3:54:50	41	13,3	13
3:55:00	41	13,3	13
3:55:10	41	13,3	13
3:55:20	41	13,2	13
3:55:30	41	13,3	13
3:55:40	41	13,3	13
3:55:50	41	13,3	13
3:56:00	41	13,3	13
3:56:10	41	13,3	13
3:56:20	41	13,2	13
3:56:30	41	13,3	13
3:56:40	41	13,3	13
3:56:50	41	13,2	13
3:57:00	41	13,2	13
3:57:10	41	13,3	13
3:57:20	41	13,2	13
3:57:30	41	13,2	13
3:57:40	41	13,2	13
3:57:50	41	13,3	13
3:58:00	41	13,3	13
3:58:10	41	13,3	13
3:58:20	41	13,2	13
3:58:30	41	13,2	13
3:58:40	41	13,2	13
3:58:50	41	13,2	13
3:59:00	41	13,2	13
3:59:10	41	13,3	13
3:59:20	41	13,2	13
3:59:30	41	13,3	13
3:59:40	41	13,2	13
3:59:50	41	13,2	13
4:00:00	41	13,2	13
4:00:10	41	13,3	13
4:00:20	41	13,3	13
4:00:30	41	13,3	13
4:00:40	41	13,3	13
4:00:50	41	13,3	13
4:01:00	41	13,3	13
4:01:10	41	13,3	13
4:01:20	41	13,3	13
4:01:30	41	13,3	13
4:01:40	41	13,3	13
4:01:50	41	13,2	13
4:02:00	41	13,2	13
4:02:10	41	13,2	13
4:02:20	41	13,2	13
4:02:30	41	13,2	13
4:02:40	41	13,2	13
4:02:50	41	13,2	13
4:03:00	41	13,2	13
4:03:10	41	13,2	13
4:03:20	41	13,2	13
4:03:30	41	13,2	13
4:03:40	41	13,2	13
4:03:50	41	13,2	13
4:04:00	41	13,2	13
4:04:10	41	13,2	13
4:04:20	41	13,2	13
4:04:30	41	13,2	13
4:04:40	41	13,2	13
4:04:50	41	13,2	13
4:05:00	41	13,2	13
4:05:10	41	13,2	13
4:05:20	41	13,2	13
4:05:30	41	13,2	13
4:05:40	41	13,2	13
4:05:50	41	13,2	13
4:06:00	41	13,2	13
4:06:10	41	13,2	13
4:06:20	41	13,2	13
4:06:30	41	13,3	13
4:06:40	41	13,2	13
4:06:50	41	13,3	13
4:07:00	41	13,2	13
4:07:10	41	13,2	13
4:07:20	41	13,2	13
4:07:30	41	13,2	13
4:07:40	41	13,3	13
4:07:50	41	13,3	13
4:08:00	41	13,2	13
4:08:10	41	13,2	13
4:08:20	41	13,2	13
4:08:30	41	13,2	13
4:08:40	41	13,2	13
4:08:50	41	13,2	13
4:09:00	41	13,2	13
4:09:10	41	13,2	13
4:09:20	41	13,2	13
4:09:30	41	13,2	13
4:09:40	41	13,2	13
4:09:50	41	13,2	13
4:10:00	41	13,2	13
4:10:10	41	13,2	13
4:10:20	41	13,2	13
4:10:30	41	13,2	13
4:10:40	41	13,2	13
4:10:50	41	13,2	13
4:11:00	41	13,2	13
4:11:10	41	13,2	13
4:11:20	41	13,2	13
4:11:30	41	13,2	13
4:11:40	41	13,2	13
4:11:50	41	13,2	13
4:12:00	41	13,2	13
4:12:10	41	13,2	13
4:12:20	41	13,2	13
4:12:30	41	13,2	13
4:12:40	41	13,2	13
4:12:50	41	13,2	13
4:13:00	41	13,2	13
4:13:10	41	13,2	13
4:13:20	41	13,2	13
4:13:30	41	13,2	13
4:13:40	41	13,2	13
4:13:50	41	13,2	13
4:14:00	41	13,2	13
4:14:10	41	13,2	13
4:14:20	41	13,2	13
4:14:30	41	13,2	13
4:14:40	41	13,2	13
4:14:50	41	13,2	13
4:15:00	41	13,2	13
4:15:10	41	13,2	13
4:15:20	41	13,2	13
4:15:30	41	13,2	13
4:15:40	41	13,2	13
4:15:50	41	13,2	13
4:16:00	41	13,2	13
4:16:10	41	13,2	13
4:16:20	41	13,1	13
4:16:30	41	13,1	13
4:16:40	41	13,2	13
4:16:50	41	13,2	13
4:17:00	41	13,2	13
4:17:10	41	13,2	13
4:17:20	41	13,2	13
4:17:30	41	13,2	13
4:17:40	41	13,2	13
4:17:50	41	13,2	13
4:18:00	41	13,2	13
4:18:10	41	13,2	13
4:18:20	41	13,2	13
4:18:30	41	13,2	13
4:18:40	41	13,2	13
4:18:50	41	13,2	13
4:19:00	41	13,2	13
4:19:10	41	13,2	13
4:19:20	41	13,2	13
4:19:30	41	13,2	13
4:19:40	41	13,2	13
4:19:50	41	13,2	13
4:20:00	41	13,2	13
4:20:10	41	13,2	13
4:20:20	41	13,2	13
4:20:30	41	13,2	13
4:20:40	41	13,2	13
4:20:50	41	13,2	13
4:21:00	41	13,2	13
4:21:10	41	13,2	13
4:21:20	41	13,2	13
4:21:30	41	13,2	13
4:21:40	41	13,2	13
4:21:50	41	13,2	13
4:22:00	41	13,2	13
4:22:10	41	13,2	13
4:22:20	41	13,2	13
4:22:30	41	13,2	13
4:22:40	41	13,2	13
4:22:50	41	13,2	13
4:23:00	41	13,2	13
4:23:10	41	13,2	13
4:23:20	41	13,2	13
4:23:30	41	13,2	13
4:23:40	41	13,2	13
4:23:50	41	13,2	13
4:24:00	41	13,2	13
4:24:10	41	13,2	13
4:24:20	41	13,2	13
4:24:30	41	13,2	13
4:24:40	41	13,2	13
4:24:50	41	13,2	13
4:25:00	41	13,2	13
4:25:10	41	13,2	13
4:25:20	41	13,2	13
4:25:30	41	13,2	13
4:25:40	41	13,1	13
4:25:50	41	13,1	13
4:26:00	41	13,1	13
4:26:10	41	13,2	13
4:26:20	41	13,2	13
4:26:30	41	13,2	13
4:26:40	41	13,2	13
4:26:50	41	13,2	13
4:27:00	41	13,2	13
4:27:10	41	13,2	13
4:27:20	41	13,2	13
4:27:30	41	13,2	13
4:27:40	41	13,2	13
4:27:50	41	13,2	13
4:28:00	41	13,2	13
4:28:10	41	13,1	13
4:28:20	41	13,1	13
4:28:30	41	13,1	13
4:28:40	41	13,1	13
4:28:50	41	13,1	13
4:29:00	41	13,1	13
4:29:10	41	13,1	13
4:29:20	41	13,1	13
4:29:30	41	13,1	13
4:29:40	41	13,2	13
4:29:50	41	13,1	13
4:30:00	41	13,1	13
4:30:10	41	13,2	13
4:30:20	41	13,2	13
4:30:30	41	13,2	13
4:30:40	41	13,2	13
4:30:50	41	13,2	13
4:31:00	41	13,2	13
4:31:10	41	13,2	13
4:31:20	41	13,2	13
4:31:30	41	13,2	13
4:31:40	41	13,2	13
4:31:50	41	13,2	13
4:32:00	41	13,2	13
4:32:10	41	13,2	13
4:32:20	41	13,1	13
4:32:30	41	13,1	13
4:32:40	41	13,2	13
4:32:50	41	13,1	13
4:33:00	41	13,1	13
4:33:10	41	13,1	13
4:33:20	41	13,1	13
4:33:30	41	13,1	13
4:33:40	41	13,2	13
4:33:50	41	13,1	13
4:34:00	41	13,2	13
4:34:10	41	13,2	13
4:34:20	41	13,2	13
4:34:30	41	13,2	13
4:34:40	41	13,2	13
4:34:50	41	13,2	13
4:35:00	41	13,1	13
4:35:10	41	13,1	13
4:35:20	41	13,2	13
4:35:30	41	13,1	13
4:35:40	41	13,1	13
4:35:50	41	13,1	13
4:36:00	41	13,1	13
4:36:10	41	13,2	13
4:36:20	41	13,2	13
4:36:30	41	13,2	14
4:36:40	41	13,1	13
4:36:50	41	13,1	13
4:37:00	41	13,1	13
4:37:10	41	13,1	13
4:37:20	41	13,2	13
4:37:30	41	13,1	13
4:37:40	41	13,2	13
4:37:50	41	13,1	13
4:38:00	41	13,1	13
4:38:10	41	13,1	13
4:38:20	41	13,1	13
4:38:30	41	13,1	13
4:38:40	41	13,2	13
4:38:50	41	13,2	13
4:39:00	41	13,1	13
4:39:10	41	13,2	13
4:39:20	41	13,2	13
4:39:30	41	13,2	13
4:39:40	41	13,1	13
4:39:50	41	13,1	14
4:40:00	41	13,2	13
4:40:10	41	13,2	13
4:40:20	41	13,2	13
4:40:30	41	13,2	13
4:40:40	41	13,1	14
4:40:50	41	13,1	13
4:41:00	41	13,1	13
4:41:10	41	13,2	13
4:41:20	41	13,2	13
4:41:30	41	13,2	13
4:41:40	41	13,2	13
4:41:50	41	13,1	13
4:42:00	41	13,1	13
4:42:10	41	13,1	13
4:42:20	41	13,1	13
4:42:30	41	13,1	13
4:42:40	41	13,1	13
4:42:50	41	13,1	13
4:43:00	41	13,1	13
4:43:10	41	13,1	13
4:43:20	41	13,1	13
4:43:30	41	13,1	13
4:43:40	41	13,1	13
4:43:50	41	13,1	13
4:44:00	41	13,1	13
4:44:10	41	13,1	13
4:44:20	41	13,1	13
4:44:30	41	13,2	13
4:44:40	41	13,2	13
4:44:50	41	13,2	13
4:45:00	41	13,2	13
4:45:10	41	13,2	13
4:45:20	41	13,2	13
4:45:30	41	13,2	13
4:45:40	41	13,2	13
4:45:50	41	13,1	13
4:46:00	41	13,1	13
4:46:10	41	13,1	13
4:46:20	41	13,1	13
4:46:30	41	13,1	13
4:46:40	41	13,1	13
4:46:50	41	13,1	13
4:47:00	41	13,1	13
4:47:10	41	13,1	13
4:47:20	41	13,1	13
4:47:30	41	13,1	13
4:47:40	41	13,1	13
4:47:50	41	13,1	13
4:48:00	41	13,1	13
4:48:10	41	13,1	13
4:48:20	41	13,1	13
4:48:30	41	13,1	13
4:48:40	41	13,1	13
4:48:50	41	13,2	13
4:49:00	41	13,1	13
4:49:10	41	13,1	13
4:49:20	41	13,2	13
4:49:30	41	13,1	13
4:49:40	41	13,2	13
4:49:50	41	13,1	13
4:50:00	41	13,1	13
4:50:10	41	13,1	13
4:50:20	41	13,2	13
4:50:30	41	13,2	13
4:50:40	41	13,1	13
4:50:50	41	13,1	13
4:51:00	41	13,1	13
4:51:10	41	13,1	13
4:51:20	41	13,1	13
4:51:30	41	13,1	13
4:51:40	41	13,1	13
4:51:50	41	13,1	13
4:52:00	41	13,1	13
4:52:10	41	13,1	13
4:52:20	41	13,1	13
4:52:30	41	13,1	13
4:52:40	41	13,1	13
4:52:50	41	13,1	13
4:53:00	41	13,1	13
4:53:10	41	13,1	13
4:53:20	41	13,1	13
4:53:30	41	13,1	13
4:53:40	41	13,1	14
4:53:50	41	13,1	13
4:54:00	41	13,1	13
4:54:10	41	13,1	13
4:54:20	41	13,1	14
4:54:30	41	13,1	14
4:54:40	41	13,1	14
4:54:50	41	13,1	14
4:55:00	41	13,1	14
4:55:10	41	13,1	14
4:55:20	41	13,1	14
4:55:30	41	13,1	14
4:55:40	41	13,1	14
4:55:50	41	13,1	14
4:56:00	41	13,1	14
4:56:10	41	13,1	14
4:56:20	41	13,1	14
4:56:30	41	13,1	14
4:56:40	41	13,1	14
4:56:50	41	13,1	14
4:57:00	41	13,1	14
4:57:10	41	13,1	14
4:57:20	41	13,1	14
4:57:30	41	13,1	14
4:57:40	41	13,1	14
4:57:50	41	13,1	14
4:58:00	41	13,1	14
4:58:10	41	13,1	14
4:58:20	41	13,1	14
4:58:30	41	13,1	14
4:58:40	41	13,1	14
4:58:50	41	13,1	14
4:59:00	41	13,1	14
4:59:10	41	13,1	14
4:59:20	41	13,1	14
4:59:30	41	13,1	14
4:59:40	41	13,1	14
4:59:50	41	13,1	14
5:00:00	41	13,1	14
5:00:10	41	13,1	14
5:00:20	41	13,1	14
5:00:30	41	13,1	14
5:00:40	41	13,1	14
5:00:50	41	13,1	14
5:01:00	41	13,1	14
5:01:10	41	13,1	14
5:01:20	41	13,1	14
5:01:30	41	13,1	14
5:01:40	41	13,1	14
5:01:50	41	13,1	14
5:02:00	41	13,1	14
5:02:10	41	13,1	14
5:02:20	41	13,1	14
5:02:30	41	13,1	14
5:02:40	41	13,1	14
5:02:50	41	13,1	14
5:03:00	41	13,1	14
5:03:10	41	13,1	14
5:03:20	41	13,1	14
5:03:30	41	13,1	14
5:03:40	41	13,1	14
5:03:50	41	13,1	14
5:04:00	41	13,1	14
5:04:10	41	13,1	14
5:04:20	41	13,1	14
5:04:30	41	13,1	14
5:04:40	41	13,0	14
5:04:50	41	13,0	14
5:05:00	41	13,1	14
5:05:10	41	13,0	14
5:05:20	41	13,0	14
5:05:30	41	13,1	14
5:05:40	41	13,1	14
5:05:50	41	13,1	14
5:06:00	41	13,1	14
5:06:10	41	13,1	14
5:06:20	41	13,1	14
5:06:30	41	13,1	14
5:06:40	41	13,1	14
5:06:50	41	13,1	14
5:07:00	41	13,1	14
5:07:10	41	13,1	14
5:07:20	41	13,1	14
5:07:30	41	13,1	14
5:07:40	41	13,1	14
5:07:50	41	13,1	14
5:08:00	41	13,1	14
5:08:10	41	13,0	14
5:08:20	41	13,1	14
5:08:30	41	13,0	14
5:08:40	41	13,0	14
5:08:50	41	13,0	14
5:09:00	41	13,0	14
5:09:10	41	13,0	14
5:09:20	41	13,0	14
5:09:30	41	13,0	14
5:09:40	41	13,0	14
5:09:50	41	13,0	14
5:10:00	41	13,0	14
5:10:10	41	13,0	14
5:10:20	41	13,0	14
5:10:30	41	13,0	14
5:10:40	41	13,0	14
5:10:50	41	13,1	14
5:11:00	41	13,1	14
5:11:10	41	13,0	14
5:11:20	41	13,0	14
5:11:30	41	13,1	14
5:11:40	41	13,0	14
5:11:50	41	13,1	14
5:12:00	41	13,0	14
5:12:10	41	13,1	14
5:12:20	41	13,1	14
5:12:30	41	13,1	14
5:12:40	41	13,1	14
5:12:50	41	13,1	14
5:13:00	41	13,0	14
5:13:10	41	13,0	14
5:13:20	41	13,0	14
5:13:30	41	13,0	14
5:13:40	41	13,1	14
5:13:50	41	13,1	14
5:14:00	41	13,1	14
5:14:10	41	13,1	14
5:14:20	41	13,1	14
5:14:30	41	13,1	14
5:14:40	41	13,1	14
5:14:50	41	13,1	14
5:15:00	41	13,1	14
5:15:10	41	13,1	14
5:15:20	41	13,1	14
5:15:30	41	13,1	14
5:15:40	41	13,1	14
5:15:50	41	13,1	14
5:16:00	41	13,1	14
5:16:10	41	13,1	14
5:16:20	41	13,0	14
5:16:30	41	13,0	14
5:16:40	41	13,0	14
5:16:50	41	13,0	14
5:17:00	41	13,0	14
5:17:10	41	13,0	14
5:17:20	41	13,0	14
5:17:30	41	13,0	14
5:17:40	41	13,1	14
5:17:50	41	13,0	14
5:18:00	41	13,0	15
5:18:10	41	13,0	14
5:18:20	41	13,0	14
5:18:30	41	13,0	14
5:18:40	41	13,0	14
5:18:50	41	13,0	15
5:19:00	41	13,1	14
5:19:10	41	13,1	14
5:19:20	41	13,1	14
5:19:30	41	13,1	14
5:19:40	41	13,1	15
5:19:50	41	13,0	14
5:20:00	41	13,0	14
5:20:10	41	13,0	14
5:20:20	41	13,0	15
5:20:30	41	13,0	15
5:20:40	41	13,0	14
5:20:50	41	13,0	14
5:21:00	41	13,0	14
5:21:10	41	13,0	15
5:21:20	41	13,0	15
5:21:30	41	13,0	15
5:21:40	41	13,0	15
5:21:50	41	13,1	15
5:22:00	41	13,1	15
5:22:10	41	13,1	15
5:22:20	41	13,1	15
5:22:30	41	13,1	15
5:22:40	41	13,1	14
5:22:50	41	13,1	15
5:23:00	41	13,0	15
5:23:10	41	13,0	15
5:23:20	41	13,0	15
5:23:30	41	13,0	15
5:23:40	41	13,0	15
5:23:50	41	13,0	15
5:24:00	41	13,0	15
5:24:10	41	13,0	15
5:24:20	41	13,1	15
5:24:30	41	13,0	15
5:24:40	41	13,0	15
5:24:50	41	13,0	15
5:25:00	41	13,0	15
5:25:10	41	13,0	15
5:25:20	41	13,0	15
5:25:30	41	13,0	15
5:25:40	41	13,0	15
5:25:50	41	13,0	15
5:26:00	41	13,0	15
5:26:10	41	13,0	15
5:26:20	41	13,0	15
5:26:30	41	13,0	15
5:26:40	41	13,0	15
5:26:50	41	13,0	15
5:27:00	41	13,0	15
5:27:10	41	13,0	15
5:27:20	41	13,0	15
5:27:30	41	13,0	15
5:27:40	41	13,0	15
5:27:50	41	13,0	15
5:28:00	41	13,0	15
5:28:10	41	13,0	15
5:28:20	41	13,0	15
5:28:30	41	13,0	15
5:28:40	41	13,0	15
5:28:50	41	13,0	15
5:29:00	41	13,0	15
5:29:10	41	13,0	15
5:29:20	41	13,0	15
5:29:30	41	13,0	15
5:29:40	41	13,0	15
5:29:50	41	13,0	15
5:30:00	41	13,0	15
5:30:10	41	13,0	15
5:30:20	41	13,0	15
5:30:30	41	13,0	15
5:30:40	41	13,0	15
5:30:50	41	13,0	15
5:31:00	41	13,0	15
5:31:10	41	13,0	15
5:31:20	41	13,0	15
5:31:30	41	13,0	15
5:31:40	41	13,0	15
5:31:50	41	13,0	15
5:32:00	41	13,0	15
5:32:10	41	13,0	15
5:32:20	41	13,0	15
5:32:30	41	13,0	15
5:32:40	41	13,0	15
5:32:50	41	13,0	15
5:33:00	41	13,0	15
5:33:10	41	13,0	15
5:33:20	41	13,0	15
5:33:30	41	13,0	15
5:33:40	41	13,0	15
5:33:50	41	13,0	15
5:34:00	41	13,0	15
5:34:10	41	13,0	15
5:34:20	41	13,0	15
5:34:30	41	13,0	15
5:34:40	41	13,0	15
5:34:50	41	13,0	15
5:35:00	41	13,0	15
5:35:10	41	13,0	15
5:35:20	41	13,0	15
5:35:30	41	13,0	15
5:35:40	41	13,0	15
5:35:50	41	13,0	15
5:36:00	41	13,0	15
5:36:10	41	13,0	15
5:36:20	41	13,0	15
5:36:30	41	13,0	15
5:36:40	41	13,0	16
5:36:50	41	13,0	16
5:37:00	41	13,0	16
5:37:10	41	13,0	16
5:37:20	41	13,0	16
5:37:30	41	12,9	16
5:37:40	41	13,0	16
5:37:50	41	13,0	16
5:38:00	41	13,0	16
5:38:10	41	13,0	16
5:38:20	41	13,0	16
5:38:30	41	13,0	16
5:38:40	41	13,0	16
5:38:50	41	13,0	16
5:39:00	41	13,0	16
5:39:10	41	13,0	16
5:39:20	41	13,0	16
5:39:30	41	13,0	16
5:39:40	41	13,0	16
5:39:50	41	13,0	16
5:40:00	41	13,0	16
5:40:10	41	13,0	16
5:40:20	41	13,0	16
5:40:30	41	13,0	16
5:40:40	41	13,0	16
5:40:50	41	13,0	16
5:41:00	41	13,0	16
5:41:10	41	13,0	16
5:41:20	41	13,0	16
5:41:30	41	13,0	16
5:41:40	41	13,0	16
5:41:50	41	13,0	16
5:42:00	41	13,0	16
5:42:10	41	13,0	16
5:42:20	41	13,0	16
5:42:30	41	13,0	16
5:42:40	41	13,0	16
5:42:50	41	13,0	16
5:43:00	41	13,0	16
5:43:10	41	13,0	16
5:43:20	41	13,0	16
5:43:30	41	13,0	16
5:43:40	41	13,0	16
5:43:50	41	13,0	16
5:44:00	41	13,0	16
5:44:10	41	13,0	16
5:44:20	41	13,0	16
5:44:30	41	12,9	16
5:44:40	41	12,9	16
5:44:50	41	12,9	16
5:45:00	41	12,9	17
5:45:10	41	12,9	16
5:45:20	41	12,9	16
5:45:30	41	12,9	16
5:45:40	41	12,9	17
5:45:50	41	12,9	17
5:46:00	41	12,9	16
5:46:10	41	12,9	16
5:46:20	41	12,9	16
5:46:30	41	13,0	17
5:46:40	41	13,0	17
5:46:50	41	13,0	16
5:47:00	41	13,0	16
5:47:10	41	13,0	16
5:47:20	41	13,0	17
5:47:30	41	13,0	17
5:47:40	41	13,0	17
5:47:50	41	13,0	17
5:48:00	41	13,0	18
5:48:10	41	13,0	18
5:48:20	41	13,0	18
5:48:30	41	13,0	18
5:48:40	41	13,0	18
5:48:50	41	13,0	18
5:49:00	41	13,0	18
5:49:10	41	12,9	18
5:49:20	41	12,9	18
5:49:30	41	12,9	18
5:49:40	41	12,9	18
5:49:50	41	12,9	18
5:50:00	41	12,9	18
5:50:10	41	12,9	18
5:50:20	41	12,9	18
5:50:30	41	12,9	18
5:50:40	41	12,9	18
5:50:50	41	12,9	18
5:51:00	41	12,9	18
5:51:10	41	12,9	18
5:51:20	41	12,9	18
5:51:30	41	12,9	18
5:51:40	41	12,9	18
5:51:50	41	12,9	18
5:52:00	41	12,9	18
5:52:10	41	12,9	18
5:52:20	41	12,9	18
5:52:30	41	12,9	18
5:52:40	41	12,9	18
5:52:50	41	12,9	18
5:53:00	41	12,9	18
5:53:10	41	12,9	18
5:53:20	41	12,9	18
5:53:30	41	12,9	18
5:53:40	41	12,9	18
5:53:50	41	13,0	18
5:54:00	41	13,0	18
5:54:10	41	12,9	18
5:54:20	41	12,9	18
5:54:30	41	12,9	18
5:54:40	41	12,9	18
5:54:50	41	13,0	18
5:55:00	41	12,9	18
5:55:10	41	12,9	18
5:55:20	41	12,9	18
5:55:30	41	13,0	18
5:55:40	41	12,9	18
5:55:50	41	12,9	18
5:56:00	41	13,0	18
5:56:10	41	13,0	18
5:56:20	41	12,9	18
5:56:30	41	12,9	18
5:56:40	41	12,9	18
5:56:50	41	12,9	18
5:57:00	41	12,9	18
5:57:10	41	12,9	18
5:57:20	41	12,9	18
5:57:30	41	12,8	18
5:57:40	41	12,9	18
5:57:50	41	12,8	18
5:58:00	41	12,8	19
5:58:10	41	12,8	19
5:58:20	41	12,8	19
5:58:30	41	12,8	19
5:58:40	41	12,8	19
5:58:50	41	12,8	19
5:59:00	41	12,8	19
5:59:10	41	12,8	19
5:59:20	41	12,8	19
5:59:30	41	12,8	19
5:59:40	41	12,8	19
5:59:50	41	12,8	19
6:00:00	41	12,8	19
6:00:10	41	12,8	19
6:00:20	41	12,8	19
6:00:30	41	12,8	19
6:00:40	41	12,8	19
6:00:50	41	12,8	19
6:01:00	41	12,8	19
6:01:10	41	12,8	19
6:01:20	41	12,8	19
6:01:30	41	12,8	19
6:01:40	41	12,9	19
6:01:50	41	12,9	19
6:02:00	41	12,9	19
6:02:10	41	12,9	19
6:02:20	41	12,9	19
6:02:30	41	12,9	19
6:02:40	41	12,9	19
6:02:50	41	12,9	20
6:03:00	41	12,9	19
6:03:10	41	12,9	19
6:03:20	41	12,9	20
6:03:30	41	12,9	19
6:03:40	41	12,9	19
6:03:50	41	12,9	19
6:04:00	41	12,9	19
6:04:10	41	12,9	19
6:04:20	41	12,9	19
6:04:30	41	12,9	19
6:04:40	41	12,9	19
6:04:50	41	12,9	19
6:05:00	41	12,9	19
6:05:10	41	12,9	19
6:05:20	41	12,9	19
6:05:30	41	12,9	19
6:05:40	41	12,9	19
6:05:50	41	12,9	19
6:06:00	41	12,9	19
6:06:10	41	12,8	19
6:06:20	41	12,8	19
6:06:30	41	12,8	19
6:06:40	41	12,8	19
6:06:50	41	12,8	20
6:07:00	41	12,8	20
6:07:10	41	12,8	20
6:07:20	41	12,8	20
6:07:30	41	12,8	20
6:07:40	41	12,8	20
6:07:50	41	12,7	20
6:08:00	41	12,7	20
6:08:10	41	12,7	20
6:08:20	41	12,7	20
6:08:30	41	12,7	20
6:08:40	41	12,7	20
6:08:50	41	12,6	20
6:09:00	41	12,6	20
6:09:10	41	12,6	20
6:09:20	41	12,6	20
6:09:30	41	12,6	20
6:09:40	41	12,6	20
6:09:50	41	12,6	20
6:10:00	41	12,6	20
6:10:10	41	12,6	20
6:10:20	41	12,6	21
6:10:30	41	12,5	21
6:10:40	41	12,6	21
6:10:50	41	12,5	21
6:11:00	41	12,5	21
6:11:10	41	12,6	21
6:11:20	41	12,6	21
6:11:30	41	12,6	21
6:11:40	41	12,6	21
6:11:50	41	12,5	21
6:12:00	41	12,5	21
6:12:10	41	12,5	21
6:12:20	41	12,5	21
6:12:30	41	12,5	21
6:12:40	41	12,5	21
6:12:50	41	12,7	21
6:13:00	41	12,7	21
6:13:10	41	12,7	21
6:13:20	41	12,7	21
6:13:30	41	12,7	21
6:13:40	41	12,5	21
6:13:50	41	12,6	21
6:14:00	41	12,6	21
6:14:10	41	12,6	21
6:14:20	41	12,6	21
6:14:30	41	12,6	21
6:14:40	41	12,6	21
6:14:50	41	12,6	22
6:15:00	41	12,6	22
6:15:10	41	12,6	22
6:15:20	41	12,6	22
6:15:30	41	12,7	22
6:15:40	41	12,7	22
6:15:50	41	12,7	22
6:16:00	41	12,7	22
6:16:10	41	12,7	22
6:16:20	41	12,7	22
6:16:30	41	12,7	22
6:16:40	41	12,7	23
6:16:50	41	12,8	23
6:17:00	41	12,8	24
6:17:10	41	12,8	24
6:17:20	41	12,8	25
6:17:30	41	12,8	29
6:17:40	41	12,8	27
6:17:50	41	12,8	22
6:18:00	41	12,8	22
6:18:10	41	12,8	27
6:18:20	41	12,9	24
6:18:30	41	12,9	20
6:18:40	41	12,9	21
6:18:50	41	12,9	20
6:19:00	41	12,9	22
6:19:10	41	12,9	22
6:19:20	41	12,9	22
6:19:30	41	12,9	22
6:19:40	41	12,9	23
6:19:50	41	12,9	23
6:20:00	41	12,9	26
6:20:10	41	12,9	27
6:20:20	41	12,9	25
6:20:30	41	12,9	24
6:20:40	41	12,9	26
6:20:50	41	13,0	24
6:21:00	41	13,0	24
6:21:10	41	12,9	24
6:21:20	41	13,0	27
6:21:30	41	13,0	30
6:21:40	41	13,0	25
6:21:50	41	13,0	28
6:22:00	41	13,0	31
6:22:10	41	13,0	29
6:22:20	41	13,0	29
6:22:30	41	12,9	27
6:22:40	41	12,9	25
6:22:50	41	12,9	26
6:23:00	41	12,9	27
6:23:10	41	12,9	27
6:23:20	41	12,9	27
6:23:30	41	12,9	27
6:23:40	41	12,9	27
6:23:50	41	12,9	26
6:24:00	41	12,9	26
6:24:10	41	12,8	26
6:24:20	41	12,9	26
6:24:30	41	12,8	26
6:24:40	41	12,8	26
6:24:50	41	12,8	26
6:25:00	41	12,8	27
6:25:10	41	12,7	28
6:25:20	41	12,7	28
6:25:30	41	12,7	28
6:25:40	41	12,7	28
6:25:50	41	12,7	28
6:26:00	41	12,7	28
6:26:10	41	12,6	29
6:26:20	41	12,6	28
6:26:30	41	12,6	29
6:26:40	41	12,6	29
6:26:50	41	12,6	31
6:27:00	41	12,6	29
6:27:10	41	12,5	30
6:27:20	41	12,5	30
6:27:30	41	12,5	31
6:27:40	41	12,5	33
6:27:50	41	12,5	33
6:28:00	41	12,5	32
6:28:10	41	12,5	34
6:28:20	41	12,4	34
6:28:30	41	12,4	33
6:28:40	41	12,4	34
6:28:50	41	12,4	35
6:29:00	41	12,4	35
6:29:10	41	12,4	35
6:29:20	41	12,4	35
6:29:30	41	12,4	34
6:29:40	41	12,4	34
6:29:50	41	12,4	34
6:30:00	41	12,3	35
6:30:10	41	12,3	34
6:30:20	41	12,3	34
6:30:30	41	12,3	34
6:30:40	41	12,3	34
6:30:50	41	12,3	34
6:31:00	41	12,3	35
6:31:10	41	12,3	35
6:31:20	41	12,3	35
6:31:30	41	12,3	35
6:31:40	41	12,3	35
6:31:50	41	12,2	35
6:32:00	41	12,2	37
6:32:10	41	12,2	37
6:32:20	41	12,2	37
6:32:30	41	12,2	38
6:32:40	41	12,2	38
6:32:50	41	12,2	37
6:33:00	41	12,2	37
6:33:10	41	12,2	36
6:33:20	41	12,2	36
6:33:30	41	12,2	36
6:33:40	41	12,2	37
6:33:50	41	12,2	38
6:34:00	41	12,2	39
6:34:10	41	12,2	38
6:34:20	41	12,2	39
6:34:30	41	12,1	39
6:34:40	41	12,1	39
6:34:50	41	12,1	39
6:35:00	41	12,1	39
6:35:10	41	12,1	39
6:35:20	41	12,1	39
6:35:30	41	12,1	40
6:35:40	41	12,1	41
6:35:50	41	12,1	41
6:36:00	41	12,1	41
6:36:10	41	12,1	40
6:36:20	41	12,1	41
6:36:30	41	12,1	41
6:36:40	41	12,1	41
6:36:50	41	12,1	41
6:37:00	41	12,0	41
6:37:10	41	12,0	41
6:37:20	41	12,0	41
6:37:30	41	12,0	41
6:37:40	41	12,0	41
6:37:50	41	12,0	42
6:38:00	41	12,0	46
6:38:10	41	12,0	43
6:38:20	41	12,0	45
6:38:30	41	12,0	46
6:38:40	41	12,0	47
6:38:50	41	12,0	44
6:39:00	41	12,0	44
6:39:10	41	12,0	44
6:39:20	41	12,0	44
6:39:30	41	12,0	44
6:39:40	41	12,0	44
6:39:50	41	12,0	45
6:40:00	41	12,0	46
6:40:10	41	11,9	47
6:40:20	41	12,0	47
6:40:30	41	11,9	48
6:40:40	41	11,9	49
6:40:50	41	11,9	48
6:41:00	41	11,9	48
6:41:10	41	11,9	48
6:41:20	41	11,9	48
6:41:30	41	11,9	48
6:41:40	41	11,9	47
6:41:50	41	11,9	48
6:42:00	41	11,9	49
6:42:10	41	11,9	48
6:42:20	41	11,9	48
6:42:30	41	11,9	48
6:42:40	41	11,9	48
6:42:50	41	11,9	48
6:43:00	41	11,9	48
6:43:10	41	11,9	48
6:43:20	41	11,9	48
6:43:30	41	11,9	48
6:43:40	41	11,9	48
6:43:50	41	11,9	48
6:44:00	41	11,9	48
6:44:10	41	11,9	48
6:44:20	41	11,9	49
6:44:30	41	11,9	49
6:44:40	41	11,9	49
6:44:50	41	11,9	49
6:45:00	41	11,9	49
6:45:10	41	11,9	50
6:45:20	41	11,9	50
6:45:30	41	12,0	50
6:45:40	41	12,0	49
6:45:50	41	12,0	50
6:46:00	41	12,0	50
6:46:10	41	12,0	50
6:46:20	41	12,0	50
6:46:30	41	12,0	49
6:46:40	41	12,0	50
6:46:50	41	12,0	50
6:47:00	41	12,1	50
6:47:10	41	12,1	50
6:47:20	41	12,1	50
6:47:30	41	12,1	50
6:47:40	41	12,1	50
6:47:50	41	12,1	50
6:48:00	41	12,1	50
6:48:10	41	12,1	50
6:48:20	41	12,2	50
6:48:30	41	12,2	50
6:48:40	41	12,2	50
6:48:50	41	12,2	49
6:49:00	41	12,2	50
6:49:10	41	12,2	50
6:49:20	41	12,3	50
6:49:30	41	12,3	50
6:49:40	41	12,3	50
6:49:50	41	12,3	50
6:50:00	41	12,3	49
6:50:10	41	12,4	49
6:50:20	41	12,4	49
6:50:30	41	12,4	49
6:50:40	41	12,4	49
6:50:50	41	12,4	49
6:51:00	41	12,4	49
6:51:10	41	12,5	49
6:51:20	41	12,5	49
6:51:30	41	12,5	48
6:51:40	41	12,5	48
6:51:50	41	12,5	46
6:52:00	41	12,5	49
6:52:10	41	12,6	48
6:52:20	41	12,6	48
6:52:30	41	12,6	48
6:52:40	41	12,6	49
6:52:50	41	12,6	48
6:53:00	41	12,6	48
6:53:10	41	12,6	48
6:53:20	41	12,6	48
6:53:30	41	12,7	47
6:53:40	41	12,7	46
6:53:50	41	12,7	46
6:54:00	41	12,7	46
6:54:10	41	12,7	46
6:54:20	41	12,7	45
6:54:30	41	12,7	45
6:54:40	41	12,7	45
6:54:50	41	12,7	44
6:55:00	41	12,7	45
6:55:10	41	12,7	45
6:55:20	41	12,7	44
6:55:30	41	12,7	44
6:55:40	41	12,7	42
6:55:50	41	12,7	43
6:56:00	41	12,7	43
6:56:10	41	12,7	42
6:56:20	41	12,7	41
6:56:30	41	12,7	40
6:56:40	41	12,7	40
6:56:50	41	12,6	40
6:57:00	41	12,7	39
6:57:10	41	12,7	38
6:57:20	41	12,7	37
6:57:30	41	12,6	37
6:57:40	41	12,6	36
6:57:50	41	12,6	35
6:58:00	41	12,5	35
6:58:10	41	12,5	34
6:58:20	41	12,5	34
6:58:30	41	12,5	33
6:58:40	41	12,4	33
6:58:50	41	12,4	32
6:59:00	41	12,4	31
6:59:10	41	12,4	31
6:59:20	41	12,3	31
6:59:30	41	12,3	30
6:59:40	41	12,3	30
6:59:50	41	12,3	30
7:00:00	41	12,3	29
7:00:10	41	12,3	29
7:00:20	41	12,2	29
7:00:30	41	12,2	28
7:00:40	41	12,2	29
7:00:50	41	12,2	29
7:01:00	41	12,2	30
7:01:10	41	12,2	29
7:01:20	41	12,1	29
7:01:30	41	12,1	29
7:01:40	41	12,1	28
7:01:50	41	12,1	28
7:02:00	41	12,1	28
7:02:10	41	12,1	27
7:02:20	41	12,1	27
7:02:30	41	12,1	27
7:02:40	41	12,1	27
7:02:50	41	12,0	27
7:03:00	41	12,0	26
7:03:10	41	12,0	26
7:03:20	41	12,0	26
7:03:30	41	12,0	26
7:03:40	41	12,0	27
7:03:50	41	12,0	26
7:04:00	41	12,0	27
7:04:10	41	12,0	26
7:04:20	41	12,0	25
7:04:30	41	11,9	25
7:04:40	41	11,9	26
7:04:50	41	11,9	25
7:05:00	41	11,9	24
7:05:10	41	11,9	24
7:05:20	41	11,9	24
7:05:30	41	11,9	24
7:05:40	41	11,9	24
7:05:50	41	11,9	24
7:06:00	41	11,9	24
7:06:10	41	11,9	24
7:06:20	41	11,9	24
7:06:30	41	11,8	24
7:06:40	41	11,8	24
7:06:50	41	11,8	24
7:07:00	41	11,8	23
7:07:10	41	11,8	23
7:07:20	41	11,8	23
7:07:30	41	11,8	23
7:07:40	41	11,8	23
7:07:50	41	11,8	23
7:08:00	41	11,8	23
7:08:10	41	11,8	23
7:08:20	41	11,8	23
7:08:30	41	11,7	23
7:08:40	41	11,7	23
7:08:50	41	11,7	23
7:09:00	41	11,7	23
7:09:10	41	11,7	23
7:09:20	41	11,7	23
7:09:30	41	11,7	23
7:09:40	41	11,7	23
7:09:50	41	11,7	23
7:10:00	41	11,7	23
7:10:10	41	11,7	23
7:10:20	41	11,7	23
7:10:30	41	11,7	23
7:10:40	41	11,7	23
7:10:50	41	11,6	23
7:11:00	41	11,6	23
7:11:10	41	11,6	23
7:11:20	41	11,6	23
7:11:30	41	11,6	23
7:11:40	41	11,6	23
7:11:50	41	11,6	23
7:12:00	41	11,6	23
7:12:10	41	11,6	23
7:12:20	41	11,6	23
7:12:30	41	11,6	23
7:12:40	41	11,6	23
7:12:50	41	11,6	23
7:13:00	41	11,6	23
7:13:10	41	11,6	23
7:13:20	41	11,5	22
7:13:30	41	11,5	22
7:13:40	41	11,5	22
7:13:50	41	11,5	22
7:14:00	41	11,5	22
7:14:10	41	11,5	22
7:14:20	41	11,5	22
7:14:30	41	11,5	22
7:14:40	41	11,5	22
7:14:50	41	11,5	22
7:15:00	41	11,5	22
7:15:10	41	11,5	22
7:15:20	41	11,5	22
7:15:30	41	11,5	22
7:15:40	41	11,4	22
7:15:50	41	11,5	22
7:16:00	41	11,5	22
7:16:10	41	11,5	22
7:16:20	41	11,4	22
7:16:30	41	11,4	22
7:16:40	41	11,4	22
7:16:50	41	11,4	22
7:17:00	41	11,4	22
7:17:10	41	11,4	22
7:17:20	41	11,4	22
7:17:30	41	11,4	22
7:17:40	41	11,4	22
7:17:50	41	11,4	21
7:18:00	41	11,4	21
7:18:10	41	11,4	21
7:18:20	41	11,4	21
7:18:30	41	11,4	21
7:18:40	41	11,4	21
7:18:50	41	11,3	21
7:19:00	41	11,3	21
7:19:10	41	11,3	21
7:19:20	41	11,3	21
7:19:30	41	11,3	21
7:19:40	41	11,3	21
7:19:50	41	11,3	21
7:20:00	41	11,3	21
7:20:10	41	11,3	21
7:20:20	41	11,3	21
7:20:30	41	11,3	21
7:20:40	41	11,3	21
7:20:50	41	11,3	21
7:21:00	41	11,3	21
7:21:10	41	11,3	21
7:21:20	41	11,3	21
7:21:30	41	11,2	21
7:21:40	41	11,2	21
7:21:50	41	11,2	21
7:22:00	41	11,2	21
7:22:10	41	11,2	21
7:22:20	41	11,2	21
7:22:30	41	11,2	21
7:22:40	41	11,2	21
7:22:50	41	11,2	21
7:23:00	41	11,2	21
7:23:10	41	11,2	21
7:23:20	41	11,2	21
7:23:30	41	11,2	21
7:23:40	41	11,2	21
7:23:50	41	11,2	21
7:24:00	41	11,2	21
7:24:10	41	11,2	21
7:24:20	41	11,1	21
7:24:30	41	11,1	21
7:24:40	41	11,1	21
7:24:50	41	11,1	21
7:25:00	41	11,1	21
7:25:10	41	11,1	21
7:25:20	41	11,1	21
7:25:30	41	11,1	21
7:25:40	41	11,1	21
7:25:50	41	11,1	21
7:26:00	41	11,1	21
7:26:10	41	11,1	21
7:26:20	41	11,1	21
7:26:30	41	11,1	21
7:26:40	41	11,1	21
7:26:50	41	11,1	21
7:27:00	41	11,1	21
7:27:10	41	11,1	21
7:27:20	41	11,0	21
7:27:30	41	11,0	21
7:27:40	41	11,0	21
7:27:50	41	11,0	21
7:28:00	41	11,0	21
7:28:10	41	11,0	21
7:28:20	41	11,0	21
7:28:30	41	11,0	21
7:28:40	41	11,0	21
7:28:50	41	11,0	21
7:29:00	41	11,0	21
7:29:10	41	11,0	21
7:29:20	41	11,0	21
7:29:30	41	11,0	21
7:29:40	41	11,0	21
7:29:50	41	10,9	21
7:30:00	41	10,9	21
7:30:10	41	10,9	21
7:30:20	41	10,9	21
7:30:30	41	10,9	21
7:30:40	41	10,9	21
7:30:50	41	10,9	21
7:31:00	41	10,9	21
7:31:10	41	10,9	21
7:31:20	41	10,9	21
7:31:30	41	10,9	21
7:31:40	41	10,9	21
7:31:50	41	10,9	21
7:32:00	41	10,9	21
7:32:10	41	10,9	21
7:32:20	41	10,9	21
7:32:30	41	10,8	21
7:32:40	41	10,8	21
7:32:50	41	10,8	21
7:33:00	41	10,8	21
7:33:10	41	10,8	21
7:33:20	41	10,8	21
7:33:30	41	10,8	21
7:33:40	41	10,9	21
7:33:50	41	10,9	21
7:34:00	41	10,9	21
7:34:10	41	10,9	21
7:34:20	41	10,9	21
7:34:30	41	10,9	21
7:34:40	41	10,9	21
7:34:50	41	10,9	21
7:35:00	41	10,9	21
7:35:10	41	10,9	20
7:35:20	41	10,9	21
7:35:30	41	10,9	21
7:35:40	41	11,0	20
7:35:50	41	11,0	21
7:36:00	41	11,0	21
7:36:10	41	11,0	21
7:36:20	41	11,0	21
7:36:30	41	11,0	20
7:36:40	41	11,1	20
7:36:50	41	11,1	20
7:37:00	41	11,1	20
7:37:10	41	11,1	20
7:37:20	41	11,1	20
7:37:30	41	11,2	20
7:37:40	41	11,2	20
7:37:50	41	11,2	20
7:38:00	41	11,2	21
7:38:10	41	11,2	28
7:38:20	41	11,2	24
7:38:30	41	11,2	23
7:38:40	41	11,2	22
7:38:50	41	11,3	23
7:39:00	41	11,3	22
7:39:10	41	11,3	22
7:39:20	41	11,3	22
7:39:30	41	11,3	22
7:39:40	41	11,3	22
7:39:50	41	11,4	21
7:40:00	41	11,4	21
7:40:10	41	11,4	21
7:40:20	41	11,4	22
7:40:30	41	11,4	23
7:40:40	41	11,4	22
7:40:50	41	11,5	22
7:41:00	41	11,5	22
7:41:10	41	11,5	21
7:41:20	41	11,5	21
7:41:30	41	11,5	22
7:41:40	41	11,5	22
7:41:50	41	11,5	22
7:42:00	41	11,5	22
7:42:10	41	11,6	22
7:42:20	41	11,6	22
7:42:30	41	11,6	22
7:42:40	41	11,6	22
7:42:50	41	11,6	22
7:43:00	41	11,6	22
7:43:10	41	11,6	22
7:43:20	41	11,6	22
7:43:30	41	11,6	22
7:43:40	41	11,6	22
7:43:50	41	11,6	22
7:44:00	41	11,6	22
7:44:10	41	11,6	22
7:44:20	41	11,6	22
7:44:30	41	11,6	22
7:44:40	41	11,6	22
7:44:50	41	11,6	22
7:45:00	41	11,6	22
7:45:10	41	11,6	22
7:45:20	41	11,6	22
7:45:30	41	11,6	22
7:45:40	41	11,6	22
7:45:50	41	11,5	22
7:46:00	41	11,5	22
7:46:10	41	11,5	22
7:46:20	41	11,5	22
7:46:30	41	11,4	22
7:46:40	41	11,4	22
7:46:50	41	11,4	22
7:47:00	41	11,3	22
7:47:10	41	11,3	22
7:47:20	41	11,3	22
7:47:30	41	11,3	22
7:47:40	41	11,3	22
7:47:50	41	11,2	22
7:48:00	41	11,2	23
7:48:10	41	11,2	22
7:48:20	41	11,2	22
7:48:30	41	11,2	22
7:48:40	41	11,1	22
7:48:50	41	11,1	22
7:49:00	41	11,1	22
7:49:10	41	11,1	22
7:49:20	41	11,1	22
7:49:30	41	11,1	22
7:49:40	41	11,1	22
7:49:50	41	11,0	22
7:50:00	41	11,0	22
7:50:10	41	11,0	22
7:50:20	41	11,0	22
7:50:30	41	11,0	23
7:50:40	41	11,0	23
7:50:50	41	11,0	23
7:51:00	41	11,0	23
7:51:10	41	10,9	23
7:51:20	41	10,9	23
7:51:30	41	10,9	23
7:51:40	41	10,9	23
7:51:50	41	10,9	23
7:52:00	41	10,9	23
7:52:10	41	10,9	23
7:52:20	41	10,9	23
7:52:30	41	10,9	23
7:52:40	41	10,8	23
7:52:50	41	10,8	23
7:53:00	41	10,8	23
7:53:10	41	10,8	23
7:53:20	41	10,8	23
7:53:30	41	10,8	23
7:53:40	41	10,8	23
7:53:50	41	10,8	23
7:54:00	41	10,8	23
7:54:10	41	10,8	23
7:54:20	41	10,8	23
7:54:30	41	10,8	23
7:54:40	41	10,7	23
7:54:50	41	10,7	23
7:55:00	41	10,7	23
7:55:10	41	10,7	23
7:55:20	41	10,7	23
7:55:30	41	10,7	24
7:55:40	41	10,7	24
7:55:50	41	10,7	24
7:56:00	41	10,7	24
7:56:10	41	10,7	24
7:56:20	41	10,7	24
7:56:30	41	10,7	24
7:56:40	41	10,7	24
7:56:50	41	10,7	24
7:57:00	41	10,6	24
7:57:10	41	10,6	24
7:57:20	41	10,6	24
7:57:30	41	10,6	24
7:57:40	41	10,6	24
7:57:50	41	10,6	24
7:58:00	41	10,7	24
7:58:10	41	10,7	24
7:58:20	41	10,7	24
7:58:30	41	10,7	24
7:58:40	41	10,7	24
7:58:50	41	10,7	24
7:59:00	41	10,7	24
7:59:10	41	10,7	24
7:59:20	41	10,7	24
7:59:30	41	10,7	24
7:59:40	41	10,7	31
7:59:50	41	10,7	31
8:00:00	41	10,7	31
8:00:10	41	10,5	30
8:00:20	41	10,5	31
8:00:30	41	10,5	31
8:00:40	41	10,5	31
8:00:50	41	10,5	31
8:01:00	41	10,5	31
8:01:10	41	10,4	31
8:01:20	41	10,5	31
8:01:30	41	10,4	31
8:01:40	41	10,4	31
8:01:50	41	10,4	31
8:02:00	41	10,4	31
8:02:10	41	10,4	31
8:02:20	41	10,4	31
8:02:30	41	10,4	24
8:02:40	41	10,4	24
8:02:50	41	10,4	24
8:03:00	41	10,4	24
8:03:10	41	10,4	24
8:03:20	41	10,3	25
8:03:30	41	10,4	25
8:03:40	41	10,3	25
8:03:50	41	10,3	25
8:04:00	41	10,3	25
8:04:10	41	10,3	25
8:04:20	41	10,3	25
8:04:30	41	10,3	25
8:04:40	41	10,3	25
8:04:50	41	10,3	25
8:05:00	41	10,3	25
8:05:10	41	10,3	25
8:05:20	41	10,3	25
8:05:30	41	10,3	25
8:05:40	41	10,3	25
8:05:50	41	10,3	25
8:06:00	41	10,2	26
8:06:10	41	10,3	25
8:06:20	41	10,2	25
8:06:30	41	10,2	25
8:06:40	41	10,2	25
8:06:50	41	10,2	25
8:07:00	41	10,2	25
8:07:10	41	10,2	25
8:07:20	41	10,2	25
8:07:30	41	10,2	25
8:07:40	41	10,2	25
8:07:50	41	10,2	25
8:08:00	41	10,2	26
8:08:10	41	10,2	26
8:08:20	41	10,2	25
8:08:30	41	10,2	25
8:08:40	41	10,2	26
8:08:50	41	10,1	26
8:09:00	41	10,1	26
8:09:10	41	10,1	26
8:09:20	41	10,1	26
8:09:30	41	10,1	26
8:09:40	41	10,1	26
8:09:50	41	10,1	26
8:10:00	41	10,1	26
8:10:10	41	10,1	26
8:10:20	41	10,1	26
8:10:30	41	10,1	26
8:10:40	41	10,1	26
8:10:50	41	10,1	26
8:11:00	41	10,1	26
8:11:10	41	10,1	26
8:11:20	41	10,0	26
8:11:30	41	10,0	27
8:11:40	41	10,0	27
8:11:50	41	10,0	27
8:12:00	41	10,0	27
8:12:10	41	10,0	27
8:12:20	41	10,0	27
8:12:30	41	10,0	27
8:12:40	41	10,0	27
8:12:50	41	10,0	27
8:13:00	41	10,0	27
8:13:10	41	10,0	27
8:13:20	41	10,0	27
8:13:30	41	10,0	27
8:13:40	41	10,0	27
8:13:50	41	9,9	27
8:14:00	41	9,9	27
8:14:10	41	9,9	27
8:14:20	41	9,9	27
8:14:30	41	9,9	27
8:14:40	41	9,9	27
8:14:50	41	9,9	27
8:15:00	41	9,9	27
8:15:10	41	9,9	27
8:15:20	41	9,8	27
8:15:30	41	9,9	27
8:15:40	41	9,8	27
8:15:50	41	9,8	28
8:16:00	41	9,8	28
8:16:10	41	9,8	28
8:16:20	41	9,8	28
8:16:30	41	9,8	28
8:16:40	41	9,8	28
8:16:50	41	9,8	28
8:17:00	41	9,8	28
8:17:10	41	9,8	28
8:17:20	41	9,8	28
8:17:30	41	9,8	28
8:17:40	41	9,8	28
8:17:50	41	9,8	28
8:18:00	41	9,8	28
8:18:10	41	9,8	28
8:18:20	41	9,7	28
8:18:30	41	9,8	28
8:18:40	41	9,8	28
8:18:50	41	9,8	28
8:19:00	41	9,8	28
8:19:10	41	9,8	28
8:19:20	41	9,7	28
8:19:30	41	9,7	28
8:19:40	41	9,7	28
8:19:50	41	9,7	29
8:20:00	41	9,7	29
8:20:10	41	9,7	29
8:20:20	41	9,7	29
8:20:30	41	9,7	29
8:20:40	41	9,7	29
8:20:50	41	9,7	29
8:21:00	41	9,7	29
8:21:10	41	9,7	29
8:21:20	41	9,7	29
8:21:30	41	9,7	29
8:21:40	41	9,7	29
8:21:50	41	9,7	29
8:22:00	41	9,7	29
8:22:10	41	9,6	29
8:22:20	41	9,6	29
8:22:30	41	9,6	29
8:22:40	41	9,6	29
8:22:50	41	9,6	29
8:23:00	41	9,6	29
8:23:10	41	9,6	29
8:23:20	41	9,6	30
8:23:30	41	9,6	30
8:23:40	41	9,6	30
8:23:50	41	9,6	30
8:24:00	41	9,6	30
8:24:10	41	9,6	30
8:24:20	41	9,6	30
8:24:30	41	9,6	32
8:24:40	41	9,6	31
8:24:50	41	9,6	31
8:25:00	41	9,5	31
8:25:10	41	9,5	31
8:25:20	41	9,5	31
8:25:30	41	9,5	32
8:25:40	41	9,5	30
8:25:50	41	9,5	30
8:26:00	41	9,5	32
8:26:10	41	9,5	31
8:26:20	41	9,5	32
8:26:30	41	9,5	32
8:26:40	41	9,5	32
8:26:50	41	9,5	31
8:27:00	41	9,5	31
8:27:10	41	9,5	31
8:27:20	41	9,5	31
8:27:30	41	9,5	31
8:27:40	41	9,4	31
8:27:50	41	9,4	31
8:28:00	41	9,4	31
8:28:10	41	9,4	31
8:28:20	41	9,4	31
8:28:30	41	9,4	31
8:28:40	41	9,4	30
8:28:50	41	9,4	30
8:29:00	41	9,4	31
8:29:10	41	9,4	31
8:29:20	41	9,4	31
8:29:30	41	9,4	31
8:29:40	41	9,4	31
8:29:50	41	9,4	31
8:30:00	41	9,4	31
8:30:10	41	9,4	31
8:30:20	41	9,4	31
8:30:30	41	9,4	31
8:30:40	41	9,3	31
8:30:50	41	9,3	31
8:31:00	41	9,3	31
8:31:10	41	9,3	31
8:31:20	41	9,3	31
8:31:30	41	9,3	31
8:31:40	41	9,3	31
8:31:50	41	9,3	31
8:32:00	41	9,3	31
8:32:10	41	9,3	31
8:32:20	41	9,3	31
8:32:30	41	9,3	31
8:32:40	41	9,3	32
8:32:50	41	9,3	32
8:33:00	41	9,3	33
8:33:10	41	9,3	33
8:33:20	41	9,2	32
8:33:30	41	9,2	33
8:33:40	41	9,2	32
8:33:50	41	9,2	32
8:34:00	41	9,2	32
8:34:10	41	9,2	32
8:34:20	41	9,2	32
8:34:30	41	9,2	32
8:34:40	41	9,2	32
8:34:50	41	9,2	32
8:35:00	41	9,2	34
8:35:10	41	9,2	34
8:35:20	41	9,2	33
8:35:30	41	9,2	33
8:35:40	41	9,2	33
8:35:50	41	9,2	33
8:36:00	41	9,2	34
8:36:10	41	9,1	33
8:36:20	41	9,1	34
8:36:30	41	9,1	34
8:36:40	41	9,1	34
8:36:50	41	9,1	33
8:37:00	41	9,1	34
8:37:10	41	9,1	34
8:37:20	41	9,1	34
8:37:30	41	9,1	34
8:37:40	41	9,1	34
8:37:50	41	9,1	34
8:38:00	41	9,1	34
8:38:10	41	9,1	34
8:38:20	41	9,1	34
8:38:30	41	9,1	35
8:38:40	41	9,1	34
8:38:50	41	9,1	34
8:39:00	41	9,0	34
8:39:10	41	9,0	34
8:39:20	41	9,0	34
8:39:30	41	9,0	34
8:39:40	41	9,0	34
8:39:50	41	9,0	34
8:40:00	41	9,0	35
8:40:10	41	9,0	34
8:40:20	41	9,0	35
8:40:30	41	9,0	35
8:40:40	41	9,0	35
8:40:50	41	9,0	35
8:41:00	41	9,0	35
8:41:10	41	9,0	35
8:41:20	41	9,0	35
8:41:30	41	9,0	35
8:41:40	41	9,0	35
8:41:50	41	9,0	35
8:42:00	41	8,9	35
8:42:10	41	8,9	35
8:42:20	41	8,9	35
8:42:30	41	8,9	35
8:42:40	41	8,9	36
8:42:50	41	8,9	36
8:43:00	41	8,9	35
8:43:10	41	8,9	36
8:43:20	41	8,9	36
8:43:30	41	8,9	36
8:43:40	41	8,9	36
8:43:50	41	8,9	36
8:44:00	41	8,9	36
8:44:10	41	8,9	36
8:44:20	41	8,9	36
8:44:30	41	8,9	36
8:44:40	41	8,8	36
8:44:50	41	8,8	36
8:45:00	41	8,8	36
8:45:10	41	8,8	36
8:45:20	41	8,8	36
8:45:30	41	8,8	36
8:45:40	41	8,8	36
8:45:50	41	8,8	36
8:46:00	41	8,8	37
8:46:10	41	8,8	36
8:46:20	41	8,8	37
8:46:30	41	8,8	37
8:46:40	41	8,8	37
8:46:50	41	8,8	37
8:47:00	41	8,8	37
8:47:10	41	8,8	37
8:47:20	41	8,7	37
8:47:30	41	8,7	37
8:47:40	41	8,7	37
8:47:50	41	8,7	37
8:48:00	41	8,7	37
8:48:10	41	8,7	37
8:48:20	41	8,7	37
8:48:30	41	8,7	37
8:48:40	41	8,7	37
8:48:50	41	8,7	38
8:49:00	41	8,7	38
8:49:10	41	8,7	38
8:49:20	41	8,7	38
8:49:30	41	8,7	38
8:49:40	41	8,7	38
8:49:50	41	8,7	38
8:50:00	41	8,6	38
8:50:10	41	8,6	38
8:50:20	41	8,6	38
8:50:30	41	8,6	38
8:50:40	41	8,6	38
8:50:50	41	8,6	38
8:51:00	41	8,6	38
8:51:10	41	8,6	38
8:51:20	41	8,6	38
8:51:30	41	8,6	38
8:51:40	41	8,6	39
8:51:50	41	8,6	38
8:52:00	41	8,6	38
8:52:10	41	8,6	38
8:52:20	41	8,6	39
8:52:30	41	8,6	39
8:52:40	41	8,6	39
8:52:50	41	8,5	39
8:53:00	41	8,5	39
8:53:10	41	8,5	39
8:53:20	41	8,5	39
8:53:30	41	8,5	39
8:53:40	41	8,5	39
8:53:50	41	8,5	39
8:54:00	41	8,5	39
8:54:10	41	8,5	39
8:54:20	41	8,5	39
8:54:30	41	8,5	40
8:54:40	41	8,5	39
8:54:50	41	8,5	39
8:55:00	41	8,5	40
8:55:10	41	8,5	40
8:55:20	41	8,5	40
8:55:30	41	8,4	40
8:55:40	41	8,4	40
8:55:50	41	8,4	40
8:56:00	41	8,4	39
8:56:10	41	8,4	39
8:56:20	41	8,4	39
8:56:30	41	8,4	40
8:56:40	41	8,4	40
8:56:50	41	8,4	39
8:57:00	41	8,4	40
8:57:10	41	8,4	40
8:57:20	41	8,4	40
8:57:30	41	8,4	40
8:57:40	41	8,4	40
8:57:50	41	8,4	40
8:58:00	41	8,4	40
8:58:10	41	8,4	40
8:58:20	41	8,4	40
8:58:30	41	8,3	40
8:58:40	41	8,3	40
8:58:50	41	8,3	40
8:59:00	41	8,3	40
8:59:10	41	8,3	41
8:59:20	41	8,3	41
8:59:30	41	8,3	41
8:59:40	41	8,3	41
8:59:50	41	8,3	41
9:00:00	41	8,3	41
9:00:10	41	8,3	41
9:00:20	41	8,3	41
9:00:30	41	8,3	41
9:00:40	41	8,3	41
9:00:50	41	8,3	41
9:01:00	41	8,3	41
9:01:10	41	8,2	41
9:01:20	41	8,2	42
9:01:30	41	8,2	41
9:01:40	41	8,2	41
9:01:50	41	8,2	42
9:02:00	41	8,2	42
9:02:10	41	8,2	42
9:02:20	41	8,2	41
9:02:30	41	8,2	42
9:02:40	41	8,2	42
9:02:50	41	8,2	43
9:03:00	41	8,2	42
9:03:10	41	8,2	42
9:03:20	41	8,2	43
9:03:30	41	8,2	42
9:03:40	41	8,2	42
9:03:50	41	8,2	42
9:04:00	41	8,2	43
9:04:10	41	8,1	43
9:04:20	41	8,1	42
9:04:30	41	8,1	42
9:04:40	41	8,1	43
9:04:50	41	8,1	43
9:05:00	41	8,1	43
9:05:10	41	8,1	43
9:05:20	41	8,1	43
9:05:30	41	8,1	43
9:05:40	41	8,1	43
9:05:50	41	8,1	43
9:06:00	41	8,1	43
9:06:10	41	8,1	43
9:06:20	41	8,1	43
9:06:30	41	8,0	43
9:06:40	41	8,0	43
9:06:50	41	8,0	44
9:07:00	41	8,0	44
9:07:10	41	8,0	43
9:07:20	41	8,0	44
9:07:30	41	8,0	44
9:07:40	41	8,0	44
9:07:50	41	8,0	43
9:08:00	41	8,0	44
9:08:10	41	8,0	44
9:08:20	41	8,0	44
9:08:30	41	8,0	44
9:08:40	41	8,0	44
9:08:50	41	8,0	45
9:09:00	41	8,0	45
9:09:10	41	8,0	44
9:09:20	41	8,0	45
9:09:30	41	7,9	46
9:09:40	41	7,9	46
9:09:50	41	7,9	45
9:10:00	41	7,9	45
9:10:10	41	7,9	45
9:10:20	41	7,9	45
9:10:30	41	7,9	45
9:10:40	41	7,9	45
9:10:50	41	7,9	45
9:11:00	41	7,9	45
9:11:10	41	7,9	45
9:11:20	41	7,9	45
9:11:30	41	7,9	45
9:11:40	41	7,9	46
9:11:50	41	7,9	45
9:12:00	41	7,9	45
9:12:10	41	7,8	45
9:12:20	41	7,8	46
9:12:30	41	7,8	45
9:12:40	41	7,8	45
9:12:50	41	7,8	46
9:13:00	41	7,8	46
9:13:10	41	7,8	46
9:13:20	41	7,8	46
9:13:30	41	7,8	46
9:13:40	41	7,8	46
9:13:50	41	7,8	46
9:14:00	41	7,8	46
9:14:10	41	7,8	46
9:14:20	41	7,8	46
9:14:30	41	7,8	46
9:14:40	41	7,8	46
9:14:50	41	7,8	46
9:15:00	41	7,7	47
9:15:10	41	7,7	47
9:15:20	41	7,7	46
9:15:30	41	7,7	46
9:15:40	41	7,7	47
9:15:50	41	7,7	47
9:16:00	41	7,7	47
9:16:10	41	7,7	47
9:16:20	41	7,7	47
9:16:30	41	7,7	47
9:16:40	41	7,7	47
9:16:50	41	7,7	47
9:17:00	41	7,7	48
9:17:10	41	7,7	48
9:17:20	41	7,7	48
9:17:30	41	7,7	48
9:17:40	41	7,7	48
9:17:50	41	7,7	48
9:18:00	41	7,6	48
9:18:10	41	7,6	48
9:18:20	41	7,6	48
9:18:30	41	7,6	49
9:18:40	41	7,6	48
9:18:50	41	7,6	48
9:19:00	41	7,6	49
9:19:10	41	7,6	49
9:19:20	41	7,6	49
9:19:30	41	7,6	49
9:19:40	41	7,6	49
9:19:50	41	7,6	50
9:20:00	41	7,6	49
9:20:10	41	7,6	48
9:20:20	41	7,6	49
9:20:30	41	7,6	49
9:20:40	41	7,5	49
9:20:50	41	7,5	49
9:21:00	41	7,5	49
9:21:10	41	7,5	49
9:21:20	41	7,5	49
9:21:30	41	7,5	49
9:21:40	41	7,5	49
9:21:50	41	7,5	49
9:22:00	41	7,5	49
9:22:10	41	7,5	49
9:22:20	41	7,5	49
9:22:30	41	7,5	49
9:22:40	41	7,5	49
9:22:50	41	7,5	49
9:23:00	41	7,5	50
9:23:10	41	7,5	50
9:23:20	41	7,5	50
9:23:30	41	7,4	50
9:23:40	41	7,4	50
9:23:50	41	7,4	50
9:24:00	41	7,4	50
9:24:10	41	7,4	50
9:24:20	41	7,4	50
9:24:30	41	7,4	50
9:24:40	41	7,4	50
9:24:50	41	7,4	50
9:25:00	41	7,4	50
9:25:10	41	7,4	50
9:25:20	41	7,4	51
9:25:30	41	7,4	50
9:25:40	41	7,4	50
9:25:50	41	7,4	51
9:26:00	41	7,4	51
9:26:10	41	7,4	51
9:26:20	41	7,4	51
9:26:30	41	7,3	51
9:26:40	41	7,3	51
9:26:50	41	7,3	52
9:27:00	41	7,3	52
9:27:10	41	7,3	52
9:27:20	41	7,3	52
9:27:30	41	7,3	52
9:27:40	41	7,3	52
9:27:50	41	7,3	52
9:28:00	41	7,3	52
9:28:10	41	7,3	52
9:28:20	41	7,3	52
9:28:30	41	7,3	52
9:28:40	41	7,3	53
9:28:50	41	7,3	53
9:29:00	41	7,3	52
9:29:10	41	7,3	53
9:29:20	41	7,2	53
9:29:30	41	7,2	53
9:29:40	41	7,2	53
9:29:50	41	7,2	53
9:30:00	41	7,2	53
9:30:10	41	7,2	53
9:30:20	41	7,2	53
9:30:30	41	7,2	53
9:30:40	41	7,2	53
9:30:50	41	7,2	54
9:31:00	41	7,2	54
9:31:10	41	7,2	54
9:31:20	41	7,2	54
9:31:30	41	7,2	54
9:31:40	41	7,2	54
9:31:50	41	7,2	54
9:32:00	41	7,1	54
9:32:10	41	7,1	54
9:32:20	41	7,1	54
9:32:30	41	7,1	54
9:32:40	41	7,1	54
9:32:50	41	7,1	54
9:33:00	41	7,1	54
9:33:10	41	7,1	54
9:33:20	41	7,1	54
9:33:30	41	7,1	55
9:33:40	41	7,1	55
9:33:50	41	7,1	55
9:34:00	41	7,1	55
9:34:10	41	7,1	55
9:34:20	41	7,2	55
9:34:30	41	7,1	55
9:34:40	41	7,1	55
9:34:50	41	7,0	55
9:35:00	41	7,0	56
9:35:10	41	7,0	56
9:35:20	41	7,0	56
9:35:30	41	7,0	56
9:35:40	41	7,0	56
9:35:50	41	7,0	56
9:36:00	41	7,0	56
9:36:10	41	7,0	56
9:36:20	41	7,0	56
9:36:30	41	7,0	56
9:36:40	41	7,0	56
9:36:50	41	7,0	56
9:37:00	41	7,0	56
9:37:10	41	7,0	56
9:37:20	41	7,0	56
9:37:30	41	7,0	56
9:37:40	41	7,0	56
9:37:50	41	7,0	56
9:38:00	41	7,0	56
9:38:10	41	7,0	56
9:38:20	41	7,0	57
9:38:30	41	7,0	57
9:38:40	41	7,0	56
9:38:50	41	7,0	57
9:39:00	41	6,9	57
9:39:10	41	6,9	57
9:39:20	41	6,9	57
9:39:30	41	6,9	57
9:39:40	41	6,9	57
9:39:50	41	6,9	57
9:40:00	41	6,9	57
9:40:10	41	6,9	57
9:40:20	41	6,9	57
9:40:30	41	6,9	57
9:40:40	41	6,9	57
9:40:50	41	6,9	57
9:41:00	41	6,9	57
9:41:10	41	6,9	57
9:41:20	41	6,9	57
9:41:30	41	6,9	56
9:41:40	41	6,9	58
9:41:50	41	6,8	58
9:42:00	41	6,8	57
9:42:10	41	6,8	57
9:42:20	41	6,8	58
9:42:30	41	6,8	58
9:42:40	41	6,8	58
9:42:50	41	6,8	58
9:43:00	41	6,8	58
9:43:10	41	6,8	58
9:43:20	41	6,8	57
9:43:30	41	6,8	58
9:43:40	41	6,8	58
9:43:50	41	6,8	58
9:44:00	41	6,8	60
9:44:10	41	6,7	58
9:44:20	41	6,7	58
9:44:30	41	6,8	59
9:44:40	41	6,7	57
9:44:50	41	6,7	58
9:45:00	41	6,7	59
9:45:10	41	6,7	59
9:45:20	41	6,7	56
9:45:30	41	6,7	59
9:45:40	41	6,7	59
9:45:50	41	6,7	59
9:46:00	41	6,7	59
9:46:10	41	6,7	59
9:46:20	41	6,7	59
9:46:30	41	6,7	59
9:46:40	41	6,7	59
9:46:50	41	6,7	58
9:47:00	41	6,7	60
9:47:10	41	6,7	60
9:47:20	41	6,7	57
9:47:30	41	6,7	59
9:47:40	41	6,7	59
9:47:50	41	6,6	60
9:48:00	41	6,6	61
9:48:10	41	6,6	60
9:48:20	41	6,6	60
9:48:30	41	6,6	60
9:48:40	41	6,6	60
9:48:50	41	6,6	60
9:49:00	41	6,6	60
9:49:10	41	6,6	60
9:49:20	41	6,6	60
9:49:30	41	6,6	60
9:49:40	41	6,6	60
9:49:50	41	6,6	60
9:50:00	41	6,6	60
9:50:10	41	6,6	60
9:50:20	41	6,6	60
9:50:30	41	6,6	60
9:50:40	41	6,6	60
9:50:50	41	6,5	59
9:51:00	41	6,5	60
9:51:10	41	6,5	61
9:51:20	41	6,5	59
9:51:30	41	6,5	59
9:51:40	41	6,5	54
9:51:50	41	6,5	61
9:52:00	41	6,5	61
9:52:10	41	6,5	61
9:52:20	41	6,5	61
9:52:30	41	6,5	61
9:52:40	41	6,5	61
9:52:50	41	6,5	60
9:53:00	41	6,5	61
9:53:10	41	6,5	61
9:53:20	41	6,5	61
9:53:30	41	6,5	60
9:53:40	41	6,5	61
9:53:50	41	6,5	61
9:54:00	41	6,5	61
9:54:10	41	6,4	61
9:54:20	41	6,4	61
9:54:30	41	6,4	61
9:54:40	41	6,4	61
9:54:50	41	6,4	61
9:55:00	41	6,4	60
9:55:10	41	6,4	61
9:55:20	41	6,4	61
9:55:30	41	6,4	61
9:55:40	41	6,4	61
9:55:50	41	6,4	61
9:56:00	41	6,4	61
9:56:10	41	6,4	61
9:56:20	41	6,4	61
9:56:30	41	6,4	61
9:56:40	41	6,4	61
9:56:50	41	6,4	61
9:57:00	41	6,4	61
9:57:10	41	6,4	61
9:57:20	41	6,4	61
9:57:30	41	6,4	61
9:57:40	41	6,3	61
9:57:50	41	6,3	62
9:58:00	41	6,3	62
9:58:10	41	6,3	61
9:58:20	41	6,3	62
9:58:30	41	6,3	62
9:58:40	41	6,3	62
9:58:50	41	6,3	62
9:59:00	41	6,3	62
9:59:10	41	6,3	63
9:59:20	41	6,3	64
9:59:30	41	6,3	63
9:59:40	41	6,3	62
9:59:50	41	6,3	62
10:00:00	41	6,3	62
10:00:10	41	6,3	62
10:00:20	41	6,3	62
10:00:30	41	6,3	62
10:00:40	41	6,3	62
10:00:50	41	6,2	62
10:01:00	41	6,2	63
10:01:10	41	6,2	63
10:01:20	41	6,2	63
10:01:30	41	6,2	63
10:01:40	41	6,2	63
10:01:50	41	6,2	63
10:02:00	41	6,2	63
10:02:10	41	6,2	63
10:02:20	41	6,2	63
10:02:30	41	6,2	63
10:02:40	41	6,3	63
10:02:50	41	6,3	63
10:03:00	41	6,3	63
10:03:10	41	6,3	63
10:03:20	41	6,2	63
10:03:30	41	6,2	63
10:03:40	41	6,2	63
10:03:50	41	6,1	63
10:04:00	41	6,2	63
10:04:10	41	6,2	63
10:04:20	41	6,2	63
10:04:30	41	6,1	63
10:04:40	41	6,1	63
10:04:50	41	6,1	63
10:05:00	41	6,1	63
10:05:10	41	6,2	63
10:05:20	41	6,2	63
10:05:30	41	6,2	63
10:05:40	41	6,1	63
10:05:50	41	6,1	63
10:06:00	41	6,2	64
10:06:10	41	6,2	63
10:06:20	41	6,2	63
10:06:30	41	6,2	61
10:06:40	41	6,2	63
10:06:50	41	6,2	62
10:07:00	41	6,2	63
10:07:10	41	6,2	59
10:07:20	41	6,3	64
10:07:30	41	6,3	61
10:07:40	41	6,3	63
10:07:50	41	6,3	61
10:08:00	41	6,3	63
10:08:10	41	6,4	64
10:08:20	41	6,4	62
10:08:30	41	6,4	62
10:08:40	41	6,4	64
10:08:50	41	6,4	64
10:09:00	41	6,4	59
10:09:10	41	6,5	62
10:09:20	41	6,4	64
10:09:30	41	6,4	64
10:09:40	41	6,6	61
10:09:50	41	6,5	61
10:10:00	41	6,5	64
10:10:10	41	6,5	64
10:10:20	41	6,6	62
10:10:30	41	6,6	61
10:10:40	41	6,6	64
10:10:50	41	6,6	64
10:11:00	41	6,6	60
10:11:10	41	6,7	63
10:11:20	41	6,7	63
10:11:30	41	6,7	64
10:11:40	41	6,7	62
10:11:50	41	6,7	63
10:12:00	41	6,7	63
10:12:10	41	6,8	63
10:12:20	41	6,8	61
10:12:30	41	6,9	63
10:12:40	41	6,9	59
10:12:50	41	6,9	63
10:13:00	41	6,9	62
10:13:10	41	6,9	63
10:13:20	41	7,0	63
10:13:30	41	7,0	63
10:13:40	41	7,0	63
10:13:50	41	7,0	63
10:14:00	41	7,0	62
10:14:10	41	7,0	63
10:14:20	41	7,0	61
10:14:30	41	7,0	63
10:14:40	41	7,0	63
10:14:50	41	7,1	63
10:15:00	41	7,1	62
10:15:10	41	7,1	63
10:15:20	41	7,1	63
10:15:30	41	7,1	63
10:15:40	41	7,1	64
10:15:50	41	7,2	63
10:16:00	41	7,1	63
10:16:10	41	7,2	63
10:16:20	41	7,2	64
10:16:30	41	7,2	61
10:16:40	41	7,2	62
10:16:50	41	7,2	64
10:17:00	41	7,2	64
10:17:10	41	7,2	62
10:17:20	41	7,2	64
10:17:30	41	7,2	64
10:17:40	41	7,2	64
10:17:50	41	7,2	62
10:18:00	41	7,2	64
10:18:10	41	7,2	64
10:18:20	41	7,2	64
10:18:30	41	7,1	64
10:18:40	41	7,1	64
10:18:50	41	7,1	64
10:19:00	41	7,1	64
10:19:10	41	7,1	64
10:19:20	41	7,1	64
10:19:30	41	7,1	64
10:19:40	41	7,1	64
10:19:50	41	7,0	64
10:20:00	41	7,0	64
10:20:10	41	7,0	64
10:20:20	41	7,0	63
10:20:30	41	6,9	64
10:20:40	41	6,9	64
10:20:50	41	6,9	64
10:21:00	41	6,8	64
10:21:10	41	6,8	64
10:21:20	41	6,8	64
10:21:30	41	6,8	64
10:21:40	41	6,7	64
10:21:50	41	6,7	64
10:22:00	41	6,7	64
10:22:10	41	6,7	64
10:22:20	41	6,7	65
10:22:30	41	6,7	64
10:22:40	41	6,6	63
10:22:50	41	6,6	65
10:23:00	41	6,6	65
10:23:10	41	6,6	62
10:23:20	41	6,6	63
10:23:30	41	6,6	65
10:23:40	41	6,5	65
10:23:50	41	6,5	65
10:24:00	41	6,5	63
10:24:10	41	6,5	65
10:24:20	41	6,5	65
10:24:30	41	6,5	65
10:24:40	41	6,5	65
10:24:50	41	6,5	65
10:25:00	41	6,4	65
10:25:10	41	6,4	65
10:25:20	41	6,4	65
10:25:30	41	6,4	65
10:25:40	41	6,4	65
10:25:50	41	6,4	65
10:26:00	41	6,4	65
10:26:10	41	6,4	65
10:26:20	41	6,4	65
10:26:30	41	6,4	65
10:26:40	41	6,3	65
10:26:50	41	6,3	65
10:27:00	41	6,3	65
10:27:10	41	6,3	65
10:27:20	41	6,3	65
10:27:30	41	6,3	65
10:27:40	41	6,3	65
10:27:50	41	6,3	65
10:28:00	41	6,3	65
10:28:10	41	6,3	65
10:28:20	41	6,2	65
10:28:30	41	6,2	65
10:28:40	41	6,2	64
10:28:50	41	6,2	65
10:29:00	41	6,2	66
10:29:10	41	6,2	67
10:29:20	41	6,2	68
10:29:30	41	6,2	67
10:29:40	41	6,2	66
10:29:50	41	6,2	67
10:30:00	41	6,2	66
10:30:10	41	6,2	66
10:30:20	41	6,1	66
10:30:30	41	6,1	66
10:30:40	41	6,1	66
10:30:50	41	6,1	66
10:31:00	41	6,1	66
10:31:10	41	6,1	66
10:31:20	41	6,1	66
10:31:30	41	6,1	66
10:31:40	41	6,1	66
10:31:50	41	6,1	66
10:32:00	41	6,1	66
10:32:10	41	6,1	66
10:32:20	41	6,1	66
10:32:30	41	6,1	66
10:32:40	41	6,1	66
10:32:50	41	6,0	66
10:33:00	41	6,0	66
10:33:10	41	6,0	66
10:33:20	41	6,0	67
10:33:30	41	6,0	66
10:33:40	41	6,0	66
10:33:50	41	6,0	67
10:34:00	41	6,0	67
10:34:10	41	6,0	66
10:34:20	41	6,0	66
10:34:30	41	6,0	67
10:34:40	41	6,0	67
10:34:50	41	6,0	67
10:35:00	41	6,0	67
10:35:10	41	6,0	67
10:35:20	41	5,9	67
10:35:30	41	5,9	67
10:35:40	41	5,9	67
10:35:50	41	5,9	67
10:36:00	41	5,9	67
10:36:10	41	5,9	67
10:36:20	41	5,9	67
10:36:30	41	5,9	67
10:36:40	41	5,9	67
10:36:50	41	5,9	67
10:37:00	41	5,9	67
10:37:10	41	5,9	67
10:37:20	41	5,9	69
10:37:30	41	5,9	68
10:37:40	41	5,9	68
10:37:50	41	5,9	68
10:38:00	41	5,9	68
10:38:10	41	5,8	68
10:38:20	41	5,8	67
10:38:30	41	5,8	68
10:38:40	41	5,8	68
10:38:50	41	5,8	68
10:39:00	41	5,8	68
10:39:10	41	5,8	68
10:39:20	41	5,8	68
10:39:30	41	5,8	68
10:39:40	41	5,8	68
10:39:50	41	5,8	68
10:40:00	41	5,8	68
10:40:10	41	5,8	68
10:40:20	41	5,8	68
10:40:30	41	5,8	68
10:40:40	41	5,8	68
10:40:50	41	5,8	68
10:41:00	41	5,8	68
10:41:10	41	5,7	68
10:41:20	41	5,7	68
10:41:30	41	5,7	68
10:41:40	41	5,7	68
10:41:50	41	5,7	68
10:42:00	41	5,7	68
10:42:10	41	5,7	68
10:42:20	41	5,7	68
10:42:30	41	5,7	68
10:42:40	41	5,7	68
10:42:50	41	5,7	68
10:43:00	41	5,7	68
10:43:10	41	5,7	68
10:43:20	41	5,7	68
10:43:30	41	5,7	68
10:43:40	41	5,7	68
10:43:50	41	5,7	68
10:44:00	41	5,7	68
10:44:10	41	5,7	70
10:44:20	41	5,6	69
10:44:30	41	5,6	70
10:44:40	41	5,6	69
10:44:50	41	5,6	70
10:45:00	41	5,6	69
10:45:10	41	5,6	69
10:45:20	41	5,6	69
10:45:30	41	5,6	69
10:45:40	41	5,6	69
10:45:50	41	5,6	69
10:46:00	41	5,6	69
10:46:10	41	5,6	69
10:46:20	41	5,6	69
10:46:30	41	5,6	69
10:46:40	41	5,6	69
10:46:50	41	5,6	69
10:47:00	41	5,6	69
10:47:10	41	5,6	69
10:47:20	41	5,6	69
10:47:30	41	5,6	69
10:47:40	41	5,5	69
10:47:50	41	5,5	69
10:48:00	41	5,5	69
10:48:10	41	5,5	70
10:48:20	41	5,5	72
10:48:30	41	5,5	70
