--Test Summary--
Full Path and File Name	
Instrument Name	SGSA/UCA
Instrument Type	Model 5265 SGSA/UCA
Instrument Serial Number	
Test Start Date	07.06.2021
Test Start Time	10:52:21
Test Stop Date	08.06.2021
Test Stop Time	10:23:07
Test Length	23:30:46
Final Sample Time Offset	23:30:30
Controller Schedule Name	
Sampling Period	30 seconds
Comments	
Information	WellID	
Information	Customer	
Information	EngName	
Information	CementClass	
Information	CementMfr	
Information	Additives	100G+5DART+0.35CFL-500+0.23CD-301+0.15CR-225
Information	Density	1900
Information	BHCT	72
Information	BHST	95
Information	FluidLoss	
Information	JobType	
Calculated Value	CS_50	6:59:30
Calculated Value	CS_500	7:38:30
Calculated Value	SGS_Initial	N/A
Calculated Value	SGS_Final	N/A
Calculated Value	CS_Time8h	6,30 MPa
Calculated Value	CS_Time12h	16,51 MPa
Calculated Value	Time_SGS_100lb/100ft2	N/A
Calculated Value	Time_SGS_500lb/100ft2	N/A
Calculated Value	CS_Time24h	N/A
Calculated Value	CS_Time48h	N/A
Calculated Curve	Compressive Strength	Compressive strength type B (more than 14 lb/gal)
Calculated Curve	Static Gel Strength	Static gel strength
Initial Temperature (°C)	27 °C
Final Temperature (°C)	96 °C
Initial Pressure (psi)	2889 psi
Final Pressure (psi)	94 psi
Initial Transit Time (microsec/in)	16,14 microsec/in
Final Transit Time (microsec/in)	8,29 microsec/in
Initial Gel Value	5150
Final Gel Value	7918
Initial Compressive Strength (MPa)	0,00 MPa
Final Compressive Strength (MPa)	20,88 MPa
Initial Static Gel Strength (lb/100ft2)	N/A
Final Static Gel Strength (lb/100ft2)	N/A
--Data--
Time (HH:MM:SS)	Temperature (°C)	Pressure (psi)	Transit Time (microsec/in)	Gel Value	Compressive Strength (MPa)	Static Gel Strength (lb/100ft2)
0:00:00	27	2889	16,14	5150	0,00	
0:00:30	26	2693	16,16	5058	0,00	
0:01:00	27	2585	16,19	4974	0,00	
0:01:30	27	2540	16,22	4886	0,00	
0:02:00	28	2524	16,25	4815	0,00	
0:02:30	29	2532	16,27	4760	0,00	
0:03:00	30	2549	16,29	4720	0,00	
0:03:30	31	2566	16,29	4691	0,00	
0:04:00	32	2581	16,30	4683	0,00	
0:04:30	32	2593	16,30	4678	0,00	
0:05:00	33	2602	14,83	4676	0,48	
0:05:30	33	2609	16,29	4685	0,00	
0:06:00	34	2615	16,31	4684	0,00	
0:06:30	34	2619	16,32	4685	0,00	
0:07:00	34	2622	16,32	4674	0,00	
0:07:30	35	2624	16,32	4677	0,00	
0:08:00	35	3114	16,31	4684	0,00	
0:08:30	35	3035	16,28	4702	0,00	
0:09:00	35	2993	16,27	4704	0,00	
0:09:30	36	2994	16,26	4699	0,00	
0:10:00	36	3004	16,26	4695	0,00	
0:10:30	36	3020	16,26	4701	0,00	
0:11:00	37	3041	16,25	4700	0,00	
0:11:30	38	2949	16,25	4703	0,00	
0:12:00	38	2889	16,25	4712	0,00	
0:12:30	39	2842	16,26	4731	0,00	
0:13:00	39	2803	16,26	4732	0,00	
0:13:30	40	2784	16,26	4731	0,00	
0:14:00	40	2787	16,26	4734	0,00	
0:14:30	40	2792	16,26	4732	0,00	
0:15:00	41	2797	16,25	4736	0,00	
0:15:30	41	2809	16,25	4745	0,00	
0:16:00	42	2798	16,25	4739	0,00	
0:16:30	42	2792	16,24	4739	0,00	
0:17:00	43	2793	16,24	4745	0,00	
0:17:30	44	2795	16,23	4753	0,00	
0:18:00	44	2799	16,22	4751	0,00	
0:18:30	45	3312	16,22	4752	0,00	
0:19:00	45	3135	16,18	4767	0,00	
0:19:30	46	3520	16,17	4777	0,00	
0:20:00	46	3377	16,13	4778	0,00	
0:20:30	47	3335	16,13	4781	0,00	
0:21:00	47	3302	16,12	4770	0,00	
0:21:30	48	3280	16,12	4763	0,00	
0:22:00	48	3266	16,12	4765	0,01	
0:22:30	49	3259	16,11	4772	0,01	
0:23:00	49	3258	16,11	4770	0,01	
0:23:30	50	3260	16,10	4761	0,01	
0:24:00	51	3262	16,10	4764	0,01	
0:24:30	51	3262	16,09	4761	0,01	
0:25:00	52	3264	16,09	4760	0,01	
0:25:30	52	3267	16,08	4767	0,01	
0:26:00	53	3271	16,08	4766	0,02	
0:26:30	53	3276	16,08	4758	0,02	
0:27:00	54	3284	16,07	4763	0,02	
0:27:30	54	3297	16,07	4751	0,02	
0:28:00	55	3315	16,07	4760	0,02	
0:28:30	55	3333	16,06	4762	0,02	
0:29:00	56	3350	16,05	4758	0,03	
0:29:30	57	3364	16,05	4758	0,03	
0:30:00	57	3377	16,04	4744	0,03	
0:30:30	58	3389	16,04	4741	0,03	
0:31:00	58	3398	16,03	4749	0,03	
0:31:30	59	3404	16,03	4761	0,03	
0:32:00	59	3409	16,03	4755	0,03	
0:32:30	60	3411	16,03	4753	0,03	
0:33:00	60	3412	16,02	4749	0,03	
0:33:30	61	3415	16,02	4755	0,04	
0:34:00	62	3421	16,02	4739	0,04	
0:34:30	62	3434	16,02	4756	0,04	
0:35:00	63	3442	16,01	4748	0,04	
0:35:30	63	3456	16,01	4741	0,04	
0:36:00	64	3473	16,01	4750	0,04	
0:36:30	64	3486	16,00	4740	0,04	
0:37:00	65	3497	15,99	4743	0,04	
0:37:30	66	3514	15,99	4754	0,04	
0:38:00	66	3520	15,99	4737	0,04	
0:38:30	67	3513	15,99	4736	0,04	
0:39:00	67	3500	15,99	4736	0,04	
0:39:30	68	3501	15,99	4731	0,04	
0:40:00	68	3481	15,99	4721	0,04	
0:40:30	69	3475	15,99	4714	0,04	
0:41:00	69	3465	15,99	4714	0,04	
0:41:30	70	3447	16,00	4706	0,04	
0:42:00	70	3437	16,00	4705	0,04	
0:42:30	70	3423	16,00	4688	0,04	
0:43:00	70	3406	16,01	4698	0,04	
0:43:30	71	3375	16,01	4696	0,04	
0:44:00	71	3344	16,01	4666	0,04	
0:44:30	71	3309	16,02	4675	0,03	
0:45:00	71	3289	16,03	4671	0,03	
0:45:30	72	3268	16,03	4662	0,03	
0:46:00	72	3237	16,04	4658	0,03	
0:46:30	72	3209	16,04	4649	0,03	
0:47:00	72	3226	16,05	4651	0,02	
0:47:30	72	3239	16,05	4658	0,03	
0:48:00	72	3250	16,05	4667	0,02	
0:48:30	73	3260	16,05	4666	0,02	
0:49:00	73	3270	16,06	4663	0,02	
0:49:30	73	3281	16,06	4676	0,02	
0:50:00	73	3293	16,07	4683	0,02	
0:50:30	73	3304	16,07	4697	0,02	
0:51:00	73	3315	16,07	4713	0,02	
0:51:30	73	3324	16,08	4727	0,02	
0:52:00	73	3331	16,08	4729	0,02	
0:52:30	74	3336	16,09	4750	0,01	
0:53:00	74	3339	16,09	4761	0,01	
0:53:30	74	3341	16,09	4800	0,01	
0:54:00	74	3343	16,09	4803	0,01	
0:54:30	74	3346	16,10	4823	0,01	
0:55:00	74	3350	16,11	4842	0,01	
0:55:30	74	3354	16,11	4875	0,01	
0:56:00	74	3359	16,11	4891	0,01	
0:56:30	74	3363	16,11	4919	0,01	
0:57:00	74	3366	16,12	4951	0,01	
0:57:30	74	3367	16,12	4977	0,00	
0:58:00	74	3369	16,12	4998	0,00	
0:58:30	74	3368	16,13	5033	0,00	
0:59:00	74	3369	16,13	5055	0,00	
0:59:30	74	3369	16,14	5086	0,00	
1:00:00	75	3369	16,14	5116	0,00	
1:00:30	75	3371	16,14	5138	0,00	
1:01:00	75	3374	16,14	5165	0,00	
1:01:30	75	3378	16,14	5194	0,00	
1:02:00	75	3380	16,14	5208	0,00	
1:02:30	75	3382	16,15	5243	0,00	
1:03:00	75	3383	16,15	5269	0,00	
1:03:30	75	3385	16,15	5291	0,00	
1:04:00	75	3388	16,15	5310	0,00	
1:04:30	75	3392	16,15	5336	0,00	
1:05:00	75	3395	16,15	5357	0,00	
1:05:30	75	3397	16,15	5387	0,00	
1:06:00	75	3397	16,15	5396	0,00	
1:06:30	75	3394	16,15	5423	0,00	
1:07:00	75	3390	16,16	5440	0,00	
1:07:30	75	3386	16,16	5459	0,00	
1:08:00	75	3383	16,16	5478	0,00	
1:08:30	75	3381	16,16	5499	0,00	
1:09:00	75	3382	16,16	5516	0,00	
1:09:30	75	3385	16,17	5526	0,00	
1:10:00	76	3390	16,16	5547	0,00	
1:10:30	76	3394	16,17	5565	0,00	
1:11:00	76	3398	16,17	5576	0,00	
1:11:30	76	3399	16,16	5594	0,00	
1:12:00	76	3399	16,17	5598	0,00	
1:12:30	76	3398	16,17	5620	0,00	
1:13:00	76	3396	16,17	5629	0,00	
1:13:30	76	3396	16,17	5648	0,00	
1:14:00	76	3396	16,17	5661	0,00	
1:14:30	76	3399	16,17	5674	0,00	
1:15:00	76	3403	16,17	5685	0,00	
1:15:30	76	3406	16,17	5696	0,00	
1:16:00	76	3411	16,18	5713	0,00	
1:16:30	76	3414	16,17	5722	0,00	
1:17:00	76	3416	16,17	5736	0,00	
1:17:30	76	3418	16,18	5739	0,00	
1:18:00	76	3419	16,17	5757	0,00	
1:18:30	76	3420	16,17	5764	0,00	
1:19:00	76	3421	16,17	5776	0,00	
1:19:30	76	3423	16,17	5785	0,00	
1:20:00	76	3426	16,18	5798	0,00	
1:20:30	76	3429	16,18	5812	0,00	
1:21:00	77	3433	16,18	5812	0,00	
1:21:30	77	3437	16,18	5825	0,00	
1:22:00	77	3440	16,18	5839	0,00	
1:22:30	77	3443	16,18	5846	0,00	
1:23:00	77	3446	16,18	5851	0,00	
1:23:30	77	3448	16,18	5863	0,00	
1:24:00	77	3450	16,18	5869	0,00	
1:24:30	77	3452	16,18	5873	0,00	
1:25:00	77	3454	16,18	5894	0,00	
1:25:30	77	3457	16,18	5892	0,00	
1:26:00	77	3461	16,18	5904	0,00	
1:26:30	77	3465	16,17	5912	0,00	
1:27:00	77	3468	16,17	5914	0,00	
1:27:30	77	3472	16,18	5925	0,00	
1:28:00	77	3474	16,18	5930	0,00	
1:28:30	77	3477	16,18	5939	0,00	
1:29:00	77	3480	16,18	5946	0,00	
1:29:30	77	3483	16,18	5952	0,00	
1:30:00	77	3487	16,18	5962	0,00	
1:30:30	77	3491	16,18	5965	0,00	
1:31:00	77	3494	16,18	5973	0,00	
1:31:30	77	3499	16,18	5979	0,00	
1:32:00	77	3503	16,18	5983	0,00	
1:32:30	78	3506	16,18	5995	0,00	
1:33:00	78	3510	16,18	5993	0,00	
1:33:30	78	3514	16,18	5994	0,00	
1:34:00	78	3517	16,18	6001	0,00	
1:34:30	78	3520	16,18	6012	0,00	
1:35:00	78	3523	16,18	6022	0,00	
1:35:30	78	3527	16,18	6024	0,00	
1:36:00	78	3530	16,18	6022	0,00	
1:36:30	78	3534	16,18	6029	0,00	
1:37:00	78	3538	16,18	6036	0,00	
1:37:30	78	3542	16,18	6046	0,00	
1:38:00	78	3546	16,18	6051	0,00	
1:38:30	78	3550	16,18	6058	0,00	
1:39:00	78	3554	16,18	6058	0,00	
1:39:30	78	3557	16,18	6064	0,00	
1:40:00	78	3562	16,17	6065	0,00	
1:40:30	78	3565	16,18	6075	0,00	
1:41:00	78	3570	16,17	6078	0,00	
1:41:30	78	3574	16,18	6088	0,00	
1:42:00	78	3578	16,18	6093	0,00	
1:42:30	78	3584	16,18	6096	0,00	
1:43:00	78	3588	16,18	6096	0,00	
1:43:30	79	3593	16,18	6102	0,00	
1:44:00	79	3597	16,17	6111	0,00	
1:44:30	79	3602	16,17	6114	0,00	
1:45:00	79	3606	16,18	6117	0,00	
1:45:30	79	3609	16,17	6119	0,00	
1:46:00	79	3612	16,17	6126	0,00	
1:46:30	79	3615	16,17	6131	0,00	
1:47:00	79	3618	16,17	6140	0,00	
1:47:30	79	3622	16,17	6139	0,00	
1:48:00	79	3626	16,17	6142	0,00	
1:48:30	79	3632	16,17	6146	0,00	
1:49:00	79	3637	16,18	6150	0,00	
1:49:30	79	3642	16,18	6155	0,00	
1:50:00	79	3646	16,18	6157	0,00	
1:50:30	79	3651	16,18	6165	0,00	
1:51:00	79	3655	16,18	6173	0,00	
1:51:30	79	3659	16,17	6174	0,00	
1:52:00	79	3664	16,17	6179	0,00	
1:52:30	79	3668	16,17	6181	0,00	
1:53:00	79	3673	16,17	6185	0,00	
1:53:30	79	3677	16,17	6188	0,00	
1:54:00	80	3681	16,17	6186	0,00	
1:54:30	80	3685	16,17	6192	0,00	
1:55:00	80	3689	16,17	6193	0,00	
1:55:30	80	3693	16,17	6200	0,00	
1:56:00	80	3697	16,17	6205	0,00	
1:56:30	80	3703	16,17	6212	0,00	
1:57:00	80	3708	16,17	6215	0,00	
1:57:30	80	3713	16,17	6213	0,00	
1:58:00	80	3718	16,17	6221	0,00	
1:58:30	80	3723	16,17	6221	0,00	
1:59:00	80	3727	16,17	6229	0,00	
1:59:30	80	3730	16,17	6230	0,00	
2:00:00	80	3734	16,17	6236	0,00	
2:00:30	80	3738	16,17	6240	0,00	
2:01:00	80	3743	16,17	6241	0,00	
2:01:30	80	3747	16,17	6245	0,00	
2:02:00	80	3753	16,17	6249	0,00	
2:02:30	80	3758	16,17	6248	0,00	
2:03:00	80	3763	16,17	6252	0,00	
2:03:30	80	3768	16,17	6259	0,00	
2:04:00	80	3772	16,16	6260	0,00	
2:04:30	80	3775	16,17	6262	0,00	
2:05:00	80	3582	16,17	6250	0,00	
2:05:30	81	3459	16,18	6238	0,00	
2:06:00	81	3383	16,20	6231	0,00	
2:06:30	81	3318	16,21	6229	0,00	
2:07:00	81	3272	16,23	6231	0,00	
2:07:30	81	3271	16,23	6236	0,00	
2:08:00	81	3280	16,24	6239	0,00	
2:08:30	81	3287	16,24	6248	0,00	
2:09:00	81	3293	16,24	6251	0,00	
2:09:30	81	3297	16,24	6257	0,00	
2:10:00	81	3300	16,24	6256	0,00	
2:10:30	81	3303	16,24	6262	0,00	
2:11:00	81	3306	16,24	6266	0,00	
2:11:30	81	3311	16,24	6269	0,00	
2:12:00	81	3317	16,24	6272	0,00	
2:12:30	81	3323	16,24	6276	0,00	
2:13:00	81	3330	16,24	6286	0,00	
2:13:30	81	3338	16,24	6283	0,00	
2:14:00	81	3339	16,24	6292	0,00	
2:14:30	81	3325	16,24	6291	0,00	
2:15:00	81	3330	16,24	6293	0,00	
2:15:30	82	3335	16,24	6300	0,00	
2:16:00	82	3339	16,24	6300	0,00	
2:16:30	82	3344	16,24	6303	0,00	
2:17:00	82	3349	16,24	6308	0,00	
2:17:30	82	3355	16,24	6309	0,00	
2:18:00	82	3360	16,24	6309	0,00	
2:18:30	82	3292	16,24	6313	0,00	
2:19:00	82	3228	16,24	6312	0,00	
2:19:30	82	3174	16,25	6311	0,00	
2:20:00	82	3144	16,26	6307	0,00	
2:20:30	82	3152	16,26	6314	0,00	
2:21:00	82	3157	16,26	6322	0,00	
2:21:30	82	3162	16,26	6322	0,00	
2:22:00	82	3166	16,26	6325	0,00	
2:22:30	82	3170	16,26	6328	0,00	
2:23:00	82	3175	16,26	6329	0,00	
2:23:30	82	3180	16,26	6332	0,00	
2:24:00	82	3186	16,26	6339	0,00	
2:24:30	82	3191	16,27	6341	0,00	
2:25:00	82	3198	16,27	6345	0,00	
2:25:30	82	3204	16,26	6347	0,00	
2:26:00	83	3211	16,26	6349	0,00	
2:26:30	83	3217	16,26	6354	0,00	
2:27:00	83	3223	16,26	6356	0,00	
2:27:30	83	3228	16,26	6360	0,00	
2:28:00	83	3677	16,23	6338	0,00	
2:28:30	83	3553	16,21	6333	0,00	
2:29:00	83	3470	16,22	6339	0,00	
2:29:30	83	3411	16,23	6346	0,00	
2:30:00	83	3348	16,23	6343	0,00	
2:30:30	83	3292	16,24	6347	0,00	
2:31:00	83	3239	16,25	6353	0,00	
2:31:30	83	3200	16,26	6352	0,00	
2:32:00	83	3166	16,27	6354	0,00	
2:32:30	83	3128	16,27	6360	0,00	
2:33:00	83	3103	16,27	6360	0,00	
2:33:30	83	3078	16,27	6363	0,00	
2:34:00	83	3048	16,28	6367	0,00	
2:34:30	83	3025	16,28	6373	0,00	
2:35:00	83	3004	16,29	6372	0,00	
2:35:30	83	2989	16,29	6376	0,00	
2:36:00	83	2973	16,29	6375	0,00	
2:36:30	84	2958	16,30	6380	0,00	
2:37:00	84	2943	16,30	6382	0,00	
2:37:30	84	2928	16,31	6382	0,00	
2:38:00	84	2919	16,31	6386	0,00	
2:38:30	84	2924	16,31	6386	0,00	
2:39:00	84	2929	16,31	6393	0,00	
2:39:30	84	2933	16,31	6395	0,00	
2:40:00	84	2937	16,31	6393	0,00	
2:40:30	84	2943	16,31	6401	0,00	
2:41:00	84	2948	16,31	6402	0,00	
2:41:30	84	2951	16,31	6406	0,00	
2:42:00	84	2957	16,31	6409	0,00	
2:42:30	84	2962	16,31	6408	0,00	
2:43:00	84	2968	16,31	6409	0,00	
2:43:30	84	2974	16,31	6415	0,00	
2:44:00	84	2980	16,30	6418	0,00	
2:44:30	84	2987	16,30	6420	0,00	
2:45:00	84	2994	16,31	6421	0,00	
2:45:30	84	2999	16,31	6426	0,00	
2:46:00	84	3004	16,30	6425	0,00	
2:46:30	85	3009	16,30	6429	0,00	
2:47:00	85	3013	16,30	6431	0,00	
2:47:30	85	3016	16,30	6430	0,00	
2:48:00	85	3020	16,31	6437	0,00	
2:48:30	85	3025	16,31	6434	0,00	
2:49:00	85	3030	16,31	6436	0,00	
2:49:30	85	3036	16,30	6443	0,00	
2:50:00	85	3041	16,31	6443	0,00	
2:50:30	85	3047	16,30	6449	0,00	
2:51:00	85	3052	16,30	6451	0,00	
2:51:30	85	3058	16,30	6452	0,00	
2:52:00	85	3063	16,30	6453	0,00	
2:52:30	85	3068	16,30	6457	0,00	
2:53:00	85	3073	16,30	6457	0,00	
2:53:30	85	3077	16,30	6462	0,00	
2:54:00	85	3082	16,30	6461	0,00	
2:54:30	85	3088	16,30	6463	0,00	
2:55:00	85	3093	16,30	6465	0,00	
2:55:30	85	3099	16,30	6468	0,00	
2:56:00	85	3106	16,29	6470	0,00	
2:56:30	85	3112	16,30	6470	0,00	
2:57:00	86	3118	16,30	6472	0,00	
2:57:30	86	3123	16,30	6475	0,00	
2:58:00	86	3128	16,30	6471	0,00	
2:58:30	86	3133	16,29	6480	0,00	
2:59:00	86	3137	16,29	6484	0,00	
2:59:30	86	3142	16,29	6483	0,00	
3:00:00	86	3148	16,29	6485	0,00	
3:00:30	86	3154	16,29	6487	0,00	
3:01:00	86	3160	16,29	6491	0,00	
3:01:30	86	3166	16,29	6488	0,00	
3:02:00	86	3173	16,29	6489	0,00	
3:02:30	86	3179	16,29	6488	0,00	
3:03:00	86	3185	16,29	6492	0,00	
3:03:30	86	3190	16,29	6494	0,00	
3:04:00	86	3195	16,29	6497	0,00	
3:04:30	86	3200	16,29	6498	0,00	
3:05:00	86	3204	16,29	6500	0,00	
3:05:30	86	3209	16,29	6506	0,00	
3:06:00	86	3214	16,28	6503	0,00	
3:06:30	86	3220	16,29	6507	0,00	
3:07:00	86	3227	16,29	6508	0,00	
3:07:30	87	3234	16,29	6510	0,00	
3:08:00	87	3241	16,28	6510	0,00	
3:08:30	87	3247	16,28	6511	0,00	
3:09:00	87	3251	16,28	6513	0,00	
3:09:30	87	3253	16,28	6514	0,00	
3:10:00	87	3255	16,29	6520	0,00	
3:10:30	87	3257	16,28	6519	0,00	
3:11:00	87	3261	16,28	6518	0,00	
3:11:30	87	3267	16,28	6522	0,00	
3:12:00	87	3274	16,28	6527	0,00	
3:12:30	87	3282	16,28	6526	0,00	
3:13:00	87	3289	16,28	6522	0,00	
3:13:30	87	3294	16,28	6527	0,00	
3:14:00	87	3296	16,28	6528	0,00	
3:14:30	87	3297	16,28	6533	0,00	
3:15:00	87	3300	16,28	6534	0,00	
3:15:30	87	3305	16,28	6533	0,00	
3:16:00	87	3313	16,28	6537	0,00	
3:16:30	87	3323	16,28	6536	0,00	
3:17:00	87	3334	16,28	6541	0,00	
3:17:30	88	3343	16,28	6536	0,00	
3:18:00	88	3351	16,28	6536	0,00	
3:18:30	88	3357	16,28	6539	0,00	
3:19:00	88	3362	16,28	6548	0,00	
3:19:30	88	3366	16,28	6545	0,00	
3:20:00	88	3369	16,28	6545	0,00	
3:20:30	88	3373	16,28	6543	0,00	
3:21:00	88	3376	16,28	6549	0,00	
3:21:30	88	3380	16,28	6550	0,00	
3:22:00	88	3383	16,27	6549	0,00	
3:22:30	88	3387	16,27	6551	0,00	
3:23:00	88	3391	16,27	6553	0,00	
3:23:30	88	3398	16,27	6554	0,00	
3:24:00	88	3408	16,28	6558	0,00	
3:24:30	88	3418	16,28	6558	0,00	
3:25:00	88	3425	16,27	6556	0,00	
3:25:30	88	3430	16,28	6560	0,00	
3:26:00	88	3434	16,27	6558	0,00	
3:26:30	88	3437	16,27	6561	0,00	
3:27:00	88	3441	16,28	6562	0,00	
3:27:30	88	3447	16,27	6563	0,00	
3:28:00	89	3454	16,27	6566	0,00	
3:28:30	89	3460	16,27	6565	0,00	
3:29:00	89	3467	16,27	6564	0,00	
3:29:30	89	3472	16,27	6567	0,00	
3:30:00	89	3475	16,27	6567	0,00	
3:30:30	89	3477	16,27	6570	0,00	
3:31:00	89	3479	16,27	6568	0,00	
3:31:30	89	3481	16,27	6568	0,00	
3:32:00	89	3484	16,27	6572	0,00	
3:32:30	89	3490	16,27	6569	0,00	
3:33:00	89	3497	16,27	6574	0,00	
3:33:30	89	3503	16,27	6571	0,00	
3:34:00	89	3508	16,27	6571	0,00	
3:34:30	89	3513	16,27	6576	0,00	
3:35:00	89	3516	16,27	6576	0,00	
3:35:30	89	3520	16,27	6575	0,00	
3:36:00	89	3524	16,27	6577	0,00	
3:36:30	89	3529	16,27	6580	0,00	
3:37:00	89	3534	16,27	6578	0,00	
3:37:30	89	3539	16,27	6580	0,00	
3:38:00	89	3543	16,27	6582	0,00	
3:38:30	90	3548	16,27	6582	0,00	
3:39:00	90	3553	16,27	6579	0,00	
3:39:30	90	3558	16,26	6581	0,00	
3:40:00	90	3562	16,27	6586	0,00	
3:40:30	90	3566	16,27	6583	0,00	
3:41:00	90	3569	16,27	6587	0,00	
3:41:30	90	3571	16,26	6587	0,00	
3:42:00	90	3574	16,27	6588	0,00	
3:42:30	90	3579	16,26	6586	0,00	
3:43:00	90	3584	16,26	6589	0,00	
3:43:30	90	3589	16,26	6585	0,00	
3:44:00	90	3594	16,27	6592	0,00	
3:44:30	90	3598	16,27	6593	0,00	
3:45:00	90	3603	16,27	6594	0,00	
3:45:30	90	3607	16,27	6593	0,00	
3:46:00	90	3611	16,26	6593	0,00	
3:46:30	90	3616	16,27	6596	0,00	
3:47:00	90	3622	16,26	6595	0,00	
3:47:30	90	3627	16,26	6595	0,00	
3:48:00	90	3633	16,26	6593	0,00	
3:48:30	91	3638	16,26	6596	0,00	
3:49:00	91	3644	16,26	6598	0,00	
3:49:30	91	3649	16,26	6598	0,00	
3:50:00	91	3654	16,26	6597	0,00	
3:50:30	91	3659	16,26	6602	0,00	
3:51:00	91	3665	16,26	6603	0,00	
3:51:30	91	3670	16,26	6600	0,00	
3:52:00	91	3676	16,26	6601	0,00	
3:52:30	91	3681	16,26	6603	0,00	
3:53:00	91	3686	16,26	6607	0,00	
3:53:30	91	3691	16,26	6601	0,00	
3:54:00	91	3696	16,26	6603	0,00	
3:54:30	91	3701	16,26	6602	0,00	
3:55:00	91	3706	16,26	6602	0,00	
3:55:30	91	3711	16,25	6603	0,00	
3:56:00	91	3717	16,26	6607	0,00	
3:56:30	91	3723	16,25	6605	0,00	
3:57:00	91	3729	16,25	6604	0,00	
3:57:30	91	3734	16,25	6607	0,00	
3:58:00	91	3739	16,26	6607	0,00	
3:58:30	91	3745	16,25	6607	0,00	
3:59:00	92	3749	16,25	6607	0,00	
3:59:30	92	3754	16,25	6609	0,00	
4:00:00	92	3760	16,25	6610	0,00	
4:00:30	92	3766	16,25	6610	0,00	
4:01:00	92	3772	16,25	6609	0,00	
4:01:30	92	3778	16,25	6611	0,00	
4:02:00	92	3783	16,25	6609	0,00	
4:02:30	92	3788	16,25	6612	0,00	
4:03:00	92	3794	16,25	6607	0,00	
4:03:30	92	3799	16,25	6608	0,00	
4:04:00	92	3805	16,25	6611	0,00	
4:04:30	92	3810	16,25	6608	0,00	
4:05:00	92	3815	16,25	6611	0,00	
4:05:30	92	3820	16,25	6606	0,00	
4:06:00	92	3824	16,25	6611	0,00	
4:06:30	92	3829	16,25	6606	0,00	
4:07:00	92	3834	16,25	6608	0,00	
4:07:30	92	3841	16,25	6605	0,00	
4:08:00	92	3846	16,25	6608	0,00	
4:08:30	92	3852	16,25	6608	0,00	
4:09:00	93	3857	16,24	6608	0,00	
4:09:30	93	3862	16,24	6607	0,00	
4:10:00	93	3866	16,24	6605	0,00	
4:10:30	93	3870	16,24	6605	0,00	
4:11:00	93	3875	16,24	6603	0,00	
4:11:30	93	3881	16,24	6606	0,00	
4:12:00	93	3886	16,24	6604	0,00	
4:12:30	93	3892	16,24	6601	0,00	
4:13:00	93	3897	16,24	6603	0,00	
4:13:30	93	3902	16,24	6599	0,00	
4:14:00	93	3818	16,24	6598	0,00	
4:14:30	93	3698	16,25	6580	0,00	
4:15:00	93	3577	16,26	6576	0,00	
4:15:30	93	3496	16,27	6562	0,00	
4:16:00	93	3436	16,29	6565	0,00	
4:16:30	93	3416	16,30	6562	0,00	
4:17:00	93	3424	16,30	6562	0,00	
4:17:30	93	3430	16,30	6559	0,00	
4:18:00	93	3436	16,30	6557	0,00	
4:18:30	93	3441	16,30	6557	0,00	
4:19:00	93	3446	16,30	6558	0,00	
4:19:30	93	3451	16,30	6551	0,00	
4:20:00	94	3456	16,30	6547	0,00	
4:20:30	94	3462	16,30	6548	0,00	
4:21:00	94	3469	16,30	6543	0,00	
4:21:30	94	3475	16,30	6542	0,00	
4:22:00	94	3480	16,30	6537	0,00	
4:22:30	94	3486	16,30	6531	0,00	
4:23:00	94	3491	16,30	6526	0,00	
4:23:30	94	3497	16,30	6519	0,00	
4:24:00	94	3503	16,29	6518	0,00	
4:24:30	94	3510	16,30	6510	0,00	
4:25:00	94	3516	16,29	6506	0,00	
4:25:30	94	3523	16,29	6501	0,00	
4:26:00	94	3529	16,29	6497	0,00	
4:26:30	94	3534	16,29	6491	0,00	
4:27:00	94	3540	16,29	6482	0,00	
4:27:30	94	3545	16,29	6474	0,00	
4:28:00	94	3551	16,29	6470	0,00	
4:28:30	94	3557	16,29	6461	0,00	
4:29:00	94	3563	16,29	6453	0,00	
4:29:30	94	3569	16,29	6442	0,00	
4:30:00	95	3575	16,28	6436	0,00	
4:30:30	95	3582	16,28	6436	0,00	
4:31:00	95	3588	16,28	6422	0,00	
4:31:30	95	3594	16,28	6416	0,00	
4:32:00	95	3600	16,28	6404	0,00	
4:32:30	95	3607	16,28	6396	0,00	
4:33:00	95	3613	16,28	6389	0,00	
4:33:30	95	3619	16,28	6375	0,00	
4:34:00	95	3626	16,28	6362	0,00	
4:34:30	95	3632	16,27	6346	0,00	
4:35:00	95	3638	16,27	6340	0,00	
4:35:30	95	3644	16,27	6327	0,00	
4:36:00	95	3651	16,27	6315	0,00	
4:36:30	95	3657	16,27	6305	0,00	
4:37:00	95	3663	16,27	6290	0,00	
4:37:30	95	3670	16,27	6283	0,00	
4:38:00	95	3677	16,27	6265	0,00	
4:38:30	95	3683	16,27	6254	0,00	
4:39:00	95	3690	16,26	6235	0,00	
4:39:30	95	3695	16,27	6228	0,00	
4:40:00	95	3702	16,27	6207	0,00	
4:40:30	96	3707	16,26	6200	0,00	
4:41:00	96	3713	16,26	6181	0,00	
4:41:30	96	3717	16,26	6169	0,00	
4:42:00	96	3721	16,26	6157	0,00	
4:42:30	96	3724	16,26	6145	0,00	
4:43:00	96	4168	16,24	6106	0,00	
4:43:30	96	4263	16,21	6090	0,00	
4:44:00	96	4312	16,19	6079	0,00	
4:44:30	96	4179		6073		
4:45:00	96	3880	16,20	6042	0,00	
4:45:30	96	3664	16,23	6025	0,00	
4:46:00	96	3506	16,25	6018	0,00	
4:46:30	96	3377	16,27	6013	0,00	
4:47:00	96	3256	16,29	5997	0,00	
4:47:30	96	3145	16,31	5988	0,00	
4:48:00	96	3057	16,33	5981	0,00	
4:48:30	96	2975	16,34	5965	0,00	
4:49:00	96	2895	16,35	5956	0,00	
4:49:30	96	2819	16,36	5943	0,00	
4:50:00	96	2757	16,38	5930	0,00	
4:50:30	96	2703	16,39	5923	0,00	
4:51:00	96	2704	16,39	5906	0,00	
4:51:30	96	2706	16,39	5904	0,00	
4:52:00	96	2707	16,39	5890	0,00	
4:52:30	96	2706	16,39	5881	0,00	
4:53:00	96	2703	16,39	5877	0,00	
4:53:30	96	3816	16,39	5868	0,00	
4:54:00	96	3664	16,30	5848	0,00	
4:54:30	96	3642	16,28	5843	0,00	
4:55:00	96	3636		5849		
4:55:30	96	3634	16,25	5848	0,00	
4:56:00	96	3634	16,25	5841	0,00	
4:56:30	96	3637	16,25	5842	0,00	
4:57:00	96	3638	16,26	5835	0,00	
4:57:30	96	3639	16,25	5826	0,00	
4:58:00	96	3637	16,25	5832	0,00	
4:58:30	96	3635	16,25	5828	0,00	
4:59:00	96	3629	16,25	5827	0,00	
4:59:30	96	3609	16,26	5819	0,00	
5:00:00	96	3609	16,26	5819	0,00	
5:00:30	96	3609	16,26	5812	0,00	
5:01:00	96	3609	16,26	5813	0,00	
5:01:30	96	3608	16,26	5810	0,00	
5:02:00	96	3607	16,26	5809	0,00	
5:02:30	96	3605	16,26	5800	0,00	
5:03:00	96	3603	16,26	5802	0,00	
5:03:30	96	3602	16,26	5794	0,00	
5:04:00	96	3601	16,26	5796	0,00	
5:04:30	96	3602	16,25	5793	0,00	
5:05:00	96	3601	16,26	5788	0,00	
5:05:30	96	3600	16,25	5788	0,00	
5:06:00	96	3599	16,25	5786	0,00	
5:06:30	96	3598	16,25	5785	0,00	
5:07:00	96	3598	16,25	5787	0,00	
5:07:30	96	3597	16,25	5784	0,00	
5:08:00	96	3597	16,25	5778	0,00	
5:08:30	96	3596	16,25	5776	0,00	
5:09:00	96	3595	16,25	5778	0,00	
5:09:30	96	3594	16,25	5773	0,00	
5:10:00	96	3592	16,25	5771	0,00	
5:10:30	96	3592	16,25	5778	0,00	
5:11:00	96	3591	16,25	5773	0,00	
5:11:30	96	3591	16,25	5778	0,00	
5:12:00	96	3591	16,25	5770	0,00	
5:12:30	96	3589	16,25	5776	0,00	
5:13:00	96	3587	16,25	5772	0,00	
5:13:30	96	3585	16,25	5771	0,00	
5:14:00	96	3583	16,25	5766	0,00	
5:14:30	96	3581	16,25	5769	0,00	
5:15:00	96	3579	16,25	5772	0,00	
5:15:30	96	3577	16,25	5766	0,00	
5:16:00	96	3576	16,24	5772	0,00	
5:16:30	96	3575	16,25	5773	0,00	
5:17:00	96	3575	16,25	5777	0,00	
5:17:30	96	3574	16,25	5771	0,00	
5:18:00	96	3572	16,25	5776	0,00	
5:18:30	96	3570	16,25	5781	0,00	
5:19:00	96	3567	16,25	5782	0,00	
5:19:30	96	3566	16,25	5785	0,00	
5:20:00	96	3565	16,25	5783	0,00	
5:20:30	96	3564	16,25	5791	0,00	
5:21:00	96	3563	16,25	5793	0,00	
5:21:30	96	3562	16,25	5790	0,00	
5:22:00	96	3561	16,25	5795	0,00	
5:22:30	96	3560	16,25	5796	0,00	
5:23:00	96	3560	16,25	5801	0,00	
5:23:30	96	3559	16,25	5802	0,00	
5:24:00	96	3558	16,25	5808	0,00	
5:24:30	96	3556	16,25	5807	0,00	
5:25:00	96	3555	16,25	5810	0,00	
5:25:30	96	3554	16,25	5812	0,00	
5:26:00	96	3553	16,25	5825	0,00	
5:26:30	96	3552	16,25	5827	0,00	
5:27:00	96	3551	16,25	5827	0,00	
5:27:30	96	3551	16,25	5832	0,00	
5:28:00	96	3549	16,25	5838	0,00	
5:28:30	96	3548	16,25	5843	0,00	
5:29:00	96	3547	16,25	5849	0,00	
5:29:30	96	3546	16,25	5855	0,00	
5:30:00	96	3545	16,25	5854	0,00	
5:30:30	96	3544	16,25	5862	0,00	
5:31:00	96	3543	16,25	5871	0,00	
5:31:30	96	3542	16,25	5874	0,00	
5:32:00	96	3541	16,25	5881	0,00	
5:32:30	96	3540	16,25	5890	0,00	
5:33:00	96	3538	16,25	5889	0,00	
5:33:30	96	3537	16,25	5901	0,00	
5:34:00	96	3535	16,25	5904	0,00	
5:34:30	96	3535	16,25	5911	0,00	
5:35:00	96	3534	16,25	5923	0,00	
5:35:30	96	3533	16,25	5928	0,00	
5:36:00	96	3531	16,25	5934	0,00	
5:36:30	96	3530	16,25	5944	0,00	
5:37:00	96	3529	16,25	5944	0,00	
5:37:30	96	3528	16,25	5951	0,00	
5:38:00	96	3527	16,25	5964	0,00	
5:38:30	96	3526	16,24	5970	0,00	
5:39:00	96	3524	16,25	5972	0,00	
5:39:30	96	3523	16,25	5985	0,00	
5:40:00	96	3521	16,25	5992	0,00	
5:40:30	96	3519	16,25	6004	0,00	
5:41:00	96	3516	16,25	6012	0,00	
5:41:30	96	3514	16,25	6016	0,00	
5:42:00	96	3511	16,25	6027	0,00	
5:42:30	96	3509	16,25	6040	0,00	
5:43:00	96	3507	16,25	6049	0,00	
5:43:30	96	3506	16,25	6060	0,00	
5:44:00	96	3504	16,25	6069	0,00	
5:44:30	96	3502	16,25	6074	0,00	
5:45:00	96	3500	16,25	6084	0,00	
5:45:30	96	3498	16,25	6096	0,00	
5:46:00	96	3496	16,25	6106	0,00	
5:46:30	96	3494	16,25	6113	0,00	
5:47:00	96	3492	16,25	6127	0,00	
5:47:30	96	3490	16,25	6135	0,00	
5:48:00	96	3488	16,25	6141	0,00	
5:48:30	96	3487	16,25	6151	0,00	
5:49:00	96	3486	16,25	6160	0,00	
5:49:30	96	3484	16,25	6169	0,00	
5:50:00	96	3483	16,25	6177	0,00	
5:50:30	96	3481	16,25	6189	0,00	
5:51:00	96	3480	16,25	6203	0,00	
5:51:30	96	3478	16,25	6214	0,00	
5:52:00	96	3476	16,25	6221	0,00	
5:52:30	96	3474	16,25	6234	0,00	
5:53:00	96	3472	16,25	6241	0,00	
5:53:30	96	3471	16,25	6251	0,00	
5:54:00	96	3471	16,25	6258	0,00	
5:54:30	96	3469	16,24	6273	0,00	
5:55:00	96	3468	16,24	6277	0,00	
5:55:30	96	3466	16,24	6289	0,00	
5:56:00	96	3464	16,24	6298	0,00	
5:56:30	96	3462	16,24	6309	0,00	
5:57:00	96	3462	16,25	6313	0,00	
5:57:30	96	3461	16,24	6320	0,00	
5:58:00	96	3459	16,24	6330	0,00	
5:58:30	96	3458	16,24	6337	0,00	
5:59:00	96	3456	16,24	6338	0,00	
5:59:30	96	3455	16,24	6347	0,00	
6:00:00	96	3454	16,24	6354	0,00	
6:00:30	96	3452	16,24	6359	0,00	
6:01:00	96	3451	16,24	6365	0,00	
6:01:30	96	3450	16,24	6371	0,00	
6:02:00	96	3448	16,24	6381	0,00	
6:02:30	96	3447	16,24	6383	0,00	
6:03:00	96	3445	16,24	6389	0,00	
6:03:30	96	3444	16,24	6395	0,00	
6:04:00	96	3443	16,23	6398	0,00	
6:04:30	96	3442	16,23	6403	0,00	
6:05:00	96	3441	16,23	6405	0,00	
6:05:30	96	3439	16,23	6409	0,00	
6:06:00	96	3437	16,23	6416	0,00	
6:06:30	96	3435	16,23	6420	0,00	
6:07:00	96	3433	16,23	6424	0,00	
6:07:30	96	3431	16,22	6428	0,00	
6:08:00	96	3429	16,22	6437	0,00	
6:08:30	96	3427	16,22	6438	0,00	
6:09:00	96	3426	16,23	6440	0,00	
6:09:30	96	3424	16,23	6448	0,00	
6:10:00	96	3422	16,22	6451	0,00	
6:10:30	96	3419	16,22	6456	0,00	
6:11:00	96	3417	16,22	6460	0,00	
6:11:30	96	3414	16,21	6466	0,00	
6:12:00	96	3412	16,22	6470	0,00	
6:12:30	96	3410	16,21	6476	0,00	
6:13:00	96	3408	16,21	6476	0,00	
6:13:30	96	3406	16,21	6480	0,00	
6:14:00	96	3404	16,20	6489	0,00	
6:14:30	96	3403	16,20	6495	0,00	
6:15:00	96	3400	16,20	6497	0,00	
6:15:30	96	3398	16,19	6498	0,00	
6:16:00	96	3395	16,19	6501	0,00	
6:16:30	96	3392	16,19	6509	0,00	
6:17:00	96	3390	16,19	6512	0,00	
6:17:30	96	3388	16,19	6518	0,00	
6:18:00	96	3387	16,18	6524	0,00	
6:18:30	96	3385	16,18	6525	0,00	
6:19:00	96	3382	16,18	6534	0,00	
6:19:30	96	3381	16,18	6536	0,00	
6:20:00	96	3378	16,18	6537	0,00	
6:20:30	96	3376	16,17	6543	0,00	
6:21:00	96	3373	16,17	6544	0,00	
6:21:30	96	3370	16,17	6548	0,00	
6:22:00	96	3367	16,17	6547	0,00	
6:22:30	96	3365	16,16	6552	0,00	
6:23:00	96	3985	16,16	6558	0,00	
6:23:30	96	3801	16,13	6465	0,00	
6:24:00	96	3618	16,12	6453	0,00	
6:24:30	96	3509	16,13	6466	0,00	
6:25:00	96	3407	16,14	6471	0,00	
6:25:30	96	3314	16,15	6475	0,00	
6:26:00	96	3300	16,15	6475	0,00	
6:26:30	96	3299	16,15	6481	0,00	
6:27:00	96	3297	16,15	6487	0,00	
6:27:30	96	3292	16,15	6495	0,00	
6:28:00	96	3287	16,14	6499	0,00	
6:28:30	96	3281	16,14	6501	0,00	
6:29:00	96	3275	16,13	6507	0,00	
6:29:30	96	3271	16,12	6512	0,00	
6:30:00	96	3268	16,11	6516	0,01	
6:30:30	96	3265	16,11	6521	0,01	
6:31:00	96	3262	16,10	6522	0,01	
6:31:30	96	3260	16,09	6527	0,01	
6:32:00	96	3256	16,09	6528	0,01	
6:32:30	96	3252	16,08	6537	0,02	
6:33:00	96	3247	16,07	6538	0,02	
6:33:30	96	3242	16,07	6539	0,02	
6:34:00	96	3237	16,06	6542	0,02	
6:34:30	96	3233	16,05	6549	0,03	
6:35:00	96	3229	16,04	6552	0,03	
6:35:30	96	3226	16,03	6555	0,03	
6:36:00	96	3224	16,02	6556	0,03	
6:36:30	96	3219	16,01	6559	0,04	
6:37:00	96	3215	16,00	6563	0,04	
6:37:30	96	3210	15,99	6567	0,04	
6:38:00	96	3205	15,98	6569	0,05	
6:38:30	96	3200	15,97	6571	0,05	
6:39:00	96	3196	15,96	6574	0,05	
6:39:30	96	3192	15,95	6582	0,06	
6:40:00	96	3189	15,94	6584	0,06	
6:40:30	96	3185	15,93	6589	0,06	
6:41:00	96	3180	15,91	6592	0,07	
6:41:30	96	3175	15,90	6595	0,07	
6:42:00	96	3169		6603		
6:42:30	96	3164	15,87	6607	0,08	
6:43:00	96	3159	15,86	6611	0,08	
6:43:30	96	3155	15,85	6616	0,09	
6:44:00	96	3150	15,84	6618	0,09	
6:44:30	96	3146	15,83	6624	0,09	
6:45:00	96	3141	15,81	6630	0,10	
6:45:30	96	3135	15,79	6634	0,11	
6:46:00	96	3130	15,78	6646	0,11	
6:46:30	96	3124	15,76	6650	0,12	
6:47:00	96	3118	15,74	6658	0,12	
6:47:30	96	3113	15,73	6662	0,13	
6:48:00	96	3108	15,45	6671	0,22	
6:48:30	96	3603	15,57	6517	0,18	
6:49:00	96	3537	15,61	6585	0,17	
6:49:30	96	3526	15,61	6607	0,17	
6:50:00	96	3516	15,60	6633	0,17	
6:50:30	96	3508	15,58	6651	0,18	
6:51:00	96	3502	15,56	6669	0,18	
6:51:30	96	3497	15,54	6685	0,19	
6:52:00	96	3492	15,52	6697	0,20	
6:52:30	96	3485	15,49	6712	0,21	
6:53:00	96	3477	15,47	6725	0,22	
6:53:30	96	3468	15,44	6740	0,23	
6:54:00	96	3460	15,42	6750	0,24	
6:54:30	96	3453	15,39	6768	0,25	
6:55:00	96	3445	15,36	6781	0,26	
6:55:30	96	3437	15,33	6796	0,27	
6:56:00	96	3430	15,31	6810	0,28	
6:56:30	96	3422	15,28	6824	0,29	
6:57:00	96	3414	15,25	6834	0,30	
6:57:30	96	3405	15,22	6850	0,31	
6:58:00	96	3396	15,19	6868	0,33	
6:58:30	96	3387	15,16	6885	0,34	
6:59:00	96	3378	15,13	6903	0,35	
6:59:30	96	3368	15,09	6922	0,37	
7:00:00	96	3354	15,06	6940	0,38	
7:00:30	96	3321	15,03	6954	0,39	
7:01:00	96	3310	15,00	6971	0,40	
7:01:30	96	3300	14,97	6987	0,42	
7:02:00	96	3289	14,93	7003	0,44	
7:02:30	96	3278	14,90	7020	0,45	
7:03:00	96	3268	14,87	7032	0,47	
7:03:30	96	3257	14,83	7043	0,48	
7:04:00	96	3245	14,80	7059	0,50	
7:04:30	96	3233	14,76	7070	0,52	
7:05:00	96	3221	14,72	7087	0,53	
7:05:30	96	3208	14,69	7099	0,55	
7:06:00	96	3196	14,67	7103	0,56	
7:06:30	96	3183	14,63	7118	0,58	
7:07:00	96	3169	14,59	7130	0,60	
7:07:30	96	3155	14,55	7142	0,62	
7:08:00	96	3141	14,52	7152	0,64	
7:08:30	96	3127	14,48	7163	0,66	
7:09:00	96	3113	14,44	7176	0,68	
7:09:30	96	3098	14,41	7187	0,70	
7:10:00	96	3082	14,36	7196	0,72	
7:10:30	96	3065	14,32	7209	0,74	
7:11:00	96	3650	14,28	7220	0,77	
7:11:30	96	3546	14,22	7219	0,80	
7:12:00	96	3493	14,17	7237	0,83	
7:12:30	96	3459	14,13	7250	0,86	
7:13:00	96	3437	14,09	7267	0,88	
7:13:30	96	3417	14,04	7281	0,91	
7:14:00	96	3397	14,00	7296	0,94	
7:14:30	96	3376	13,96	7309	0,97	
7:15:00	96	3353	13,91	7320	0,99	
7:15:30	96	3328	13,87	7336	1,02	
7:16:00	96	3301	13,83	7348	1,05	
7:16:30	96	3274	13,78	7362	1,08	
7:17:00	96	3246	13,74	7372	1,11	
7:17:30	96	3219	13,69	7391	1,15	
7:18:00	96	3190	13,65	7402	1,18	
7:18:30	96	3161	13,61	7413	1,21	
7:19:00	96	3131	13,56	7429	1,25	
7:19:30	96	3099	13,51	7441	1,28	
7:20:00	96	3066	13,47	7453	1,32	
7:20:30	96	3033	13,42	7462	1,36	
7:21:00	96	3602	13,36	7478	1,41	
7:21:30	96	3561	13,29	7491	1,46	
7:22:00	96	3521	13,24	7502	1,51	
7:22:30	96	3483	13,19	7515	1,56	
7:23:00	96	3436	13,14	7528	1,61	
7:23:30	96	3393	13,08	7536	1,66	
7:24:00	96	3358	13,03	7544	1,70	
7:24:30	96	3322	12,98	7552	1,75	
7:25:00	96	3284	12,93	7562	1,80	
7:25:30	96	3245	12,88	7574	1,86	
7:26:00	96	3204	12,83	7582	1,91	
7:26:30	96	3163	12,77	7589	1,96	
7:27:00	96	3121	12,72	7596	2,02	
7:27:30	96	3080	12,67	7603	2,08	
7:28:00	96	3678	12,65	7606	2,10	
7:28:30	96	3577	12,59	7624	2,17	
7:29:00	96	3529	12,53	7622	2,24	
7:29:30	96	3479	12,47	7629	2,31	
7:30:00	96	3429	12,42	7631	2,37	
7:30:30	96	3380	12,37	7632	2,44	
7:31:00	96	3334	12,32	7639	2,50	
7:31:30	96	3288	12,27	7637	2,57	
7:32:00	96	3243	12,23	7644	2,63	
7:32:30	96	3808	12,18	7645	2,70	
7:33:00	96	3704	12,12	7662	2,78	
7:33:30	96	3648	12,07	7657	2,86	
7:34:00	96	3596	12,02	7656	2,93	
7:34:30	96	3549	11,98	7653	3,00	
7:35:00	96	3504	11,93	7653	3,06	
7:35:30	96	3461	11,89	7654	3,13	
7:36:00	96	3417	11,85	7651	3,20	
7:36:30	96	3370	11,81	7650	3,26	
7:37:00	96	3320	11,77	7652	3,33	
7:37:30	96	3269	11,73	7653	3,39	
7:38:00	96	3215	11,69	7653	3,47	
7:38:30	96	3162	11,66	7654	3,53	
7:39:00	96	3111	11,62	7652	3,59	
7:39:30	96	3062	11,58	7652	3,66	
7:40:00	96	3674	11,55	7651	3,73	
7:40:30	96	3611	11,50	7655	3,82	
7:41:00	96	3555	11,46	7649	3,90	
7:41:30	96	3500	11,43	7650	3,97	
7:42:00	96	3448	11,39	7647	4,04	
7:42:30	96	3400	11,36	7645	4,11	
7:43:00	96	3355	11,33	7646	4,17	
7:43:30	96	3822	11,29	7660	4,25	
7:44:00	96	3774	11,25	7650	4,33	
7:44:30	96	3725	11,22	7648	4,40	
7:45:00	96	3674	11,19	7648	4,47	
7:45:30	96	3621	11,16	7647	4,54	
7:46:00	96	3567	11,13	7647	4,60	
7:46:30	96	3514	11,11	7646	4,66	
7:47:00	96	3462	11,08	7645	4,74	
7:47:30	96	3412	11,05	7645	4,80	
7:48:00	96	3363	11,03	7642	4,86	
7:48:30	96	3315	11,00	7646	4,92	
7:49:00	96	3266	10,97	7647	4,99	
7:49:30	96	3215	10,95	7646	5,04	
7:50:00	96	3164	10,94	7643	5,08	
7:50:30	96	3112	10,92	7642	5,13	
7:51:00	96	3062	10,90	7644	5,19	
7:51:30	96	3015	10,87	7642	5,26	
7:52:00	96	3452	10,84	7652	5,34	
7:52:30	96	3372	10,82	7647	5,40	
7:53:00	96	3944	10,79	7645	5,47	
7:53:30	95	3711	10,76	7659	5,55	
7:54:00	95	3577	10,74	7651	5,61	
7:54:30	95	3495	10,72	7649	5,67	
7:55:00	95	3453	10,70	7648	5,73	
7:55:30	96	3415	10,68	7645	5,80	
7:56:00	96	3377	10,66	7645	5,86	
7:56:30	96	3338	10,64	7645	5,91	
7:57:00	96	3295	10,62	7646	5,96	
7:57:30	96	3252	10,60	7643	6,02	
7:58:00	96	3207	10,58	7648	6,08	
7:58:30	95	3162	10,56	7644	6,14	
7:59:00	96	3119	10,55	7647	6,19	
7:59:30	96	3080	10,53	7645	6,24	
8:00:00	96	3042	10,52	7643	6,30	
8:00:30	96	3725	10,50	7642	6,35	
8:01:00	96	3519	10,48	7658	6,42	
8:01:30	96	3473	10,45	7652	6,49	
8:02:00	96	3430	10,44	7648	6,55	
8:02:30	95	3389	10,42	7652	6,61	
8:03:00	96	3794	10,41	7651	6,66	
8:03:30	96	3482	10,38	7665	6,74	
8:04:00	96	3230	10,37	7658	6,79	
8:04:30	96	3016	10,36	7657	6,83	
8:05:00	96	3447	10,34	7670	6,87	
8:05:30	96	3230	10,33	7658	6,93	
8:06:00	96	3054	10,32	7659	6,97	
8:06:30	96	3540	10,30	7670	7,03	
8:07:00	96	3366	10,28	7667	7,10	
8:07:30	96	3220	10,27	7664	7,15	
8:08:00	96	3116	10,25	7663	7,19	
8:08:30	96	3020	10,25	7666	7,23	
8:09:00	96	3540	10,23	7678	7,29	
8:09:30	96	3366	10,21	7674	7,34	
8:10:00	96	3221	10,20	7674	7,39	
8:10:30	96	3659	10,18	7685	7,47	
8:11:00	96	3376	10,17	7680	7,52	
8:11:30	96	3130	10,16	7678	7,56	
8:12:00	96	3558	10,15	7675	7,59	
8:12:30	96	3242	10,14	7681	7,65	
8:13:00	96	3663	10,13	7680	7,66	
8:13:30	96	3347	10,12	7689	7,71	
8:14:00	96	3099	10,11	7682	7,76	
8:14:30	96	3494	10,10	7687	7,79	
8:15:00	96	3220	10,08	7690	7,86	
8:15:30	96	3582	10,07	7689	7,90	
8:16:00	96	3263	10,06	7695	7,97	
8:16:30	96	3199	10,05	7693	8,00	
8:17:00	96	3358	10,04	7702	8,04	
8:17:30	96	3093	10,03	7697	8,08	
8:18:00	96	3453	10,02	7695	8,11	
8:18:30	96	3148	10,01	7701	8,16	
8:19:00	96	3466	10,00	7695	8,19	
8:19:30	96	3116	9,99	7703	8,26	
8:20:00	96	3428	9,97	7706	8,32	
8:20:30	96	3160	9,96	7703	8,37	
8:21:00	96	3558	9,95	7706	8,40	
8:21:30	96	3204	9,94	7711	8,44	
8:22:00	96	3528	9,94	7707	8,47	
8:22:30	96	3202	9,93	7713	8,51	
8:23:00	96	3590	9,92	7711	8,54	
8:23:30	96	3215	9,91	7718	8,59	
8:24:00	96	3549	9,90	7713	8,62	
8:24:30	96	3123	9,89	7717	8,68	
8:25:00	96	3357	9,88	7727	8,73	
8:25:30	96	3014	9,87	7718	8,77	
8:26:00	96	3186	9,86	7730	8,82	
8:26:30	96	3387	9,86	7692	8,81	
8:27:00	96	3695	9,85	7721	8,86	
8:27:30	96	3173	9,84	7730	8,90	
8:28:00	96	3399	9,84	7685	8,92	
8:28:30	96	3623	9,83	7728	8,96	
8:29:00	96	3041	9,82	7732	9,02	
8:29:30	96	3172	9,81	7737	9,06	
8:30:00	96	3267	9,80	7740	9,10	
8:30:30	96	3374	9,79	7732	9,13	
8:31:00	96	3702	9,78	7733	9,18	
8:31:30	96	3059	9,77	7737	9,22	
8:32:00	96	3175	9,76	7744	9,28	
8:32:30	96	3253	9,76	7743	9,32	
8:33:00	96	3272	9,75	7745	9,36	
8:33:30	96	3273	9,74	7748	9,39	
8:34:00	96	3245	9,74	7749	9,42	
8:34:30	96	3186	9,73	7752	9,44	
8:35:00	96	3149	9,72	7750	9,47	
8:35:30	96	3085	9,72	7742	9,48	
8:36:00	96	3110	9,72	7740	9,50	
8:36:30	96	3714	9,71	7757	9,55	
8:37:00	96	3492	9,70	7759	9,58	
8:37:30	96	3363	9,70	7754	9,61	
8:38:00	96	3429	9,69	7750	9,66	
8:38:30	96	3670	9,68	7752	9,72	
8:39:00	96	3011	9,67	7765	9,75	
8:39:30	96	3025	9,66	7766	9,79	
8:40:00	96	3720	9,65	7765	9,83	
8:40:30	96	3519	9,65	7767	9,86	
8:41:00	96	3383	9,64	7762	9,87	
8:41:30	96	3248	9,64	7756	9,91	
8:42:00	96	3233	9,63	7756	9,93	
8:42:30	96	3234	9,63	7756	9,95	
8:43:00	96	3129	9,63	7727	9,95	
8:43:30	96	3627	9,62	7776	10,01	
8:44:00	96	3308	9,61	7767	10,04	
8:44:30	96	2997	9,61	7732	10,05	
8:45:00	96	3352	9,60	7772	10,10	
8:45:30	96	3004	9,60	7757	10,12	
8:46:00	96	3272	9,59	7772	10,16	
8:46:30	96	3566	9,58	7782	10,22	
8:47:00	96	3342	9,57	7770	10,25	
8:47:30	96	3136	9,57	7767	10,27	
8:48:00	96	3515	9,56	7784	10,33	
8:48:30	96	3072	9,56	7769	10,35	
8:49:00	96	3263	9,55	7781	10,38	
8:49:30	96	3349	9,55	7784	10,41	
8:50:00	96	3480	9,54	7792	10,44	
8:50:30	96	3568	9,53	7797	10,47	
8:51:00	96	3123	9,53	7778	10,48	
8:51:30	96	3446	9,53	7787	10,51	
8:52:00	96	3593	9,52	7797	10,54	
8:52:30	96	3709	9,52	7796	10,57	
8:53:00	96	3050	9,51	7803	10,60	
8:53:30	96	3219	9,51	7781	10,61	
8:54:00	96	3292	9,51	7783	10,63	
8:54:30	96	3739	9,50	7804	10,67	
8:55:00	96	2999	9,49	7813	10,71	
8:55:30	96	3089	9,49	7805	10,72	
8:56:00	96	3043	9,49	7809	10,72	
8:56:30	96	3009	9,48	7830	10,77	
8:57:00	96	3075	9,47	7824	10,83	
8:57:30	96	3064	9,47	7830	10,82	
8:58:00	96	3077	9,47	7830	10,86	
8:58:30	96	3198	9,46	7833	10,89	
8:59:00	96	3103	9,46	7787	10,90	
8:59:30	96	3127	9,45	7825	10,94	
9:00:00	96	3028	9,45	7833	10,97	
9:00:30	96	3737	9,44	7794	11,00	
9:01:00	96	3532	9,44	7789	11,01	
9:01:30	96	3612				
9:02:00	96	3480				
9:02:30	96	3305				
9:03:00	96	3107				
9:03:30	96	3055				
9:04:00	96	3688				
9:04:30	96	3400				
9:05:00	96	3196				
9:05:30	96	3140				
9:06:00	96	3056				
9:06:30	96	3044				
9:07:00	96	2963				
9:07:30	96	3610				
9:08:00	96	3533				
9:08:30	96	3252				
9:09:00	96	3083				
9:09:30	96	3292				
9:10:00	96	3572				
9:10:30	96	3506				
9:11:00	96	3695				
9:11:30	96	3527				
9:12:00	96	3453				
9:12:30	96	3464				
9:13:00	96	3506				
9:13:30	96	3572				
9:14:00	96	2983				
9:14:30	96	2991				
9:15:00	96	3684				
9:15:30	96	3517				
9:16:00	96	3377				
9:16:30	96	3396				
9:17:00	96	3283				
9:17:30	96	3084				
9:18:00	96	2944				
9:18:30	96	3757				
9:19:00	96	2973				
9:19:30	96	2957				
9:20:00	96	3613				
9:20:30	96	3632				
9:21:00	96	3028				
9:21:30	96	2981				
9:22:00	96	3699				
9:22:30	96	3349				
9:23:00	96	3251				
9:23:30	96	3130				
9:24:00	96	3077				
9:24:30	96	3009				
9:25:00	96	3626				
9:25:30	96	3528				
9:26:00	96	3218				
9:26:30	96	2965				
9:27:00	96	3318				
9:27:30	96	3574				
9:28:00	96	2973				
9:28:30	96	3060				
9:29:00	96	3015				
9:29:30	96	3706				
9:30:00	96	3395				
9:30:30	96	3138				
9:31:00	96	3579				
9:31:30	96	3554				
9:32:00	96	3294				
9:32:30	96	3110				
9:33:00	96	3795				
9:33:30	96	3381				
9:34:00	96	3097				
9:34:30	96	3560	9,20	7847	12,52	
9:35:00	96	3130	9,19	7844	12,56	
9:35:30	96	3638	9,19	7845	12,58	
9:36:00	96	3174	9,19	7841	12,61	
9:36:30	96	2959	9,19	7849	12,62	
9:37:00	96	3319	9,18	7837	12,65	
9:37:30	96	3018				
9:38:00	96	3612				
9:38:30	96	3186				
9:39:00	96	2972				
9:39:30	96	3502				
9:40:00	96	3131				
9:40:30	96	3006				
9:41:00	96	3766				
9:41:30	96	3473				
9:42:00	96	3198				
9:42:30	96	2956				
9:43:00	96	3506				
9:43:30	96	3205		3544		
9:44:00	96	2997	14,01	6226	0,93	
9:44:30	96	3617	9,14	7848	12,95	
9:45:00	96	3317	9,14	7857	12,96	
9:45:30	96	3040	9,14	7866	12,97	
9:46:00	96	3620	9,13	7850	12,99	
9:46:30	96	3218	9,13	7859	13,00	
9:47:00	96	3052	9,13	7843	13,02	
9:47:30	96	3269	9,13	7850	13,04	
9:48:00	96	3365	9,12	7859	13,06	
9:48:30	96	3143	9,12	7846	13,06	
9:49:00	96	3723	9,12	7848	13,10	
9:49:30	96	3196	9,12	7858	13,09	
9:50:00	96	2980	9,11	7853	13,12	
9:50:30	96	3658	9,11	7859	13,14	
9:51:00	96	3415	9,11	7860	13,14	
9:51:30	96	3153	9,11	7848	13,16	
9:52:00	96	3034	9,11	7858	13,19	
9:52:30	96	2947	9,10	7862	13,22	
9:53:00	96	3666	9,10	7863	13,23	
9:53:30	96	3448	9,10	7843	13,24	
9:54:00	96	3583	9,09	7844	13,27	
9:54:30	96	3700	9,09	7865	13,28	
9:55:00	96	2969	9,09	7863	13,30	
9:55:30	96	2984	9,09	7864	13,33	
9:56:00	96	2975	9,08	7866	13,34	
9:56:30	96	2999	9,08	7863	13,37	
9:57:00	96	3045	9,08	7868	13,39	
9:57:30	96	3117	9,07	7866	13,42	
9:58:00	96	3213	9,07	7862	13,46	
9:58:30	96	3275	9,06	7864	13,51	
9:59:00	96	3226	9,06	7865	13,52	
9:59:30	96	3188	9,06	7865	13,53	
10:00:00	96	3207	9,06	7867	13,54	
10:00:30	96	3249	9,06	7866	13,55	
10:01:00	96	3294	9,05	7868	13,57	
10:01:30	96	3360	9,05	7869	13,59	
10:02:00	96	3349	9,05	7868	13,61	
10:02:30	96	3321	9,05	7868	13,62	
10:03:00	96	3375	9,04	7867	13,63	
10:03:30	96	3435	9,04	7869	13,64	
10:04:00	96	3490	9,04	7870	13,65	
10:04:30	96	3770	9,04	7865	13,66	
10:05:00	96	3006	9,04	7862	13,68	
10:05:30	96	3229	9,04	7858	13,69	
10:06:00	96	3591	9,04	7871	13,69	
10:06:30	96	2993	9,03	7869	13,72	
10:07:00	96	3037	9,03	7865	13,74	
10:07:30	96	3119	9,03	7861	13,76	
10:08:00	96	3222	9,03	7854	13,76	
10:08:30	96	3311	9,03	7853	13,75	
10:09:00	96	3473	9,03	7875	13,76	
10:09:30	96	3694	9,02	7874	13,78	
10:10:00	96	2993	9,02	7872	13,81	
10:10:30	96	3090	9,02	7868	13,83	
10:11:00	96	3191	9,01	7866	13,86	
10:11:30	96	3317	9,01	7860	13,87	
10:12:00	96	3624	9,01	7872	13,88	
10:12:30	96	2958	9,01	7877	13,89	
10:13:00	96	3095	9,01	7873	13,90	
10:13:30	96	3332	9,00	7867	13,94	
10:14:00	96	3531	9,00	7859	13,94	
10:14:30	96	3709	9,00	7879	13,95	
10:15:00	96	3096	9,00	7875	13,96	
10:15:30	96	3268	9,00	7874	14,00	
10:16:00	96	3540	8,99	7864	14,03	
10:16:30	96	2957	8,99	7879	14,03	
10:17:00	96	3141	8,99	7876	14,03	
10:17:30	96	3381	8,99	7875	14,07	
10:18:00	96	3771	8,98	7865	14,10	
10:18:30	96	3082	8,98	7878	14,09	
10:19:00	96	3293	8,98	7878	14,13	
10:19:30	96	3562	8,98	7872	14,16	
10:20:00	96	3028	8,97	7861	14,17	
10:20:30	96	3302	8,97	7881	14,18	
10:21:00	96	2949	8,97	7873	14,23	
10:21:30	96	3219	8,97	7881	14,22	
10:22:00	96	3772	8,96	7874	14,26	
10:22:30	96	3205	8,96	7881	14,27	
10:23:00	96	2997	8,96	7874	14,30	
10:23:30	96	3298	8,96	7882	14,30	
10:24:00	96	2969	8,95	7875	14,32	
10:24:30	96	3284	8,95	7880	14,32	
10:25:00	96	2984	8,95	7874	14,35	
10:25:30	96	3353	8,95	7880	14,35	
10:26:00	96	3078	8,95	7874	14,37	
10:26:30	96	3701	8,95	7882	14,37	
10:27:00	96	3236	8,95	7877	14,39	
10:27:30	96	3045	8,95	7884	14,40	
10:28:00	96	2967	8,95	7862	14,39	
10:28:30	96	3593	8,94	7873	14,42	
10:29:00	96	3281	8,94	7879	14,44	
10:29:30	96	3049	8,94	7884	14,44	
10:30:00	96	2964	8,94	7866	14,45	
10:30:30	96	3400	8,94	7877	14,46	
10:31:00	96	3209	8,94	7884	14,47	
10:31:30	96	3049	8,93	7887	14,48	
10:32:00	96	3803	8,93	7871	14,50	
10:32:30	96	3385	8,93	7882	14,52	
10:33:00	96	3133	8,93	7885	14,53	
10:33:30	96	2944	8,93	7868	14,54	
10:34:00	96	3514	8,93	7883	14,55	
10:34:30	96	3293	8,92	7886	14,56	
10:35:00	96	3124	8,92	7886	14,57	
10:35:30	96	2993	8,92	7870	14,59	
10:36:00	96	3505	8,92	7884	14,61	
10:36:30	96	3215	8,92	7886	14,60	
10:37:00	96	3053	8,92	7890	14,61	
10:37:30	96	3620	8,91	7882	14,65	
10:38:00	96	3213	8,91	7889	14,65	
10:38:30	96	2966	8,91	7876	14,67	
10:39:00	96	3743	8,91	7884	14,69	
10:39:30	96	2994	8,91	7883	14,70	
10:40:00	96	3066	8,91	7881	14,72	
10:40:30	96	3120	8,90	7875	14,73	
10:41:00	96	3161	8,90	7876	14,76	
10:41:30	96	3189	8,90	7864	14,74	
10:42:00	96	3198	8,90	7864	14,75	
10:42:30	96	3254	8,90	7866	14,76	
10:43:00	96	3436	8,90	7889	14,78	
10:43:30	96	3681	8,89	7887	14,81	
10:44:00	96	3523	8,89	7885	14,82	
10:44:30	96	3491	8,89	7886	14,84	
10:45:00	96	3396	8,89	7890	14,87	
10:45:30	96	3290	8,89	7890	14,87	
10:46:00	96	3166	8,88	7875	14,89	
10:46:30	96	3074	8,88	7887	14,92	
10:47:00	96	3073	8,88	7886	14,94	
10:47:30	96	3034	8,88	7888	14,96	
10:48:00	96	2997	8,87	7889	14,97	
10:48:30	96	3731	8,87	7877	14,97	
10:49:00	96	3614	8,87	7884	15,00	
10:49:30	96	3411	8,87	7885	15,01	
10:50:00	96	3287	8,87	7889	15,03	
10:50:30	96	3189	8,87	7892	15,05	
10:51:00	96	3049	8,86	7895	15,08	
10:51:30	96	2994	8,86	7864	15,08	
10:52:00	96	3782	8,86	7878	15,10	
10:52:30	96	3418	8,86	7888	15,12	
10:53:00	96	3138	8,86	7893	15,12	
10:53:30	96	3017	8,85	7869	15,13	
10:54:00	96	3685	8,85	7885	15,15	
10:54:30	96	3368	8,85	7894	15,16	
10:55:00	96	3192	8,85	7896	15,17	
10:55:30	96	3114	8,85	7897	15,17	
10:56:00	96	3035	8,85	7876	15,18	
10:56:30	96	2959	8,85	7885	15,20	
10:57:00	96	3606	8,85	7892	15,21	
10:57:30	96	3409	8,85	7895	15,21	
10:58:00	96	3216	8,84	7896	15,23	
10:58:30	96	3148	8,84	7898	15,23	
10:59:00	96	3139	8,84	7869	15,23	
10:59:30	96	3103	8,84	7871	15,24	
11:00:00	96	3105	8,84	7882	15,26	
11:00:30	96	3127	8,84	7881	15,26	
11:01:00	96	3099	8,84	7878	15,27	
11:01:30	96	3062	8,84	7887	15,29	
11:02:00	96	3042	8,83	7889	15,31	
11:02:30	96	3027	8,83	7889	15,33	
11:03:00	96	2953	8,83	7894	15,33	
11:03:30	96	3006	8,83	7894	15,34	
11:04:00	96	3080	8,83	7881	15,35	
11:04:30	96	3155	8,83	7873	15,36	
11:05:00	96	3235	8,83	7865	15,36	
11:05:30	96	3343	8,83	7894	15,36	
11:06:00	96	3372	8,83	7892	15,37	
11:06:30	96	3502	8,83	7891	15,38	
11:07:00	96	3640	8,82	7888	15,40	
11:07:30	96	3012	8,82	7885	15,41	
11:08:00	96	3103	8,82	7874	15,42	
11:08:30	96	3259	8,82	7868	15,43	
11:09:00	96	3517	8,82	7889	15,43	
11:09:30	96	2996	8,82	7884	15,45	
11:10:00	96	3116	8,82	7874	15,46	
11:10:30	96	3252	8,82	7889	15,46	
11:11:00	96	3455	8,81	7880	15,48	
11:11:30	96	2974	8,81	7870	15,48	
11:12:00	96	3080	8,81	7868	15,50	
11:12:30	96	3324	8,81	7888	15,51	
11:13:00	96	2980	8,81	7875	15,53	
11:13:30	96	3241	8,81	7854	15,51	
11:14:00	96	2971	8,81	7881	15,54	
11:14:30	96	3204	8,81	7864	15,56	
11:15:00	96	3518	8,80	7883	15,56	
11:15:30	96	3063	8,80	7874	15,57	
11:16:00	96	3277	8,80	7891	15,59	
11:16:30	96	3557	8,80	7881	15,60	
11:17:00	96	3059	8,80	7874	15,60	
11:17:30	96	3324	8,80	7890	15,61	
11:18:00	96	3709	8,80	7878	15,64	
11:18:30	96	3117	8,79	7871	15,66	
11:19:00	96	3431	8,79	7890	15,67	
11:19:30	96	3006	8,79	7876	15,69	
11:20:00	96	3228	8,79	7871	15,71	
11:20:30	96	3519	8,79	7890	15,73	
11:21:00	96	3006	8,78	7875	15,74	
11:21:30	96	3207	8,78	7871	15,76	
11:22:00	96	3491	8,78	7892	15,76	
11:22:30	96	2995	8,78	7878	15,77	
11:23:00	96	3178	8,78	7874	15,79	
11:23:30	96	3370	8,78	7894	15,81	
11:24:00	96	3716	8,77	7889	15,82	
11:24:30	96	3101	8,78	7877	15,82	
11:25:00	96	3317	8,78	7856	15,80	
11:25:30	96	3602	8,77	7891	15,83	
11:26:00	96	3020	8,77	7876	15,86	
11:26:30	96	3175	8,77	7875	15,88	
11:27:00	96	3394	8,77	7896	15,89	
11:27:30	96	3693	8,77	7888	15,90	
11:28:00	96	3077	8,76	7876	15,95	
11:28:30	96	3244	8,76	7872	15,96	
11:29:00	96	3463	8,76	7894	15,95	
11:29:30	96	2980	8,76	7889	15,98	
11:30:00	96	3127	8,76	7875	15,95	
11:30:30	96	3313	8,76	7871	15,98	
11:31:00	96	3574	8,76	7895	15,99	
11:31:30	96	2971	8,75	7885	16,00	
11:32:00	96	3091	8,75	7875	16,00	
11:32:30	96	3232	8,75	7874	16,03	
11:33:00	96	3433	8,75	7888	16,04	
11:33:30	96	2951	8,75	7879	16,05	
11:34:00	96	3140	8,75	7872	16,05	
11:34:30	96	3411	8,75	7894	16,05	
11:35:00	96	2995	8,75	7875	16,06	
11:35:30	96	3260	8,75	7861	16,04	
11:36:00	96	3659	8,75	7884	16,07	
11:36:30	96	3111	8,75	7876	16,08	
11:37:00	96	3398	8,75	7895	16,09	
11:37:30	96	3020	8,74	7879	16,09	
11:38:00	96	3321	8,74	7898	16,10	
11:38:30	96	3755	8,74	7884	16,12	
11:39:00	96	3167	8,74	7874	16,12	
11:39:30	96	3523	8,74	7892	16,13	
11:40:00	96	3073	8,74	7879	16,13	
11:40:30	96	3415	8,74	7898	16,14	
11:41:00	96	3013	8,74	7882	16,14	
11:41:30	96	3281	8,74	7874	16,15	
11:42:00	96	3628	8,74	7894	16,16	
11:42:30	96	3139	8,74	7877	16,17	
11:43:00	96	3488	8,74	7899	16,18	
11:43:30	96	3061	8,73	7881	16,20	
11:44:00	96	3370	8,73	7898	16,21	
11:44:30	96	2952	8,73	7889	16,22	
11:45:00	96	3179	8,73	7880	16,23	
11:45:30	96	3458	8,73	7897	16,22	
11:46:00	96	2976	8,73	7888	16,25	
11:46:30	96	3190	8,73	7894	16,27	
11:47:00	96	3459	8,73	7904	16,26	
11:47:30	96	2983	8,73	7902	16,27	
11:48:00	96	3184	8,72	7897	16,28	
11:48:30	96	3427	8,73	7903	16,27	
11:49:00	96	2945	8,72	7902	16,30	
11:49:30	96	3154	8,72	7898	16,30	
11:50:00	96	3424	8,72	7890	16,30	
11:50:30	96	3004	8,72	7901	16,31	
11:51:00	96	3212	8,72	7899	16,33	
11:51:30	96	3507	8,72	7905	16,32	
11:52:00	96	3031	8,72	7903	16,36	
11:52:30	96	3241	8,71	7895	16,37	
11:53:00	96	3534	8,71	7907	16,37	
11:53:30	96	3079	8,71	7899	16,38	
11:54:00	96	3423	8,71	7890	16,38	
11:54:30	96	2996	8,71	7901	16,39	
11:55:00	96	3215	8,71	7893	16,39	
11:55:30	96	3574	8,71	7904	16,41	
11:56:00	96	3110	8,71	7898	16,42	
11:56:30	96	3417	8,71	7903	16,42	
11:57:00	96	3040	8,71	7900	16,45	
11:57:30	96	3344	8,71	7907	16,45	
11:58:00	96	3013	8,70	7903	16,48	
11:58:30	96	3300	8,71	7895	16,45	
11:59:00	96	3004	8,70	7901	16,47	
11:59:30	96	3265	8,70	7896	16,48	
12:00:00	96	3775	8,70	7903	16,51	
12:00:30	96	3259	8,70	7897	16,52	
12:01:00	96	2988	8,70	7904	16,53	
12:01:30	96	3285	8,70	7896	16,52	
12:02:00	96	3030	8,69	7904	16,55	
12:02:30	96	3468	8,70	7908	16,53	
12:03:00	96	3090	8,70	7893	16,55	
12:03:30	96	3406	8,69	7903	16,55	
12:04:00	96	3048	8,69	7901	16,57	
12:04:30	96	3331	8,69	7890	16,57	
12:05:00	96	3760	8,69	7906	16,59	
12:05:30	96	3202	8,69	7898	16,61	
12:06:00	96	3585	8,69	7908	16,60	
12:06:30	96	3084	8,69	7899	16,62	
12:07:00	96	3357	8,69	7892	16,62	
12:07:30	96	3589	8,68	7903	16,65	
12:08:00	96	3188	8,68	7901	16,66	
12:08:30	96	3517	8,68	7908	16,66	
12:09:00	96	3039	8,68	7906	16,70	
12:09:30	96	3272	8,68	7900	16,71	
12:10:00	96	3771	8,68	7906	16,70	
12:10:30	96	3193	8,68	7899	16,72	
12:11:00	96	3555	8,68	7906	16,72	
12:11:30	96	3104	8,67	7904	16,75	
12:12:00	96	3392	8,67	7895	16,74	
12:12:30	96	3020	8,67	7903	16,75	
12:13:00	96	3285	8,67	7898	16,79	
12:13:30	96	3701	8,67	7905	16,79	
12:14:00	96	3162	8,67	7904	16,81	
12:14:30	96	3483	8,67	7907	16,79	
12:15:00	96	3031	8,67	7906	16,83	
12:15:30	96	3319	8,66	7900	16,84	
12:16:00	96	3829	8,66	7908	16,85	
12:16:30	96	3235	8,66	7898	16,88	
12:17:00	96	2975	8,66	7900	16,87	
12:17:30	96	3246	8,66	7890	16,88	
12:18:00	96	2962	8,66	7901	16,88	
12:18:30	96	3190	8,66	7893	16,90	
12:19:00	96	3491	8,66	7902	16,90	
12:19:30	96	3060	8,66	7899	16,90	
12:20:00	96	3361	8,66	7907	16,91	
12:20:30	96	3851	8,66	7902	16,92	
12:21:00	96	3198	8,65	7895	16,94	
12:21:30	96	3539	8,65	7902	16,93	
12:22:00	96	3089	8,65	7897	16,95	
12:22:30	96	3384	8,65	7904	16,94	
12:23:00	96	2992	8,65	7902	16,95	
12:23:30	96	3221	8,65	7891	16,97	
12:24:00	96	3552	8,65	7905	16,97	
12:24:30	96	3094	8,65	7899	16,98	
12:25:00	96	3396	8,65	7907	16,97	
12:25:30	96	3025	8,65	7900	16,98	
12:26:00	96	3276	8,65	7895	17,00	
12:26:30	96	3769	8,65	7903	17,01	
12:27:00	96	3222	8,65	7898	17,00	
12:27:30	96	3781	8,65	7905	17,01	
12:28:00	96	3214	8,65	7898	17,01	
12:28:30	96	3682	8,65	7907	17,02	
12:29:00	96	3201	8,65	7902	17,02	
12:29:30	96	3710	8,65	7905	17,02	
12:30:00	96	3254	8,64	7898	17,03	
12:30:30	96	3005	8,64	7903	17,04	
12:31:00	96	3393	8,64	7894	17,05	
12:31:30	96	3199	8,64	7897	17,05	
12:32:00	96	3049	8,64	7902	17,05	
12:32:30	96	3623	8,64	7906	17,05	
12:33:00	96	3347	8,64	7884	17,07	
12:33:30	96	3189	8,64	7892	17,07	
12:34:00	96	3096	8,64	7893	17,07	
12:34:30	96	3032	8,64	7899	17,07	
12:35:00	96	3653	8,64	7896	17,09	
12:35:30	96	3438	8,64	7878	17,09	
12:36:00	96	3298	8,64	7883	17,10	
12:36:30	96	3226	8,64	7886	17,10	
12:37:00	96	3164	8,64	7885	17,09	
12:37:30	96	3106	8,64	7889	17,10	
12:38:00	96	3051	8,64	7888	17,11	
12:38:30	96	2997	8,64	7892	17,10	
12:39:00	96	3538	8,64	7881	17,10	
12:39:30	96	3411	8,63	7880	17,12	
12:40:00	96	3320	8,63	7882	17,13	
12:40:30	96	3241	8,63	7883	17,13	
12:41:00	96	3171	8,63	7883	17,15	
12:41:30	96	3109	8,63	7884	17,16	
12:42:00	96	3048	8,63	7867	17,15	
12:42:30	96	2992	8,63	7866	17,14	
12:43:00	96	3519	8,64	7835	17,11	
12:43:30	96	3341	8,63	7859	17,16	
12:44:00	96	3190	8,63	7862	17,17	
12:44:30	96	3056	8,63	7866	17,18	
12:45:00	96	3581	8,63	7868	17,18	
12:45:30	96	3301	8,63	7860	17,20	
12:46:00	96	3107	8,63	7865	17,20	
12:46:30	96	2986	8,63	7872	17,20	
12:47:00	96	3442	8,63	7854	17,21	
12:47:30	96	3206	8,63	7859	17,22	
12:48:00	96	3028	8,63	7871	17,22	
12:48:30	96	3468	8,62	7854	17,22	
12:49:00	96	3182	8,62	7863	17,24	
12:49:30	96	3010	8,62	7875	17,25	
12:50:00	96	3389	8,62	7855	17,26	
12:50:30	96	3117	8,62	7865	17,27	
12:51:00	96	3592	8,62	7877	17,26	
12:51:30	96	3202	8,62	7858	17,28	
12:52:00	96	3654	8,62	7877	17,29	
12:52:30	96	3234	8,62	7862	17,29	
12:53:00	96	3724	8,62	7878	17,28	
12:53:30	96	3258	8,62	7872	17,31	
12:54:00	96	3751	8,61	7884	17,32	
12:54:30	96	3208	8,61	7877	17,33	
12:55:00	96	3574	8,61	7885	17,33	
12:55:30	96	3065	8,61	7884	17,35	
12:56:00	96	3375	8,61	7874	17,35	
12:56:30	96	3063	8,61	7883	17,35	
12:57:00	96	3416	8,61	7875	17,36	
12:57:30	96	3078	8,61	7883	17,37	
12:58:00	96	3403	8,61	7874	17,38	
12:58:30	96	3022	8,61	7883	17,40	
12:59:00	96	3295	8,61	7877	17,39	
12:59:30	96	3832	8,61	7886	17,39	
13:00:00	96	3189	8,60	7882	17,42	
13:00:30	96	3508	8,61	7887	17,40	
13:01:00	96	2987	8,60	7886	17,42	
13:01:30	96	3184	8,60	7871	17,42	
13:02:00	96	3407	8,60	7887	17,42	
13:02:30	96	3038	8,60	7884	17,43	
13:03:00	96	3291	8,60	7888	17,43	
13:03:30	96	3628	8,60	7883	17,45	
13:04:00	96	3088	8,60	7877	17,46	
13:04:30	96	3327	8,60	7888	17,45	
13:05:00	96	3690	8,60	7882	17,48	
13:05:30	96	3076	8,60	7880	17,49	
13:06:00	96	3270	8,60	7889	17,48	
13:06:30	96	3460	8,60	7889	17,50	
13:07:00	96	3774	8,59	7884	17,53	
13:07:30	96	3206	8,59	7880	17,52	
13:08:00	96	3723	8,60	7885	17,51	
13:08:30	96	3171	8,59	7878	17,52	
13:09:00	96	3532	8,59	7889	17,52	
13:09:30	96	3081	8,59	7884	17,54	
13:10:00	96	3369	8,59	7892	17,52	
13:10:30	96	2990	8,59	7885	17,55	
13:11:00	96	3269	8,59	7878	17,57	
13:11:30	96	3633	8,59	7887	17,58	
13:12:00	96	3136	8,59	7884	17,58	
13:12:30	96	3493	8,59	7888	17,58	
13:13:00	96	3160	8,59	7881	17,60	
13:13:30	96	3600	8,59	7889	17,60	
13:14:00	96	3155	8,58	7884	17,63	
13:14:30	96	3624	8,58	7890	17,62	
13:15:00	96	3200	8,58	7882	17,63	
13:15:30	96	3843	8,58	7888	17,63	
13:16:00	96	3223	8,58	7883	17,63	
13:16:30	96	3617	8,58	7886	17,62	
13:17:00	96	3143	8,58	7884	17,65	
13:17:30	96	3468	8,58	7864	17,63	
13:18:00	96	3074	8,58	7888	17,66	
13:18:30	96	3454	8,58	7876	17,68	
13:19:00	96	3212	8,58	7884	17,70	
13:19:30	96	3047	8,58	7887	17,68	
13:20:00	96	3595	8,58	7892	17,68	
13:20:30	96	3270	8,58	7880	17,71	
13:21:00	96	3067	8,58	7888	17,71	
13:21:30	96	3568	8,58	7876	17,68	
13:22:00	96	3301	8,57	7880	17,72	
13:22:30	96	3169	8,57	7887	17,72	
13:23:00	96	3073	8,57	7884	17,74	
13:23:30	96	2995	8,57	7888	17,73	
13:24:00	96	3607	8,57	7891	17,72	
13:24:30	96	3384	8,58	7866	17,70	
13:25:00	96	3238	8,57	7870	17,73	
13:25:30	96	3144	8,57	7874	17,75	
13:26:00	96	3071	8,57	7878	17,76	
13:26:30	96	3010	8,57	7881	17,76	
13:27:00	96	3628	8,57	7882	17,75	
13:27:30	96	3422	8,57	7866	17,76	
13:28:00	96	3258	8,57	7865	17,79	
13:28:30	96	3114	8,57	7873	17,80	
13:29:00	96	3822	8,57	7878	17,80	
13:29:30	96	3423	8,57	7864	17,80	
13:30:00	96	3208	8,56	7867	17,83	
13:30:30	96	3082	8,56	7876	17,84	
13:31:00	96	3012	8,56	7877	17,83	
13:31:30	96	3631	8,56	7879	17,83	
13:32:00	96	3363	8,56	7863	17,86	
13:32:30	96	3167	8,56	7870	17,87	
13:33:00	96	3019	8,56	7875	17,87	
13:33:30	96	3543	8,56	7846	17,83	
13:34:00	96	3335	8,56	7863	17,87	
13:34:30	96	3161	8,56	7868	17,89	
13:35:00	96	3012	8,56	7876	17,89	
13:35:30	96	3453	8,56	7858	17,90	
13:36:00	96	3191	8,56	7868	17,91	
13:36:30	96	3018	8,55	7879	17,92	
13:37:00	96	3468	8,55	7858	17,92	
13:37:30	96	3162	8,56	7865	17,91	
13:38:00	96	2970	8,56	7880	17,91	
13:38:30	96	3358	8,55	7864	17,92	
13:39:00	96	3100	8,55	7872	17,92	
13:39:30	96	3547	8,55	7884	17,94	
13:40:00	96	3135	8,55	7871	17,96	
13:40:30	96	3547	8,55	7882	17,95	
13:41:00	96	3256	8,55	7881	17,97	
13:41:30	96	3081	8,55	7883	17,97	
13:42:00	96	2970	8,55	7890	17,97	
13:42:30	96	3352	8,55	7880	17,97	
13:43:00	96	3038	8,55	7887	17,97	
13:43:30	96	3410	8,55	7879	17,99	
13:44:00	96	3147	8,55	7886	18,00	
13:44:30	96	3710	8,55	7892	17,99	
13:45:00	96	3375	8,55	7883	18,00	
13:45:30	96	3160	8,54	7882	18,02	
13:46:00	96	2995	8,55	7885	18,01	
13:46:30	96	3448	8,55	7862	17,99	
13:47:00	96	3221	8,55	7882	18,01	
13:47:30	96	3106	8,55	7884	18,01	
13:48:00	96	3014	8,55	7887	18,01	
13:48:30	96	3463	8,55	7860	18,01	
13:49:00	96	3251	8,54	7879	18,04	
13:49:30	96	3133	8,54	7885	18,04	
13:50:00	96	3050	8,54	7889	18,03	
13:50:30	96	3003	8,54	7889	18,02	
13:51:00	96	3666	8,54	7887	18,03	
13:51:30	96	3402	8,54	7865	18,02	
13:52:00	96	3279	8,54	7871	18,02	
13:52:30	96	3185	8,54	7874	18,03	
13:53:00	96	3130	8,54	7876	18,03	
13:53:30	96	3078	8,54	7878	18,04	
13:54:00	96	3036	8,54	7879	18,04	
13:54:30	96	3004	8,54	7880	18,05	
13:55:00	96	3787	8,54	7882	18,05	
13:55:30	96	3440	8,54	7863	18,06	
13:56:00	96	3239	8,54	7867	18,08	
13:56:30	96	3085	8,54	7875	18,07	
13:57:00	96	3603	8,54	7882	18,06	
13:57:30	96	3290	8,54	7863	18,08	
13:58:00	96	3054	8,54	7876	18,08	
13:58:30	96	3524	8,54	7849	18,07	
13:59:00	96	3276	8,54	7870	18,10	
13:59:30	96	3085	8,54	7882	18,11	
14:00:00	96	3651	8,54	7884	18,11	
14:00:30	96	3289	8,53	7878	18,13	
14:01:00	96	3051	8,53	7887	18,13	
14:01:30	96	3504	8,54	7867	18,12	
14:02:00	96	3212	8,53	7883	18,14	
14:02:30	96	2995	8,53	7889	18,14	
14:03:00	96	3349	8,53	7882	18,15	
14:03:30	96	3053	8,53	7888	18,16	
14:04:00	96	3412	8,53	7880	18,15	
14:04:30	96	3076	8,53	7888	18,16	
14:05:00	96	3503	8,53	7879	18,16	
14:05:30	96	3275	8,53	7884	18,17	
14:06:00	96	3122	8,53	7884	18,17	
14:06:30	96	3824	8,53	7891	18,16	
14:07:00	96	3405	8,53	7882	18,19	
14:07:30	96	3162	8,53	7886	18,20	
14:08:00	96	3827	8,53	7891	18,19	
14:08:30	96	3275	8,53	7876	18,20	
14:09:00	96	2995	8,53	7886	18,20	
14:09:30	96	3371	8,53	7873	18,19	
14:10:00	96	3075	8,53	7886	18,21	
14:10:30	96	3465	8,53	7894	18,20	
14:11:00	96	3075	8,52	7887	18,24	
14:11:30	96	3560	8,52	7895	18,23	
14:12:00	96	3390	8,52	7879	18,24	
14:12:30	96	3255	8,52	7881	18,24	
14:13:00	96	3139	8,52	7886	18,24	
14:13:30	96	3036	8,52	7889	18,23	
14:14:00	96	3596	8,52	7888	18,23	
14:14:30	96	3370	8,52	7876	18,24	
14:15:00	96	3213	8,52	7883	18,25	
14:15:30	96	3062	8,52	7885	18,25	
14:16:00	96	3636	8,52	7892	18,24	
14:16:30	96	3363	8,52	7874	18,26	
14:17:00	96	3146	8,52	7882	18,27	
14:17:30	96	3702	8,52	7891	18,26	
14:18:00	96	3348	8,52	7880	18,28	
14:18:30	96	3090	8,52	7888	18,28	
14:19:00	96	3546	8,52	7894	18,27	
14:19:30	96	3280	8,52	7881	18,28	
14:20:00	96	3053	8,52	7887	18,29	
14:20:30	96	3543	8,52	7888	18,28	
14:21:00	96	3293	8,52	7883	18,30	
14:21:30	96	3111	8,52	7889	18,31	
14:22:00	96	3671	8,52	7893	18,30	
14:22:30	96	3389	8,52	7879	18,32	
14:23:00	96	3179	8,51	7884	18,33	
14:23:30	96	3027	8,52	7890	18,33	
14:24:00	96	3532	8,52	7862	18,29	
14:24:30	96	3254	8,52	7884	18,32	
14:25:00	96	3057	8,52	7891	18,32	
14:25:30	96	3585	8,52	7894	18,32	
14:26:00	96	3363	8,51	7883	18,35	
14:26:30	96	3215	8,51	7886	18,35	
14:27:00	96	3118	8,51	7888	18,34	
14:27:30	96	3028	8,51	7890	18,36	
14:28:00	96	3570	8,51	7857	18,33	
14:28:30	96	3274	8,51	7873	18,37	
14:29:00	96	3070	8,51	7888	18,37	
14:29:30	96	3550	8,51	7869	18,37	
14:30:00	96	3221	8,51	7883	18,39	
14:30:30	96	2976	8,51	7887	18,39	
14:31:00	96	3365	8,51	7878	18,38	
14:31:30	96	3077	8,51	7886	18,41	
14:32:00	96	3491	8,51	7892	18,40	
14:32:30	96	3204	8,51	7883	18,41	
14:33:00	96	3245	8,51	7889	18,41	
14:33:30	96	3364	8,51	7879	18,42	
14:34:00	96	3076	8,51	7886	18,42	
14:34:30	96	3512	8,51	7893	18,41	
14:35:00	96	3214	8,51	7883	18,43	
14:35:30	96	3024	8,51	7889	18,42	
14:36:00	96	3475	8,51	7895	18,41	
14:36:30	96	3157	8,50	7884	18,45	
14:37:00	96	3615	8,50	7893	18,44	
14:37:30	96	3419	8,50	7877	18,48	
14:38:00	96	3265	8,50	7880	18,47	
14:38:30	96	3126	8,50	7886	18,47	
14:39:00	96	3018	8,50	7889	18,46	
14:39:30	96	3510	8,50	7889	18,45	
14:40:00	96	3252	8,50	7879	18,47	
14:40:30	96	3045	8,50	7888	18,47	
14:41:00	96	3505	8,50	7874	18,47	
14:41:30	96	3222	8,50	7883	18,48	
14:42:00	96	3011	8,50	7890	18,49	
14:42:30	96	3416	8,50	7877	18,51	
14:43:00	96	3144	8,50	7887	18,52	
14:43:30	96	3592	8,50	7893	18,51	
14:44:00	96	3241	8,50	7881	18,53	
14:44:30	96	3828	8,50	7891	18,52	
14:45:00	96	3366	8,50	7880	18,52	
14:45:30	96	3111	8,50	7889	18,54	
14:46:00	96	3610	8,50	7894	18,52	
14:46:30	96	3230	8,49	7883	18,55	
14:47:00	96	3794	8,49	7890	18,54	
14:47:30	96	3340	8,49	7883	18,55	
14:48:00	96	3056	8,49	7890	18,57	
14:48:30	96	3453	8,49	7880	18,57	
14:49:00	96	3096	8,49	7890	18,57	
14:49:30	96	3541	8,49	7878	18,55	
14:50:00	96	3234	8,49	7885	18,59	
14:50:30	96	3011	8,49	7888	18,59	
14:51:00	96	3442	8,49	7878	18,59	
14:51:30	96	3167	8,49	7888	18,60	
14:52:00	96	3770	8,49	7892	18,59	
14:52:30	96	3320	8,49	7880	18,60	
14:53:00	96	3029	8,49	7886	18,63	
14:53:30	96	3386	8,49	7871	18,59	
14:54:00	96	3046	8,49	7886	18,63	
14:54:30	96	3406	8,49	7895	18,61	
14:55:00	96	3047	8,49	7887	18,64	
14:55:30	96	3417	8,49	7893	18,62	
14:56:00	96	3074	8,49	7884	18,64	
14:56:30	96	3465	8,49	7896	18,64	
14:57:00	96	3061	8,48	7887	18,66	
14:57:30	96	3396	8,48	7887	18,66	
14:58:00	96	3029	8,48	7886	18,67	
14:58:30	96	3366	8,48	7876	18,67	
14:59:00	96	3012	8,48	7886	18,68	
14:59:30	96	3340	8,48	7877	18,66	
15:00:00	96	2961	8,48	7887	18,68	
15:00:30	96	3300	8,48	7882	18,67	
15:01:00	96	2985	8,48	7890	18,69	
15:01:30	96	3397	8,48	7880	18,71	
15:02:00	96	3216	8,48	7886	18,71	
15:02:30	96	3071	8,48	7888	18,70	
15:03:00	96	3602	8,48	7891	18,69	
15:03:30	96	3174	8,48	7883	18,71	
15:04:00	96	3591	8,48	7894	18,71	
15:04:30	96	3242	8,48	7882	18,73	
15:05:00	96	2981	8,48	7891	18,73	
15:05:30	96	3379	8,48	7881	18,74	
15:06:00	96	3088	8,48	7886	18,75	
15:06:30	96	3501	8,48	7873	18,72	
15:07:00	96	3139	8,48	7885	18,75	
15:07:30	96	3535	8,48	7895	18,73	
15:08:00	96	3142	8,47	7887	18,76	
15:08:30	96	3540	8,47	7884	18,76	
15:09:00	96	3165	8,47	7885	18,78	
15:09:30	96	3589	8,47	7894	18,77	
15:10:00	96	3204	8,47	7885	18,79	
15:10:30	96	3696	8,47	7894	18,78	
15:11:00	96	3153	8,47	7888	18,81	
15:11:30	96	3467	8,47	7879	18,79	
15:12:00	96	3038	8,47	7890	18,81	
15:12:30	96	3508	8,47	7878	18,82	
15:13:00	96	3308	8,47	7883	18,83	
15:13:30	96	3153	8,47	7885	18,83	
15:14:00	96	3020	8,47	7889	18,82	
15:14:30	96	3519	8,47	7888	18,82	
15:15:00	96	3247	8,47	7878	18,83	
15:15:30	96	3027	8,47	7885	18,84	
15:16:00	96	3462	8,47	7893	18,83	
15:16:30	96	3149	8,47	7882	18,86	
15:17:00	96	3629	8,46	7889	18,87	
15:17:30	96	3234	8,46	7881	18,86	
15:18:00	96	3726	8,46	7891	18,87	
15:18:30	96	3299	8,46	7879	18,87	
15:19:00	96	3027	8,46	7887	18,89	
15:19:30	96	3419	8,46	7876	18,88	
15:20:00	96	3093	8,46	7884	18,90	
15:20:30	96	3493	8,46	7893	18,89	
15:21:00	96	3111	8,46	7885	18,91	
15:21:30	96	3489	8,46	7892	18,90	
15:22:00	96	3109	8,46	7885	18,92	
15:22:30	96	3477	8,46	7894	18,92	
15:23:00	96	3097	8,46	7886	18,94	
15:23:30	96	3403	8,46	7893	18,94	
15:24:00	96	2989	8,46	7888	18,95	
15:24:30	96	3260	8,46	7882	18,95	
15:25:00	96	3670	8,46	7890	18,95	
15:25:30	96	3180	8,46	7885	18,95	
15:26:00	96	3564	8,46	7892	18,96	
15:26:30	96	3120	8,45	7888	18,97	
15:27:00	96	3472	8,46	7893	18,96	
15:27:30	96	3021	8,45	7890	18,97	
15:28:00	96	3357	8,46	7876	18,96	
15:28:30	96	3000	8,46	7891	18,97	
15:29:00	96	3318	8,45	7879	18,97	
15:29:30	96	2982	8,45	7890	18,97	
15:30:00	96	3276	8,46	7882	18,97	
15:30:30	96	3839	8,46	7891	18,96	
15:31:00	96	3181	8,45	7884	18,97	
15:31:30	96	3505	8,45	7896	18,97	
15:32:00	96	3061	8,45	7889	18,98	
15:32:30	96	3358	8,45	7880	18,99	
15:33:00	96	2983	8,45	7894	18,99	
15:33:30	96	3268	8,45	7885	18,98	
15:34:00	96	3725	8,45	7892	18,99	
15:34:30	96	3210	8,45	7887	19,00	
15:35:00	96	3641	8,45	7896	18,99	
15:35:30	96	3081	8,45	7891	19,02	
15:36:00	96	3338	8,45	7883	19,01	
15:36:30	96	3738	8,45	7894	19,01	
15:37:00	96	3121	8,45	7879	19,02	
15:37:30	96	3450	8,45	7891	19,02	
15:38:00	96	3073	8,45	7888	19,03	
15:38:30	96	3444	8,45	7893	19,02	
15:39:00	96	3114	8,45	7884	19,04	
15:39:30	96	3540	8,45	7893	19,03	
15:40:00	96	3066	8,45	7883	19,03	
15:40:30	96	3398	8,45	7893	19,01	
15:41:00	96	3005	8,45	7888	19,02	
15:41:30	96	3312	8,45	7878	19,03	
15:42:00	96	3861	8,45	7887	19,05	
15:42:30	96	3210	8,45	7879	19,06	
15:43:00	96	3564	8,45	7890	19,04	
15:43:30	96	3098	8,45	7884	19,06	
15:44:00	96	3432	8,45	7894	19,05	
15:44:30	96	3034	8,45	7889	19,05	
15:45:00	96	3335	8,45	7877	19,05	
15:45:30	96	3822	8,45	7890	19,05	
15:46:00	96	3161	8,45	7883	19,06	
15:46:30	96	3442	8,45	7896	19,05	
15:47:00	96	2949	8,45	7891	19,07	
15:47:30	96	3236	8,44	7882	19,09	
15:48:00	96	3625	8,44	7893	19,08	
15:48:30	96	3121	8,44	7886	19,08	
15:49:00	96	3453	8,44	7877	19,08	
15:49:30	96	3083	8,45	7887	19,08	
15:50:00	96	3476	8,45	7896	19,07	
15:50:30	96	3070	8,44	7887	19,09	
15:51:00	96	3395	8,44	7877	19,08	
15:51:30	96	2986	8,44	7889	19,09	
15:52:00	96	3304	8,44	7882	19,10	
15:52:30	96	2957	8,44	7891	19,11	
15:53:00	96	3292	8,44	7882	19,10	
15:53:30	96	2986	8,44	7892	19,11	
15:54:00	96	3285	8,44	7881	19,12	
15:54:30	96	3770	8,44	7894	19,10	
15:55:00	96	3194	8,44	7886	19,11	
15:55:30	96	3516	8,44	7894	19,11	
15:56:00	96	3050	8,44	7891	19,12	
15:56:30	96	3382	8,44	7881	19,13	
15:57:00	96	3008	8,44	7888	19,13	
15:57:30	96	3357	8,44	7880	19,12	
15:58:00	96	3039	8,44	7889	19,12	
15:58:30	96	3336	8,44	7883	19,13	
15:59:00	96	2980	8,44	7887	19,13	
15:59:30	96	3331	8,44	7874	19,13	
16:00:00	96	3004	8,44	7885	19,13	
16:00:30	96	3347	8,44	7873	19,11	
16:01:00	96	3022	8,44	7885	19,14	
16:01:30	96	3392	8,44	7894	19,12	
16:02:00	96	3091	8,44	7886	19,14	
16:02:30	96	3526	8,44	7892	19,13	
16:03:00	96	3240	8,44	7880	19,14	
16:03:30	96	3064	8,44	7888	19,14	
16:04:00	96	3563	8,44	7891	19,13	
16:04:30	96	3279	8,44	7882	19,16	
16:05:00	96	3048	8,44	7885	19,17	
16:05:30	96	3467	8,44	7892	19,15	
16:06:00	96	3154	8,44	7884	19,17	
16:06:30	96	3695	8,44	7891	19,15	
16:07:00	96	3248	8,44	7880	19,18	
16:07:30	96	3849	8,44	7886	19,18	
16:08:00	96	3342	8,44	7875	19,17	
16:08:30	96	3050	8,44	7886	19,18	
16:09:00	96	3478	8,44	7873	19,17	
16:09:30	96	3227	8,43	7881	19,19	
16:10:00	96	3019	8,43	7885	19,19	
16:10:30	96	3373	8,43	7874	19,20	
16:11:00	96	3059	8,43	7886	19,21	
16:11:30	96	3431	8,43	7873	19,20	
16:12:00	96	3105	8,43	7884	19,21	
16:12:30	96	3553	8,43	7891	19,20	
16:13:00	96	3178	8,43	7884	19,22	
16:13:30	96	3605	8,43	7891	19,20	
16:14:00	96	3160	8,43	7883	19,22	
16:14:30	96	3519	8,43	7894	19,21	
16:15:00	96	3112	8,43	7886	19,23	
16:15:30	96	3515	8,43	7871	19,22	
16:16:00	96	3190	8,43	7880	19,23	
16:16:30	96	2960	8,43	7887	19,21	
16:17:00	96	3254	8,43	7879	19,23	
16:17:30	96	3783	8,43	7889	19,23	
16:18:00	96	3306	8,43	7878	19,24	
16:18:30	96	3037	8,43	7889	19,24	
16:19:00	96	3439	8,43	7877	19,24	
16:19:30	96	3142	8,43	7886	19,24	
16:20:00	96	3583	8,43	7882	19,24	
16:20:30	96	3171	8,43	7880	19,25	
16:21:00	96	3801	8,43	7885	19,24	
16:21:30	96	3261	8,43	7873	19,25	
16:22:00	96	2967	8,43	7881	19,26	
16:22:30	96	3233	8,43	7871	19,26	
16:23:00	96	3659	8,43	7885	19,26	
16:23:30	96	3133	8,43	7879	19,26	
16:24:00	96	3434	8,43	7888	19,27	
16:24:30	96	3036	8,43	7882	19,29	
16:25:00	96	3309	8,43	7870	19,28	
16:25:30	96	3792	8,43	7885	19,27	
16:26:00	96	3138	8,43	7875	19,29	
16:26:30	96	3466	8,43	7886	19,28	
16:27:00	96	3090	8,43	7882	19,29	
16:27:30	96	3422	8,43	7887	19,28	
16:28:00	96	3903	8,43	7883	19,28	
16:28:30	96	3453	8,43	7872	19,29	
16:29:00	96	3210	8,42	7878	19,31	
16:29:30	96	3001	8,42	7885	19,30	
16:30:00	96	3333	8,43	7870	19,30	
16:30:30	96	3009	8,42	7881	19,31	
16:31:00	96	3281	8,42	7872	19,31	
16:31:30	96	3716	8,42	7885	19,31	
16:32:00	96	3123	8,42	7877	19,31	
16:32:30	96	3439	8,42	7886	19,31	
16:33:00	96	3057	8,42	7878	19,33	
16:33:30	96	3314	8,42	7869	19,33	
16:34:00	96	3728	8,42	7881	19,33	
16:34:30	96	3165	8,42	7874	19,33	
16:35:00	96	3548	8,42	7882	19,33	
16:35:30	96	3203	8,42	7873	19,33	
16:36:00	96	3728	8,42	7884	19,33	
16:36:30	96	3160	8,42	7874	19,36	
16:37:00	96	3497	8,42	7882	19,35	
16:37:30	96	3092	8,42	7878	19,35	
16:38:00	96	3409	8,42	7866	19,35	
16:38:30	96	3021	8,42	7880	19,36	
16:39:00	96	3420	8,42	7867	19,36	
16:39:30	96	3129	8,42	7877	19,36	
16:40:00	96	3507	8,42	7865	19,36	
16:40:30	96	3059	8,42	7877	19,36	
16:41:00	96	3321	8,42	7870	19,38	
16:41:30	96	3679	8,42	7884	19,37	
16:42:00	96	3236	8,42	7877	19,38	
16:42:30	96	2953	8,42	7883	19,37	
16:43:00	96	3259	8,42	7872	19,38	
16:43:30	96	3701	8,42	7879	19,39	
16:44:00	96	3234	8,42	7870	19,39	
16:44:30	96	3663	8,42	7880	19,40	
16:45:00	96	3139	8,42	7870	19,41	
16:45:30	96	3438	8,42	7882	19,39	
16:46:00	96	2992	8,41	7878	19,41	
16:46:30	96	3243	8,41	7869	19,41	
16:47:00	96	3635	8,42	7881	19,40	
16:47:30	96	3101	8,42	7875	19,40	
16:48:00	96	3418	8,42	7884	19,39	
16:48:30	96	3036	8,41	7876	19,42	
16:49:00	96	3331	8,42	7866	19,41	
16:49:30	96	3794	8,41	7879	19,43	
16:50:00	96	3233	8,41	7870	19,42	
16:50:30	96	3643	8,41	7883	19,43	
16:51:00	96	3084	8,41	7875	19,43	
16:51:30	96	3403	8,41	7887	19,42	
16:52:00	96	3031	8,41	7877	19,43	
16:52:30	96	3331	8,41	7865	19,42	
16:53:00	96	3728	8,41	7879	19,43	
16:53:30	96	3145	8,41	7873	19,44	
16:54:00	96	3403	8,41	7861	19,44	
16:54:30	96	3775	8,41	7880	19,43	
16:55:00	96	3166	8,41	7871	19,44	
16:55:30	96	3499	8,41	7886	19,44	
16:56:00	96	3107	8,41	7878	19,47	
16:56:30	96	3487	8,41	7884	19,44	
16:57:00	96	3057	8,41	7877	19,46	
16:57:30	96	3367	8,41	7867	19,46	
16:58:00	96	2987	8,41	7880	19,47	
16:58:30	96	3221	8,41	7870	19,46	
16:59:00	96	3576	8,41	7883	19,47	
16:59:30	96	3088	8,41	7877	19,48	
17:00:00	96	3426	8,41	7868	19,47	
17:00:30	96	3072	8,41	7876	19,49	
17:01:00	96	3449	8,41	7865	19,49	
17:01:30	96	3115	8,41	7878	19,48	
17:02:00	96	3562	8,41	7885	19,48	
17:02:30	96	3206	8,41	7874	19,49	
17:03:00	96	3753	8,41	7881	19,49	
17:03:30	96	3275	8,41	7874	19,51	
17:04:00	96	3015	8,41	7881	19,49	
17:04:30	96	3480	8,41	7869	19,50	
17:05:00	96	3239	8,41	7871	19,52	
17:05:30	96	3057	8,41	7877	19,50	
17:06:00	96	3539	8,41	7881	19,49	
17:06:30	96	3159	8,41	7870	19,51	
17:07:00	96	3584	8,41	7881	19,52	
17:07:30	96	3173	8,41	7869	19,52	
17:08:00	96	3543	8,41	7876	19,51	
17:08:30	96	3061	8,41	7873	19,52	
17:09:00	96	3330	8,40	7863	19,53	
17:09:30	96	3686	8,40	7877	19,53	
17:10:00	96	3101	8,40	7870	19,54	
17:10:30	96	3365	8,40	7883	19,54	
17:11:00	96	3799	8,40	7877	19,55	
17:11:30	96	3160	8,40	7870	19,55	
17:12:00	96	3436	8,40	7883	19,54	
17:12:30	96	2998	8,40	7877	19,56	
17:13:00	96	3200	8,40	7867	19,56	
17:13:30	96	3447	8,40	7879	19,55	
17:14:00	96	3768	8,40	7878	19,58	
17:14:30	96	3166	8,40	7870	19,57	
17:15:00	96	3370	8,40	7866	19,58	
17:15:30	96	3635	8,40	7877	19,60	
17:16:00	96	3062	8,40	7872	19,60	
17:16:30	96	3265	8,40	7867	19,60	
17:17:00	96	3531	8,40	7881	19,60	
17:17:30	96	3033	8,40	7873	19,60	
17:18:00	96	3212	8,40	7868	19,61	
17:18:30	96	3446	8,40	7862	19,61	
17:19:00	96	3842	8,40	7880	19,61	
17:19:30	96	3182	8,40	7873	19,61	
17:20:00	96	3412	8,40	7863	19,60	
17:20:30	96	3010	8,40	7876	19,60	
17:21:00	96	3223	8,40	7868	19,62	
17:21:30	96	3520	8,40	7881	19,61	
17:22:00	96	3033	8,40	7874	19,62	
17:22:30	96	3241	8,40	7868	19,63	
17:23:00	96	3516	8,40	7882	19,61	
17:23:30	96	3022	8,40	7880	19,62	
17:24:00	96	3212	8,39	7871	19,65	
17:24:30	96	3403	8,39	7866	19,64	
17:25:00	96	3631	8,39	7880	19,65	
17:25:30	96	3058	8,39	7873	19,67	
17:26:00	96	3272	8,39	7872	19,66	
17:26:30	96	3530	8,39	7859	19,66	
17:27:00	96	2992	8,39	7879	19,66	
17:27:30	96	3160	8,39	7875	19,66	
17:28:00	96	3356	8,39	7867	19,66	
17:28:30	96	3641	8,39	7878	19,67	
17:29:00	96	3853	8,39	7872	19,67	
17:29:30	96	3076	8,39	7866	19,68	
17:30:00	96	3258	8,39	7863	19,67	
17:30:30	96	3472	8,39	7877	19,67	
17:31:00	96	3654	8,39	7875	19,68	
17:31:30	96	3092	8,39	7869	19,69	
17:32:00	96	3283	8,39	7882	19,67	
17:32:30	96	3467	8,39	7880	19,68	
17:33:00	96	2939	8,39	7873	19,70	
17:33:30	96	3074	8,39	7865	19,69	
17:34:00	96	3180	8,39	7864	19,70	
17:34:30	96	3318	8,39	7883	19,70	
17:35:00	96	3390	8,39	7877	19,71	
17:35:30	96	3545	8,39	7875	19,71	
17:36:00	96	3681	8,39	7875	19,71	
17:36:30	96	3118	8,39	7870	19,73	
17:37:00	96	3342	8,39	7860	19,70	
17:37:30	96	3533	8,39	7878	19,72	
17:38:00	96	3847	8,39	7878	19,74	
17:38:30	96	3052	8,39	7873	19,73	
17:39:00	96	3206	8,39	7869	19,74	
17:39:30	96	3447	8,39	7882	19,73	
17:40:00	96	3751	8,39	7875	19,75	
17:40:30	96	3227	8,38	7866	19,76	
17:41:00	96	3613	8,39	7880	19,74	
17:41:30	96	3335	8,38	7867	19,75	
17:42:00	96	3096	8,38	7873	19,76	
17:42:30	96	3517	8,38	7863	19,77	
17:43:00	96	3179	8,38	7871	19,78	
17:43:30	96	3528	8,39	7857	19,74	
17:44:00	96	3045	8,38	7871	19,76	
17:44:30	96	3265	8,38	7869	19,76	
17:45:00	96	3512	8,38	7862	19,76	
17:45:30	96	3081	8,38	7871	19,78	
17:46:00	96	3386	8,38	7863	19,78	
17:46:30	96	3740	8,38	7877	19,77	
17:47:00	96	3099	8,38	7872	19,80	
17:47:30	96	3272	8,38	7868	19,79	
17:48:00	96	3495	8,38	7863	19,79	
17:48:30	96	3888	8,38	7878	19,80	
17:49:00	96	3146	8,38	7874	19,79	
17:49:30	96	3345	8,38	7864	19,82	
17:50:00	96	3547	8,38	7880	19,79	
17:50:30	96	3755	8,38	7870	19,81	
17:51:00	96	3040	8,38	7867	19,81	
17:51:30	96	3178	8,38	7862	19,80	
17:52:00	96	3341	8,38	7879	19,81	
17:52:30	96	3640	8,38	7875	19,83	
17:53:00	96	3100	8,38	7871	19,84	
17:53:30	96	3273	8,38	7862	19,85	
17:54:00	96	3601	8,38	7875	19,86	
17:54:30	96	3852	8,38	7872	19,86	
17:55:00	96	3178	8,38	7865	19,86	
17:55:30	96	3436	8,38	7878	19,83	
17:56:00	96	3634	8,38	7875	19,85	
17:56:30	96	3211	8,37	7867	19,87	
17:57:00	96	3801	8,38	7877	19,86	
17:57:30	96	3192	8,38	7867	19,86	
17:58:00	96	3441	8,38	7859	19,85	
17:58:30	96	2976	8,37	7874	19,87	
17:59:00	96	3175	8,37	7867	19,88	
17:59:30	96	3388	8,37	7860	19,89	
18:00:00	96	2975	8,37	7873	19,89	
18:00:30	96	3234	8,37	7864	19,87	
18:01:00	96	3389	8,37	7860	19,88	
18:01:30	96	3623	8,37	7876	19,90	
18:02:00	96	3729	8,37	7876	19,92	
18:02:30	96	3018	8,37	7872	19,92	
18:03:00	96	3169	8,37	7867	19,91	
18:03:30	96	3308	8,37	7863	19,92	
18:04:00	96	3531	8,37	7879	19,89	
18:04:30	96	3912	8,37	7873	19,91	
18:05:00	96	3138	8,37	7871	19,91	
18:05:30	96	3319	8,37	7862	19,89	
18:06:00	96	3392	8,37	7858	19,93	
18:06:30	96	3562	8,37	7877	19,91	
18:07:00	96	3777	8,37	7879	19,93	
18:07:30	96	3078	8,37	7870	19,93	
18:08:00	96	3208	8,37	7869	19,94	
18:08:30	96	3432	8,37	7855	19,92	
18:09:00	96	3519	8,37	7859	19,94	
18:09:30	96	2927	8,37	7877	19,94	
18:10:00	96	3081	8,37	7871	19,94	
18:10:30	96	3283	8,37	7864	19,94	
18:11:00	96	3446	8,37	7857	19,92	
18:11:30	96	3598	8,37	7876	19,95	
18:12:00	96	3777	8,37	7877	19,96	
18:12:30	96	3029	8,36	7875	19,99	
18:13:00	96	3150	8,36	7862	19,99	
18:13:30	96	3370	8,36	7878	19,99	
18:14:00	96	3534	8,36	7873	20,01	
18:14:30	96	3788	8,36	7872	20,00	
18:15:00	96	3889	8,36	7863	20,01	
18:15:30	96	3142	8,36	7863	20,01	
18:16:00	96	3355	8,36	7875	20,00	
18:16:30	96	3484	8,36	7874	20,01	
18:17:00	96	3839	8,36	7873	20,01	
18:17:30	96	3094	8,36	7867	20,01	
18:18:00	96	3260	8,36	7861	19,98	
18:18:30	96	3360	8,36	7877	19,99	
18:19:00	96	3442	8,36	7873	20,02	
18:19:30	96	3507	8,36	7875	20,03	
18:20:00	96	3667	8,36	7874	20,04	
18:20:30	96	3665	8,36	7873	20,04	
18:21:00	96	3024	8,36	7868	20,05	
18:21:30	96	3165	8,36	7862	20,01	
18:22:00	96	3316	8,36	7861	20,04	
18:22:30	96	3460	8,36	7856	20,04	
18:23:00	96	2937	8,36	7873	20,05	
18:23:30	96	3152	8,36	7867	20,05	
18:24:00	96	3326	8,36	7857	20,03	
18:24:30	96	3456	8,36	7866	20,08	
18:25:00	96	3836	8,36	7875	20,08	
18:25:30	96	3014	8,36	7870	20,07	
18:26:00	96	3094	8,36	7867	20,06	
18:26:30	96	3152	8,36	7862	20,08	
18:27:00	96	3158	8,36	7864	20,08	
18:27:30	96	3278	8,36	7861	20,08	
18:28:00	96	3474	8,36	7859	20,08	
18:28:30	96	3011	8,36	7871	20,10	
18:29:00	96	4071	8,36	7866	20,09	
18:29:30	96	3269	8,36	7864	20,09	
18:30:00	96	3560	8,36	7878	20,07	
18:30:30	96	2934	8,36	7872	20,08	
18:31:00	96	3103	8,36	7870	20,08	
18:31:30	96	3273	8,36	7865	20,08	
18:32:00	96	3531	8,36	7877	20,07	
18:32:30	96	3697	8,36	7874	20,09	
18:33:00	96	3074	8,35	7872	20,11	
18:33:30	96	3299	8,36	7864	20,10	
18:34:00	96	3464	8,36	7859	20,10	
18:34:30	96	3864	8,35	7878	20,10	
18:35:00	96	3931	8,35	7863	20,10	
18:35:30	96	3203	8,35	7858	20,11	
18:36:00	96	3449	8,35	7875	20,10	
18:36:30	96	3616	8,35	7868	20,11	
18:37:00	96	3035	8,35	7866	20,12	
18:37:30	96	3216	8,35	7879	20,11	
18:38:00	96	3426	8,35	7876	20,11	
18:38:30	96	3761	8,35	7872	20,12	
18:39:00	96	3181	8,35	7862	20,11	
18:39:30	96	3394	8,35	7876	20,12	
18:40:00	96	3594	8,35	7870	20,13	
18:40:30	96	3913	8,35	7868	20,12	
18:41:00	96	3143	8,35	7863	20,12	
18:41:30	96	3297	8,35	7876	20,11	
18:42:00	96	3424	8,35	7875	20,12	
18:42:30	96	3676	8,35	7873	20,13	
18:43:00	96	3707	8,35	7868	20,13	
18:43:30	96	3089	8,35	7866	20,14	
18:44:00	96	3374	8,35	7876	20,12	
18:44:30	96	3634	8,35	7873	20,12	
18:45:00	96	3784	8,35	7872	20,13	
18:45:30	96	3260	8,35	7864	20,14	
18:46:00	96	2948	8,35	7873	20,14	
18:46:30	96	3270	8,35	7860	20,13	
18:47:00	96	3475	8,35	7855	20,14	
18:47:30	96	3005	8,35	7866	20,15	
18:48:00	96	3268	8,35	7860	20,14	
18:48:30	96	3555	8,35	7877	20,13	
18:49:00	96	2946	8,35	7873	20,14	
18:49:30	96	3106	8,35	7864	20,15	
18:50:00	96	3292	8,35	7860	20,16	
18:50:30	96	3515	8,35	7876	20,15	
18:51:00	96	3645	8,35	7874	20,15	
18:51:30	96	3044	8,35	7868	20,15	
18:52:00	96	3156	8,35	7861	20,16	
18:52:30	96	3295	8,35	7859	20,15	
18:53:00	96	3398	8,35	7855	20,15	
18:53:30	96	3454	8,35	7877	20,15	
18:54:00	96	3483	8,35	7877	20,15	
18:54:30	96	3547	8,35	7874	20,16	
18:55:00	96	3634	8,35	7872	20,17	
18:55:30	96	3770	8,35	7876	20,18	
18:56:00	96	2980	8,35	7875	20,18	
18:56:30	96	3064	8,35	7871	20,18	
18:57:00	96	3122	8,35	7865	20,18	
18:57:30	96	3167	8,35	7874	20,17	
18:58:00	96	3191	8,35	7876	20,17	
18:58:30	96	3281	8,35	7874	20,19	
18:59:00	96	3398	8,35	7874	20,19	
18:59:30	96	3571	8,35	7872	20,21	
19:00:00	96	3027	8,34	7865	20,21	
19:00:30	96	3157	8,35	7859	20,21	
19:01:00	96	3305	8,35	7875	20,19	
19:01:30	96	3401	8,35	7874	20,20	
19:02:00	96	3457	8,35	7873	20,20	
19:02:30	96	3483	8,35	7871	20,21	
19:03:00	96	3566	8,34	7868	20,22	
19:03:30	96	3527	8,35	7868	20,21	
19:04:00	96	3658	8,34	7870	20,22	
19:04:30	96	3737	8,34	7867	20,22	
19:05:00	96	3140	8,34	7865	20,23	
19:05:30	96	3329	8,34	7868	20,22	
19:06:00	96	3546	8,35	7870	20,21	
19:06:30	96	3805	8,34	7869	20,22	
19:07:00	96	3957	8,34	7863	20,23	
19:07:30	96	3135	8,34	7859	20,22	
19:08:00	96	3327	8,35	7877	20,21	
19:08:30	96	3452	8,34	7875	20,21	
19:09:00	96	3693	8,34	7872	20,22	
19:09:30	96	3736	8,34	7868	20,22	
19:10:00	96	3122	8,34	7866	20,23	
19:10:30	96	3376	8,35	7877	20,21	
19:11:00	96	3615	8,34	7875	20,22	
19:11:30	96	3015	8,34	7867	20,25	
19:12:00	96	3122	8,34	7861	20,24	
19:12:30	96	3208	8,34	7857	20,25	
19:13:00	96	3268	8,34	7855	20,24	
19:13:30	96	3321	8,34	7857	20,24	
19:14:00	96	3351	8,34	7858	20,25	
19:14:30	96	3503	8,34	7875	20,23	
19:15:00	96	3506	8,34	7854	20,26	
19:15:30	96	3682	8,34	7873	20,25	
19:16:00	96	3817	8,34	7875	20,25	
19:16:30	96	3901	8,34	7873	20,25	
19:17:00	96	3001	8,34	7868	20,26	
19:17:30	96	3080	8,34	7866	20,24	
19:18:00	96	3159	8,34	7865	20,26	
19:18:30	96	3335	8,34	7862	20,27	
19:19:00	96	3683	8,34	7875	20,25	
19:19:30	96	3753	8,34	7862	20,27	
19:20:00	96	3100	8,34	7860	20,29	
19:20:30	96	3309	8,34	7872	20,29	
19:21:00	96	3577	8,34	7873	20,26	
19:21:30	96	3895	8,34	7866	20,27	
19:22:00	96	3109	8,34	7857	20,27	
19:22:30	96	3280	8,34	7875	20,26	
19:23:00	96	3418	8,34	7871	20,28	
19:23:30	96	3657	8,34	7867	20,27	
19:24:00	96	3677	8,34	7864	20,28	
19:24:30	96	2977	8,34	7863	20,28	
19:25:00	96	3103	8,34	7858	20,28	
19:25:30	96	3224	8,34	7872	20,28	
19:26:00	96	3366	8,34	7874	20,28	
19:26:30	96	3547	8,34	7869	20,28	
19:27:00	96	3731	8,34	7866	20,28	
19:27:30	96	3025	8,34	7861	20,29	
19:28:00	96	4000	8,34	7852	20,29	
19:28:30	96	3155	8,34	7855	20,30	
19:29:00	96	3282	8,34	7871	20,29	
19:29:30	96	3337	8,34	7871	20,30	
19:30:00	96	3379	8,34	7873	20,30	
19:30:30	96	3462	8,34	7869	20,30	
19:31:00	96	3629	8,34	7868	20,30	
19:31:30	96	3240	8,34	7857	20,31	
19:32:00	96	3829	8,34	7868	20,30	
19:32:30	96	3206	8,34	7858	20,29	
19:33:00	96	3467	8,34	7852	20,30	
19:33:30	96	3124	8,34	7861	20,31	
19:34:00	96	3631	8,34	7871	20,30	
19:34:30	96	3179	8,34	7864	20,30	
19:35:00	96	3580	8,34	7870	20,30	
19:35:30	96	3199	8,34	7862	20,33	
19:36:00	96	3653	8,34	7869	20,31	
19:36:30	96	4051	8,34	7861	20,32	
19:37:00	96	3406	8,33	7851	20,33	
19:37:30	96	2987	8,33	7865	20,33	
19:38:00	96	3286	8,34	7855	20,33	
19:38:30	96	3608	8,34	7869	20,32	
19:39:00	96	3004	8,34	7865	20,32	
19:39:30	96	3190	8,34	7863	20,33	
19:40:00	96	3399	8,33	7856	20,34	
19:40:30	96	3602	8,33	7872	20,33	
19:41:00	96	3840	8,33	7870	20,34	
19:41:30	96	3827	8,33	7857	20,35	
19:42:00	96	3060	8,33	7854	20,35	
19:42:30	96	3153	8,33	7869	20,34	
19:43:00	96	3278	8,33	7871	20,34	
19:43:30	96	3457	8,33	7865	20,35	
19:44:00	96	3518	8,33	7865	20,35	
19:44:30	96	3735	8,33	7865	20,34	
19:45:00	96	3815	8,33	7860	20,36	
19:45:30	96	2985	8,33	7859	20,36	
19:46:00	96	3141	8,33	7855	20,38	
19:46:30	96	3255	8,33	7853	20,37	
19:47:00	96	3419	8,33	7867	20,37	
19:47:30	96	3824	8,33	7867	20,37	
19:48:00	96	3105	8,33	7857	20,38	
19:48:30	96	3323	8,33	7873	20,36	
19:49:00	96	3468	8,33	7865	20,36	
19:49:30	96	2905	8,33	7863	20,37	
19:50:00	96	3058	8,33	7858	20,37	
19:50:30	96	3215	8,33	7851	20,37	
19:51:00	96	3403	8,33	7856	20,37	
19:51:30	96	3743	8,33	7867	20,39	
19:52:00	96	3114	8,33	7861	20,39	
19:52:30	96	3241	8,33	7855	20,40	
19:53:00	96	3501	8,33	7869	20,38	
19:53:30	96	3857	8,33	7864	20,39	
19:54:00	96	3190	8,33	7856	20,39	
19:54:30	96	3464	8,33	7872	20,37	
19:55:00	96	3677	8,33	7868	20,39	
19:55:30	96	3032	8,33	7863	20,41	
19:56:00	96	3226	8,33	7857	20,41	
19:56:30	96	3438	8,33	7870	20,39	
19:57:00	96	3673	8,33	7869	20,41	
19:57:30	96	3018	8,33	7863	20,42	
19:58:00	96	3207	8,33	7858	20,40	
19:58:30	96	3343	8,33	7853	20,43	
19:59:00	96	3634	8,33	7870	20,40	
19:59:30	96	2964	8,33	7866	20,40	
20:00:00	96	3102	8,33	7862	20,40	
20:00:30	96	3274	8,33	7854	20,41	
20:01:00	96	3479	8,33	7852	20,40	
20:01:30	96	3783	8,33	7869	20,41	
20:02:00	96	3824	8,33	7866	20,42	
20:02:30	96	3250	8,33	7856	20,43	
20:03:00	96	3632	8,33	7871	20,41	
20:03:30	96	2980	8,33	7868	20,43	
20:04:00	96	3145	8,33	7865	20,42	
20:04:30	96	3293	8,33	7869	20,42	
20:05:00	96	3452	8,33	7868	20,42	
20:05:30	96	3653	8,33	7864	20,43	
20:06:00	96	3015	8,33	7859	20,44	
20:06:30	96	3152	8,32	7852	20,45	
20:07:00	96	3384	8,33	7870	20,43	
20:07:30	96	3529	8,33	7866	20,44	
20:08:00	96	2945	8,32	7861	20,46	
20:08:30	96	3118	8,32	7855	20,47	
20:09:00	96	3315	8,32	7868	20,45	
20:09:30	96	3548	8,33	7867	20,45	
20:10:00	96	2983	8,32	7860	20,45	
20:10:30	96	3207	8,33	7852	20,44	
20:11:00	96	3494	8,33	7866	20,44	
20:11:30	96	3029	8,32	7862	20,45	
20:12:00	96	3261	8,33	7853	20,45	
20:12:30	96	3307	8,32	7852	20,47	
20:13:00	96	3636	8,32	7866	20,48	
20:13:30	96	2996	8,32	7860	20,47	
20:14:00	96	3183	8,32	7851	20,47	
20:14:30	96	3346	8,32	7867	20,46	
20:15:00	96	3481	8,32	7867	20,46	
20:15:30	96	3729	8,32	7866	20,46	
20:16:00	96	3884	8,32	7863	20,48	
20:16:30	96	3139	8,32	7857	20,48	
20:17:00	96	3334	8,32	7852	20,46	
20:17:30	96	3480	8,32	7849	20,48	
20:18:00	96	2930	8,32	7865	20,49	
20:18:30	96	3131	8,32	7860	20,48	
20:19:00	96	3324	8,32	7849	20,48	
20:19:30	96	3502	8,32	7866	20,48	
20:20:00	96	3705	8,32	7866	20,48	
20:20:30	96	3003	8,32	7863	20,50	
20:21:00	96	3140	8,32	7859	20,51	
20:21:30	96	3177	8,32	7853	20,50	
20:22:00	96	3293	8,32	7851	20,51	
20:22:30	96	3399	8,32	7851	20,50	
20:23:00	96	3611	8,32	7870	20,50	
20:23:30	96	3678	8,32	7868	20,49	
20:24:00	96	2957	8,32	7866	20,51	
20:24:30	96	3306	8,32	7854	20,50	
20:25:00	96	2934	8,32	7865	20,51	
20:25:30	96	3132	8,32	7859	20,52	
20:26:00	96	3379	8,32	7866	20,52	
20:26:30	96	3794	8,32	7861	20,54	
20:27:00	96	3769	8,32	7853	20,52	
20:27:30	96	3173	8,32	7853	20,54	
20:28:00	96	3655	8,32	7864	20,51	
20:28:30	96	3125	8,32	7857	20,52	
20:29:00	96	3495	8,32	7870	20,51	
20:29:30	96	3026	8,32	7860	20,53	
20:30:00	96	3353	8,32	7867	20,51	
20:30:30	96	2949	8,32	7862	20,52	
20:31:00	96	3231	8,32	7850	20,52	
20:31:30	96	3569	8,32	7864	20,52	
20:32:00	96	3057	8,32	7859	20,55	
20:32:30	96	3321	8,32	7847	20,54	
20:33:00	96	3615	8,32	7864	20,53	
20:33:30	96	3059	8,32	7861	20,55	
20:34:00	96	3253	8,32	7847	20,53	
20:34:30	96	3361	8,32	7846	20,53	
20:35:00	96	3637	8,32	7863	20,54	
20:35:30	96	3000	8,32	7860	20,54	
20:36:00	96	3222	8,32	7851	20,53	
20:36:30	96	3453	8,32	7868	20,54	
20:37:00	96	3680	8,32	7864	20,57	
20:37:30	96	2956	8,32	7860	20,55	
20:38:00	96	3078	8,32	7856	20,56	
20:38:30	96	3175	8,31	7854	20,58	
20:39:00	96	3296	8,32	7848	20,55	
20:39:30	96	3382	8,32	7846	20,56	
20:40:00	96	3642	8,32	7867	20,56	
20:40:30	96	3739	8,32	7862	20,56	
20:41:00	96	3021	8,32	7856	20,56	
20:41:30	96	3143	8,31	7855	20,57	
20:42:00	96	3225	8,31	7851	20,58	
20:42:30	96	3298	8,31	7848	20,58	
20:43:00	96	3363	8,31	7850	20,59	
20:43:30	96	3538	8,32	7868	20,57	
20:44:00	96	3666	8,31	7866	20,57	
20:44:30	96	2939	8,31	7865	20,59	
20:45:00	96	3055	8,31	7859	20,59	
20:45:30	96	3220	8,31	7855	20,59	
20:46:00	96	3460	8,31	7843	20,57	
20:46:30	96	3638	8,31	7866	20,59	
20:47:00	96	2931	8,31	7861	20,60	
20:47:30	96	3958	8,31	7863	20,61	
20:48:00	96	3085	8,31	7847	20,61	
20:48:30	96	3206	8,31	7864	20,60	
20:49:00	96	3336	8,31	7864	20,62	
20:49:30	96	3434	8,31	7866	20,62	
20:50:00	96	3555	8,31	7863	20,61	
20:50:30	96	3853	8,31	7858	20,60	
20:51:00	96	2989	8,31	7852	20,60	
20:51:30	96	3064	8,31	7849	20,60	
20:52:00	96	3147	8,31	7848	20,61	
20:52:30	96	3238	8,31	7847	20,60	
20:53:00	96	3331	8,31	7866	20,62	
20:53:30	96	3371	8,31	7865	20,62	
20:54:00	96	3456	8,31	7865	20,62	
20:54:30	96	3499	8,31	7862	20,63	
20:55:00	96	3611	8,31	7864	20,66	
20:55:30	96	3596	8,31	7861	20,64	
20:56:00	96	3775	8,31	7859	20,65	
20:56:30	96	2980	8,31	7854	20,65	
20:57:00	96	3060	8,31	7850	20,64	
20:57:30	96	3116	8,31	7850	20,66	
20:58:00	96	3226	8,31	7846	20,66	
20:58:30	96	3295	8,31	7866	20,64	
20:59:00	96	3354	8,31	7865	20,64	
20:59:30	96	3384	8,31	7863	20,63	
21:00:00	96	3530	8,31	7864	20,64	
21:00:30	96	3637	8,31	7860	20,65	
21:01:00	96	2932	8,31	7858	20,67	
21:01:30	96	3047	8,31	7855	20,66	
21:02:00	96	3102	8,31	7852	20,68	
21:02:30	96	3181	8,31	7847	20,66	
21:03:00	96	3220	8,31	7848	20,67	
21:03:30	96	3327	8,31	7842	20,64	
21:04:00	96	3380	8,31	7862	20,66	
21:04:30	96	3437	8,31	7865	20,66	
21:05:00	96	3525	8,31	7866	20,66	
21:05:30	96	3664	8,31	7860	20,66	
21:06:00	96	3707	8,31	7862	20,66	
21:06:30	96	3236	8,31	7860	20,67	
21:07:00	96	3047	8,31	7859	20,68	
21:07:30	96	3158	8,31	7852	20,68	
21:08:00	96	3259	8,31	7850	20,68	
21:08:30	96	3415	8,31	7846	20,67	
21:09:00	96	3513	8,31	7843	20,69	
21:09:30	96	3755	8,30	7866	20,69	
21:10:00	96	3892	8,31	7861	20,69	
21:10:30	96	3035	8,30	7847	20,70	
21:11:00	96	3164	8,30	7865	20,70	
21:11:30	96	3249	8,30	7841	20,70	
21:12:00	96	3445	8,31	7861	20,68	
21:12:30	96	2962	8,30	7858	20,70	
21:13:00	96	3267	8,30	7845	20,70	
21:13:30	96	3673	8,30	7858	20,72	
21:14:00	96	3088	8,30	7850	20,71	
21:14:30	96	3371	8,30	7864	20,70	
21:15:00	96	3598	8,30	7860	20,71	
21:15:30	96	3012	8,30	7853	20,74	
21:16:00	96	3267	8,30	7842	20,69	
21:16:30	96	3581	8,30	7861	20,70	
21:17:00	96	3138	8,30	7852	20,73	
21:17:30	96	3573	8,30	7860	20,71	
21:18:00	96	3150	8,30	7850	20,74	
21:18:30	96	3550	8,30	7862	20,72	
21:19:00	96	3929	8,30	7852	20,74	
21:19:30	96	3332	8,30	7844	20,76	
21:20:00	96	2913	8,30	7858	20,75	
21:20:30	96	3203	8,30	7850	20,75	
21:21:00	96	3583	8,30	7862	20,73	
21:21:30	96	3031	8,30	7856	20,75	
21:22:00	96	3234	8,30	7844	20,74	
21:22:30	96	3501	8,30	7863	20,73	
21:23:00	96	3835	8,30	7858	20,73	
21:23:30	96	3172	8,30	7851	20,74	
21:24:00	96	3431	8,30	7865	20,73	
21:24:30	96	3587	8,30	7837	20,74	
21:25:00	96	3036	8,30	7855	20,77	
21:25:30	96	3335	8,30	7844	20,76	
21:26:00	96	3815	8,30	7861	20,76	
21:26:30	96	3093	8,30	7850	20,75	
21:27:00	96	3317	8,30	7845	20,76	
21:27:30	96	3546	8,30	7862	20,75	
21:28:00	96	3025	8,30	7859	20,77	
21:28:30	96	3099	8,30	7853	20,77	
21:29:00	96	3317	8,30	7846	20,80	
21:29:30	96	3663	8,30	7860	20,78	
21:30:00	96	3731	8,30	7853	20,80	
21:30:30	96	3076	8,30	7854	20,81	
21:31:00	96	3289	8,30	7848	20,79	
21:31:30	96	3523	8,30	7860	20,78	
21:32:00	96	3709	8,30	7862	20,78	
21:32:30	96	2974	8,30	7846	20,80	
21:33:00	96	3118	8,30	7841	20,80	
21:33:30	96	3259	8,30	7861	20,79	
21:34:00	96	3449	8,30	7859	20,79	
21:34:30	96	3715	8,30	7857	20,81	
21:35:00	96	3020	8,29	7851	20,82	
21:35:30	96	3172	8,29	7841	20,84	
21:36:00	96	3402	8,29	7862	20,83	
21:36:30	96	3575	8,29	7854	20,83	
21:37:00	96	2999	8,29	7850	20,82	
21:37:30	96	3246	8,30	7844	20,79	
21:38:00	96	3533	8,30	7860	20,80	
21:38:30	96	3798	8,29	7855	20,82	
21:39:00	96	3091	8,29	7848	20,83	
21:39:30	96	3301	8,30	7861	20,80	
21:40:00	96	3510	8,29	7861	20,82	
21:40:30	96	3735	8,29	7854	20,82	
21:41:00	96	3033	8,29	7852	20,82	
21:41:30	96	3221	8,29	7844	20,83	
21:42:00	96	3291	8,29	7839	20,84	
21:42:30	96	3524	8,29	7859	20,85	
21:43:00	96	3774	8,29	7856	20,84	
21:43:30	96	3014	8,29	7852	20,85	
21:44:00	96	3127	8,29	7847	20,86	
21:44:30	96	3265	8,29	7843	20,87	
21:45:00	96	3470	8,29	7861	20,85	
21:45:30	96	3664	8,29	7858	20,86	
21:46:00	96	2975	8,29	7857	20,85	
21:46:30	96	3108	8,29	7850	20,85	
21:47:00	96	3218	8,29	7844	20,87	
21:47:30	96	3424	8,29	7857	20,84	
21:48:00	96	3593	8,29	7857	20,85	
21:48:30	96	3780	8,29	7856	20,86	
21:49:00	96	3007	8,29	7855	20,87	
21:49:30	96	3126	8,29	7850	20,87	
21:50:00	96	3293	8,29	7842	20,87	
21:50:30	96	3410	8,29	7840	20,89	
21:51:00	96	3293	8,29	7857	20,88	
21:51:30	96	3072	8,29	7853	20,88	
21:52:00	96	3302	8,29	7842	20,87	
21:52:30	96	3579	8,29	7861	20,87	
21:53:00	96	3872	8,29	7857	20,87	
21:53:30	96	3115	8,29	7854	20,90	
21:54:00	96	3296	8,29	7847	20,90	
21:54:30	96	3478	8,29	7856	20,90	
21:55:00	96	3866	8,29	7850	20,92	
21:55:30	96	3860	8,29	7843	20,92	
21:56:00	96	3178	8,29	7843	20,92	
21:56:30	96	3436	8,29	7857	20,91	
21:57:00	96	3773	8,29	7852	20,91	
21:57:30	96	3036	8,29	7847	20,92	
21:58:00	96	3227	8,29	7858	20,88	
21:58:30	96	3415	8,29	7858	20,89	
21:59:00	96	3694	8,29	7855	20,91	
21:59:30	96	3949	8,29	7846	20,90	
22:00:00	96	3188	8,29	7844	20,92	
22:00:30	96	3454	8,29	7856	20,91	
22:01:00	96	3659	8,29	7856	20,92	
22:01:30	96	3046	8,28	7850	20,95	
22:02:00	96	3278	8,29	7840	20,91	
22:02:30	96	3533	8,29	7857	20,91	
22:03:00	96	3793	8,28	7854	20,97	
22:03:30	96	3133	8,28	7846	20,95	
22:04:00	96	3300	8,28	7837	20,95	
22:04:30	96	3568	8,29	7855	20,93	
22:05:00	96	3676	8,28	7853	20,96	
22:05:30	96	3066	8,28	7849	20,96	
22:06:00	96	3295	8,28	7840	20,94	
22:06:30	96	3566	8,28	7856	20,95	
22:07:00	96	2939	8,28	7854	20,95	
22:07:30	96	3135	8,28	7845	20,94	
22:08:00	96	3331	8,28	7839	20,94	
22:08:30	96	3602	8,28	7855	20,94	
22:09:00	96	3700	8,28	7852	20,98	
22:09:30	96	3090	8,28	7848	20,99	
22:10:00	96	3315	8,28	7839	20,95	
22:10:30	96	3563	8,28	7859	20,96	
22:11:00	96	3896	8,28	7857	20,97	
22:11:30	96	3098	8,28	7852	20,98	
22:12:00	96	3272	8,28	7842	20,99	
22:12:30	96	3539	8,28	7858	20,96	
22:13:00	96	3674	8,28	7853	20,97	
22:13:30	96	3053	8,28	7852	20,98	
22:14:00	96	3279	8,28	7841	20,98	
22:14:30	96	3516	8,28	7836	20,97	
22:15:00	96	3782	8,28	7856	20,98	
22:15:30	96	3094	8,28	7852	21,00	
22:16:00	96	3303	8,28	7844	21,00	
22:16:30	96	3444	8,28	7839	21,03	
22:17:00	96	3533	8,28	7850	21,02	
22:17:30	96	3096	8,28	7840	21,00	
22:18:00	96	3331	8,28	7855	21,00	
22:18:30	96	3581	8,28	7850	21,01	
22:19:00	96	3018	8,28	7844	21,01	
22:19:30	96	3258	8,28	7833	21,00	
22:20:00	96	3469	8,28	7855	21,00	
22:20:30	96	3509	8,28	7848	21,01	
22:21:00	96	3143	8,28	7839	21,02	
22:21:30	96	3379	8,28	7859	21,00	
22:22:00	96	3737	8,28	7853	21,02	
22:22:30	96	3883	8,28	7845	21,01	
22:23:00	96	3257	8,28	7838	21,03	
22:23:30	96	3452	8,28	7835	21,04	
22:24:00	96	2944	8,28	7847	21,04	
22:24:30	96	3233	8,28	7838	21,00	
22:25:00	96	3394	8,28	7832	21,04	
22:25:30	96	2904	8,27	7851	21,06	
22:26:00	96	3214	8,28	7855	21,02	
22:26:30	96	2731	8,28	7859	21,02	
22:27:00	96	2355	8,28	7865	20,98	
22:27:30	96	2047	8,28	7870	20,94	
22:28:00	96	1790	8,29	7875	20,88	
22:28:30	96	1611	8,29	7877	20,84	
22:29:00	96	1483	8,29	7883	20,82	
22:29:30	96	1388	8,30	7885	20,79	
22:30:00	96	1312	8,30	7891	20,77	
22:30:30	96	1245	8,30	7893	20,76	
22:31:00	96	1187	8,30	7895	20,76	
22:31:30	96	1132	8,30	7895	20,77	
22:32:00	96	1084	8,30	7896	20,76	
22:32:30	96	1040	8,30	7896	20,76	
22:33:00	96	1000	8,30	7899	20,76	
22:33:30	96	961	8,30	7898	20,76	
22:34:00	96	923	8,30	7899	20,74	
22:34:30	96	889	8,30	7900	20,75	
22:35:00	96	855	8,30	7901	20,74	
22:35:30	96	823	8,30	7900	20,75	
22:36:00	96	793	8,30	7900	20,73	
22:36:30	96	764	8,30	7901	20,74	
22:37:00	96	736	8,30	7903	20,74	
22:37:30	96	710	8,30	7902	20,73	
22:38:00	96	686	8,30	7904	20,72	
22:38:30	96	664	8,30	7903	20,72	
22:39:00	96	642	8,30	7906	20,73	
22:39:30	96	620	8,30	7907	20,72	
22:40:00	96	599	8,30	7906	20,72	
22:40:30	96	578	8,30	7904	20,73	
22:41:00	96	559	8,30	7908	20,73	
22:41:30	96	540	8,30	7908	20,72	
22:42:00	96	524	8,30	7909	20,74	
22:42:30	96	507	8,30	7908	20,73	
22:43:00	96	492	8,30	7910	20,73	
22:43:30	96	478	8,30	7908	20,74	
22:44:00	96	464	8,30	7909	20,74	
22:44:30	96	450	8,30	7911	20,74	
22:45:00	96	436	8,30	7910	20,73	
22:45:30	96	424	8,30	7911	20,73	
22:46:00	96	412	8,30	7911	20,74	
22:46:30	96	402	8,30	7912	20,74	
22:47:00	96	391	8,30	7912	20,74	
22:47:30	96	380	8,30	7911	20,74	
22:48:00	96	370	8,30	7912	20,73	
22:48:30	96	361	8,30	7915	20,73	
22:49:00	96	352	8,30	7913	20,73	
22:49:30	96	344	8,30	7912	20,74	
22:50:00	96	336	8,30	7912	20,74	
22:50:30	96	329	8,30	7914	20,74	
22:51:00	96	320	8,30	7914	20,75	
22:51:30	96	313	8,30	7911	20,74	
22:52:00	96	305	8,30	7915	20,73	
22:52:30	96	298	8,30	7915	20,74	
22:53:00	96	291	8,30	7913	20,74	
22:53:30	96	284	8,30	7916	20,74	
22:54:00	96	279	8,30	7916	20,74	
22:54:30	96	272	8,30	7915	20,74	
22:55:00	96	266	8,30	7913	20,75	
22:55:30	96	261	8,30	7913	20,76	
22:56:00	96	256	8,30	7913	20,75	
22:56:30	96	251	8,30	7913	20,77	
22:57:00	96	246	8,30	7917	20,77	
22:57:30	96	241	8,30	7915	20,76	
22:58:00	96	236	8,30	7915	20,76	
22:58:30	96	231	8,30	7916	20,75	
22:59:00	96	226	8,30	7916	20,76	
22:59:30	96	222	8,30	7916	20,77	
23:00:00	96	218	8,30	7914	20,77	
23:00:30	96	213	8,30	7917	20,76	
23:01:00	96	209	8,30	7915	20,76	
23:01:30	96	205	8,30	7915	20,78	
23:02:00	96	202	8,30	7915	20,77	
23:02:30	96	198	8,30	7915	20,77	
23:03:00	96	195	8,30	7917	20,77	
23:03:30	96	192	8,30	7915	20,77	
23:04:00	96	189	8,30	7916	20,77	
23:04:30	96	186	8,30	7916	20,78	
23:05:00	96	181	8,30	7917	20,78	
23:05:30	96	177	8,30	7916	20,79	
23:06:00	96	174	8,30	7915	20,79	
23:06:30	96	170	8,30	7915	20,79	
23:07:00	96	168	8,30	7918	20,79	
23:07:30	96	165	8,30	7915	20,80	
23:08:00	96	163	8,30	7918	20,79	
23:08:30	96	160	8,30	7919	20,79	
23:09:00	96	158	8,30	7915	20,79	
23:09:30	96	155	8,30	7919	20,79	
23:10:00	96	153	8,30	7915	20,79	
23:10:30	96	154	8,30	7918	20,79	
23:11:00	96	151	8,30	7916	20,80	
23:11:30	96	149	8,30	7916	20,81	
23:12:00	96	147	8,30	7918	20,81	
23:12:30	96	145	8,30	7915	20,80	
23:13:00	96	143	8,29	7918	20,81	
23:13:30	96	140	8,30	7919	20,81	
23:14:00	96	138	8,29	7919	20,81	
23:14:30	96	136	8,29	7918	20,81	
23:15:00	96	134	8,29	7917	20,81	
23:15:30	96	132	8,29	7916	20,82	
23:16:00	96	131	8,29	7916	20,83	
23:16:30	96	129	8,29	7915	20,82	
23:17:00	96	128	8,29	7919	20,82	
23:17:30	96	126	8,29	7918	20,82	
23:18:00	96	125	8,29	7917	20,83	
23:18:30	96	123	8,30	7917	20,81	
23:19:00	96	122	8,29	7918	20,81	
23:19:30	96	120	8,29	7915	20,82	
23:20:00	96	119	8,29	7916	20,84	
23:20:30	96	117	8,29	7917	20,83	
23:21:00	96	116	8,29	7915	20,82	
23:21:30	96	115	8,29	7916	20,82	
23:22:00	96	114	8,29	7919	20,83	
23:22:30	96	113	8,29	7917	20,83	
23:23:00	96	111	8,29	7918	20,83	
23:23:30	96	110	8,29	7917	20,84	
23:24:00	96	109	8,29	7918	20,83	
23:24:30	96	108	8,29	7916	20,84	
23:25:00	96	106	8,29	7916	20,85	
23:25:30	96	104	8,29	7919	20,85	
23:26:00	96	102	8,29	7917	20,87	
23:26:30	96	103	8,29	7915	20,87	
23:27:00	96	102	8,29	7916	20,85	
23:27:30	96	100	8,29	7916	20,85	
23:28:00	96	100	8,29	7918	20,86	
23:28:30	96	99	8,29	7916	20,85	
23:29:00	96	98	8,29	7918	20,87	
23:29:30	96	96	8,29	7917	20,86	
23:30:00	96	95	8,29	7915	20,87	
23:30:30	96	94	8,29	7918	20,88	
