--Test Summary--
Full Path and File Name	
Instrument Name	7222
Instrument Type	Model 7222 Consistometer
Instrument Serial Number	
Test Start Date	04.10.2021
Test Start Time	17:25:28
Test Stop Date	05.10.2021
Test Stop Time	2:53:28
Test Length	9:28:00
Final Sample Time Offset	9:28:00
Controller Schedule Name	
Sampling Period	10 seconds
Comments	
Information	WellID	
Information	Customer	
Information	EngName	
Information	CementClass	
Information	CementMfr	
Information	Additives	90G+10ASPM+1FL-500 (Azimut)+1CaCl2
Information	Density	1500
Information	BHCT	40
Information	BHST	
Information	FluidLoss	
Information	JobType	
Calculated Value	Time_30Bc	6:10:00
Calculated Value	Time_70Bc	9:28:00
Initial Temperature (°C)	24 °C
Final Temperature (°C)	41 °C
Initial Pressure (MPa)	0,6 MPa
Final Pressure (MPa)	3,6 MPa
Initial Consistency (Bc)	5 Bc
Final Consistency (Bc)	72 Bc
--Data--
Time (HH:MM:SS)	Temperature (°C)	Pressure (MPa)	Consistency (Bc)
0:00:00	24	0,6	5
0:00:10	24	0,6	5
0:00:20	24	0,6	5
0:00:30	25	0,6	5
0:00:40	25	0,6	4
0:00:50	25	0,6	5
0:01:00	25	0,6	5
0:01:10	25	0,6	4
0:01:20	25	0,6	5
0:01:30	25	0,6	5
0:01:40	25	0,6	5
0:01:50	25	0,6	5
0:02:00	25	0,6	5
0:02:10	25	0,6	5
0:02:20	25	4,7	17
0:02:30	25	4,3	7
0:02:40	25	5,4	7
0:02:50	25	5,2	6
0:03:00	25	5,1	6
0:03:10	25	4,9	6
0:03:20	26	4,9	6
0:03:30	26	4,9	6
0:03:40	26	4,9	6
0:03:50	26	4,9	6
0:04:00	26	4,9	6
0:04:10	26	5,0	6
0:04:20	26	5,0	6
0:04:30	26	5,1	6
0:04:40	26	5,1	6
0:04:50	26	5,1	6
0:05:00	26	5,2	6
0:05:10	26	5,2	6
0:05:20	26	5,3	6
0:05:30	27	5,3	6
0:05:40	27	5,4	6
0:05:50	27	5,4	6
0:06:00	27	5,5	6
0:06:10	27	5,5	6
0:06:20	27	5,5	6
0:06:30	27	5,5	6
0:06:40	27	5,6	6
0:06:50	27	5,6	6
0:07:00	28	5,6	6
0:07:10	28	5,7	6
0:07:20	28	5,7	6
0:07:30	28	5,7	6
0:07:40	28	5,7	6
0:07:50	28	5,8	6
0:08:00	28	5,8	6
0:08:10	28	5,8	5
0:08:20	28	5,8	6
0:08:30	28	5,9	6
0:08:40	29	5,9	6
0:08:50	29	5,9	6
0:09:00	29	6,0	6
0:09:10	29	6,0	6
0:09:20	29	6,0	6
0:09:30	29	6,1	6
0:09:40	29	6,1	6
0:09:50	29	6,1	6
0:10:00	29	6,2	5
0:10:10	30	6,2	6
0:10:20	30	6,2	6
0:10:30	30	6,3	5
0:10:40	30	6,3	5
0:10:50	30	6,3	5
0:11:00	30	6,4	5
0:11:10	30	6,4	5
0:11:20	30	6,4	5
0:11:30	30	6,5	5
0:11:40	30	6,5	5
0:11:50	31	6,5	5
0:12:00	31	6,6	5
0:12:10	31	6,6	5
0:12:20	31	6,6	5
0:12:30	31	6,7	5
0:12:40	31	6,7	5
0:12:50	31	6,7	5
0:13:00	31	6,8	5
0:13:10	31	6,8	5
0:13:20	31	6,9	5
0:13:30	31	6,9	5
0:13:40	32	6,9	5
0:13:50	32	7,0	5
0:14:00	32	7,0	5
0:14:10	32	7,1	5
0:14:20	32	7,1	5
0:14:30	32	7,2	5
0:14:40	32	7,2	5
0:14:50	32	7,2	5
0:15:00	32	7,3	5
0:15:10	32	7,3	5
0:15:20	33	7,3	5
0:15:30	33	7,4	5
0:15:40	33	7,4	5
0:15:50	33	7,5	5
0:16:00	33	7,5	5
0:16:10	33	7,6	5
0:16:20	33	7,6	5
0:16:30	33	7,7	5
0:16:40	33	7,7	5
0:16:50	33	7,7	5
0:17:00	33	7,8	6
0:17:10	34	7,8	6
0:17:20	34	7,9	5
0:17:30	34	7,9	6
0:17:40	34	7,9	6
0:17:50	34	8,0	5
0:18:00	34	8,0	6
0:18:10	34	8,1	6
0:18:20	34	8,1	5
0:18:30	34	8,1	6
0:18:40	34	8,2	5
0:18:50	34	8,2	6
0:19:00	35	8,3	6
0:19:10	35	8,3	5
0:19:20	35	8,3	6
0:19:30	35	8,4	6
0:19:40	35	8,4	6
0:19:50	35	8,4	6
0:20:00	35	8,5	5
0:20:10	35	8,5	6
0:20:20	35	8,5	6
0:20:30	35	8,6	6
0:20:40	36	8,6	6
0:20:50	36	8,7	6
0:21:00	36	8,7	6
0:21:10	36	8,8	6
0:21:20	36	8,8	6
0:21:30	36	8,8	6
0:21:40	36	8,9	6
0:21:50	36	8,9	6
0:22:00	36	9,0	6
0:22:10	36	9,0	6
0:22:20	36	9,1	6
0:22:30	37	9,1	6
0:22:40	37	9,2	6
0:22:50	37	9,2	6
0:23:00	37	9,3	6
0:23:10	37	9,4	6
0:23:20	37	9,4	6
0:23:30	37	9,5	6
0:23:40	37	9,5	6
0:23:50	37	9,6	6
0:24:00	37	9,6	6
0:24:10	37	9,7	6
0:24:20	38	9,7	6
0:24:30	38	9,7	6
0:24:40	38	9,8	6
0:24:50	38	9,8	6
0:25:00	38	9,9	6
0:25:10	38	9,9	6
0:25:20	38	10,0	6
0:25:30	38	10,0	6
0:25:40	38	10,0	6
0:25:50	38	10,1	6
0:26:00	38	10,1	6
0:26:10	39	10,2	6
0:26:20	39	10,2	6
0:26:30	39	10,3	6
0:26:40	39	10,4	6
0:26:50	39	10,4	6
0:27:00	39	10,5	6
0:27:10	39	10,5	6
0:27:20	39	10,5	6
0:27:30	39	10,6	6
0:27:40	39	10,6	6
0:27:50	39	10,6	6
0:28:00	40	10,7	6
0:28:10	40	10,7	6
0:28:20	40	10,8	6
0:28:30	40	10,8	6
0:28:40	40	10,8	6
0:28:50	40	10,9	6
0:29:00	40	10,9	6
0:29:10	40	11,0	6
0:29:20	40	11,0	6
0:29:30	40	11,1	6
0:29:40	40	11,1	5
0:29:50	41	11,2	6
0:30:00	41	11,2	6
0:30:10	41	11,2	6
0:30:20	41	11,2	6
0:30:30	41	11,2	6
0:30:40	41	11,2	6
0:30:50	41	11,2	6
0:31:00	41	11,2	6
0:31:10	41	11,1	6
0:31:20	41	11,0	6
0:31:30	41	10,9	6
0:31:40	41	10,8	6
0:31:50	42	10,7	6
0:32:00	42	10,7	6
0:32:10	42	10,6	6
0:32:20	42	10,5	6
0:32:30	42	10,4	6
0:32:40	42	10,3	6
0:32:50	42	10,2	6
0:33:00	42	10,1	6
0:33:10	42	10,1	6
0:33:20	42	10,0	6
0:33:30	42	10,0	5
0:33:40	42	9,9	6
0:33:50	42	9,9	6
0:34:00	42	9,8	5
0:34:10	42	9,8	5
0:34:20	42	9,8	5
0:34:30	42	9,8	5
0:34:40	42	9,8	6
0:34:50	42	9,7	5
0:35:00	42	9,7	5
0:35:10	42	9,7	5
0:35:20	42	9,7	5
0:35:30	42	9,7	5
0:35:40	42	9,7	5
0:35:50	42	9,7	5
0:36:00	42	9,7	5
0:36:10	41	9,7	5
0:36:20	41	9,7	5
0:36:30	41	9,7	5
0:36:40	41	9,7	5
0:36:50	41	9,7	5
0:37:00	41	9,6	5
0:37:10	41	9,6	5
0:37:20	41	9,6	5
0:37:30	41	9,6	5
0:37:40	41	9,6	5
0:37:50	41	9,6	5
0:38:00	41	9,6	5
0:38:10	41	9,5	5
0:38:20	41	9,5	5
0:38:30	41	9,5	5
0:38:40	41	9,5	5
0:38:50	41	9,5	5
0:39:00	41	9,5	5
0:39:10	41	9,5	5
0:39:20	41	9,5	5
0:39:30	41	9,5	5
0:39:40	41	9,5	5
0:39:50	41	9,5	5
0:40:00	41	9,5	5
0:40:10	41	9,5	5
0:40:20	41	9,5	5
0:40:30	41	9,5	5
0:40:40	41	9,5	5
0:40:50	41	9,5	5
0:41:00	41	9,5	5
0:41:10	41	9,5	5
0:41:20	41	9,5	5
0:41:30	41	9,5	5
0:41:40	41	9,5	5
0:41:50	41	9,5	5
0:42:00	41	9,5	5
0:42:10	41	9,5	5
0:42:20	41	9,5	5
0:42:30	41	9,5	5
0:42:40	41	9,5	5
0:42:50	41	9,5	5
0:43:00	41	9,5	5
0:43:10	41	9,5	5
0:43:20	41	9,5	5
0:43:30	41	9,5	5
0:43:40	41	9,5	5
0:43:50	41	9,5	5
0:44:00	41	9,5	5
0:44:10	41	9,5	5
0:44:20	41	9,5	5
0:44:30	41	9,5	5
0:44:40	41	9,5	5
0:44:50	41	9,5	5
0:45:00	41	9,5	5
0:45:10	41	9,5	5
0:45:20	41	9,5	5
0:45:30	41	9,5	5
0:45:40	41	9,5	5
0:45:50	41	9,5	5
0:46:00	41	9,5	5
0:46:10	41	9,5	5
0:46:20	41	9,5	5
0:46:30	41	9,5	5
0:46:40	41	9,5	5
0:46:50	41	9,5	5
0:47:00	41	9,5	5
0:47:10	41	9,5	5
0:47:20	41	9,5	5
0:47:30	41	9,5	5
0:47:40	41	9,5	5
0:47:50	41	9,5	5
0:48:00	41	9,5	5
0:48:10	41	9,5	5
0:48:20	41	9,5	5
0:48:30	41	9,5	5
0:48:40	41	9,5	5
0:48:50	41	9,5	5
0:49:00	41	9,5	5
0:49:10	41	9,4	5
0:49:20	41	9,5	5
0:49:30	41	9,5	5
0:49:40	41	9,5	5
0:49:50	41	9,5	5
0:50:00	41	9,5	5
0:50:10	41	9,5	5
0:50:20	41	9,5	5
0:50:30	41	9,5	5
0:50:40	41	9,5	5
0:50:50	41	9,5	5
0:51:00	41	9,5	5
0:51:10	41	9,5	5
0:51:20	41	9,5	5
0:51:30	41	9,5	5
0:51:40	41	9,5	5
0:51:50	41	9,5	5
0:52:00	41	9,5	5
0:52:10	41	9,5	5
0:52:20	41	9,5	5
0:52:30	41	9,5	5
0:52:40	41	9,5	5
0:52:50	41	9,5	5
0:53:00	41	9,5	5
0:53:10	41	9,5	5
0:53:20	41	9,5	5
0:53:30	41	9,5	5
0:53:40	41	9,5	5
0:53:50	41	9,5	5
0:54:00	41	9,5	5
0:54:10	41	9,5	5
0:54:20	41	9,5	5
0:54:30	41	9,5	5
0:54:40	41	9,5	5
0:54:50	41	9,5	5
0:55:00	41	9,5	5
0:55:10	41	9,5	5
0:55:20	41	9,5	5
0:55:30	41	9,5	5
0:55:40	41	9,5	5
0:55:50	41	9,5	5
0:56:00	41	9,5	5
0:56:10	41	9,5	5
0:56:20	41	9,5	5
0:56:30	41	9,5	5
0:56:40	41	9,5	5
0:56:50	41	9,5	5
0:57:00	41	9,5	5
0:57:10	41	9,5	5
0:57:20	41	9,5	5
0:57:30	41	9,5	5
0:57:40	41	9,5	5
0:57:50	41	9,5	5
0:58:00	41	9,5	5
0:58:10	41	9,5	5
0:58:20	41	9,5	5
0:58:30	41	9,5	5
0:58:40	41	9,5	5
0:58:50	41	9,5	5
0:59:00	41	9,5	5
0:59:10	41	9,5	5
0:59:20	41	9,5	5
0:59:30	41	9,5	5
0:59:40	41	9,5	5
0:59:50	41	9,5	5
1:00:00	41	9,5	5
1:00:10	41	9,5	5
1:00:20	41	9,5	5
1:00:30	41	9,5	5
1:00:40	41	9,5	5
1:00:50	41	9,5	5
1:01:00	41	9,5	5
1:01:10	41	9,5	5
1:01:20	41	9,5	5
1:01:30	41	9,5	5
1:01:40	41	9,5	5
1:01:50	41	9,5	5
1:02:00	41	9,5	5
1:02:10	41	9,5	5
1:02:20	41	9,5	5
1:02:30	41	9,5	5
1:02:40	41	9,5	5
1:02:50	41	9,5	5
1:03:00	41	9,5	5
1:03:10	41	9,5	5
1:03:20	41	9,5	5
1:03:30	41	9,5	5
1:03:40	41	9,5	5
1:03:50	41	9,5	5
1:04:00	41	9,5	5
1:04:10	41	9,5	5
1:04:20	41	9,5	5
1:04:30	41	9,5	5
1:04:40	41	9,5	5
1:04:50	41	9,5	5
1:05:00	41	9,5	5
1:05:10	41	9,5	5
1:05:20	41	9,5	5
1:05:30	41	9,5	5
1:05:40	41	9,5	5
1:05:50	41	9,5	5
1:06:00	41	9,5	5
1:06:10	41	9,5	5
1:06:20	41	9,5	5
1:06:30	41	9,5	5
1:06:40	41	9,5	5
1:06:50	41	9,5	5
1:07:00	41	9,5	5
1:07:10	41	9,5	5
1:07:20	41	9,5	5
1:07:30	41	9,5	5
1:07:40	41	9,5	5
1:07:50	41	9,5	5
1:08:00	41	9,5	5
1:08:10	41	9,5	5
1:08:20	41	9,5	5
1:08:30	41	9,5	5
1:08:40	41	9,5	5
1:08:50	41	9,5	5
1:09:00	41	9,5	5
1:09:10	41	9,5	5
1:09:20	41	9,5	5
1:09:30	41	9,5	5
1:09:40	41	9,5	5
1:09:50	41	9,5	5
1:10:00	41	9,5	5
1:10:10	41	9,5	5
1:10:20	41	9,5	5
1:10:30	41	9,5	5
1:10:40	41	9,5	5
1:10:50	41	9,5	5
1:11:00	41	9,5	5
1:11:10	41	9,5	5
1:11:20	41	9,5	5
1:11:30	41	9,5	5
1:11:40	41	9,5	5
1:11:50	41	9,5	5
1:12:00	41	9,5	5
1:12:10	41	9,5	5
1:12:20	41	9,5	5
1:12:30	41	9,5	5
1:12:40	41	9,5	5
1:12:50	41	9,5	5
1:13:00	41	9,5	5
1:13:10	41	9,5	5
1:13:20	41	9,5	5
1:13:30	41	9,5	5
1:13:40	41	9,5	5
1:13:50	41	9,5	5
1:14:00	41	9,5	5
1:14:10	41	9,5	5
1:14:20	41	9,5	5
1:14:30	41	9,5	5
1:14:40	41	9,5	5
1:14:50	41	9,5	5
1:15:00	41	9,5	5
1:15:10	41	9,5	5
1:15:20	41	9,5	5
1:15:30	41	9,5	5
1:15:40	41	9,5	5
1:15:50	41	9,5	5
1:16:00	41	9,5	5
1:16:10	41	9,5	5
1:16:20	41	9,5	5
1:16:30	41	9,5	5
1:16:40	41	9,5	5
1:16:50	41	9,5	5
1:17:00	41	9,5	5
1:17:10	41	9,5	5
1:17:20	41	9,5	5
1:17:30	41	9,5	5
1:17:40	41	9,5	5
1:17:50	41	9,5	5
1:18:00	41	9,5	5
1:18:10	41	9,5	5
1:18:20	41	9,5	5
1:18:30	41	9,5	5
1:18:40	41	9,5	5
1:18:50	41	9,5	5
1:19:00	41	9,5	5
1:19:10	41	9,5	5
1:19:20	41	9,5	5
1:19:30	41	9,5	5
1:19:40	41	9,5	5
1:19:50	41	9,5	5
1:20:00	41	9,5	5
1:20:10	41	9,5	5
1:20:20	41	9,5	5
1:20:30	41	9,5	5
1:20:40	41	9,5	5
1:20:50	41	9,5	5
1:21:00	41	9,5	5
1:21:10	41	9,5	5
1:21:20	41	9,5	5
1:21:30	41	9,5	5
1:21:40	41	9,5	5
1:21:50	41	9,5	5
1:22:00	41	9,5	5
1:22:10	41	9,5	5
1:22:20	41	9,5	5
1:22:30	41	9,5	5
1:22:40	41	9,5	5
1:22:50	41	9,5	5
1:23:00	41	9,5	5
1:23:10	41	9,5	5
1:23:20	41	9,5	5
1:23:30	41	9,5	5
1:23:40	41	9,5	5
1:23:50	41	9,5	5
1:24:00	41	9,5	5
1:24:10	41	9,5	5
1:24:20	41	9,5	5
1:24:30	41	9,5	5
1:24:40	41	9,5	5
1:24:50	41	9,5	5
1:25:00	41	9,5	5
1:25:10	41	9,5	5
1:25:20	41	9,5	5
1:25:30	41	9,5	5
1:25:40	41	9,5	5
1:25:50	41	9,5	5
1:26:00	41	9,5	5
1:26:10	41	9,5	5
1:26:20	41	9,5	5
1:26:30	41	9,5	5
1:26:40	41	9,5	4
1:26:50	41	9,5	5
1:27:00	41	9,5	5
1:27:10	41	9,5	5
1:27:20	41	9,5	5
1:27:30	41	9,5	4
1:27:40	41	9,5	5
1:27:50	41	9,5	5
1:28:00	41	9,5	5
1:28:10	41	9,5	5
1:28:20	41	9,5	4
1:28:30	41	9,5	5
1:28:40	41	9,5	5
1:28:50	41	9,5	5
1:29:00	41	9,5	5
1:29:10	41	9,5	4
1:29:20	41	9,5	5
1:29:30	41	9,5	4
1:29:40	41	9,5	5
1:29:50	41	9,5	5
1:30:00	41	9,4	4
1:30:10	41	9,4	5
1:30:20	41	9,4	4
1:30:30	41	9,5	5
1:30:40	41	9,5	5
1:30:50	41	9,4	4
1:31:00	41	9,4	5
1:31:10	41	9,4	4
1:31:20	41	9,4	5
1:31:30	41	9,4	5
1:31:40	41	9,4	4
1:31:50	41	9,4	5
1:32:00	41	9,4	4
1:32:10	41	9,4	5
1:32:20	41	9,4	5
1:32:30	41	9,4	5
1:32:40	41	9,4	5
1:32:50	41	9,4	4
1:33:00	41	9,4	5
1:33:10	41	9,4	5
1:33:20	41	9,4	5
1:33:30	41	9,4	5
1:33:40	41	9,4	4
1:33:50	41	9,4	5
1:34:00	41	9,4	5
1:34:10	41	9,4	5
1:34:20	41	9,4	5
1:34:30	41	9,4	4
1:34:40	41	9,4	5
1:34:50	41	9,4	4
1:35:00	41	9,4	5
1:35:10	41	9,4	5
1:35:20	41	9,4	4
1:35:30	41	9,4	5
1:35:40	41	9,4	4
1:35:50	41	9,4	5
1:36:00	41	9,4	5
1:36:10	41	9,4	4
1:36:20	41	9,4	5
1:36:30	41	9,4	4
1:36:40	41	9,4	5
1:36:50	41	9,4	5
1:37:00	41	9,4	4
1:37:10	41	9,4	5
1:37:20	41	9,4	4
1:37:30	41	9,4	5
1:37:40	41	9,5	4
1:37:50	41	9,5	4
1:38:00	41	9,5	5
1:38:10	41	9,4	4
1:38:20	41	9,4	5
1:38:30	41	9,4	5
1:38:40	41	9,4	5
1:38:50	41	9,4	5
1:39:00	41	9,4	4
1:39:10	41	9,4	5
1:39:20	41	9,4	4
1:39:30	41	9,4	5
1:39:40	41	9,4	5
1:39:50	41	9,4	4
1:40:00	41	9,4	5
1:40:10	41	9,4	4
1:40:20	41	9,4	4
1:40:30	41	9,4	4
1:40:40	41	9,4	4
1:40:50	41	9,4	5
1:41:00	41	9,4	4
1:41:10	41	9,4	5
1:41:20	41	9,4	5
1:41:30	41	9,4	4
1:41:40	41	9,4	5
1:41:50	41	9,4	4
1:42:00	41	9,4	4
1:42:10	41	9,4	4
1:42:20	41	9,4	4
1:42:30	41	9,4	5
1:42:40	41	9,4	4
1:42:50	41	9,4	5
1:43:00	41	9,4	4
1:43:10	41	9,4	4
1:43:20	41	9,4	5
1:43:30	41	9,4	4
1:43:40	41	9,4	4
1:43:50	41	9,4	4
1:44:00	41	9,4	4
1:44:10	41	9,4	4
1:44:20	41	9,4	4
1:44:30	41	9,4	4
1:44:40	41	9,4	4
1:44:50	41	9,4	4
1:45:00	41	9,4	4
1:45:10	41	9,4	4
1:45:20	41	9,4	4
1:45:30	41	9,4	4
1:45:40	41	9,4	4
1:45:50	41	9,4	4
1:46:00	41	9,4	4
1:46:10	41	9,4	4
1:46:20	41	9,4	4
1:46:30	41	9,4	4
1:46:40	41	9,4	5
1:46:50	41	9,4	4
1:47:00	41	9,4	5
1:47:10	41	9,4	4
1:47:20	41	9,4	5
1:47:30	41	9,4	4
1:47:40	41	9,4	4
1:47:50	41	9,4	5
1:48:00	41	9,4	4
1:48:10	41	9,4	4
1:48:20	41	9,4	4
1:48:30	41	9,4	4
1:48:40	41	9,4	4
1:48:50	41	9,4	4
1:49:00	41	9,4	5
1:49:10	41	9,4	4
1:49:20	41	9,4	4
1:49:30	41	9,4	4
1:49:40	41	9,4	4
1:49:50	41	9,4	5
1:50:00	41	9,4	4
1:50:10	41	9,4	4
1:50:20	41	9,4	5
1:50:30	41	9,4	4
1:50:40	41	9,4	5
1:50:50	41	9,4	4
1:51:00	41	9,3	4
1:51:10	41	9,4	4
1:51:20	41	9,3	4
1:51:30	41	9,3	5
1:51:40	41	9,3	4
1:51:50	41	9,3	4
1:52:00	41	9,3	4
1:52:10	41	9,4	4
1:52:20	41	9,4	5
1:52:30	41	9,3	4
1:52:40	41	9,4	4
1:52:50	41	9,3	4
1:53:00	41	9,3	4
1:53:10	41	9,4	4
1:53:20	41	9,4	4
1:53:30	41	9,4	4
1:53:40	41	9,4	4
1:53:50	41	9,4	4
1:54:00	41	9,4	4
1:54:10	41	9,4	4
1:54:20	41	9,4	4
1:54:30	41	9,3	4
1:54:40	41	9,4	4
1:54:50	41	9,3	4
1:55:00	41	9,3	4
1:55:10	41	9,3	4
1:55:20	41	9,3	4
1:55:30	41	9,3	4
1:55:40	41	9,3	4
1:55:50	41	9,3	4
1:56:00	41	9,3	4
1:56:10	41	9,4	4
1:56:20	41	9,3	4
1:56:30	41	9,3	4
1:56:40	41	9,3	4
1:56:50	41	9,3	4
1:57:00	41	9,3	4
1:57:10	41	9,3	4
1:57:20	41	9,3	4
1:57:30	41	9,3	4
1:57:40	41	9,3	4
1:57:50	41	9,3	4
1:58:00	41	9,4	4
1:58:10	41	9,4	4
1:58:20	41	9,4	4
1:58:30	41	9,4	4
1:58:40	41	9,4	4
1:58:50	41	9,4	4
1:59:00	41	9,4	4
1:59:10	41	9,4	4
1:59:20	41	9,4	4
1:59:30	41	9,4	4
1:59:40	41	9,4	4
1:59:50	41	9,4	4
2:00:00	41	9,4	4
2:00:10	41	9,4	4
2:00:20	41	9,4	4
2:00:30	41	9,4	4
2:00:40	41	9,4	4
2:00:50	41	9,4	4
2:01:00	41	9,3	4
2:01:10	41	9,3	4
2:01:20	41	9,3	4
2:01:30	41	9,3	4
2:01:40	41	9,3	4
2:01:50	41	9,4	4
2:02:00	41	9,3	4
2:02:10	41	9,3	4
2:02:20	41	9,3	4
2:02:30	41	9,3	4
2:02:40	41	9,3	4
2:02:50	41	9,3	4
2:03:00	41	9,3	4
2:03:10	41	9,3	4
2:03:20	41	9,3	4
2:03:30	41	9,3	4
2:03:40	41	9,3	4
2:03:50	41	9,3	4
2:04:00	41	9,3	4
2:04:10	41	9,3	4
2:04:20	41	9,3	4
2:04:30	41	9,3	4
2:04:40	41	9,3	4
2:04:50	41	9,3	4
2:05:00	41	9,3	4
2:05:10	41	9,3	4
2:05:20	41	9,3	4
2:05:30	41	9,3	4
2:05:40	41	9,3	4
2:05:50	41	9,3	4
2:06:00	41	9,3	4
2:06:10	41	9,3	4
2:06:20	41	9,3	4
2:06:30	41	9,3	4
2:06:40	41	9,3	4
2:06:50	41	9,3	4
2:07:00	41	9,3	4
2:07:10	41	9,3	4
2:07:20	41	9,3	4
2:07:30	41	9,3	4
2:07:40	41	9,3	4
2:07:50	41	9,3	4
2:08:00	41	9,3	4
2:08:10	41	9,3	4
2:08:20	41	9,3	4
2:08:30	41	9,3	4
2:08:40	41	9,3	4
2:08:50	41	9,3	4
2:09:00	41	9,3	4
2:09:10	41	9,3	4
2:09:20	41	9,3	4
2:09:30	41	9,3	4
2:09:40	41	9,3	4
2:09:50	41	9,3	4
2:10:00	41	9,3	4
2:10:10	41	9,3	4
2:10:20	41	9,3	4
2:10:30	41	9,3	4
2:10:40	41	9,3	4
2:10:50	41	9,3	4
2:11:00	41	9,3	4
2:11:10	41	9,3	4
2:11:20	41	9,3	4
2:11:30	41	9,3	4
2:11:40	41	9,3	4
2:11:50	41	9,3	4
2:12:00	41	9,3	4
2:12:10	41	9,3	4
2:12:20	41	9,3	4
2:12:30	41	9,3	4
2:12:40	41	9,3	4
2:12:50	41	9,3	4
2:13:00	41	9,3	4
2:13:10	41	9,3	4
2:13:20	41	9,3	4
2:13:30	41	9,3	4
2:13:40	41	9,3	4
2:13:50	41	9,3	4
2:14:00	41	9,3	4
2:14:10	41	9,3	4
2:14:20	41	9,3	4
2:14:30	41	9,3	4
2:14:40	41	9,3	4
2:14:50	41	9,3	4
2:15:00	41	9,3	4
2:15:10	41	9,3	4
2:15:20	41	9,3	4
2:15:30	41	9,3	4
2:15:40	41	9,2	4
2:15:50	41	9,2	4
2:16:00	41	9,2	4
2:16:10	41	9,2	4
2:16:20	41	9,2	4
2:16:30	41	9,2	4
2:16:40	41	9,2	4
2:16:50	41	9,3	4
2:17:00	41	9,3	4
2:17:10	41	9,3	4
2:17:20	41	9,3	4
2:17:30	41	9,3	4
2:17:40	41	9,3	4
2:17:50	41	9,3	4
2:18:00	41	9,3	4
2:18:10	41	9,3	4
2:18:20	41	9,3	4
2:18:30	41	9,3	4
2:18:40	41	9,3	4
2:18:50	41	9,3	4
2:19:00	41	9,3	4
2:19:10	41	9,3	4
2:19:20	41	9,2	4
2:19:30	41	9,3	4
2:19:40	41	9,3	4
2:19:50	41	9,2	4
2:20:00	41	9,2	4
2:20:10	41	9,2	4
2:20:20	41	9,2	4
2:20:30	41	9,2	4
2:20:40	41	9,2	4
2:20:50	41	9,2	4
2:21:00	41	9,2	4
2:21:10	41	9,2	4
2:21:20	41	9,2	4
2:21:30	41	9,2	4
2:21:40	41	9,2	4
2:21:50	41	9,2	4
2:22:00	41	9,2	4
2:22:10	41	9,2	4
2:22:20	41	9,2	4
2:22:30	41	9,2	4
2:22:40	41	9,2	4
2:22:50	41	9,2	4
2:23:00	41	9,2	4
2:23:10	41	9,2	4
2:23:20	41	9,2	4
2:23:30	41	9,2	4
2:23:40	41	9,2	4
2:23:50	41	9,2	4
2:24:00	41	9,2	4
2:24:10	41	9,2	4
2:24:20	41	9,2	4
2:24:30	41	9,2	5
2:24:40	41	9,2	4
2:24:50	41	9,2	4
2:25:00	41	9,2	4
2:25:10	41	9,2	4
2:25:20	41	9,2	4
2:25:30	41	9,2	4
2:25:40	41	9,2	4
2:25:50	41	9,2	4
2:26:00	41	9,2	4
2:26:10	41	9,2	4
2:26:20	41	9,2	4
2:26:30	41	9,2	4
2:26:40	41	9,2	4
2:26:50	41	9,2	4
2:27:00	41	9,2	4
2:27:10	41	9,2	4
2:27:20	41	9,2	4
2:27:30	41	9,2	4
2:27:40	41	9,2	4
2:27:50	41	9,2	5
2:28:00	41	9,2	4
2:28:10	41	9,2	4
2:28:20	41	9,2	4
2:28:30	41	9,2	4
2:28:40	41	9,2	4
2:28:50	41	9,2	4
2:29:00	41	9,2	4
2:29:10	41	9,2	4
2:29:20	41	9,2	4
2:29:30	41	9,2	4
2:29:40	41	9,2	4
2:29:50	41	9,2	4
2:30:00	41	9,2	4
2:30:10	41	9,2	4
2:30:20	41	9,2	4
2:30:30	41	9,2	4
2:30:40	41	9,2	4
2:30:50	41	9,2	4
2:31:00	41	9,2	4
2:31:10	41	9,2	4
2:31:20	41	9,2	4
2:31:30	41	9,2	4
2:31:40	41	9,2	4
2:31:50	41	9,2	4
2:32:00	41	9,2	4
2:32:10	41	9,2	4
2:32:20	41	9,2	4
2:32:30	41	9,2	4
2:32:40	41	9,2	4
2:32:50	41	9,2	4
2:33:00	41	9,2	4
2:33:10	41	9,2	5
2:33:20	41	9,2	4
2:33:30	41	9,2	4
2:33:40	41	9,1	4
2:33:50	41	9,1	4
2:34:00	41	9,1	5
2:34:10	41	9,1	4
2:34:20	41	9,1	4
2:34:30	41	9,1	5
2:34:40	41	9,1	4
2:34:50	41	9,1	4
2:35:00	41	9,1	4
2:35:10	41	9,1	4
2:35:20	41	9,1	5
2:35:30	41	9,1	4
2:35:40	41	9,1	4
2:35:50	41	9,1	4
2:36:00	41	9,1	4
2:36:10	41	9,2	4
2:36:20	41	9,2	4
2:36:30	41	9,2	4
2:36:40	41	9,2	4
2:36:50	41	9,2	4
2:37:00	41	9,2	4
2:37:10	41	9,2	4
2:37:20	41	9,2	4
2:37:30	41	9,2	4
2:37:40	41	9,2	4
2:37:50	41	9,2	4
2:38:00	41	9,2	4
2:38:10	41	9,2	4
2:38:20	41	9,2	4
2:38:30	41	9,2	4
2:38:40	41	9,2	4
2:38:50	41	9,2	4
2:39:00	41	9,2	5
2:39:10	41	9,2	4
2:39:20	41	9,2	5
2:39:30	41	9,2	4
2:39:40	41	9,1	4
2:39:50	41	9,1	4
2:40:00	41	9,1	4
2:40:10	41	9,1	4
2:40:20	41	9,1	4
2:40:30	41	9,1	4
2:40:40	41	9,1	5
2:40:50	41	9,1	4
2:41:00	41	9,1	4
2:41:10	41	9,1	4
2:41:20	41	9,2	4
2:41:30	41	9,1	4
2:41:40	41	9,1	4
2:41:50	41	9,1	4
2:42:00	41	9,1	4
2:42:10	41	9,1	4
2:42:20	41	9,1	4
2:42:30	41	9,1	4
2:42:40	41	9,1	4
2:42:50	41	9,1	5
2:43:00	41	9,1	4
2:43:10	41	9,1	4
2:43:20	41	9,1	4
2:43:30	41	9,1	4
2:43:40	41	9,1	4
2:43:50	41	9,1	4
2:44:00	41	9,1	4
2:44:10	41	9,1	4
2:44:20	41	9,1	4
2:44:30	41	9,1	4
2:44:40	41	9,1	5
2:44:50	41	9,1	4
2:45:00	41	9,1	4
2:45:10	41	9,1	4
2:45:20	41	9,1	4
2:45:30	41	9,1	4
2:45:40	41	9,1	4
2:45:50	41	9,1	4
2:46:00	41	9,1	4
2:46:10	41	9,1	4
2:46:20	41	9,1	4
2:46:30	41	9,1	4
2:46:40	41	9,1	4
2:46:50	41	9,1	4
2:47:00	41	9,1	4
2:47:10	41	9,1	4
2:47:20	41	9,1	5
2:47:30	41	9,1	4
2:47:40	41	9,1	4
2:47:50	41	9,1	4
2:48:00	41	9,1	4
2:48:10	41	9,1	4
2:48:20	41	9,1	4
2:48:30	41	9,1	4
2:48:40	41	9,1	4
2:48:50	41	9,1	4
2:49:00	41	9,1	4
2:49:10	41	9,1	4
2:49:20	41	9,1	4
2:49:30	41	9,1	4
2:49:40	41	9,1	4
2:49:50	41	9,1	4
2:50:00	41	9,1	4
2:50:10	41	9,1	4
2:50:20	41	9,1	4
2:50:30	41	9,1	4
2:50:40	41	9,1	4
2:50:50	41	9,1	4
2:51:00	41	9,1	4
2:51:10	41	9,1	4
2:51:20	41	9,1	4
2:51:30	41	9,1	4
2:51:40	41	9,1	4
2:51:50	41	9,1	4
2:52:00	41	9,1	4
2:52:10	41	9,1	4
2:52:20	41	9,1	4
2:52:30	41	9,1	4
2:52:40	41	9,1	4
2:52:50	41	9,1	4
2:53:00	41	9,1	4
2:53:10	41	9,1	4
2:53:20	41	9,1	4
2:53:30	41	9,1	4
2:53:40	41	9,1	4
2:53:50	41	9,1	4
2:54:00	41	9,1	4
2:54:10	41	9,1	4
2:54:20	41	9,1	4
2:54:30	41	9,1	4
2:54:40	41	9,1	4
2:54:50	41	9,1	4
2:55:00	41	9,1	4
2:55:10	41	9,1	4
2:55:20	41	9,1	4
2:55:30	41	9,1	4
2:55:40	41	9,1	4
2:55:50	41	9,1	4
2:56:00	41	9,1	4
2:56:10	41	9,1	4
2:56:20	41	9,1	4
2:56:30	41	9,1	4
2:56:40	41	9,1	4
2:56:50	41	9,1	4
2:57:00	41	9,1	4
2:57:10	41	9,1	4
2:57:20	41	9,1	4
2:57:30	41	9,1	4
2:57:40	41	9,1	4
2:57:50	41	9,0	4
2:58:00	41	9,0	4
2:58:10	41	9,1	4
2:58:20	41	9,1	4
2:58:30	41	9,1	4
2:58:40	41	9,1	4
2:58:50	41	9,1	4
2:59:00	41	9,1	4
2:59:10	41	9,1	4
2:59:20	41	9,1	4
2:59:30	41	9,1	4
2:59:40	41	9,0	4
2:59:50	41	9,0	4
3:00:00	41	9,0	4
3:00:10	41	9,0	4
3:00:20	41	9,0	4
3:00:30	41	9,0	4
3:00:40	41	9,0	4
3:00:50	41	9,0	4
3:01:00	41	9,0	4
3:01:10	41	9,0	4
3:01:20	41	9,0	4
3:01:30	41	9,0	4
3:01:40	41	9,0	4
3:01:50	41	9,0	4
3:02:00	41	9,0	4
3:02:10	41	9,0	4
3:02:20	41	9,0	4
3:02:30	41	9,0	4
3:02:40	41	9,0	4
3:02:50	41	9,0	4
3:03:00	41	9,0	4
3:03:10	41	9,0	4
3:03:20	41	9,0	4
3:03:30	41	9,0	4
3:03:40	41	9,0	4
3:03:50	41	9,0	4
3:04:00	41	9,0	4
3:04:10	41	9,0	4
3:04:20	41	9,0	4
3:04:30	41	9,1	4
3:04:40	41	9,1	4
3:04:50	41	9,1	4
3:05:00	41	9,1	4
3:05:10	41	9,0	4
3:05:20	41	9,1	4
3:05:30	41	9,1	4
3:05:40	41	9,0	4
3:05:50	41	9,0	4
3:06:00	41	9,0	4
3:06:10	41	9,0	4
3:06:20	41	9,0	4
3:06:30	41	9,0	4
3:06:40	41	9,0	4
3:06:50	41	9,0	4
3:07:00	41	9,0	4
3:07:10	41	9,0	4
3:07:20	41	9,0	4
3:07:30	41	9,0	4
3:07:40	41	9,0	4
3:07:50	41	9,0	4
3:08:00	41	9,0	4
3:08:10	41	9,0	4
3:08:20	41	9,0	4
3:08:30	41	9,0	4
3:08:40	41	9,0	4
3:08:50	41	9,0	4
3:09:00	41	9,0	4
3:09:10	41	9,0	4
3:09:20	41	9,0	4
3:09:30	41	9,0	4
3:09:40	41	9,0	4
3:09:50	41	9,0	4
3:10:00	41	9,0	4
3:10:10	41	9,0	4
3:10:20	41	9,0	4
3:10:30	41	9,0	4
3:10:40	41	9,0	4
3:10:50	41	9,0	4
3:11:00	41	9,0	4
3:11:10	41	8,9	4
3:11:20	41	8,9	4
3:11:30	41	8,9	4
3:11:40	41	8,9	4
3:11:50	41	9,0	4
3:12:00	41	9,0	4
3:12:10	41	9,0	4
3:12:20	41	9,0	4
3:12:30	41	9,0	4
3:12:40	41	9,0	4
3:12:50	41	9,0	4
3:13:00	41	9,0	4
3:13:10	41	9,0	4
3:13:20	41	9,0	4
3:13:30	41	9,0	4
3:13:40	41	9,0	4
3:13:50	41	9,0	4
3:14:00	41	9,0	4
3:14:10	41	9,0	4
3:14:20	41	9,0	4
3:14:30	41	9,0	4
3:14:40	41	9,0	4
3:14:50	41	9,0	4
3:15:00	41	9,0	4
3:15:10	41	9,0	4
3:15:20	41	9,0	4
3:15:30	41	9,0	4
3:15:40	41	9,0	4
3:15:50	41	9,0	4
3:16:00	41	9,0	4
3:16:10	41	8,9	4
3:16:20	41	9,0	4
3:16:30	41	8,9	4
3:16:40	41	8,9	4
3:16:50	41	8,9	4
3:17:00	41	8,9	4
3:17:10	41	9,0	4
3:17:20	41	9,0	4
3:17:30	41	9,0	4
3:17:40	41	9,0	4
3:17:50	41	9,0	4
3:18:00	41	9,0	4
3:18:10	41	9,0	4
3:18:20	41	9,0	4
3:18:30	41	9,0	4
3:18:40	41	9,0	4
3:18:50	41	9,0	4
3:19:00	41	9,0	4
3:19:10	41	9,0	4
3:19:20	41	8,9	4
3:19:30	41	8,9	4
3:19:40	41	9,0	4
3:19:50	41	9,0	4
3:20:00	41	9,0	4
3:20:10	41	9,0	4
3:20:20	41	9,0	4
3:20:30	41	9,0	4
3:20:40	41	8,9	4
3:20:50	41	8,9	4
3:21:00	41	8,9	4
3:21:10	41	8,9	4
3:21:20	41	8,9	4
3:21:30	41	8,9	4
3:21:40	41	8,9	4
3:21:50	41	8,9	4
3:22:00	41	8,9	4
3:22:10	41	8,9	4
3:22:20	41	8,9	4
3:22:30	41	8,9	4
3:22:40	41	8,9	4
3:22:50	41	8,9	4
3:23:00	41	8,9	4
3:23:10	41	8,9	4
3:23:20	41	8,9	4
3:23:30	41	8,9	4
3:23:40	41	8,9	4
3:23:50	41	8,9	4
3:24:00	41	8,9	4
3:24:10	41	8,9	4
3:24:20	41	8,9	4
3:24:30	41	8,9	4
3:24:40	41	8,9	4
3:24:50	41	8,9	4
3:25:00	41	8,9	4
3:25:10	41	8,9	4
3:25:20	41	8,9	4
3:25:30	41	8,9	4
3:25:40	41	8,9	4
3:25:50	41	8,9	4
3:26:00	41	8,9	4
3:26:10	41	8,9	4
3:26:20	41	8,9	4
3:26:30	41	8,9	4
3:26:40	41	8,9	4
3:26:50	41	8,9	4
3:27:00	41	8,9	4
3:27:10	41	8,9	4
3:27:20	41	8,9	4
3:27:30	41	8,9	4
3:27:40	41	8,9	4
3:27:50	41	8,9	4
3:28:00	41	8,9	4
3:28:10	41	8,9	4
3:28:20	41	8,9	4
3:28:30	41	8,9	4
3:28:40	41	8,9	4
3:28:50	41	8,9	4
3:29:00	41	8,9	4
3:29:10	41	8,8	4
3:29:20	41	8,9	4
3:29:30	41	8,8	4
3:29:40	41	8,8	4
3:29:50	41	8,8	4
3:30:00	41	8,8	4
3:30:10	41	8,8	4
3:30:20	41	8,9	4
3:30:30	41	8,9	4
3:30:40	41	8,9	4
3:30:50	41	8,9	4
3:31:00	41	8,9	4
3:31:10	41	8,9	4
3:31:20	41	8,9	4
3:31:30	41	8,9	4
3:31:40	41	8,9	4
3:31:50	41	8,9	4
3:32:00	41	8,9	4
3:32:10	41	8,9	4
3:32:20	41	8,9	4
3:32:30	41	8,9	4
3:32:40	41	8,9	4
3:32:50	41	8,9	4
3:33:00	41	8,9	4
3:33:10	41	8,9	4
3:33:20	41	8,9	4
3:33:30	41	8,9	4
3:33:40	41	8,9	4
3:33:50	41	8,9	4
3:34:00	41	8,9	4
3:34:10	41	8,9	4
3:34:20	41	8,9	4
3:34:30	41	8,9	4
3:34:40	41	8,9	4
3:34:50	41	8,9	4
3:35:00	41	8,9	4
3:35:10	41	8,9	4
3:35:20	41	8,9	4
3:35:30	41	8,9	4
3:35:40	41	8,9	4
3:35:50	41	8,9	4
3:36:00	41	8,9	4
3:36:10	41	8,9	4
3:36:20	41	8,9	4
3:36:30	41	8,8	4
3:36:40	41	8,8	4
3:36:50	41	8,8	4
3:37:00	41	8,8	4
3:37:10	41	8,8	4
3:37:20	41	8,8	4
3:37:30	41	8,9	4
3:37:40	41	8,9	4
3:37:50	41	8,9	4
3:38:00	41	8,9	4
3:38:10	41	8,9	4
3:38:20	41	8,9	4
3:38:30	41	8,9	4
3:38:40	41	8,9	4
3:38:50	41	8,9	4
3:39:00	41	8,8	4
3:39:10	41	8,8	4
3:39:20	41	8,8	4
3:39:30	41	8,8	4
3:39:40	41	8,8	4
3:39:50	41	8,8	4
3:40:00	41	8,8	4
3:40:10	41	8,8	4
3:40:20	41	8,8	4
3:40:30	41	8,8	4
3:40:40	41	8,8	4
3:40:50	41	8,8	4
3:41:00	41	8,8	4
3:41:10	41	8,8	4
3:41:20	41	8,8	4
3:41:30	41	8,8	4
3:41:40	41	8,9	4
3:41:50	41	8,8	4
3:42:00	41	8,9	4
3:42:10	41	8,8	4
3:42:20	41	8,8	4
3:42:30	41	8,8	4
3:42:40	41	8,8	4
3:42:50	41	8,8	4
3:43:00	41	8,8	4
3:43:10	41	8,8	4
3:43:20	41	8,8	4
3:43:30	41	8,8	4
3:43:40	41	8,8	4
3:43:50	41	8,8	4
3:44:00	41	8,8	4
3:44:10	41	8,8	4
3:44:20	41	8,9	4
3:44:30	41	8,9	4
3:44:40	41	8,9	4
3:44:50	41	8,9	4
3:45:00	41	8,9	4
3:45:10	41	8,9	4
3:45:20	41	8,8	4
3:45:30	41	8,8	4
3:45:40	41	8,8	4
3:45:50	41	8,8	4
3:46:00	41	8,8	4
3:46:10	41	8,8	4
3:46:20	41	8,8	4
3:46:30	41	8,8	4
3:46:40	41	8,8	4
3:46:50	41	8,8	4
3:47:00	41	8,8	4
3:47:10	41	8,8	4
3:47:20	41	8,8	4
3:47:30	41	8,8	4
3:47:40	41	8,8	4
3:47:50	41	8,8	4
3:48:00	41	8,8	4
3:48:10	41	8,8	4
3:48:20	41	8,8	4
3:48:30	41	8,8	4
3:48:40	41	8,8	4
3:48:50	41	8,8	4
3:49:00	41	8,8	4
3:49:10	41	8,8	4
3:49:20	41	8,8	4
3:49:30	41	8,8	4
3:49:40	41	8,8	4
3:49:50	41	8,8	4
3:50:00	41	8,8	4
3:50:10	41	8,8	4
3:50:20	41	8,8	4
3:50:30	41	8,8	4
3:50:40	41	8,8	4
3:50:50	41	8,8	4
3:51:00	41	8,8	4
3:51:10	41	8,8	4
3:51:20	41	8,8	4
3:51:30	41	8,8	4
3:51:40	41	8,8	4
3:51:50	41	8,8	4
3:52:00	41	8,8	4
3:52:10	41	8,8	4
3:52:20	41	8,8	4
3:52:30	41	8,8	4
3:52:40	41	8,8	4
3:52:50	41	8,8	4
3:53:00	41	8,8	4
3:53:10	41	8,8	4
3:53:20	41	8,8	4
3:53:30	41	8,8	4
3:53:40	41	8,8	4
3:53:50	41	8,8	4
3:54:00	41	8,8	4
3:54:10	41	8,8	4
3:54:20	41	8,8	4
3:54:30	41	8,8	4
3:54:40	41	8,8	4
3:54:50	41	8,8	4
3:55:00	41	8,8	4
3:55:10	41	8,8	4
3:55:20	41	8,8	4
3:55:30	41	8,8	4
3:55:40	41	8,8	4
3:55:50	41	8,8	4
3:56:00	41	8,8	4
3:56:10	41	8,7	4
3:56:20	41	8,8	4
3:56:30	41	8,8	4
3:56:40	41	8,8	4
3:56:50	41	8,8	4
3:57:00	41	8,8	4
3:57:10	41	8,8	4
3:57:20	41	8,8	4
3:57:30	41	8,8	4
3:57:40	41	8,8	4
3:57:50	41	8,8	4
3:58:00	41	8,8	4
3:58:10	41	8,8	4
3:58:20	41	8,8	4
3:58:30	41	8,8	4
3:58:40	41	8,8	4
3:58:50	41	8,8	4
3:59:00	41	8,8	4
3:59:10	41	8,8	4
3:59:20	41	8,8	4
3:59:30	41	8,8	4
3:59:40	41	8,8	4
3:59:50	41	8,8	4
4:00:00	41	8,8	4
4:00:10	41	8,8	4
4:00:20	41	8,8	4
4:00:30	41	8,8	4
4:00:40	41	8,7	4
4:00:50	41	8,7	4
4:01:00	41	8,7	4
4:01:10	41	8,7	4
4:01:20	41	8,7	4
4:01:30	41	8,7	4
4:01:40	41	8,7	4
4:01:50	41	8,7	4
4:02:00	41	8,7	4
4:02:10	41	8,7	4
4:02:20	41	8,7	4
4:02:30	41	8,7	4
4:02:40	41	8,7	4
4:02:50	41	8,7	4
4:03:00	41	8,7	4
4:03:10	41	8,7	4
4:03:20	41	8,7	4
4:03:30	41	8,7	4
4:03:40	41	8,7	4
4:03:50	41	8,7	4
4:04:00	41	8,8	4
4:04:10	41	8,7	4
4:04:20	41	8,7	4
4:04:30	41	8,7	4
4:04:40	41	8,7	4
4:04:50	41	8,7	4
4:05:00	41	8,7	4
4:05:10	41	8,7	4
4:05:20	41	8,7	4
4:05:30	41	8,7	4
4:05:40	41	8,7	4
4:05:50	41	8,8	4
4:06:00	41	8,7	4
4:06:10	41	8,7	4
4:06:20	41	8,7	4
4:06:30	41	8,7	4
4:06:40	41	8,7	4
4:06:50	41	8,7	4
4:07:00	41	8,7	4
4:07:10	41	8,7	4
4:07:20	41	8,7	4
4:07:30	41	8,7	4
4:07:40	41	8,7	4
4:07:50	41	8,7	4
4:08:00	41	8,7	4
4:08:10	41	8,7	4
4:08:20	41	8,7	4
4:08:30	41	8,7	4
4:08:40	41	8,7	4
4:08:50	41	8,7	4
4:09:00	41	8,7	4
4:09:10	41	8,7	4
4:09:20	41	8,7	4
4:09:30	41	8,7	4
4:09:40	41	8,7	4
4:09:50	41	8,7	4
4:10:00	41	8,7	4
4:10:10	41	8,7	4
4:10:20	41	8,7	4
4:10:30	41	8,7	4
4:10:40	41	8,7	4
4:10:50	41	8,7	4
4:11:00	41	8,7	4
4:11:10	41	8,7	4
4:11:20	41	8,7	4
4:11:30	41	8,7	4
4:11:40	41	8,7	4
4:11:50	41	8,7	4
4:12:00	41	8,7	4
4:12:10	41	8,7	4
4:12:20	41	8,7	4
4:12:30	41	8,7	4
4:12:40	41	8,7	4
4:12:50	41	8,7	4
4:13:00	41	8,7	4
4:13:10	41	8,7	4
4:13:20	41	8,7	4
4:13:30	41	8,7	4
4:13:40	41	8,7	4
4:13:50	41	8,7	4
4:14:00	41	8,7	4
4:14:10	41	8,7	4
4:14:20	41	8,7	4
4:14:30	41	8,7	4
4:14:40	41	8,7	4
4:14:50	41	8,7	4
4:15:00	41	8,7	4
4:15:10	41	8,7	4
4:15:20	41	8,7	4
4:15:30	41	8,7	4
4:15:40	41	8,7	4
4:15:50	41	8,7	4
4:16:00	41	8,7	4
4:16:10	41	8,7	4
4:16:20	41	8,7	4
4:16:30	41	8,7	4
4:16:40	41	8,7	4
4:16:50	41	8,7	4
4:17:00	41	8,7	4
4:17:10	41	8,7	4
4:17:20	41	8,7	4
4:17:30	41	8,7	4
4:17:40	41	8,7	4
4:17:50	41	8,7	4
4:18:00	41	8,7	4
4:18:10	41	8,7	4
4:18:20	41	8,7	4
4:18:30	41	8,7	4
4:18:40	41	8,7	4
4:18:50	41	8,7	4
4:19:00	41	8,7	4
4:19:10	41	8,7	4
4:19:20	41	8,7	4
4:19:30	41	8,7	4
4:19:40	41	8,7	4
4:19:50	41	8,7	4
4:20:00	41	8,7	4
4:20:10	41	8,7	4
4:20:20	41	8,6	4
4:20:30	41	8,6	4
4:20:40	41	8,6	4
4:20:50	41	8,6	4
4:21:00	41	8,6	4
4:21:10	41	8,7	4
4:21:20	41	8,7	4
4:21:30	41	8,6	4
4:21:40	41	8,7	4
4:21:50	41	8,6	4
4:22:00	41	8,6	4
4:22:10	41	8,7	4
4:22:20	41	8,7	4
4:22:30	41	8,6	4
4:22:40	41	8,7	4
4:22:50	41	8,7	4
4:23:00	41	8,6	4
4:23:10	41	8,7	4
4:23:20	41	8,7	4
4:23:30	41	8,7	4
4:23:40	41	8,7	4
4:23:50	41	8,7	4
4:24:00	41	8,6	4
4:24:10	41	8,6	4
4:24:20	41	8,6	4
4:24:30	41	8,7	4
4:24:40	41	8,6	4
4:24:50	41	8,6	4
4:25:00	41	8,7	4
4:25:10	41	8,7	4
4:25:20	41	8,6	4
4:25:30	41	8,6	4
4:25:40	41	8,6	4
4:25:50	41	8,6	4
4:26:00	41	8,6	4
4:26:10	41	8,7	4
4:26:20	41	8,7	4
4:26:30	41	8,7	4
4:26:40	41	8,7	4
4:26:50	41	8,7	4
4:27:00	41	8,6	4
4:27:10	41	8,6	4
4:27:20	41	8,6	4
4:27:30	41	8,6	4
4:27:40	41	8,6	4
4:27:50	41	8,6	4
4:28:00	41	8,6	4
4:28:10	41	8,6	4
4:28:20	41	8,6	4
4:28:30	41	8,6	4
4:28:40	41	8,6	4
4:28:50	41	8,6	4
4:29:00	41	8,6	4
4:29:10	41	8,6	4
4:29:20	41	8,6	4
4:29:30	41	8,6	4
4:29:40	41	8,6	4
4:29:50	41	8,6	4
4:30:00	41	8,6	4
4:30:10	41	8,6	4
4:30:20	41	8,6	4
4:30:30	41	8,6	4
4:30:40	41	8,6	4
4:30:50	41	8,6	4
4:31:00	41	8,6	4
4:31:10	41	8,6	4
4:31:20	41	8,6	4
4:31:30	41	8,6	4
4:31:40	41	8,6	4
4:31:50	41	8,6	4
4:32:00	41	8,6	4
4:32:10	41	8,6	4
4:32:20	41	8,6	4
4:32:30	41	8,6	4
4:32:40	41	8,6	4
4:32:50	41	8,6	4
4:33:00	41	8,6	4
4:33:10	41	8,6	4
4:33:20	41	8,6	4
4:33:30	41	8,6	4
4:33:40	41	8,6	4
4:33:50	41	8,6	4
4:34:00	41	8,6	4
4:34:10	41	8,6	4
4:34:20	41	8,6	4
4:34:30	41	8,6	4
4:34:40	41	8,6	4
4:34:50	41	8,6	4
4:35:00	41	8,6	4
4:35:10	41	8,6	4
4:35:20	41	8,6	4
4:35:30	41	8,6	4
4:35:40	41	8,6	4
4:35:50	41	8,6	4
4:36:00	41	8,6	4
4:36:10	41	8,6	4
4:36:20	41	8,6	4
4:36:30	41	8,6	4
4:36:40	41	8,6	4
4:36:50	41	8,6	4
4:37:00	41	8,6	4
4:37:10	41	8,6	4
4:37:20	41	8,6	4
4:37:30	41	8,6	4
4:37:40	41	8,6	4
4:37:50	41	8,6	4
4:38:00	41	8,6	4
4:38:10	41	8,7	4
4:38:20	41	8,6	4
4:38:30	41	8,6	4
4:38:40	41	8,6	4
4:38:50	41	8,6	4
4:39:00	41	8,6	4
4:39:10	41	8,6	4
4:39:20	41	8,6	4
4:39:30	41	8,6	4
4:39:40	41	8,6	4
4:39:50	41	8,6	4
4:40:00	41	8,6	4
4:40:10	41	8,6	4
4:40:20	41	8,6	4
4:40:30	41	8,6	4
4:40:40	41	8,6	4
4:40:50	41	8,6	4
4:41:00	41	8,6	4
4:41:10	41	8,6	4
4:41:20	41	8,6	4
4:41:30	41	8,6	4
4:41:40	41	8,6	4
4:41:50	41	8,6	4
4:42:00	41	8,6	4
4:42:10	41	8,6	4
4:42:20	41	8,6	4
4:42:30	41	8,6	4
4:42:40	41	8,6	4
4:42:50	41	8,6	4
4:43:00	41	8,6	4
4:43:10	41	8,6	4
4:43:20	41	8,6	4
4:43:30	41	8,6	4
4:43:40	41	8,6	4
4:43:50	41	8,6	4
4:44:00	41	8,6	4
4:44:10	41	8,6	4
4:44:20	41	8,6	4
4:44:30	41	8,6	4
4:44:40	41	8,6	4
4:44:50	41	8,6	4
4:45:00	41	8,6	4
4:45:10	41	8,6	4
4:45:20	41	8,6	4
4:45:30	41	8,6	4
4:45:40	41	8,6	4
4:45:50	41	8,6	4
4:46:00	41	8,6	4
4:46:10	41	8,6	4
4:46:20	41	8,6	4
4:46:30	41	8,6	4
4:46:40	41	8,6	4
4:46:50	41	8,6	4
4:47:00	41	8,6	4
4:47:10	41	8,5	4
4:47:20	41	8,5	4
4:47:30	41	8,5	4
4:47:40	41	8,5	4
4:47:50	41	8,5	4
4:48:00	41	8,5	4
4:48:10	41	8,5	4
4:48:20	41	8,5	4
4:48:30	41	8,5	4
4:48:40	41	8,5	4
4:48:50	41	8,5	4
4:49:00	41	8,5	4
4:49:10	41	8,5	4
4:49:20	41	8,5	4
4:49:30	41	8,5	4
4:49:40	41	8,6	4
4:49:50	41	8,5	4
4:50:00	41	8,5	4
4:50:10	41	8,5	4
4:50:20	41	8,5	4
4:50:30	41	8,5	4
4:50:40	41	8,5	4
4:50:50	41	8,5	4
4:51:00	41	8,5	4
4:51:10	41	8,5	4
4:51:20	41	8,6	4
4:51:30	41	8,6	4
4:51:40	41	8,6	4
4:51:50	41	8,6	4
4:52:00	41	8,6	4
4:52:10	41	8,6	4
4:52:20	41	8,6	4
4:52:30	41	8,6	4
4:52:40	41	8,6	4
4:52:50	41	8,6	4
4:53:00	41	8,5	4
4:53:10	41	8,5	4
4:53:20	41	8,5	4
4:53:30	41	8,5	4
4:53:40	41	8,5	4
4:53:50	41	8,5	4
4:54:00	41	8,5	4
4:54:10	41	8,5	4
4:54:20	41	8,5	4
4:54:30	41	8,5	4
4:54:40	41	8,5	4
4:54:50	41	8,5	4
4:55:00	41	8,5	4
4:55:10	41	8,5	4
4:55:20	41	8,5	4
4:55:30	41	8,5	4
4:55:40	41	8,5	4
4:55:50	41	8,5	4
4:56:00	41	8,5	4
4:56:10	41	8,5	4
4:56:20	41	8,5	4
4:56:30	41	8,5	4
4:56:40	41	8,5	4
4:56:50	41	8,5	4
4:57:00	41	8,5	4
4:57:10	41	8,5	4
4:57:20	41	8,5	4
4:57:30	41	8,5	4
4:57:40	41	8,5	4
4:57:50	41	8,5	4
4:58:00	41	8,5	4
4:58:10	41	8,5	4
4:58:20	41	8,5	4
4:58:30	41	8,5	4
4:58:40	41	8,5	4
4:58:50	41	8,5	4
4:59:00	41	8,5	4
4:59:10	41	8,5	4
4:59:20	41	8,5	4
4:59:30	41	8,5	4
4:59:40	41	8,5	4
4:59:50	41	8,5	4
5:00:00	41	8,5	4
5:00:10	41	8,5	4
5:00:20	41	8,5	4
5:00:30	41	8,5	4
5:00:40	41	8,5	4
5:00:50	41	8,5	4
5:01:00	41	8,5	4
5:01:10	41	8,5	4
5:01:20	41	8,5	4
5:01:30	41	8,5	4
5:01:40	41	8,5	4
5:01:50	41	8,5	4
5:02:00	41	8,5	4
5:02:10	41	8,5	4
5:02:20	41	8,5	4
5:02:30	41	8,5	4
5:02:40	41	8,5	4
5:02:50	41	8,5	4
5:03:00	41	8,5	4
5:03:10	41	8,5	4
5:03:20	41	8,5	4
5:03:30	41	8,5	4
5:03:40	41	8,5	4
5:03:50	41	8,5	4
5:04:00	41	8,5	4
5:04:10	41	8,5	4
5:04:20	41	8,5	4
5:04:30	41	8,5	4
5:04:40	41	8,5	4
5:04:50	41	8,5	4
5:05:00	41	8,5	4
5:05:10	41	8,5	4
5:05:20	41	8,5	4
5:05:30	41	8,5	4
5:05:40	41	8,5	4
5:05:50	41	8,5	4
5:06:00	41	8,5	4
5:06:10	41	8,5	4
5:06:20	41	8,5	4
5:06:30	41	8,5	4
5:06:40	41	8,5	4
5:06:50	41	8,5	4
5:07:00	41	8,5	4
5:07:10	41	8,5	4
5:07:20	41	8,5	4
5:07:30	41	8,5	4
5:07:40	41	8,5	4
5:07:50	41	8,5	4
5:08:00	41	8,5	4
5:08:10	41	8,5	4
5:08:20	41	8,5	4
5:08:30	41	8,5	4
5:08:40	41	8,5	4
5:08:50	41	8,5	4
5:09:00	41	8,5	4
5:09:10	41	8,5	4
5:09:20	41	8,5	4
5:09:30	41	8,5	4
5:09:40	41	8,5	4
5:09:50	41	8,5	4
5:10:00	41	8,5	4
5:10:10	41	8,5	4
5:10:20	41	8,5	4
5:10:30	41	8,5	4
5:10:40	41	8,5	4
5:10:50	41	8,4	4
5:11:00	41	8,4	4
5:11:10	41	8,4	4
5:11:20	41	8,4	4
5:11:30	41	8,5	4
5:11:40	41	8,4	4
5:11:50	41	8,4	4
5:12:00	41	8,4	4
5:12:10	41	8,5	4
5:12:20	41	8,4	4
5:12:30	41	8,5	4
5:12:40	41	8,5	4
5:12:50	41	8,4	4
5:13:00	41	8,4	4
5:13:10	41	8,5	4
5:13:20	41	8,5	4
5:13:30	41	8,5	4
5:13:40	41	8,5	4
5:13:50	41	8,5	4
5:14:00	41	8,4	4
5:14:10	41	8,5	4
5:14:20	41	8,5	4
5:14:30	41	8,5	4
5:14:40	41	8,5	4
5:14:50	41	8,5	4
5:15:00	41	8,5	4
5:15:10	41	8,5	4
5:15:20	41	8,5	4
5:15:30	41	8,5	4
5:15:40	41	8,5	4
5:15:50	41	8,5	4
5:16:00	41	8,5	4
5:16:10	41	8,5	4
5:16:20	41	8,5	4
5:16:30	41	8,5	4
5:16:40	41	8,4	4
5:16:50	41	8,4	4
5:17:00	41	8,4	4
5:17:10	41	8,5	4
5:17:20	41	8,4	4
5:17:30	41	8,4	4
5:17:40	41	8,4	4
5:17:50	41	8,4	4
5:18:00	41	8,4	4
5:18:10	41	8,4	4
5:18:20	41	8,4	4
5:18:30	41	8,4	4
5:18:40	41	8,4	4
5:18:50	41	8,4	4
5:19:00	41	8,4	4
5:19:10	41	8,4	4
5:19:20	41	8,4	5
5:19:30	41	8,4	4
5:19:40	41	8,4	4
5:19:50	41	8,4	4
5:20:00	41	8,4	4
5:20:10	41	8,4	4
5:20:20	41	8,4	4
5:20:30	41	8,4	4
5:20:40	41	8,4	4
5:20:50	41	8,4	4
5:21:00	41	8,4	4
5:21:10	41	8,4	4
5:21:20	41	8,4	4
5:21:30	41	8,4	4
5:21:40	41	8,4	4
5:21:50	41	8,4	4
5:22:00	41	8,4	4
5:22:10	41	8,4	4
5:22:20	41	8,4	4
5:22:30	41	8,4	5
5:22:40	41	8,4	4
5:22:50	41	8,4	5
5:23:00	41	8,4	5
5:23:10	41	8,4	4
5:23:20	41	8,4	5
5:23:30	41	8,4	5
5:23:40	41	8,4	4
5:23:50	41	8,4	5
5:24:00	41	8,4	5
5:24:10	41	8,4	5
5:24:20	41	8,4	5
5:24:30	41	8,4	5
5:24:40	41	8,4	5
5:24:50	41	8,4	5
5:25:00	41	8,4	4
5:25:10	41	8,4	5
5:25:20	41	8,4	5
5:25:30	41	8,4	5
5:25:40	41	8,4	5
5:25:50	41	8,4	5
5:26:00	41	8,4	5
5:26:10	41	8,4	5
5:26:20	41	8,4	5
5:26:30	41	8,4	5
5:26:40	41	8,4	5
5:26:50	41	8,4	5
5:27:00	41	8,4	5
5:27:10	41	8,4	5
5:27:20	41	8,4	5
5:27:30	41	8,4	5
5:27:40	41	8,4	5
5:27:50	41	8,4	5
5:28:00	41	8,4	5
5:28:10	41	8,4	5
5:28:20	41	8,4	5
5:28:30	41	8,3	5
5:28:40	41	8,4	5
5:28:50	41	8,3	5
5:29:00	41	8,3	5
5:29:10	41	8,4	5
5:29:20	41	8,4	5
5:29:30	41	8,4	5
5:29:40	41	8,4	5
5:29:50	41	8,4	5
5:30:00	41	8,4	5
5:30:10	41	8,4	5
5:30:20	41	8,4	5
5:30:30	41	8,4	5
5:30:40	41	8,4	5
5:30:50	41	8,4	5
5:31:00	41	8,4	5
5:31:10	41	8,4	5
5:31:20	41	8,4	5
5:31:30	41	8,4	5
5:31:40	41	8,4	6
5:31:50	41	8,4	6
5:32:00	41	8,4	6
5:32:10	41	8,4	7
5:32:20	41	8,4	7
5:32:30	41	8,4	7
5:32:40	41	8,4	7
5:32:50	41	8,4	7
5:33:00	41	8,4	7
5:33:10	41	8,4	7
5:33:20	41	8,4	7
5:33:30	41	8,3	7
5:33:40	41	8,3	7
5:33:50	41	8,3	7
5:34:00	41	8,3	7
5:34:10	41	8,3	7
5:34:20	41	8,3	7
5:34:30	41	8,3	7
5:34:40	41	8,3	7
5:34:50	41	8,3	7
5:35:00	41	8,3	7
5:35:10	41	8,3	8
5:35:20	41	8,3	8
5:35:30	41	8,3	8
5:35:40	41	8,3	8
5:35:50	41	8,3	8
5:36:00	41	8,3	8
5:36:10	41	8,3	8
5:36:20	41	8,3	8
5:36:30	41	8,3	8
5:36:40	41	8,3	8
5:36:50	41	8,3	8
5:37:00	41	8,3	8
5:37:10	41	8,3	8
5:37:20	41	8,4	8
5:37:30	41	8,4	8
5:37:40	41	8,4	8
5:37:50	41	8,4	8
5:38:00	41	8,4	8
5:38:10	41	8,4	8
5:38:20	41	8,4	8
5:38:30	41	8,4	8
5:38:40	41	8,4	8
5:38:50	41	8,4	8
5:39:00	41	8,3	8
5:39:10	41	8,3	8
5:39:20	41	8,4	8
5:39:30	41	8,3	8
5:39:40	41	8,4	8
5:39:50	41	8,3	8
5:40:00	41	8,3	9
5:40:10	41	8,3	9
5:40:20	41	8,3	9
5:40:30	41	8,3	9
5:40:40	41	8,3	9
5:40:50	41	8,3	9
5:41:00	41	8,3	9
5:41:10	41	8,3	9
5:41:20	41	8,3	9
5:41:30	41	8,3	9
5:41:40	41	8,3	9
5:41:50	41	8,3	9
5:42:00	41	8,2	9
5:42:10	41	8,2	9
5:42:20	41	8,2	9
5:42:30	41	8,2	9
5:42:40	41	8,2	9
5:42:50	41	8,2	9
5:43:00	41	8,2	9
5:43:10	41	8,2	9
5:43:20	41	8,3	9
5:43:30	41	8,2	9
5:43:40	41	8,2	9
5:43:50	41	8,1	9
5:44:00	41	8,2	9
5:44:10	41	8,2	9
5:44:20	41	8,3	9
5:44:30	41	8,1	9
5:44:40	41	8,2	9
5:44:50	41	8,2	9
5:45:00	41	8,1	9
5:45:10	41	8,1	10
5:45:20	41	8,3	9
5:45:30	41	8,1	10
5:45:40	41	8,1	10
5:45:50	41	8,1	10
5:46:00	41	8,1	10
5:46:10	41	8,1	10
5:46:20	41	8,2	10
5:46:30	41	8,2	10
5:46:40	41	8,2	10
5:46:50	41	8,2	10
5:47:00	41	8,2	10
5:47:10	41	8,2	10
5:47:20	41	8,2	10
5:47:30	41	8,2	11
5:47:40	41	8,2	10
5:47:50	41	8,2	11
5:48:00	41	8,2	11
5:48:10	41	8,2	11
5:48:20	41	8,2	11
5:48:30	41	8,2	11
5:48:40	41	8,2	11
5:48:50	41	8,2	11
5:49:00	41	8,2	11
5:49:10	41	8,2	11
5:49:20	41	8,2	11
5:49:30	41	8,2	11
5:49:40	41	8,2	11
5:49:50	41	8,2	11
5:50:00	41	8,2	11
5:50:10	41	8,2	11
5:50:20	41	8,2	11
5:50:30	41	8,2	12
5:50:40	41	8,2	12
5:50:50	41	8,2	12
5:51:00	41	8,2	12
5:51:10	41	8,2	12
5:51:20	41	8,2	12
5:51:30	41	8,2	12
5:51:40	41	8,2	12
5:51:50	41	8,2	12
5:52:00	41	8,2	12
5:52:10	41	8,2	12
5:52:20	41	8,2	13
5:52:30	41	8,2	13
5:52:40	41	8,2	13
5:52:50	41	8,2	13
5:53:00	41	8,2	13
5:53:10	41	8,2	13
5:53:20	41	8,2	13
5:53:30	41	8,2	13
5:53:40	41	8,2	13
5:53:50	41	8,2	13
5:54:00	41	8,2	13
5:54:10	41	8,2	13
5:54:20	41	8,2	13
5:54:30	41	8,2	13
5:54:40	41	8,2	13
5:54:50	41	8,2	13
5:55:00	41	8,2	13
5:55:10	41	8,2	13
5:55:20	41	8,2	13
5:55:30	41	8,2	14
5:55:40	41	8,1	14
5:55:50	41	8,1	14
5:56:00	41	8,1	14
5:56:10	41	8,1	14
5:56:20	41	8,1	14
5:56:30	41	8,1	14
5:56:40	41	8,1	14
5:56:50	41	8,1	14
5:57:00	41	8,1	14
5:57:10	41	8,1	13
5:57:20	41	8,1	14
5:57:30	41	8,1	16
5:57:40	41	8,1	18
5:57:50	41	8,1	18
5:58:00	41	8,1	19
5:58:10	41	8,1	18
5:58:20	41	8,1	17
5:58:30	41	8,1	24
5:58:40	41	8,2	23
5:58:50	41	8,2	19
5:59:00	41	8,2	18
5:59:10	41	8,2	17
5:59:20	41	8,2	17
5:59:30	41	8,2	17
5:59:40	41	8,2	16
5:59:50	41	8,2	17
6:00:00	41	8,2	17
6:00:10	41	8,2	17
6:00:20	41	8,2	17
6:00:30	41	8,2	17
6:00:40	41	8,3	17
6:00:50	41	8,3	20
6:01:00	41	8,3	20
6:01:10	41	8,3	19
6:01:20	41	8,3	19
6:01:30	41	8,3	18
6:01:40	41	8,3	19
6:01:50	41	8,3	19
6:02:00	41	8,3	20
6:02:10	41	8,3	26
6:02:20	41	8,3	26
6:02:30	41	8,3	25
6:02:40	41	8,3	24
6:02:50	41	8,3	23
6:03:00	41	8,2	23
6:03:10	41	8,2	22
6:03:20	41	8,2	22
6:03:30	41	8,2	25
6:03:40	41	8,2	23
6:03:50	41	8,2	22
6:04:00	41	8,2	22
6:04:10	41	8,1	22
6:04:20	41	8,1	22
6:04:30	41	8,1	22
6:04:40	41	8,1	21
6:04:50	41	8,1	21
6:05:00	41	8,0	21
6:05:10	41	8,0	20
6:05:20	41	8,0	21
6:05:30	41	8,0	21
6:05:40	41	8,0	20
6:05:50	41	8,0	21
6:06:00	41	8,0	20
6:06:10	41	8,0	20
6:06:20	41	8,0	20
6:06:30	41	8,1	20
6:06:40	41	8,1	20
6:06:50	41	8,1	20
6:07:00	41	8,1	20
6:07:10	41	8,1	20
6:07:20	41	8,1	20
6:07:30	41	8,2	20
6:07:40	41	8,2	20
6:07:50	41	8,2	20
6:08:00	41	8,2	20
6:08:10	41	8,2	21
6:08:20	41	8,2	21
6:08:30	41	8,2	21
6:08:40	41	8,2	30
6:08:50	41	8,2	28
6:09:00	41	8,3	27
6:09:10	41	8,3	28
6:09:20	41	8,2	27
6:09:30	41	8,2	28
6:09:40	41	8,2	29
6:09:50	41	8,2	33
6:10:00	41	8,2	31
6:10:10	41	8,2	30
6:10:20	41	8,1	30
6:10:30	41	8,1	30
6:10:40	41	8,1	29
6:10:50	41	8,1	29
6:11:00	41	8,0	29
6:11:10	41	8,0	28
6:11:20	41	8,1	28
6:11:30	41	8,1	28
6:11:40	41	8,1	28
6:11:50	41	8,1	28
6:12:00	41	8,1	28
6:12:10	41	8,1	27
6:12:20	41	8,1	27
6:12:30	41	8,1	28
6:12:40	41	8,2	33
6:12:50	41	8,2	30
6:13:00	41	8,2	30
6:13:10	41	8,2	31
6:13:20	41	8,2	30
6:13:30	41	8,2	30
6:13:40	41	8,2	29
6:13:50	41	8,2	28
6:14:00	41	8,2	28
6:14:10	41	8,2	28
6:14:20	41	8,2	28
6:14:30	41	8,2	28
6:14:40	41	8,2	27
6:14:50	41	8,2	27
6:15:00	41	8,2	27
6:15:10	41	8,2	29
6:15:20	41	8,2	27
6:15:30	41	8,2	26
6:15:40	41	8,2	26
6:15:50	41	8,2	26
6:16:00	41	8,2	25
6:16:10	41	8,2	25
6:16:20	41	8,2	25
6:16:30	41	8,2	25
6:16:40	41	8,2	25
6:16:50	41	8,2	24
6:17:00	41	8,1	24
6:17:10	41	8,1	24
6:17:20	41	8,2	24
6:17:30	41	8,2	24
6:17:40	41	8,1	24
6:17:50	41	8,1	24
6:18:00	41	8,2	24
6:18:10	41	8,1	24
6:18:20	41	8,2	24
6:18:30	41	8,1	24
6:18:40	41	8,1	24
6:18:50	41	8,1	24
6:19:00	41	8,1	23
6:19:10	41	8,2	22
6:19:20	41	8,1	22
6:19:30	41	8,1	22
6:19:40	41	8,1	22
6:19:50	41	8,1	22
6:20:00	41	8,1	22
6:20:10	41	8,1	22
6:20:20	41	8,1	23
6:20:30	41	8,1	23
6:20:40	41	8,1	23
6:20:50	41	8,1	22
6:21:00	41	8,1	22
6:21:10	41	8,1	22
6:21:20	41	8,1	23
6:21:30	41	8,1	22
6:21:40	41	8,0	22
6:21:50	41	8,0	23
6:22:00	41	8,0	23
6:22:10	41	8,0	23
6:22:20	41	8,0	27
6:22:30	41	8,0	25
6:22:40	41	8,0	24
6:22:50	41	8,0	24
6:23:00	41	8,0	29
6:23:10	41	8,0	31
6:23:20	41	8,0	30
6:23:30	41	8,0	28
6:23:40	41	8,0	28
6:23:50	41	8,1	28
6:24:00	41	8,1	26
6:24:10	41	8,1	26
6:24:20	41	8,1	25
6:24:30	41	8,1	24
6:24:40	41	8,1	23
6:24:50	41	8,1	23
6:25:00	41	8,1	23
6:25:10	41	8,1	22
6:25:20	41	8,1	22
6:25:30	41	8,1	24
6:25:40	41	8,1	27
6:25:50	41	8,1	25
6:26:00	41	8,1	23
6:26:10	41	8,1	24
6:26:20	41	8,0	25
6:26:30	41	8,0	23
6:26:40	41	8,0	22
6:26:50	41	8,0	21
6:27:00	41	7,9	24
6:27:10	41	7,9	21
6:27:20	41	7,9	21
6:27:30	41	7,9	22
6:27:40	41	7,9	20
6:27:50	41	7,9	20
6:28:00	41	7,9	20
6:28:10	41	7,9	21
6:28:20	41	7,9	20
6:28:30	41	7,9	20
6:28:40	41	7,9	20
6:28:50	41	7,9	20
6:29:00	41	8,0	19
6:29:10	41	8,0	19
6:29:20	41	8,0	19
6:29:30	41	8,0	19
6:29:40	41	8,0	19
6:29:50	41	8,0	19
6:30:00	41	8,1	19
6:30:10	41	8,1	19
6:30:20	41	8,1	20
6:30:30	41	8,1	20
6:30:40	41	8,1	19
6:30:50	41	8,1	19
6:31:00	41	8,1	19
6:31:10	41	8,1	19
6:31:20	41	8,1	19
6:31:30	41	8,1	19
6:31:40	41	8,1	19
6:31:50	41	8,0	19
6:32:00	41	8,0	19
6:32:10	41	8,1	19
6:32:20	41	8,0	19
6:32:30	41	8,0	20
6:32:40	41	8,0	20
6:32:50	41	7,9	20
6:33:00	41	7,9	19
6:33:10	41	7,9	19
6:33:20	41	7,9	20
6:33:30	41	7,8	19
6:33:40	41	7,8	19
6:33:50	41	7,8	19
6:34:00	41	7,8	19
6:34:10	41	7,8	19
6:34:20	41	7,8	19
6:34:30	41	7,8	19
6:34:40	41	7,8	19
6:34:50	41	7,9	19
6:35:00	41	7,9	19
6:35:10	41	7,9	19
6:35:20	41	7,9	19
6:35:30	41	7,9	19
6:35:40	41	7,9	19
6:35:50	41	7,9	19
6:36:00	41	8,0	18
6:36:10	41	8,0	18
6:36:20	41	8,0	18
6:36:30	41	8,0	18
6:36:40	41	8,0	18
6:36:50	41	8,0	18
6:37:00	41	8,0	18
6:37:10	41	8,0	18
6:37:20	41	8,0	18
6:37:30	41	8,0	18
6:37:40	41	8,0	18
6:37:50	41	8,0	18
6:38:00	41	8,0	18
6:38:10	41	7,9	19
6:38:20	41	7,9	19
6:38:30	41	7,9	19
6:38:40	41	7,9	18
6:38:50	41	7,9	18
6:39:00	41	7,8	18
6:39:10	41	7,8	18
6:39:20	41	7,8	18
6:39:30	41	7,8	18
6:39:40	41	7,8	18
6:39:50	41	7,8	18
6:40:00	41	7,8	18
6:40:10	41	7,8	18
6:40:20	41	7,8	19
6:40:30	41	7,8	18
6:40:40	41	7,8	19
6:40:50	41	7,8	19
6:41:00	41	7,8	19
6:41:10	41	7,9	19
6:41:20	41	7,9	19
6:41:30	41	7,9	18
6:41:40	41	7,8	18
6:41:50	41	7,9	18
6:42:00	41	7,9	18
6:42:10	41	7,9	19
6:42:20	41	7,9	18
6:42:30	41	7,9	19
6:42:40	41	7,9	18
6:42:50	41	7,9	18
6:43:00	41	7,9	18
6:43:10	41	7,9	18
6:43:20	41	7,9	18
6:43:30	41	7,9	18
6:43:40	41	7,9	18
6:43:50	41	7,9	18
6:44:00	41	7,9	18
6:44:10	41	7,9	18
6:44:20	41	7,8	18
6:44:30	41	7,8	18
6:44:40	41	7,8	18
6:44:50	41	7,8	18
6:45:00	41	7,8	18
6:45:10	41	7,8	18
6:45:20	41	7,7	19
6:45:30	41	7,7	19
6:45:40	41	7,7	19
6:45:50	41	7,7	19
6:46:00	41	7,7	19
6:46:10	41	7,8	19
6:46:20	41	7,8	19
6:46:30	41	7,8	19
6:46:40	41	7,8	20
6:46:50	41	7,8	21
6:47:00	41	7,8	20
6:47:10	41	7,8	20
6:47:20	41	7,8	21
6:47:30	41	7,8	20
6:47:40	41	7,9	20
6:47:50	41	7,8	20
6:48:00	41	7,8	19
6:48:10	41	7,8	20
6:48:20	41	7,8	20
6:48:30	41	7,8	20
6:48:40	41	7,8	20
6:48:50	41	7,8	20
6:49:00	41	7,8	20
6:49:10	41	7,8	20
6:49:20	41	7,8	20
6:49:30	41	7,8	20
6:49:40	41	7,8	20
6:49:50	41	7,8	20
6:50:00	41	7,8	20
6:50:10	41	7,7	20
6:50:20	41	7,7	20
6:50:30	41	7,7	20
6:50:40	41	7,7	20
6:50:50	41	7,7	20
6:51:00	41	7,7	20
6:51:10	41	7,7	20
6:51:20	41	7,7	20
6:51:30	41	7,7	20
6:51:40	41	7,7	20
6:51:50	41	7,7	20
6:52:00	41	7,7	20
6:52:10	41	7,7	20
6:52:20	41	7,7	20
6:52:30	41	7,7	20
6:52:40	41	7,7	20
6:52:50	41	7,7	20
6:53:00	41	7,8	20
6:53:10	41	7,8	20
6:53:20	41	7,8	20
6:53:30	41	7,8	21
6:53:40	41	7,8	21
6:53:50	41	7,8	21
6:54:00	41	7,8	21
6:54:10	41	7,8	21
6:54:20	41	7,7	21
6:54:30	41	7,7	21
6:54:40	41	7,7	22
6:54:50	41	7,6	22
6:55:00	41	7,6	22
6:55:10	41	7,6	22
6:55:20	41	7,6	22
6:55:30	41	7,5	22
6:55:40	41	7,5	22
6:55:50	41	7,5	22
6:56:00	41	7,5	22
6:56:10	41	7,5	22
6:56:20	41	7,5	23
6:56:30	41	7,5	23
6:56:40	41	7,6	23
6:56:50	41	7,6	23
6:57:00	41	7,6	23
6:57:10	41	7,6	24
6:57:20	41	7,7	24
6:57:30	41	7,7	24
6:57:40	41	7,7	24
6:57:50	41	7,7	24
6:58:00	41	7,7	24
6:58:10	41	7,7	24
6:58:20	41	7,7	24
6:58:30	41	7,6	24
6:58:40	41	7,6	24
6:58:50	41	7,6	25
6:59:00	41	7,6	25
6:59:10	41	7,5	25
6:59:20	41	7,5	25
6:59:30	41	7,5	25
6:59:40	41	7,5	25
6:59:50	41	7,5	25
7:00:00	41	7,4	25
7:00:10	41	7,4	25
7:00:20	41	7,4	25
7:00:30	41	7,5	25
7:00:40	41	7,5	25
7:00:50	41	7,5	25
7:01:00	41	7,5	25
7:01:10	41	7,5	25
7:01:20	41	7,5	25
7:01:30	41	7,6	25
7:01:40	41	7,6	25
7:01:50	41	7,6	25
7:02:00	41	7,6	25
7:02:10	41	7,6	25
7:02:20	41	7,6	25
7:02:30	41	7,5	25
7:02:40	41	7,5	25
7:02:50	41	7,5	25
7:03:00	41	7,5	25
7:03:10	41	7,4	25
7:03:20	41	7,4	25
7:03:30	41	7,4	25
7:03:40	41	7,4	25
7:03:50	41	7,4	25
7:04:00	41	7,4	25
7:04:10	41	7,3	25
7:04:20	41	7,4	25
7:04:30	41	7,4	25
7:04:40	41	7,4	25
7:04:50	41	7,4	25
7:05:00	41	7,4	25
7:05:10	41	7,4	25
7:05:20	41	7,5	25
7:05:30	41	7,5	25
7:05:40	41	7,5	25
7:05:50	41	7,5	25
7:06:00	41	7,5	25
7:06:10	41	7,5	25
7:06:20	41	7,4	25
7:06:30	41	7,4	25
7:06:40	41	7,4	25
7:06:50	41	7,4	25
7:07:00	41	7,3	25
7:07:10	41	7,3	25
7:07:20	41	7,3	25
7:07:30	41	7,2	25
7:07:40	41	7,2	25
7:07:50	41	7,2	25
7:08:00	41	7,2	25
7:08:10	41	7,2	25
7:08:20	41	7,3	25
7:08:30	41	7,3	25
7:08:40	41	7,3	25
7:08:50	41	7,3	25
7:09:00	41	7,3	25
7:09:10	41	7,4	25
7:09:20	41	7,4	25
7:09:30	41	7,4	25
7:09:40	41	7,4	25
7:09:50	41	7,4	25
7:10:00	41	7,4	25
7:10:10	41	7,3	25
7:10:20	41	7,3	25
7:10:30	41	7,3	25
7:10:40	41	7,3	25
7:10:50	41	7,3	25
7:11:00	41	7,2	25
7:11:10	41	7,2	25
7:11:20	41	7,2	25
7:11:30	41	7,2	25
7:11:40	41	7,2	25
7:11:50	41	7,2	25
7:12:00	41	7,2	25
7:12:10	41	7,2	25
7:12:20	41	7,2	25
7:12:30	41	7,2	25
7:12:40	41	7,2	25
7:12:50	41	7,2	25
7:13:00	41	7,2	25
7:13:10	41	7,2	25
7:13:20	41	7,3	25
7:13:30	41	7,2	25
7:13:40	41	7,2	25
7:13:50	41	7,2	25
7:14:00	41	7,2	25
7:14:10	41	7,2	25
7:14:20	41	7,2	25
7:14:30	41	7,2	25
7:14:40	41	7,1	25
7:14:50	41	7,1	25
7:15:00	41	7,1	25
7:15:10	41	7,1	24
7:15:20	41	7,1	25
7:15:30	41	7,1	24
7:15:40	41	7,1	24
7:15:50	41	7,1	24
7:16:00	41	7,1	24
7:16:10	41	7,1	24
7:16:20	41	7,1	24
7:16:30	41	7,1	24
7:16:40	41	7,1	24
7:16:50	41	7,2	24
7:17:00	41	7,1	24
7:17:10	41	7,1	24
7:17:20	41	7,1	24
7:17:30	41	7,1	24
7:17:40	41	7,1	24
7:17:50	41	7,1	24
7:18:00	41	7,1	24
7:18:10	41	7,1	24
7:18:20	41	7,1	24
7:18:30	41	7,1	24
7:18:40	41	7,1	24
7:18:50	41	7,0	24
7:19:00	41	7,0	24
7:19:10	41	7,0	24
7:19:20	41	7,0	24
7:19:30	41	7,0	24
7:19:40	41	7,0	24
7:19:50	41	7,0	24
7:20:00	41	7,0	24
7:20:10	41	7,0	24
7:20:20	41	7,0	24
7:20:30	41	7,0	24
7:20:40	41	7,0	24
7:20:50	41	7,0	24
7:21:00	41	7,1	24
7:21:10	41	7,0	24
7:21:20	41	7,1	24
7:21:30	41	7,1	24
7:21:40	41	7,1	24
7:21:50	41	7,1	24
7:22:00	41	7,1	24
7:22:10	41	7,1	24
7:22:20	41	7,0	24
7:22:30	41	7,0	24
7:22:40	41	7,0	24
7:22:50	41	6,9	24
7:23:00	41	6,9	24
7:23:10	41	6,9	24
7:23:20	41	6,9	24
7:23:30	41	6,8	24
7:23:40	41	6,8	24
7:23:50	41	6,8	24
7:24:00	41	6,8	24
7:24:10	41	6,8	24
7:24:20	41	6,9	24
7:24:30	41	6,9	24
7:24:40	41	6,9	24
7:24:50	41	6,9	24
7:25:00	41	6,9	24
7:25:10	41	6,9	24
7:25:20	41	7,0	24
7:25:30	41	7,0	24
7:25:40	41	7,0	24
7:25:50	41	7,0	24
7:26:00	41	7,0	24
7:26:10	41	7,0	24
7:26:20	41	7,0	23
7:26:30	41	7,0	23
7:26:40	41	6,9	23
7:26:50	41	6,9	23
7:27:00	41	6,8	23
7:27:10	41	6,8	23
7:27:20	41	6,8	23
7:27:30	41	6,8	23
7:27:40	41	6,7	23
7:27:50	41	6,7	23
7:28:00	41	6,7	23
7:28:10	41	6,7	23
7:28:20	41	6,7	23
7:28:30	41	6,7	23
7:28:40	41	6,7	23
7:28:50	41	6,7	23
7:29:00	41	6,7	23
7:29:10	41	6,7	23
7:29:20	41	6,7	23
7:29:30	41	6,7	23
7:29:40	41	6,8	23
7:29:50	41	6,8	23
7:30:00	41	6,8	23
7:30:10	41	6,8	23
7:30:20	41	6,8	22
7:30:30	41	6,9	22
7:30:40	41	6,9	22
7:30:50	41	6,9	22
7:31:00	41	6,9	22
7:31:10	41	6,9	22
7:31:20	41	6,9	22
7:31:30	41	6,8	22
7:31:40	41	6,8	22
7:31:50	41	6,8	22
7:32:00	41	6,7	22
7:32:10	41	6,7	22
7:32:20	41	6,7	23
7:32:30	41	6,6	26
7:32:40	41	6,6	31
7:32:50	41	6,6	39
7:33:00	41	6,6	34
7:33:10	41	6,5	34
7:33:20	41	6,5	33
7:33:30	41	6,5	30
7:33:40	41	6,5	29
7:33:50	41	6,5	36
7:34:00	41	6,5	34
7:34:10	41	6,4	31
7:34:20	41	6,4	32
7:34:30	41	6,4	33
7:34:40	41	6,4	40
7:34:50	41	6,4	29
7:35:00	41	6,4	32
7:35:10	41	6,4	31
7:35:20	41	6,4	30
7:35:30	41	6,4	31
7:35:40	41	6,4	30
7:35:50	41	6,5	29
7:36:00	41	6,5	31
7:36:10	41	6,5	29
7:36:20	41	6,5	27
7:36:30	41	6,6	25
7:36:40	41	6,6	25
7:36:50	41	6,6	25
7:37:00	41	6,7	25
7:37:10	41	6,7	30
7:37:20	41	6,7	27
7:37:30	41	6,7	27
7:37:40	41	6,7	28
7:37:50	41	6,7	32
7:38:00	41	6,7	26
7:38:10	41	6,6	26
7:38:20	41	6,6	32
7:38:30	41	6,5	34
7:38:40	41	6,5	30
7:38:50	41	6,5	32
7:39:00	41	6,4	31
7:39:10	41	6,4	27
7:39:20	41	6,4	26
7:39:30	41	6,4	25
7:39:40	41	6,3	25
7:39:50	41	6,3	25
7:40:00	41	6,3	25
7:40:10	41	6,3	26
7:40:20	41	6,3	26
7:40:30	41	6,2	26
7:40:40	41	6,2	30
7:40:50	41	6,2	28
7:41:00	41	6,2	27
7:41:10	41	6,2	25
7:41:20	41	6,2	23
7:41:30	41	6,2	22
7:41:40	41	6,1	21
7:41:50	41	6,1	20
7:42:00	41	6,1	20
7:42:10	41	6,1	30
7:42:20	41	6,1	24
7:42:30	41	6,1	24
7:42:40	41	6,1	22
7:42:50	41	6,1	22
7:43:00	41	6,1	25
7:43:10	41	6,1	24
7:43:20	41	6,2	23
7:43:30	41	6,2	22
7:43:40	41	6,2	22
7:43:50	41	6,2	26
7:44:00	41	6,2	25
7:44:10	41	6,3	24
7:44:20	41	6,3	21
7:44:30	41	6,3	21
7:44:40	41	6,3	21
7:44:50	41	6,3	20
7:45:00	41	6,3	25
7:45:10	41	6,3	21
7:45:20	41	6,3	22
7:45:30	41	6,3	22
7:45:40	41	6,3	20
7:45:50	41	6,3	20
7:46:00	41	6,3	21
7:46:10	41	6,3	20
7:46:20	41	6,2	21
7:46:30	41	6,2	20
7:46:40	41	6,2	21
7:46:50	41	6,1	21
7:47:00	41	6,1	21
7:47:10	41	6,1	19
7:47:20	41	6,1	19
7:47:30	41	6,0	19
7:47:40	41	6,0	19
7:47:50	41	6,0	19
7:48:00	41	6,0	18
7:48:10	41	6,0	18
7:48:20	41	6,0	18
7:48:30	41	6,0	18
7:48:40	41	6,0	18
7:48:50	41	6,0	18
7:49:00	41	6,0	19
7:49:10	41	6,0	18
7:49:20	41	5,9	18
7:49:30	41	5,9	18
7:49:40	41	5,9	18
7:49:50	41	5,9	18
7:50:00	41	6,0	17
7:50:10	41	6,0	17
7:50:20	41	6,0	17
7:50:30	41	6,0	17
7:50:40	41	6,1	17
7:50:50	41	6,1	17
7:51:00	41	6,1	17
7:51:10	41	6,1	17
7:51:20	41	6,1	17
7:51:30	41	6,1	17
7:51:40	41	6,1	17
7:51:50	41	6,1	17
7:52:00	41	6,1	19
7:52:10	41	6,1	18
7:52:20	41	6,1	17
7:52:30	41	6,1	17
7:52:40	41	6,1	17
7:52:50	41	6,1	17
7:53:00	41	6,1	17
7:53:10	41	6,1	17
7:53:20	41	6,1	17
7:53:30	41	6,1	17
7:53:40	41	6,0	17
7:53:50	41	6,0	17
7:54:00	41	6,0	17
7:54:10	41	6,0	17
7:54:20	41	5,9	17
7:54:30	41	5,9	17
7:54:40	41	5,9	17
7:54:50	41	5,8	17
7:55:00	41	5,8	17
7:55:10	41	5,8	17
7:55:20	41	5,8	17
7:55:30	41	5,8	17
7:55:40	41	5,8	17
7:55:50	41	5,8	17
7:56:00	41	5,8	17
7:56:10	41	5,8	17
7:56:20	41	5,8	17
7:56:30	41	5,8	17
7:56:40	41	5,8	17
7:56:50	41	5,8	17
7:57:00	41	5,9	17
7:57:10	41	5,9	17
7:57:20	41	5,9	17
7:57:30	41	5,9	17
7:57:40	41	5,9	17
7:57:50	41	6,0	17
7:58:00	41	6,0	17
7:58:10	41	6,0	17
7:58:20	41	6,0	17
7:58:30	41	6,0	17
7:58:40	41	6,0	17
7:58:50	41	6,0	17
7:59:00	41	6,0	18
7:59:10	41	6,0	18
7:59:20	41	5,9	17
7:59:30	41	5,9	17
7:59:40	41	5,9	18
7:59:50	41	5,9	18
8:00:00	41	5,8	17
8:00:10	41	5,8	18
8:00:20	41	5,8	18
8:00:30	41	5,7	17
8:00:40	41	5,7	17
8:00:50	41	5,7	17
8:01:00	41	5,7	17
8:01:10	41	5,6	17
8:01:20	41	5,6	17
8:01:30	41	5,6	17
8:01:40	41	5,6	16
8:01:50	41	5,6	16
8:02:00	41	5,6	16
8:02:10	41	5,6	16
8:02:20	41	5,6	17
8:02:30	41	5,6	16
8:02:40	41	5,6	16
8:02:50	41	5,6	16
8:03:00	41	5,6	16
8:03:10	41	5,7	16
8:03:20	41	5,7	16
8:03:30	41	5,7	16
8:03:40	41	5,7	16
8:03:50	41	5,8	16
8:04:00	41	5,8	16
8:04:10	41	5,8	16
8:04:20	41	5,8	16
8:04:30	41	5,8	16
8:04:40	41	5,8	16
8:04:50	41	5,8	16
8:05:00	41	5,8	16
8:05:10	41	5,8	16
8:05:20	41	5,8	16
8:05:30	41	5,8	16
8:05:40	41	5,8	16
8:05:50	41	5,8	16
8:06:00	41	5,8	16
8:06:10	41	5,8	16
8:06:20	41	5,7	16
8:06:30	41	5,7	16
8:06:40	41	5,6	16
8:06:50	41	5,6	16
8:07:00	41	5,6	16
8:07:10	41	5,6	16
8:07:20	41	5,5	16
8:07:30	41	5,5	16
8:07:40	41	5,5	16
8:07:50	41	5,5	16
8:08:00	41	5,4	16
8:08:10	41	5,4	16
8:08:20	41	5,4	16
8:08:30	41	5,4	16
8:08:40	41	5,4	16
8:08:50	41	5,4	16
8:09:00	41	5,4	16
8:09:10	41	5,4	16
8:09:20	41	5,4	16
8:09:30	41	5,4	16
8:09:40	41	5,5	16
8:09:50	41	5,5	17
8:10:00	41	5,5	17
8:10:10	41	5,5	17
8:10:20	41	5,5	17
8:10:30	41	5,6	17
8:10:40	41	5,6	17
8:10:50	41	5,6	17
8:11:00	41	5,6	17
8:11:10	41	5,6	17
8:11:20	41	5,6	17
8:11:30	41	5,6	17
8:11:40	41	5,6	17
8:11:50	41	5,6	17
8:12:00	41	5,6	17
8:12:10	41	5,5	17
8:12:20	41	5,5	17
8:12:30	41	5,5	16
8:12:40	41	5,5	16
8:12:50	41	5,5	16
8:13:00	41	5,5	17
8:13:10	41	5,4	17
8:13:20	41	5,4	16
8:13:30	41	5,4	17
8:13:40	41	5,4	17
8:13:50	41	5,3	17
8:14:00	41	5,3	17
8:14:10	41	5,3	17
8:14:20	41	5,3	17
8:14:30	41	5,3	17
8:14:40	41	5,3	17
8:14:50	41	5,3	17
8:15:00	41	5,3	17
8:15:10	41	5,3	17
8:15:20	41	5,3	17
8:15:30	41	5,3	17
8:15:40	41	5,3	17
8:15:50	41	5,3	17
8:16:00	41	5,4	17
8:16:10	41	5,4	17
8:16:20	41	5,4	17
8:16:30	41	5,4	17
8:16:40	41	5,4	17
8:16:50	41	5,4	17
8:17:00	41	5,5	17
8:17:10	41	5,5	17
8:17:20	41	5,5	17
8:17:30	41	5,5	18
8:17:40	41	5,5	17
8:17:50	41	5,5	17
8:18:00	41	5,5	17
8:18:10	41	5,5	17
8:18:20	41	5,5	17
8:18:30	41	5,5	17
8:18:40	41	5,5	17
8:18:50	41	5,5	18
8:19:00	41	5,5	17
8:19:10	41	5,5	17
8:19:20	41	5,5	17
8:19:30	41	5,4	17
8:19:40	41	5,4	17
8:19:50	41	5,3	17
8:20:00	41	5,3	17
8:20:10	41	5,3	17
8:20:20	41	5,2	18
8:20:30	41	5,2	18
8:20:40	41	5,2	18
8:20:50	41	5,2	18
8:21:00	41	5,1	18
8:21:10	41	5,1	18
8:21:20	41	5,1	18
8:21:30	41	5,1	18
8:21:40	41	5,1	18
8:21:50	41	5,0	18
8:22:00	41	5,0	18
8:22:10	41	5,0	18
8:22:20	41	5,1	18
8:22:30	41	5,1	18
8:22:40	41	5,1	18
8:22:50	41	5,1	18
8:23:00	41	5,1	18
8:23:10	41	5,2	18
8:23:20	41	5,2	18
8:23:30	41	5,2	18
8:23:40	41	5,3	18
8:23:50	41	5,3	18
8:24:00	41	5,3	18
8:24:10	41	5,4	18
8:24:20	41	5,4	18
8:24:30	41	5,4	18
8:24:40	41	5,4	18
8:24:50	41	5,4	18
8:25:00	41	5,4	19
8:25:10	41	5,4	19
8:25:20	41	5,4	19
8:25:30	41	5,4	19
8:25:40	41	5,4	19
8:25:50	41	5,3	19
8:26:00	41	5,3	19
8:26:10	41	5,2	19
8:26:20	41	5,2	19
8:26:30	41	5,2	19
8:26:40	41	5,1	19
8:26:50	41	5,1	19
8:27:00	41	5,1	19
8:27:10	41	5,0	19
8:27:20	41	5,0	19
8:27:30	41	5,0	19
8:27:40	41	5,0	19
8:27:50	41	4,9	19
8:28:00	41	4,9	19
8:28:10	41	4,9	19
8:28:20	41	4,9	19
8:28:30	41	4,9	19
8:28:40	41	4,9	19
8:28:50	41	4,9	20
8:29:00	41	4,9	20
8:29:10	41	5,0	20
8:29:20	41	5,0	20
8:29:30	41	5,0	20
8:29:40	41	5,1	20
8:29:50	41	5,1	20
8:30:00	41	5,1	20
8:30:10	41	5,2	20
8:30:20	41	5,2	20
8:30:30	41	5,2	20
8:30:40	41	5,3	20
8:30:50	41	5,3	20
8:31:00	41	5,3	20
8:31:10	41	5,3	20
8:31:20	41	5,3	21
8:31:30	41	5,2	21
8:31:40	41	5,2	21
8:31:50	41	5,2	21
8:32:00	41	5,1	21
8:32:10	41	5,1	21
8:32:20	41	5,1	21
8:32:30	41	5,0	21
8:32:40	41	5,0	21
8:32:50	41	5,0	21
8:33:00	41	4,9	21
8:33:10	41	4,9	21
8:33:20	41	4,9	22
8:33:30	41	4,8	22
8:33:40	41	4,8	22
8:33:50	41	4,8	22
8:34:00	41	4,8	22
8:34:10	41	4,8	22
8:34:20	41	4,8	22
8:34:30	41	4,8	22
8:34:40	41	4,8	22
8:34:50	41	4,8	22
8:35:00	41	4,8	22
8:35:10	41	4,9	23
8:35:20	41	4,9	23
8:35:30	41	5,0	23
8:35:40	41	5,0	23
8:35:50	41	5,0	23
8:36:00	41	5,1	23
8:36:10	41	5,1	23
8:36:20	41	5,1	23
8:36:30	41	5,1	23
8:36:40	41	5,1	24
8:36:50	41	5,1	24
8:37:00	41	5,1	24
8:37:10	41	5,1	24
8:37:20	41	5,0	24
8:37:30	41	5,0	24
8:37:40	41	4,9	24
8:37:50	41	4,9	24
8:38:00	41	4,9	24
8:38:10	41	4,8	24
8:38:20	41	4,8	24
8:38:30	41	4,8	25
8:38:40	41	4,8	25
8:38:50	41	4,7	25
8:39:00	41	4,7	25
8:39:10	41	4,7	25
8:39:20	41	4,7	25
8:39:30	41	4,7	25
8:39:40	41	4,7	25
8:39:50	41	4,7	25
8:40:00	41	4,7	25
8:40:10	41	4,7	26
8:40:20	41	4,8	26
8:40:30	41	4,8	26
8:40:40	41	4,8	26
8:40:50	41	4,8	26
8:41:00	41	4,9	26
8:41:10	41	4,9	26
8:41:20	41	4,9	26
8:41:30	41	4,9	27
8:41:40	41	4,9	27
8:41:50	41	4,9	27
8:42:00	41	4,9	27
8:42:10	41	4,9	27
8:42:20	41	4,9	27
8:42:30	41	4,8	27
8:42:40	41	4,8	27
8:42:50	41	4,8	27
8:43:00	41	4,7	28
8:43:10	41	4,7	28
8:43:20	41	4,7	28
8:43:30	41	4,6	28
8:43:40	41	4,6	28
8:43:50	41	4,6	28
8:44:00	41	4,6	28
8:44:10	41	4,5	28
8:44:20	41	4,5	28
8:44:30	41	4,5	29
8:44:40	41	4,5	29
8:44:50	41	4,5	29
8:45:00	41	4,6	29
8:45:10	41	4,6	29
8:45:20	41	4,6	29
8:45:30	41	4,7	29
8:45:40	41	4,7	29
8:45:50	41	4,7	29
8:46:00	41	4,7	29
8:46:10	41	4,8	29
8:46:20	41	4,8	30
8:46:30	41	4,8	30
8:46:40	41	4,8	30
8:46:50	41	4,8	30
8:47:00	41	4,8	30
8:47:10	41	4,8	31
8:47:20	41	4,7	31
8:47:30	41	4,7	31
8:47:40	41	4,7	31
8:47:50	41	4,6	31
8:48:00	41	4,6	31
8:48:10	41	4,6	31
8:48:20	41	4,5	32
8:48:30	41	4,5	32
8:48:40	41	4,5	32
8:48:50	41	4,5	32
8:49:00	41	4,4	32
8:49:10	41	4,4	32
8:49:20	41	4,4	32
8:49:30	41	4,4	32
8:49:40	41	4,4	32
8:49:50	41	4,4	33
8:50:00	41	4,5	33
8:50:10	41	4,5	33
8:50:20	41	4,5	33
8:50:30	41	4,5	33
8:50:40	41	4,6	33
8:50:50	41	4,6	33
8:51:00	41	4,6	34
8:51:10	41	4,6	34
8:51:20	41	4,6	34
8:51:30	41	4,6	34
8:51:40	41	4,6	34
8:51:50	41	4,6	34
8:52:00	41	4,6	34
8:52:10	41	4,6	35
8:52:20	41	4,5	35
8:52:30	41	4,5	35
8:52:40	41	4,5	35
8:52:50	41	4,4	35
8:53:00	41	4,4	36
8:53:10	41	4,4	36
8:53:20	41	4,3	37
8:53:30	41	4,3	37
8:53:40	41	4,3	37
8:53:50	41	4,3	37
8:54:00	41	4,3	37
8:54:10	41	4,3	38
8:54:20	41	4,3	38
8:54:30	41	4,3	38
8:54:40	41	4,4	38
8:54:50	41	4,4	38
8:55:00	41	4,4	38
8:55:10	41	4,4	38
8:55:20	41	4,5	39
8:55:30	41	4,5	39
8:55:40	41	4,5	39
8:55:50	41	4,5	39
8:56:00	41	4,5	39
8:56:10	41	4,5	39
8:56:20	41	4,5	39
8:56:30	41	4,4	40
8:56:40	41	4,4	40
8:56:50	41	4,4	40
8:57:00	41	4,3	40
8:57:10	41	4,3	40
8:57:20	41	4,3	40
8:57:30	41	4,2	41
8:57:40	41	4,2	41
8:57:50	41	4,2	41
8:58:00	41	4,2	41
8:58:10	41	4,2	41
8:58:20	41	4,2	41
8:58:30	41	4,2	41
8:58:40	41	4,2	42
8:58:50	41	4,2	42
8:59:00	41	4,2	42
8:59:10	41	4,3	42
8:59:20	41	4,3	42
8:59:30	41	4,3	42
8:59:40	41	4,3	42
8:59:50	41	4,3	42
9:00:00	41	4,4	42
9:00:10	41	4,4	43
9:00:20	41	4,4	43
9:00:30	41	4,4	43
9:00:40	41	4,3	43
9:00:50	41	4,3	43
9:01:00	41	4,3	43
9:01:10	41	4,2	43
9:01:20	41	4,2	43
9:01:30	41	4,2	44
9:01:40	41	4,1	44
9:01:50	41	4,1	44
9:02:00	41	4,1	44
9:02:10	41	4,1	44
9:02:20	41	4,0	44
9:02:30	41	4,0	44
9:02:40	41	4,0	44
9:02:50	41	4,1	44
9:03:00	41	4,1	43
9:03:10	41	4,1	43
9:03:20	41	4,1	53
9:03:30	41	4,1	46
9:03:40	41	4,2	46
9:03:50	41	4,2	46
9:04:00	41	4,2	45
9:04:10	41	4,3	45
9:04:20	41	4,3	45
9:04:30	41	4,3	45
9:04:40	41	4,2	48
9:04:50	41	4,2	49
9:05:00	41	4,2	52
9:05:10	41	4,2	49
9:05:20	41	4,1	48
9:05:30	41	4,1	49
9:05:40	41	4,1	51
9:05:50	41	4,0	50
9:06:00	41	4,0	53
9:06:10	41	4,0	52
9:06:20	41	4,0	49
9:06:30	41	4,0	48
9:06:40	41	3,9	48
9:06:50	41	3,9	48
9:07:00	41	4,0	48
9:07:10	41	4,0	59
9:07:20	41	4,0	53
9:07:30	41	4,0	51
9:07:40	41	4,0	50
9:07:50	41	4,1	50
9:08:00	41	4,1	50
9:08:10	41	4,1	50
9:08:20	41	4,1	50
9:08:30	41	4,1	50
9:08:40	41	4,1	50
9:08:50	41	4,2	50
9:09:00	41	4,1	50
9:09:10	41	4,1	50
9:09:20	41	4,1	51
9:09:30	41	4,0	50
9:09:40	41	4,0	50
9:09:50	41	4,0	51
9:10:00	41	3,9	51
9:10:10	41	3,9	51
9:10:20	41	3,9	51
9:10:30	41	3,9	51
9:10:40	41	3,8	51
9:10:50	41	3,8	51
9:11:00	41	3,8	51
9:11:10	41	3,8	51
9:11:20	41	3,8	51
9:11:30	41	3,9	51
9:11:40	41	3,9	51
9:11:50	41	3,9	51
9:12:00	41	4,0	65
9:12:10	41	4,0	62
9:12:20	41	4,0	61
9:12:30	41	4,0	59
9:12:40	41	4,0	58
9:12:50	41	4,0	57
9:13:00	41	4,0	56
9:13:10	41	4,0	56
9:13:20	41	4,0	56
9:13:30	41	4,0	55
9:13:40	41	3,9	55
9:13:50	41	3,9	55
9:14:00	41	3,9	55
9:14:10	41	3,8	55
9:14:20	41	3,8	55
9:14:30	41	3,8	55
9:14:40	41	3,8	55
9:14:50	41	3,7	55
9:15:00	41	3,7	55
9:15:10	41	3,7	55
9:15:20	41	3,8	55
9:15:30	41	3,8	55
9:15:40	41	3,8	55
9:15:50	41	3,8	68
9:16:00	41	3,9	60
9:16:10	41	3,9	58
9:16:20	41	3,9	58
9:16:30	41	3,9	66
9:16:40	41	4,0	66
9:16:50	41	4,0	66
9:17:00	41	3,9	66
9:17:10	41	3,9	65
9:17:20	41	3,9	66
9:17:30	41	3,8	65
9:17:40	41	3,8	66
9:17:50	41	3,8	65
9:18:00	41	3,7	65
9:18:10	41	3,7	65
9:18:20	41	3,7	64
9:18:30	41	3,7	63
9:18:40	41	3,7	63
9:18:50	41	3,6	72
9:19:00	41	3,6	65
9:19:10	41	3,7	64
9:19:20	41	3,7	64
9:19:30	41	3,7	63
9:19:40	41	3,7	62
9:19:50	41	3,7	62
9:20:00	41	3,8	62
9:20:10	41	3,8	62
9:20:20	41	3,8	62
9:20:30	41	3,8	62
9:20:40	41	3,8	62
9:20:50	41	3,8	62
9:21:00	41	3,8	61
9:21:10	41	3,8	61
9:21:20	41	3,8	61
9:21:30	41	3,8	61
9:21:40	41	3,7	61
9:21:50	41	3,7	61
9:22:00	41	3,7	61
9:22:10	41	3,6	61
9:22:20	41	3,6	61
9:22:30	41	3,6	61
9:22:40	41	3,6	61
9:22:50	41	3,6	61
9:23:00	41	3,6	61
9:23:10	41	3,6	61
9:23:20	41	3,6	61
9:23:30	41	3,6	61
9:23:40	41	3,6	61
9:23:50	41	3,7	61
9:24:00	41	3,7	69
9:24:10	41	3,7	64
9:24:20	41	3,7	63
9:24:30	41	3,7	62
9:24:40	41	3,7	62
9:24:50	41	3,7	62
9:25:00	41	3,7	62
9:25:10	41	3,7	62
9:25:20	41	3,7	62
9:25:30	41	3,7	62
9:25:40	41	3,6	61
9:25:50	41	3,6	61
9:26:00	41	3,6	61
9:26:10	41	3,5	62
9:26:20	41	3,5	62
9:26:30	41	3,5	62
9:26:40	41	3,5	62
9:26:50	41	3,5	62
9:27:00	41	3,5	62
9:27:10	41	3,5	62
9:27:20	41	3,5	62
9:27:30	41	3,5	62
9:27:40	41	3,5	62
9:27:50	41	3,5	77
9:28:00	41	3,6	72
