--Test Summary--
Full Path and File Name	
Instrument Name	7222
Instrument Type	Model 7222 Consistometer
Instrument Serial Number	
Test Start Date	31.08.2021
Test Start Time	10:06:18
Test Stop Date	31.08.2021
Test Stop Time	14:36:37
Test Length	4:30:19
Final Sample Time Offset	4:30:19
Controller Schedule Name	
Sampling Period	10 seconds
Comments	
Information	WellID	
Information	Customer	
Information	EngName	
Information	CementClass	
Information	CementMfr	
Information	Additives	90G+10ASPM+1FLAC-550+0.25CEX-201
Information	Density	
Information	BHCT	
Information	BHST	
Information	FluidLoss	
Information	JobType	
Calculated Value	Time_30Bc	0:30:50
Calculated Value	Time_70Bc	4:09:20
Initial Temperature (°C)	27 °C
Final Temperature (°C)	41 °C
Initial Pressure (MPa)	0,5 MPa
Final Pressure (MPa)	8,0 MPa
Initial Consistency (Bc)	17 Bc
Final Consistency (Bc)	70 Bc
--Data--
Time (HH:MM:SS)	Temperature (°C)	Pressure (MPa)	Consistency (Bc)
0:00:00	27	0,5	17
0:00:10	27	0,5	22
0:00:20	27	0,5	22
0:00:30	27	0,5	22
0:00:40	27	0,5	16
0:00:50	27	0,5	17
0:01:00	27	0,5	16
0:01:10	27	0,5	20
0:01:20	27	0,5	20
0:01:30	27	0,5	16
0:01:40	27	0,5	22
0:01:50	27	0,5	16
0:02:00	27	0,6	21
0:02:10	27	0,6	16
0:02:20	27	0,6	18
0:02:30	27	0,6	18
0:02:40	27	3,6	28
0:02:50	27	10,2	28
0:03:00	27	9,7	24
0:03:10	28	9,4	23
0:03:20	28	9,2	24
0:03:30	28	9,0	22
0:03:40	28	8,9	24
0:03:50	28	8,8	22
0:04:00	28	8,8	23
0:04:10	28	8,7	24
0:04:20	28	8,7	23
0:04:30	28	8,7	26
0:04:40	28	8,7	22
0:04:50	28	8,7	22
0:05:00	28	8,7	22
0:05:10	28	8,7	21
0:05:20	29	8,7	23
0:05:30	29	8,8	23
0:05:40	29	8,8	22
0:05:50	29	8,9	21
0:06:00	29	8,9	21
0:06:10	29	9,0	22
0:06:20	29	9,1	22
0:06:30	29	9,2	24
0:06:40	29	9,2	21
0:06:50	29	9,3	22
0:07:00	29	9,4	22
0:07:10	29	9,4	22
0:07:20	29	9,5	24
0:07:30	30	9,5	22
0:07:40	30	9,6	24
0:07:50	30	9,7	23
0:08:00	30	9,7	23
0:08:10	30	9,7	24
0:08:20	30	9,8	23
0:08:30	30	9,8	24
0:08:40	30	9,9	22
0:08:50	30	9,9	23
0:09:00	30	10,0	23
0:09:10	30	10,0	22
0:09:20	31	10,0	25
0:09:30	31	10,1	21
0:09:40	31	10,1	22
0:09:50	31	10,2	22
0:10:00	31	10,2	21
0:10:10	31	10,2	24
0:10:20	31	10,2	25
0:10:30	31	10,3	23
0:10:40	31	10,3	22
0:10:50	31	10,4	21
0:11:00	31	10,4	23
0:11:10	32	10,4	21
0:11:20	32	10,4	23
0:11:30	32	10,5	22
0:11:40	32	10,5	22
0:11:50	32	10,6	29
0:12:00	32	10,6	22
0:12:10	32	10,7	23
0:12:20	32	10,7	21
0:12:30	32	10,8	22
0:12:40	32	10,8	23
0:12:50	32	10,8	22
0:13:00	33	10,9	23
0:13:10	33	10,9	22
0:13:20	33	10,9	22
0:13:30	33	11,0	23
0:13:40	33	11,0	22
0:13:50	33	11,0	22
0:14:00	33	10,9	21
0:14:10	33	11,0	22
0:14:20	33	11,0	23
0:14:30	33	11,0	21
0:14:40	33	11,1	23
0:14:50	33	11,1	21
0:15:00	33	11,3	21
0:15:10	33	11,3	23
0:15:20	34	11,3	20
0:15:30	34	11,4	22
0:15:40	34	11,4	21
0:15:50	34	11,4	21
0:16:00	34	11,5	23
0:16:10	34	11,5	21
0:16:20	34	11,6	23
0:16:30	34	11,7	20
0:16:40	34	11,7	21
0:16:50	34	11,9	21
0:17:00	34	11,9	20
0:17:10	35	11,8	23
0:17:20	35	11,9	21
0:17:30	35	12,0	21
0:17:40	35	12,0	21
0:17:50	35	12,0	20
0:18:00	35	12,1	22
0:18:10	35	12,2	20
0:18:20	35	12,2	19
0:18:30	35	12,2	19
0:18:40	35	12,2	18
0:18:50	35	12,3	22
0:19:00	35	12,3	22
0:19:10	36	12,4	21
0:19:20	36	12,4	22
0:19:30	36	12,5	21
0:19:40	36	12,5	23
0:19:50	36	12,6	22
0:20:00	36	12,6	22
0:20:10	36	12,7	21
0:20:20	36	12,7	22
0:20:30	36	12,8	25
0:20:40	36	12,8	22
0:20:50	36	12,9	20
0:21:00	36	12,9	21
0:21:10	36	13,0	22
0:21:20	37	13,0	23
0:21:30	37	13,1	22
0:21:40	37	13,1	21
0:21:50	37	13,2	22
0:22:00	37	13,2	23
0:22:10	37	13,3	24
0:22:20	37	13,3	23
0:22:30	37	13,4	24
0:22:40	37	13,4	22
0:22:50	37	13,4	23
0:23:00	37	13,5	24
0:23:10	37	13,5	23
0:23:20	38	13,6	24
0:23:30	38	13,6	23
0:23:40	38	13,7	23
0:23:50	38	13,7	24
0:24:00	38	13,8	22
0:24:10	38	13,8	24
0:24:20	38	13,9	22
0:24:30	38	13,9	23
0:24:40	38	14,0	22
0:24:50	38	14,0	20
0:25:00	38	14,1	24
0:25:10	38	14,1	22
0:25:20	38	14,2	22
0:25:30	39	14,2	22
0:25:40	39	14,3	21
0:25:50	39	14,3	23
0:26:00	39	14,4	20
0:26:10	39	14,4	22
0:26:20	39	14,4	22
0:26:30	39	14,5	22
0:26:40	39	14,5	24
0:26:50	39	14,6	22
0:27:00	39	14,6	23
0:27:10	39	14,6	22
0:27:20	39	14,6	20
0:27:30	40	14,7	22
0:27:40	40	14,8	22
0:27:50	40	14,8	23
0:28:00	40	14,9	26
0:28:10	40	14,9	25
0:28:20	40	15,0	27
0:28:30	40	15,0	23
0:28:40	40	15,1	26
0:28:50	40	15,1	28
0:29:00	40	15,2	24
0:29:10	40	15,2	29
0:29:20	40	15,2	28
0:29:30	40	15,3	31
0:29:40	41	15,3	27
0:29:50	41	15,4	25
0:30:00	41	15,5	31
0:30:10	41	15,5	25
0:30:20	41	15,5	23
0:30:30	41	15,5	22
0:30:40	41	15,5	32
0:30:50	41	15,5	32
0:31:00	41	15,4	32
0:31:10	41	15,4	29
0:31:20	41	15,3	27
0:31:30	41	15,3	33
0:31:40	41	15,2	26
0:31:50	42	15,1	35
0:32:00	42	15,0	30
0:32:10	42	15,0	24
0:32:20	42	14,9	31
0:32:30	42	14,8	25
0:32:40	42	14,7	22
0:32:50	42	14,7	25
0:33:00	42	14,6	25
0:33:10	42	14,5	21
0:33:20	42	14,4	24
0:33:30	42	14,4	22
0:33:40	42	14,3	22
0:33:50	42	14,3	22
0:34:00	42	14,2	22
0:34:10	42	14,2	24
0:34:20	42	14,1	21
0:34:30	42	14,1	22
0:34:40	42	14,1	22
0:34:50	42	14,0	22
0:35:00	42	14,0	20
0:35:10	42	14,0	20
0:35:20	42	13,9	22
0:35:30	42	13,9	22
0:35:40	42	13,9	24
0:35:50	42	13,9	21
0:36:00	42	13,9	22
0:36:10	42	13,9	22
0:36:20	41	13,9	21
0:36:30	41	13,9	23
0:36:40	41	13,8	21
0:36:50	41	13,8	23
0:37:00	41	13,8	21
0:37:10	41	13,9	21
0:37:20	41	13,8	22
0:37:30	41	13,8	21
0:37:40	41	13,8	23
0:37:50	41	13,8	21
0:38:00	41	13,8	22
0:38:10	41	13,8	21
0:38:20	41	13,8	21
0:38:30	41	13,8	22
0:38:40	41	13,7	20
0:38:50	41	13,7	22
0:39:00	41	13,7	20
0:39:10	41	13,7	21
0:39:20	41	13,7	21
0:39:30	41	13,7	20
0:39:40	41	13,7	22
0:39:50	41	13,7	21
0:40:00	41	13,7	23
0:40:10	41	13,7	21
0:40:20	41	13,7	21
0:40:30	41	13,6	20
0:40:40	41	13,6	20
0:40:50	41	13,7	23
0:41:00	41	13,7	20
0:41:10	41	13,7	22
0:41:20	41	13,6	23
0:41:30	41	13,6	21
0:41:40	41	13,6	21
0:41:50	41	13,6	20
0:42:00	41	13,6	24
0:42:10	41	13,6	21
0:42:20	41	13,6	24
0:42:30	41	13,7	22
0:42:40	41	13,6	23
0:42:50	41	13,6	22
0:43:00	41	13,6	21
0:43:10	41	13,6	22
0:43:20	41	13,6	21
0:43:30	41	13,6	20
0:43:40	41	13,6	21
0:43:50	41	13,6	23
0:44:00	41	13,6	20
0:44:10	41	13,6	21
0:44:20	41	13,6	22
0:44:30	41	13,6	21
0:44:40	41	13,6	23
0:44:50	41	13,6	21
0:45:00	41	13,6	22
0:45:10	41	13,6	19
0:45:20	41	13,6	21
0:45:30	41	13,6	21
0:45:40	41	13,6	21
0:45:50	41	13,6	21
0:46:00	41	13,6	20
0:46:10	41	13,6	22
0:46:20	41	13,6	20
0:46:30	41	13,6	21
0:46:40	41	13,6	21
0:46:50	41	13,7	20
0:47:00	41	13,6	22
0:47:10	41	13,6	21
0:47:20	41	13,6	22
0:47:30	41	13,6	20
0:47:40	41	13,6	21
0:47:50	41	13,6	20
0:48:00	41	13,6	21
0:48:10	41	13,6	22
0:48:20	41	13,5	21
0:48:30	41	13,6	21
0:48:40	41	13,6	21
0:48:50	41	13,6	22
0:49:00	41	13,5	22
0:49:10	41	13,5	22
0:49:20	41	13,5	20
0:49:30	41	13,5	21
0:49:40	41	13,5	22
0:49:50	41	13,5	21
0:50:00	41	13,5	23
0:50:10	41	13,5	21
0:50:20	41	13,5	22
0:50:30	41	13,5	23
0:50:40	41	13,5	22
0:50:50	41	13,5	23
0:51:00	41	13,5	22
0:51:10	41	13,5	23
0:51:20	41	13,5	21
0:51:30	41	13,5	17
0:51:40	41	13,5	17
0:51:50	41	13,5	17
0:52:00	41	13,5	17
0:52:10	41	13,5	21
0:52:20	41	13,5	23
0:52:30	41	13,5	21
0:52:40	41	13,5	21
0:52:50	41	13,5	22
0:53:00	41	13,4	22
0:53:10	41	13,5	23
0:53:20	41	13,5	22
0:53:30	41	13,5	23
0:53:40	41	13,5	22
0:53:50	41	13,5	23
0:54:00	41	13,5	23
0:54:10	41	13,5	22
0:54:20	41	13,5	22
0:54:30	41	13,5	22
0:54:40	41	13,5	23
0:54:50	41	13,5	21
0:55:00	41	13,5	24
0:55:10	41	13,5	22
0:55:20	41	13,5	22
0:55:30	41	13,5	21
0:55:40	41	13,5	21
0:55:50	41	13,5	23
0:56:00	41	13,5	21
0:56:10	41	13,4	22
0:56:20	41	13,4	21
0:56:30	41	13,5	22
0:56:40	41	13,4	22
0:56:50	41	13,5	22
0:57:00	41	13,5	20
0:57:10	41	13,5	22
0:57:20	41	13,5	23
0:57:30	41	13,5	22
0:57:40	41	13,4	23
0:57:50	41	13,4	20
0:58:00	41	13,4	21
0:58:10	41	13,4	22
0:58:20	41	13,4	21
0:58:30	41	13,4	23
0:58:40	41	13,4	21
0:58:50	41	13,4	22
0:59:00	41	13,4	22
0:59:10	41	13,4	20
0:59:20	41	13,4	20
0:59:30	41	13,4	20
0:59:40	41	13,4	21
0:59:50	41	13,4	20
1:00:00	41	13,4	21
1:00:10	41	13,4	21
1:00:20	41	13,4	21
1:00:30	41	13,4	21
1:00:40	41	13,4	21
1:00:50	41	13,4	22
1:01:00	41	13,4	21
1:01:10	41	13,4	22
1:01:20	41	13,4	19
1:01:30	41	13,4	22
1:01:40	41	13,4	21
1:01:50	41	13,4	20
1:02:00	41	13,4	24
1:02:10	41	13,4	22
1:02:20	41	13,4	23
1:02:30	41	13,4	23
1:02:40	41	13,4	23
1:02:50	41	13,4	22
1:03:00	41	13,4	23
1:03:10	41	13,4	23
1:03:20	41	13,4	22
1:03:30	41	13,4	23
1:03:40	41	13,4	23
1:03:50	41	13,4	23
1:04:00	41	13,3	23
1:04:10	41	13,3	23
1:04:20	41	13,3	24
1:04:30	41	13,3	23
1:04:40	41	13,3	24
1:04:50	41	13,3	23
1:05:00	41	13,3	23
1:05:10	41	13,3	23
1:05:20	41	13,3	23
1:05:30	41	13,3	24
1:05:40	41	13,3	23
1:05:50	41	13,3	24
1:06:00	41	13,3	22
1:06:10	41	13,3	23
1:06:20	41	13,3	23
1:06:30	41	13,3	23
1:06:40	41	13,3	24
1:06:50	41	13,3	23
1:07:00	41	13,3	23
1:07:10	41	13,3	23
1:07:20	41	13,3	23
1:07:30	41	13,3	23
1:07:40	41	13,3	22
1:07:50	41	13,3	25
1:08:00	41	13,3	23
1:08:10	41	13,3	23
1:08:20	41	13,3	23
1:08:30	41	13,3	23
1:08:40	41	13,3	24
1:08:50	41	13,3	23
1:09:00	41	13,3	24
1:09:10	41	13,3	23
1:09:20	41	13,3	23
1:09:30	41	13,3	23
1:09:40	41	13,3	23
1:09:50	41	13,3	24
1:10:00	41	13,3	23
1:10:10	41	13,3	24
1:10:20	41	13,3	23
1:10:30	41	13,3	23
1:10:40	41	13,3	23
1:10:50	41	13,3	23
1:11:00	41	13,3	23
1:11:10	41	13,3	22
1:11:20	41	13,3	24
1:11:30	41	13,3	23
1:11:40	41	13,3	23
1:11:50	41	13,3	23
1:12:00	41	13,3	23
1:12:10	41	13,3	24
1:12:20	41	13,3	23
1:12:30	41	13,3	25
1:12:40	41	13,3	24
1:12:50	41	13,3	23
1:13:00	41	13,3	23
1:13:10	41	13,3	22
1:13:20	41	13,3	23
1:13:30	41	13,3	22
1:13:40	41	13,3	24
1:13:50	41	13,3	23
1:14:00	41	13,3	24
1:14:10	41	13,2	22
1:14:20	41	13,3	22
1:14:30	41	13,3	23
1:14:40	41	13,2	22
1:14:50	41	13,2	23
1:15:00	41	13,2	21
1:15:10	41	13,2	21
1:15:20	41	13,2	21
1:15:30	41	13,2	22
1:15:40	41	13,2	22
1:15:50	41	13,2	22
1:16:00	41	13,2	24
1:16:10	41	13,2	22
1:16:20	41	13,2	22
1:16:30	41	13,2	20
1:16:40	41	13,2	21
1:16:50	41	13,2	22
1:17:00	41	13,2	20
1:17:10	41	13,2	23
1:17:20	41	13,2	21
1:17:30	41	13,2	22
1:17:40	41	13,2	21
1:17:50	41	13,2	22
1:18:00	41	13,2	23
1:18:10	41	13,2	23
1:18:20	41	13,2	24
1:18:30	41	13,2	24
1:18:40	41	13,2	24
1:18:50	41	13,2	22
1:19:00	41	13,2	23
1:19:10	41	13,2	23
1:19:20	41	13,2	22
1:19:30	41	13,2	25
1:19:40	41	13,2	22
1:19:50	41	13,2	22
1:20:00	41	13,2	25
1:20:10	41	13,2	22
1:20:20	41	13,2	22
1:20:30	41	13,2	21
1:20:40	41	13,2	23
1:20:50	41	13,2	21
1:21:00	41	13,2	23
1:21:10	41	13,2	22
1:21:20	41	13,2	22
1:21:30	41	13,2	22
1:21:40	41	13,2	22
1:21:50	41	13,2	21
1:22:00	41	13,2	20
1:22:10	41	13,2	21
1:22:20	41	13,2	22
1:22:30	41	13,2	21
1:22:40	41	13,2	20
1:22:50	41	13,2	21
1:23:00	41	13,2	22
1:23:10	41	13,1	20
1:23:20	41	13,2	22
1:23:30	41	13,2	20
1:23:40	41	13,2	21
1:23:50	41	13,2	21
1:24:00	41	13,2	21
1:24:10	41	13,2	22
1:24:20	41	13,2	22
1:24:30	41	13,2	23
1:24:40	41	13,1	22
1:24:50	41	13,1	22
1:25:00	41	13,2	21
1:25:10	41	13,1	21
1:25:20	41	13,1	21
1:25:30	41	13,1	22
1:25:40	41	13,1	23
1:25:50	41	13,1	22
1:26:00	41	13,1	21
1:26:10	41	13,1	20
1:26:20	41	13,2	20
1:26:30	41	13,1	20
1:26:40	41	13,1	21
1:26:50	41	13,1	21
1:27:00	41	13,1	23
1:27:10	41	13,1	23
1:27:20	41	13,1	23
1:27:30	41	13,1	23
1:27:40	41	13,1	23
1:27:50	41	13,1	23
1:28:00	41	13,1	25
1:28:10	41	13,1	25
1:28:20	41	13,1	24
1:28:30	41	13,1	23
1:28:40	41	13,1	23
1:28:50	41	13,1	23
1:29:00	41	13,1	23
1:29:10	41	13,1	25
1:29:20	41	13,1	23
1:29:30	41	13,1	24
1:29:40	41	13,1	23
1:29:50	41	13,1	23
1:30:00	41	13,1	23
1:30:10	41	13,1	23
1:30:20	41	13,1	23
1:30:30	41	13,1	23
1:30:40	41	13,1	23
1:30:50	41	13,1	23
1:31:00	41	13,1	23
1:31:10	41	13,1	23
1:31:20	41	13,1	22
1:31:30	41	13,1	24
1:31:40	41	13,1	22
1:31:50	41	13,1	24
1:32:00	41	13,1	22
1:32:10	41	13,0	23
1:32:20	41	13,0	22
1:32:30	41	13,0	23
1:32:40	41	13,0	23
1:32:50	41	13,0	22
1:33:00	41	13,0	23
1:33:10	41	13,0	22
1:33:20	41	13,0	23
1:33:30	41	13,0	22
1:33:40	41	13,0	22
1:33:50	41	13,0	23
1:34:00	41	13,0	23
1:34:10	41	13,0	24
1:34:20	41	13,0	23
1:34:30	41	13,0	23
1:34:40	41	13,0	23
1:34:50	41	13,0	20
1:35:00	41	13,0	20
1:35:10	41	13,0	20
1:35:20	41	13,0	21
1:35:30	41	13,0	20
1:35:40	41	13,0	20
1:35:50	41	13,0	20
1:36:00	41	13,0	23
1:36:10	41	13,0	23
1:36:20	41	13,0	22
1:36:30	41	13,0	23
1:36:40	41	13,0	21
1:36:50	41	13,0	20
1:37:00	41	13,0	21
1:37:10	41	13,0	21
1:37:20	41	13,0	22
1:37:30	41	13,0	23
1:37:40	41	13,0	25
1:37:50	41	13,0	22
1:38:00	41	13,0	23
1:38:10	41	13,0	23
1:38:20	41	13,0	22
1:38:30	41	13,0	23
1:38:40	41	13,0	21
1:38:50	41	13,0	20
1:39:00	41	13,0	23
1:39:10	41	13,0	22
1:39:20	41	13,0	22
1:39:30	41	13,0	20
1:39:40	41	13,0	23
1:39:50	41	13,0	19
1:40:00	41	13,0	21
1:40:10	41	13,0	19
1:40:20	41	13,0	21
1:40:30	41	13,0	20
1:40:40	41	13,0	20
1:40:50	41	13,0	21
1:41:00	41	13,0	20
1:41:10	41	13,0	21
1:41:20	41	13,0	21
1:41:30	41	13,0	20
1:41:40	41	13,0	23
1:41:50	41	13,0	22
1:42:00	41	13,0	21
1:42:10	41	13,0	21
1:42:20	41	13,0	21
1:42:30	41	13,0	23
1:42:40	41	12,9	21
1:42:50	41	13,0	23
1:43:00	41	13,0	23
1:43:10	41	12,9	23
1:43:20	41	12,9	21
1:43:30	41	13,0	21
1:43:40	41	13,0	21
1:43:50	41	13,0	22
1:44:00	41	12,9	22
1:44:10	41	12,9	21
1:44:20	41	12,9	23
1:44:30	41	13,0	23
1:44:40	41	12,9	24
1:44:50	41	12,9	23
1:45:00	41	12,9	23
1:45:10	41	12,9	23
1:45:20	41	12,9	23
1:45:30	41	12,9	23
1:45:40	41	12,9	23
1:45:50	41	12,9	23
1:46:00	41	12,9	22
1:46:10	41	12,9	24
1:46:20	41	12,9	24
1:46:30	41	12,9	23
1:46:40	41	12,9	23
1:46:50	41	12,9	23
1:47:00	41	12,9	24
1:47:10	41	12,9	24
1:47:20	41	12,9	23
1:47:30	41	12,9	23
1:47:40	41	12,9	21
1:47:50	41	12,9	20
1:48:00	41	12,9	20
1:48:10	41	12,9	23
1:48:20	41	12,9	20
1:48:30	41	12,9	24
1:48:40	41	12,9	23
1:48:50	41	12,9	23
1:49:00	41	12,9	23
1:49:10	41	12,9	23
1:49:20	41	12,9	24
1:49:30	41	12,9	23
1:49:40	41	12,9	24
1:49:50	41	12,9	23
1:50:00	41	12,9	23
1:50:10	41	12,9	23
1:50:20	41	12,9	23
1:50:30	41	12,9	26
1:50:40	41	12,9	23
1:50:50	41	12,9	24
1:51:00	41	12,9	24
1:51:10	41	12,9	23
1:51:20	41	12,9	26
1:51:30	41	12,8	23
1:51:40	41	12,8	27
1:51:50	41	12,8	21
1:52:00	41	12,8	24
1:52:10	41	12,9	23
1:52:20	41	12,8	24
1:52:30	41	12,9	24
1:52:40	41	12,8	23
1:52:50	41	12,8	24
1:53:00	41	12,8	23
1:53:10	41	12,8	24
1:53:20	41	12,9	23
1:53:30	41	12,8	24
1:53:40	41	12,8	23
1:53:50	41	12,8	23
1:54:00	41	12,8	26
1:54:10	41	12,8	23
1:54:20	41	12,8	24
1:54:30	41	12,8	24
1:54:40	41	12,9	24
1:54:50	41	12,8	24
1:55:00	41	12,8	23
1:55:10	41	12,8	26
1:55:20	41	12,8	23
1:55:30	41	12,8	24
1:55:40	41	12,8	24
1:55:50	41	12,8	23
1:56:00	41	12,8	24
1:56:10	41	12,8	22
1:56:20	41	12,8	22
1:56:30	41	12,7	20
1:56:40	41	12,8	21
1:56:50	41	12,8	20
1:57:00	41	12,8	20
1:57:10	41	12,7	20
1:57:20	41	12,8	20
1:57:30	41	12,8	22
1:57:40	41	12,8	23
1:57:50	41	12,8	24
1:58:00	41	12,8	23
1:58:10	41	12,8	24
1:58:20	41	12,8	24
1:58:30	41	12,8	23
1:58:40	41	12,8	21
1:58:50	41	12,8	23
1:59:00	41	12,8	24
1:59:10	41	12,7	24
1:59:20	41	12,8	24
1:59:30	41	12,8	23
1:59:40	41	12,8	20
1:59:50	41	12,8	23
2:00:00	41	12,8	20
2:00:10	41	12,8	21
2:00:20	41	12,8	20
2:00:30	41	12,8	20
2:00:40	41	12,7	20
2:00:50	41	12,8	20
2:01:00	41	12,8	21
2:01:10	41	12,8	20
2:01:20	41	12,8	25
2:01:30	41	12,8	24
2:01:40	41	12,8	25
2:01:50	41	12,8	21
2:02:00	41	12,8	20
2:02:10	41	12,7	22
2:02:20	41	12,7	22
2:02:30	41	12,7	24
2:02:40	41	12,7	23
2:02:50	41	12,7	22
2:03:00	41	12,7	23
2:03:10	41	12,7	20
2:03:20	41	12,7	26
2:03:30	41	12,7	23
2:03:40	41	12,7	26
2:03:50	41	12,7	24
2:04:00	41	12,7	24
2:04:10	41	12,7	23
2:04:20	41	12,7	23
2:04:30	41	12,7	26
2:04:40	41	12,7	23
2:04:50	41	12,7	25
2:05:00	41	12,7	22
2:05:10	41	12,7	23
2:05:20	41	12,7	22
2:05:30	41	12,7	22
2:05:40	41	12,7	22
2:05:50	41	12,7	22
2:06:00	41	12,7	25
2:06:10	41	12,7	22
2:06:20	41	12,7	24
2:06:30	41	12,7	23
2:06:40	41	12,7	22
2:06:50	41	12,7	23
2:07:00	41	12,7	22
2:07:10	41	12,7	24
2:07:20	41	12,7	22
2:07:30	41	12,7	23
2:07:40	41	12,7	23
2:07:50	41	12,7	23
2:08:00	41	12,7	22
2:08:10	41	12,7	22
2:08:20	41	12,7	23
2:08:30	41	12,7	23
2:08:40	41	12,7	24
2:08:50	41	12,8	23
2:09:00	41	12,7	23
2:09:10	41	12,7	23
2:09:20	41	12,7	22
2:09:30	41	12,7	23
2:09:40	41	12,7	22
2:09:50	41	12,7	22
2:10:00	41	12,7	23
2:10:10	41	12,7	22
2:10:20	41	12,6	22
2:10:30	41	12,6	22
2:10:40	41	12,6	23
2:10:50	41	12,6	23
2:11:00	41	12,6	22
2:11:10	41	12,6	24
2:11:20	41	12,6	24
2:11:30	41	12,6	21
2:11:40	41	12,6	24
2:11:50	41	12,6	25
2:12:00	41	12,6	21
2:12:10	41	12,6	22
2:12:20	41	12,6	22
2:12:30	41	12,6	22
2:12:40	41	12,6	21
2:12:50	41	12,6	21
2:13:00	41	12,6	22
2:13:10	41	12,6	21
2:13:20	41	12,6	22
2:13:30	41	12,6	21
2:13:40	41	12,6	22
2:13:50	41	12,6	21
2:14:00	41	12,6	21
2:14:10	41	12,6	22
2:14:20	41	12,6	21
2:14:30	41	12,6	23
2:14:40	41	12,6	22
2:14:50	41	12,6	22
2:15:00	41	12,6	21
2:15:10	41	12,6	21
2:15:20	41	12,6	22
2:15:30	41	12,6	21
2:15:40	41	12,6	22
2:15:50	41	12,6	21
2:16:00	41	12,6	22
2:16:10	41	12,6	21
2:16:20	41	12,7	21
2:16:30	41	12,6	22
2:16:40	41	12,6	21
2:16:50	41	12,6	22
2:17:00	41	12,6	21
2:17:10	41	12,6	22
2:17:20	41	12,6	22
2:17:30	41	12,6	22
2:17:40	41	12,6	23
2:17:50	41	12,6	22
2:18:00	41	12,6	23
2:18:10	41	12,6	22
2:18:20	41	12,5	23
2:18:30	41	12,5	22
2:18:40	41	12,5	22
2:18:50	41	12,5	23
2:19:00	41	12,4	23
2:19:10	41	12,4	23
2:19:20	41	12,4	23
2:19:30	41	12,4	25
2:19:40	41	12,4	25
2:19:50	41	12,4	24
2:20:00	41	12,4	24
2:20:10	41	12,4	23
2:20:20	41	12,3	25
2:20:30	41	12,3	23
2:20:40	41	12,3	24
2:20:50	41	12,3	24
2:21:00	41	12,2	24
2:21:10	41	12,2	24
2:21:20	41	12,2	23
2:21:30	41	12,2	25
2:21:40	41	12,2	24
2:21:50	41	12,2	24
2:22:00	41	12,1	24
2:22:10	41	12,1	24
2:22:20	41	12,1	24
2:22:30	41	12,1	25
2:22:40	41	12,1	25
2:22:50	41	12,1	24
2:23:00	41	12,1	25
2:23:10	41	12,1	24
2:23:20	41	12,1	24
2:23:30	41	12,1	24
2:23:40	41	12,1	24
2:23:50	41	12,1	25
2:24:00	41	12,0	24
2:24:10	41	12,1	25
2:24:20	41	12,1	24
2:24:30	41	12,0	25
2:24:40	41	12,0	24
2:24:50	41	12,0	25
2:25:00	41	12,0	25
2:25:10	41	12,0	25
2:25:20	41	12,0	26
2:25:30	41	12,0	25
2:25:40	41	12,0	26
2:25:50	41	12,0	25
2:26:00	41	12,0	28
2:26:10	41	12,0	28
2:26:20	41	12,0	28
2:26:30	41	12,0	27
2:26:40	41	11,9	26
2:26:50	41	11,9	26
2:27:00	41	11,9	25
2:27:10	41	11,9	25
2:27:20	41	11,9	29
2:27:30	41	11,9	26
2:27:40	41	11,9	26
2:27:50	41	11,9	25
2:28:00	41	11,9	26
2:28:10	41	11,9	31
2:28:20	41	11,9	26
2:28:30	41	11,9	26
2:28:40	41	11,8	26
2:28:50	41	11,8	32
2:29:00	41	11,9	31
2:29:10	41	11,8	26
2:29:20	41	11,8	30
2:29:30	41	11,8	31
2:29:40	41	11,8	30
2:29:50	41	11,8	32
2:30:00	41	11,8	33
2:30:10	41	11,8	31
2:30:20	41	11,8	33
2:30:30	41	11,8	31
2:30:40	41	11,8	33
2:30:50	41	11,8	32
2:31:00	41	11,8	33
2:31:10	41	11,8	31
2:31:20	41	11,8	30
2:31:30	41	11,8	31
2:31:40	41	11,8	30
2:31:50	41	11,8	32
2:32:00	41	11,8	31
2:32:10	41	11,8	30
2:32:20	41	11,8	32
2:32:30	41	11,8	32
2:32:40	41	11,8	34
2:32:50	41	11,8	32
2:33:00	41	11,8	34
2:33:10	41	11,8	33
2:33:20	41	11,8	33
2:33:30	41	11,8	34
2:33:40	41	11,8	29
2:33:50	41	11,8	32
2:34:00	41	11,8	30
2:34:10	41	11,8	31
2:34:20	41	11,8	30
2:34:30	41	11,8	31
2:34:40	41	11,8	31
2:34:50	41	11,8	30
2:35:00	41	11,8	31
2:35:10	41	11,8	30
2:35:20	41	11,8	31
2:35:30	41	11,8	31
2:35:40	41	11,8	32
2:35:50	41	11,8	32
2:36:00	41	11,9	33
2:36:10	41	11,9	34
2:36:20	41	11,8	41
2:36:30	41	11,8	32
2:36:40	41	11,8	34
2:36:50	41	11,8	31
2:37:00	41	11,8	31
2:37:10	41	11,8	30
2:37:20	41	11,8	32
2:37:30	41	11,8	29
2:37:40	41	11,8	32
2:37:50	41	11,8	31
2:38:00	41	11,9	31
2:38:10	41	11,8	27
2:38:20	41	11,8	31
2:38:30	41	11,8	32
2:38:40	41	11,9	31
2:38:50	41	11,8	33
2:39:00	41	11,8	31
2:39:10	41	11,8	31
2:39:20	41	11,8	32
2:39:30	41	11,8	32
2:39:40	41	11,9	32
2:39:50	41	11,9	31
2:40:00	41	11,8	33
2:40:10	41	11,8	31
2:40:20	41	11,8	32
2:40:30	41	11,8	32
2:40:40	41	11,8	29
2:40:50	41	11,8	30
2:41:00	41	11,8	30
2:41:10	41	11,8	30
2:41:20	41	11,8	30
2:41:30	41	11,8	27
2:41:40	41	11,8	31
2:41:50	41	11,8	30
2:42:00	41	11,7	31
2:42:10	41	11,8	30
2:42:20	41	11,7	28
2:42:30	41	11,7	28
2:42:40	41	11,7	31
2:42:50	41	11,7	33
2:43:00	41	11,7	31
2:43:10	41	11,7	33
2:43:20	41	11,7	32
2:43:30	41	11,7	33
2:43:40	41	11,7	33
2:43:50	41	11,7	32
2:44:00	41	11,7	32
2:44:10	41	11,6	31
2:44:20	41	11,6	32
2:44:30	41	11,6	31
2:44:40	41	11,6	32
2:44:50	41	11,6	35
2:45:00	41	11,5	33
2:45:10	41	11,5	33
2:45:20	41	11,5	32
2:45:30	41	11,5	33
2:45:40	41	11,5	33
2:45:50	41	11,5	33
2:46:00	41	11,4	32
2:46:10	41	11,4	31
2:46:20	41	11,4	32
2:46:30	41	11,4	32
2:46:40	41	11,4	33
2:46:50	41	11,4	32
2:47:00	41	11,4	32
2:47:10	41	11,3	32
2:47:20	41	11,3	32
2:47:30	41	11,3	32
2:47:40	41	11,3	32
2:47:50	41	11,3	33
2:48:00	41	11,3	32
2:48:10	41	11,3	33
2:48:20	41	11,3	32
2:48:30	41	11,2	32
2:48:40	41	11,2	33
2:48:50	41	11,2	32
2:49:00	41	11,3	32
2:49:10	41	11,2	31
2:49:20	41	11,2	32
2:49:30	41	11,2	33
2:49:40	41	11,2	33
2:49:50	41	11,2	32
2:50:00	41	11,2	31
2:50:10	41	11,2	31
2:50:20	41	11,2	32
2:50:30	41	11,2	33
2:50:40	41	11,2	32
2:50:50	41	11,2	32
2:51:00	41	11,1	33
2:51:10	41	11,1	33
2:51:20	41	11,1	33
2:51:30	41	11,1	33
2:51:40	41	11,1	33
2:51:50	41	11,1	33
2:52:00	41	11,1	33
2:52:10	41	11,1	33
2:52:20	41	11,1	33
2:52:30	41	11,0	33
2:52:40	41	11,1	33
2:52:50	41	11,0	34
2:53:00	41	11,0	33
2:53:10	41	11,0	33
2:53:20	41	11,0	33
2:53:30	41	11,0	33
2:53:40	41	11,0	33
2:53:50	41	11,0	33
2:54:00	41	11,0	33
2:54:10	41	11,0	33
2:54:20	41	11,0	33
2:54:30	41	11,0	33
2:54:40	41	10,9	33
2:54:50	41	10,9	33
2:55:00	41	10,9	33
2:55:10	41	10,9	33
2:55:20	41	10,9	33
2:55:30	41	10,9	33
2:55:40	41	10,9	33
2:55:50	41	10,9	33
2:56:00	41	10,9	34
2:56:10	41	10,9	34
2:56:20	41	10,9	34
2:56:30	41	10,9	33
2:56:40	41	10,8	34
2:56:50	41	10,8	33
2:57:00	41	10,9	33
2:57:10	41	10,8	33
2:57:20	41	10,8	33
2:57:30	41	10,8	33
2:57:40	41	10,8	33
2:57:50	41	10,8	33
2:58:00	41	10,8	33
2:58:10	41	10,8	33
2:58:20	41	10,8	33
2:58:30	41	10,8	33
2:58:40	41	10,8	34
2:58:50	41	10,8	41
2:59:00	41	10,8	40
2:59:10	41	10,7	35
2:59:20	41	10,7	35
2:59:30	41	10,7	40
2:59:40	41	10,7	34
2:59:50	41	10,7	34
3:00:00	41	10,7	34
3:00:10	41	10,7	34
3:00:20	41	10,7	35
3:00:30	41	10,7	35
3:00:40	41	10,7	34
3:00:50	41	10,7	35
3:01:00	41	10,6	34
3:01:10	41	10,6	34
3:01:20	41	10,6	34
3:01:30	41	10,6	35
3:01:40	41	10,6	34
3:01:50	41	10,6	34
3:02:00	41	10,6	33
3:02:10	41	10,6	32
3:02:20	41	10,6	32
3:02:30	41	10,6	32
3:02:40	41	10,6	32
3:02:50	41	10,5	33
3:03:00	41	10,6	32
3:03:10	41	10,5	33
3:03:20	41	10,5	32
3:03:30	41	10,5	33
3:03:40	41	10,5	33
3:03:50	41	10,5	32
3:04:00	41	10,5	33
3:04:10	41	10,5	34
3:04:20	41	10,5	35
3:04:30	41	10,5	35
3:04:40	41	10,5	37
3:04:50	41	10,5	36
3:05:00	41	10,5	37
3:05:10	41	10,4	39
3:05:20	41	10,5	38
3:05:30	41	10,4	38
3:05:40	41	10,4	34
3:05:50	41	10,4	34
3:06:00	41	10,4	34
3:06:10	41	10,4	34
3:06:20	41	10,4	34
3:06:30	41	10,4	34
3:06:40	41	10,4	44
3:06:50	41	10,4	44
3:07:00	41	10,4	45
3:07:10	41	10,4	42
3:07:20	41	10,4	42
3:07:30	41	10,4	43
3:07:40	41	10,3	44
3:07:50	41	10,3	44
3:08:00	41	10,4	42
3:08:10	41	10,3	44
3:08:20	41	10,3	43
3:08:30	41	10,3	44
3:08:40	41	10,3	45
3:08:50	41	10,3	43
3:09:00	41	10,3	45
3:09:10	41	10,3	36
3:09:20	41	10,3	48
3:09:30	41	10,2	41
3:09:40	41	10,2	37
3:09:50	41	10,2	45
3:10:00	41	10,2	39
3:10:10	41	10,2	39
3:10:20	41	10,2	40
3:10:30	41	10,2	42
3:10:40	41	10,2	41
3:10:50	41	10,2	40
3:11:00	41	10,2	41
3:11:10	41	10,2	45
3:11:20	41	10,2	45
3:11:30	41	10,2	45
3:11:40	41	10,2	47
3:11:50	41	10,2	45
3:12:00	41	10,2	37
3:12:10	41	10,2	37
3:12:20	41	10,2	36
3:12:30	41	10,3	37
3:12:40	41	10,2	37
3:12:50	41	10,3	37
3:13:00	41	10,2	37
3:13:10	41	10,3	43
3:13:20	41	10,3	48
3:13:30	41	10,3	36
3:13:40	41	10,3	47
3:13:50	41	10,3	37
3:14:00	41	10,3	51
3:14:10	41	10,3	37
3:14:20	41	10,3	37
3:14:30	41	10,3	38
3:14:40	41	10,4	47
3:14:50	41	10,4	38
3:15:00	41	10,4	49
3:15:10	41	10,4	49
3:15:20	41	10,4	48
3:15:30	41	10,4	48
3:15:40	41	10,4	37
3:15:50	41	10,4	41
3:16:00	41	10,5	44
3:16:10	41	10,5	37
3:16:20	41	10,5	49
3:16:30	41	10,5	38
3:16:40	41	10,5	47
3:16:50	41	10,5	38
3:17:00	41	10,5	38
3:17:10	41	10,5	41
3:17:20	41	10,6	49
3:17:30	41	10,6	48
3:17:40	41	10,6	37
3:17:50	41	10,6	37
3:18:00	41	10,6	38
3:18:10	41	10,6	39
3:18:20	41	10,6	47
3:18:30	41	10,7	51
3:18:40	41	10,7	46
3:18:50	41	10,7	43
3:19:00	41	10,7	49
3:19:10	41	10,7	38
3:19:20	41	10,7	43
3:19:30	41	10,7	38
3:19:40	41	10,7	38
3:19:50	41	10,7	47
3:20:00	41	10,7	37
3:20:10	41	10,7	38
3:20:20	41	10,8	37
3:20:30	41	10,7	38
3:20:40	41	10,7	38
3:20:50	41	10,7	37
3:21:00	41	10,7	38
3:21:10	41	10,7	37
3:21:20	41	10,7	37
3:21:30	41	10,7	37
3:21:40	41	10,7	37
3:21:50	41	10,7	37
3:22:00	41	10,8	36
3:22:10	41	10,8	38
3:22:20	41	10,8	37
3:22:30	41	10,8	37
3:22:40	41	10,7	37
3:22:50	41	10,7	36
3:23:00	41	10,7	37
3:23:10	41	10,7	36
3:23:20	41	10,7	37
3:23:30	41	10,7	36
3:23:40	41	10,7	37
3:23:50	41	10,7	37
3:24:00	41	10,7	36
3:24:10	41	10,7	37
3:24:20	41	10,7	36
3:24:30	41	10,7	37
3:24:40	41	10,7	36
3:24:50	41	10,6	37
3:25:00	41	10,6	37
3:25:10	41	10,6	37
3:25:20	41	10,6	37
3:25:30	41	10,5	37
3:25:40	41	10,5	38
3:25:50	41	10,5	37
3:26:00	41	10,5	37
3:26:10	41	10,4	46
3:26:20	41	10,4	45
3:26:30	41	10,4	47
3:26:40	41	10,4	44
3:26:50	41	10,3	44
3:27:00	41	10,3	46
3:27:10	41	10,3	47
3:27:20	41	10,3	46
3:27:30	41	10,3	45
3:27:40	41	10,3	44
3:27:50	41	10,2	42
3:28:00	41	10,2	41
3:28:10	41	10,2	41
3:28:20	41	10,2	47
3:28:30	41	10,2	44
3:28:40	41	10,2	45
3:28:50	41	10,2	43
3:29:00	41	10,1	41
3:29:10	41	10,1	41
3:29:20	41	10,1	44
3:29:30	41	10,1	43
3:29:40	41	10,1	45
3:29:50	41	10,0	43
3:30:00	41	10,0	43
3:30:10	41	10,0	42
3:30:20	41	10,0	43
3:30:30	41	10,0	42
3:30:40	41	10,0	42
3:30:50	41	10,0	43
3:31:00	41	10,0	41
3:31:10	41	9,9	42
3:31:20	41	9,9	42
3:31:30	41	9,9	42
3:31:40	41	9,9	41
3:31:50	41	9,9	42
3:32:00	41	9,9	42
3:32:10	41	9,9	43
3:32:20	41	9,9	41
3:32:30	41	9,9	43
3:32:40	41	9,8	41
3:32:50	41	9,8	39
3:33:00	41	9,8	39
3:33:10	41	9,8	38
3:33:20	41	9,8	40
3:33:30	41	9,8	39
3:33:40	41	9,8	38
3:33:50	41	9,8	39
3:34:00	41	9,8	37
3:34:10	41	9,8	38
3:34:20	41	9,8	43
3:34:30	41	9,7	44
3:34:40	41	9,7	41
3:34:50	41	9,7	43
3:35:00	41	9,7	42
3:35:10	41	9,7	41
3:35:20	41	9,7	40
3:35:30	41	9,7	44
3:35:40	41	9,7	40
3:35:50	41	9,7	40
3:36:00	41	9,7	40
3:36:10	41	9,6	39
3:36:20	41	9,6	39
3:36:30	41	9,6	40
3:36:40	41	9,6	36
3:36:50	41	9,6	39
3:37:00	41	9,6	37
3:37:10	41	9,6	37
3:37:20	41	9,6	38
3:37:30	41	9,6	37
3:37:40	41	9,6	38
3:37:50	41	9,6	38
3:38:00	41	9,6	38
3:38:10	41	9,5	38
3:38:20	41	9,5	37
3:38:30	41	9,5	38
3:38:40	41	9,5	37
3:38:50	41	9,5	38
3:39:00	41	9,5	38
3:39:10	41	9,5	38
3:39:20	41	9,5	37
3:39:30	41	9,5	38
3:39:40	41	9,5	37
3:39:50	41	9,5	37
3:40:00	41	9,5	38
3:40:10	41	9,4	38
3:40:20	41	9,4	38
3:40:30	41	9,4	38
3:40:40	41	9,4	38
3:40:50	41	9,4	37
3:41:00	41	9,4	38
3:41:10	41	9,4	38
3:41:20	41	9,4	44
3:41:30	41	9,4	40
3:41:40	41	9,4	39
3:41:50	41	9,4	41
3:42:00	41	9,4	43
3:42:10	41	9,3	43
3:42:20	41	9,3	40
3:42:30	41	9,3	41
3:42:40	41	9,3	41
3:42:50	41	9,3	42
3:43:00	41	9,4	47
3:43:10	41	9,4	48
3:43:20	41	9,3	43
3:43:30	41	9,3	38
3:43:40	41	9,3	46
3:43:50	41	9,3	42
3:44:00	41	9,3	44
3:44:10	41	9,2	37
3:44:20	41	9,2	36
3:44:30	41	9,2	37
3:44:40	41	9,2	37
3:44:50	41	9,2	45
3:45:00	41	9,2	38
3:45:10	41	9,2	36
3:45:20	41	9,2	46
3:45:30	41	9,2	42
3:45:40	41	9,2	45
3:45:50	41	9,2	44
3:46:00	41	9,2	43
3:46:10	41	9,2	38
3:46:20	41	9,2	37
3:46:30	41	9,1	39
3:46:40	41	9,1	37
3:46:50	41	9,1	38
3:47:00	41	9,1	38
3:47:10	41	9,1	37
3:47:20	41	9,1	38
3:47:30	41	9,1	37
3:47:40	41	9,1	39
3:47:50	41	9,1	37
3:48:00	41	9,1	38
3:48:10	41	9,1	38
3:48:20	41	9,1	38
3:48:30	41	9,1	39
3:48:40	41	9,1	37
3:48:50	41	9,0	39
3:49:00	41	9,0	38
3:49:10	41	9,0	39
3:49:20	41	9,0	39
3:49:30	41	9,0	38
3:49:40	41	9,0	40
3:49:50	41	9,0	38
3:50:00	41	9,0	40
3:50:10	41	9,0	38
3:50:20	41	9,0	40
3:50:30	41	9,0	39
3:50:40	41	9,0	39
3:50:50	41	8,9	40
3:51:00	41	8,9	38
3:51:10	41	8,9	41
3:51:20	41	8,9	39
3:51:30	41	8,9	40
3:51:40	41	8,9	40
3:51:50	41	8,9	40
3:52:00	41	8,9	40
3:52:10	41	8,9	39
3:52:20	41	8,9	41
3:52:30	41	8,8	40
3:52:40	41	8,9	41
3:52:50	41	8,9	40
3:53:00	41	8,9	41
3:53:10	41	8,9	40
3:53:20	41	8,8	40
3:53:30	41	8,8	41
3:53:40	41	8,8	40
3:53:50	41	8,8	42
3:54:00	41	8,8	40
3:54:10	41	8,8	42
3:54:20	41	8,8	40
3:54:30	41	8,8	41
3:54:40	41	8,8	42
3:54:50	41	8,8	41
3:55:00	41	8,8	43
3:55:10	41	8,7	41
3:55:20	41	8,7	43
3:55:30	41	8,7	40
3:55:40	41	8,7	42
3:55:50	41	8,7	42
3:56:00	41	8,7	41
3:56:10	41	8,7	43
3:56:20	41	8,7	42
3:56:30	41	8,7	44
3:56:40	41	8,7	42
3:56:50	41	8,7	43
3:57:00	41	8,7	43
3:57:10	41	8,7	48
3:57:20	41	8,6	55
3:57:30	41	8,6	53
3:57:40	41	8,6	55
3:57:50	41	8,6	51
3:58:00	41	8,6	52
3:58:10	41	8,6	52
3:58:20	41	8,6	51
3:58:30	41	8,6	53
3:58:40	41	8,6	50
3:58:50	41	8,6	50
3:59:00	41	8,6	47
3:59:10	41	8,6	48
3:59:20	41	8,6	48
3:59:30	41	8,6	48
3:59:40	41	8,6	48
3:59:50	41	8,6	47
4:00:00	41	8,6	54
4:00:10	41	8,6	50
4:00:20	41	8,5	50
4:00:30	41	8,5	48
4:00:40	41	8,5	49
4:00:50	41	8,5	49
4:01:00	41	8,5	48
4:01:10	41	8,5	50
4:01:20	41	8,5	47
4:01:30	41	8,5	49
4:01:40	41	8,5	48
4:01:50	41	8,5	49
4:02:00	41	8,5	49
4:02:10	41	8,5	48
4:02:20	41	8,5	50
4:02:30	41	8,5	48
4:02:40	41	8,5	52
4:02:50	41	8,5	53
4:03:00	41	8,6	54
4:03:10	41	8,5	53
4:03:20	41	8,5	52
4:03:30	41	8,5	53
4:03:40	41	8,6	52
4:03:50	41	8,6	63
4:04:00	41	8,6	53
4:04:10	41	8,6	54
4:04:20	41	8,6	52
4:04:30	41	8,6	54
4:04:40	41	8,6	53
4:04:50	41	8,6	52
4:05:00	41	8,6	62
4:05:10	41	8,6	52
4:05:20	41	8,6	53
4:05:30	41	8,6	51
4:05:40	41	8,7	54
4:05:50	41	8,7	52
4:06:00	41	8,7	50
4:06:10	41	8,7	53
4:06:20	41	8,7	51
4:06:30	41	8,7	53
4:06:40	41	8,7	50
4:06:50	41	8,8	52
4:07:00	41	8,7	50
4:07:10	41	8,8	57
4:07:20	41	8,8	55
4:07:30	41	8,8	56
4:07:40	41	8,9	56
4:07:50	41	8,9	53
4:08:00	41	8,9	54
4:08:10	41	8,9	53
4:08:20	41	8,9	60
4:08:30	41	8,9	56
4:08:40	41	8,9	55
4:08:50	41	9,0	56
4:09:00	41	9,0	62
4:09:10	41	9,0	79
4:09:20	41	9,0	77
4:24:19			
4:24:19			
4:24:29	41	8,3	67
4:24:39	41	8,3	68
4:24:49	41	8,3	67
4:24:59	41	8,3	68
4:25:09	41	8,2	67
4:25:19	41	8,2	67
4:25:29	41	8,2	68
4:25:39	41	8,2	67
4:25:49	41	8,2	68
4:25:59	41	8,2	67
4:26:09	41	8,2	68
4:26:19	41	8,2	74
4:26:29	41	8,2	70
4:26:39	41	8,2	69
4:26:49	41	8,1	68
4:26:59	41	8,1	68
4:27:09	41	8,1	68
4:27:19	41	8,1	69
4:27:29	41	8,1	72
4:27:39	41	8,1	70
4:27:49	41	8,1	69
4:27:59	41	8,1	69
4:28:09	41	8,1	69
4:28:19	41	8,1	69
4:28:29	41	8,1	69
4:28:39	41	8,1	69
4:28:49	41	8,1	69
4:28:59	41	8,1	69
4:29:09	41	8,0	69
4:29:19	41	8,0	69
4:29:29	41	8,0	69
4:29:39	41	8,0	70
4:29:49	41	8,0	70
4:29:59	41	8,0	70
4:30:09	41	8,0	70
4:30:19	41	8,0	70
