--Test Summary--
Full Path and File Name	
Instrument Name	7222
Instrument Type	Model 7222 Consistometer
Instrument Serial Number	
Test Start Date	27.09.2021
Test Start Time	16:30:43
Test Stop Date	27.09.2021
Test Stop Time	23:58:23
Test Length	7:27:40
Final Sample Time Offset	7:27:40
Controller Schedule Name	
Sampling Period	10 seconds
Comments	
Information	WellID	
Information	Customer	
Information	EngName	
Information	CementClass	G
Information	CementMfr	—ÛıÓÈ ÀÓ„
Information	Additives	90G+10ASPM+1CFL-160
Information	Density	1500
Information	BHCT	40
Information	BHST	
Information	FluidLoss	
Information	JobType	
Calculated Value	Time_30Bc	5:53:00
Calculated Value	Time_70Bc	7:27:40
Initial Temperature (∞C)	26 ∞C
Final Temperature (∞C)	41 ∞C
Initial Pressure (MPa)	0,5 MPa
Final Pressure (MPa)	0,4 MPa
Initial Consistency (Bc)	10 Bc
Final Consistency (Bc)	70 Bc
--Data--
Time (HH:MM:SS)	Temperature (∞C)	Pressure (MPa)	Consistency (Bc)
0:00:00	26	0,5	10
0:00:10	26	0,5	11
0:00:20	26	0,5	11
0:00:30	26	0,5	11
0:00:40	27	0,5	11
0:00:50	27	0,5	11
0:01:00	27	0,5	11
0:01:10	27	0,5	11
0:01:20	27	0,5	11
0:01:30	27	0,5	11
0:01:40	27	0,5	11
0:01:50	28	0,5	11
0:02:00	28	0,5	11
0:02:10	28	0,5	11
0:02:20	28	0,5	11
0:02:30	28	0,5	11
0:02:40	28	0,5	11
0:02:50	28	0,5	11
0:03:00	29	0,5	11
0:03:10	29	0,5	11
0:03:20	29	0,5	11
0:03:30	29	0,5	11
0:03:40	29	0,5	11
0:03:50	29	0,5	11
0:04:00	29	0,5	11
0:04:10	29	0,5	11
0:04:20	29	0,5	11
0:04:30	30	0,5	11
0:04:40	30	0,5	11
0:04:50	30	0,5	11
0:05:00	30	0,5	10
0:05:10	30	0,5	11
0:05:20	30	0,5	11
0:05:30	30	0,5	10
0:05:40	30	0,5	11
0:05:50	30	0,5	11
0:06:00	30	0,5	11
0:06:10	30	0,5	11
0:06:20	30	0,5	11
0:06:30	30	0,5	11
0:06:40	31	0,5	10
0:06:50	31	0,5	11
0:07:00	31	0,5	11
0:07:10	31	0,5	10
0:07:20	31	0,5	11
0:07:30	31	0,5	11
0:07:40	31	0,5	10
0:07:50	31	0,6	11
0:08:00	31	0,5	11
0:08:10	31	0,5	10
0:08:20	31	0,6	11
0:08:30	31	0,5	11
0:08:40	31	0,6	11
0:08:50	31	0,5	11
0:09:00	31	0,5	11
0:09:10	31	0,5	11
0:09:20	31	0,6	11
0:09:30	32	0,6	11
0:09:40	32	0,6	11
0:09:50	32	0,6	10
0:10:00	32	0,6	11
0:10:10	32	0,5	11
0:10:20	32	0,6	11
0:10:30	32	0,5	11
0:10:40	32	0,5	11
0:10:50	32	0,6	11
0:11:00	32	0,6	11
0:11:10	32	0,5	11
0:11:20	32	0,5	11
0:11:30	32	0,5	11
0:11:40	32	0,5	11
0:11:50	32	0,5	11
0:12:00	32	0,5	11
0:12:10	32	0,5	11
0:12:20	32	0,5	10
0:12:30	32	0,5	10
0:12:40	32	0,5	11
0:12:50	32	0,5	11
0:13:00	32	0,5	10
0:13:10	32	0,5	11
0:13:20	32	0,5	11
0:13:30	32	0,6	10
0:13:40	32	0,6	11
0:13:50	32	0,6	11
0:14:00	33	0,6	10
0:14:10	32	0,6	10
0:14:20	33	0,6	11
0:14:30	33	0,6	10
0:14:40	33	0,7	10
0:14:50	33	0,7	11
0:15:00	33	0,7	10
0:15:10	33	0,8	10
0:15:20	33	0,8	11
0:15:30	33	0,8	11
0:15:40	33	0,9	10
0:15:50	33	0,9	10
0:16:00	33	0,9	11
0:16:10	33	1,0	10
0:16:20	33	1,0	10
0:16:30	33	1,0	11
0:16:40	33	1,0	10
0:16:50	33	1,1	10
0:17:00	33	1,1	11
0:17:10	34	1,1	11
0:17:20	34	1,2	10
0:17:30	34	1,2	11
0:17:40	34	1,2	11
0:17:50	34	1,3	10
0:18:00	34	1,3	11
0:18:10	34	1,3	11
0:18:20	34	1,4	10
0:18:30	34	1,4	10
0:18:40	34	1,4	11
0:18:50	34	1,4	10
0:19:00	35	1,5	10
0:19:10	35	1,5	11
0:19:20	35	1,5	10
0:19:30	35	1,6	10
0:19:40	35	1,6	10
0:19:50	35	1,6	11
0:20:00	35	1,7	10
0:20:10	35	1,7	10
0:20:20	35	1,7	11
0:20:30	35	1,8	10
0:20:40	35	1,8	10
0:20:50	36	1,8	10
0:21:00	36	1,9	10
0:21:10	36	1,9	10
0:21:20	36	1,9	10
0:21:30	36	2,0	10
0:21:40	36	2,0	10
0:21:50	36	2,0	10
0:22:00	36	2,1	10
0:22:10	36	2,1	10
0:22:20	36	2,1	10
0:22:30	36	2,2	10
0:22:40	37	2,2	10
0:22:50	37	2,2	10
0:23:00	37	2,3	10
0:23:10	37	2,3	10
0:23:20	37	2,3	10
0:23:30	37	2,4	10
0:23:40	37	2,4	10
0:23:50	37	2,4	10
0:24:00	37	2,5	10
0:24:10	37	2,5	10
0:24:20	37	2,5	10
0:24:30	38	2,6	10
0:24:40	38	2,6	10
0:24:50	38	2,7	10
0:25:00	38	2,7	10
0:25:10	38	2,7	10
0:25:20	38	2,8	10
0:25:30	38	2,8	10
0:25:40	38	2,8	10
0:25:50	38	2,9	10
0:26:00	38	2,9	10
0:26:10	38	2,9	10
0:26:20	39	3,0	10
0:26:30	39	3,0	10
0:26:40	39	3,1	10
0:26:50	39	3,1	10
0:27:00	39	3,1	10
0:27:10	39	3,2	10
0:27:20	39	3,2	10
0:27:30	39	3,2	10
0:27:40	39	3,3	10
0:27:50	39	3,3	10
0:28:00	40	3,3	10
0:28:10	40	3,3	10
0:28:20	40	3,4	10
0:28:30	40	3,4	10
0:28:40	40	3,4	10
0:28:50	40	3,5	10
0:29:00	40	3,5	10
0:29:10	40	3,6	10
0:29:20	40	3,6	10
0:29:30	40	3,7	10
0:29:40	40	3,7	10
0:29:50	40	3,7	10
0:30:00	41	3,7	10
0:30:10	41	3,7	10
0:30:20	41	3,7	10
0:30:30	41	3,7	10
0:30:40	41	3,6	10
0:30:50	41	3,6	10
0:31:00	41	3,5	10
0:31:10	41	3,4	10
0:31:20	41	3,3	10
0:31:30	41	3,3	10
0:31:40	41	3,2	10
0:31:50	41	3,1	10
0:32:00	41	3,0	10
0:32:10	41	3,0	10
0:32:20	41	2,9	10
0:32:30	41	2,9	10
0:32:40	41	2,8	10
0:32:50	41	2,8	10
0:33:00	41	2,8	10
0:33:10	41	2,7	10
0:33:20	41	2,7	10
0:33:30	41	2,7	10
0:33:40	41	2,6	10
0:33:50	41	2,6	10
0:34:00	41	2,6	10
0:34:10	41	2,6	10
0:34:20	41	2,6	10
0:34:30	41	2,5	10
0:34:40	41	2,5	10
0:34:50	41	2,5	10
0:35:00	41	2,5	10
0:35:10	41	2,5	10
0:35:20	41	2,4	10
0:35:30	41	2,4	10
0:35:40	41	2,4	10
0:35:50	41	2,4	10
0:36:00	41	2,4	10
0:36:10	41	2,4	10
0:36:20	41	2,3	10
0:36:30	41	2,3	10
0:36:40	41	2,3	10
0:36:50	41	2,3	10
0:37:00	41	2,3	10
0:37:10	41	2,3	10
0:37:20	41	2,3	10
0:37:30	41	2,3	10
0:37:40	41	2,3	10
0:37:50	41	2,3	10
0:38:00	41	2,3	10
0:38:10	41	2,3	10
0:38:20	41	2,3	10
0:38:30	41	2,3	10
0:38:40	41	2,2	10
0:38:50	41	2,2	10
0:39:00	41	2,2	10
0:39:10	41	2,2	10
0:39:20	41	2,2	10
0:39:30	41	2,2	10
0:39:40	41	2,2	10
0:39:50	41	2,2	10
0:40:00	41	2,2	10
0:40:10	41	2,2	10
0:40:20	41	2,2	10
0:40:30	41	2,2	10
0:40:40	41	2,2	10
0:40:50	41	2,2	10
0:41:00	41	2,2	10
0:41:10	41	2,2	10
0:41:20	41	2,1	10
0:41:30	41	2,1	10
0:41:40	41	2,1	10
0:41:50	41	2,1	10
0:42:00	41	2,1	10
0:42:10	41	2,1	10
0:42:20	41	2,1	10
0:42:30	41	2,1	10
0:42:40	41	2,1	10
0:42:50	41	2,1	10
0:43:00	41	2,1	10
0:43:10	41	2,1	10
0:43:20	41	2,1	10
0:43:30	41	2,1	11
0:43:40	41	2,1	10
0:43:50	41	2,1	10
0:44:00	41	2,1	11
0:44:10	41	2,1	10
0:44:20	41	2,1	10
0:44:30	41	2,1	11
0:44:40	41	2,1	10
0:44:50	41	2,1	10
0:45:00	41	2,1	11
0:45:10	41	2,1	10
0:45:20	41	2,1	10
0:45:30	41	2,1	11
0:45:40	41	2,1	10
0:45:50	41	2,1	10
0:46:00	41	2,1	11
0:46:10	41	2,1	10
0:46:20	41	2,1	10
0:46:30	41	2,1	11
0:46:40	41	2,1	10
0:46:50	41	2,1	10
0:47:00	41	2,1	11
0:47:10	41	2,1	10
0:47:20	41	2,1	10
0:47:30	41	2,1	10
0:47:40	41	2,1	10
0:47:50	41	2,1	10
0:48:00	41	2,1	10
0:48:10	41	2,1	10
0:48:20	41	2,1	10
0:48:30	41	2,1	10
0:48:40	41	2,1	10
0:48:50	41	2,1	10
0:49:00	41	2,1	10
0:49:10	41	2,1	10
0:49:20	41	2,1	10
0:49:30	41	2,1	10
0:49:40	41	2,1	10
0:49:50	41	2,1	10
0:50:00	41	2,1	10
0:50:10	41	2,1	10
0:50:20	41	2,1	10
0:50:30	41	2,1	10
0:50:40	41	2,1	10
0:50:50	41	2,1	10
0:51:00	41	2,1	10
0:51:10	41	2,1	10
0:51:20	41	2,1	10
0:51:30	41	2,1	10
0:51:40	41	2,1	10
0:51:50	41	2,1	10
0:52:00	41	2,1	10
0:52:10	41	2,1	10
0:52:20	41	2,1	10
0:52:30	41	2,1	10
0:52:40	41	2,1	10
0:52:50	41	2,1	10
0:53:00	41	2,0	10
0:53:10	41	2,0	10
0:53:20	41	2,0	10
0:53:30	41	2,0	10
0:53:40	41	2,0	10
0:53:50	41	2,0	10
0:54:00	41	2,0	10
0:54:10	41	2,0	10
0:54:20	41	2,0	10
0:54:30	41	2,0	10
0:54:40	41	2,0	10
0:54:50	41	2,1	10
0:55:00	41	2,0	10
0:55:10	41	2,0	10
0:55:20	41	2,0	10
0:55:30	41	2,0	10
0:55:40	41	2,0	10
0:55:50	41	2,0	10
0:56:00	41	2,0	10
0:56:10	41	2,0	10
0:56:20	41	2,0	10
0:56:30	41	2,1	10
0:56:40	41	2,0	10
0:56:50	41	2,0	10
0:57:00	41	2,0	10
0:57:10	41	2,0	10
0:57:20	41	2,0	10
0:57:30	41	2,0	10
0:57:40	41	2,0	10
0:57:50	41	2,0	10
0:58:00	41	2,0	10
0:58:10	41	2,0	10
0:58:20	41	2,0	10
0:58:30	41	2,0	10
0:58:40	41	2,0	10
0:58:50	41	2,0	10
0:59:00	41	2,0	10
0:59:10	41	2,0	10
0:59:20	41	2,0	10
0:59:30	41	2,0	10
0:59:40	41	2,0	10
0:59:50	41	2,0	10
1:00:00	41	2,0	10
1:00:10	41	2,0	10
1:00:20	41	2,0	10
1:00:30	41	2,0	10
1:00:40	41	2,0	10
1:00:50	41	2,0	10
1:01:00	41	2,0	10
1:01:10	41	2,0	10
1:01:20	41	2,0	10
1:01:30	41	2,0	10
1:01:40	41	2,0	10
1:01:50	41	2,0	10
1:02:00	41	2,0	10
1:02:10	41	2,0	10
1:02:20	41	2,0	10
1:02:30	41	2,0	10
1:02:40	41	2,0	10
1:02:50	41	2,0	10
1:03:00	41	2,0	10
1:03:10	41	2,0	10
1:03:20	41	2,0	10
1:03:30	41	2,0	10
1:03:40	41	2,0	10
1:03:50	41	2,0	10
1:04:00	41	2,0	10
1:04:10	41	2,0	10
1:04:20	41	2,0	10
1:04:30	41	2,0	10
1:04:40	41	2,0	10
1:04:50	41	2,0	10
1:05:00	41	2,0	10
1:05:10	41	2,0	10
1:05:20	41	2,0	10
1:05:30	41	2,0	10
1:05:40	41	2,0	10
1:05:50	41	2,0	10
1:06:00	41	2,0	10
1:06:10	41	2,0	10
1:06:20	41	2,0	10
1:06:30	41	2,0	10
1:06:40	41	2,0	10
1:06:50	41	2,0	10
1:07:00	41	2,0	10
1:07:10	41	2,0	10
1:07:20	41	2,0	10
1:07:30	41	2,0	10
1:07:40	41	2,0	10
1:07:50	41	2,0	10
1:08:00	41	2,0	10
1:08:10	41	2,0	10
1:08:20	41	2,0	10
1:08:30	41	2,0	10
1:08:40	41	2,0	10
1:08:50	41	2,0	10
1:09:00	41	2,0	10
1:09:10	41	2,0	10
1:09:20	41	2,0	10
1:09:30	41	2,0	10
1:09:40	41	2,0	10
1:09:50	41	2,0	10
1:10:00	41	2,0	10
1:10:10	41	2,0	10
1:10:20	41	2,0	10
1:10:30	41	2,0	10
1:10:40	41	2,0	10
1:10:50	41	2,0	10
1:11:00	41	2,0	10
1:11:10	41	2,0	10
1:11:20	41	2,0	10
1:11:30	41	2,0	10
1:11:40	41	2,0	10
1:11:50	41	2,0	10
1:12:00	41	2,0	10
1:12:10	41	2,0	10
1:12:20	41	2,0	10
1:12:30	41	2,0	10
1:12:40	41	2,0	10
1:12:50	41	2,0	10
1:13:00	41	2,0	10
1:13:10	41	2,0	10
1:13:20	41	2,0	10
1:13:30	41	2,0	10
1:13:40	41	2,0	10
1:13:50	41	2,0	10
1:14:00	41	2,0	10
1:14:10	41	1,9	10
1:14:20	41	1,9	10
1:14:30	41	1,9	10
1:14:40	41	1,9	10
1:14:50	41	1,9	10
1:15:00	41	1,9	10
1:15:10	41	1,9	10
1:15:20	41	1,9	10
1:15:30	41	2,0	10
1:15:40	41	2,0	10
1:15:50	41	2,0	10
1:16:00	41	2,0	10
1:16:10	41	2,0	10
1:16:20	41	2,0	10
1:16:30	41	2,0	10
1:16:40	41	2,0	10
1:16:50	41	1,9	10
1:17:00	41	2,0	10
1:17:10	41	1,9	10
1:17:20	41	1,9	10
1:17:30	41	1,9	10
1:17:40	41	1,9	10
1:17:50	41	2,0	10
1:18:00	41	2,0	10
1:18:10	41	2,0	10
1:18:20	41	1,9	10
1:18:30	41	1,9	10
1:18:40	41	1,9	10
1:18:50	41	1,9	10
1:19:00	41	1,9	10
1:19:10	41	1,9	10
1:19:20	41	1,9	10
1:19:30	41	1,9	10
1:19:40	41	1,9	10
1:19:50	41	1,9	10
1:20:00	41	1,9	10
1:20:10	41	1,9	10
1:20:20	41	1,9	10
1:20:30	41	1,9	10
1:20:40	41	1,9	10
1:20:50	41	1,9	10
1:21:00	41	1,9	10
1:21:10	41	1,9	10
1:21:20	41	1,9	10
1:21:30	41	1,9	10
1:21:40	41	1,9	10
1:21:50	41	1,9	10
1:22:00	41	1,9	10
1:22:10	41	1,9	10
1:22:20	41	1,9	10
1:22:30	41	1,9	10
1:22:40	41	1,9	10
1:22:50	41	1,9	10
1:23:00	41	1,9	10
1:23:10	41	1,9	10
1:23:20	41	1,9	10
1:23:30	41	1,9	10
1:23:40	41	1,9	10
1:23:50	41	1,9	10
1:24:00	41	1,9	10
1:24:10	41	1,9	10
1:24:20	41	1,9	10
1:24:30	41	1,9	10
1:24:40	41	1,9	10
1:24:50	41	1,9	10
1:25:00	41	1,9	10
1:25:10	41	1,9	10
1:25:20	41	1,9	10
1:25:30	41	1,9	10
1:25:40	41	1,9	10
1:25:50	41	1,9	10
1:26:00	41	1,9	10
1:26:10	41	1,9	10
1:26:20	41	1,9	10
1:26:30	41	1,9	10
1:26:40	41	1,9	10
1:26:50	41	1,9	10
1:27:00	41	1,9	10
1:27:10	41	1,9	10
1:27:20	41	1,9	10
1:27:30	41	1,9	10
1:27:40	41	1,9	10
1:27:50	41	1,9	10
1:28:00	41	1,9	10
1:28:10	41	1,9	10
1:28:20	41	1,9	10
1:28:30	41	1,9	10
1:28:40	41	1,9	10
1:28:50	41	1,9	10
1:29:00	41	1,9	10
1:29:10	41	1,9	10
1:29:20	41	1,9	10
1:29:30	41	1,9	10
1:29:40	41	1,9	10
1:29:50	41	1,9	10
1:30:00	41	1,9	10
1:30:10	41	1,9	10
1:30:20	41	1,9	10
1:30:30	41	1,9	10
1:30:40	41	1,9	10
1:30:50	41	1,9	10
1:31:00	41	1,9	10
1:31:10	41	1,9	10
1:31:20	41	1,9	10
1:31:30	41	1,9	10
1:31:40	41	1,9	10
1:31:50	41	1,9	10
1:32:00	41	1,9	10
1:32:10	41	1,9	10
1:32:20	41	1,9	10
1:32:30	41	1,9	10
1:32:40	41	1,9	10
1:32:50	41	1,9	10
1:33:00	41	1,9	10
1:33:10	41	1,9	10
1:33:20	41	1,9	10
1:33:30	41	1,9	10
1:33:40	41	1,9	10
1:33:50	41	1,9	10
1:34:00	41	1,9	10
1:34:10	41	1,9	10
1:34:20	41	1,9	10
1:34:30	41	1,9	10
1:34:40	41	1,9	10
1:34:50	41	1,9	10
1:35:00	41	1,9	10
1:35:10	41	1,9	10
1:35:20	41	1,9	10
1:35:30	41	1,9	10
1:35:40	41	1,9	10
1:35:50	41	1,9	10
1:36:00	41	1,9	10
1:36:10	41	1,9	10
1:36:20	41	1,9	10
1:36:30	41	1,9	10
1:36:40	41	1,9	10
1:36:50	41	1,9	10
1:37:00	41	1,9	10
1:37:10	41	1,9	10
1:37:20	41	1,9	10
1:37:30	41	1,9	10
1:37:40	41	1,9	10
1:37:50	41	1,9	10
1:38:00	41	1,9	10
1:38:10	41	1,9	10
1:38:20	41	1,9	10
1:38:30	41	1,9	10
1:38:40	41	1,9	10
1:38:50	41	1,9	10
1:39:00	41	1,9	10
1:39:10	41	1,9	10
1:39:20	41	1,9	10
1:39:30	41	1,9	10
1:39:40	41	1,9	10
1:39:50	41	1,9	10
1:40:00	41	1,9	10
1:40:10	41	1,9	10
1:40:20	41	1,9	10
1:40:30	41	1,9	10
1:40:40	41	1,9	10
1:40:50	41	1,9	10
1:41:00	41	1,9	10
1:41:10	41	1,9	10
1:41:20	41	1,9	10
1:41:30	41	1,8	10
1:41:40	41	1,8	10
1:41:50	41	1,8	10
1:42:00	41	1,8	10
1:42:10	41	1,8	10
1:42:20	41	1,8	10
1:42:30	41	1,8	10
1:42:40	41	1,8	10
1:42:50	41	1,8	10
1:43:00	41	1,8	10
1:43:10	41	1,8	10
1:43:20	41	1,8	10
1:43:30	41	1,8	10
1:43:40	41	1,8	10
1:43:50	41	1,8	10
1:44:00	41	1,8	10
1:44:10	41	1,8	10
1:44:20	41	1,9	10
1:44:30	41	1,9	10
1:44:40	41	1,8	10
1:44:50	41	1,8	10
1:45:00	41	1,8	10
1:45:10	41	1,9	10
1:45:20	41	1,9	10
1:45:30	41	1,8	10
1:45:40	41	1,8	10
1:45:50	41	1,8	10
1:46:00	41	1,8	10
1:46:10	41	1,8	10
1:46:20	41	1,8	10
1:46:30	41	1,8	10
1:46:40	41	1,8	10
1:46:50	41	1,8	10
1:47:00	41	1,8	10
1:47:10	41	1,8	10
1:47:20	41	1,8	10
1:47:30	41	1,8	10
1:47:40	41	1,8	10
1:47:50	41	1,8	10
1:48:00	41	1,8	10
1:48:10	41	1,8	10
1:48:20	41	1,8	10
1:48:30	41	1,8	10
1:48:40	41	1,8	10
1:48:50	41	1,8	10
1:49:00	41	1,8	10
1:49:10	41	1,8	10
1:49:20	41	1,8	10
1:49:30	41	1,8	10
1:49:40	41	1,8	10
1:49:50	41	1,8	10
1:50:00	41	1,8	10
1:50:10	41	1,8	10
1:50:20	41	1,8	10
1:50:30	41	1,8	10
1:50:40	41	1,8	10
1:50:50	41	1,8	10
1:51:00	41	1,8	10
1:51:10	41	1,8	10
1:51:20	41	1,8	10
1:51:30	41	1,8	10
1:51:40	41	1,8	10
1:51:50	41	1,8	10
1:52:00	41	1,8	10
1:52:10	41	1,8	10
1:52:20	41	1,8	10
1:52:30	41	1,8	10
1:52:40	41	1,8	10
1:52:50	41	1,8	10
1:53:00	41	1,8	10
1:53:10	41	1,8	10
1:53:20	41	1,8	10
1:53:30	41	1,8	10
1:53:40	41	1,8	10
1:53:50	41	1,8	10
1:54:00	41	1,8	10
1:54:10	41	1,8	10
1:54:20	41	1,8	10
1:54:30	41	1,8	10
1:54:40	41	1,8	10
1:54:50	41	1,8	10
1:55:00	41	1,8	10
1:55:10	41	1,8	10
1:55:20	41	1,8	10
1:55:30	41	1,8	10
1:55:40	41	1,8	10
1:55:50	41	1,8	10
1:56:00	41	1,8	10
1:56:10	41	1,8	10
1:56:20	41	1,8	10
1:56:30	41	1,8	10
1:56:40	41	1,8	10
1:56:50	41	1,8	10
1:57:00	41	1,8	10
1:57:10	41	1,8	10
1:57:20	41	1,8	10
1:57:30	41	1,8	10
1:57:40	41	1,8	10
1:57:50	41	1,8	10
1:58:00	41	1,8	10
1:58:10	41	1,8	10
1:58:20	41	1,8	10
1:58:30	41	1,8	10
1:58:40	41	1,8	10
1:58:50	41	1,8	10
1:59:00	41	1,8	10
1:59:10	41	1,8	10
1:59:20	41	1,8	10
1:59:30	41	1,8	10
1:59:40	41	1,8	10
1:59:50	41	1,8	10
2:00:00	41	1,8	10
2:00:10	41	1,8	10
2:00:20	41	1,8	10
2:00:30	41	1,8	10
2:00:40	41	1,8	10
2:00:50	41	1,8	10
2:01:00	41	1,8	10
2:01:10	41	1,8	10
2:01:20	41	1,8	10
2:01:30	41	1,8	10
2:01:40	41	1,8	10
2:01:50	41	1,8	10
2:02:00	41	1,8	10
2:02:10	41	1,8	10
2:02:20	41	1,8	10
2:02:30	41	1,8	10
2:02:40	41	1,8	10
2:02:50	41	1,8	10
2:03:00	41	1,8	10
2:03:10	41	1,8	10
2:03:20	41	1,8	10
2:03:30	41	1,8	10
2:03:40	41	1,8	10
2:03:50	41	1,8	10
2:04:00	41	1,8	10
2:04:10	41	1,8	10
2:04:20	41	1,8	10
2:04:30	41	1,8	10
2:04:40	41	1,8	10
2:04:50	41	1,8	10
2:05:00	41	1,8	10
2:05:10	41	1,8	10
2:05:20	41	1,8	10
2:05:30	41	1,8	10
2:05:40	41	1,8	10
2:05:50	41	1,8	10
2:06:00	41	1,8	10
2:06:10	41	1,8	10
2:06:20	41	1,7	10
2:06:30	41	1,7	10
2:06:40	41	1,7	10
2:06:50	41	1,8	10
2:07:00	41	1,8	10
2:07:10	41	1,8	10
2:07:20	41	1,8	10
2:07:30	41	1,8	10
2:07:40	41	1,8	10
2:07:50	41	1,8	10
2:08:00	41	1,8	10
2:08:10	41	1,8	10
2:08:20	41	1,8	10
2:08:30	41	1,8	10
2:08:40	41	1,8	10
2:08:50	41	1,8	10
2:09:00	41	1,8	10
2:09:10	41	1,8	10
2:09:20	41	1,8	10
2:09:30	41	1,8	10
2:09:40	41	1,8	10
2:09:50	41	1,8	10
2:10:00	41	1,8	10
2:10:10	41	1,8	10
2:10:20	41	1,8	10
2:10:30	41	1,8	10
2:10:40	41	1,8	10
2:10:50	41	1,8	10
2:11:00	41	1,7	10
2:11:10	41	1,8	10
2:11:20	41	1,8	10
2:11:30	41	1,8	10
2:11:40	41	1,8	10
2:11:50	41	1,8	10
2:12:00	41	1,8	10
2:12:10	41	1,7	10
2:12:20	41	1,7	10
2:12:30	41	1,7	10
2:12:40	41	1,7	10
2:12:50	41	1,7	10
2:13:00	41	1,7	10
2:13:10	41	1,7	10
2:13:20	41	1,7	10
2:13:30	41	1,7	10
2:13:40	41	1,7	10
2:13:50	41	1,8	10
2:14:00	41	1,8	10
2:14:10	41	1,8	10
2:14:20	41	1,8	10
2:14:30	41	1,8	10
2:14:40	41	1,8	10
2:14:50	41	1,8	10
2:15:00	41	1,8	10
2:15:10	41	1,8	10
2:15:20	41	1,8	10
2:15:30	41	1,8	10
2:15:40	41	1,8	10
2:15:50	41	1,8	10
2:16:00	41	1,7	10
2:16:10	41	1,7	10
2:16:20	41	1,7	10
2:16:30	41	1,7	10
2:16:40	41	1,8	10
2:16:50	41	1,8	10
2:17:00	41	1,7	10
2:17:10	41	1,7	10
2:17:20	41	1,7	10
2:17:30	41	1,7	10
2:17:40	41	1,7	10
2:17:50	41	1,7	10
2:18:00	41	1,7	10
2:18:10	41	1,7	10
2:18:20	41	1,7	10
2:18:30	41	1,7	10
2:18:40	41	1,7	10
2:18:50	41	1,7	10
2:19:00	41	1,7	10
2:19:10	41	1,7	10
2:19:20	41	1,7	10
2:19:30	41	1,7	10
2:19:40	41	1,7	10
2:19:50	41	1,7	10
2:20:00	41	1,7	10
2:20:10	41	1,7	10
2:20:20	41	1,7	10
2:20:30	41	1,7	10
2:20:40	41	1,7	10
2:20:50	41	1,7	10
2:21:00	41	1,7	10
2:21:10	41	1,7	10
2:21:20	41	1,7	10
2:21:30	41	1,7	10
2:21:40	41	1,7	10
2:21:50	41	1,7	10
2:22:00	41	1,7	10
2:22:10	41	1,7	10
2:22:20	41	1,7	10
2:22:30	41	1,7	10
2:22:40	41	1,7	10
2:22:50	41	1,7	10
2:23:00	41	1,7	10
2:23:10	41	1,7	10
2:23:20	41	1,7	10
2:23:30	41	1,7	10
2:23:40	41	1,7	10
2:23:50	41	1,7	10
2:24:00	41	1,7	10
2:24:10	41	1,7	10
2:24:20	41	1,7	10
2:24:30	41	1,7	10
2:24:40	41	1,7	10
2:24:50	41	1,7	10
2:25:00	41	1,7	10
2:25:10	41	1,7	10
2:25:20	41	1,7	10
2:25:30	41	1,7	10
2:25:40	41	1,7	10
2:25:50	41	1,7	10
2:26:00	41	1,7	10
2:26:10	41	1,7	10
2:26:20	41	1,7	10
2:26:30	41	1,7	10
2:26:40	41	1,7	10
2:26:50	41	1,7	10
2:27:00	41	1,7	10
2:27:10	41	1,7	10
2:27:20	41	1,7	10
2:27:30	41	1,7	10
2:27:40	41	1,7	10
2:27:50	41	1,7	10
2:28:00	41	1,7	10
2:28:10	41	1,7	10
2:28:20	41	1,7	10
2:28:30	41	1,7	10
2:28:40	41	1,7	10
2:28:50	41	1,7	10
2:29:00	41	1,7	10
2:29:10	41	1,7	10
2:29:20	41	1,7	10
2:29:30	41	1,7	10
2:29:40	41	1,7	10
2:29:50	41	1,7	10
2:30:00	41	1,7	10
2:30:10	41	1,7	10
2:30:20	41	1,7	10
2:30:30	41	1,7	10
2:30:40	41	1,7	10
2:30:50	41	1,7	10
2:31:00	41	1,7	10
2:31:10	41	1,7	10
2:31:20	41	1,7	10
2:31:30	41	1,7	10
2:31:40	41	1,7	10
2:31:50	41	1,7	10
2:32:00	41	1,7	10
2:32:10	41	1,7	10
2:32:20	41	1,7	10
2:32:30	41	1,7	10
2:32:40	41	1,7	10
2:32:50	41	1,7	10
2:33:00	41	1,7	10
2:33:10	41	1,7	10
2:33:20	41	1,7	10
2:33:30	41	1,7	10
2:33:40	41	1,7	10
2:33:50	41	1,7	10
2:34:00	41	1,7	10
2:34:10	41	1,7	10
2:34:20	41	1,7	10
2:34:30	41	1,7	10
2:34:40	41	1,7	10
2:34:50	41	1,7	10
2:35:00	41	1,7	10
2:35:10	41	1,7	10
2:35:20	41	1,7	10
2:35:30	41	1,7	10
2:35:40	41	1,7	10
2:35:50	41	1,7	10
2:36:00	41	1,7	10
2:36:10	41	1,7	10
2:36:20	41	1,7	10
2:36:30	41	1,7	10
2:36:40	41	1,7	10
2:36:50	41	1,7	10
2:37:00	41	1,7	10
2:37:10	41	1,7	10
2:37:20	41	1,7	10
2:37:30	41	1,7	10
2:37:40	41	1,7	10
2:37:50	41	1,7	10
2:38:00	41	1,7	10
2:38:10	41	1,7	10
2:38:20	41	1,7	10
2:38:30	41	1,7	10
2:38:40	41	1,7	10
2:38:50	41	1,7	10
2:39:00	41	1,6	10
2:39:10	41	1,7	10
2:39:20	41	1,7	10
2:39:30	41	1,7	10
2:39:40	41	1,7	10
2:39:50	41	1,7	10
2:40:00	41	1,7	10
2:40:10	41	1,7	10
2:40:20	41	1,7	10
2:40:30	41	1,7	10
2:40:40	41	1,7	10
2:40:50	41	1,7	10
2:41:00	41	1,7	10
2:41:10	41	1,7	10
2:41:20	41	1,7	10
2:41:30	41	1,6	10
2:41:40	41	1,6	10
2:41:50	41	1,6	10
2:42:00	41	1,6	10
2:42:10	41	1,6	10
2:42:20	41	1,6	10
2:42:30	41	1,7	10
2:42:40	41	1,7	10
2:42:50	41	1,7	10
2:43:00	41	1,7	10
2:43:10	41	1,7	10
2:43:20	41	1,7	10
2:43:30	41	1,6	10
2:43:40	41	1,7	10
2:43:50	41	1,6	10
2:44:00	41	1,6	10
2:44:10	41	1,6	10
2:44:20	41	1,6	10
2:44:30	41	1,7	10
2:44:40	41	1,6	10
2:44:50	41	1,7	10
2:45:00	41	1,7	10
2:45:10	41	1,7	10
2:45:20	41	1,7	10
2:45:30	41	1,7	10
2:45:40	41	1,7	10
2:45:50	41	1,7	10
2:46:00	41	1,7	10
2:46:10	41	1,7	10
2:46:20	41	1,7	10
2:46:30	41	1,6	10
2:46:40	41	1,6	10
2:46:50	41	1,6	10
2:47:00	41	1,6	10
2:47:10	41	1,6	10
2:47:20	41	1,6	10
2:47:30	41	1,6	10
2:47:40	41	1,6	10
2:47:50	41	1,6	10
2:48:00	41	1,6	10
2:48:10	41	1,6	10
2:48:20	41	1,6	10
2:48:30	41	1,6	10
2:48:40	41	1,6	10
2:48:50	41	1,6	10
2:49:00	41	1,6	10
2:49:10	41	1,6	10
2:49:20	41	1,6	10
2:49:30	41	1,6	10
2:49:40	41	1,6	10
2:49:50	41	1,6	10
2:50:00	41	1,6	10
2:50:10	41	1,6	10
2:50:20	41	1,6	10
2:50:30	41	1,6	10
2:50:40	41	1,6	10
2:50:50	41	1,6	10
2:51:00	41	1,6	10
2:51:10	41	1,6	10
2:51:20	41	1,6	10
2:51:30	41	1,6	10
2:51:40	41	1,6	10
2:51:50	41	1,6	10
2:52:00	41	1,6	10
2:52:10	41	1,6	10
2:52:20	41	1,6	10
2:52:30	41	1,6	10
2:52:40	41	1,6	10
2:52:50	41	1,6	10
2:53:00	41	1,6	10
2:53:10	41	1,6	10
2:53:20	41	1,6	10
2:53:30	41	1,6	10
2:53:40	41	1,6	10
2:53:50	41	1,6	10
2:54:00	41	1,6	10
2:54:10	41	1,6	10
2:54:20	41	1,6	10
2:54:30	41	1,6	10
2:54:40	41	1,6	10
2:54:50	41	1,6	10
2:55:00	41	1,6	10
2:55:10	41	1,6	10
2:55:20	41	1,6	10
2:55:30	41	1,6	10
2:55:40	41	1,6	10
2:55:50	41	1,6	10
2:56:00	41	1,6	10
2:56:10	41	1,6	10
2:56:20	41	1,6	10
2:56:30	41	1,6	10
2:56:40	41	1,6	10
2:56:50	41	1,6	10
2:57:00	41	1,6	10
2:57:10	41	1,6	10
2:57:20	41	1,6	10
2:57:30	41	1,6	10
2:57:40	41	1,6	10
2:57:50	41	1,6	10
2:58:00	41	1,6	10
2:58:10	41	1,6	10
2:58:20	41	1,6	10
2:58:30	41	1,6	10
2:58:40	41	1,6	10
2:58:50	41	1,6	10
2:59:00	41	1,6	10
2:59:10	41	1,6	10
2:59:20	41	1,6	10
2:59:30	41	1,6	10
2:59:40	41	1,6	10
2:59:50	41	1,6	10
3:00:00	41	1,6	10
3:00:10	41	1,6	10
3:00:20	41	1,6	10
3:00:30	41	1,6	10
3:00:40	41	1,6	10
3:00:50	41	1,6	10
3:01:00	41	1,6	10
3:01:10	41	1,6	10
3:01:20	41	1,6	10
3:01:30	41	1,6	10
3:01:40	41	1,6	10
3:01:50	41	1,6	10
3:02:00	41	1,6	10
3:02:10	41	1,6	10
3:02:20	41	1,6	10
3:02:30	41	1,6	10
3:02:40	41	1,6	10
3:02:50	41	1,6	10
3:03:00	41	1,6	10
3:03:10	41	1,6	10
3:03:20	41	1,6	10
3:03:30	41	1,6	10
3:03:40	41	1,6	10
3:03:50	41	1,6	10
3:04:00	41	1,6	10
3:04:10	41	1,6	10
3:04:20	41	1,6	10
3:04:30	41	1,6	10
3:04:40	41	1,6	10
3:04:50	41	1,6	10
3:05:00	41	1,6	10
3:05:10	41	1,6	10
3:05:20	41	1,5	10
3:05:30	41	1,6	10
3:05:40	41	1,6	10
3:05:50	41	1,6	10
3:06:00	41	1,6	10
3:06:10	41	1,5	10
3:06:20	41	1,6	10
3:06:30	41	1,6	10
3:06:40	41	1,6	10
3:06:50	41	1,6	10
3:07:00	41	1,6	10
3:07:10	41	1,6	10
3:07:20	41	1,6	10
3:07:30	41	1,6	10
3:07:40	41	1,6	10
3:07:50	41	1,6	10
3:08:00	41	1,6	10
3:08:10	41	1,6	10
3:08:20	41	1,6	10
3:08:30	41	1,6	10
3:08:40	41	1,5	10
3:08:50	41	1,5	10
3:09:00	41	1,5	10
3:09:10	41	1,5	10
3:09:20	41	1,5	10
3:09:30	41	1,5	10
3:09:40	41	1,5	10
3:09:50	41	1,5	10
3:10:00	41	1,5	10
3:10:10	41	1,6	10
3:10:20	41	1,6	10
3:10:30	41	1,6	10
3:10:40	41	1,6	10
3:10:50	41	1,6	10
3:11:00	41	1,6	10
3:11:10	41	1,6	10
3:11:20	41	1,6	10
3:11:30	41	1,6	10
3:11:40	41	1,6	10
3:11:50	41	1,6	10
3:12:00	41	1,6	10
3:12:10	41	1,6	10
3:12:20	41	1,6	10
3:12:30	41	1,6	10
3:12:40	41	1,6	10
3:12:50	41	1,6	10
3:13:00	41	1,6	10
3:13:10	41	1,6	10
3:13:20	41	1,6	10
3:13:30	41	1,6	10
3:13:40	41	1,6	10
3:13:50	41	1,6	10
3:14:00	41	1,6	10
3:14:10	41	1,6	10
3:14:20	41	1,6	10
3:14:30	41	1,6	10
3:14:40	41	1,6	10
3:14:50	41	1,6	10
3:15:00	41	1,6	10
3:15:10	41	1,5	10
3:15:20	41	1,5	10
3:15:30	41	1,5	10
3:15:40	41	1,5	10
3:15:50	41	1,5	10
3:16:00	41	1,5	10
3:16:10	41	1,5	10
3:16:20	41	1,5	10
3:16:30	41	1,5	10
3:16:40	41	1,5	10
3:16:50	41	1,5	10
3:17:00	41	1,5	10
3:17:10	41	1,6	10
3:17:20	41	1,6	10
3:17:30	41	1,6	10
3:17:40	41	1,6	10
3:17:50	41	1,6	10
3:18:00	41	1,6	10
3:18:10	41	1,6	10
3:18:20	41	1,6	10
3:18:30	41	1,5	10
3:18:40	41	1,6	10
3:18:50	41	1,6	10
3:19:00	41	1,5	10
3:19:10	41	1,6	10
3:19:20	41	1,5	10
3:19:30	41	1,6	10
3:19:40	41	1,5	10
3:19:50	41	1,6	10
3:20:00	41	1,5	10
3:20:10	41	1,5	10
3:20:20	41	1,5	10
3:20:30	41	1,5	10
3:20:40	41	1,5	10
3:20:50	41	1,5	10
3:21:00	41	1,5	10
3:21:10	41	1,5	10
3:21:20	41	1,5	10
3:21:30	41	1,5	10
3:21:40	41	1,5	10
3:21:50	41	1,5	10
3:22:00	41	1,5	10
3:22:10	41	1,5	10
3:22:20	41	1,5	10
3:22:30	41	1,5	10
3:22:40	41	1,5	10
3:22:50	41	1,5	10
3:23:00	41	1,5	10
3:23:10	41	1,5	10
3:23:20	41	1,5	10
3:23:30	41	1,5	10
3:23:40	41	1,5	10
3:23:50	41	1,5	10
3:24:00	41	1,5	10
3:24:10	41	1,5	10
3:24:20	41	1,5	10
3:24:30	41	1,5	10
3:24:40	41	1,5	10
3:24:50	41	1,5	10
3:25:00	41	1,5	10
3:25:10	41	1,5	10
3:25:20	41	1,5	10
3:25:30	41	1,5	10
3:25:40	41	1,5	10
3:25:50	41	1,5	10
3:26:00	41	1,5	10
3:26:10	41	1,5	10
3:26:20	41	1,5	10
3:26:30	41	1,5	10
3:26:40	41	1,5	10
3:26:50	41	1,5	10
3:27:00	41	1,5	10
3:27:10	41	1,5	10
3:27:20	41	1,5	10
3:27:30	41	1,5	10
3:27:40	41	1,5	10
3:27:50	41	1,5	10
3:28:00	41	1,4	10
3:28:10	41	1,5	10
3:28:20	41	1,5	10
3:28:30	41	1,5	10
3:28:40	41	1,5	10
3:28:50	41	1,5	10
3:29:00	41	1,5	10
3:29:10	41	1,5	10
3:29:20	41	1,5	10
3:29:30	41	1,5	10
3:29:40	41	1,5	10
3:29:50	41	1,5	10
3:30:00	41	1,5	10
3:30:10	41	1,5	10
3:30:20	41	1,5	10
3:30:30	41	1,5	10
3:30:40	41	1,5	10
3:30:50	41	1,5	10
3:31:00	41	1,5	10
3:31:10	41	1,5	10
3:31:20	41	1,5	10
3:31:30	41	1,5	10
3:31:40	41	1,5	10
3:31:50	41	1,5	10
3:32:00	41	1,5	10
3:32:10	41	1,5	10
3:32:20	41	1,5	10
3:32:30	41	1,5	10
3:32:40	41	1,5	10
3:32:50	41	1,5	10
3:33:00	41	1,5	10
3:33:10	41	1,5	10
3:33:20	41	1,5	10
3:33:30	41	1,5	10
3:33:40	41	1,5	10
3:33:50	41	1,5	10
3:34:00	41	1,5	10
3:34:10	41	1,5	10
3:34:20	41	1,5	10
3:34:30	41	1,5	10
3:34:40	41	1,5	10
3:34:50	41	1,5	10
3:35:00	41	1,5	10
3:35:10	41	1,5	10
3:35:20	41	1,5	10
3:35:30	41	1,5	10
3:35:40	41	1,5	10
3:35:50	41	1,5	10
3:36:00	41	1,5	10
3:36:10	41	1,5	10
3:36:20	41	1,5	10
3:36:30	41	1,5	10
3:36:40	41	1,5	10
3:36:50	41	1,5	10
3:37:00	41	1,5	10
3:37:10	41	1,4	10
3:37:20	41	1,4	10
3:37:30	41	1,5	10
3:37:40	41	1,5	10
3:37:50	41	1,5	10
3:38:00	41	1,5	10
3:38:10	41	1,5	10
3:38:20	41	1,5	10
3:38:30	41	1,5	10
3:38:40	41	1,5	10
3:38:50	41	1,5	10
3:39:00	41	1,5	10
3:39:10	41	1,5	10
3:39:20	41	1,5	10
3:39:30	41	1,5	10
3:39:40	41	1,5	10
3:39:50	41	1,5	10
3:40:00	41	1,5	10
3:40:10	41	1,5	10
3:40:20	41	1,5	10
3:40:30	41	1,5	10
3:40:40	41	1,5	10
3:40:50	41	1,5	10
3:41:00	41	1,5	10
3:41:10	41	1,5	10
3:41:20	41	1,5	10
3:41:30	41	1,5	10
3:41:40	41	1,4	10
3:41:50	41	1,4	10
3:42:00	41	1,4	10
3:42:10	41	1,5	10
3:42:20	41	1,4	10
3:42:30	41	1,4	10
3:42:40	41	1,4	10
3:42:50	41	1,4	10
3:43:00	41	1,4	10
3:43:10	41	1,4	10
3:43:20	41	1,4	10
3:43:30	41	1,4	10
3:43:40	41	1,4	10
3:43:50	41	1,5	10
3:44:00	41	1,5	10
3:44:10	41	1,5	10
3:44:20	41	1,5	10
3:44:30	41	1,5	10
3:44:40	41	1,5	10
3:44:50	41	1,5	10
3:45:00	41	1,5	10
3:45:10	41	1,5	10
3:45:20	41	1,5	10
3:45:30	41	1,4	10
3:45:40	41	1,4	10
3:45:50	41	1,4	10
3:46:00	41	1,4	10
3:46:10	41	1,4	10
3:46:20	41	1,4	10
3:46:30	41	1,4	10
3:46:40	41	1,4	10
3:46:50	41	1,4	10
3:47:00	41	1,4	10
3:47:10	41	1,4	10
3:47:20	41	1,4	10
3:47:30	41	1,4	10
3:47:40	41	1,4	10
3:47:50	41	1,4	10
3:48:00	41	1,4	10
3:48:10	41	1,4	10
3:48:20	41	1,4	10
3:48:30	41	1,4	10
3:48:40	41	1,4	10
3:48:50	41	1,4	10
3:49:00	41	1,4	10
3:49:10	41	1,4	10
3:49:20	41	1,4	10
3:49:30	41	1,4	10
3:49:40	41	1,4	10
3:49:50	41	1,5	10
3:50:00	41	1,5	10
3:50:10	41	1,5	10
3:50:20	41	1,5	10
3:50:30	41	1,5	10
3:50:40	41	1,5	10
3:50:50	41	1,5	10
3:51:00	41	1,4	10
3:51:10	41	1,4	10
3:51:20	41	1,4	10
3:51:30	41	1,4	10
3:51:40	41	1,4	10
3:51:50	41	1,4	10
3:52:00	41	1,4	10
3:52:10	41	1,4	10
3:52:20	41	1,4	10
3:52:30	41	1,4	10
3:52:40	41	1,4	10
3:52:50	41	1,4	10
3:53:00	41	1,4	10
3:53:10	41	1,4	10
3:53:20	41	1,4	10
3:53:30	41	1,4	10
3:53:40	41	1,4	10
3:53:50	41	1,4	10
3:54:00	41	1,4	10
3:54:10	41	1,4	10
3:54:20	41	1,4	10
3:54:30	41	1,4	10
3:54:40	41	1,4	10
3:54:50	41	1,4	10
3:55:00	41	1,4	10
3:55:10	41	1,4	10
3:55:20	41	1,4	10
3:55:30	41	1,4	10
3:55:40	41	1,4	10
3:55:50	41	1,4	10
3:56:00	41	1,4	10
3:56:10	41	1,4	10
3:56:20	41	1,4	10
3:56:30	41	1,4	10
3:56:40	41	1,4	10
3:56:50	41	1,4	10
3:57:00	41	1,4	10
3:57:10	41	1,4	10
3:57:20	41	1,4	10
3:57:30	41	1,4	10
3:57:40	41	1,4	10
3:57:50	41	1,4	10
3:58:00	41	1,4	10
3:58:10	41	1,4	10
3:58:20	41	1,4	10
3:58:30	41	1,4	10
3:58:40	41	1,3	10
3:58:50	41	1,4	10
3:59:00	41	1,4	10
3:59:10	41	1,4	10
3:59:20	41	1,4	10
3:59:30	41	1,4	10
3:59:40	41	1,4	10
3:59:50	41	1,4	10
4:00:00	41	1,4	10
4:00:10	41	1,4	10
4:00:20	41	1,4	10
4:00:30	41	1,4	10
4:00:40	41	1,4	10
4:00:50	41	1,4	10
4:01:00	41	1,4	10
4:01:10	41	1,4	10
4:01:20	41	1,4	10
4:01:30	41	1,4	10
4:01:40	41	1,4	10
4:01:50	41	1,4	10
4:02:00	41	1,4	10
4:02:10	41	1,4	10
4:02:20	41	1,4	10
4:02:30	41	1,4	10
4:02:40	41	1,4	10
4:02:50	41	1,4	10
4:03:00	41	1,4	10
4:03:10	41	1,4	10
4:03:20	41	1,4	10
4:03:30	41	1,4	10
4:03:40	41	1,4	10
4:03:50	41	1,4	10
4:04:00	41	1,4	10
4:04:10	41	1,4	10
4:04:20	41	1,4	10
4:04:30	41	1,4	10
4:04:40	41	1,4	10
4:04:50	41	1,4	10
4:05:00	41	1,4	10
4:05:10	41	1,4	10
4:05:20	41	1,4	10
4:05:30	41	1,4	10
4:05:40	41	1,4	10
4:05:50	41	1,4	10
4:06:00	41	1,4	10
4:06:10	41	1,4	10
4:06:20	41	1,4	10
4:06:30	41	1,4	10
4:06:40	41	1,4	10
4:06:50	41	1,4	10
4:07:00	41	1,4	10
4:07:10	41	1,4	10
4:07:20	41	1,4	10
4:07:30	41	1,4	10
4:07:40	41	1,4	10
4:07:50	41	1,4	10
4:08:00	41	1,4	10
4:08:10	41	1,4	10
4:08:20	41	1,4	10
4:08:30	41	1,4	10
4:08:40	41	1,4	10
4:08:50	41	1,4	10
4:09:00	41	1,4	10
4:09:10	41	1,4	10
4:09:20	41	1,4	10
4:09:30	41	1,4	10
4:09:40	41	1,4	10
4:09:50	41	1,4	10
4:10:00	41	1,3	10
4:10:10	41	1,3	10
4:10:20	41	1,4	10
4:10:30	41	1,4	10
4:10:40	41	1,4	10
4:10:50	41	1,4	10
4:11:00	41	1,4	10
4:11:10	41	1,4	10
4:11:20	41	1,4	10
4:11:30	41	1,4	10
4:11:40	41	1,4	10
4:11:50	41	1,4	10
4:12:00	41	1,4	10
4:12:10	41	1,4	10
4:12:20	41	1,4	10
4:12:30	41	1,4	10
4:12:40	41	1,4	10
4:12:50	41	1,4	10
4:13:00	41	1,4	10
4:13:10	41	1,4	10
4:13:20	41	1,3	10
4:13:30	41	1,3	10
4:13:40	41	1,3	10
4:13:50	41	1,3	10
4:14:00	41	1,3	10
4:14:10	41	1,3	10
4:14:20	41	1,3	10
4:14:30	41	1,4	10
4:14:40	41	1,4	10
4:14:50	41	1,4	10
4:15:00	41	1,4	10
4:15:10	41	1,4	10
4:15:20	41	1,3	10
4:15:30	41	1,4	10
4:15:40	41	1,3	10
4:15:50	41	1,4	10
4:16:00	41	1,4	10
4:16:10	41	1,4	10
4:16:20	41	1,4	10
4:16:30	41	1,4	10
4:16:40	41	1,4	10
4:16:50	41	1,4	10
4:17:00	41	1,4	10
4:17:10	41	1,4	10
4:17:20	41	1,4	10
4:17:30	41	1,4	10
4:17:40	41	1,4	10
4:17:50	41	1,3	10
4:18:00	41	1,3	10
4:18:10	41	1,3	10
4:18:20	41	1,3	10
4:18:30	41	1,3	10
4:18:40	41	1,3	10
4:18:50	41	1,3	10
4:19:00	41	1,3	10
4:19:10	41	1,3	10
4:19:20	41	1,3	10
4:19:30	41	1,3	10
4:19:40	41	1,3	10
4:19:50	41	1,3	10
4:20:00	41	1,3	10
4:20:10	41	1,3	10
4:20:20	41	1,3	10
4:20:30	41	1,3	10
4:20:40	41	1,3	10
4:20:50	41	1,3	10
4:21:00	41	1,4	10
4:21:10	41	1,3	10
4:21:20	41	1,3	10
4:21:30	41	1,3	10
4:21:40	41	1,3	10
4:21:50	41	1,3	10
4:22:00	41	1,3	10
4:22:10	41	1,3	10
4:22:20	41	1,3	10
4:22:30	41	1,3	10
4:22:40	41	1,3	10
4:22:50	41	1,3	10
4:23:00	41	1,3	10
4:23:10	41	1,3	10
4:23:20	41	1,3	10
4:23:30	41	1,3	10
4:23:40	41	1,3	10
4:23:50	41	1,3	10
4:24:00	41	1,3	10
4:24:10	41	1,4	10
4:24:20	41	1,4	10
4:24:30	41	1,4	10
4:24:40	41	1,4	10
4:24:50	41	1,4	10
4:25:00	41	1,4	10
4:25:10	41	1,3	10
4:25:20	41	1,3	10
4:25:30	41	1,4	10
4:25:40	41	1,4	10
4:25:50	41	1,4	10
4:26:00	41	1,3	10
4:26:10	41	1,3	10
4:26:20	41	1,3	10
4:26:30	41	1,3	10
4:26:40	41	1,3	10
4:26:50	41	1,3	10
4:27:00	41	1,3	10
4:27:10	41	1,3	10
4:27:20	41	1,3	10
4:27:30	41	1,3	10
4:27:40	41	1,3	10
4:27:50	41	1,3	10
4:28:00	41	1,3	10
4:28:10	41	1,3	10
4:28:20	41	1,3	10
4:28:30	41	1,3	10
4:28:40	41	1,3	10
4:28:50	41	1,3	10
4:29:00	41	1,3	10
4:29:10	41	1,3	10
4:29:20	41	1,3	10
4:29:30	41	1,3	10
4:29:40	41	1,3	10
4:29:50	41	1,3	10
4:30:00	41	1,3	10
4:30:10	41	1,3	10
4:30:20	41	1,3	10
4:30:30	41	1,3	10
4:30:40	41	1,3	10
4:30:50	41	1,3	10
4:31:00	41	1,3	10
4:31:10	41	1,3	10
4:31:20	41	1,3	10
4:31:30	41	1,3	10
4:31:40	41	1,3	10
4:31:50	41	1,3	10
4:32:00	41	1,3	10
4:32:10	41	1,3	10
4:32:20	41	1,3	10
4:32:30	41	1,3	10
4:32:40	41	1,3	10
4:32:50	41	1,3	10
4:33:00	41	1,3	10
4:33:10	41	1,3	10
4:33:20	41	1,3	10
4:33:30	41	1,3	10
4:33:40	41	1,3	10
4:33:50	41	1,3	10
4:34:00	41	1,3	10
4:34:10	41	1,3	10
4:34:20	41	1,3	10
4:34:30	41	1,3	10
4:34:40	41	1,3	10
4:34:50	41	1,3	10
4:35:00	41	1,3	10
4:35:10	41	1,3	10
4:35:20	41	1,3	10
4:35:30	41	1,3	10
4:35:40	41	1,3	10
4:35:50	41	1,3	10
4:36:00	41	1,3	10
4:36:10	41	1,3	10
4:36:20	41	1,3	10
4:36:30	41	1,3	10
4:36:40	41	1,3	10
4:36:50	41	1,2	10
4:37:00	41	1,2	10
4:37:10	41	1,2	10
4:37:20	41	1,2	10
4:37:30	41	1,2	10
4:37:40	41	1,2	10
4:37:50	41	1,3	10
4:38:00	41	1,3	10
4:38:10	41	1,2	10
4:38:20	41	1,2	10
4:38:30	41	1,2	10
4:38:40	41	1,2	10
4:38:50	41	1,2	10
4:39:00	41	1,2	10
4:39:10	41	1,2	10
4:39:20	41	1,2	10
4:39:30	41	1,2	10
4:39:40	41	1,2	10
4:39:50	41	1,2	10
4:40:00	41	1,2	10
4:40:10	40	1,2	10
4:40:20	41	1,2	10
4:40:30	41	1,2	10
4:40:40	41	1,2	10
4:40:50	41	1,2	10
4:41:00	41	1,2	10
4:41:10	41	1,2	10
4:41:20	41	1,2	10
4:41:30	41	1,2	10
4:41:40	41	1,3	10
4:41:50	41	1,3	10
4:42:00	41	1,3	10
4:42:10	41	1,3	10
4:42:20	41	1,3	10
4:42:30	41	1,3	10
4:42:40	41	1,3	10
4:42:50	41	1,3	10
4:43:00	41	1,3	10
4:43:10	41	1,3	10
4:43:20	41	1,3	10
4:43:30	41	1,3	10
4:43:40	41	1,3	10
4:43:50	41	1,3	10
4:44:00	41	1,2	10
4:44:10	41	1,2	10
4:44:20	41	1,2	10
4:44:30	41	1,2	10
4:44:40	41	1,2	10
4:44:50	41	1,2	10
4:45:00	41	1,2	10
4:45:10	41	1,2	10
4:45:20	41	1,2	10
4:45:30	41	1,2	10
4:45:40	41	1,2	10
4:45:50	41	1,2	10
4:46:00	41	1,2	10
4:46:10	41	1,2	10
4:46:20	41	1,2	10
4:46:30	41	1,2	10
4:46:40	41	1,2	10
4:46:50	41	1,2	10
4:47:00	41	1,2	10
4:47:10	41	1,2	10
4:47:20	41	1,2	10
4:47:30	41	1,2	10
4:47:40	41	1,2	10
4:47:50	41	1,2	10
4:48:00	41	1,2	10
4:48:10	41	1,2	10
4:48:20	41	1,2	10
4:48:30	41	1,2	10
4:48:40	41	1,2	10
4:48:50	41	1,2	10
4:49:00	41	1,2	10
4:49:10	41	1,2	10
4:49:20	41	1,2	10
4:49:30	41	1,2	10
4:49:40	41	1,2	10
4:49:50	41	1,2	10
4:50:00	41	1,2	10
4:50:10	41	1,2	10
4:50:20	41	1,2	10
4:50:30	41	1,2	10
4:50:40	41	1,2	10
4:50:50	41	1,2	10
4:51:00	41	1,2	10
4:51:10	41	1,2	10
4:51:20	41	1,2	10
4:51:30	41	1,2	10
4:51:40	41	1,2	10
4:51:50	41	1,2	10
4:52:00	41	1,2	10
4:52:10	41	1,2	10
4:52:20	41	1,2	10
4:52:30	41	1,2	10
4:52:40	41	1,2	10
4:52:50	41	1,2	10
4:53:00	41	1,2	10
4:53:10	41	1,2	10
4:53:20	41	1,2	10
4:53:30	41	1,2	10
4:53:40	41	1,2	10
4:53:50	41	1,2	10
4:54:00	41	1,2	10
4:54:10	41	1,2	10
4:54:20	41	1,2	10
4:54:30	41	1,2	10
4:54:40	41	1,2	10
4:54:50	41	1,2	10
4:55:00	41	1,1	10
4:55:10	41	1,2	10
4:55:20	41	1,1	10
4:55:30	41	1,1	10
4:55:40	41	1,1	10
4:55:50	41	1,1	10
4:56:00	41	1,1	10
4:56:10	41	1,1	10
4:56:20	41	1,2	10
4:56:30	41	1,2	10
4:56:40	41	1,2	10
4:56:50	41	1,2	10
4:57:00	41	1,2	10
4:57:10	41	1,2	10
4:57:20	41	1,2	10
4:57:30	41	1,2	10
4:57:40	41	1,2	10
4:57:50	41	1,2	10
4:58:00	41	1,2	10
4:58:10	41	1,2	10
4:58:20	41	1,2	10
4:58:30	41	1,2	10
4:58:40	41	1,2	10
4:58:50	41	1,2	10
4:59:00	41	1,1	10
4:59:10	41	1,1	10
4:59:20	41	1,1	10
4:59:30	41	1,1	10
4:59:40	41	1,1	10
4:59:50	41	1,1	10
5:00:00	41	1,1	10
5:00:10	41	1,1	10
5:00:20	41	1,1	10
5:00:30	41	1,1	10
5:00:40	41	1,1	10
5:00:50	41	1,1	10
5:01:00	41	1,1	10
5:01:10	41	1,1	10
5:01:20	41	1,1	10
5:01:30	41	1,1	10
5:01:40	41	1,1	10
5:01:50	41	1,1	10
5:02:00	41	1,1	10
5:02:10	41	1,1	10
5:02:20	41	1,1	10
5:02:30	41	1,1	10
5:02:40	41	1,1	10
5:02:50	41	1,1	10
5:03:00	41	1,1	10
5:03:10	41	1,1	10
5:03:20	41	1,1	10
5:03:30	41	1,1	10
5:03:40	41	1,1	10
5:03:50	41	1,1	10
5:04:00	41	1,1	10
5:04:10	41	1,1	10
5:04:20	41	1,1	10
5:04:30	41	1,1	10
5:04:40	41	1,1	10
5:04:50	41	1,1	10
5:05:00	41	1,1	10
5:05:10	41	1,1	10
5:05:20	41	1,1	10
5:05:30	41	1,1	10
5:05:40	41	1,1	10
5:05:50	41	1,1	10
5:06:00	41	1,1	10
5:06:10	41	1,1	10
5:06:20	41	1,1	10
5:06:30	41	1,1	10
5:06:40	41	1,1	10
5:06:50	41	1,1	10
5:07:00	41	1,1	10
5:07:10	41	1,1	10
5:07:20	41	1,1	10
5:07:30	41	1,1	10
5:07:40	41	1,1	10
5:07:50	41	1,1	10
5:08:00	41	1,1	10
5:08:10	41	1,1	10
5:08:20	41	1,1	10
5:08:30	41	1,1	10
5:08:40	41	1,1	10
5:08:50	41	1,1	10
5:09:00	41	1,1	10
5:09:10	41	1,1	10
5:09:20	41	1,1	10
5:09:30	41	1,0	10
5:09:40	41	1,0	10
5:09:50	41	1,1	10
5:10:00	41	1,1	10
5:10:10	41	1,1	10
5:10:20	41	1,1	10
5:10:30	41	1,1	10
5:10:40	41	1,1	10
5:10:50	41	1,1	10
5:11:00	41	1,1	10
5:11:10	41	1,1	10
5:11:20	41	1,1	10
5:11:30	41	1,1	10
5:11:40	41	1,1	10
5:11:50	41	1,0	10
5:12:00	41	1,0	10
5:12:10	41	1,0	10
5:12:20	41	1,0	10
5:12:30	41	1,0	10
5:12:40	41	1,0	10
5:12:50	41	1,0	10
5:13:00	41	1,0	10
5:13:10	41	1,0	10
5:13:20	41	1,0	10
5:13:30	41	1,0	10
5:13:40	41	1,0	10
5:13:50	41	1,1	10
5:14:00	41	1,1	10
5:14:10	41	1,1	10
5:14:20	41	1,1	10
5:14:30	41	1,1	10
5:14:40	41	1,1	10
5:14:50	41	1,1	10
5:15:00	41	1,1	10
5:15:10	41	1,1	10
5:15:20	41	1,1	10
5:15:30	41	1,1	10
5:15:40	41	1,1	10
5:15:50	41	1,1	10
5:16:00	41	1,1	10
5:16:10	41	1,0	10
5:16:20	41	1,0	10
5:16:30	41	1,0	10
5:16:40	41	1,0	10
5:16:50	41	1,0	10
5:17:00	41	1,0	10
5:17:10	41	1,0	10
5:17:20	41	1,0	10
5:17:30	41	1,0	10
5:17:40	41	1,0	10
5:17:50	41	1,0	10
5:18:00	41	1,0	10
5:18:10	41	1,0	10
5:18:20	41	1,0	10
5:18:30	41	1,0	10
5:18:40	41	1,0	10
5:18:50	41	1,0	10
5:19:00	41	1,0	10
5:19:10	41	1,0	10
5:19:20	41	1,0	10
5:19:30	41	1,0	10
5:19:40	41	1,0	11
5:19:50	41	1,0	11
5:20:00	41	1,0	11
5:20:10	41	1,0	11
5:20:20	41	1,0	11
5:20:30	41	1,0	11
5:20:40	41	1,0	11
5:20:50	41	1,0	11
5:21:00	41	1,0	11
5:21:10	41	1,0	11
5:21:20	41	1,0	11
5:21:30	41	1,0	11
5:21:40	41	1,0	11
5:21:50	41	1,0	11
5:22:00	41	1,0	11
5:22:10	41	1,0	11
5:22:20	41	1,0	11
5:22:30	41	1,0	11
5:22:40	41	1,0	11
5:22:50	41	1,0	11
5:23:00	41	1,0	11
5:23:10	41	1,0	11
5:23:20	41	1,0	11
5:23:30	41	1,0	11
5:23:40	41	1,0	11
5:23:50	41	1,0	11
5:24:00	41	1,0	11
5:24:10	41	1,0	11
5:24:20	41	1,0	11
5:24:30	41	1,0	11
5:24:40	41	1,0	11
5:24:50	41	1,0	12
5:25:00	41	0,9	12
5:25:10	41	0,9	12
5:25:20	41	0,9	12
5:25:30	41	0,9	12
5:25:40	41	0,9	12
5:25:50	41	1,0	12
5:26:00	41	1,0	12
5:26:10	41	0,9	13
5:26:20	41	0,9	13
5:26:30	41	0,9	13
5:26:40	41	0,9	13
5:26:50	41	0,9	13
5:27:00	41	0,9	13
5:27:10	41	0,9	14
5:27:20	41	0,9	14
5:27:30	41	0,9	14
5:27:40	41	0,9	14
5:27:50	41	0,9	14
5:28:00	41	0,9	15
5:28:10	41	0,9	15
5:28:20	41	0,9	15
5:28:30	41	0,9	15
5:28:40	41	0,9	15
5:28:50	41	0,9	15
5:29:00	41	0,9	15
5:29:10	41	0,9	15
5:29:20	41	0,9	15
5:29:30	41	0,9	15
5:29:40	41	0,9	15
5:29:50	41	0,9	15
5:30:00	41	0,9	15
5:30:10	41	0,9	16
5:30:20	41	0,9	16
5:30:30	41	0,9	16
5:30:40	41	0,9	16
5:30:50	41	0,9	16
5:31:00	41	0,9	16
5:31:10	41	0,9	16
5:31:20	41	0,9	16
5:31:30	41	0,9	16
5:31:40	41	0,9	17
5:31:50	41	0,9	17
5:32:00	41	0,9	17
5:32:10	41	0,9	17
5:32:20	41	0,9	17
5:32:30	41	0,9	17
5:32:40	41	0,9	17
5:32:50	41	0,9	17
5:33:00	41	0,9	17
5:33:10	41	0,9	17
5:33:20	41	0,9	17
5:33:30	41	0,8	18
5:33:40	41	0,8	18
5:33:50	41	0,8	18
5:34:00	41	0,8	18
5:34:10	41	0,8	18
5:34:20	41	0,8	18
5:34:30	41	0,8	18
5:34:40	41	0,8	18
5:34:50	41	0,8	18
5:35:00	41	0,8	18
5:35:10	41	0,8	18
5:35:20	41	0,7	18
5:35:30	41	0,8	18
5:35:40	41	0,8	19
5:35:50	41	0,8	19
5:36:00	41	0,8	20
5:36:10	41	0,8	20
5:36:20	41	0,8	20
5:36:30	41	0,8	20
5:36:40	41	0,8	22
5:36:50	41	0,8	21
5:37:00	41	0,8	21
5:37:10	41	0,8	21
5:37:20	41	0,8	21
5:37:30	41	0,8	21
5:37:40	41	0,7	21
5:37:50	41	0,7	21
5:38:00	41	0,7	21
5:38:10	41	0,7	21
5:38:20	41	0,7	21
5:38:30	41	0,7	21
5:38:40	41	0,7	21
5:38:50	41	0,7	21
5:39:00	41	0,7	21
5:39:10	41	0,7	22
5:39:20	41	0,7	22
5:39:30	41	0,7	22
5:39:40	41	0,7	22
5:39:50	41	0,7	22
5:40:00	41	0,7	22
5:40:10	41	0,7	23
5:40:20	41	0,7	23
5:40:30	41	0,7	23
5:40:40	41	0,7	23
5:40:50	41	0,7	23
5:41:00	41	0,6	23
5:41:10	41	0,6	23
5:41:20	41	0,6	23
5:41:30	41	0,6	23
5:41:40	41	0,6	23
5:41:50	41	0,6	23
5:42:00	41	0,6	24
5:42:10	41	0,6	23
5:42:20	41	0,6	24
5:42:30	41	0,6	24
5:42:40	41	0,5	24
5:42:50	41	0,6	24
5:43:00	41	0,6	24
5:43:10	41	0,6	24
5:43:20	41	0,6	24
5:43:30	41	0,6	24
5:43:40	41	0,6	25
5:43:50	41	0,6	25
5:44:00	41	0,6	25
5:44:10	41	0,6	25
5:44:20	41	0,6	25
5:44:30	41	0,5	25
5:44:40	41	0,5	25
5:44:50	41	0,5	26
5:45:00	41	0,5	25
5:45:10	41	0,5	26
5:45:20	41	0,5	25
5:45:30	41	0,5	26
5:45:40	41	0,5	26
5:45:50	41	0,5	26
5:46:00	41	0,5	26
5:46:10	41	0,5	26
5:46:20	41	0,5	26
5:46:30	41	0,5	26
5:46:40	41	0,5	27
5:46:50	41	0,5	27
5:47:00	41	0,5	27
5:47:10	41	0,5	27
5:47:20	41	0,5	27
5:47:30	41	0,5	27
5:47:40	41	0,5	26
5:47:50	41	0,5	27
5:48:00	41	0,5	27
5:48:10	41	0,5	26
5:48:20	41	0,5	27
5:48:30	41	0,5	27
5:48:40	41	0,5	28
5:48:50	41	0,5	27
5:49:00	41	0,5	27
5:49:10	41	0,5	28
5:49:20	41	0,5	27
5:49:30	41	0,5	28
5:49:40	41	0,5	28
5:49:50	41	0,5	28
5:50:00	41	0,5	28
5:50:10	41	0,5	28
5:50:20	41	0,5	28
5:50:30	41	0,5	28
5:50:40	41	0,5	28
5:50:50	41	0,5	28
5:51:00	41	0,5	29
5:51:10	41	0,5	29
5:51:20	41	0,5	29
5:51:30	41	0,5	29
5:51:40	41	0,5	29
5:51:50	41	0,5	29
5:52:00	41	0,5	29
5:52:10	41	0,5	29
5:52:20	41	0,5	29
5:52:30	41	0,5	29
5:52:40	41	0,5	30
5:52:50	41	0,5	30
5:53:00	41	0,5	31
5:53:10	41	0,5	31
5:53:20	41	0,5	31
5:53:30	41	0,5	31
5:53:40	41	0,5	31
5:53:50	41	0,5	31
5:54:00	41	0,5	31
5:54:10	41	0,5	31
5:54:20	41	0,6	31
5:54:30	41	0,6	31
5:54:40	41	0,6	31
5:54:50	41	0,6	31
5:55:00	41	0,6	31
5:55:10	41	0,5	31
5:55:20	41	0,5	31
5:55:30	40	0,5	31
5:55:40	41	0,5	31
5:55:50	41	0,6	31
5:56:00	41	0,6	31
5:56:10	40	0,6	31
5:56:20	41	0,6	31
5:56:30	41	0,6	31
5:56:40	41	0,6	31
5:56:50	41	0,6	31
5:57:00	41	0,6	32
5:57:10	41	0,6	32
5:57:20	41	0,6	32
5:57:30	41	0,6	32
5:57:40	41	0,5	33
5:57:50	41	0,5	33
5:58:00	41	0,5	33
5:58:10	41	0,5	33
5:58:20	41	0,5	33
5:58:30	41	0,5	33
5:58:40	41	0,5	33
5:58:50	41	0,5	33
5:59:00	41	0,5	33
5:59:10	41	0,5	34
5:59:20	41	0,5	34
5:59:30	41	0,5	34
5:59:40	41	0,5	34
5:59:50	41	0,5	34
6:00:00	41	0,5	34
6:00:10	41	0,5	35
6:00:20	41	0,5	34
6:00:30	41	0,5	35
6:00:40	41	0,5	35
6:00:50	41	0,5	35
6:01:00	41	0,5	35
6:01:10	41	0,5	35
6:01:20	41	0,5	35
6:01:30	41	0,4	35
6:01:40	41	0,4	35
6:01:50	41	0,4	35
6:02:00	41	0,4	35
6:02:10	41	0,4	35
6:02:20	41	0,4	35
6:02:30	41	0,4	35
6:02:40	41	0,4	36
6:02:50	41	0,4	36
6:03:00	41	0,4	36
6:03:10	41	0,4	36
6:03:20	41	0,4	36
6:03:30	41	0,4	36
6:03:40	41	0,4	36
6:03:50	41	0,4	36
6:04:00	41	0,4	36
6:04:10	41	0,4	36
6:04:20	41	0,4	36
6:04:30	41	0,4	36
6:04:40	41	0,4	36
6:04:50	41	0,4	36
6:05:00	41	0,4	36
6:05:10	41	0,4	37
6:05:20	41	0,4	37
6:05:30	41	0,4	37
6:05:40	41	0,4	37
6:05:50	41	0,4	37
6:06:00	41	0,4	37
6:06:10	41	0,4	37
6:06:20	41	0,4	37
6:06:30	41	0,4	37
6:06:40	41	0,4	37
6:06:50	41	0,4	37
6:07:00	41	0,5	37
6:07:10	41	0,5	37
6:07:20	41	0,5	37
6:07:30	41	0,5	37
6:07:40	41	0,5	38
6:07:50	41	0,5	38
6:08:00	41	0,5	38
6:08:10	41	0,5	38
6:08:20	41	0,5	38
6:08:30	41	0,5	38
6:08:40	41	0,5	38
6:08:50	41	0,5	38
6:09:00	41	0,5	38
6:09:10	41	0,5	39
6:09:20	41	0,5	39
6:09:30	41	0,5	39
6:09:40	41	0,5	39
6:09:50	41	0,5	39
6:10:00	41	0,5	39
6:10:10	41	0,5	39
6:10:20	41	0,5	39
6:10:30	41	0,5	39
6:10:40	41	0,5	39
6:10:50	41	0,5	39
6:11:00	41	0,5	39
6:11:10	41	0,5	40
6:11:20	41	0,5	40
6:11:30	41	0,4	40
6:11:40	41	0,5	40
6:11:50	41	0,5	40
6:12:00	41	0,5	40
6:12:10	41	0,5	41
6:12:20	41	0,4	41
6:12:30	41	0,5	41
6:12:40	41	0,5	41
6:12:50	41	0,4	41
6:13:00	41	0,4	41
6:13:10	41	0,4	41
6:13:20	41	0,4	41
6:13:30	41	0,4	41
6:13:40	41	0,4	41
6:13:50	41	0,4	41
6:14:00	41	0,4	41
6:14:10	41	0,4	41
6:14:20	41	0,4	41
6:14:30	41	0,4	41
6:14:40	41	0,4	41
6:14:50	41	0,4	41
6:15:00	41	0,4	41
6:15:10	41	0,4	42
6:15:20	41	0,4	42
6:15:30	41	0,4	42
6:15:40	41	0,4	42
6:15:50	41	0,4	42
6:16:00	41	0,4	42
6:16:10	41	0,4	42
6:16:20	41	0,4	42
6:16:30	41	0,4	42
6:16:40	41	0,4	42
6:16:50	41	0,4	42
6:17:00	41	0,4	42
6:17:10	41	0,4	42
6:17:20	41	0,4	42
6:17:30	41	0,4	42
6:17:40	41	0,4	42
6:17:50	41	0,4	42
6:18:00	41	0,4	42
6:18:10	41	0,4	42
6:18:20	41	0,4	42
6:18:30	41	0,4	42
6:18:40	41	0,4	42
6:18:50	41	0,4	42
6:19:00	41	0,4	42
6:19:10	41	0,4	42
6:19:20	41	0,5	42
6:19:30	41	0,5	42
6:19:40	41	0,5	42
6:19:50	41	0,5	42
6:20:00	41	0,5	42
6:20:10	41	0,5	42
6:20:20	41	0,5	42
6:20:30	41	0,5	42
6:20:40	41	0,5	42
6:20:50	41	0,5	42
6:21:00	41	0,5	42
6:21:10	41	0,5	42
6:21:20	41	0,5	42
6:21:30	41	0,5	42
6:21:40	41	0,5	42
6:21:50	41	0,5	42
6:22:00	41	0,5	42
6:22:10	41	0,5	42
6:22:20	41	0,5	42
6:22:30	41	0,5	42
6:22:40	41	0,5	42
6:22:50	41	0,5	42
6:23:00	41	0,5	43
6:23:10	41	0,5	43
6:23:20	41	0,5	42
6:23:30	41	0,5	43
6:23:40	41	0,5	43
6:23:50	41	0,5	43
6:24:00	41	0,5	43
6:24:10	41	0,5	43
6:24:20	41	0,5	43
6:24:30	41	0,5	43
6:24:40	41	0,5	43
6:24:50	41	0,5	43
6:25:00	41	0,5	43
6:25:10	41	0,5	43
6:25:20	41	0,4	43
6:25:30	41	0,4	43
6:25:40	41	0,4	43
6:25:50	41	0,4	43
6:26:00	41	0,4	43
6:26:10	41	0,4	43
6:26:20	41	0,4	43
6:26:30	41	0,4	43
6:26:40	41	0,4	43
6:26:50	41	0,4	43
6:27:00	41	0,4	43
6:27:10	41	0,4	43
6:27:20	41	0,4	43
6:27:30	41	0,4	43
6:27:40	41	0,4	43
6:27:50	41	0,4	43
6:28:00	41	0,4	43
6:28:10	41	0,4	43
6:28:20	41	0,4	43
6:28:30	41	0,4	43
6:28:40	41	0,4	43
6:28:50	41	0,4	43
6:29:00	41	0,4	43
6:29:10	41	0,4	43
6:29:20	41	0,4	43
6:29:30	41	0,4	43
6:29:40	41	0,4	43
6:29:50	41	0,4	43
6:30:00	41	0,4	43
6:30:10	41	0,4	43
6:30:20	41	0,4	43
6:30:30	41	0,4	43
6:30:40	41	0,4	43
6:30:50	41	0,4	43
6:31:00	41	0,4	43
6:31:10	41	0,4	43
6:31:20	41	0,4	43
6:31:30	41	0,4	43
6:31:40	41	0,5	43
6:31:50	41	0,5	43
6:32:00	41	0,5	43
6:32:10	41	0,5	43
6:32:20	41	0,5	43
6:32:30	41	0,5	43
6:32:40	41	0,5	43
6:32:50	41	0,5	43
6:33:00	41	0,5	43
6:33:10	41	0,5	43
6:33:20	41	0,5	43
6:33:30	41	0,5	43
6:33:40	41	0,5	43
6:33:50	41	0,5	43
6:34:00	41	0,5	43
6:34:10	41	0,5	43
6:34:20	41	0,5	43
6:34:30	41	0,5	43
6:34:40	41	0,5	43
6:34:50	41	0,5	43
6:35:00	41	0,5	43
6:35:10	41	0,5	43
6:35:20	41	0,5	43
6:35:30	41	0,5	43
6:35:40	41	0,5	43
6:35:50	41	0,5	43
6:36:00	41	0,5	43
6:36:10	41	0,5	43
6:36:20	41	0,4	43
6:36:30	41	0,5	43
6:36:40	41	0,5	43
6:36:50	41	0,5	43
6:37:00	41	0,5	43
6:37:10	41	0,5	43
6:37:20	41	0,5	43
6:37:30	41	0,5	43
6:37:40	41	0,4	43
6:37:50	41	0,5	43
6:38:00	41	0,4	43
6:38:10	41	0,4	43
6:38:20	41	0,4	43
6:38:30	41	0,4	43
6:38:40	41	0,4	43
6:38:50	41	0,4	43
6:39:00	41	0,4	43
6:39:10	41	0,4	43
6:39:20	41	0,4	43
6:39:30	41	0,4	43
6:39:40	41	0,4	43
6:39:50	41	0,4	43
6:40:00	41	0,4	43
6:40:10	41	0,4	43
6:40:20	41	0,4	43
6:40:30	41	0,4	43
6:40:40	41	0,4	43
6:40:50	41	0,4	43
6:41:00	41	0,4	43
6:41:10	41	0,4	43
6:41:20	41	0,4	43
6:41:30	41	0,4	43
6:41:40	41	0,4	43
6:41:50	41	0,4	43
6:42:00	41	0,4	43
6:42:10	41	0,4	43
6:42:20	41	0,4	43
6:42:30	41	0,4	43
6:42:40	41	0,4	43
6:42:50	41	0,4	43
6:43:00	41	0,4	43
6:43:10	41	0,4	43
6:43:20	41	0,4	43
6:43:30	41	0,4	43
6:43:40	41	0,4	43
6:43:50	41	0,4	43
6:44:00	41	0,5	43
6:44:10	41	0,5	43
6:44:20	41	0,5	43
6:44:30	41	0,5	43
6:44:40	41	0,5	43
6:44:50	41	0,5	43
6:45:00	41	0,5	43
6:45:10	41	0,5	43
6:45:20	41	0,5	43
6:45:30	41	0,5	43
6:45:40	41	0,5	43
6:45:50	41	0,5	43
6:46:00	41	0,5	43
6:46:10	41	0,5	43
6:46:20	41	0,5	43
6:46:30	41	0,5	43
6:46:40	41	0,5	43
6:46:50	41	0,5	43
6:47:00	41	0,5	43
6:47:10	41	0,5	43
6:47:20	41	0,5	43
6:47:30	41	0,5	43
6:47:40	41	0,5	43
6:47:50	41	0,5	43
6:48:00	41	0,5	43
6:48:10	41	0,5	43
6:48:20	41	0,5	43
6:48:30	41	0,5	43
6:48:40	41	0,5	43
6:48:50	41	0,5	43
6:49:00	41	0,5	43
6:49:10	41	0,5	43
6:49:20	41	0,5	43
6:49:30	41	0,5	44
6:49:40	41	0,5	44
6:49:50	41	0,5	44
6:50:00	41	0,5	44
6:50:10	41	0,4	44
6:50:20	41	0,4	44
6:50:30	41	0,4	44
6:50:40	41	0,4	44
6:50:50	41	0,5	44
6:51:00	41	0,4	44
6:51:10	41	0,4	44
6:51:20	41	0,4	44
6:51:30	41	0,4	44
6:51:40	41	0,4	44
6:51:50	41	0,4	45
6:52:00	41	0,4	45
6:52:10	41	0,4	45
6:52:20	41	0,4	45
6:52:30	41	0,4	45
6:52:40	41	0,4	45
6:52:50	41	0,4	45
6:53:00	41	0,4	45
6:53:10	41	0,4	45
6:53:20	41	0,4	45
6:53:30	41	0,4	45
6:53:40	41	0,4	45
6:53:50	41	0,4	45
6:54:00	41	0,4	45
6:54:10	41	0,4	45
6:54:20	41	0,4	45
6:54:30	41	0,4	45
6:54:40	41	0,4	45
6:54:50	41	0,4	45
6:55:00	41	0,4	46
6:55:10	41	0,4	46
6:55:20	41	0,4	46
6:55:30	41	0,4	46
6:55:40	41	0,4	46
6:55:50	41	0,4	46
6:56:00	41	0,4	46
6:56:10	41	0,4	46
6:56:20	41	0,4	46
6:56:30	41	0,4	46
6:56:40	41	0,5	46
6:56:50	41	0,5	46
6:57:00	41	0,5	47
6:57:10	41	0,5	46
6:57:20	41	0,5	46
6:57:30	41	0,5	47
6:57:40	41	0,5	47
6:57:50	41	0,5	47
6:58:00	41	0,5	47
6:58:10	41	0,5	47
6:58:20	41	0,5	47
6:58:30	41	0,5	47
6:58:40	41	0,5	47
6:58:50	41	0,5	47
6:59:00	41	0,5	47
6:59:10	41	0,5	47
6:59:20	41	0,5	47
6:59:30	41	0,5	47
6:59:40	41	0,5	47
6:59:50	41	0,5	47
7:00:00	41	0,5	47
7:00:10	41	0,5	47
7:00:20	41	0,5	47
7:00:30	41	0,5	48
7:00:40	41	0,5	47
7:00:50	41	0,5	48
7:01:00	41	0,5	48
7:01:10	41	0,5	48
7:01:20	41	0,5	48
7:01:30	41	0,5	48
7:01:40	41	0,5	48
7:01:50	41	0,5	48
7:02:00	41	0,5	48
7:02:10	41	0,5	48
7:02:20	41	0,4	48
7:02:30	41	0,5	48
7:02:40	41	0,4	48
7:02:50	41	0,4	48
7:03:00	41	0,4	48
7:03:10	41	0,4	48
7:03:20	41	0,4	49
7:03:30	41	0,4	49
7:03:40	41	0,4	49
7:03:50	41	0,4	49
7:04:00	41	0,4	49
7:04:10	41	0,4	49
7:04:20	41	0,4	49
7:04:30	41	0,4	49
7:04:40	41	0,4	49
7:04:50	41	0,4	49
7:05:00	41	0,4	49
7:05:10	41	0,4	49
7:05:20	41	0,4	49
7:05:30	41	0,4	49
7:05:40	41	0,4	50
7:05:50	41	0,4	50
7:06:00	41	0,4	50
7:06:10	41	0,4	50
7:06:20	41	0,4	50
7:06:30	41	0,4	50
7:06:40	41	0,4	50
7:06:50	41	0,4	51
7:07:00	41	0,4	51
7:07:10	41	0,4	51
7:07:20	41	0,4	51
7:07:30	41	0,4	51
7:07:40	41	0,4	51
7:07:50	41	0,4	51
7:08:00	41	0,4	51
7:08:10	41	0,4	51
7:08:20	41	0,4	52
7:08:30	41	0,4	54
7:08:40	41	0,4	53
7:08:50	41	0,4	53
7:09:00	41	0,4	53
7:09:10	41	0,4	53
7:09:20	41	0,5	53
7:09:30	41	0,5	53
7:09:40	41	0,5	53
7:09:50	41	0,5	54
7:10:00	41	0,5	54
7:10:10	41	0,5	54
7:10:20	41	0,5	54
7:10:30	41	0,5	54
7:10:40	41	0,5	54
7:10:50	41	0,5	54
7:11:00	41	0,5	54
7:11:10	41	0,5	54
7:11:20	41	0,5	54
7:11:30	41	0,5	54
7:11:40	41	0,5	54
7:11:50	41	0,5	54
7:12:00	41	0,5	54
7:12:10	41	0,5	54
7:12:20	41	0,5	54
7:12:30	41	0,5	54
7:12:40	41	0,5	54
7:12:50	41	0,5	55
7:13:00	41	0,5	55
7:13:10	41	0,5	55
7:13:20	41	0,5	55
7:13:30	41	0,5	55
7:13:40	41	0,5	55
7:13:50	41	0,5	55
7:14:00	41	0,5	55
7:14:10	41	0,5	56
7:14:20	41	0,5	56
7:14:30	41	0,5	56
7:14:40	41	0,5	56
7:14:50	41	0,5	56
7:15:00	41	0,5	56
7:15:10	41	0,5	56
7:15:20	41	0,4	56
7:15:30	41	0,4	56
7:15:40	41	0,4	56
7:15:50	41	0,4	57
7:16:00	41	0,4	57
7:16:10	41	0,4	57
7:16:20	41	0,4	57
7:16:30	41	0,4	57
7:16:40	41	0,4	57
7:16:50	41	0,4	57
7:17:00	41	0,4	57
7:17:10	41	0,4	58
7:17:20	41	0,4	58
7:17:30	41	0,4	58
7:17:40	41	0,4	58
7:17:50	41	0,4	59
7:18:00	41	0,4	59
7:18:10	41	0,4	59
7:18:20	41	0,4	59
7:18:30	41	0,4	59
7:18:40	41	0,4	59
7:18:50	41	0,4	59
7:19:00	41	0,4	59
7:19:10	41	0,4	59
7:19:20	41	0,4	59
7:19:30	41	0,4	60
7:19:40	41	0,4	60
7:19:50	41	0,4	60
7:20:00	41	0,4	60
7:20:10	41	0,4	60
7:20:20	41	0,4	60
7:20:30	41	0,4	60
7:20:40	41	0,4	62
7:20:50	41	0,4	61
7:21:00	41	0,4	61
7:21:10	41	0,4	61
7:21:20	41	0,4	62
7:21:30	41	0,4	63
7:21:40	41	0,4	62
7:21:50	41	0,4	62
7:22:00	41	0,4	62
7:22:10	41	0,5	62
7:22:20	41	0,5	62
7:22:30	41	0,5	62
7:22:40	41	0,5	63
7:22:50	41	0,5	63
7:23:00	41	0,5	63
7:23:10	41	0,5	63
7:23:20	41	0,5	63
7:23:30	41	0,5	64
7:23:40	41	0,5	64
7:23:50	41	0,5	64
7:24:00	41	0,5	64
7:24:10	41	0,5	64
7:24:20	41	0,4	65
7:24:30	41	0,5	64
7:24:40	41	0,5	65
7:24:50	41	0,5	65
7:25:00	41	0,5	65
7:25:10	41	0,5	65
7:25:20	41	0,5	65
7:25:30	41	0,5	65
7:25:40	41	0,5	65
7:25:50	41	0,5	66
7:26:00	41	0,5	66
7:26:10	41	0,5	67
7:26:20	41	0,5	67
7:26:30	41	0,5	67
7:26:40	41	0,5	68
7:26:50	41	0,4	69
7:27:00	41	0,4	69
7:27:10	41	0,4	70
7:27:20	41	0,4	70
7:27:30	41	0,4	70
7:27:40	41	0,4	70
