--Test Summary--
Full Path and File Name	
Instrument Name	UCA Left Cell
Instrument Type	Model 4262 Twin Cell UCA
Instrument Serial Number	
Test Start Date	30.05.2013
Test Start Time	9:28:43
Test Stop Date	31.05.2013
Test Stop Time	10:05:20
Test Length	24:36:37
Final Sample Time Offset	24:36:30
Controller Schedule Name	
Sampling Period	30 seconds
Comments	T: 70C (30min), 85C (240min); P: 3000psi; tap water.
Information	WellID	Research
Information	Customer	Trican
Information	EngName	Aleksanyan Mikhail
Information	CementClass	100%G
Information	CementMfr	Dyckerhoff - Suhoy Log
Information	Additives	5%TA-4+0,7CFL-6+0,2%LTR+0,1%TC-101 (BWOC)
Information	Density	1900
Information	BHCT	70
Information	BHST	85
Information	FluidLoss	
Information	JobType	Liner
Calculated Value	CS_50	10:12:00
Calculated Value	CS_500	11:21:30
Calculated Value	CS_Time8h	0,00 MPa
Calculated Value	CS_Time12h	7,38 MPa
Calculated Value	CS_Time24h	29,18 MPa
Calculated Value	CS_Time48h	N/A
Calculated Value	CS_Time72h	N/A
Calculated Curve	Compressive Strength	Compressive strength type B (more than 14 lb/gal)
Initial Temperature (°C)	24 °C
Final Temperature (°C)	84 °C
Initial Transit Time (microsec/in)	15,28 microsec/in
Final Transit Time (microsec/in)	7,70 microsec/in
Initial Compressive Strength (MPa)	0,00 MPa
Final Compressive Strength (MPa)	29,46 MPa
--Data--
Time (HH:MM:SS)	Temperature (°C)	Transit Time (microsec/in)	Compressive Strength (MPa)
0:00:00	24	15,28	0,00
0:00:30	24	15,28	0,00
0:01:00	24	15,29	0,00
0:01:30	24	15,30	0,00
0:02:00	24	15,30	0,00
0:02:30	24	15,30	0,00
0:03:00	24	15,31	0,00
0:03:30	24	15,31	0,00
0:04:00	24	15,31	0,00
0:04:30	25	15,31	0,00
0:05:00	25	15,32	0,00
0:05:30	25	15,32	0,00
0:06:00	26	15,32	0,00
0:06:30	26	15,32	0,00
0:07:00	27	15,31	0,00
0:07:30	28	15,31	0,00
0:08:00	28	15,31	0,00
0:08:30	29	15,30	0,00
0:09:00	30	15,28	0,00
0:09:30	31	15,28	0,00
0:10:00	32	15,25	0,01
0:10:30	33	15,25	0,01
0:11:00	34	15,22	0,02
0:11:30	34	15,20	0,03
0:12:00	35	15,18	0,04
0:12:30	36	15,16	0,05
0:13:00	37	15,15	0,05
0:13:30	37	15,12	0,06
0:14:00	38	15,11	0,07
0:14:30	39	15,09	0,08
0:15:00	40	15,07	0,09
0:15:30	40	15,05	0,10
0:16:00	41	15,04	0,10
0:16:30	42	15,02	0,11
0:17:00	43	15,00	0,11
0:17:30	43	14,98	0,12
0:18:00	44	15,06	0,09
0:18:30	45	15,04	0,10
0:19:00	46	15,03	0,11
0:19:30	47	15,00	0,11
0:20:00	48	14,98	0,12
0:20:30	49	14,96	0,13
0:21:00	50	14,94	0,14
0:21:30	51	14,92	0,15
0:22:00	52	14,90	0,16
0:22:30	53	14,88	0,17
0:23:00	54	14,86	0,18
0:23:30	55	14,86	0,18
0:24:00	55	14,85	0,19
0:24:30	56	14,83	0,19
0:25:00	57	14,82	0,20
0:25:30	58	14,82	0,20
0:26:00	58	14,82	0,20
0:26:30	59	14,80	0,21
0:27:00	60	14,80	0,21
0:27:30	61	14,80	0,21
0:28:00	61	14,79	0,21
0:28:30	62	14,79	0,21
0:29:00	63	14,79	0,21
0:29:30	64	14,78	0,22
0:30:00	65	14,91	0,15
0:30:30	66	14,89	0,17
0:31:00	67	14,88	0,17
0:31:30	68	14,86	0,18
0:32:00	69	14,85	0,19
0:32:30	69	14,84	0,19
0:33:00	70	14,82	0,20
0:33:30	71	14,81	0,20
0:34:00	72	14,80	0,21
0:34:30	72	14,80	0,21
0:35:00	72	14,91	0,16
0:35:30	73	14,90	0,16
0:36:00	73	14,89	0,17
0:36:30	73	14,89	0,17
0:37:00	73	14,88	0,17
0:37:30	74	14,88	0,17
0:38:00	74	14,88	0,17
0:38:30	74	14,88	0,17
0:39:00	74	14,88	0,17
0:39:30	74	14,88	0,17
0:40:00	74	14,88	0,17
0:40:30	74	14,88	0,17
0:41:00	74	14,88	0,17
0:41:30	74	14,89	0,17
0:42:00	74	14,89	0,17
0:42:30	74	14,89	0,17
0:43:00	74	14,89	0,17
0:43:30	73	14,90	0,16
0:44:00	73	14,90	0,16
0:44:30	73	14,91	0,16
0:45:00	73	14,91	0,16
0:45:30	73	14,91	0,16
0:46:00	73	14,91	0,16
0:46:30	73	14,91	0,15
0:47:00	73	14,91	0,15
0:47:30	73	14,92	0,15
0:48:00	72	14,92	0,15
0:48:30	72	14,92	0,15
0:49:00	72	14,93	0,15
0:49:30	72	14,93	0,15
0:50:00	72	14,94	0,14
0:50:30	72	14,94	0,14
0:51:00	72	14,94	0,14
0:51:30	72	14,93	0,15
0:52:00	72	14,94	0,14
0:52:30	72	14,93	0,15
0:53:00	72	14,94	0,14
0:53:30	72	14,94	0,14
0:54:00	72	14,94	0,14
0:54:30	72	14,94	0,14
0:55:00	72	14,94	0,14
0:55:30	72	14,94	0,14
0:56:00	72	14,94	0,14
0:56:30	72	14,95	0,14
0:57:00	72	14,95	0,14
0:57:30	72	14,95	0,14
0:58:00	72	14,95	0,14
0:58:30	72	14,87	0,18
0:59:00	72	14,88	0,17
0:59:30	72	14,88	0,17
1:00:00	72	14,88	0,17
1:00:30	72	14,88	0,17
1:01:00	72	14,88	0,17
1:01:30	72	14,88	0,17
1:02:00	72	14,88	0,17
1:02:30	72	14,88	0,17
1:03:00	72	14,88	0,17
1:03:30	72	14,89	0,17
1:04:00	72	14,89	0,17
1:04:30	72	14,89	0,17
1:05:00	72	14,89	0,17
1:05:30	72	14,89	0,17
1:06:00	72	14,89	0,17
1:06:30	72	14,89	0,17
1:07:00	72	14,89	0,17
1:07:30	72	14,89	0,17
1:08:00	72	14,89	0,17
1:08:30	72	14,89	0,17
1:09:00	72	14,90	0,16
1:09:30	72	14,90	0,16
1:10:00	72	14,90	0,16
1:10:30	72	14,90	0,16
1:11:00	72	14,90	0,16
1:11:30	72	14,90	0,16
1:12:00	72	14,90	0,16
1:12:30	72	14,90	0,16
1:13:00	72	14,91	0,16
1:13:30	72	14,91	0,16
1:14:00	72	14,91	0,16
1:14:30	72	14,91	0,16
1:15:00	72	14,91	0,16
1:15:30	72	14,91	0,16
1:16:00	72	14,91	0,16
1:16:30	73	14,91	0,16
1:17:00	73	14,91	0,16
1:17:30	73	14,91	0,15
1:18:00	73	14,91	0,15
1:18:30	73	14,91	0,15
1:19:00	73	14,91	0,15
1:19:30	73	14,91	0,15
1:20:00	73	14,91	0,15
1:20:30	73	14,91	0,15
1:21:00	73	14,91	0,15
1:21:30	73	14,91	0,15
1:22:00	73	14,91	0,15
1:22:30	73	14,91	0,15
1:23:00	73	14,92	0,15
1:23:30	73	14,92	0,15
1:24:00	73	14,92	0,15
1:24:30	73	14,92	0,15
1:25:00	73	14,92	0,15
1:25:30	73	14,92	0,15
1:26:00	73	14,92	0,15
1:26:30	73	14,92	0,15
1:27:00	73	14,92	0,15
1:27:30	73	14,92	0,15
1:28:00	73	14,92	0,15
1:28:30	73	14,93	0,15
1:29:00	73	14,93	0,15
1:29:30	73	14,93	0,15
1:30:00	73	14,93	0,15
1:30:30	73	14,93	0,15
1:31:00	73	14,93	0,15
1:31:30	73	14,93	0,15
1:32:00	73	14,94	0,14
1:32:30	73	14,94	0,14
1:33:00	73	14,89	0,17
1:33:30	74	14,89	0,17
1:34:00	74	14,89	0,17
1:34:30	74	14,89	0,17
1:35:00	74	14,89	0,17
1:35:30	74	14,90	0,16
1:36:00	74	14,90	0,16
1:36:30	74	14,90	0,16
1:37:00	74	14,90	0,16
1:37:30	74	14,90	0,16
1:38:00	74	14,90	0,16
1:38:30	74	14,90	0,16
1:39:00	74	14,90	0,16
1:39:30	74	14,90	0,16
1:40:00	74	14,90	0,16
1:40:30	74	14,90	0,16
1:41:00	74	14,91	0,16
1:41:30	74	14,91	0,16
1:42:00	74	14,91	0,16
1:42:30	74	14,91	0,16
1:43:00	74	14,91	0,16
1:43:30	74	14,91	0,15
1:44:00	74	14,91	0,16
1:44:30	74	14,91	0,15
1:45:00	74	14,91	0,15
1:45:30	74	14,91	0,16
1:46:00	74	14,91	0,15
1:46:30	74	14,91	0,15
1:47:00	74	14,91	0,15
1:47:30	74	14,91	0,15
1:48:00	74	14,91	0,15
1:48:30	74	14,92	0,15
1:49:00	74	14,92	0,15
1:49:30	74	14,92	0,15
1:50:00	74	14,92	0,15
1:50:30	75	14,92	0,15
1:51:00	75	14,92	0,15
1:51:30	75	14,92	0,15
1:52:00	75	14,92	0,15
1:52:30	75	14,92	0,15
1:53:00	75	14,92	0,15
1:53:30	75	14,93	0,15
1:54:00	75	14,93	0,15
1:54:30	75	14,93	0,15
1:55:00	75	14,93	0,15
1:55:30	75	14,93	0,15
1:56:00	75	14,93	0,15
1:56:30	75	14,94	0,14
1:57:00	75	14,93	0,15
1:57:30	75	14,94	0,14
1:58:00	75	14,94	0,14
1:58:30	75	14,94	0,14
1:59:00	75	14,94	0,14
1:59:30	75	14,94	0,14
2:00:00	75	14,95	0,14
2:00:30	75	14,95	0,14
2:01:00	75	14,95	0,14
2:01:30	75	14,95	0,14
2:02:00	75	14,95	0,14
2:02:30	75	14,95	0,14
2:03:00	75	14,95	0,14
2:03:30	75	14,95	0,14
2:04:00	75	14,95	0,14
2:04:30	75	14,95	0,14
2:05:00	75	14,95	0,14
2:05:30	75	14,95	0,14
2:06:00	75	14,95	0,14
2:06:30	75	14,95	0,14
2:07:00	76	14,95	0,14
2:07:30	76	14,95	0,14
2:08:00	76	14,95	0,14
2:08:30	76	14,96	0,13
2:09:00	76	14,96	0,13
2:09:30	76	14,96	0,13
2:10:00	76	14,96	0,13
2:10:30	76	14,96	0,13
2:11:00	76	14,97	0,13
2:11:30	76	14,96	0,13
2:12:00	76	14,96	0,13
2:12:30	76	14,97	0,13
2:13:00	76	14,97	0,13
2:13:30	76	14,97	0,13
2:14:00	76	14,97	0,13
2:14:30	76	14,97	0,13
2:15:00	76	14,97	0,13
2:15:30	76	14,97	0,13
2:16:00	76	14,97	0,13
2:16:30	76	14,97	0,13
2:17:00	76	14,98	0,13
2:17:30	76	14,98	0,13
2:18:00	76	14,97	0,13
2:18:30	76	14,98	0,13
2:19:00	76	14,98	0,13
2:19:30	76	14,98	0,13
2:20:00	76	14,98	0,13
2:20:30	76	14,98	0,13
2:21:00	76	14,98	0,13
2:21:30	76	14,98	0,13
2:22:00	76	14,98	0,12
2:22:30	76	14,98	0,13
2:23:00	76	14,98	0,13
2:23:30	77	14,98	0,13
2:24:00	77	14,98	0,12
2:24:30	77	14,98	0,12
2:25:00	77	14,98	0,12
2:25:30	77	14,98	0,12
2:26:00	77	14,98	0,12
2:26:30	77	14,98	0,12
2:27:00	77	14,98	0,12
2:27:30	77	14,98	0,12
2:28:00	77	14,98	0,12
2:28:30	77	14,99	0,12
2:29:00	77	14,99	0,12
2:29:30	77	14,98	0,12
2:30:00	77	14,99	0,12
2:30:30	77	14,99	0,12
2:31:00	77	14,99	0,12
2:31:30	77	14,99	0,12
2:32:00	77	14,99	0,12
2:32:30	77	14,99	0,12
2:33:00	77	15,00	0,12
2:33:30	77	14,99	0,12
2:34:00	77	15,00	0,12
2:34:30	77	15,00	0,12
2:35:00	77	15,00	0,12
2:35:30	77	15,00	0,12
2:36:00	77	15,00	0,12
2:36:30	77	15,00	0,12
2:37:00	77	15,00	0,12
2:37:30	77	15,00	0,11
2:38:00	77	15,00	0,12
2:38:30	77	15,00	0,11
2:39:00	77	15,00	0,11
2:39:30	78	15,00	0,11
2:40:00	78	15,00	0,11
2:40:30	78	15,00	0,11
2:41:00	78	15,00	0,11
2:41:30	78	15,00	0,11
2:42:00	78	15,00	0,11
2:42:30	78	15,01	0,11
2:43:00	78	15,01	0,11
2:43:30	78	15,01	0,11
2:44:00	78	15,01	0,11
2:44:30	78	15,01	0,11
2:45:00	78	15,01	0,11
2:45:30	78	15,01	0,11
2:46:00	78	15,01	0,11
2:46:30	78	15,01	0,11
2:47:00	78	15,01	0,11
2:47:30	78	15,01	0,11
2:48:00	78	15,01	0,11
2:48:30	78	15,02	0,11
2:49:00	78	15,01	0,11
2:49:30	78	15,02	0,11
2:50:00	78	15,02	0,11
2:50:30	78	15,01	0,11
2:51:00	78	15,02	0,11
2:51:30	78	15,02	0,11
2:52:00	78	15,02	0,11
2:52:30	78	15,02	0,11
2:53:00	78	15,02	0,11
2:53:30	78	15,02	0,11
2:54:00	78	15,03	0,11
2:54:30	78	15,03	0,11
2:55:00	78	15,03	0,11
2:55:30	78	15,03	0,11
2:56:00	79	15,03	0,11
2:56:30	79	15,03	0,11
2:57:00	79	15,03	0,11
2:57:30	79	15,03	0,11
2:58:00	79	15,03	0,11
2:58:30	79	15,03	0,11
2:59:00	79	15,03	0,11
2:59:30	79	15,03	0,11
3:00:00	79	15,03	0,11
3:00:30	79	15,04	0,10
3:01:00	79	15,04	0,10
3:01:30	79	15,04	0,10
3:02:00	79	15,03	0,11
3:02:30	79	15,04	0,10
3:03:00	79	15,04	0,10
3:03:30	79	15,04	0,10
3:04:00	79	15,04	0,10
3:04:30	79	15,04	0,10
3:05:00	79	15,04	0,10
3:05:30	79	15,04	0,10
3:06:00	79	15,04	0,10
3:06:30	79	15,04	0,10
3:07:00	79	15,04	0,10
3:07:30	79	15,04	0,10
3:08:00	79	15,04	0,10
3:08:30	79	15,04	0,10
3:09:00	79	15,04	0,10
3:09:30	79	15,04	0,10
3:10:00	79	15,04	0,10
3:10:30	79	15,04	0,10
3:11:00	79	15,04	0,10
3:11:30	79	15,04	0,10
3:12:00	80	15,05	0,10
3:12:30	80	15,04	0,10
3:13:00	80	15,05	0,10
3:13:30	80	15,04	0,10
3:14:00	80	15,05	0,10
3:14:30	80	15,05	0,10
3:15:00	80	15,05	0,10
3:15:30	80	15,05	0,10
3:16:00	80	15,05	0,10
3:16:30	80	15,05	0,10
3:17:00	80	15,05	0,10
3:17:30	80	15,06	0,09
3:18:00	80	15,06	0,09
3:18:30	80	15,06	0,09
3:19:00	80	15,06	0,09
3:19:30	80	15,06	0,09
3:20:00	80	15,06	0,09
3:20:30	80	15,06	0,09
3:21:00	80	15,06	0,09
3:21:30	80	15,06	0,09
3:22:00	80	15,06	0,09
3:22:30	80	15,06	0,09
3:23:00	80	15,06	0,09
3:23:30	80	15,06	0,09
3:24:00	80	15,06	0,09
3:24:30	80	15,06	0,09
3:25:00	80	15,06	0,09
3:25:30	80	15,07	0,09
3:26:00	80	15,07	0,09
3:26:30	80	15,07	0,09
3:27:00	80	15,07	0,09
3:27:30	80	15,07	0,09
3:28:00	81	15,07	0,09
3:28:30	81	15,07	0,09
3:29:00	81	15,07	0,09
3:29:30	81	15,08	0,08
3:30:00	81	15,08	0,08
3:30:30	81	15,08	0,08
3:31:00	81	15,08	0,08
3:31:30	81	15,08	0,08
3:32:00	81	15,08	0,08
3:32:30	81	15,08	0,08
3:33:00	81	15,08	0,08
3:33:30	81	15,08	0,08
3:34:00	81	15,08	0,08
3:34:30	81	15,09	0,08
3:35:00	81	15,09	0,08
3:35:30	81	15,09	0,08
3:36:00	81	15,09	0,08
3:36:30	81	15,09	0,08
3:37:00	81	15,09	0,08
3:37:30	81	15,09	0,08
3:38:00	81	15,09	0,08
3:38:30	81	15,09	0,08
3:39:00	81	15,09	0,08
3:39:30	81	15,09	0,08
3:40:00	81	15,09	0,08
3:40:30	81	15,09	0,08
3:41:00	81	15,09	0,08
3:41:30	81	15,10	0,07
3:42:00	81	15,09	0,08
3:42:30	81	15,09	0,08
3:43:00	81	15,10	0,07
3:43:30	81	15,10	0,07
3:44:00	81	15,10	0,07
3:44:30	82	15,10	0,07
3:45:00	82	15,10	0,07
3:45:30	82	15,10	0,07
3:46:00	82	15,10	0,07
3:46:30	82	15,10	0,07
3:47:00	82	15,10	0,07
3:47:30	82	15,11	0,07
3:48:00	82	15,10	0,07
3:48:30	82	15,11	0,07
3:49:00	82	15,11	0,07
3:49:30	82	15,11	0,07
3:50:00	82	15,11	0,07
3:50:30	82	15,11	0,07
3:51:00	82	15,11	0,07
3:51:30	82	15,11	0,07
3:52:00	82	15,12	0,07
3:52:30	82	15,12	0,07
3:53:00	82	15,11	0,07
3:53:30	82	15,11	0,07
3:54:00	82	15,12	0,07
3:54:30	82	15,12	0,07
3:55:00	82	15,12	0,07
3:55:30	82	15,12	0,07
3:56:00	82	15,12	0,06
3:56:30	82	15,12	0,06
3:57:00	82	15,12	0,06
3:57:30	82	15,12	0,06
3:58:00	82	15,12	0,06
3:58:30	82	15,12	0,06
3:59:00	82	15,12	0,06
3:59:30	82	15,13	0,06
4:00:00	83	15,13	0,06
4:00:30	83	15,13	0,06
4:01:00	83	15,13	0,06
4:01:30	83	15,13	0,06
4:02:00	83	15,14	0,06
4:02:30	83	15,13	0,06
4:03:00	83	15,13	0,06
4:03:30	83	15,14	0,06
4:04:00	83	15,14	0,06
4:04:30	83	15,13	0,06
4:05:00	83	15,14	0,06
4:05:30	83	15,14	0,06
4:06:00	83	15,14	0,06
4:06:30	83	15,15	0,05
4:07:00	83	15,15	0,05
4:07:30	83	15,14	0,06
4:08:00	83	15,15	0,05
4:08:30	83	15,15	0,05
4:09:00	83	15,15	0,05
4:09:30	83	15,15	0,05
4:10:00	83	15,16	0,05
4:10:30	83	15,15	0,05
4:11:00	83	15,16	0,05
4:11:30	83	15,16	0,05
4:12:00	83	15,15	0,05
4:12:30	83	15,16	0,05
4:13:00	83	15,16	0,05
4:13:30	83	15,16	0,05
4:14:00	83	15,16	0,05
4:14:30	83	15,16	0,05
4:15:00	83	15,16	0,05
4:15:30	83	15,16	0,05
4:16:00	84	15,16	0,05
4:16:30	84	15,16	0,05
4:17:00	84	15,16	0,05
4:17:30	84	15,16	0,05
4:18:00	84	15,16	0,05
4:18:30	84	15,16	0,05
4:19:00	84	15,16	0,05
4:19:30	84	15,16	0,05
4:20:00	84	15,16	0,05
4:20:30	84	15,16	0,05
4:21:00	84	15,17	0,05
4:21:30	84	15,16	0,05
4:22:00	84	15,17	0,05
4:22:30	84	15,17	0,05
4:23:00	84	15,17	0,05
4:23:30	84	15,18	0,04
4:24:00	84	15,17	0,05
4:24:30	84	15,17	0,05
4:25:00	84	15,18	0,04
4:25:30	84	15,17	0,05
4:26:00	84	15,17	0,05
4:26:30	84	15,18	0,04
4:27:00	84	15,18	0,04
4:27:30	84	15,18	0,04
4:28:00	84	15,18	0,04
4:28:30	84	15,18	0,04
4:29:00	84	15,18	0,04
4:29:30	84	15,18	0,04
4:30:00	84	15,18	0,04
4:30:30	84	15,19	0,04
4:31:00	84	15,19	0,04
4:31:30	84	15,18	0,04
4:32:00	84	15,19	0,04
4:32:30	85	15,18	0,04
4:33:00	85	15,19	0,04
4:33:30	85	15,18	0,04
4:34:00	85	15,20	0,03
4:34:30	85	15,19	0,04
4:35:00	85	15,20	0,03
4:35:30	85	15,21	0,03
4:36:00	85	15,20	0,03
4:36:30	85	15,20	0,03
4:37:00	85	15,20	0,03
4:37:30	85	15,21	0,03
4:38:00	85	15,21	0,03
4:38:30	85	15,21	0,03
4:39:00	85	15,21	0,03
4:39:30	85	15,21	0,03
4:40:00	85	15,21	0,03
4:40:30	85	15,22	0,02
4:41:00	85	15,22	0,02
4:41:30	85	15,21	0,03
4:42:00	85	15,21	0,03
4:42:30	85	15,22	0,02
4:43:00	85	15,22	0,02
4:43:30	85	15,22	0,02
4:44:00	85	15,22	0,02
4:44:30	85	15,23	0,02
4:45:00	85	15,22	0,02
4:45:30	85	15,22	0,02
4:46:00	85	15,23	0,02
4:46:30	85	15,24	0,02
4:47:00	85	15,23	0,02
4:47:30	85	15,23	0,02
4:48:00	85	15,23	0,02
4:48:30	85	15,24	0,02
4:49:00	85	15,24	0,02
4:49:30	85	15,24	0,02
4:50:00	85	15,25	0,01
4:50:30	85	15,25	0,01
4:51:00	85	15,25	0,01
4:51:30	85	15,25	0,01
4:52:00	85	15,25	0,01
4:52:30	85	15,25	0,01
4:53:00	85	15,25	0,01
4:53:30	85	15,25	0,01
4:54:00	85	15,25	0,01
4:54:30	85	15,25	0,01
4:55:00	85	15,25	0,01
4:55:30	85	15,25	0,01
4:56:00	85	15,26	0,01
4:56:30	85	15,25	0,01
4:57:00	85	15,25	0,01
4:57:30	85	15,26	0,01
4:58:00	85	15,26	0,01
4:58:30	85	15,26	0,01
4:59:00	85	15,27	0,01
4:59:30	85	15,26	0,01
5:00:00	85	15,26	0,01
5:00:30	85	15,27	0,01
5:01:00	85	15,27	0,01
5:01:30	85	15,27	0,01
5:02:00	85	15,27	0,01
5:02:30	85	15,28	0,00
5:03:00	85	15,28	0,00
5:03:30	85	15,28	0,00
5:04:00	85	15,28	0,00
5:04:30	85	15,28	0,00
5:05:00	85	15,28	0,00
5:05:30	85	15,28	0,00
5:06:00	85	15,28	0,00
5:06:30	85	15,28	0,00
5:07:00	85	15,28	0,00
5:07:30	85	15,28	0,00
5:08:00	85	15,28	0,00
5:08:30	85	15,28	0,00
5:09:00	85	15,29	0,00
5:09:30	85	15,28	0,00
5:10:00	85	15,28	0,00
5:10:30	85	15,29	0,00
5:11:00	85	15,29	0,00
5:11:30	85	15,29	0,00
5:12:00	85	15,29	0,00
5:12:30	84	15,29	0,00
5:13:00	84	15,29	0,00
5:13:30	84	15,30	0,00
5:14:00	85	15,29	0,00
5:14:30	84	15,30	0,00
5:15:00	84	15,30	0,00
5:15:30	85	15,30	0,00
5:16:00	84	15,30	0,00
5:16:30	84	15,30	0,00
5:17:00	84	15,31	0,00
5:17:30	84	15,30	0,00
5:18:00	84	15,30	0,00
5:18:30	84	15,31	0,00
5:19:00	85	15,31	0,00
5:19:30	84	15,31	0,00
5:20:00	84	15,32	0,00
5:20:30	84	15,33	0,00
5:21:00	84	15,32	0,00
5:21:30	84	15,32	0,00
5:22:00	84	15,32	0,00
5:22:30	84	15,33	0,00
5:23:00	84	15,33	0,00
5:23:30	84	15,32	0,00
5:24:00	84	15,33	0,00
5:24:30	84	15,33	0,00
5:25:00	84	15,33	0,00
5:25:30	84	15,33	0,00
5:26:00	84	15,34	0,00
5:26:30	84	15,34	0,00
5:27:00	84	15,34	0,00
5:27:30	84	15,33	0,00
5:28:00	84	15,34	0,00
5:28:30	84	15,34	0,00
5:29:00	84	15,34	0,00
5:29:30	84	15,34	0,00
5:30:00	84	15,34	0,00
5:30:30	84	15,34	0,00
5:31:00	84	15,34	0,00
5:31:30	84	15,34	0,00
5:32:00	84	15,35	0,00
5:32:30	84	15,35	0,00
5:33:00	84	15,35	0,00
5:33:30	84	15,34	0,00
5:34:00	84	15,35	0,00
5:34:30	84	15,35	0,00
5:35:00	84	15,36	0,00
5:35:30	84	15,36	0,00
5:36:00	84	15,36	0,00
5:36:30	84	15,36	0,00
5:37:00	84	15,36	0,00
5:37:30	84	15,36	0,00
5:38:00	84	15,36	0,00
5:38:30	84	15,36	0,00
5:39:00	84	15,36	0,00
5:39:30	84	15,36	0,00
5:40:00	84	15,36	0,00
5:40:30	84	15,37	0,00
5:41:00	84	15,36	0,00
5:41:30	84	15,36	0,00
5:42:00	84	15,36	0,00
5:42:30	84	15,38	0,00
5:43:00	84	15,37	0,00
5:43:30	84	15,36	0,00
5:44:00	84	15,37	0,00
5:44:30	84	15,38	0,00
5:45:00	84	15,38	0,00
5:45:30	84	15,37	0,00
5:46:00	84	15,38	0,00
5:46:30	84	15,38	0,00
5:47:00	84	15,38	0,00
5:47:30	84	15,38	0,00
5:48:00	84	15,39	0,00
5:48:30	84	15,39	0,00
5:49:00	84	15,39	0,00
5:49:30	84	15,39	0,00
5:50:00	84	15,39	0,00
5:50:30	84	15,39	0,00
5:51:00	84	15,39	0,00
5:51:30	84	15,39	0,00
5:52:00	84	15,40	0,00
5:52:30	84	15,39	0,00
5:53:00	84	15,40	0,00
5:53:30	84	15,40	0,00
5:54:00	84	15,39	0,00
5:54:30	84	15,39	0,00
5:55:00	84	15,40	0,00
5:55:30	84	15,41	0,00
5:56:00	84	15,40	0,00
5:56:30	84	15,40	0,00
5:57:00	84	15,40	0,00
5:57:30	84	15,40	0,00
5:58:00	84	15,42	0,00
5:58:30	84	15,41	0,00
5:59:00	84	15,41	0,00
5:59:30	84	15,41	0,00
6:00:00	84	15,41	0,00
6:00:30	84	15,41	0,00
6:01:00	84	15,41	0,00
6:01:30	84	15,41	0,00
6:02:00	84	15,42	0,00
6:02:30	84	15,42	0,00
6:03:00	84	15,41	0,00
6:03:30	84	15,42	0,00
6:04:00	84	15,42	0,00
6:04:30	84	15,42	0,00
6:05:00	84	15,42	0,00
6:05:30	84	15,42	0,00
6:06:00	84	15,42	0,00
6:06:30	84	15,44	0,00
6:07:00	84	15,36	0,00
6:07:30	84	15,36	0,00
6:08:00	84	15,36	0,00
6:08:30	84	15,37	0,00
6:09:00	84	15,36	0,00
6:09:30	84	15,37	0,00
6:10:00	84	15,38	0,00
6:10:30	84	15,37	0,00
6:11:00	84	15,38	0,00
6:11:30	84	15,38	0,00
6:12:00	84	15,39	0,00
6:12:30	84	15,38	0,00
6:13:00	84	15,38	0,00
6:13:30	84	15,38	0,00
6:14:00	84	15,38	0,00
6:14:30	84	15,39	0,00
6:15:00	84	15,39	0,00
6:15:30	84	15,39	0,00
6:16:00	84	15,39	0,00
6:16:30	84	15,39	0,00
6:17:00	84	15,39	0,00
6:17:30	84	15,39	0,00
6:18:00	84	15,39	0,00
6:18:30	84	15,39	0,00
6:19:00	84	15,40	0,00
6:19:30	84		
6:20:00	84	15,39	0,00
6:20:30	84	15,40	0,00
6:21:00	84	15,40	0,00
6:21:30	84	15,41	0,00
6:22:00	84	15,40	0,00
6:22:30	84	15,41	0,00
6:23:00	84	15,41	0,00
6:23:30	84	15,41	0,00
6:24:00	84	15,41	0,00
6:24:30	84	15,41	0,00
6:25:00	84	15,41	0,00
6:25:30	84	15,42	0,00
6:26:00	84	15,42	0,00
6:26:30	84	15,42	0,00
6:27:00	84	15,41	0,00
6:27:30	84	15,42	0,00
6:28:00	84	15,42	0,00
6:28:30	84	15,42	0,00
6:29:00	84	15,42	0,00
6:29:30	84	15,42	0,00
6:30:00	84	15,42	0,00
6:30:30	84	15,42	0,00
6:31:00	84	15,42	0,00
6:31:30	84	15,42	0,00
6:32:00	84	15,42	0,00
6:32:30	84	15,43	0,00
6:33:00	84	15,43	0,00
6:33:30	85	15,43	0,00
6:34:00	84	15,43	0,00
6:34:30	84	15,44	0,00
6:35:00	84	15,43	0,00
6:35:30	84	15,44	0,00
6:36:00	85	15,44	0,00
6:36:30	85	15,44	0,00
6:37:00	85	15,44	0,00
6:37:30	84	15,44	0,00
6:38:00	84	15,44	0,00
6:38:30	85	15,44	0,00
6:39:00	85	15,46	0,00
6:39:30	84	15,46	0,00
6:40:00	84	15,46	0,00
6:40:30	84	15,46	0,00
6:41:00	84	15,46	0,00
6:41:30	84	15,46	0,00
6:42:00	85	15,46	0,00
6:42:30	84	15,46	0,00
6:43:00	84	15,48	0,00
6:43:30	84	15,48	0,00
6:44:00	84	15,48	0,00
6:44:30	84	15,46	0,00
6:45:00	84	15,48	0,00
6:45:30	84	15,47	0,00
6:46:00	85	15,48	0,00
6:46:30	84	15,49	0,00
6:47:00	84	15,48	0,00
6:47:30	84	15,48	0,00
6:48:00	84	15,49	0,00
6:48:30	84	15,49	0,00
6:49:00	84	15,49	0,00
6:49:30	84	15,50	0,00
6:50:00	84	15,49	0,00
6:50:30	85	15,49	0,00
6:51:00	84	15,50	0,00
6:51:30	84	15,50	0,00
6:52:00	85	15,51	0,00
6:52:30	84	15,51	0,00
6:53:00	84	15,50	0,00
6:53:30	84	15,51	0,00
6:54:00	85	15,51	0,00
6:54:30	84	15,51	0,00
6:55:00	84	15,51	0,00
6:55:30	84	15,51	0,00
6:56:00	84	15,51	0,00
6:56:30	84	15,52	0,00
6:57:00	84	15,52	0,00
6:57:30	84	15,51	0,00
6:58:00	84	15,52	0,00
6:58:30	84	15,52	0,00
6:59:00	84	15,52	0,00
6:59:30	84	15,53	0,00
7:00:00	84	15,53	0,00
7:00:30	84	15,52	0,00
7:01:00	85	15,53	0,00
7:01:30	84	15,54	0,00
7:02:00	84	15,53	0,00
7:02:30	84	15,53	0,00
7:03:00	84	15,54	0,00
7:03:30	84	15,54	0,00
7:04:00	84	15,54	0,00
7:04:30	84	15,54	0,00
7:05:00	84	15,54	0,00
7:05:30	84	15,55	0,00
7:06:00	84	15,54	0,00
7:06:30	84	15,55	0,00
7:07:00	84	15,56	0,00
7:07:30	84	15,56	0,00
7:08:00	84	15,56	0,00
7:08:30	84	15,55	0,00
7:09:00	84	15,57	0,00
7:09:30	84	15,57	0,00
7:10:00	84	15,57	0,00
7:10:30	84	15,58	0,00
7:11:00	84	15,59	0,00
7:11:30	84	15,57	0,00
7:12:00	84	15,58	0,00
7:12:30	84	15,59	0,00
7:13:00	84	15,59	0,00
7:13:30	84	15,60	0,00
7:14:00	85	15,60	0,00
7:14:30	84	15,60	0,00
7:15:00	84	15,62	0,00
7:15:30	84	15,60	0,00
7:16:00	84	15,62	0,00
7:16:30	84	15,61	0,00
7:17:00	84	15,62	0,00
7:17:30	84	15,63	0,00
7:18:00	84	15,61	0,00
7:18:30	84	15,63	0,00
7:19:00	84	15,63	0,00
7:19:30	84	15,63	0,00
7:20:00	84	15,63	0,00
7:20:30	84	15,63	0,00
7:21:00	84	15,63	0,00
7:21:30	84	15,63	0,00
7:22:00	84	15,65	0,00
7:22:30	84	15,65	0,00
7:23:00	84	15,64	0,00
7:23:30	84	15,66	0,00
7:24:00	84	15,64	0,00
7:24:30	84	15,65	0,00
7:25:00	84	15,67	0,00
7:25:30	84	15,66	0,00
7:26:00	84	15,66	0,00
7:26:30	84	15,66	0,00
7:27:00	84	15,67	0,00
7:27:30	84	15,66	0,00
7:28:00	84	15,67	0,00
7:28:30	84	15,68	0,00
7:29:00	84	15,67	0,00
7:29:30	84	15,68	0,00
7:30:00	84	15,68	0,00
7:30:30	84	15,69	0,00
7:31:00	84	15,69	0,00
7:31:30	84	15,70	0,00
7:32:00	84	15,70	0,00
7:32:30	84	15,70	0,00
7:33:00	84	15,70	0,00
7:33:30	84	15,71	0,00
7:34:00	84	15,71	0,00
7:34:30	84	15,71	0,00
7:35:00	84	15,71	0,00
7:35:30	84	15,71	0,00
7:36:00	84	15,71	0,00
7:36:30	84	15,72	0,00
7:37:00	84	15,73	0,00
7:37:30	84	15,73	0,00
7:38:00	84	15,72	0,00
7:38:30	84	15,72	0,00
7:39:00	84	15,74	0,00
7:39:30	84	15,73	0,00
7:40:00	84	15,74	0,00
7:40:30	84	15,74	0,00
7:41:00	84	15,76	0,00
7:41:30	84	15,76	0,00
7:42:00	84	15,76	0,00
7:42:30	85	15,76	0,00
7:43:00	85	15,76	0,00
7:43:30	85	15,75	0,00
7:44:00	85	15,76	0,00
7:44:30	85	15,75	0,00
7:45:00	85	15,76	0,00
7:45:30	85	15,76	0,00
7:46:00	85	15,76	0,00
7:46:30	85	15,76	0,00
7:47:00	85	15,77	0,00
7:47:30	85	15,77	0,00
7:48:00	85	15,76	0,00
7:48:30	85	15,77	0,00
7:49:00	85	15,77	0,00
7:49:30	85	15,78	0,00
7:50:00	85	15,78	0,00
7:50:30	85	15,78	0,00
7:51:00	85	15,79	0,00
7:51:30	85	15,78	0,00
7:52:00	85	15,78	0,00
7:52:30	85	15,79	0,00
7:53:00	85	15,79	0,00
7:53:30	85	15,79	0,00
7:54:00	85	15,80	0,00
7:54:30	85	15,80	0,00
7:55:00	85	15,81	0,00
7:55:30	85	15,82	0,00
7:56:00	85	15,82	0,00
7:56:30	85	15,81	0,00
7:57:00	85	15,82	0,00
7:57:30	85	15,81	0,00
7:58:00	85	15,82	0,00
7:58:30	85	15,82	0,00
7:59:00	85	15,82	0,00
7:59:30	85	15,83	0,00
8:00:00	85	15,83	0,00
8:00:30	85	15,83	0,00
8:01:00	85	15,84	0,00
8:01:30	85	15,84	0,00
8:02:00	85	15,84	0,00
8:02:30	85	15,84	0,00
8:03:00	85	15,84	0,00
8:03:30	85	15,84	0,00
8:04:00	85	15,84	0,00
8:04:30	85	15,84	0,00
8:05:00	85	15,84	0,00
8:05:30	85	15,85	0,00
8:06:00	85	15,85	0,00
8:06:30	85	15,87	0,00
8:07:00	85	15,86	0,00
8:07:30	85	15,86	0,00
8:08:00	85	15,86	0,00
8:08:30	85	15,87	0,00
8:09:00	85	15,86	0,00
8:09:30	84	15,86	0,00
8:10:00	84	15,88	0,00
8:10:30	84	15,88	0,00
8:11:00	84	15,87	0,00
8:11:30	84	15,87	0,00
8:12:00	84	15,87	0,00
8:12:30	84	15,88	0,00
8:13:00	84	15,87	0,00
8:13:30	85	15,88	0,00
8:14:00	85	15,87	0,00
8:14:30	84	15,88	0,00
8:15:00	84	15,88	0,00
8:15:30	84	15,88	0,00
8:16:00	84	15,88	0,00
8:16:30	84	15,88	0,00
8:17:00	84	15,88	0,00
8:17:30	84	15,88	0,00
8:18:00	84	15,88	0,00
8:18:30	84	15,88	0,00
8:19:00	85	15,87	0,00
8:19:30	84	15,88	0,00
8:20:00	84	15,88	0,00
8:20:30	84	15,88	0,00
8:21:00	84	15,88	0,00
8:21:30	84	15,88	0,00
8:22:00	84	15,88	0,00
8:22:30	84	15,88	0,00
8:23:00	84	15,88	0,00
8:23:30	84	15,87	0,00
8:24:00	84	15,88	0,00
8:24:30	84	15,88	0,00
8:25:00	84	15,88	0,00
8:25:30	84	15,88	0,00
8:26:00	84	15,88	0,00
8:26:30	84	15,88	0,00
8:27:00	84	15,88	0,00
8:27:30	84	15,88	0,00
8:28:00	84	15,88	0,00
8:28:30	84	15,88	0,00
8:29:00	84	15,88	0,00
8:29:30	84	15,88	0,00
8:30:00	84	15,88	0,00
8:30:30	84	15,88	0,00
8:31:00	84	15,88	0,00
8:31:30	84	15,88	0,00
8:32:00	84	15,88	0,00
8:32:30	84	15,88	0,00
8:33:00	84	15,88	0,00
8:33:30	84	15,88	0,00
8:34:00	84	15,88	0,00
8:34:30	84	15,88	0,00
8:35:00	84	15,88	0,00
8:35:30	84	15,88	0,00
8:36:00	84	15,88	0,00
8:36:30	84	15,88	0,00
8:37:00	84	15,88	0,00
8:37:30	84	15,88	0,00
8:38:00	84	15,88	0,00
8:38:30	84	15,88	0,00
8:39:00	84	15,88	0,00
8:39:30	84	15,88	0,00
8:40:00	84	15,88	0,00
8:40:30	84	15,88	0,00
8:41:00	84	15,88	0,00
8:41:30	84	15,88	0,00
8:42:00	84	15,88	0,00
8:42:30	84	15,88	0,00
8:43:00	84	15,88	0,00
8:43:30	84	15,88	0,00
8:44:00	84	15,88	0,00
8:44:30	84	15,88	0,00
8:45:00	84	15,88	0,00
8:45:30	84	15,88	0,00
8:46:00	84	15,87	0,00
8:46:30	84	15,87	0,00
8:47:00	84	15,87	0,00
8:47:30	84	15,87	0,00
8:48:00	84	15,86	0,00
8:48:30	84	15,86	0,00
8:49:00	84	15,86	0,00
8:49:30	84	15,86	0,00
8:50:00	84	15,86	0,00
8:50:30	84	15,86	0,00
8:51:00	84	15,85	0,00
8:51:30	84	15,85	0,00
8:52:00	84	15,85	0,00
8:52:30	84	15,85	0,00
8:53:00	84	15,85	0,00
8:53:30	84	15,84	0,00
8:54:00	84	15,84	0,00
8:54:30	84	15,84	0,00
8:55:00	84	15,84	0,00
8:55:30	84	15,84	0,00
8:56:00	84	15,84	0,00
8:56:30	84	15,84	0,00
8:57:00	84	15,83	0,00
8:57:30	84	15,83	0,00
8:58:00	84	15,82	0,00
8:58:30	84	15,82	0,00
8:59:00	84	15,82	0,00
8:59:30	84	15,82	0,00
9:00:00	84	15,82	0,00
9:00:30	84	15,82	0,00
9:01:00	84	15,81	0,00
9:01:30	84	15,81	0,00
9:02:00	84	15,80	0,00
9:02:30	84	15,80	0,00
9:03:00	84	15,80	0,00
9:03:30	84	15,79	0,00
9:04:00	84	15,79	0,00
9:04:30	84	15,79	0,00
9:05:00	84	15,79	0,00
9:05:30	84	15,79	0,00
9:06:00	84	15,78	0,00
9:06:30	84	15,77	0,00
9:07:00	84	15,77	0,00
9:07:30	84	15,76	0,00
9:08:00	84	15,76	0,00
9:08:30	84	15,76	0,00
9:09:00	84	15,76	0,00
9:09:30	84	15,75	0,00
9:10:00	84	15,75	0,00
9:10:30	84	15,74	0,00
9:11:00	84	15,73	0,00
9:11:30	84	15,73	0,00
9:12:00	84	15,72	0,00
9:12:30	84	15,72	0,00
9:13:00	84	15,72	0,00
9:13:30	84	15,71	0,00
9:14:00	84	15,71	0,00
9:14:30	84	15,70	0,00
9:15:00	84	15,70	0,00
9:15:30	84	15,69	0,00
9:16:00	84	15,69	0,00
9:16:30	84	15,68	0,00
9:17:00	84	15,67	0,00
9:17:30	84	15,67	0,00
9:18:00	84	15,66	0,00
9:18:30	84	15,66	0,00
9:19:00	84	15,66	0,00
9:19:30	84	15,65	0,00
9:20:00	84	15,64	0,00
9:20:30	84	15,64	0,00
9:21:00	84	15,63	0,00
9:21:30	84	15,63	0,00
9:22:00	84	15,62	0,00
9:22:30	84	15,61	0,00
9:23:00	84	15,60	0,00
9:23:30	84	15,60	0,00
9:24:00	84	15,59	0,00
9:24:30	84	15,59	0,00
9:25:00	84	15,58	0,00
9:25:30	84	15,57	0,00
9:26:00	84	15,57	0,00
9:26:30	84	15,56	0,00
9:27:00	84	15,55	0,00
9:27:30	84	15,54	0,00
9:28:00	84	15,54	0,00
9:28:30	84	15,53	0,00
9:29:00	85	15,52	0,00
9:29:30	84	15,52	0,00
9:30:00	84	15,51	0,00
9:30:30	84	15,50	0,00
9:31:00	84	15,49	0,00
9:31:30	84	15,48	0,00
9:32:00	84	15,48	0,00
9:32:30	84	15,47	0,00
9:33:00	84	15,46	0,00
9:33:30	84	15,46	0,00
9:34:00	84	15,45	0,00
9:34:30	84	15,43	0,00
9:35:00	84	15,42	0,00
9:35:30	84	15,42	0,00
9:36:00	84	15,41	0,00
9:36:30	84	15,40	0,00
9:37:00	84	15,39	0,00
9:37:30	84	15,38	0,00
9:38:00	84	15,37	0,00
9:38:30	84	15,36	0,00
9:39:00	84	15,36	0,00
9:39:30	84	15,34	0,00
9:40:00	84	15,34	0,00
9:40:30	84	15,33	0,00
9:41:00	84	15,31	0,00
9:41:30	84	15,30	0,00
9:42:00	85	15,30	0,00
9:42:30	84	15,28	0,00
9:43:00	84	15,28	0,00
9:43:30	84	15,26	0,01
9:44:00	84	15,25	0,01
9:44:30	84	15,24	0,02
9:45:00	84	15,23	0,02
9:45:30	84	15,22	0,02
9:46:00	84	15,21	0,03
9:46:30	84	15,19	0,04
9:47:00	84	15,18	0,04
9:47:30	84	15,17	0,05
9:48:00	84	15,16	0,05
9:48:30	84	15,15	0,05
9:49:00	84	15,13	0,06
9:49:30	84	15,12	0,06
9:50:00	84	15,12	0,07
9:50:30	84	15,10	0,07
9:51:00	84	15,09	0,08
9:51:30	84	15,07	0,09
9:52:00	84	15,06	0,09
9:52:30	84	15,05	0,10
9:53:00	84	15,04	0,10
9:53:30	84	15,03	0,11
9:54:00	84	15,01	0,11
9:54:30	84	15,00	0,12
9:55:00	84	14,98	0,12
9:55:30	84	14,98	0,13
9:56:00	84	14,96	0,13
9:56:30	84	14,95	0,14
9:57:00	84	14,94	0,14
9:57:30	84	14,92	0,15
9:58:00	84	14,91	0,16
9:58:30	84	14,89	0,17
9:59:00	84	14,88	0,17
9:59:30	84	14,87	0,18
10:00:00	84	14,86	0,18
10:00:30	84	14,84	0,19
10:01:00	84	14,82	0,20
10:01:30	84	14,81	0,20
10:02:00	84	14,80	0,21
10:02:30	84	14,79	0,21
10:03:00	84	14,77	0,22
10:03:30	84	14,76	0,23
10:04:00	84	14,74	0,24
10:04:30	84	14,73	0,24
10:05:00	84	14,71	0,25
10:05:30	84	14,70	0,25
10:06:00	84	14,68	0,26
10:06:30	84	14,67	0,27
10:07:00	84	14,65	0,28
10:07:30	84	14,64	0,29
10:08:00	84	14,62	0,29
10:08:30	84	14,61	0,30
10:09:00	84	14,59	0,31
10:09:30	84	14,58	0,32
10:10:00	84	14,56	0,32
10:10:30	84	14,55	0,33
10:11:00	84	14,53	0,34
10:11:30	84	14,52	0,35
10:12:00	84	14,50	0,36
10:12:30	84	14,49	0,36
10:13:00	84	14,47	0,37
10:13:30	84	14,45	0,38
10:14:00	84	14,43	0,39
10:14:30	84	14,42	0,40
10:15:00	84	14,40	0,41
10:15:30	84	14,38	0,42
10:16:00	84	14,37	0,43
10:16:30	84	14,34	0,44
10:17:00	84	14,33	0,45
10:17:30	84	14,32	0,46
10:18:00	84	14,29	0,47
10:18:30	84	14,28	0,48
10:19:00	84	14,26	0,49
10:19:30	84	14,24	0,50
10:20:00	85	14,22	0,51
10:20:30	84	14,20	0,52
10:21:00	84	14,18	0,54
10:21:30	84	14,16	0,55
10:22:00	84	14,15	0,56
10:22:30	84	14,13	0,57
10:23:00	84	14,10	0,58
10:23:30	84	14,08	0,60
10:24:00	84	14,07	0,61
10:24:30	84	14,04	0,62
10:25:00	84	14,02	0,63
10:25:30	84	14,00	0,65
10:26:00	84	13,98	0,66
10:26:30	84	13,96	0,67
10:27:00	84	13,95	0,68
10:27:30	84	13,92	0,70
10:28:00	84	13,90	0,71
10:28:30	84	13,89	0,72
10:29:00	84	13,86	0,74
10:29:30	84	13,84	0,75
10:30:00	84	13,82	0,77
10:30:30	84	13,80	0,78
10:31:00	84	13,79	0,79
10:31:30	84	13,77	0,81
10:32:00	84	13,75	0,82
10:32:30	84	13,72	0,84
10:33:00	84	13,70	0,85
10:33:30	84	13,68	0,87
10:34:00	84	13,66	0,88
10:34:30	84	13,64	0,90
10:35:00	84	13,62	0,92
10:35:30	84	13,59	0,93
10:36:00	84	13,57	0,95
10:36:30	84	13,56	0,96
10:37:00	84	13,54	0,98
10:37:30	84	13,51	1,00
10:38:00	84	13,49	1,01
10:38:30	84	13,47	1,03
10:39:00	84	13,45	1,05
10:39:30	84	13,42	1,07
10:40:00	84	13,41	1,08
10:40:30	84	13,38	1,10
10:41:00	84	13,36	1,12
10:41:30	84	13,34	1,14
10:42:00	84	13,32	1,16
10:42:30	84	13,30	1,17
10:43:00	84	13,27	1,19
10:43:30	84	13,25	1,21
10:44:00	84	13,23	1,23
10:44:30	84	13,21	1,25
10:45:00	84	13,18	1,27
10:45:30	84	13,16	1,29
10:46:00	84	13,14	1,31
10:46:30	84	13,11	1,34
10:47:00	84	13,09	1,36
10:47:30	84	13,07	1,38
10:48:00	84	13,05	1,40
10:48:30	84	13,02	1,42
10:49:00	84	13,00	1,44
10:49:30	84	12,98	1,46
10:50:00	84	12,96	1,49
10:50:30	84	12,93	1,51
10:51:00	84	12,91	1,53
10:51:30	84	12,89	1,55
10:52:00	84	12,87	1,58
10:52:30	84	12,84	1,60
10:53:00	84	12,82	1,62
10:53:30	84	12,80	1,65
10:54:00	84	12,78	1,67
10:54:30	84	12,76	1,70
10:55:00	84	12,73	1,72
10:55:30	85	12,71	1,75
10:56:00	85	12,68	1,78
10:56:30	85	12,66	1,81
10:57:00	85	12,63	1,84
10:57:30	85	12,61	1,87
10:58:00	85	12,58	1,89
10:58:30	85	12,57	1,91
10:59:00	85	12,55	1,94
10:59:30	85	12,52	1,97
11:00:00	84	12,49	2,00
11:00:30	84	12,47	2,03
11:01:00	85	12,45	2,05
11:01:30	84	12,42	2,09
11:02:00	84	12,39	2,12
11:02:30	84	12,37	2,15
11:03:00	84	12,35	2,18
11:03:30	85	12,33	2,21
11:04:00	85	12,30	2,24
11:04:30	84	12,27	2,28
11:05:00	84	12,25	2,31
11:05:30	84	12,23	2,34
11:06:00	84	12,21	2,37
11:06:30	84	12,18	2,40
11:07:00	84	12,17	2,42
11:07:30	84	12,14	2,47
11:08:00	84	12,12	2,50
11:08:30	84	12,10	2,52
11:09:00	84	12,08	2,55
11:09:30	84	12,06	2,59
11:10:00	84	12,03	2,63
11:10:30	84	12,01	2,66
11:11:00	84	11,98	2,70
11:11:30	84	11,96	2,73
11:12:00	84	11,94	2,77
11:12:30	84	11,91	2,80
11:13:00	84	11,89	2,84
11:13:30	84	11,87	2,88
11:14:00	84	11,85	2,91
11:14:30	84	11,82	2,95
11:15:00	84	11,80	2,99
11:15:30	84	11,78	3,03
11:16:00	84	11,76	3,06
11:16:30	84	11,74	3,09
11:17:00	84	11,71	3,14
11:17:30	84	11,69	3,18
11:18:00	84	11,67	3,22
11:18:30	84	11,64	3,26
11:19:00	84	11,62	3,30
11:19:30	84	11,60	3,35
11:20:00	84	11,59	3,37
11:20:30	84	11,55	3,43
11:21:00	84	11,53	3,47
11:21:30	84	11,51	3,52
11:22:00	84	11,49	3,56
11:22:30	84	11,47	3,59
11:23:00	84	11,45	3,63
11:23:30	84	11,42	3,69
11:24:00	84	11,41	3,72
11:24:30	84	11,38	3,77
11:25:00	84	11,37	3,80
11:25:30	84	11,34	3,85
11:26:00	84	11,32	3,89
11:26:30	85	11,29	3,97
11:27:00	85	11,26	4,02
11:27:30	85	11,25	4,06
11:28:00	85	11,23	4,11
11:28:30	85	11,20	4,16
11:29:00	85	11,19	4,19
11:29:30	85	11,16	4,26
11:30:00	85	11,14	4,29
11:30:30	84	11,12	4,35
11:31:00	85	11,11	4,38
11:31:30	84	11,08	4,43
11:32:00	84	11,06	4,49
11:32:30	84	11,04	4,54
11:33:00	84	11,02	4,58
11:33:30	84	11,00	4,64
11:34:00	84	10,98	4,67
11:34:30	84	10,96	4,73
11:35:00	84	10,95	4,77
11:35:30	84	10,93	4,83
11:36:00	84	10,90	4,88
11:36:30	85	10,89	4,92
11:37:00	84	10,86	4,98
11:37:30	85	10,84	5,04
11:38:00	84	10,83	5,08
11:38:30	84	10,81	5,13
11:39:00	85	10,79	5,19
11:39:30	84	10,77	5,23
11:40:00	84	10,75	5,29
11:40:30	84	10,74	5,33
11:41:00	84	10,72	5,38
11:41:30	84	10,70	5,44
11:42:00	84	10,68	5,49
11:42:30	84	10,66	5,55
11:43:00	84	10,66	5,58
11:43:30	84	10,63	5,64
11:44:00	85	10,62	5,69
11:44:30	84	10,60	5,73
11:45:00	84	10,59	5,78
11:45:30	84	10,57	5,85
11:46:00	84	10,55	5,90
11:46:30	84	10,54	5,94
11:47:00	84	10,52	5,99
11:47:30	84	10,51	6,04
11:48:00	85	10,48	6,11
11:48:30	84	10,48	6,14
11:49:00	84	10,45	6,21
11:49:30	84	10,44	6,26
11:50:00	84	10,42	6,31
11:50:30	84	10,41	6,36
11:51:00	84	10,39	6,41
11:51:30	84	10,38	6,47
11:52:00	84	10,36	6,52
11:52:30	84	10,35	6,57
11:53:00	84	10,34	6,60
11:53:30	84	10,32	6,65
11:54:00	85	10,30	6,76
11:54:30	85	10,28	6,81
11:55:00	85	10,27	6,84
11:55:30	85	10,25	6,92
11:56:00	84	10,24	6,95
11:56:30	84	10,23	7,00
11:57:00	85	10,21	7,06
11:57:30	84	10,20	7,12
11:58:00	84	10,18	7,18
11:58:30	84	10,17	7,23
11:59:00	84	10,15	7,29
11:59:30	84	10,14	7,32
12:00:00	84	10,13	7,38
12:00:30	84	10,12	7,44
12:01:00	84	10,11	7,47
12:01:30	84	10,09	7,53
12:02:00	84	10,08	7,59
12:02:30	84	10,07	7,62
12:03:00	84	10,05	7,68
12:03:30	84	10,04	7,74
12:04:00	84	10,03	7,78
12:04:30	84	10,02	7,84
12:05:00	84	10,00	7,90
12:05:30	84	10,00	7,93
12:06:00	84	9,98	8,00
12:06:30	84	9,97	8,03
12:07:00	84	9,96	8,10
12:07:30	84	9,94	8,16
12:08:00	84	9,93	8,19
12:08:30	84	9,93	8,23
12:09:00	84	9,91	8,29
12:09:30	84	9,90	8,36
12:10:00	84	9,89	8,40
12:10:30	84	9,88	8,43
12:11:00	84	9,87	8,50
12:11:30	84	9,86	8,53
12:12:00	84	9,84	8,60
12:12:30	84	9,84	8,64
12:13:00	84	9,82	8,71
12:13:30	84	9,82	8,74
12:14:00	84	9,81	8,78
12:14:30	84	9,79	8,85
12:15:00	84	9,79	8,88
12:15:30	84	9,78	8,92
12:16:00	84	9,76	8,99
12:16:30	84	9,75	9,03
12:17:00	84	9,74	9,10
12:17:30	84	9,73	9,14
12:18:00	84	9,73	9,18
12:18:30	84	9,72	9,22
12:19:00	84	9,70	9,29
12:19:30	84	9,70	9,33
12:20:00	84	9,69	9,37
12:20:30	84	9,68	9,40
12:21:00	84	9,67	9,44
12:21:30	84	9,65	9,56
12:22:00	84	9,64	9,60
12:22:30	84	9,63	9,68
12:23:00	84	9,63	9,68
12:23:30	84	9,61	9,76
12:24:00	84	9,61	9,80
12:24:30	84	9,60	9,84
12:25:00	84	9,59	9,88
12:25:30	84	9,58	9,92
12:26:00	84	9,57	9,96
12:26:30	84	9,56	10,04
12:27:00	84	9,55	10,08
12:27:30	84	9,55	10,12
12:28:00	84	9,54	10,16
12:28:30	84	9,53	10,20
12:29:00	84	9,52	10,25
12:29:30	84	9,52	10,29
12:30:00	84	9,51	10,33
12:30:30	84	9,50	10,37
12:31:00	84	9,48	10,46
12:31:30	84	9,48	10,46
12:32:00	84	9,48	10,50
12:32:30	84	9,46	10,59
12:33:00	84	9,46	10,59
12:33:30	84	9,46	10,63
12:34:00	84	9,45	10,67
12:34:30	84	9,44	10,72
12:35:00	84	9,43	10,76
12:35:30	84	9,43	10,81
12:36:00	84	9,42	10,85
12:36:30	84	9,41	10,90
12:37:00	84	9,40	10,94
12:37:30	84	9,39	10,99
12:38:00	84	9,39	11,03
12:38:30	84	9,38	11,08
12:39:00	84	9,37	11,12
12:39:30	84	9,36	11,17
12:40:00	84	9,36	11,22
12:40:30	84	9,36	11,22
12:41:00	84	9,35	11,26
12:41:30	84	9,34	11,31
12:42:00	84	9,34	11,36
12:42:30	84	9,33	11,40
12:43:00	84	9,32	11,45
12:43:30	84	9,31	11,50
12:44:00	84	9,30	11,54
12:44:30	84	9,30	11,54
12:45:00	84	9,30	11,59
12:45:30	84	9,29	11,64
12:46:00	84	9,28	11,69
12:46:30	84	9,27	11,74
12:47:00	84	9,27	11,74
12:47:30	84	9,27	11,79
12:48:00	84	9,26	11,83
12:48:30	84	9,25	11,88
12:49:00	84	9,25	11,93
12:49:30	84	9,24	11,98
12:50:00	84	9,24	11,98
12:50:30	84	9,23	12,03
12:51:00	84	9,22	12,08
12:51:30	84	9,21	12,13
12:52:00	84	9,21	12,13
12:52:30	84	9,21	12,18
12:53:00	84	9,21	12,18
12:53:30	84	9,20	12,23
12:54:00	84	9,19	12,29
12:54:30	84	9,19	12,29
12:55:00	85	9,18	12,39
12:55:30	84	9,17	12,44
12:56:00	85	9,16	12,49
12:56:30	84	9,16	12,49
12:57:00	85	9,16	12,54
12:57:30	85	9,15	12,60
12:58:00	85	9,15	12,60
12:58:30	85	9,14	12,65
12:59:00	85	9,13	12,70
12:59:30	84	9,13	12,70
13:00:00	84	9,13	12,76
13:00:30	84	9,12	12,81
13:01:00	84	9,12	12,81
13:01:30	84	9,11	12,86
13:02:00	84	9,10	12,92
13:02:30	84	9,10	12,92
13:03:00	84	9,10	12,97
13:03:30	84	9,09	13,03
13:04:00	84	9,09	13,03
13:04:30	84	9,08	13,08
13:05:00	84	9,07	13,13
13:05:30	84	9,07	13,13
13:06:00	84	9,07	13,13
13:06:30	84	9,07	13,19
13:07:00	84	9,06	13,25
13:07:30	84	9,06	13,25
13:08:00	84	9,05	13,30
13:08:30	84	9,04	13,36
13:09:00	84	9,04	13,36
13:09:30	84	9,04	13,41
13:10:00	84	9,04	13,41
13:10:30	84	9,03	13,47
13:11:00	84	9,03	13,47
13:11:30	84	9,02	13,53
13:12:00	84	9,01	13,58
13:12:30	84	9,01	13,58
13:13:00	84	9,01	13,64
13:13:30	84	9,01	13,64
13:14:00	84	9,00	13,70
13:14:30	84	9,00	13,70
13:15:00	84	8,99	13,76
13:15:30	84	8,99	13,76
13:16:00	84	8,98	13,81
13:16:30	84	8,98	13,81
13:17:00	84	8,98	13,87
13:17:30	84	8,97	13,93
13:18:00	84	8,97	13,93
13:18:30	84	8,97	13,93
13:19:00	84	8,96	13,99
13:19:30	84	8,95	14,05
13:20:00	84	8,95	14,05
13:20:30	84	8,95	14,05
13:21:00	84	8,95	14,11
13:21:30	84	8,94	14,17
13:22:00	84	8,94	14,17
13:22:30	84	8,94	14,17
13:23:00	84	8,93	14,23
13:23:30	84	8,92	14,29
13:24:00	84	8,92	14,29
13:24:30	84	8,91	14,35
13:25:00	84	8,91	14,35
13:25:30	84	8,91	14,35
13:26:00	84	8,91	14,41
13:26:30	84	8,91	14,41
13:27:00	84	8,90	14,47
13:27:30	84	8,90	14,47
13:28:00	84	8,89	14,53
13:28:30	84	8,89	14,53
13:29:00	84	8,88	14,59
13:29:30	84	8,88	14,59
13:30:00	84	8,88	14,66
13:30:30	84	8,88	14,66
13:31:00	85	8,87	14,72
13:31:30	85	8,86	14,78
13:32:00	85	8,86	14,78
13:32:30	85	8,86	14,84
13:33:00	85	8,86	14,84
13:33:30	85	8,85	14,91
13:34:00	85	8,85	14,91
13:34:30	85	8,85	14,91
13:35:00	84	8,84	14,97
13:35:30	84	8,84	14,97
13:36:00	84	8,83	15,03
13:36:30	84	8,83	15,03
13:37:00	84	8,83	15,03
13:37:30	84	8,82	15,10
13:38:00	84	8,82	15,10
13:38:30	84	8,82	15,16
13:39:00	84	8,82	15,16
13:39:30	84	8,82	15,16
13:40:00	84	8,81	15,23
13:40:30	84	8,81	15,23
13:41:00	84	8,80	15,29
13:41:30	84	8,80	15,29
13:42:00	84	8,80	15,29
13:42:30	84	8,80	15,36
13:43:00	84	8,80	15,36
13:43:30	84	8,79	15,42
13:44:00	84	8,79	15,42
13:44:30	84	8,79	15,42
13:45:00	84	8,78	15,49
13:45:30	84	8,78	15,49
13:46:00	84	8,77	15,56
13:46:30	84	8,77	15,56
13:47:00	84	8,77	15,62
13:47:30	84	8,77	15,62
13:48:00	84	8,76	15,69
13:48:30	84	8,76	15,69
13:49:00	84	8,76	15,69
13:49:30	84	8,76	15,69
13:50:00	84	8,76	15,69
13:50:30	84	8,75	15,76
13:51:00	84	8,74	15,82
13:51:30	84	8,74	15,82
13:52:00	84	8,74	15,82
13:52:30	84	8,74	15,82
13:53:00	84	8,73	15,89
13:53:30	84	8,73	15,89
13:54:00	84	8,73	15,96
13:54:30	84	8,73	15,96
13:55:00	84	8,73	15,96
13:55:30	84	8,72	16,03
13:56:00	84	8,72	16,03
13:56:30	84	8,72	16,03
13:57:00	84	8,71	16,10
13:57:30	84	8,71	16,10
13:58:00	84	8,71	16,10
13:58:30	84	8,71	16,17
13:59:00	84	8,71	16,17
13:59:30	84	8,71	16,17
14:00:00	84	8,70	16,24
14:00:30	84	8,70	16,24
14:01:00	84	8,70	16,24
14:01:30	84	8,70	16,24
14:02:00	84	8,69	16,31
14:02:30	84	8,69	16,31
14:03:00	84	8,68	16,38
14:03:30	84	8,68	16,38
14:04:00	84	8,68	16,38
14:04:30	84	8,68	16,45
14:05:00	84	8,68	16,45
14:05:30	84	8,67	16,52
14:06:00	84	8,67	16,52
14:06:30	84	8,67	16,52
14:07:00	84	8,67	16,52
14:07:30	84	8,66	16,59
14:08:00	84	8,66	16,59
14:08:30	84	8,66	16,59
14:09:00	84	8,65	16,66
14:09:30	84	8,65	16,66
14:10:00	84	8,65	16,66
14:10:30	84	8,64	16,73
14:11:00	84	8,64	16,73
14:11:30	84	8,64	16,73
14:12:00	84	8,64	16,81
14:12:30	84	8,64	16,81
14:13:00	84	8,64	16,81
14:13:30	84	8,64	16,81
14:14:00	84	8,63	16,88
14:14:30	84	8,63	16,88
14:15:00	85	8,62	16,95
14:15:30	85	8,62	16,95
14:16:00	85	8,62	17,03
14:16:30	85	8,62	17,03
14:17:00	85	8,62	17,03
14:17:30	85	8,61	17,10
14:18:00	85	8,61	17,10
14:18:30	85	8,61	17,10
14:19:00	84	8,61	17,10
14:19:30	84	8,61	17,10
14:20:00	84	8,60	17,17
14:20:30	84	8,60	17,17
14:21:00	84	8,59	17,25
14:21:30	84	8,59	17,25
14:22:00	84	8,59	17,25
14:22:30	84	8,59	17,32
14:23:00	84	8,59	17,32
14:23:30	84	8,59	17,32
14:24:00	84	8,58	17,40
14:24:30	84	8,58	17,40
14:25:00	84	8,58	17,40
14:25:30	84	8,58	17,40
14:26:00	84	8,58	17,40
14:26:30	84	8,57	17,47
14:27:00	84	8,57	17,47
14:27:30	84	8,57	17,47
14:28:00	84	8,56	17,55
14:28:30	84	8,56	17,55
14:29:00	84	8,56	17,55
14:29:30	84	8,56	17,55
14:30:00	84	8,55	17,63
14:30:30	84	8,55	17,63
14:31:00	84	8,55	17,63
14:31:30	84	8,55	17,70
14:32:00	84	8,55	17,70
14:32:30	84	8,55	17,70
14:33:00	84	8,55	17,70
14:33:30	84	8,54	17,78
14:34:00	84	8,54	17,78
14:34:30	84	8,54	17,78
14:35:00	84	8,54	17,78
14:35:30	84	8,53	17,86
14:36:00	84	8,53	17,86
14:36:30	84	8,53	17,86
14:37:00	84	8,53	17,86
14:37:30	84	8,53	17,93
14:38:00	84	8,53	17,93
14:38:30	84	8,53	17,93
14:39:00	84	8,52	18,01
14:39:30	84	8,52	18,01
14:40:00	84	8,52	18,01
14:40:30	84	8,52	18,01
14:41:00	84	8,52	18,01
14:41:30	84	8,51	18,09
14:42:00	84	8,51	18,09
14:42:30	84	8,51	18,09
14:43:00	84	8,51	18,09
14:43:30	84	8,50	18,17
14:44:00	84	8,50	18,17
14:44:30	84	8,50	18,17
14:45:00	84	8,50	18,17
14:45:30	84	8,50	18,25
14:46:00	84	8,50	18,25
14:46:30	84	8,50	18,25
14:47:00	84	8,50	18,25
14:47:30	84	8,49	18,33
14:48:00	84	8,49	18,33
14:48:30	84	8,49	18,33
14:49:00	84	8,49	18,33
14:49:30	84	8,49	18,33
14:50:00	84	8,48	18,41
14:50:30	84	8,48	18,41
14:51:00	84	8,48	18,41
14:51:30	84	8,48	18,41
14:52:00	84	8,47	18,49
14:52:30	84	8,47	18,49
14:53:00	84	8,47	18,49
14:53:30	84	8,47	18,49
14:54:00	84	8,46	18,57
14:54:30	84	8,46	18,57
14:55:00	84	8,46	18,57
14:55:30	84	8,46	18,57
14:56:00	84	8,46	18,65
14:56:30	84	8,46	18,65
14:57:00	84	8,46	18,65
14:57:30	84	8,46	18,65
14:58:00	84	8,46	18,65
14:58:30	84	8,45	18,74
14:59:00	84	8,45	18,74
14:59:30	84	8,45	18,74
15:00:00	84	8,44	18,82
15:00:30	84	8,44	18,82
15:01:00	84	8,44	18,82
15:01:30	84	8,44	18,82
15:02:00	84	8,44	18,82
15:02:30	84	8,43	18,90
15:03:00	84	8,43	18,90
15:03:30	84	8,43	18,90
15:04:00	84	8,43	18,90
15:04:30	84	8,43	18,98
15:05:00	84	8,43	18,98
15:05:30	84	8,43	18,98
15:06:00	84	8,43	18,98
15:06:30	84	8,43	18,98
15:07:00	84	8,43	18,98
15:07:30	84	8,42	19,07
15:08:00	85	8,41	19,15
15:08:30	85	8,41	19,15
15:09:00	85	8,41	19,15
15:09:30	85	8,41	19,23
15:10:00	85	8,41	19,23
15:10:30	85	8,41	19,23
15:11:00	85	8,41	19,23
15:11:30	85	8,41	19,23
15:12:00	85	8,41	19,23
15:12:30	85	8,40	19,32
15:13:00	84	8,40	19,32
15:13:30	84	8,40	19,32
15:14:00	84	8,40	19,32
15:14:30	84	8,40	19,32
15:15:00	84	8,40	19,32
15:15:30	84	8,39	19,40
15:16:00	84	8,39	19,40
15:16:30	84	8,39	19,40
15:17:00	84	8,38	19,49
15:17:30	84	8,38	19,49
15:18:00	84	8,38	19,49
15:18:30	84	8,38	19,49
15:19:00	85	8,38	19,49
15:19:30	84	8,38	19,58
15:20:00	84	8,38	19,58
15:20:30	84	8,38	19,58
15:21:00	85	8,38	19,58
15:21:30	84	8,38	19,58
15:22:00	84	8,37	19,66
15:22:30	84	8,37	19,66
15:23:00	84	8,37	19,66
15:23:30	84	8,37	19,66
15:24:00	84	8,37	19,66
15:24:30	84	8,37	19,66
15:25:00	84	8,36	19,75
15:25:30	84	8,36	19,75
15:26:00	84	8,36	19,75
15:26:30	84	8,36	19,75
15:27:00	84	8,35	19,84
15:27:30	84	8,35	19,84
15:28:00	84	8,35	19,84
15:28:30	84	8,35	19,84
15:29:00	84	8,35	19,84
15:29:30	84	8,34	19,92
15:30:00	84	8,34	19,92
15:30:30	84	8,34	19,92
15:31:00	84	8,34	19,92
15:31:30	84	8,34	19,92
15:32:00	84	8,34	20,01
15:32:30	84	8,34	20,01
15:33:00	84	8,34	20,01
15:33:30	84	8,34	20,01
15:34:00	84	8,34	20,01
15:34:30	84	8,34	20,01
15:35:00	84	8,34	20,01
15:35:30	84	8,33	20,10
15:36:00	84	8,33	20,10
15:36:30	84	8,33	20,10
15:37:00	84	8,32	20,19
15:37:30	84	8,32	20,19
15:38:00	84	8,32	20,19
15:38:30	84	8,32	20,19
15:39:00	84	8,32	20,19
15:39:30	84	8,32	20,19
15:40:00	84	8,32	20,28
15:40:30	84	8,32	20,28
15:41:00	84	8,32	20,28
15:41:30	84	8,32	20,28
15:42:00	84	8,32	20,28
15:42:30	84	8,31	20,37
15:43:00	84	8,31	20,37
15:43:30	84	8,31	20,37
15:44:00	84	8,31	20,37
15:44:30	84	8,31	20,37
15:45:00	84	8,31	20,37
15:45:30	84	8,31	20,37
15:46:00	84	8,30	20,46
15:46:30	84	8,30	20,46
15:47:00	84	8,30	20,46
15:47:30	84	8,30	20,46
15:48:00	84	8,30	20,46
15:48:30	84	8,29	20,55
15:49:00	84	8,29	20,55
15:49:30	84	8,29	20,55
15:50:00	84	8,29	20,55
15:50:30	84	8,29	20,55
15:51:00	84	8,29	20,64
15:51:30	84	8,29	20,64
15:52:00	84	8,29	20,64
15:52:30	84	8,29	20,64
15:53:00	84	8,28	20,73
15:53:30	85	8,28	20,73
15:54:00	85	8,28	20,73
15:54:30	85	8,28	20,73
15:55:00	85	8,28	20,73
15:55:30	85	8,28	20,73
15:56:00	84	8,27	20,83
15:56:30	85	8,27	20,83
15:57:00	84	8,27	20,83
15:57:30	84	8,27	20,83
15:58:00	84	8,26	20,92
15:58:30	85	8,26	20,92
15:59:00	84	8,26	20,92
15:59:30	84	8,26	20,92
16:00:00	84	8,26	20,92
16:00:30	84	8,26	20,92
16:01:00	84	8,26	20,92
16:01:30	84	8,26	20,92
16:02:00	84	8,25	21,01
16:02:30	84	8,25	21,01
16:03:00	84	8,25	21,01
16:03:30	84	8,25	21,01
16:04:00	84	8,25	21,01
16:04:30	84	8,25	21,11
16:05:00	84	8,25	21,11
16:05:30	84	8,25	21,11
16:06:00	84	8,25	21,11
16:06:30	84	8,25	21,11
16:07:00	84	8,25	21,11
16:07:30	84	8,24	21,20
16:08:00	84	8,24	21,20
16:08:30	84	8,24	21,20
16:09:00	84	8,24	21,20
16:09:30	84	8,24	21,20
16:10:00	84	8,24	21,20
16:10:30	84	8,24	21,20
16:11:00	84	8,24	21,20
16:11:30	84	8,23	21,30
16:12:00	84	8,23	21,30
16:12:30	84	8,23	21,30
16:13:00	84	8,23	21,30
16:13:30	84	8,23	21,30
16:14:00	84	8,23	21,39
16:14:30	84	8,23	21,39
16:15:00	84	8,23	21,39
16:15:30	84	8,23	21,39
16:16:00	84	8,23	21,39
16:16:30	84	8,23	21,39
16:17:00	84	8,23	21,39
16:17:30	84	8,22	21,49
16:18:00	84	8,22	21,49
16:18:30	84	8,22	21,49
16:19:00	84	8,22	21,49
16:19:30	84	8,22	21,49
16:20:00	84	8,22	21,49
16:20:30	84	8,22	21,49
16:21:00	84	8,22	21,49
16:21:30	84	8,21	21,58
16:22:00	84	8,21	21,58
16:22:30	84	8,21	21,58
16:23:00	84	8,21	21,58
16:23:30	84	8,20	21,68
16:24:00	84	8,20	21,68
16:24:30	84	8,20	21,68
16:25:00	84	8,20	21,68
16:25:30	84	8,20	21,68
16:26:00	84	8,20	21,68
16:26:30	84	8,20	21,68
16:27:00	84	8,20	21,78
16:27:30	84	8,20	21,78
16:28:00	84	8,20	21,78
16:28:30	84	8,20	21,78
16:29:00	84	8,20	21,78
16:29:30	84	8,20	21,78
16:30:00	84	8,19	21,87
16:30:30	84	8,19	21,87
16:31:00	84	8,19	21,87
16:31:30	84	8,19	21,87
16:32:00	84	8,19	21,87
16:32:30	84	8,19	21,87
16:33:00	84	8,19	21,87
16:33:30	84	8,19	21,87
16:34:00	84	8,19	21,87
16:34:30	84	8,19	21,87
16:35:00	84	8,18	21,97
16:35:30	84	8,18	21,97
16:36:00	84	8,18	21,97
16:36:30	84	8,17	22,07
16:37:00	84	8,17	22,07
16:37:30	84	8,17	22,07
16:38:00	84	8,17	22,07
16:38:30	84	8,17	22,07
16:39:00	85	8,16	22,17
16:39:30	84	8,16	22,17
16:40:00	84	8,16	22,17
16:40:30	84	8,16	22,17
16:41:00	84	8,16	22,17
16:41:30	84	8,16	22,17
16:42:00	84	8,16	22,17
16:42:30	84	8,16	22,17
16:43:00	84	8,16	22,27
16:43:30	84	8,16	22,27
16:44:00	84	8,16	22,27
16:44:30	84	8,16	22,27
16:45:00	84	8,16	22,27
16:45:30	84	8,16	22,27
16:46:00	84	8,16	22,27
16:46:30	84	8,16	22,27
16:47:00	84	8,15	22,37
16:47:30	84	8,16	22,27
16:48:00	84	8,15	22,37
16:48:30	84	8,15	22,37
16:49:00	84	8,15	22,37
16:49:30	84	8,15	22,37
16:50:00	84	8,14	22,47
16:50:30	84	8,14	22,47
16:51:00	84	8,14	22,47
16:51:30	84	8,14	22,47
16:52:00	84	8,14	22,47
16:52:30	84	8,14	22,47
16:53:00	84	8,14	22,47
16:53:30	84	8,14	22,47
16:54:00	84	8,14	22,57
16:54:30	84	8,14	22,57
16:55:00	84	8,14	22,57
16:55:30	84	8,14	22,57
16:56:00	84	8,14	22,57
16:56:30	84	8,14	22,57
16:57:00	84	8,14	22,57
16:57:30	84	8,14	22,57
16:58:00	84	8,13	22,67
16:58:30	84	8,13	22,67
16:59:00	84	8,13	22,67
16:59:30	84	8,13	22,67
17:00:00	84	8,13	22,67
17:00:30	84	8,13	22,67
17:01:00	84	8,13	22,67
17:01:30	84	8,13	22,67
17:02:00	84	8,13	22,67
17:02:30	84	8,12	22,78
17:03:00	84	8,12	22,78
17:03:30	84	8,12	22,78
17:04:00	84	8,12	22,78
17:04:30	84	8,12	22,78
17:05:00	84	8,12	22,78
17:05:30	84	8,12	22,78
17:06:00	84	8,12	22,78
17:06:30	84	8,12	22,78
17:07:00	84	8,11	22,88
17:07:30	84	8,11	22,88
17:08:00	84	8,11	22,88
17:08:30	84	8,11	22,88
17:09:00	84	8,11	22,88
17:09:30	84	8,11	22,88
17:10:00	84	8,11	22,88
17:10:30	84	8,11	22,88
17:11:00	84	8,11	22,98
17:11:30	84	8,11	22,98
17:12:00	85	8,11	22,98
17:12:30	84	8,11	22,98
17:13:00	84	8,11	22,98
17:13:30	84	8,11	22,98
17:14:00	84	8,11	22,98
17:14:30	84	8,11	22,98
17:15:00	84	8,11	22,98
17:15:30	84	8,10	23,09
17:16:00	84	8,10	23,09
17:16:30	84	8,10	23,09
17:17:00	84	8,10	23,09
17:17:30	84	8,10	23,09
17:18:00	84	8,10	23,09
17:18:30	84	8,10	23,09
17:19:00	84	8,10	23,09
17:19:30	84	8,10	23,09
17:20:00	84	8,10	23,09
17:20:30	84	8,10	23,09
17:21:00	84	8,09	23,19
17:21:30	84	8,09	23,19
17:22:00	84	8,09	23,19
17:22:30	84	8,09	23,19
17:23:00	84	8,09	23,19
17:23:30	84	8,09	23,19
17:24:00	84	8,08	23,30
17:24:30	84	8,08	23,30
17:25:00	84	8,08	23,30
17:25:30	84	8,08	23,30
17:26:00	84	8,08	23,30
17:26:30	84	8,08	23,30
17:27:00	84	8,08	23,30
17:27:30	84	8,08	23,30
17:28:00	84	8,08	23,30
17:28:30	84	8,08	23,30
17:29:00	84	8,08	23,30
17:29:30	84	8,08	23,30
17:30:00	84	8,08	23,30
17:30:30	84	8,07	23,40
17:31:00	85	8,07	23,51
17:31:30	85	8,07	23,51
17:32:00	85	8,07	23,51
17:32:30	85	8,07	23,51
17:33:00	85	8,07	23,51
17:33:30	85	8,07	23,51
17:34:00	85	8,07	23,51
17:34:30	85	8,07	23,51
17:35:00	85	8,07	23,51
17:35:30	85	8,07	23,51
17:36:00	84	8,07	23,51
17:36:30	84	8,06	23,61
17:37:00	84	8,06	23,61
17:37:30	84	8,06	23,61
17:38:00	84	8,06	23,61
17:38:30	84	8,06	23,61
17:39:00	84	8,06	23,61
17:39:30	84	8,06	23,61
17:40:00	84	8,06	23,61
17:40:30	84	8,05	23,72
17:41:00	84	8,05	23,72
17:41:30	85	8,05	23,72
17:42:00	85	8,05	23,72
17:42:30	84	8,05	23,72
17:43:00	84	8,05	23,72
17:43:30	84	8,05	23,72
17:44:00	84	8,05	23,72
17:44:30	84	8,05	23,72
17:45:00	84	8,05	23,72
17:45:30	84	8,05	23,72
17:46:00	84	8,05	23,83
17:46:30	84	8,05	23,83
17:47:00	84	8,05	23,83
17:47:30	84	8,05	23,83
17:48:00	84	8,05	23,83
17:48:30	84	8,05	23,83
17:49:00	84	8,05	23,83
17:49:30	84	8,04	23,94
17:50:00	84	8,04	23,94
17:50:30	84	8,04	23,94
17:51:00	84	8,04	23,94
17:51:30	84	8,04	23,94
17:52:00	84	8,04	23,94
17:52:30	84	8,04	23,94
17:53:00	84	8,04	23,94
17:53:30	84	8,04	23,94
17:54:00	84	8,04	23,94
17:54:30	84	8,04	23,94
17:55:00	84	8,04	23,94
17:55:30	84	8,04	23,94
17:56:00	84	8,04	23,94
17:56:30	84	8,04	23,94
17:57:00	84	8,03	24,05
17:57:30	84	8,03	24,05
17:58:00	84	8,03	24,05
17:58:30	84	8,03	24,05
17:59:00	84	8,03	24,05
17:59:30	84	8,03	24,05
18:00:00	84	8,03	24,05
18:00:30	84	8,03	24,05
18:01:00	84	8,02	24,16
18:01:30	84	8,03	24,05
18:02:00	84	8,02	24,16
18:02:30	84	8,02	24,16
18:03:00	84	8,02	24,16
18:03:30	84	8,02	24,16
18:04:00	84	8,02	24,16
18:04:30	84	8,02	24,16
18:05:00	84	8,02	24,16
18:05:30	84	8,02	24,16
18:06:00	84	8,02	24,16
18:06:30	84	8,02	24,16
18:07:00	84	8,02	24,27
18:07:30	84	8,02	24,27
18:08:00	84	8,02	24,27
18:08:30	84	8,02	24,27
18:09:00	84	8,02	24,27
18:09:30	84	8,02	24,27
18:10:00	84	8,02	24,27
18:10:30	84	8,02	24,27
18:11:00	84	8,02	24,27
18:11:30	84	8,02	24,27
18:12:00	84	8,02	24,27
18:12:30	84	8,01	24,38
18:13:00	84	8,02	24,27
18:13:30	84	8,01	24,38
18:14:00	84	8,01	24,38
18:14:30	84	8,01	24,38
18:15:00	84	8,01	24,38
18:15:30	84	8,01	24,38
18:16:00	84	8,01	24,38
18:16:30	84	8,01	24,38
18:17:00	84	8,01	24,38
18:17:30	84	8,01	24,38
18:18:00	84	8,01	24,38
18:18:30	84	8,01	24,38
18:19:00	84	8,00	24,49
18:19:30	84	8,00	24,49
18:20:00	84	8,00	24,49
18:20:30	84	8,00	24,49
18:21:00	84	8,00	24,49
18:21:30	84	8,00	24,49
18:22:00	84	8,00	24,49
18:22:30	84	8,00	24,49
18:23:00	84	7,99	24,60
18:23:30	84	7,99	24,60
18:24:00	85	7,99	24,60
18:24:30	84	7,99	24,60
18:25:00	84	7,99	24,60
18:25:30	85	7,99	24,60
18:26:00	85	7,99	24,60
18:26:30	85	7,99	24,60
18:27:00	84	7,99	24,60
18:27:30	84	7,99	24,60
18:28:00	84	7,99	24,60
18:28:30	84	7,99	24,60
18:29:00	84	7,99	24,71
18:29:30	84	7,99	24,71
18:30:00	84	7,99	24,71
18:30:30	84	7,99	24,71
18:31:00	84	7,99	24,71
18:31:30	84	7,99	24,71
18:32:00	84	7,99	24,71
18:32:30	84	7,99	24,71
18:33:00	84	7,99	24,71
18:33:30	84	7,99	24,71
18:34:00	84	7,99	24,71
18:34:30	84	7,98	24,82
18:35:00	84	7,98	24,82
18:35:30	84	7,98	24,82
18:36:00	84	7,98	24,82
18:36:30	84	7,98	24,82
18:37:00	84	7,98	24,82
18:37:30	84	7,98	24,82
18:38:00	84	7,98	24,82
18:38:30	84	7,98	24,82
18:39:00	84	7,98	24,82
18:39:30	84	7,98	24,82
18:40:00	84	7,98	24,82
18:40:30	84	7,98	24,82
18:41:00	84	7,98	24,82
18:41:30	84	7,98	24,82
18:42:00	84	7,98	24,82
18:42:30	84	7,98	24,82
18:43:00	84	7,97	24,94
18:43:30	84	7,97	24,94
18:44:00	84	7,97	24,94
18:44:30	84	7,97	24,94
18:45:00	84	7,97	24,94
18:45:30	84	7,97	24,94
18:46:00	84	7,97	24,94
18:46:30	84	7,97	24,94
18:47:00	84	7,97	24,94
18:47:30	84	7,96	25,05
18:48:00	84	7,96	25,05
18:48:30	84	7,96	25,05
18:49:00	84	7,96	25,05
18:49:30	84	7,96	25,05
18:50:00	84	7,96	25,05
18:50:30	84	7,96	25,05
18:51:00	84	7,96	25,05
18:51:30	84	7,96	25,05
18:52:00	84	7,96	25,05
18:52:30	84	7,96	25,05
18:53:00	84	7,96	25,05
18:53:30	84	7,96	25,05
18:54:00	84	7,96	25,05
18:54:30	84	7,96	25,17
18:55:00	84	7,96	25,17
18:55:30	84	7,96	25,17
18:56:00	84	7,96	25,17
18:56:30	84	7,96	25,17
18:57:00	84	7,96	25,17
18:57:30	84	7,96	25,17
18:58:00	84	7,96	25,17
18:58:30	84	7,96	25,17
18:59:00	84	7,96	25,17
18:59:30	84	7,96	25,17
19:00:00	84	7,96	25,17
19:00:30	84	7,95	25,28
19:01:00	84	7,95	25,28
19:01:30	84	7,95	25,28
19:02:00	84	7,95	25,28
19:02:30	84	7,95	25,28
19:03:00	84	7,95	25,28
19:03:30	84	7,95	25,28
19:04:00	84	7,95	25,28
19:04:30	84	7,95	25,28
19:05:00	84	7,95	25,28
19:05:30	84	7,95	25,28
19:06:00	84	7,95	25,28
19:06:30	84	7,95	25,28
19:07:00	84	7,95	25,28
19:07:30	84	7,95	25,28
19:08:00	84	7,94	25,40
19:08:30	84	7,94	25,40
19:09:00	84	7,94	25,40
19:09:30	84	7,94	25,40
19:10:00	84	7,94	25,40
19:10:30	84	7,94	25,40
19:11:00	84	7,94	25,40
19:11:30	84	7,94	25,40
19:12:00	84	7,94	25,40
19:12:30	84	7,94	25,40
19:13:00	84	7,94	25,40
19:13:30	84	7,94	25,40
19:14:00	84	7,94	25,40
19:14:30	84	7,93	25,52
19:15:00	85	7,93	25,52
19:15:30	85	7,93	25,52
19:16:00	84	7,93	25,52
19:16:30	85	7,93	25,52
19:17:00	85	7,93	25,52
19:17:30	85	7,93	25,52
19:18:00	84	7,93	25,52
19:18:30	84	7,92	25,63
19:19:00	85	7,93	25,52
19:19:30	85	7,92	25,63
19:20:00	84	7,92	25,63
19:20:30	84	7,92	25,63
19:21:00	84	7,92	25,63
19:21:30	84	7,92	25,63
19:22:00	84	7,92	25,63
19:22:30	84	7,92	25,63
19:23:00	84	7,92	25,63
19:23:30	84	7,92	25,63
19:24:00	84	7,92	25,63
19:24:30	84	7,92	25,63
19:25:00	84	7,92	25,63
19:25:30	84	7,92	25,63
19:26:00	84	7,92	25,75
19:26:30	84	7,92	25,75
19:27:00	84	7,92	25,75
19:27:30	84	7,92	25,75
19:28:00	84	7,92	25,75
19:28:30	84	7,92	25,75
19:29:00	84	7,92	25,75
19:29:30	84	7,92	25,75
19:30:00	84	7,92	25,75
19:30:30	84	7,92	25,75
19:31:00	84	7,92	25,75
19:31:30	84	7,92	25,75
19:32:00	84	7,92	25,75
19:32:30	84	7,92	25,75
19:33:00	84	7,92	25,75
19:33:30	84	7,92	25,75
19:34:00	84	7,92	25,75
19:34:30	84	7,92	25,75
19:35:00	84	7,92	25,75
19:35:30	84	7,92	25,75
19:36:00	84	7,92	25,75
19:36:30	84	7,92	25,75
19:37:00	84	7,91	25,87
19:37:30	84	7,91	25,87
19:38:00	84	7,91	25,87
19:38:30	84	7,91	25,87
19:39:00	84	7,91	25,87
19:39:30	84	7,91	25,87
19:40:00	84	7,91	25,87
19:40:30	84	7,91	25,87
19:41:00	84	7,91	25,87
19:41:30	84	7,91	25,87
19:42:00	84	7,91	25,87
19:42:30	84	7,91	25,87
19:43:00	84	7,90	25,99
19:43:30	84	7,90	25,99
19:44:00	84	7,90	25,99
19:44:30	84	7,90	25,99
19:45:00	84	7,90	25,99
19:45:30	84	7,90	25,99
19:46:00	84	7,90	25,99
19:46:30	84	7,90	25,99
19:47:00	84	7,90	25,99
19:47:30	84	7,90	25,99
19:48:00	84	7,90	25,99
19:48:30	84	7,90	25,99
19:49:00	84	7,90	25,99
19:49:30	84	7,90	25,99
19:50:00	84	7,90	25,99
19:50:30	84	7,90	25,99
19:51:00	84	7,90	25,99
19:51:30	84	7,90	26,11
19:52:00	84	7,90	26,11
19:52:30	84	7,90	26,11
19:53:00	84	7,90	26,11
19:53:30	84	7,90	26,11
19:54:00	84	7,90	26,11
19:54:30	84	7,90	26,11
19:55:00	84	7,90	26,11
19:55:30	84	7,90	26,11
19:56:00	84	7,90	26,11
19:56:30	84	7,90	26,11
19:57:00	84	7,90	26,11
19:57:30	84	7,90	26,11
19:58:00	84	7,90	26,11
19:58:30	84	7,90	26,11
19:59:00	84	7,90	26,11
19:59:30	84	7,90	26,11
20:00:00	84	7,89	26,23
20:00:30	84	7,89	26,23
20:01:00	84	7,89	26,23
20:01:30	84	7,89	26,23
20:02:00	84	7,89	26,23
20:02:30	84	7,89	26,23
20:03:00	84	7,89	26,23
20:03:30	84	7,89	26,23
20:04:00	84	7,89	26,23
20:04:30	84	7,89	26,23
20:05:00	84	7,89	26,23
20:05:30	84	7,89	26,23
20:06:00	84	7,89	26,23
20:06:30	84	7,89	26,23
20:07:00	84	7,89	26,23
20:07:30	84	7,89	26,23
20:08:00	84	7,89	26,23
20:08:30	84	7,89	26,23
20:09:00	84	7,89	26,23
20:09:30	84	7,88	26,35
20:10:00	84	7,89	26,23
20:10:30	84	7,89	26,23
20:11:00	84	7,89	26,23
20:11:30	84	7,89	26,23
20:12:00	84	7,88	26,35
20:12:30	84	7,88	26,35
20:13:00	84	7,88	26,35
20:13:30	84	7,88	26,35
20:14:00	84	7,88	26,35
20:14:30	84	7,88	26,35
20:15:00	84	7,88	26,35
20:15:30	85	7,88	26,35
20:16:00	85	7,88	26,35
20:16:30	85	7,88	26,35
20:17:00	85	7,87	26,47
20:17:30	85	7,87	26,47
20:18:00	85	7,87	26,47
20:18:30	85	7,87	26,47
20:19:00	85	7,87	26,47
20:19:30	85	7,87	26,47
20:20:00	85	7,87	26,47
20:20:30	85	7,87	26,47
20:21:00	85	7,87	26,47
20:21:30	85	7,87	26,47
20:22:00	84	7,87	26,47
20:22:30	84	7,87	26,47
20:23:00	85	7,87	26,47
20:23:30	85	7,87	26,47
20:24:00	84	7,87	26,47
20:24:30	84	7,87	26,47
20:25:00	84	7,87	26,47
20:25:30	85	7,87	26,47
20:26:00	85	7,87	26,47
20:26:30	84	7,86	26,59
20:27:00	84	7,86	26,59
20:27:30	84	7,86	26,59
20:28:00	84	7,86	26,59
20:28:30	85	7,86	26,59
20:29:00	84	7,86	26,59
20:29:30	84	7,86	26,59
20:30:00	84	7,86	26,59
20:30:30	84	7,86	26,59
20:31:00	84	7,86	26,59
20:31:30	84	7,86	26,59
20:32:00	84	7,86	26,59
20:32:30	84	7,86	26,59
20:33:00	84	7,86	26,59
20:33:30	84	7,86	26,72
20:34:00	84	7,86	26,72
20:34:30	84	7,86	26,72
20:35:00	84	7,86	26,72
20:35:30	84	7,86	26,72
20:36:00	84	7,86	26,72
20:36:30	84	7,86	26,72
20:37:00	84	7,86	26,72
20:37:30	84	7,86	26,72
20:38:00	84	7,86	26,72
20:38:30	84	7,86	26,72
20:39:00	84	7,86	26,72
20:39:30	84	7,86	26,72
20:40:00	84	7,86	26,72
20:40:30	84	7,86	26,72
20:41:00	84	7,86	26,72
20:41:30	84	7,86	26,72
20:42:00	84	7,86	26,72
20:42:30	84	7,86	26,72
20:43:00	84	7,86	26,72
20:43:30	84	7,86	26,72
20:44:00	84	7,86	26,72
20:44:30	84	7,86	26,72
20:45:00	84	7,86	26,72
20:45:30	84	7,86	26,72
20:46:00	84	7,85	26,84
20:46:30	84	7,85	26,84
20:47:00	84	7,85	26,84
20:47:30	84	7,85	26,84
20:48:00	84	7,85	26,84
20:48:30	84	7,85	26,84
20:49:00	84	7,85	26,84
20:49:30	84	7,85	26,84
20:50:00	84	7,85	26,84
20:50:30	84	7,85	26,84
20:51:00	84	7,85	26,84
20:51:30	84	7,85	26,84
20:52:00	84	7,85	26,84
20:52:30	84	7,85	26,84
20:53:00	84	7,85	26,84
20:53:30	84	7,85	26,84
20:54:00	84	7,84	26,96
20:54:30	84	7,84	26,96
20:55:00	84	7,84	26,96
20:55:30	84	7,84	26,96
20:56:00	84	7,84	26,96
20:56:30	84	7,84	26,96
20:57:00	84	7,84	26,96
20:57:30	84	7,84	26,96
20:58:00	84	7,84	26,96
20:58:30	84	7,84	26,96
20:59:00	84	7,84	26,96
20:59:30	84	7,84	26,96
21:00:00	84	7,84	26,96
21:00:30	84	7,84	26,96
21:01:00	84	7,84	26,96
21:01:30	84	7,84	26,96
21:02:00	84	7,84	26,96
21:02:30	84	7,84	26,96
21:03:00	84	7,84	26,96
21:03:30	84	7,83	27,09
21:04:00	84	7,84	26,96
21:04:30	84	7,84	26,96
21:05:00	84	7,84	26,96
21:05:30	84	7,84	26,96
21:06:00	84	7,84	26,96
21:06:30	84	7,84	26,96
21:07:00	84	7,83	27,09
21:07:30	84	7,83	27,09
21:08:00	84	7,83	27,09
21:08:30	84	7,83	27,09
21:09:00	84	7,83	27,09
21:09:30	84	7,83	27,09
21:10:00	85	7,83	27,21
21:10:30	85	7,83	27,21
21:11:00	85	7,83	27,21
21:11:30	85	7,83	27,21
21:12:00	85	7,83	27,21
21:12:30	85	7,83	27,21
21:13:00	85	7,83	27,21
21:13:30	85	7,83	27,21
21:14:00	85	7,83	27,21
21:14:30	84	7,83	27,21
21:15:00	84	7,83	27,21
21:15:30	84	7,83	27,21
21:16:00	85	7,83	27,21
21:16:30	84	7,83	27,21
21:17:00	84	7,83	27,21
21:17:30	84	7,83	27,21
21:18:00	84	7,83	27,21
21:18:30	84	7,83	27,21
21:19:00	84	7,83	27,21
21:19:30	84	7,83	27,21
21:20:00	84	7,83	27,21
21:20:30	84	7,83	27,21
21:21:00	84	7,83	27,21
21:21:30	84	7,83	27,21
21:22:00	84	7,83	27,21
21:22:30	84	7,83	27,21
21:23:00	84	7,83	27,21
21:23:30	84	7,83	27,21
21:24:00	84	7,83	27,21
21:24:30	84	7,83	27,21
21:25:00	84	7,82	27,34
21:25:30	84	7,83	27,21
21:26:00	84	7,82	27,34
21:26:30	84	7,82	27,34
21:27:00	84	7,82	27,34
21:27:30	84	7,82	27,34
21:28:00	84	7,82	27,34
21:28:30	84	7,82	27,34
21:29:00	84	7,82	27,34
21:29:30	84	7,82	27,34
21:30:00	84	7,82	27,34
21:30:30	84	7,82	27,34
21:31:00	84	7,82	27,34
21:31:30	84	7,82	27,34
21:32:00	84	7,82	27,34
21:32:30	84	7,82	27,34
21:33:00	84	7,81	27,47
21:33:30	84	7,81	27,47
21:34:00	84	7,81	27,47
21:34:30	84	7,81	27,47
21:35:00	84	7,81	27,47
21:35:30	84	7,81	27,47
21:36:00	84	7,81	27,47
21:36:30	84	7,81	27,47
21:37:00	84	7,81	27,47
21:37:30	84	7,81	27,47
21:38:00	84	7,81	27,47
21:38:30	84	7,81	27,47
21:39:00	84	7,81	27,47
21:39:30	84	7,81	27,47
21:40:00	84	7,81	27,47
21:40:30	84	7,81	27,47
21:41:00	84	7,81	27,47
21:41:30	84	7,81	27,47
21:42:00	84	7,81	27,47
21:42:30	84	7,81	27,47
21:43:00	84	7,81	27,47
21:43:30	84	7,81	27,47
21:44:00	84	7,81	27,60
21:44:30	84	7,81	27,60
21:45:00	84	7,81	27,60
21:45:30	84	7,81	27,60
21:46:00	84	7,81	27,60
21:46:30	84	7,81	27,60
21:47:00	84	7,81	27,60
21:47:30	84	7,81	27,60
21:48:00	84	7,81	27,60
21:48:30	84	7,81	27,60
21:49:00	84	7,81	27,60
21:49:30	84	7,81	27,60
21:50:00	84	7,81	27,60
21:50:30	84	7,81	27,60
21:51:00	84	7,81	27,60
21:51:30	84	7,81	27,60
21:52:00	84	7,81	27,60
21:52:30	84	7,81	27,60
21:53:00	84	7,81	27,60
21:53:30	84	7,80	27,72
21:54:00	84	7,81	27,60
21:54:30	84	7,81	27,60
21:55:00	84	7,81	27,60
21:55:30	84	7,81	27,60
21:56:00	84	7,80	27,72
21:56:30	84	7,80	27,72
21:57:00	84	7,81	27,60
21:57:30	84	7,80	27,72
21:58:00	84	7,80	27,72
21:58:30	84	7,81	27,60
21:59:00	84	7,80	27,72
21:59:30	84	7,80	27,72
22:00:00	84	7,80	27,72
22:00:30	84	7,80	27,72
22:01:00	84	7,80	27,72
22:01:30	84	7,80	27,72
22:02:00	84	7,80	27,72
22:02:30	84	7,80	27,72
22:03:00	84	7,80	27,72
22:03:30	84	7,80	27,72
22:04:00	84	7,80	27,72
22:04:30	84	7,80	27,72
22:05:00	84	7,80	27,72
22:05:30	84	7,80	27,72
22:06:00	84	7,80	27,72
22:06:30	84	7,80	27,72
22:07:00	84	7,80	27,72
22:07:30	84	7,80	27,72
22:08:00	84	7,80	27,72
22:08:30	84	7,80	27,72
22:09:00	84	7,80	27,72
22:09:30	84	7,80	27,72
22:10:00	84	7,80	27,72
22:10:30	84	7,80	27,72
22:11:00	84	7,80	27,72
22:11:30	84	7,79	27,85
22:12:00	84	7,80	27,72
22:12:30	84	7,80	27,72
22:13:00	84	7,80	27,72
22:13:30	84	7,79	27,85
22:14:00	84	7,80	27,72
22:14:30	85	7,78	27,98
22:15:00	85	7,78	27,98
22:15:30	85	7,78	27,98
22:16:00	85	7,78	27,98
22:16:30	85	7,77	28,11
22:17:00	84	7,78	27,98
22:17:30	84	7,78	27,98
22:18:00	84	7,77	28,11
22:18:30	84	7,77	28,11
22:19:00	84	7,77	28,11
22:19:30	84	7,77	28,11
22:20:00	84	7,77	28,11
22:20:30	84	7,77	28,11
22:21:00	84	7,77	28,11
22:21:30	84	7,77	28,11
22:22:00	84	7,77	28,11
22:22:30	84	7,77	28,11
22:23:00	84	7,77	28,11
22:23:30	84	7,77	28,11
22:24:00	84	7,77	28,11
22:24:30	84	7,77	28,11
22:25:00	84	7,77	28,11
22:25:30	84	7,77	28,11
22:26:00	84	7,77	28,11
22:26:30	84	7,77	28,11
22:27:00	84	7,77	28,11
22:27:30	84	7,77	28,11
22:28:00	84	7,77	28,11
22:28:30	84	7,77	28,24
22:29:00	84	7,77	28,24
22:29:30	84	7,77	28,11
22:30:00	84	7,77	28,24
22:30:30	84	7,77	28,24
22:31:00	84	7,77	28,24
22:31:30	84	7,77	28,24
22:32:00	84	7,77	28,24
22:32:30	84	7,77	28,24
22:33:00	84	7,77	28,24
22:33:30	84	7,77	28,24
22:34:00	84	7,77	28,24
22:34:30	84	7,77	28,24
22:35:00	84	7,77	28,24
22:35:30	84	7,77	28,24
22:36:00	84	7,77	28,24
22:36:30	84	7,77	28,24
22:37:00	84	7,77	28,24
22:37:30	84	7,77	28,24
22:38:00	84	7,77	28,24
22:38:30	84	7,77	28,24
22:39:00	84	7,77	28,24
22:39:30	84	7,77	28,24
22:40:00	84	7,77	28,24
22:40:30	84	7,77	28,24
22:41:00	84	7,77	28,24
22:41:30	84	7,77	28,24
22:42:00	84	7,77	28,24
22:42:30	84	7,77	28,24
22:43:00	84	7,77	28,24
22:43:30	84	7,77	28,24
22:44:00	84	7,77	28,24
22:44:30	84	7,77	28,24
22:45:00	84	7,77	28,24
22:45:30	84	7,77	28,24
22:46:00	84	7,76	28,38
22:46:30	84	7,77	28,24
22:47:00	84	7,76	28,38
22:47:30	84	7,76	28,38
22:48:00	84	7,76	28,38
22:48:30	84	7,76	28,38
22:49:00	84	7,76	28,38
22:49:30	84	7,76	28,38
22:50:00	84	7,76	28,38
22:50:30	84	7,76	28,38
22:51:00	84	7,76	28,38
22:51:30	84	7,76	28,38
22:52:00	84	7,76	28,38
22:52:30	84	7,76	28,38
22:53:00	84	7,76	28,38
22:53:30	84	7,76	28,38
22:54:00	84	7,76	28,38
22:54:30	84	7,76	28,38
22:55:00	84	7,76	28,38
22:55:30	84	7,76	28,38
22:56:00	84	7,76	28,38
22:56:30	84	7,76	28,38
22:57:00	84	7,76	28,38
22:57:30	84	7,76	28,38
22:58:00	84	7,76	28,38
22:58:30	84	7,76	28,38
22:59:00	84	7,76	28,38
22:59:30	84	7,76	28,38
23:00:00	84	7,76	28,38
23:00:30	84	7,75	28,51
23:01:00	84	7,76	28,38
23:01:30	84	7,76	28,38
23:02:00	84	7,76	28,38
23:02:30	84	7,75	28,51
23:03:00	84	7,75	28,51
23:03:30	84	7,75	28,51
23:04:00	84	7,75	28,51
23:04:30	84	7,75	28,51
23:05:00	84	7,75	28,64
23:05:30	84	7,75	28,64
23:06:00	84	7,75	28,64
23:06:30	84	7,75	28,64
23:07:00	84	7,75	28,64
23:07:30	84	7,75	28,64
23:08:00	84	7,75	28,64
23:08:30	84	7,75	28,64
23:09:00	84	7,75	28,64
23:09:30	84	7,75	28,64
23:10:00	84	7,75	28,64
23:10:30	84	7,74	28,78
23:11:00	84	7,74	28,78
23:11:30	84	7,74	28,78
23:12:00	84	7,74	28,78
23:12:30	84	7,74	28,78
23:13:00	84	7,74	28,78
23:13:30	84	7,74	28,78
23:14:00	84	7,74	28,78
23:14:30	84	7,74	28,78
23:15:00	84	7,74	28,78
23:15:30	84	7,74	28,78
23:16:00	84	7,74	28,78
23:16:30	84	7,74	28,78
23:17:00	84	7,74	28,78
23:17:30	84	7,74	28,78
23:18:00	84	7,74	28,78
23:18:30	84	7,74	28,78
23:19:00	84	7,74	28,78
23:19:30	84	7,74	28,78
23:20:00	84	7,74	28,78
23:20:30	84	7,74	28,78
23:21:00	84	7,74	28,78
23:21:30	84	7,74	28,78
23:22:00	84	7,74	28,78
23:22:30	84	7,74	28,78
23:23:00	84	7,74	28,78
23:23:30	84	7,74	28,78
23:24:00	84	7,74	28,78
23:24:30	84	7,74	28,78
23:25:00	84	7,74	28,78
23:25:30	84	7,74	28,78
23:26:00	84	7,74	28,78
23:26:30	84	7,74	28,78
23:27:00	84	7,74	28,78
23:27:30	84	7,74	28,78
23:28:00	84	7,74	28,78
23:28:30	84	7,73	28,91
23:29:00	84	7,74	28,78
23:29:30	84	7,74	28,78
23:30:00	84	7,73	28,91
23:30:30	84	7,73	28,91
23:31:00	84	7,73	28,91
23:31:30	84	7,73	28,91
23:32:00	84	7,73	28,91
23:32:30	84	7,73	28,91
23:33:00	84	7,73	28,91
23:33:30	84	7,73	28,91
23:34:00	84	7,73	28,91
23:34:30	84	7,73	28,91
23:35:00	84	7,73	28,91
23:35:30	84	7,73	28,91
23:36:00	84	7,73	28,91
23:36:30	84	7,73	28,91
23:37:00	84	7,73	28,91
23:37:30	84	7,73	28,91
23:38:00	84	7,72	29,05
23:38:30	84	7,73	28,91
23:39:00	84	7,72	29,05
23:39:30	84	7,72	29,05
23:40:00	84	7,72	29,05
23:40:30	84	7,73	28,91
23:41:00	84	7,72	29,05
23:41:30	84	7,72	29,05
23:42:00	84	7,72	29,05
23:42:30	84	7,72	29,05
23:43:00	84	7,72	29,05
23:43:30	84	7,72	29,05
23:44:00	84	7,72	29,05
23:44:30	84	7,72	29,05
23:45:00	84	7,72	29,05
23:45:30	84	7,72	29,05
23:46:00	84	7,72	29,05
23:46:30	84	7,72	29,05
23:47:00	84	7,72	29,05
23:47:30	84	7,72	29,05
23:48:00	84	7,72	29,05
23:48:30	84	7,72	29,05
23:49:00	84	7,72	29,05
23:49:30	84	7,72	29,05
23:50:00	84	7,72	29,05
23:50:30	84	7,72	29,05
23:51:00	84	7,72	29,05
23:51:30	84	7,72	29,05
23:52:00	84	7,72	29,18
23:52:30	84	7,72	29,05
23:53:00	84	7,72	29,05
23:53:30	84	7,72	29,18
23:54:00	84	7,72	29,05
23:54:30	84	7,72	29,05
23:55:00	84	7,72	29,05
23:55:30	84	7,72	29,05
23:56:00	84	7,72	29,05
23:56:30	84	7,72	29,18
23:57:00	84	7,72	29,18
23:57:30	84	7,72	29,18
23:58:00	84	7,72	29,05
23:58:30	84	7,72	29,05
23:59:00	84	7,72	29,18
23:59:30	84	7,72	29,18
24:00:00	84	7,72	29,18
24:00:30	84	7,72	29,18
24:01:00	84	7,72	29,18
24:01:30	84	7,72	29,18
24:02:00	84	7,72	29,18
24:02:30	84	7,72	29,18
24:03:00	84	7,72	29,18
24:03:30	84	7,72	29,18
24:04:00	84	7,72	29,18
24:04:30	84	7,72	29,18
24:05:00	84	7,72	29,18
24:05:30	84	7,72	29,18
24:06:00	84	7,71	29,32
24:06:30	84	7,71	29,32
24:07:00	84	7,71	29,32
24:07:30	84	7,71	29,32
24:08:00	84	7,71	29,32
24:08:30	84	7,71	29,32
24:09:00	84	7,71	29,32
24:09:30	84	7,71	29,32
24:10:00	84	7,71	29,32
24:10:30	84	7,71	29,32
24:11:00	84	7,71	29,32
24:11:30	84	7,71	29,32
24:12:00	84	7,71	29,32
24:12:30	84	7,71	29,32
24:13:00	84	7,71	29,32
24:13:30	84	7,71	29,32
24:14:00	84	7,71	29,32
24:14:30	84	7,71	29,32
24:15:00	84	7,71	29,32
24:15:30	84	7,71	29,32
24:16:00	84	7,71	29,32
24:16:30	84	7,71	29,32
24:17:00	84	7,71	29,32
24:17:30	84	7,71	29,32
24:18:00	84	7,71	29,32
24:18:30	84	7,71	29,32
24:19:00	84	7,71	29,32
24:19:30	84	7,71	29,32
24:20:00	84	7,71	29,32
24:20:30	84	7,71	29,32
24:21:00	84	7,71	29,32
24:21:30	84	7,71	29,32
24:22:00	84	7,71	29,32
24:22:30	84	7,71	29,32
24:23:00	84	7,71	29,32
24:23:30	84	7,71	29,32
24:24:00	84	7,71	29,32
24:24:30	84	7,71	29,32
24:25:00	84	7,71	29,32
24:25:30	84	7,70	29,46
24:26:00	84	7,71	29,32
24:26:30	84	7,71	29,32
24:27:00	84	7,71	29,32
24:27:30	84	7,70	29,46
24:28:00	84	7,70	29,46
24:28:30	84	7,70	29,46
24:29:00	84	7,70	29,46
24:29:30	84	7,70	29,46
24:30:00	84	7,70	29,46
24:30:30	84	7,70	29,46
24:31:00	84	7,70	29,46
24:31:30	84	7,70	29,46
24:32:00	84	7,70	29,46
24:32:30	84	7,70	29,46
24:33:00	84	7,70	29,46
24:33:30	84	7,70	29,46
24:34:00	84	7,70	29,46
24:34:30	84	7,70	29,46
24:35:00	84	7,70	29,46
24:35:30	84	7,70	29,46
24:36:00	84	7,70	29,46
24:36:30	84	7,70	29,46
