--Test Summary--
Full Path and File Name	
Instrument Name	7222
Instrument Type	Model 7222 Consistometer
Instrument Serial Number	
Test Start Date	11.12.2013
Test Start Time	11:52:39
Test Stop Date	11.12.2013
Test Stop Time	14:54:19
Test Length	3:01:40
Final Sample Time Offset	3:01:30
Controller Schedule Name	
Sampling Period	10 seconds
Comments	MPa: 35(40), T:75(40)
Information	WellID	
Information	Customer	Trican
Information	EngName	Pavel Lebedev
Information	CementClass	100%G
Information	CementMfr	Dyckerhoff - Suhoy Log
Information	Additives	5%DCN-80+0.05%NTF (bwoc)
Information	Density	1900
Information	BHCT	75
Information	BHST	
Information	FluidLoss	
Information	JobType	Research
Calculated Value	Time_30Bc	N/A
Calculated Value	Time_70Bc	N/A
Calculated Value	Time_100Bc	N/A
Initial Temperature (°C)	27 °C
Final Temperature (°C)	79 °C
Initial Pressure (MPa)	0,7 MPa
Final Pressure (MPa)	34,9 MPa
Initial Consistency (Bc)	12 Bc
Final Consistency (Bc)	20 Bc
--Data--
Time (HH:MM:SS)	Temperature (°C)	Pressure (MPa)	Consistency (Bc)
0:00:00	27	0,7	12
0:00:10	27	0,8	12
0:00:20	27	1,1	12
0:00:30	27	1,2	12
0:00:40	26	1,4	12
0:00:50	26	1,8	11
0:01:00	26	2,3	11
0:01:10	26	2,7	13
0:01:20	26	2,8	13
0:01:30	27	3,0	13
0:01:40	27	3,2	13
0:01:50	27	3,2	12
0:02:00	27	3,4	12
0:02:10	27	3,5	12
0:02:20	27	3,5	18
0:02:30	28	3,2	16
0:02:40	28	2,9	14
0:02:50	28	3,1	13
0:03:00	28	3,4	12
0:03:10	29	3,5	12
0:03:20	29	3,6	13
0:03:30	29	3,8	17
0:03:40	29	4,1	12
0:03:50	29	3,9	12
0:04:00	29	4,1	12
0:04:10	29	4,4	12
0:04:20	29	4,7	12
0:04:30	29	4,6	12
0:04:40	29	4,7	12
0:04:50	29	5,1	12
0:05:00	29	5,6	12
0:05:10	29	6,2	12
0:05:20	29	6,4	12
0:05:30	29	6,4	16
0:05:40	29	6,6	14
0:05:50	29	6,7	14
0:06:00	30	6,7	13
0:06:10	30	6,8	14
0:06:20	30	7,2	13
0:06:30	30	7,3	14
0:06:40	31	7,1	16
0:06:50	31	6,8	14
0:07:00	31	6,6	14
0:07:10	32	6,7	16
0:07:20	32	7,0	20
0:07:30	33	7,0	16
0:07:40	33	7,5	18
0:07:50	33	7,4	17
0:08:00	33	7,4	17
0:08:10	34	7,7	16
0:08:20	34	7,7	15
0:08:30	34	7,9	18
0:08:40	34	8,1	16
0:08:50	34	8,3	16
0:09:00	34	8,6	17
0:09:10	34	8,7	16
0:09:20	34	9,1	16
0:09:30	34	9,8	16
0:09:40	34	9,8	16
0:09:50	34	10,2	16
0:10:00	34	10,0	16
0:10:10	34	10,0	16
0:10:20	34	10,7	16
0:10:30	34	10,5	16
0:10:40	34	11,0	15
0:10:50	35	10,7	16
0:11:00	35	10,8	17
0:11:10	36	10,8	17
0:11:20	36	10,3	17
0:11:30	37	10,4	19
0:11:40	37	10,9	20
0:11:50	38	11,1	19
0:12:00	38	10,9	17
0:12:10	39	11,1	17
0:12:20	39	11,5	16
0:12:30	39	11,5	16
0:12:40	39	11,5	17
0:12:50	39	11,7	17
0:13:00	40	11,8	16
0:13:10	40	12,0	15
0:13:20	40	12,0	15
0:13:30	40	12,3	15
0:13:40	40	12,4	15
0:13:50	40	12,8	15
0:14:00	39	13,5	15
0:14:10	39	13,7	15
0:14:20	39	13,9	15
0:14:30	39	14,0	16
0:14:40	39	13,7	17
0:14:50	39	14,5	17
0:15:00	40	14,1	16
0:15:10	40	14,7	16
0:15:20	40	15,0	16
0:15:30	41	15,0	16
0:15:40	41	14,6	16
0:15:50	42	14,1	16
0:16:00	42	14,2	16
0:16:10	43	14,7	22
0:16:20	44	14,8	16
0:16:30	44	14,9	16
0:16:40	45	15,1	16
0:16:50	45	15,4	16
0:17:00	45	15,2	15
0:17:10	46	15,6	15
0:17:20	46	15,6	15
0:17:30	46	15,6	15
0:17:40	46	15,8	15
0:17:50	46	16,3	15
0:18:00	46	16,4	15
0:18:10	46	16,5	15
0:18:20	46	16,5	15
0:18:30	46	16,9	15
0:18:40	46	17,7	15
0:18:50	46	18,0	15
0:19:00	45	17,3	18
0:19:10	45	17,9	17
0:19:20	45	18,7	16
0:19:30	46	18,0	16
0:19:40	46	18,7	16
0:19:50	46	18,0	15
0:20:00	46	18,1	15
0:20:10	47	18,8	15
0:20:20	47	18,9	17
0:20:30	48	18,3	17
0:20:40	49	18,2	16
0:20:50	49	18,6	16
0:21:00	50	18,5	16
0:21:10	51	19,1	16
0:21:20	51	19,0	15
0:21:30	52	19,3	15
0:21:40	52	19,5	15
0:21:50	52	19,3	15
0:22:00	53	19,7	15
0:22:10	53	19,7	15
0:22:20	53	19,7	15
0:22:30	53	20,3	15
0:22:40	53	20,3	15
0:22:50	53	20,3	15
0:23:00	53	20,5	15
0:23:10	53	20,6	15
0:23:20	52	21,3	15
0:23:30	52	21,3	15
0:23:40	52	21,6	15
0:23:50	52	22,1	15
0:24:00	52	22,7	16
0:24:10	52	21,7	16
0:24:20	52	22,4	16
0:24:30	52	23,0	15
0:24:40	52	22,0	15
0:24:50	53	22,7	15
0:25:00	53	22,6	16
0:25:10	54	22,7	16
0:25:20	55	22,3	15
0:25:30	55	22,6	15
0:25:40	56	22,7	15
0:25:50	57	22,9	15
0:26:00	58	22,8	15
0:26:10	58	23,3	15
0:26:20	59	23,4	15
0:26:30	59	23,6	15
0:26:40	60	23,6	15
0:26:50	60	23,6	15
0:27:00	60	24,0	16
0:27:10	60	23,9	15
0:27:20	60	24,4	15
0:27:30	60	24,4	15
0:27:40	60	24,5	15
0:27:50	60	24,6	15
0:28:00	60	24,7	15
0:28:10	60	24,9	15
0:28:20	60	25,3	15
0:28:30	60	26,2	15
0:28:40	59	26,5	15
0:28:50	59	25,2	15
0:29:00	59	25,7	15
0:29:10	59	26,4	15
0:29:20	59	27,3	15
0:29:30	59	26,0	15
0:29:40	59	26,5	15
0:29:50	59	26,9	15
0:30:00	59	27,0	15
0:30:10	60	26,8	15
0:30:20	61	27,1	15
0:30:30	61	27,0	15
0:30:40	62	27,0	15
0:30:50	63	26,9	15
0:31:00	64	27,4	15
0:31:10	65	27,4	15
0:31:20	66	27,5	15
0:31:30	67	27,6	15
0:31:40	68	27,7	15
0:31:50	69	27,9	15
0:32:00	69	27,9	15
0:32:10	69	28,2	15
0:32:20	70	28,4	15
0:32:30	70	28,4	15
0:32:40	70	28,8	15
0:32:50	70	28,8	15
0:33:00	70	29,3	15
0:33:10	70	29,1	15
0:33:20	69	29,3	15
0:33:30	69	29,4	15
0:33:40	69	29,5	15
0:33:50	69	29,7	15
0:34:00	68	29,9	15
0:34:10	68	30,3	15
0:34:20	67	31,2	15
0:34:30	67	31,2	15
0:34:40	67	31,5	15
0:34:50	66	31,6	15
0:35:00	66	30,5	16
0:35:10	66	31,2	17
0:35:20	66	31,7	18
0:35:30	66	32,0	18
0:35:40	66	32,3	18
0:35:50	67	32,0	18
0:36:00	67	32,6	18
0:36:10	68	31,7	19
0:36:20	68	32,0	18
0:36:30	69	32,0	18
0:36:40	70	31,9	18
0:36:50	71	32,4	18
0:37:00	73	32,2	18
0:37:10	74	32,6	18
0:37:20	75	32,5	18
0:37:30	76	33,0	18
0:37:40	77	33,1	19
0:37:50	77	33,3	19
0:38:00	77	33,4	19
0:38:10	77	33,5	19
0:38:20	77	33,5	19
0:38:30	77	33,7	19
0:38:40	77	33,8	19
0:38:50	77	34,1	19
0:39:00	76	34,3	19
0:39:10	76	34,4	19
0:39:20	75	34,5	19
0:39:30	75	34,8	19
0:39:40	75	35,3	19
0:39:50	74	34,8	19
0:40:00	74	35,2	19
0:40:10	73	35,6	19
0:40:20	73	36,3	19
0:40:30	73	34,4	19
0:40:40	73	36,1	19
0:40:50	72	34,4	19
0:41:00	72	35,5	19
0:41:10	73	35,6	19
0:41:20	73	35,3	20
0:41:30	74	35,6	20
0:41:40	75	34,7	20
0:41:50	76	35,0	20
0:42:00	78	34,9	20
0:42:10	79	34,9	20
0:42:20	81	35,0	20
0:42:30	82	34,8	21
0:42:40	83	34,7	21
0:42:50	83	34,8	21
0:43:00	84	34,8	21
0:43:10	84	35,1	21
0:43:20	84	34,9	21
0:43:30	84	34,8	21
0:43:40	83	34,9	21
0:43:50	83	35,1	21
0:44:00	83	35,1	21
0:44:10	82	35,1	23
0:44:20	82	35,2	23
0:44:30	81	34,8	23
0:44:40	81	34,9	23
0:44:50	80	35,0	23
0:45:00	80	34,9	23
0:45:10	79	34,8	23
0:45:20	79	34,9	23
0:45:30	79	34,9	23
0:45:40	78	34,8	24
0:45:50	78	35,1	23
0:46:00	78	34,8	24
0:46:10	77	35,0	23
0:46:20	77	35,1	23
0:46:30	76	35,1	23
0:46:40	76	35,5	23
0:46:50	76	36,4	24
0:47:00	76	35,0	23
0:47:10	75	36,1	23
0:47:20	75	34,3	24
0:47:30	75	35,3	23
0:47:40	75	36,0	23
0:47:50	76	35,5	23
0:48:00	77	35,5	23
0:48:10	78	34,9	23
0:48:20	79	34,8	24
0:48:30	80	34,8	24
0:48:40	82	35,0	24
0:48:50	83	34,9	24
0:49:00	84	34,9	23
0:49:10	84	35,0	23
0:49:20	85	34,8	23
0:49:30	85	34,9	23
0:49:40	85	34,8	23
0:49:50	85	35,1	23
0:50:00	85	35,0	23
0:50:10	84	35,0	23
0:50:20	84	35,1	23
0:50:30	84	35,1	23
0:50:40	83	34,8	23
0:50:50	83	34,9	24
0:51:00	83	35,0	23
0:51:10	82	35,1	23
0:51:20	82	34,8	23
0:51:30	81	35,0	23
0:51:40	81	35,2	23
0:51:50	81	34,9	23
0:52:00	80	34,8	23
0:52:10	80	34,9	23
0:52:20	80	35,1	23
0:52:30	80	34,9	23
0:52:40	79	34,9	23
0:52:50	79	35,0	23
0:53:00	79	34,9	23
0:53:10	78	35,1	23
0:53:20	78	35,0	23
0:53:30	78	35,0	23
0:53:40	78	35,1	23
0:53:50	77	34,9	23
0:54:00	77	35,2	23
0:54:10	77	35,0	23
0:54:20	77	34,9	23
0:54:30	76	36,2	22
0:54:40	76	34,3	23
0:54:50	76	35,2	23
0:55:00	76	35,7	23
0:55:10	76	36,2	23
0:55:20	76	34,2	23
0:55:30	76	35,3	23
0:55:40	76	34,3	23
0:55:50	77	35,0	23
0:56:00	78	34,8	23
0:56:10	79	35,1	23
0:56:20	80	35,1	23
0:56:30	81	34,7	23
0:56:40	81	34,9	23
0:56:50	82	35,1	23
0:57:00	82	35,0	23
0:57:10	83	34,9	23
0:57:20	83	34,9	23
0:57:30	83	34,8	23
0:57:40	83	35,0	23
0:57:50	82	35,1	23
0:58:00	82	35,2	23
0:58:10	82	34,9	23
0:58:20	82	34,9	23
0:58:30	81	35,0	23
0:58:40	81	35,0	23
0:58:50	81	35,1	23
0:59:00	81	34,9	23
0:59:10	80	35,0	23
0:59:20	80	35,0	23
0:59:30	80	35,2	23
0:59:40	80	35,0	23
0:59:50	79	35,1	23
1:00:00	79	34,9	23
1:00:10	79	35,0	23
1:00:20	79	34,9	23
1:00:30	78	35,1	23
1:00:40	78	34,9	23
1:00:50	78	35,0	23
1:01:00	78	34,8	23
1:01:10	78	35,0	23
1:01:20	77	34,9	23
1:01:30	77	35,2	23
1:01:40	77	35,1	23
1:01:50	77	34,9	23
1:02:00	77	35,2	22
1:02:10	76	34,8	22
1:02:20	76	35,3	22
1:02:30	76	35,2	22
1:02:40	76	35,0	22
1:02:50	76	34,7	22
1:03:00	76	34,5	22
1:03:10	76	35,8	22
1:03:20	77	35,2	22
1:03:30	77	35,0	22
1:03:40	78	34,9	22
1:03:50	79	34,7	22
1:04:00	79	34,9	22
1:04:10	80	34,8	22
1:04:20	80	34,8	22
1:04:30	81	34,7	22
1:04:40	81	34,9	22
1:04:50	81	34,8	22
1:05:00	81	34,8	22
1:05:10	81	35,0	22
1:05:20	81	35,1	22
1:05:30	81	34,9	22
1:05:40	81	34,9	22
1:05:50	80	34,9	22
1:06:00	80	35,1	22
1:06:10	80	34,9	22
1:06:20	80	34,8	22
1:06:30	79	34,9	22
1:06:40	79	35,2	22
1:06:50	79	35,0	22
1:07:00	79	34,9	22
1:07:10	79	35,2	22
1:07:20	78	35,0	22
1:07:30	78	34,9	22
1:07:40	78	34,9	22
1:07:50	78	35,0	22
1:08:00	78	34,9	22
1:08:10	78	35,0	22
1:08:20	77	34,9	22
1:08:30	77	35,0	22
1:08:40	77	34,9	22
1:08:50	77	35,0	22
1:09:00	77	34,9	22
1:09:10	77	35,5	22
1:09:20	77	35,2	22
1:09:30	76	34,8	22
1:09:40	76	34,6	22
1:09:50	76	36,1	22
1:10:00	76	35,9	22
1:10:10	76	35,6	22
1:10:20	77	34,8	22
1:10:30	77	35,2	22
1:10:40	77	34,8	22
1:10:50	78	35,1	22
1:11:00	79	35,0	22
1:11:10	79	35,0	22
1:11:20	80	34,9	22
1:11:30	80	34,8	22
1:11:40	80	34,9	22
1:11:50	80	35,0	22
1:12:00	80	34,8	22
1:12:10	80	34,9	22
1:12:20	80	34,8	22
1:12:30	80	34,9	22
1:12:40	80	35,0	22
1:12:50	80	34,9	22
1:13:00	80	35,0	22
1:13:10	80	34,9	22
1:13:20	79	35,2	22
1:13:30	79	35,0	22
1:13:40	79	34,8	22
1:13:50	79	34,9	22
1:14:00	79	35,0	22
1:14:10	79	34,8	22
1:14:20	78	34,8	22
1:14:30	78	35,0	22
1:14:40	78	34,9	22
1:14:50	78	34,9	22
1:15:00	78	35,0	22
1:15:10	78	34,9	22
1:15:20	78	34,8	22
1:15:30	77	35,0	22
1:15:40	77	34,9	22
1:15:50	77	35,3	22
1:16:00	77	35,2	22
1:16:10	77	35,9	22
1:16:20	77	35,7	22
1:16:30	77	35,6	22
1:16:40	77	35,5	22
1:16:50	77	35,4	22
1:17:00	77	34,7	22
1:17:10	77	35,9	22
1:17:20	77	35,0	22
1:17:30	77	34,8	22
1:17:40	78	34,8	22
1:17:50	78	34,8	22
1:18:00	79	35,0	22
1:18:10	79	34,8	22
1:18:20	80	34,9	22
1:18:30	80	35,0	22
1:18:40	80	35,1	22
1:18:50	80	34,8	22
1:19:00	80	34,9	22
1:19:10	80	34,9	22
1:19:20	80	34,9	22
1:19:30	80	34,9	22
1:19:40	80	35,0	22
1:19:50	80	35,2	22
1:20:00	80	35,0	22
1:20:10	79	34,9	22
1:20:20	79	34,9	22
1:20:30	79	35,0	22
1:20:40	79	34,9	22
1:20:50	79	34,9	22
1:21:00	79	35,1	22
1:21:10	78	34,9	22
1:21:20	78	35,0	22
1:21:30	78	34,9	22
1:21:40	78	34,9	22
1:21:50	78	35,1	22
1:22:00	78	35,0	22
1:22:10	78	34,9	22
1:22:20	77	35,1	22
1:22:30	77	35,0	22
1:22:40	77	34,9	22
1:22:50	77	35,3	22
1:23:00	77	34,9	22
1:23:10	77	35,9	22
1:23:20	77	35,7	22
1:23:30	77	35,5	22
1:23:40	77	35,1	22
1:23:50	77	35,8	22
1:24:00	77	35,2	22
1:24:10	77	35,1	22
1:24:20	78	34,8	22
1:24:30	78	34,9	22
1:24:40	78	34,8	22
1:24:50	79	34,8	22
1:25:00	79	34,9	22
1:25:10	79	34,9	22
1:25:20	80	35,1	22
1:25:30	80	35,0	22
1:25:40	80	35,0	22
1:25:50	80	34,9	22
1:26:00	80	35,0	22
1:26:10	80	35,3	22
1:26:20	79	35,1	22
1:26:30	79	34,9	22
1:26:40	79	35,0	22
1:26:50	79	34,8	22
1:27:00	79	34,9	22
1:27:10	79	35,2	22
1:27:20	79	35,1	22
1:27:30	78	35,0	22
1:27:40	78	34,9	22
1:27:50	78	35,2	22
1:28:00	78	35,1	22
1:28:10	78	35,0	22
1:28:20	78	34,9	22
1:28:30	78	34,9	22
1:28:40	77	35,3	22
1:28:50	77	35,2	22
1:29:00	77	35,1	22
1:29:10	77	35,0	22
1:29:20	77	34,9	22
1:29:30	77	35,5	22
1:29:40	77	35,1	22
1:29:50	77	36,1	22
1:30:00	76	35,9	22
1:30:10	76	35,4	22
1:30:20	76	34,9	22
1:30:30	77	35,5	22
1:30:40	77	35,8	22
1:30:50	77	35,6	22
1:31:00	77	35,2	22
1:31:10	78	34,8	22
1:31:20	78	34,9	22
1:31:30	79	34,9	22
1:31:40	79	35,1	22
1:31:50	79	35,2	22
1:32:00	79	34,9	22
1:32:10	79	34,9	22
1:32:20	79	34,9	22
1:32:30	79	35,0	22
1:32:40	79	34,9	22
1:32:50	79	35,1	22
1:33:00	79	35,0	22
1:33:10	79	35,0	22
1:33:20	79	34,8	22
1:33:30	79	35,0	22
1:33:40	79	34,8	22
1:33:50	78	34,9	22
1:34:00	78	35,0	22
1:34:10	78	34,9	22
1:34:20	78	35,0	22
1:34:30	78	34,9	22
1:34:40	78	34,9	22
1:34:50	78	35,1	22
1:35:00	77	35,0	22
1:35:10	77	34,9	22
1:35:20	77	34,9	22
1:35:30	77	35,1	22
1:35:40	77	35,0	22
1:35:50	77	35,0	22
1:36:00	77	35,2	22
1:36:10	77	36,0	22
1:36:20	77	35,7	22
1:36:30	76	35,3	22
1:36:40	76	34,8	22
1:36:50	76	35,7	22
1:37:00	76	35,0	22
1:37:10	77	35,4	22
1:37:20	77	35,4	22
1:37:30	77	35,1	22
1:37:40	78	35,2	22
1:37:50	78	34,8	22
1:38:00	78	34,9	22
1:38:10	79	34,9	22
1:38:20	79	34,9	22
1:38:30	79	34,8	22
1:38:40	79	35,1	22
1:38:50	79	34,8	22
1:39:00	79	35,1	22
1:39:10	79	34,9	22
1:39:20	79	34,9	22
1:39:30	79	35,0	22
1:39:40	79	35,3	22
1:39:50	79	35,1	22
1:40:00	79	34,9	22
1:40:10	78	35,2	22
1:40:20	78	35,1	22
1:40:30	78	35,0	22
1:40:40	78	34,9	22
1:40:50	78	35,1	22
1:41:00	78	35,0	22
1:41:10	78	34,9	22
1:41:20	78	35,2	22
1:41:30	77	35,2	22
1:41:40	77	35,1	22
1:41:50	77	35,0	22
1:42:00	77	34,9	22
1:42:10	77	35,2	22
1:42:20	77	35,1	22
1:42:30	77	35,2	22
1:42:40	77	35,9	22
1:42:50	77	35,4	22
1:43:00	76	34,9	22
1:43:10	76	35,8	22
1:43:20	76	35,3	22
1:43:30	76	36,0	22
1:43:40	77	35,1	22
1:43:50	77	35,1	22
1:44:00	77	34,9	22
1:44:10	77	35,0	22
1:44:20	78	35,0	22
1:44:30	78	35,1	22
1:44:40	78	34,8	22
1:44:50	79	35,0	22
1:45:00	79	35,1	22
1:45:10	79	34,9	22
1:45:20	79	34,9	22
1:45:30	79	34,9	22
1:45:40	79	35,1	22
1:45:50	79	35,0	22
1:46:00	79	34,9	22
1:46:10	79	35,1	22
1:46:20	79	35,0	22
1:46:30	78	34,8	22
1:46:40	78	35,2	22
1:46:50	78	35,0	22
1:47:00	78	34,9	22
1:47:10	78	34,9	22
1:47:20	78	35,1	22
1:47:30	78	35,0	22
1:47:40	78	34,9	22
1:47:50	77	34,8	22
1:48:00	77	35,1	22
1:48:10	77	35,0	22
1:48:20	77	34,9	22
1:48:30	77	35,1	22
1:48:40	77	35,1	22
1:48:50	77	35,0	22
1:49:00	77	35,4	22
1:49:10	77	34,6	22
1:49:20	77	35,6	22
1:49:30	76	35,1	22
1:49:40	76	35,9	22
1:49:50	76	35,3	22
1:50:00	76	35,9	22
1:50:10	77	35,1	22
1:50:20	77	35,0	22
1:50:30	77	35,1	22
1:50:40	78	34,8	22
1:50:50	78	34,9	22
1:51:00	78	35,0	22
1:51:10	79	35,0	22
1:51:20	79	34,9	22
1:51:30	79	34,8	22
1:51:40	79	34,8	22
1:51:50	79	35,0	22
1:52:00	79	34,8	22
1:52:10	79	34,9	22
1:52:20	79	35,0	22
1:52:30	79	35,2	22
1:52:40	79	35,1	22
1:52:50	78	35,0	22
1:53:00	78	34,8	22
1:53:10	78	34,9	22
1:53:20	78	35,0	22
1:53:30	78	34,9	22
1:53:40	78	35,2	22
1:53:50	78	35,1	22
1:54:00	78	35,0	22
1:54:10	78	34,9	22
1:54:20	77	35,1	22
1:54:30	77	35,0	22
1:54:40	77	35,0	22
1:54:50	77	34,9	22
1:55:00	77	35,2	22
1:55:10	77	35,1	22
1:55:20	77	35,0	22
1:55:30	77	35,4	22
1:55:40	77	36,1	22
1:55:50	77	35,5	22
1:56:00	76	35,1	22
1:56:10	76	35,9	22
1:56:20	76	35,2	22
1:56:30	77	35,8	22
1:56:40	77	35,2	22
1:56:50	77	35,1	22
1:57:00	77	34,8	22
1:57:10	78	34,9	22
1:57:20	78	35,0	22
1:57:30	78	35,1	22
1:57:40	78	34,9	22
1:57:50	79	35,0	22
1:58:00	79	35,2	22
1:58:10	79	34,9	22
1:58:20	79	34,9	22
1:58:30	79	35,0	22
1:58:40	79	34,8	22
1:58:50	79	35,1	22
1:59:00	79	34,9	22
1:59:10	79	34,9	22
1:59:20	78	35,1	22
1:59:30	78	35,0	22
1:59:40	78	34,8	22
1:59:50	78	34,9	22
2:00:00	78	35,0	22
2:00:10	78	34,9	22
2:00:20	78	34,9	22
2:00:30	78	35,1	22
2:00:40	77	35,0	22
2:00:50	77	34,9	22
2:01:00	77	35,2	22
2:01:10	77	35,1	22
2:01:20	77	35,0	22
2:01:30	77	34,9	22
2:01:40	77	35,3	22
2:01:50	77	35,6	22
2:02:00	77	34,9	22
2:02:10	77	35,7	22
2:02:20	77	35,2	22
2:02:30	76	36,0	22
2:02:40	76	35,4	22
2:02:50	77	35,9	22
2:03:00	77	35,4	22
2:03:10	77	35,3	22
2:03:20	77	35,0	22
2:03:30	78	35,1	22
2:03:40	78	34,9	22
2:03:50	78	34,9	22
2:04:00	78	35,0	22
2:04:10	79	34,8	22
2:04:20	79	34,9	22
2:04:30	79	35,0	22
2:04:40	79	35,0	22
2:04:50	79	34,8	22
2:05:00	79	35,1	22
2:05:10	79	34,9	22
2:05:20	79	35,0	22
2:05:30	79	34,9	22
2:05:40	78	35,0	22
2:05:50	78	34,9	22
2:06:00	78	35,1	22
2:06:10	78	34,9	22
2:06:20	78	35,2	22
2:06:30	78	35,1	22
2:06:40	78	35,0	22
2:06:50	78	34,9	22
2:07:00	78	34,9	22
2:07:10	77	35,1	22
2:07:20	77	35,0	22
2:07:30	77	35,0	22
2:07:40	77	34,9	22
2:07:50	77	34,9	22
2:08:00	77	35,1	22
2:08:10	77	35,5	22
2:08:20	77	34,9	22
2:08:30	77	35,6	22
2:08:40	77	35,1	22
2:08:50	77	35,9	22
2:09:00	77	35,3	22
2:09:10	77	35,8	22
2:09:20	77	35,2	22
2:09:30	77	35,1	22
2:09:40	77	34,9	22
2:09:50	78	34,9	22
2:10:00	78	35,0	22
2:10:10	78	35,1	22
2:10:20	78	34,8	22
2:10:30	79	35,1	22
2:10:40	79	34,9	22
2:10:50	79	34,9	22
2:11:00	79	34,9	22
2:11:10	79	35,2	22
2:11:20	79	35,0	22
2:11:30	79	34,8	22
2:11:40	79	35,0	22
2:11:50	78	35,0	22
2:12:00	78	34,9	22
2:12:10	78	35,2	22
2:12:20	78	35,1	22
2:12:30	78	35,0	22
2:12:40	78	34,9	22
2:12:50	78	35,0	22
2:13:00	78	34,9	22
2:13:10	78	35,2	22
2:13:20	77	35,1	22
2:13:30	77	35,0	22
2:13:40	77	34,9	22
2:13:50	77	35,1	22
2:14:00	77	35,1	22
2:14:10	77	35,0	22
2:14:20	77	35,1	22
2:14:30	77	35,8	22
2:14:40	77	35,2	22
2:14:50	77	36,0	22
2:15:00	76	35,4	22
2:15:10	76	34,9	22
2:15:20	77	35,4	22
2:15:30	77	35,8	22
2:15:40	77	35,8	22
2:15:50	77	35,5	22
2:16:00	77	35,2	22
2:16:10	78	34,9	22
2:16:20	78	35,0	22
2:16:30	78	34,9	22
2:16:40	79	34,9	22
2:16:50	79	35,1	22
2:17:00	79	34,9	22
2:17:10	79	34,9	22
2:17:20	79	34,9	22
2:17:30	79	35,0	22
2:17:40	79	35,0	22
2:17:50	79	34,9	22
2:18:00	78	34,9	22
2:18:10	78	35,0	22
2:18:20	78	34,9	22
2:18:30	78	35,0	22
2:18:40	78	34,9	22
2:18:50	78	34,9	22
2:19:00	78	35,1	22
2:19:10	78	35,0	22
2:19:20	78	34,9	22
2:19:30	77	34,9	22
2:19:40	77	35,1	22
2:19:50	77	35,0	22
2:20:00	77	34,9	22
2:20:10	77	35,2	22
2:20:20	77	35,1	22
2:20:30	77	35,0	22
2:20:40	77	35,4	22
2:20:50	77	34,9	22
2:21:00	77	35,6	22
2:21:10	76	35,1	22
2:21:20	76	35,9	22
2:21:30	76	35,3	22
2:21:40	77	35,7	22
2:21:50	77	34,9	22
2:22:00	77	34,8	22
2:22:10	77	34,8	22
2:22:20	78	35,0	22
2:22:30	78	35,2	22
2:22:40	78	34,9	22
2:22:50	78	34,8	22
2:23:00	79	34,8	22
2:23:10	79	35,0	22
2:23:20	79	34,8	22
2:23:30	79	35,1	22
2:23:40	79	34,9	22
2:23:50	79	35,2	22
2:24:00	79	35,0	22
2:24:10	78	34,9	22
2:24:20	78	35,2	22
2:24:30	78	35,1	22
2:24:40	78	35,0	22
2:24:50	78	34,9	22
2:25:00	78	35,2	22
2:25:10	78	35,1	22
2:25:20	78	34,9	22
2:25:30	78	34,9	22
2:25:40	77	35,2	22
2:25:50	77	35,1	22
2:26:00	77	35,0	22
2:26:10	77	34,9	22
2:26:20	77	34,9	22
2:26:30	77	34,9	22
2:26:40	77	34,9	22
2:26:50	77	35,2	22
2:27:00	77	36,0	22
2:27:10	77	35,4	22
2:27:20	77	35,0	22
2:27:30	76	35,8	22
2:27:40	77	35,1	22
2:27:50	77	35,7	22
2:28:00	77	35,9	22
2:28:10	77	34,9	22
2:28:20	77	34,8	22
2:28:30	78	35,2	22
2:28:40	78	34,9	22
2:28:50	78	35,0	22
2:29:00	79	34,9	22
2:29:10	79	34,9	22
2:29:20	79	35,1	22
2:29:30	79	34,9	22
2:29:40	79	35,2	22
2:29:50	79	35,0	22
2:30:00	79	35,2	22
2:30:10	79	35,0	22
2:30:20	79	34,9	22
2:30:30	78	35,2	22
2:30:40	78	35,1	22
2:30:50	78	35,0	22
2:31:00	78	34,9	22
2:31:10	78	35,0	22
2:31:20	78	35,0	22
2:31:30	78	35,0	22
2:31:40	78	34,9	22
2:31:50	78	35,3	22
2:32:00	78	35,2	22
2:32:10	77	35,1	22
2:32:20	77	35,0	22
2:32:30	77	34,9	22
2:32:40	77	34,9	22
2:32:50	77	35,0	22
2:33:00	77	34,9	22
2:33:10	77	35,3	22
2:33:20	77	36,0	22
2:33:30	77	35,4	22
2:33:40	77	34,9	22
2:33:50	77	35,7	22
2:34:00	77	35,1	22
2:34:10	77	35,6	22
2:34:20	77	35,8	22
2:34:30	77	35,7	22
2:34:40	77	35,3	22
2:34:50	78	35,0	22
2:35:00	78	35,2	22
2:35:10	78	34,8	22
2:35:20	79	34,9	22
2:35:30	79	35,1	22
2:35:40	79	34,9	22
2:35:50	79	34,9	22
2:36:00	79	35,0	22
2:36:10	79	34,8	22
2:36:20	79	34,8	22
2:36:30	79	34,9	22
2:36:40	79	35,1	22
2:36:50	79	35,0	22
2:37:00	78	34,9	22
2:37:10	78	35,0	22
2:37:20	78	34,8	22
2:37:30	78	35,0	22
2:37:40	78	34,9	22
2:37:50	78	35,1	22
2:38:00	78	35,0	22
2:38:10	78	34,9	22
2:38:20	78	35,1	22
2:38:30	77	35,0	22
2:38:40	77	34,9	22
2:38:50	77	34,9	22
2:39:00	77	35,2	22
2:39:10	77	35,1	22
2:39:20	77	35,1	22
2:39:30	77	35,5	22
2:39:40	77	34,6	18
2:39:50	77	35,7	19
2:40:00	77	35,2	19
2:40:10	77	35,9	19
2:40:20	77	35,2	19
2:40:30	77	35,6	19
2:40:40	77	35,9	19
2:40:50	77	35,8	19
2:41:00	77	35,5	19
2:41:10	78	35,2	19
2:41:20	78	34,9	19
2:41:30	78	35,0	20
2:41:40	79	35,0	20
2:41:50	79	35,0	20
2:42:00	79	34,9	20
2:42:10	79	35,0	20
2:42:20	79	34,8	20
2:42:30	79	35,0	20
2:42:40	79	34,9	20
2:42:50	79	34,9	20
2:43:00	79	35,1	20
2:43:10	78	35,0	20
2:43:20	78	34,8	20
2:43:30	78	34,9	20
2:43:40	78	35,0	20
2:43:50	78	34,9	20
2:44:00	78	35,0	20
2:44:10	78	34,9	20
2:44:20	78	35,1	20
2:44:30	78	35,0	20
2:44:40	77	34,9	20
2:44:50	77	34,9	20
2:45:00	77	35,1	20
2:45:10	77	35,0	20
2:45:20	77	35,0	20
2:45:30	77	34,9	20
2:45:40	77	35,1	20
2:45:50	77	35,7	20
2:46:00	77	35,2	20
2:46:10	77	36,0	20
2:46:20	77	35,5	20
2:46:30	77	34,9	20
2:46:40	77	35,4	20
2:46:50	77	35,7	20
2:47:00	77	35,7	20
2:47:10	77	35,4	20
2:47:20	78	35,1	20
2:47:30	78	34,9	20
2:47:40	78	34,9	20
2:47:50	79	35,0	20
2:48:00	79	34,8	20
2:48:10	79	35,0	20
2:48:20	79	34,8	20
2:48:30	79	35,1	20
2:48:40	79	34,9	20
2:48:50	79	35,0	20
2:49:00	79	34,8	20
2:49:10	79	34,9	20
2:49:20	78	35,3	20
2:49:30	78	35,1	20
2:49:40	78	35,0	20
2:49:50	78	34,9	20
2:50:00	78	35,3	20
2:50:10	78	35,2	20
2:50:20	78	35,1	20
2:50:30	78	35,0	20
2:50:40	78	34,9	20
2:50:50	78	35,3	20
2:51:00	77	35,2	20
2:51:10	77	35,1	20
2:51:20	77	35,0	20
2:51:30	77	34,9	20
2:51:40	77	34,9	20
2:51:50	77	35,7	20
2:52:00	77	35,1	20
2:52:10	77	35,9	20
2:52:20	77	35,4	20
2:52:30	77	34,9	20
2:52:40	77	35,5	20
2:52:50	77	35,0	20
2:53:00	77	35,2	20
2:53:10	77	35,1	20
2:53:20	77	35,2	20
2:53:30	78	34,9	20
2:53:40	78	34,8	20
2:53:50	78	35,2	20
2:54:00	79	34,9	20
2:54:10	79	35,1	20
2:54:20	79	34,8	20
2:54:30	79	34,8	20
2:54:40	79	34,9	20
2:54:50	79	35,0	20
2:55:00	79	34,9	20
2:55:10	79	34,8	20
2:55:20	79	35,2	20
2:55:30	79	35,0	20
2:55:40	78	34,9	20
2:55:50	78	35,2	20
2:56:00	78	35,1	20
2:56:10	78	35,0	20
2:56:20	78	34,9	20
2:56:30	78	35,1	20
2:56:40	78	35,0	20
2:56:50	78	34,9	20
2:57:00	78	35,2	20
2:57:10	77	35,1	20
2:57:20	77	35,0	20
2:57:30	77	34,9	20
2:57:40	77	34,9	20
2:57:50	77	35,1	20
2:58:00	77	35,1	20
2:58:10	77	35,3	20
2:58:20	77	35,9	20
2:58:30	77	35,3	20
2:58:40	77	35,3	20
2:58:50	77	35,5	20
2:59:00	76	34,9	20
2:59:10	77	35,5	20
2:59:20	77	35,8	20
2:59:30	77	35,8	20
2:59:40	77	35,5	20
2:59:50	78	35,2	20
3:00:00	78	34,9	20
3:00:10	78	35,0	20
3:00:20	78	34,9	20
3:00:30	79	35,0	20
3:00:40	79	35,2	20
3:00:50	79	35,0	20
3:01:00	79	35,1	20
3:01:10	79	35,0	20
3:01:20	79	34,9	20
3:01:30	79	34,9	20
