--Test Summary--
Full Path and File Name	
Instrument Name	7222
Instrument Type	Model 7222 Consistometer
Instrument Serial Number	
Test Start Date	12.04.2013
Test Start Time	8:21:32
Test Stop Date	12.04.2013
Test Stop Time	12:00:03
Test Length	3:38:31
Final Sample Time Offset	3:38:30
Controller Schedule Name	
Sampling Period	10 seconds
Comments	T: 70C(40min); P: 40MPa(40min); tap water
Information	WellID	Research
Information	Customer	Trican
Information	EngName	Pavel Lebedev
Information	CementClass	80%G+20%Silica Fume (BWOB)
Information	CementMfr	Dyckerhoff - Suhoy Log
Information	Additives	1%SMS+1.5%CFL-6+2%TA-1 (BWOB)
Information	Density	1400
Information	BHCT	70
Information	BHST	85
Information	FluidLoss	N/A
Information	JobType	Production csg
Calculated Value	Time_30Bc	2:12:00
Calculated Value	Time_70Bc	3:38:30
Initial Temperature (°C)	26 °C
Final Temperature (°C)	72 °C
Initial Pressure (MPa)	0,5 MPa
Final Pressure (MPa)	40,3 MPa
Initial Consistency (Bc)	21 Bc
Final Consistency (Bc)	70 Bc
--Data--
Time (HH:MM:SS)	Temperature (°C)	Pressure (MPa)	Consistency (Bc)
0:00:00	26	0,5	21
0:00:10	26	0,6	28
0:00:20	25	0,9	21
0:00:30	25	1,1	19
0:00:40	25	1,3	19
0:00:50	25	1,5	18
0:01:00	25	1,9	23
0:01:10	25	2,4	26
0:01:20	25	2,8	25
0:01:30	25	3,0	25
0:01:40	25	3,2	18
0:01:50	25	3,4	19
0:02:00	26	3,5	20
0:02:10	26	3,5	22
0:02:20	26	3,7	23
0:02:30	26	3,7	20
0:02:40	26	3,6	27
0:02:50	26	3,3	24
0:03:00	27	3,3	22
0:03:10	27	3,7	18
0:03:20	27	3,7	16
0:03:30	27	4,1	16
0:03:40	27	4,3	16
0:03:50	27	4,4	16
0:04:00	28	4,5	15
0:04:10	28	4,6	15
0:04:20	28	4,8	15
0:04:30	28	5,0	15
0:04:40	28	5,3	15
0:04:50	28	5,4	16
0:05:00	28	5,6	16
0:05:10	28	6,0	23
0:05:20	28	6,6	22
0:05:30	28	6,9	23
0:05:40	28	6,9	20
0:05:50	28	7,4	21
0:06:00	28	7,3	23
0:06:10	28	7,5	19
0:06:20	28	7,8	17
0:06:30	28	7,7	24
0:06:40	28	8,0	22
0:06:50	29	8,2	21
0:07:00	29	8,3	20
0:07:10	29	8,5	17
0:07:20	29	8,4	22
0:07:30	30	8,0	21
0:07:40	30	8,0	21
0:07:50	30	8,4	21
0:08:00	31	8,3	20
0:08:10	31	8,4	20
0:08:20	31	8,7	20
0:08:30	32	8,9	20
0:08:40	32	9,0	20
0:08:50	32	9,2	20
0:09:00	32	9,4	20
0:09:10	32	9,6	19
0:09:20	32	9,8	19
0:09:30	32	9,8	20
0:09:40	33	10,1	19
0:09:50	33	10,2	19
0:10:00	33	10,4	19
0:10:10	33	10,7	19
0:10:20	33	11,2	19
0:10:30	33	11,9	19
0:10:40	33	12,2	18
0:10:50	33	11,9	17
0:11:00	33	12,3	18
0:11:10	33	12,3	20
0:11:20	33	12,4	19
0:11:30	33	12,9	15
0:11:40	33	12,6	18
0:11:50	33	12,9	22
0:12:00	34	13,1	15
0:12:10	34	13,2	16
0:12:20	34	13,7	17
0:12:30	34	13,4	17
0:12:40	35	13,3	17
0:12:50	35	13,2	18
0:13:00	36	13,4	17
0:13:10	36	13,6	17
0:13:20	37	13,5	16
0:13:30	37	13,9	16
0:13:40	37	13,9	16
0:13:50	38	14,1	16
0:14:00	38	14,4	16
0:14:10	38	14,4	17
0:14:20	39	14,5	17
0:14:30	39	14,9	17
0:14:40	39	15,1	17
0:14:50	39	15,2	16
0:15:00	39	15,3	16
0:15:10	39	15,5	16
0:15:20	39	15,8	16
0:15:30	39	16,1	16
0:15:40	39	16,1	16
0:15:50	39	16,5	16
0:16:00	39	17,2	16
0:16:10	39	17,3	16
0:16:20	39	17,5	16
0:16:30	39	17,9	16
0:16:40	39	17,7	15
0:16:50	39	17,7	15
0:17:00	40	18,2	15
0:17:10	40	18,6	17
0:17:20	40	18,0	18
0:17:30	40	18,2	20
0:17:40	40	18,4	23
0:17:50	41	19,1	18
0:18:00	41	18,8	16
0:18:10	41	18,7	15
0:18:20	42	18,6	16
0:18:30	42	18,7	17
0:18:40	43	18,8	17
0:18:50	43	19,3	17
0:19:00	44	19,4	16
0:19:10	44	19,6	16
0:19:20	45	19,5	17
0:19:30	45	19,8	16
0:19:40	45	19,8	16
0:19:50	46	20,2	16
0:20:00	46	20,2	16
0:20:10	46	20,5	16
0:20:20	46	20,6	17
0:20:30	46	21,0	16
0:20:40	46	21,0	16
0:20:50	46	21,2	16
0:21:00	46	21,4	16
0:21:10	46	21,5	16
0:21:20	46	21,8	16
0:21:30	46	22,5	15
0:21:40	46	22,4	15
0:21:50	46	22,6	15
0:22:00	46	22,8	15
0:22:10	46	23,1	15
0:22:20	46	23,4	15
0:22:30	46	23,8	15
0:22:40	46	24,2	15
0:22:50	47	23,1	15
0:23:00	47	23,3	15
0:23:10	47	24,6	15
0:23:20	47	24,3	15
0:23:30	48	24,1	15
0:23:40	48	24,3	15
0:23:50	49	24,0	15
0:24:00	49	24,1	15
0:24:10	50	24,4	15
0:24:20	50	24,3	16
0:24:30	51	24,7	15
0:24:40	51	24,7	16
0:24:50	52	24,8	15
0:25:00	52	25,0	16
0:25:10	53	25,3	16
0:25:20	53	25,6	16
0:25:30	53	25,5	15
0:25:40	53	25,8	15
0:25:50	54	25,8	15
0:26:00	54	26,3	15
0:26:10	54	26,3	15
0:26:20	54	26,5	15
0:26:30	54	26,6	15
0:26:40	54	26,7	15
0:26:50	54	27,0	15
0:27:00	54	27,4	15
0:27:10	54	27,8	15
0:27:20	54	28,6	15
0:27:30	54	28,5	15
0:27:40	54	28,4	14
0:27:50	54	28,5	14
0:28:00	54	28,6	14
0:28:10	54	28,8	14
0:28:20	54	29,0	14
0:28:30	54	29,2	14
0:28:40	54	29,4	14
0:28:50	54	29,4	14
0:29:00	54	29,3	14
0:29:10	55	30,1	14
0:29:20	55	29,7	14
0:29:30	56	29,6	14
0:29:40	56	29,8	14
0:29:50	57	29,8	14
0:30:00	57	29,9	14
0:30:10	58	30,2	14
0:30:20	58	30,4	14
0:30:30	59	30,6	14
0:30:40	59	30,7	14
0:30:50	60	30,9	14
0:31:00	60	31,1	13
0:31:10	61	31,4	13
0:31:20	61	31,3	13
0:31:30	61	31,7	13
0:31:40	61	31,7	13
0:31:50	61	31,7	13
0:32:00	61	32,1	13
0:32:10	61	32,1	13
0:32:20	61	32,4	13
0:32:30	61	32,6	13
0:32:40	61	32,9	13
0:32:50	61	33,1	13
0:33:00	61	33,7	12
0:33:10	61	33,3	13
0:33:20	61	34,6	12
0:33:30	61	34,4	12
0:33:40	61	34,4	12
0:33:50	61	34,6	12
0:34:00	61	34,7	12
0:34:10	61	34,8	12
0:34:20	61	35,2	12
0:34:30	61	35,3	12
0:34:40	61	35,4	12
0:34:50	62	35,2	12
0:35:00	62	35,9	12
0:35:10	62	36,0	12
0:35:20	63	35,6	12
0:35:30	64	35,4	11
0:35:40	64	35,7	11
0:35:50	65	35,7	11
0:36:00	65	36,0	11
0:36:10	66	36,1	11
0:36:20	66	36,1	11
0:36:30	67	36,7	11
0:36:40	67	36,8	11
0:36:50	68	36,9	11
0:37:00	68	36,9	11
0:37:10	68	37,3	11
0:37:20	68	37,2	11
0:37:30	68	37,7	11
0:37:40	68	37,7	11
0:37:50	68	37,7	11
0:38:00	68	38,2	11
0:38:10	68	38,2	11
0:38:20	68	38,5	11
0:38:30	68	38,6	11
0:38:40	68	39,2	11
0:38:50	68	39,4	11
0:39:00	68	40,1	11
0:39:10	68	40,1	10
0:39:20	68	40,4	10
0:39:30	68	40,6	10
0:39:40	68	40,9	10
0:39:50	68	39,2	10
0:40:00	68	40,0	9
0:40:10	68	40,4	9
0:40:20	68	40,2	10
0:40:30	68	39,4	9
0:40:40	69	40,5	9
0:40:50	69	40,3	9
0:41:00	70	39,8	9
0:41:10	70	39,8	9
0:41:20	71	39,9	9
0:41:30	72	39,8	10
0:41:40	72	40,0	10
0:41:50	73	40,0	10
0:42:00	73	40,0	11
0:42:10	73	39,8	12
0:42:20	74	40,0	11
0:42:30	74	39,8	12
0:42:40	74	40,1	11
0:42:50	74	39,9	11
0:43:00	74	39,9	11
0:43:10	75	39,9	11
0:43:20	75	39,8	11
0:43:30	75	39,9	11
0:43:40	75	40,0	11
0:43:50	74	39,9	11
0:44:00	74	39,8	11
0:44:10	74	40,1	10
0:44:20	74	39,8	10
0:44:30	74	39,8	10
0:44:40	74	39,9	10
0:44:50	74	39,9	10
0:45:00	74	39,9	10
0:45:10	73	39,9	10
0:45:20	73	39,9	10
0:45:30	73	40,1	10
0:45:40	73	39,9	10
0:45:50	73	39,9	10
0:46:00	72	39,9	10
0:46:10	72	40,0	10
0:46:20	72	39,8	10
0:46:30	72	40,3	10
0:46:40	72	39,5	10
0:46:50	71	41,0	10
0:47:00	71	40,8	10
0:47:10	71	40,7	10
0:47:20	71	40,7	11
0:47:30	71	40,8	11
0:47:40	71	40,7	11
0:47:50	71	40,6	11
0:48:00	71	40,2	11
0:48:10	71	40,9	12
0:48:20	71	39,9	12
0:48:30	71	39,8	12
0:48:40	71	40,0	12
0:48:50	72	39,8	12
0:49:00	72	39,9	12
0:49:10	73	40,0	12
0:49:20	73	39,8	12
0:49:30	73	40,0	12
0:49:40	73	39,9	12
0:49:50	74	39,8	12
0:50:00	74	39,8	12
0:50:10	74	39,8	12
0:50:20	74	39,8	12
0:50:30	74	39,8	12
0:50:40	74	39,9	12
0:50:50	74	40,0	12
0:51:00	74	39,9	12
0:51:10	74	40,0	12
0:51:20	74	39,8	12
0:51:30	74	39,8	12
0:51:40	74	40,1	12
0:51:50	74	39,9	12
0:52:00	73	39,8	12
0:52:10	73	40,0	12
0:52:20	73	39,9	12
0:52:30	73	39,9	12
0:52:40	73	39,9	12
0:52:50	73	39,8	12
0:53:00	73	39,9	12
0:53:10	72	40,0	12
0:53:20	72	39,8	12
0:53:30	72	40,0	12
0:53:40	72	40,1	12
0:53:50	72	40,9	12
0:54:00	72	40,7	12
0:54:10	71	40,4	12
0:54:20	71	40,2	12
0:54:30	71	39,6	12
0:54:40	71	39,5	12
0:54:50	71	40,9	12
0:55:00	71	40,4	12
0:55:10	71	41,0	12
0:55:20	71	40,4	12
0:55:30	72	40,3	12
0:55:40	72	39,9	12
0:55:50	72	40,2	12
0:56:00	72	39,9	12
0:56:10	73	39,9	12
0:56:20	73	39,9	12
0:56:30	73	39,9	12
0:56:40	73	40,0	12
0:56:50	74	40,0	12
0:57:00	74	39,8	13
0:57:10	74	39,8	13
0:57:20	74	39,8	12
0:57:30	74	39,9	13
0:57:40	74	39,9	13
0:57:50	74	40,0	13
0:58:00	74	39,9	13
0:58:10	73	40,2	13
0:58:20	73	39,9	13
0:58:30	73	40,2	13
0:58:40	73	40,0	13
0:58:50	73	39,9	13
0:59:00	73	39,9	13
0:59:10	73	39,9	13
0:59:20	73	39,8	13
0:59:30	72	39,9	13
0:59:40	72	39,9	13
0:59:50	72	39,9	13
1:00:00	72	40,0	13
1:00:10	72	39,9	12
1:00:20	72	40,4	13
1:00:30	72	39,4	13
1:00:40	72	40,8	13
1:00:50	71	40,4	13
1:01:00	71	39,7	13
1:01:10	71	41,1	13
1:01:20	71	40,7	12
1:01:30	71	40,2	12
1:01:40	71	40,8	12
1:01:50	71	40,1	12
1:02:00	72	40,2	12
1:02:10	72	39,9	12
1:02:20	72	39,9	12
1:02:30	72	40,0	12
1:02:40	72	39,8	13
1:02:50	73	40,0	13
1:03:00	73	39,9	13
1:03:10	73	39,9	13
1:03:20	73	40,0	13
1:03:30	73	39,9	13
1:03:40	73	40,0	12
1:03:50	73	40,0	13
1:04:00	73	39,9	13
1:04:10	73	40,1	13
1:04:20	73	39,8	13
1:04:30	73	40,0	13
1:04:40	73	40,0	13
1:04:50	73	39,9	13
1:05:00	73	39,9	13
1:05:10	73	39,8	13
1:05:20	73	40,0	13
1:05:30	73	39,9	13
1:05:40	72	40,0	13
1:05:50	72	39,8	13
1:06:00	72	39,9	13
1:06:10	72	39,9	13
1:06:20	72	39,9	13
1:06:30	72	39,9	13
1:06:40	72	40,4	13
1:06:50	72	41,0	13
1:07:00	72	40,4	13
1:07:10	72	39,4	13
1:07:20	71	40,7	13
1:07:30	71	40,2	12
1:07:40	71	40,9	12
1:07:50	71	40,5	12
1:08:00	71	41,0	12
1:08:10	71	40,0	13
1:08:20	72	40,1	13
1:08:30	72	39,9	12
1:08:40	72	39,9	13
1:08:50	72	39,9	13
1:09:00	72	40,0	12
1:09:10	73	39,9	12
1:09:20	73	40,1	12
1:09:30	73	39,9	12
1:09:40	73	40,1	13
1:09:50	73	39,8	13
1:10:00	73	40,0	13
1:10:10	73	40,0	13
1:10:20	73	39,9	13
1:10:30	73	39,8	13
1:10:40	73	40,0	13
1:10:50	73	39,9	13
1:11:00	73	40,0	13
1:11:10	73	39,9	13
1:11:20	73	39,9	13
1:11:30	73	40,0	13
1:11:40	73	39,9	13
1:11:50	73	39,9	13
1:12:00	72	39,9	13
1:12:10	72	39,9	13
1:12:20	72	39,9	13
1:12:30	72	40,0	13
1:12:40	72	40,3	13
1:12:50	72	40,8	12
1:13:00	72	40,0	13
1:13:10	72	40,7	12
1:13:20	72	40,1	12
1:13:30	72	40,7	12
1:13:40	71	40,3	12
1:13:50	71	40,9	12
1:14:00	72	40,1	12
1:14:10	72	40,4	12
1:14:20	72	40,5	12
1:14:30	72	40,4	12
1:14:40	72	40,0	12
1:14:50	72	39,9	12
1:15:00	72	40,1	12
1:15:10	73	39,9	12
1:15:20	73	40,0	12
1:15:30	73	40,0	12
1:15:40	73	39,9	12
1:15:50	73	40,0	12
1:16:00	73	39,9	12
1:16:10	73	39,9	12
1:16:20	73	39,9	12
1:16:30	73	40,0	12
1:16:40	73	39,9	12
1:16:50	73	39,9	12
1:17:00	73	40,0	12
1:17:10	73	39,9	12
1:17:20	73	39,9	12
1:17:30	73	40,0	12
1:17:40	73	39,9	12
1:17:50	73	39,9	12
1:18:00	73	40,0	12
1:18:10	72	40,0	12
1:18:20	72	39,9	12
1:18:30	72	39,9	12
1:18:40	72	39,9	12
1:18:50	72	40,0	12
1:19:00	72	40,4	13
1:19:10	72	40,9	13
1:19:20	72	40,3	12
1:19:30	72	40,9	12
1:19:40	72	40,2	13
1:19:50	72	40,8	13
1:20:00	72	40,0	13
1:20:10	72	40,5	13
1:20:20	72	40,9	13
1:20:30	72	40,2	13
1:20:40	72	40,2	13
1:20:50	72	40,1	13
1:21:00	72	40,2	13
1:21:10	72	39,8	13
1:21:20	72	39,9	13
1:21:30	73	40,1	13
1:21:40	73	39,8	13
1:21:50	73	40,0	13
1:22:00	73	40,0	13
1:22:10	73	39,9	13
1:22:20	73	40,0	13
1:22:30	73	39,8	13
1:22:40	73	39,9	13
1:22:50	73	40,0	13
1:23:00	73	39,8	13
1:23:10	73	39,8	13
1:23:20	73	40,0	13
1:23:30	73	40,0	13
1:23:40	73	39,9	13
1:23:50	73	40,1	12
1:24:00	73	40,0	13
1:24:10	73	39,9	13
1:24:20	73	39,9	13
1:24:30	73	39,9	12
1:24:40	72	40,0	12
1:24:50	72	39,9	12
1:25:00	72	40,1	12
1:25:10	72	40,0	12
1:25:20	72	40,1	12
1:25:30	72	40,5	12
1:25:40	72	41,0	12
1:25:50	72	40,2	13
1:26:00	72	40,8	12
1:26:10	72	40,0	13
1:26:20	72	40,6	13
1:26:30	72	39,7	13
1:26:40	72	40,5	13
1:26:50	72	40,8	13
1:27:00	72	40,0	13
1:27:10	72	39,9	13
1:27:20	72	39,9	13
1:27:30	72	39,8	15
1:27:40	72	39,8	14
1:27:50	72	39,9	14
1:28:00	73	39,8	15
1:28:10	73	39,9	14
1:28:20	73	39,8	14
1:28:30	73	39,9	15
1:28:40	73	39,9	15
1:28:50	73	39,9	15
1:29:00	73	40,0	15
1:29:10	73	39,8	15
1:29:20	73	39,9	15
1:29:30	73	39,9	15
1:29:40	73	39,9	15
1:29:50	73	39,9	15
1:30:00	73	39,9	15
1:30:10	73	40,0	15
1:30:20	73	39,9	15
1:30:30	73	39,9	15
1:30:40	73	40,1	15
1:30:50	73	40,0	15
1:31:00	73	39,9	15
1:31:10	73	40,3	16
1:31:20	72	40,2	16
1:31:30	72	40,1	16
1:31:40	72	40,0	16
1:31:50	72	40,0	16
1:32:00	72	40,3	15
1:32:10	72	40,8	16
1:32:20	72	40,0	16
1:32:30	72	40,6	16
1:32:40	72	39,8	16
1:32:50	72	40,4	16
1:33:00	72	40,8	16
1:33:10	72	40,3	16
1:33:20	72	40,5	16
1:33:30	72	40,6	16
1:33:40	72	40,5	16
1:33:50	72	40,2	16
1:34:00	72	39,9	16
1:34:10	72	39,9	16
1:34:20	72	39,8	17
1:34:30	73	39,9	17
1:34:40	73	39,9	17
1:34:50	73	39,9	16
1:35:00	73	39,9	17
1:35:10	73	39,9	16
1:35:20	73	40,0	16
1:35:30	73	39,8	17
1:35:40	73	39,9	17
1:35:50	73	39,9	17
1:36:00	73	40,0	17
1:36:10	73	39,9	17
1:36:20	73	39,9	17
1:36:30	73	39,8	17
1:36:40	73	39,9	17
1:36:50	73	39,8	17
1:37:00	73	39,9	17
1:37:10	73	40,0	17
1:37:20	73	40,0	17
1:37:30	72	39,9	17
1:37:40	72	40,0	17
1:37:50	72	39,9	17
1:38:00	72	40,1	17
1:38:10	72	40,0	17
1:38:20	72	40,1	17
1:38:30	72	40,4	17
1:38:40	72	40,8	17
1:38:50	72	40,2	17
1:39:00	72	40,7	17
1:39:10	72	40,0	18
1:39:20	72	40,5	18
1:39:30	72	40,9	18
1:39:40	72	40,2	18
1:39:50	72	40,4	18
1:40:00	72	40,4	18
1:40:10	72	40,3	18
1:40:20	72	40,1	18
1:40:30	72	39,8	18
1:40:40	72	40,0	18
1:40:50	73	40,0	18
1:41:00	73	40,0	18
1:41:10	73	40,0	18
1:41:20	73	39,9	18
1:41:30	73	39,8	18
1:41:40	73	39,9	18
1:41:50	73	39,9	18
1:42:00	73	39,9	18
1:42:10	73	40,0	18
1:42:20	73	40,0	18
1:42:30	73	39,9	19
1:42:40	73	40,1	18
1:42:50	73	40,0	18
1:43:00	73	39,9	19
1:43:10	73	40,0	19
1:43:20	73	39,9	19
1:43:30	73	40,0	19
1:43:40	73	39,9	19
1:43:50	73	40,0	19
1:44:00	73	39,9	19
1:44:10	72	40,1	19
1:44:20	72	40,0	19
1:44:30	72	39,9	19
1:44:40	72	40,0	19
1:44:50	72	40,0	19
1:45:00	72	39,9	19
1:45:10	72	40,0	19
1:45:20	72	40,3	19
1:45:30	72	40,7	19
1:45:40	72	39,8	19
1:45:50	72	40,6	19
1:46:00	72	39,7	19
1:46:10	72	40,3	19
1:46:20	72	40,7	19
1:46:30	72	39,9	19
1:46:40	72	40,2	19
1:46:50	72	40,4	19
1:47:00	72	40,5	19
1:47:10	72	40,4	19
1:47:20	72	40,1	19
1:47:30	72	39,9	19
1:47:40	73	39,9	19
1:47:50	73	39,8	19
1:48:00	73	39,8	19
1:48:10	73	40,1	19
1:48:20	73	39,9	19
1:48:30	73	39,8	19
1:48:40	73	39,9	19
1:48:50	73	39,9	19
1:49:00	73	39,9	20
1:49:10	73	39,9	20
1:49:20	73	39,9	20
1:49:30	73	40,0	20
1:49:40	73	39,8	20
1:49:50	73	40,0	20
1:50:00	73	39,9	20
1:50:10	73	40,3	20
1:50:20	73	40,2	20
1:50:30	73	40,1	20
1:50:40	73	40,0	20
1:50:50	73	39,9	20
1:51:00	73	40,0	20
1:51:10	73	40,0	20
1:51:20	73	39,9	20
1:51:30	73	39,9	20
1:51:40	73	39,9	21
1:51:50	73	39,9	21
1:52:00	73	39,9	21
1:52:10	72	40,0	21
1:52:20	72	40,0	21
1:52:30	72	39,9	21
1:52:40	72	40,0	21
1:52:50	72	40,0	23
1:53:00	72	40,0	23
1:53:10	72	40,4	22
1:53:20	72	40,8	23
1:53:30	72	40,1	22
1:53:40	72	40,5	22
1:53:50	72	40,9	22
1:54:00	72	40,4	22
1:54:10	72	40,7	23
1:54:20	72	40,4	22
1:54:30	72	40,2	22
1:54:40	72	40,2	23
1:54:50	72	40,0	23
1:55:00	72	40,1	23
1:55:10	72	39,8	23
1:55:20	73	40,1	23
1:55:30	73	39,8	23
1:55:40	73	39,8	23
1:55:50	73	40,1	23
1:56:00	73	39,9	23
1:56:10	73	40,0	23
1:56:20	73	39,9	24
1:56:30	73	39,9	24
1:56:40	73	39,9	23
1:56:50	73	40,0	24
1:57:00	73	39,9	24
1:57:10	73	40,0	24
1:57:20	73	39,9	24
1:57:30	73	39,9	24
1:57:40	73	40,0	24
1:57:50	73	39,9	24
1:58:00	73	40,0	24
1:58:10	73	39,9	24
1:58:20	73	39,9	24
1:58:30	73	39,9	24
1:58:40	73	40,0	24
1:58:50	73	40,0	24
1:59:00	73	39,9	24
1:59:10	73	40,0	24
1:59:20	72	39,9	25
1:59:30	72	39,9	25
1:59:40	72	39,9	25
1:59:50	72	40,1	25
2:00:00	72	40,0	25
2:00:10	72	40,1	25
2:00:20	72	40,5	25
2:00:30	72	40,9	24
2:00:40	72	40,2	24
2:00:50	72	40,7	24
2:01:00	72	39,7	24
2:01:10	72	40,4	25
2:01:20	72	40,8	24
2:01:30	72	39,8	25
2:01:40	72	40,0	25
2:01:50	72	40,1	25
2:02:00	72	40,0	25
2:02:10	72	39,8	25
2:02:20	72	39,8	25
2:02:30	72	39,8	25
2:02:40	73	40,0	24
2:02:50	73	39,9	25
2:03:00	73	39,9	25
2:03:10	73	39,9	25
2:03:20	73	39,9	25
2:03:30	73	39,9	25
2:03:40	73	39,9	25
2:03:50	73	39,9	25
2:04:00	73	39,9	25
2:04:10	73	40,0	25
2:04:20	73	39,8	25
2:04:30	73	40,0	25
2:04:40	73	39,9	25
2:04:50	73	40,0	25
2:05:00	73	39,9	25
2:05:10	73	39,9	26
2:05:20	73	40,0	26
2:05:30	73	39,9	26
2:05:40	73	39,8	26
2:05:50	73	40,0	26
2:06:00	73	40,0	26
2:06:10	73	39,9	26
2:06:20	73	40,1	26
2:06:30	73	40,0	26
2:06:40	73	40,0	26
2:06:50	73	39,9	26
2:07:00	72	39,9	26
2:07:10	72	40,1	26
2:07:20	72	40,0	27
2:07:30	72	40,0	27
2:07:40	72	40,3	27
2:07:50	72	40,8	27
2:08:00	72	40,1	26
2:08:10	72	40,7	26
2:08:20	72	40,0	26
2:08:30	72	40,6	26
2:08:40	72	39,7	27
2:08:50	72	40,4	28
2:09:00	72	40,8	27
2:09:10	72	40,0	28
2:09:20	72	40,1	28
2:09:30	72	40,0	28
2:09:40	72	39,9	29
2:09:50	72	39,9	28
2:10:00	73	40,0	29
2:10:10	73	40,1	29
2:10:20	73	39,9	29
2:10:30	74	40,1	29
2:10:40	74	39,9	29
2:10:50	74	39,9	29
2:11:00	74	39,9	29
2:11:10	74	39,9	30
2:11:20	74	39,8	30
2:11:30	74	39,8	30
2:11:40	74	39,8	30
2:11:50	74	40,0	30
2:12:00	74	40,1	31
2:12:10	74	39,9	30
2:12:20	74	40,0	30
2:12:30	74	39,9	30
2:12:40	74	40,0	30
2:12:50	74	39,9	30
2:13:00	74	39,9	30
2:13:10	74	40,0	30
2:13:20	74	39,9	30
2:13:30	73	40,0	30
2:13:40	73	40,0	30
2:13:50	73	39,9	30
2:14:00	73	40,0	30
2:14:10	73	39,9	30
2:14:20	73	39,9	30
2:14:30	73	39,9	31
2:14:40	73	39,9	30
2:14:50	73	40,0	31
2:15:00	73	39,9	31
2:15:10	72	39,9	31
2:15:20	72	39,9	31
2:15:30	72	40,1	31
2:15:40	72	40,1	31
2:15:50	72	40,0	31
2:16:00	72	40,5	31
2:16:10	72	39,4	38
2:16:20	72	40,6	35
2:16:30	72	39,9	28
2:16:40	72	40,6	29
2:16:50	72	40,0	29
2:17:00	72	40,8	29
2:17:10	72	40,0	29
2:17:20	72	40,3	29
2:17:30	72	40,3	29
2:17:40	72	40,0	30
2:17:50	73	39,9	30
2:18:00	73	39,8	30
2:18:10	73	39,8	30
2:18:20	74	39,8	30
2:18:30	74	39,9	31
2:18:40	74	39,9	31
2:18:50	74	39,9	31
2:19:00	75	39,9	31
2:19:10	75	39,9	31
2:19:20	75	40,0	31
2:19:30	75	40,0	31
2:19:40	75	39,9	31
2:19:50	75	40,0	31
2:20:00	75	39,9	31
2:20:10	75	40,0	31
2:20:20	74	39,9	31
2:20:30	74	40,0	31
2:20:40	74	39,9	32
2:20:50	74	40,0	32
2:21:00	74	39,9	32
2:21:10	74	39,9	32
2:21:20	74	40,0	32
2:21:30	74	39,9	32
2:21:40	74	40,0	32
2:21:50	73	39,9	33
2:22:00	73	39,9	33
2:22:10	73	39,9	33
2:22:20	73	40,0	33
2:22:30	73	39,9	33
2:22:40	73	40,1	33
2:22:50	73	40,0	33
2:23:00	73	39,9	33
2:23:10	73	40,1	34
2:23:20	73	40,0	34
2:23:30	72	40,0	34
2:23:40	72	39,9	34
2:23:50	72	40,0	35
2:24:00	72	39,9	35
2:24:10	72	40,1	35
2:24:20	72	40,1	36
2:24:30	72	40,3	36
2:24:40	72	40,9	37
2:24:50	72	40,3	39
2:25:00	72	41,0	37
2:25:10	72	40,3	37
2:25:20	72	40,9	37
2:25:30	72	40,2	37
2:25:40	72	40,6	37
2:25:50	72	40,8	38
2:26:00	72	40,8	38
2:26:10	72	40,5	38
2:26:20	73	40,2	38
2:26:30	73	39,9	38
2:26:40	73	39,9	38
2:26:50	74	39,9	38
2:27:00	74	39,9	38
2:27:10	74	39,9	38
2:27:20	74	40,0	39
2:27:30	74	39,9	39
2:27:40	74	39,9	39
2:27:50	74	40,0	39
2:28:00	74	39,9	39
2:28:10	74	40,0	39
2:28:20	74	40,0	39
2:28:30	74	39,9	39
2:28:40	74	39,9	39
2:28:50	74	40,2	39
2:29:00	74	40,1	39
2:29:10	74	40,0	39
2:29:20	74	40,0	40
2:29:30	74	39,9	40
2:29:40	73	39,9	40
2:29:50	73	40,0	40
2:30:00	73	39,9	40
2:30:10	73	40,0	40
2:30:20	73	40,0	40
2:30:30	73	39,9	40
2:30:40	73	40,1	40
2:30:50	73	40,0	40
2:31:00	73	40,0	40
2:31:10	73	39,9	41
2:31:20	72	40,0	41
2:31:30	72	40,0	41
2:31:40	72	39,9	41
2:31:50	72	40,0	41
2:32:00	72	40,0	41
2:32:10	72	39,9	41
2:32:20	72	40,1	41
2:32:30	72	40,7	42
2:32:40	72	39,9	42
2:32:50	72	40,5	42
2:33:00	72	39,7	42
2:33:10	72	40,3	42
2:33:20	72	40,8	42
2:33:30	72	40,2	43
2:33:40	72	40,4	43
2:33:50	72	40,4	43
2:34:00	72	40,1	43
2:34:10	73	39,8	43
2:34:20	73	40,0	43
2:34:30	73	40,1	43
2:34:40	74	39,8	43
2:34:50	74	39,9	43
2:35:00	74	39,9	43
2:35:10	74	40,0	43
2:35:20	74	40,1	43
2:35:30	74	39,9	43
2:35:40	74	40,1	43
2:35:50	74	39,9	44
2:36:00	74	39,9	43
2:36:10	74	40,0	44
2:36:20	74	39,9	44
2:36:30	74	39,9	44
2:36:40	74	40,0	44
2:36:50	74	39,9	44
2:37:00	74	40,0	44
2:37:10	73	39,9	44
2:37:20	73	39,9	44
2:37:30	73	40,0	44
2:37:40	73	39,9	44
2:37:50	73	40,0	44
2:38:00	73	40,0	44
2:38:10	73	40,0	44
2:38:20	73	39,9	45
2:38:30	73	40,0	45
2:38:40	73	39,9	45
2:38:50	73	39,8	45
2:39:00	72	40,0	45
2:39:10	72	40,0	45
2:39:20	72	39,9	45
2:39:30	72	40,0	45
2:39:40	72	40,0	45
2:39:50	72	39,9	45
2:40:00	72	40,2	45
2:40:10	72	40,8	45
2:40:20	72	40,4	45
2:40:30	72	41,0	45
2:40:40	72	40,3	45
2:40:50	72	40,9	46
2:41:00	72	40,3	46
2:41:10	72	40,7	46
2:41:20	72	40,8	46
2:41:30	72	40,7	46
2:41:40	72	40,5	46
2:41:50	73	40,2	46
2:42:00	73	39,9	46
2:42:10	73	39,9	46
2:42:20	74	39,8	46
2:42:30	74	40,1	46
2:42:40	74	39,9	46
2:42:50	74	39,9	46
2:43:00	74	39,9	46
2:43:10	74	40,0	46
2:43:20	74	39,9	46
2:43:30	74	39,9	46
2:43:40	74	39,9	46
2:43:50	74	39,9	46
2:44:00	74	40,0	46
2:44:10	74	39,9	46
2:44:20	74	39,9	47
2:44:30	74	40,1	47
2:44:40	73	40,0	47
2:44:50	73	39,9	47
2:45:00	73	40,0	47
2:45:10	73	39,9	47
2:45:20	73	40,0	47
2:45:30	73	39,9	47
2:45:40	73	40,1	47
2:45:50	73	40,0	47
2:46:00	73	39,9	47
2:46:10	73	39,9	47
2:46:20	73	40,0	47
2:46:30	72	40,0	47
2:46:40	72	39,9	47
2:46:50	72	40,0	47
2:47:00	72	39,9	47
2:47:10	72	39,9	47
2:47:20	72	40,0	47
2:47:30	72	40,0	47
2:47:40	72	40,4	48
2:47:50	72	41,0	48
2:48:00	72	40,3	48
2:48:10	72	40,9	48
2:48:20	72	40,3	48
2:48:30	72	40,8	48
2:48:40	72	40,1	48
2:48:50	72	40,4	48
2:49:00	72	40,5	48
2:49:10	72	40,3	48
2:49:20	72	40,0	48
2:49:30	73	39,9	48
2:49:40	73	39,9	48
2:49:50	73	40,1	48
2:50:00	74	39,9	48
2:50:10	74	39,9	48
2:50:20	74	39,9	48
2:50:30	74	40,0	48
2:50:40	74	39,8	48
2:50:50	74	39,9	48
2:51:00	74	40,1	48
2:51:10	74	40,0	48
2:51:20	74	40,0	48
2:51:30	74	39,9	48
2:51:40	74	40,1	48
2:51:50	74	40,0	48
2:52:00	74	39,9	48
2:52:10	73	39,9	48
2:52:20	73	39,9	48
2:52:30	73	40,0	48
2:52:40	73	39,9	48
2:52:50	73	39,9	48
2:53:00	73	40,0	48
2:53:10	73	39,9	49
2:53:20	73	39,9	48
2:53:30	73	40,1	49
2:53:40	73	40,0	49
2:53:50	73	39,9	49
2:54:00	72	39,9	49
2:54:10	72	40,1	49
2:54:20	72	40,0	49
2:54:30	72	40,0	49
2:54:40	72	39,9	49
2:54:50	72	40,1	49
2:55:00	72	40,0	49
2:55:10	72	40,2	49
2:55:20	72	40,8	49
2:55:30	72	40,1	49
2:55:40	72	40,7	49
2:55:50	72	40,2	49
2:56:00	72	40,7	49
2:56:10	72	40,1	49
2:56:20	72	40,5	50
2:56:30	72	40,7	50
2:56:40	72	40,5	50
2:56:50	72	40,3	50
2:57:00	73	40,0	50
2:57:10	73	39,9	50
2:57:20	73	39,9	50
2:57:30	73	40,2	50
2:57:40	74	39,9	50
2:57:50	74	39,9	50
2:58:00	74	40,0	50
2:58:10	74	39,9	50
2:58:20	74	40,0	50
2:58:30	74	39,9	50
2:58:40	74	39,9	50
2:58:50	74	39,8	50
2:59:00	74	39,9	50
2:59:10	74	40,0	50
2:59:20	74	40,0	50
2:59:30	73	39,9	50
2:59:40	73	40,1	50
2:59:50	73	40,0	50
3:00:00	73	39,9	50
3:00:10	73	39,9	50
3:00:20	73	39,9	50
3:00:30	73	40,0	50
3:00:40	73	39,9	50
3:00:50	73	40,0	50
3:01:00	73	39,9	50
3:01:10	73	39,9	51
3:01:20	72	40,0	51
3:01:30	72	39,9	51
3:01:40	72	40,1	51
3:01:50	72	40,0	51
3:02:00	72	40,0	51
3:02:10	72	39,9	51
3:02:20	72	40,0	51
3:02:30	72	40,4	51
3:02:40	72	40,9	51
3:02:50	72	40,1	51
3:03:00	72	40,7	52
3:03:10	72	39,8	53
3:03:20	72	40,6	53
3:03:30	72	39,6	53
3:03:40	72	40,1	53
3:03:50	72	40,2	53
3:04:00	72	40,0	53
3:04:10	72	40,0	53
3:04:20	73	39,9	53
3:04:30	73	40,0	53
3:04:40	73	39,9	53
3:04:50	73	40,0	53
3:05:00	74	39,9	54
3:05:10	74	40,1	54
3:05:20	74	39,9	54
3:05:30	74	39,9	54
3:05:40	74	40,1	54
3:05:50	74	39,9	54
3:06:00	74	39,9	54
3:06:10	74	40,0	54
3:06:20	74	39,9	54
3:06:30	74	40,0	54
3:06:40	73	39,9	54
3:06:50	73	40,0	54
3:07:00	73	39,9	54
3:07:10	73	40,0	54
3:07:20	73	40,0	54
3:07:30	73	39,9	54
3:07:40	73	40,0	54
3:07:50	73	39,9	54
3:08:00	73	39,9	54
3:08:10	73	40,1	55
3:08:20	73	40,0	55
3:08:30	72	39,9	55
3:08:40	72	39,9	55
3:08:50	72	40,1	55
3:09:00	72	40,0	55
3:09:10	72	40,0	55
3:09:20	72	39,9	56
3:09:30	72	40,1	56
3:09:40	72	40,3	56
3:09:50	72	40,8	56
3:10:00	72	40,1	56
3:10:10	72	40,7	56
3:10:20	72	40,0	57
3:10:30	72	40,5	57
3:10:40	72	40,3	57
3:10:50	72	40,3	57
3:11:00	72	40,4	57
3:11:10	72	40,2	57
3:11:20	72	40,0	57
3:11:30	73	40,0	57
3:11:40	73	39,9	57
3:11:50	73	40,2	57
3:12:00	73	40,0	57
3:12:10	74	40,0	58
3:12:20	74	40,0	58
3:12:30	74	39,9	58
3:12:40	74	40,0	58
3:12:50	74	39,9	58
3:13:00	74	39,9	58
3:13:10	74	40,0	58
3:13:20	74	39,9	58
3:13:30	74	40,0	58
3:13:40	73	39,9	58
3:13:50	73	39,9	58
3:14:00	73	40,0	58
3:14:10	73	39,9	58
3:14:20	73	40,0	58
3:14:30	73	40,0	58
3:14:40	73	39,9	59
3:14:50	73	39,9	58
3:15:00	73	40,0	59
3:15:10	73	39,9	59
3:15:20	73	40,1	59
3:15:30	72	40,0	59
3:15:40	72	40,0	59
3:15:50	72	39,9	59
3:16:00	72	40,0	59
3:16:10	72	39,9	59
3:16:20	72	39,9	59
3:16:30	72	40,0	60
3:16:40	72	40,1	60
3:16:50	72	40,5	60
3:17:00	72	39,6	60
3:17:10	72	40,4	60
3:17:20	72	41,0	61
3:17:30	72	40,5	60
3:17:40	72	40,8	61
3:17:50	72	40,3	61
3:18:00	72	40,5	61
3:18:10	72	40,4	61
3:18:20	72	40,1	61
3:18:30	73	39,9	61
3:18:40	73	39,9	61
3:18:50	73	39,8	61
3:19:00	73	40,1	61
3:19:10	73	39,9	61
3:19:20	74	40,0	61
3:19:30	74	40,0	61
3:19:40	74	39,9	61
3:19:50	74	40,0	61
3:20:00	74	39,9	61
3:20:10	74	39,9	61
3:20:20	73	39,9	61
3:20:30	73	39,9	61
3:20:40	73	40,0	61
3:20:50	73	40,0	62
3:21:00	73	39,9	62
3:21:10	73	39,9	62
3:21:20	73	40,1	62
3:21:30	73	40,0	62
3:21:40	73	39,9	62
3:21:50	73	39,9	62
3:22:00	73	40,0	62
3:22:10	73	39,9	62
3:22:20	73	40,0	62
3:22:30	72	40,0	62
3:22:40	72	39,9	62
3:22:50	72	40,0	62
3:23:00	72	40,0	62
3:23:10	72	39,9	62
3:23:20	72	40,0	62
3:23:30	72	40,0	62
3:23:40	72	40,1	63
3:23:50	72	40,6	63
3:24:00	72	39,7	63
3:24:10	72	40,5	63
3:24:20	72	41,0	63
3:24:30	72	40,2	63
3:24:40	72	40,7	63
3:24:50	72	41,0	63
3:25:00	72	40,0	64
3:25:10	72	39,8	64
3:25:20	72	39,9	64
3:25:30	73	39,9	64
3:25:40	73	39,9	64
3:25:50	73	39,9	64
3:26:00	73	39,9	64
3:26:10	73	39,9	64
3:26:20	74	40,1	67
3:26:30	74	40,0	67
3:26:40	74	39,8	67
3:26:50	74	40,0	66
3:27:00	74	40,0	67
3:27:10	73	39,9	67
3:27:20	73	40,1	66
3:27:30	73	40,0	67
3:27:40	73	39,9	67
3:27:50	73	40,0	66
3:28:00	73	39,9	67
3:28:10	73	40,0	67
3:28:20	73	39,9	66
3:28:30	73	39,9	66
3:28:40	73	40,0	67
3:28:50	73	39,9	66
3:29:00	73	40,0	66
3:29:10	72	40,0	67
3:29:20	72	39,9	67
3:29:30	72	40,0	67
3:29:40	72	39,9	67
3:29:50	72	39,9	67
3:30:00	72	40,0	67
3:30:10	72	39,9	67
3:30:20	72	39,9	67
3:30:30	72	40,3	67
3:30:40	72	40,8	67
3:30:50	72	40,3	67
3:31:00	72	40,9	67
3:31:10	72	40,3	67
3:31:20	72	40,8	67
3:31:30	72	40,0	67
3:31:40	72	40,1	67
3:31:50	72	40,0	67
3:32:00	72	39,9	67
3:32:10	73	39,9	67
3:32:20	73	40,0	67
3:32:30	73	40,0	68
3:32:40	73	40,1	68
3:32:50	74	39,9	68
3:33:00	74	39,8	68
3:33:10	74	39,9	68
3:33:20	74	39,8	68
3:33:30	74	39,8	68
3:33:40	74	40,0	68
3:33:50	74	39,9	68
3:34:00	74	39,9	68
3:34:10	73	40,0	68
3:34:20	73	39,9	68
3:34:30	73	40,0	68
3:34:40	73	39,9	68
3:34:50	73	39,9	68
3:35:00	73	40,1	68
3:35:10	73	40,0	68
3:35:20	73	39,9	68
3:35:30	73	39,9	68
3:35:40	73	39,9	68
3:35:50	73	39,9	68
3:36:00	72	40,1	68
3:36:10	72	40,0	68
3:36:20	72	39,9	68
3:36:30	72	40,0	68
3:36:40	72	39,9	69
3:36:50	72	39,9	69
3:37:00	72	39,9	69
3:37:10	72	40,0	69
3:37:20	72	40,4	69
3:37:30	72	41,0	69
3:37:40	72	40,6	69
3:37:50	72	39,8	69
3:38:00	72	40,4	69
3:38:10	72	40,8	70
3:38:20	72	40,2	70
3:38:30	72	40,3	70
