--Test Summary--
Full Path and File Name	
Instrument Name	7322
Instrument Type	Model 7322 Consistometer - Variable Speed
Instrument Serial Number	
Test Start Date	30.07.2013
Test Start Time	9:18:59
Test Stop Date	30.07.2013
Test Stop Time	19:46:59
Test Length	10:28:00
Final Sample Time Offset	10:28:00
Controller Schedule Name	
Sampling Period	10 seconds
Comments	T: 25C(30min); P: 15MPa(30min); tap water
Information	WellID	Research
Information	Customer	Trican
Information	EngName	Pavel Lebedev
Information	CementClass	100%G
Information	CementMfr	Dyckerhoff - Suhoy Log
Information	Additives	30%SF-2+3%CaCl2+2%SMS BWOC
Information	Density	1400
Information	BHCT	25
Information	BHST	40
Information	FluidLoss	n/a
Information	JobType	Conductor csg
Calculated Value	Time_30Bc	7:24:00
Calculated Value	Time_70Bc	10:28:00
Initial Temperature (°C)	25 °C
Final Temperature (°C)	29 °C
Initial Pressure (MPa)	0,5 MPa
Final Pressure (MPa)	15,2 MPa
Initial Consistency (Bc)	11 Bc
Final Consistency (Bc)	70 Bc
Initial Wall Temperature (°C)	23 °C
Final Wall Temperature (°C)	28 °C
Initial Motor Speed (RPM)	150 RPM
Final Motor Speed (RPM)	150 RPM
--Data--
Time (HH:MM:SS)	Temperature (°C)	Pressure (MPa)	Consistency (Bc)	Wall Temperature (°C)	Motor Speed (RPM)
0:00:00	25	0,5	11	23	150
0:00:10	25	0,5	11	23	150
0:00:20	25	0,6	11	23	150
0:00:30	25	0,6	11	23	150
0:00:40	25	0,7	10	23	150
0:00:50	25	0,9	10	23	150
0:01:00	25	0,9	10	23	150
0:01:10	25	1,1	10	23	150
0:01:20	25	1,1	10	23	150
0:01:30	25	1,2	10	23	150
0:01:40	25	1,3	10	23	150
0:01:50	25	1,3	10	23	150
0:02:00	25	1,5	10	23	150
0:02:10	25	1,5	10	23	150
0:02:20	25	1,6	10	24	150
0:02:30	25	1,6	10	24	150
0:02:40	25	1,8	10	24	150
0:02:50	25	2,0	10	24	150
0:03:00	25	2,1	10	24	150
0:03:10	25	2,1	10	24	150
0:03:20	25	2,1	10	24	150
0:03:30	25	2,4	10	24	150
0:03:40	25	2,4	10	24	150
0:03:50	25	2,4	10	24	150
0:04:00	25	2,4	10	24	150
0:04:10	25	2,6	10	24	150
0:04:20	25	2,6	10	24	150
0:04:30	25	2,9	10	24	150
0:04:40	25	2,9	10	24	150
0:04:50	25	2,9	10	24	150
0:05:00	25	2,9	10	24	150
0:05:10	25	3,2	10	24	150
0:05:20	25	3,2	10	24	150
0:05:30	25	3,2	10	24	150
0:05:40	25	3,2	10	24	150
0:05:50	25	3,4	10	24	150
0:06:00	25	3,4	10	24	150
0:06:10	25	3,4	10	24	150
0:06:20	25	3,8	10	25	150
0:06:30	25	3,8	10	24	150
0:06:40	25	3,8	10	25	150
0:06:50	25	3,8	10	24	150
0:07:00	25	3,9	10	25	150
0:07:10	25	4,2	10	25	150
0:07:20	25	4,2	10	25	150
0:07:30	25	4,2	10	25	150
0:07:40	25	4,3	10	25	150
0:07:50	25	4,3	10	25	150
0:08:00	25	4,5	10	25	150
0:08:10	25	4,5	10	25	150
0:08:20	25	4,5	10	25	150
0:08:30	25	4,9	10	25	150
0:08:40	25	4,9	10	25	150
0:08:50	25	4,9	10	25	150
0:09:00	25	4,9	10	25	150
0:09:10	25	4,9	10	25	150
0:09:20	25	5,1	10	25	150
0:09:30	25	5,3	10	25	150
0:09:40	25	5,3	10	25	150
0:09:50	25	5,3	10	25	150
0:10:00	25	5,3	10	25	150
0:10:10	25	5,5	10	25	150
0:10:20	25	5,5	10	25	150
0:10:30	25	5,8	10	25	150
0:10:40	25	5,8	10	25	150
0:10:50	25	5,8	10	25	150
0:11:00	25	5,8	10	25	150
0:11:10	25	6,1	10	25	150
0:11:20	25	6,2	10	25	150
0:11:30	25	6,2	10	25	150
0:11:40	25	6,2	10	25	150
0:11:50	25	6,2	10	25	150
0:12:00	25	6,3	10	25	150
0:12:10	25	6,6	10	25	150
0:12:20	25	6,6	10	25	150
0:12:30	25	6,6	10	25	150
0:12:40	25	6,6	10	25	150
0:12:50	25	6,7	10	25	150
0:13:00	25	7,1	10	25	150
0:13:10	25	7,0	10	25	150
0:13:20	25	7,0	10	25	150
0:13:30	25	7,0	10	25	150
0:13:40	25	7,1	10	25	150
0:13:50	25	7,5	10	25	150
0:14:00	25	7,5	10	25	150
0:14:10	25	7,4	10	25	150
0:14:20	25	7,4	10	24	150
0:14:30	25	7,5	10	24	150
0:14:40	25	7,9	10	24	150
0:14:50	25	7,8	10	24	150
0:15:00	25	7,8	10	24	150
0:15:10	25	7,8	10	24	150
0:15:20	25	7,9	10	24	150
0:15:30	25	8,3	10	24	150
0:15:40	25	8,2	10	24	150
0:15:50	25	8,2	10	24	150
0:16:00	25	8,2	10	24	150
0:16:10	25	8,3	10	24	150
0:16:20	25	8,6	10	24	150
0:16:30	25	8,6	10	24	150
0:16:40	25	8,6	10	24	150
0:16:50	25	8,6	10	24	150
0:17:00	25	8,7	10	24	150
0:17:10	25	9,0	10	24	150
0:17:20	25	9,0	10	24	150
0:17:30	25	9,0	10	24	150
0:17:40	25	9,0	10	24	150
0:17:50	25	9,3	10	24	150
0:18:00	25	9,3	10	24	150
0:18:10	25	9,3	10	24	150
0:18:20	25	9,3	10	24	150
0:18:30	25	9,7	10	24	150
0:18:40	25	9,6	10	24	150
0:18:50	25	9,6	10	24	150
0:19:00	25	9,6	10	24	150
0:19:10	25	9,8	10	24	150
0:19:20	25	10,1	10	24	150
0:19:30	25	10,2	10	24	150
0:19:40	25	10,2	10	24	150
0:19:50	25	10,2	10	24	150
0:20:00	25	10,2	10	24	150
0:20:10	25	10,2	10	24	150
0:20:20	25	10,3	10	24	150
0:20:30	25	10,6	10	24	150
0:20:40	25	10,6	10	24	150
0:20:50	25	10,6	10	24	150
0:21:00	25	10,6	10	24	150
0:21:10	25	10,8	10	24	150
0:21:20	25	10,8	10	24	150
0:21:30	25	10,9	10	24	150
0:21:40	25	11,1	10	24	150
0:21:50	25	11,1	10	24	150
0:22:00	25	11,1	10	24	150
0:22:10	25	11,3	10	24	150
0:22:20	25	11,3	10	24	150
0:22:30	25	11,3	10	24	150
0:22:40	25	11,7	10	24	150
0:22:50	25	11,7	10	24	150
0:23:00	25	11,7	10	24	150
0:23:10	25	11,7	10	24	150
0:23:20	25	11,8	10	25	150
0:23:30	25	11,8	10	25	150
0:23:40	25	12,2	10	24	150
0:23:50	25	12,2	10	24	150
0:24:00	25	12,2	10	25	150
0:24:10	25	12,2	10	24	150
0:24:20	25	12,3	10	25	150
0:24:30	25	12,3	10	25	150
0:24:40	25	12,7	10	25	150
0:24:50	25	12,7	10	25	150
0:25:00	25	12,7	10	24	150
0:25:10	25	12,7	10	24	150
0:25:20	25	12,7	10	25	150
0:25:30	25	12,8	10	25	150
0:25:40	25	13,2	10	25	150
0:25:50	25	13,2	10	25	150
0:26:00	25	13,2	10	24	150
0:26:10	25	13,2	10	25	150
0:26:20	25	13,2	10	24	150
0:26:30	25	13,5	10	24	150
0:26:40	25	13,5	10	25	150
0:26:50	25	13,5	10	24	150
0:27:00	25	13,5	10	25	150
0:27:10	25	13,7	10	24	150
0:27:20	25	13,7	10	24	150
0:27:30	25	13,9	10	25	150
0:27:40	25	13,9	10	24	150
0:27:50	25	13,9	10	24	150
0:28:00	25	14,1	10	24	150
0:28:10	25	14,1	10	24	150
0:28:20	25	14,5	10	24	150
0:28:30	25	14,4	10	24	150
0:28:40	25	14,4	10	24	150
0:28:50	25	14,4	10	24	150
0:29:00	25	14,5	10	24	150
0:29:10	25	14,7	10	24	150
0:29:20	25	14,7	10	24	150
0:29:30	25	14,8	10	24	150
0:29:40	25	15,0	10	24	150
0:29:50	25	15,0	10	24	150
0:30:00	25	15,0	10	24	150
0:30:10	25	15,0	10	24	150
0:30:20	25	15,4	10	24	150
0:30:30	25	15,4	10	24	150
0:30:40	25	15,4	10	24	150
0:30:50	25	15,4	10	24	150
0:31:00	25	15,4	10	24	150
0:31:10	25	15,4	10	24	150
0:31:20	25	15,4	10	24	150
0:31:30	25	15,4	10	24	150
0:31:40	25	15,4	10	24	150
0:31:50	25	15,4	10	24	150
0:32:00	25	15,4	10	24	150
0:32:10	25	15,4	10	24	150
0:32:20	25	15,4	10	24	150
0:32:30	25	15,4	10	24	150
0:32:40	25	15,4	10	24	150
0:32:50	25	15,4	10	24	150
0:33:00	25	15,4	10	24	150
0:33:10	25	15,4	10	25	150
0:33:20	25	15,4	10	24	150
0:33:30	25	15,4	10	24	150
0:33:40	25	15,4	10	24	150
0:33:50	25	15,4	10	24	150
0:34:00	25	15,4	10	24	150
0:34:10	25	15,4	10	24	150
0:34:20	25	15,4	10	25	150
0:34:30	25	15,4	10	25	150
0:34:40	25	15,4	10	25	150
0:34:50	25	15,4	10	25	150
0:35:00	25	15,4	10	25	150
0:35:10	25	15,5	10	25	150
0:35:20	25	15,5	10	25	150
0:35:30	25	15,4	10	25	150
0:35:40	25	15,4	10	24	150
0:35:50	25	15,4	10	25	150
0:36:00	25	15,4	10	25	150
0:36:10	25	15,5	10	25	150
0:36:20	25	15,5	10	25	150
0:36:30	25	15,4	10	24	150
0:36:40	25	15,4	10	25	150
0:36:50	25	15,4	10	24	150
0:37:00	25	15,4	10	25	150
0:37:10	25	15,4	10	24	150
0:37:20	25	15,4	10	25	150
0:37:30	25	15,4	10	25	150
0:37:40	25	15,4	10	25	150
0:37:50	25	15,4	10	25	150
0:38:00	25	15,4	10	25	150
0:38:10	25	15,4	10	24	150
0:38:20	25	15,4	10	25	150
0:38:30	25	15,4	10	25	150
0:38:40	25	15,4	10	24	150
0:38:50	25	15,4	10	25	150
0:39:00	25	15,4	10	24	150
0:39:10	25	15,4	10	25	150
0:39:20	25	15,4	10	24	150
0:39:30	25	15,4	10	25	150
0:39:40	25	15,4	10	25	150
0:39:50	25	15,4	10	25	150
0:40:00	25	15,4	10	24	150
0:40:10	25	15,4	10	24	150
0:40:20	25	15,4	10	25	150
0:40:30	25	15,4	10	24	150
0:40:40	25	15,4	10	24	150
0:40:50	25	15,4	10	24	150
0:41:00	25	15,4	10	24	150
0:41:10	25	15,4	10	24	150
0:41:20	25	15,4	10	24	150
0:41:30	25	15,4	10	24	150
0:41:40	25	15,4	10	24	150
0:41:50	25	15,4	10	24	150
0:42:00	25	15,3	10	24	150
0:42:10	25	15,3	10	24	150
0:42:20	25	15,3	10	24	150
0:42:30	25	15,3	10	24	150
0:42:40	25	15,3	10	24	150
0:42:50	25	15,3	10	24	150
0:43:00	25	15,3	10	24	150
0:43:10	25	15,3	10	24	150
0:43:20	25	15,3	10	24	150
0:43:30	25	15,3	10	24	150
0:43:40	25	15,3	10	24	150
0:43:50	25	15,3	10	24	150
0:44:00	25	15,3	10	24	150
0:44:10	25	15,3	10	24	150
0:44:20	25	15,3	10	24	150
0:44:30	25	15,3	10	24	150
0:44:40	25	15,3	10	24	150
0:44:50	25	15,3	10	24	150
0:45:00	25	15,3	10	25	150
0:45:10	25	15,3	10	24	150
0:45:20	25	15,3	10	24	150
0:45:30	25	15,3	10	25	150
0:45:40	25	15,3	10	24	150
0:45:50	25	15,3	10	24	150
0:46:00	25	15,3	10	24	150
0:46:10	25	15,3	10	24	150
0:46:20	25	15,3	10	24	150
0:46:30	25	15,3	10	25	150
0:46:40	25	15,3	10	24	150
0:46:50	25	15,3	10	24	150
0:47:00	25	15,4	10	24	150
0:47:10	25	15,4	10	24	150
0:47:20	25	15,4	10	25	150
0:47:30	25	15,4	10	25	150
0:47:40	25	15,4	10	24	150
0:47:50	25	15,4	10	24	150
0:48:00	25	15,4	10	25	150
0:48:10	25	15,4	10	25	150
0:48:20	25	15,4	10	25	150
0:48:30	25	15,4	10	25	150
0:48:40	25	15,4	10	25	150
0:48:50	25	15,4	10	25	150
0:49:00	25	15,4	10	25	150
0:49:10	25	15,4	10	25	150
0:49:20	25	15,4	10	25	150
0:49:30	25	15,4	10	25	150
0:49:40	25	15,4	10	25	150
0:49:50	25	15,4	10	25	150
0:50:00	25	15,4	10	24	150
0:50:10	25	15,4	10	24	150
0:50:20	25	15,4	10	25	150
0:50:30	25	15,3	10	24	150
0:50:40	25	15,3	10	25	150
0:50:50	25	15,3	10	24	150
0:51:00	25	15,3	10	24	150
0:51:10	25	15,3	10	24	150
0:51:20	25	15,3	10	24	150
0:51:30	25	15,3	10	24	150
0:51:40	25	15,3	10	24	150
0:51:50	25	15,3	10	24	150
0:52:00	25	15,3	10	24	150
0:52:10	25	15,3	10	24	150
0:52:20	25	15,3	10	24	150
0:52:30	25	15,3	10	24	150
0:52:40	25	15,3	10	24	150
0:52:50	25	15,3	10	24	150
0:53:00	25	15,3	10	24	150
0:53:10	25	15,3	10	24	150
0:53:20	25	15,3	10	24	150
0:53:30	25	15,3	10	24	150
0:53:40	25	15,3	10	24	150
0:53:50	25	15,3	10	24	150
0:54:00	25	15,3	10	24	150
0:54:10	25	15,3	10	24	150
0:54:20	25	15,3	10	25	150
0:54:30	25	15,3	10	24	150
0:54:40	25	15,3	10	24	150
0:54:50	25	15,3	10	24	150
0:55:00	25	15,3	10	24	150
0:55:10	25	15,3	10	24	150
0:55:20	25	15,3	10	24	150
0:55:30	25	15,3	10	24	150
0:55:40	25	15,3	10	24	150
0:55:50	25	15,3	10	24	150
0:56:00	25	15,3	10	24	150
0:56:10	25	15,3	10	25	150
0:56:20	25	15,3	10	24	150
0:56:30	25	15,3	10	24	150
0:56:40	25	15,3	10	24	150
0:56:50	25	15,3	10	24	150
0:57:00	25	15,3	10	24	150
0:57:10	25	15,3	10	25	150
0:57:20	25	15,3	10	25	150
0:57:30	25	15,3	10	24	150
0:57:40	25	15,3	10	25	150
0:57:50	25	15,3	10	24	150
0:58:00	25	15,4	10	25	150
0:58:10	25	15,3	10	24	150
0:58:20	25	15,4	10	25	150
0:58:30	25	15,3	10	25	150
0:58:40	25	15,4	10	25	150
0:58:50	25	15,4	10	25	150
0:59:00	25	15,4	10	25	150
0:59:10	25	15,4	10	25	150
0:59:20	25	15,4	10	25	150
0:59:30	25	15,4	10	25	150
0:59:40	25	15,4	10	25	150
0:59:50	25	15,4	10	25	150
1:00:00	25	15,4	10	25	150
1:00:10	25	15,4	10	25	150
1:00:20	25	15,4	10	25	150
1:00:30	25	15,4	10	25	150
1:00:40	25	15,4	10	25	150
1:00:50	25	15,4	10	25	150
1:01:00	25	15,4	10	25	150
1:01:10	25	15,4	10	24	150
1:01:20	25	15,4	10	25	150
1:01:30	25	15,4	10	24	150
1:01:40	25	15,4	10	25	150
1:01:50	25	15,4	10	24	150
1:02:00	25	15,4	10	24	150
1:02:10	25	15,4	10	25	150
1:02:20	25	15,3	10	24	150
1:02:30	25	15,3	10	25	150
1:02:40	25	15,3	10	24	150
1:02:50	25	15,3	10	24	150
1:03:00	25	15,3	10	24	150
1:03:10	25	15,3	10	24	150
1:03:20	25	15,3	10	24	150
1:03:30	25	15,3	10	24	150
1:03:40	25	15,3	10	24	150
1:03:50	25	15,3	10	24	150
1:04:00	25	15,3	10	25	150
1:04:10	25	15,3	10	24	150
1:04:20	25	15,3	10	24	150
1:04:30	25	15,3	10	24	150
1:04:40	25	15,3	10	24	150
1:04:50	25	15,3	10	24	150
1:05:00	25	15,3	10	24	150
1:05:10	25	15,3	10	24	150
1:05:20	25	15,3	10	24	150
1:05:30	25	15,3	10	25	150
1:05:40	25	15,3	10	24	150
1:05:50	25	15,3	10	24	150
1:06:00	25	15,3	10	24	150
1:06:10	25	15,3	10	24	150
1:06:20	25	15,3	10	24	150
1:06:30	25	15,3	10	24	150
1:06:40	25	15,3	10	24	150
1:06:50	25	15,3	10	24	150
1:07:00	25	15,3	10	24	150
1:07:10	25	15,2	10	24	150
1:07:20	25	15,2	10	24	150
1:07:30	25	15,2	10	24	150
1:07:40	25	15,3	10	24	150
1:07:50	25	15,3	10	24	150
1:08:00	25	15,3	10	24	150
1:08:10	25	15,3	10	24	150
1:08:20	25	15,3	10	24	150
1:08:30	25	15,3	10	24	150
1:08:40	25	15,3	10	24	150
1:08:50	25	15,2	10	24	150
1:09:00	25	15,2	10	24	150
1:09:10	25	15,2	10	24	150
1:09:20	25	15,2	10	24	150
1:09:30	25	15,3	10	24	150
1:09:40	25	15,3	10	24	150
1:09:50	25	15,3	10	24	150
1:10:00	25	15,3	10	24	150
1:10:10	25	15,3	10	24	150
1:10:20	25	15,3	10	24	150
1:10:30	25	15,2	10	24	150
1:10:40	25	15,2	10	24	150
1:10:50	25	15,3	10	24	150
1:11:00	25	15,3	10	25	150
1:11:10	25	15,3	10	24	150
1:11:20	25	15,3	10	25	150
1:11:30	25	15,3	10	24	150
1:11:40	25	15,3	10	24	150
1:11:50	25	15,3	10	24	150
1:12:00	25	15,3	10	24	150
1:12:10	25	15,3	10	25	150
1:12:20	25	15,3	10	24	150
1:12:30	25	15,3	10	24	150
1:12:40	25	15,3	10	24	150
1:12:50	25	15,3	10	25	150
1:13:00	25	15,3	10	25	150
1:13:10	25	15,3	10	24	150
1:13:20	25	15,3	10	24	150
1:13:30	25	15,3	10	24	150
1:13:40	25	15,3	10	24	150
1:13:50	25	15,3	10	25	150
1:14:00	25	15,3	10	24	150
1:14:10	25	15,3	10	24	150
1:14:20	25	15,3	10	24	150
1:14:30	25	15,3	10	24	150
1:14:40	25	15,3	10	24	150
1:14:50	25	15,3	10	24	150
1:15:00	25	15,3	10	24	150
1:15:10	25	15,2	10	24	150
1:15:20	25	15,3	10	24	150
1:15:30	25	15,3	10	24	150
1:15:40	25	15,3	10	24	150
1:15:50	25	15,3	10	24	150
1:16:00	25	15,3	10	24	150
1:16:10	25	15,3	10	24	150
1:16:20	25	15,3	10	24	150
1:16:30	25	15,3	10	24	150
1:16:40	25	15,3	10	24	150
1:16:50	25	15,3	10	24	150
1:17:00	25	15,3	10	24	150
1:17:10	25	15,3	10	24	150
1:17:20	25	15,3	10	24	150
1:17:30	25	15,2	10	24	150
1:17:40	25	15,3	10	25	150
1:17:50	25	15,3	10	24	150
1:18:00	25	15,3	10	24	150
1:18:10	25	15,2	10	24	150
1:18:20	25	15,2	10	24	150
1:18:30	25	15,2	10	24	150
1:18:40	25	15,2	10	24	150
1:18:50	25	15,2	10	24	150
1:19:00	25	15,2	10	24	150
1:19:10	25	15,2	10	24	150
1:19:20	25	15,2	10	24	150
1:19:30	25	15,2	10	24	150
1:19:40	25	15,2	10	24	150
1:19:50	25	15,2	10	24	150
1:20:00	25	15,2	10	24	150
1:20:10	25	15,2	10	24	150
1:20:20	25	15,2	10	24	150
1:20:30	25	15,2	10	24	150
1:20:40	25	15,2	10	24	150
1:20:50	25	15,2	10	24	150
1:21:00	25	15,2	10	24	150
1:21:10	25	15,2	10	24	150
1:21:20	25	15,2	10	24	150
1:21:30	25	15,2	10	24	150
1:21:40	25	15,2	10	24	150
1:21:50	25	15,2	10	24	150
1:22:00	25	15,2	10	24	150
1:22:10	25	15,2	10	24	150
1:22:20	25	15,2	10	24	150
1:22:30	25	15,2	10	24	150
1:22:40	25	15,2	10	24	150
1:22:50	25	15,2	10	24	150
1:23:00	25	15,2	10	24	150
1:23:10	25	15,3	10	25	150
1:23:20	25	15,2	10	24	150
1:23:30	25	15,2	10	24	150
1:23:40	25	15,3	10	25	150
1:23:50	25	15,3	10	24	150
1:24:00	25	15,3	10	24	150
1:24:10	25	15,3	10	24	150
1:24:20	25	15,3	10	25	150
1:24:30	25	15,2	10	24	150
1:24:40	25	15,2	10	24	150
1:24:50	25	15,2	10	24	150
1:25:00	25	15,2	10	24	150
1:25:10	25	15,2	10	24	150
1:25:20	25	15,2	10	25	150
1:25:30	25	15,3	10	25	150
1:25:40	25	15,3	10	24	150
1:25:50	25	15,3	10	24	150
1:26:00	25	15,3	10	25	150
1:26:10	25	15,3	10	25	150
1:26:20	25	15,3	10	24	150
1:26:30	25	15,3	10	24	150
1:26:40	25	15,2	10	24	150
1:26:50	25	15,2	10	24	150
1:27:00	25	15,2	10	24	150
1:27:10	25	15,2	10	24	150
1:27:20	25	15,2	10	24	150
1:27:30	25	15,2	10	24	150
1:27:40	25	15,2	10	25	150
1:27:50	25	15,2	10	24	150
1:28:00	25	15,2	10	24	150
1:28:10	25	15,2	10	24	150
1:28:20	25	15,2	10	25	150
1:28:30	25	15,2	10	24	150
1:28:40	25	15,2	10	24	150
1:28:50	25	15,2	10	24	150
1:29:00	25	15,2	10	24	150
1:29:10	25	15,2	10	24	150
1:29:20	25	15,2	10	24	150
1:29:30	25	15,2	10	24	150
1:29:40	25	15,2	10	24	150
1:29:50	25	15,2	10	24	150
1:30:00	25	15,2	10	24	150
1:30:10	25	15,2	10	24	150
1:30:20	25	15,2	10	24	150
1:30:30	25	15,2	10	24	150
1:30:40	25	15,2	10	24	150
1:30:50	25	15,2	10	24	150
1:31:00	25	15,2	10	24	150
1:31:10	25	15,2	10	24	150
1:31:20	25	15,2	10	24	150
1:31:30	25	15,2	10	24	150
1:31:40	25	15,2	10	24	150
1:31:50	25	15,2	10	24	150
1:32:00	25	15,2	10	24	150
1:32:10	25	15,2	10	24	150
1:32:20	25	15,2	10	24	150
1:32:30	25	15,2	10	24	150
1:32:40	25	15,2	10	24	150
1:32:50	25	15,2	10	24	150
1:33:00	25	15,2	10	24	150
1:33:10	25	15,2	10	24	150
1:33:20	25	15,2	10	24	150
1:33:30	25	15,2	10	24	150
1:33:40	25	15,2	10	24	150
1:33:50	25	15,2	10	24	150
1:34:00	25	15,2	10	24	150
1:34:10	25	15,2	10	24	150
1:34:20	25	15,2	10	24	150
1:34:30	25	15,2	10	24	150
1:34:40	25	15,2	10	24	150
1:34:50	25	15,2	10	24	150
1:35:00	25	15,2	10	24	150
1:35:10	25	15,2	10	24	150
1:35:20	25	15,2	10	24	150
1:35:30	25	15,2	10	24	150
1:35:40	25	15,2	10	24	150
1:35:50	25	15,2	10	24	150
1:36:00	25	15,2	10	25	150
1:36:10	25	15,2	10	24	150
1:36:20	25	15,2	10	24	150
1:36:30	25	15,2	10	25	150
1:36:40	25	15,2	10	24	150
1:36:50	25	15,2	10	25	150
1:37:00	25	15,2	10	24	150
1:37:10	25	15,2	10	24	150
1:37:20	25	15,3	10	24	150
1:37:30	25	15,3	10	25	150
1:37:40	25	15,2	10	24	150
1:37:50	25	15,2	10	24	150
1:38:00	25	15,2	10	24	150
1:38:10	25	15,2	10	24	150
1:38:20	25	15,2	10	24	150
1:38:30	25	15,2	10	24	150
1:38:40	25	15,2	10	25	150
1:38:50	25	15,2	10	24	150
1:39:00	25	15,2	10	24	150
1:39:10	25	15,2	10	24	150
1:39:20	25	15,2	10	24	150
1:39:30	25	15,2	10	24	150
1:39:40	25	15,2	10	24	150
1:39:50	25	15,2	10	24	150
1:40:00	25	15,2	10	24	150
1:40:10	25	15,2	10	24	150
1:40:20	25	15,2	10	24	150
1:40:30	25	15,2	10	24	150
1:40:40	25	15,2	10	24	150
1:40:50	25	15,2	10	24	150
1:41:00	25	15,2	10	24	150
1:41:10	25	15,2	10	24	150
1:41:20	25	15,2	10	24	150
1:41:30	25	15,2	10	24	150
1:41:40	25	15,2	10	24	150
1:41:50	25	15,2	10	24	150
1:42:00	25	15,2	10	24	150
1:42:10	25	15,2	10	24	150
1:42:20	25	15,2	10	24	150
1:42:30	25	15,2	10	24	150
1:42:40	25	15,2	10	24	150
1:42:50	25	15,2	10	24	150
1:43:00	25	15,2	10	24	150
1:43:10	25	15,2	10	24	150
1:43:20	25	15,2	10	24	150
1:43:30	25	15,2	10	24	150
1:43:40	25	15,2	10	24	150
1:43:50	25	15,2	10	24	150
1:44:00	25	15,2	10	24	150
1:44:10	25	15,1	10	24	150
1:44:20	25	15,1	10	24	150
1:44:30	25	15,1	10	24	150
1:44:40	25	15,1	10	24	150
1:44:50	25	15,1	10	24	150
1:45:00	25	15,1	10	24	150
1:45:10	25	15,1	10	24	150
1:45:20	25	15,1	10	24	150
1:45:30	25	15,1	10	24	150
1:45:40	25	15,1	10	24	150
1:45:50	25	15,1	10	24	150
1:46:00	25	15,1	10	24	150
1:46:10	25	15,1	10	24	150
1:46:20	25	15,1	10	24	150
1:46:30	25	15,1	10	24	150
1:46:40	25	15,1	10	24	150
1:46:50	25	15,1	10	24	150
1:47:00	25	15,1	10	24	150
1:47:10	25	15,1	10	24	150
1:47:20	25	15,1	10	24	150
1:47:30	25	15,1	10	24	150
1:47:40	25	15,1	10	24	150
1:47:50	25	15,1	10	24	150
1:48:00	25	15,1	10	24	150
1:48:10	25	15,1	10	24	150
1:48:20	25	15,1	10	24	150
1:48:30	25	15,1	10	24	150
1:48:40	25	15,1	10	24	150
1:48:50	25	15,1	10	24	150
1:49:00	25	15,1	10	24	150
1:49:10	25	15,1	10	24	150
1:49:20	25	15,1	10	24	150
1:49:30	25	15,1	10	24	150
1:49:40	25	15,1	10	24	150
1:49:50	25	15,1	10	24	150
1:50:00	25	15,1	10	24	150
1:50:10	25	15,1	10	24	150
1:50:20	25	15,1	10	24	150
1:50:30	25	15,1	10	24	150
1:50:40	25	15,1	10	24	150
1:50:50	25	15,1	10	24	150
1:51:00	25	15,1	10	24	150
1:51:10	25	15,1	10	24	150
1:51:20	25	15,1	10	24	150
1:51:30	25	15,1	10	24	150
1:51:40	25	15,1	10	24	150
1:51:50	25	15,1	10	24	150
1:52:00	25	15,1	10	24	150
1:52:10	25	15,1	10	24	150
1:52:20	25	15,1	10	24	150
1:52:30	25	15,1	10	24	150
1:52:40	25	15,1	10	24	150
1:52:50	25	15,1	10	24	150
1:53:00	25	15,1	10	24	150
1:53:10	25	15,1	10	24	150
1:53:20	25	15,1	10	24	150
1:53:30	25	15,1	10	24	150
1:53:40	25	15,1	10	24	150
1:53:50	25	15,1	10	24	150
1:54:00	25	15,1	10	24	150
1:54:10	25	15,1	10	24	150
1:54:20	25	15,1	10	24	150
1:54:30	25	15,1	10	24	150
1:54:40	25	15,1	10	24	150
1:54:50	25	15,1	10	24	150
1:55:00	25	15,1	10	24	150
1:55:10	25	15,1	10	24	150
1:55:20	25	15,1	10	24	150
1:55:30	25	15,1	10	24	150
1:55:40	25	15,1	10	24	150
1:55:50	25	15,1	10	24	150
1:56:00	25	15,1	10	24	150
1:56:10	25	15,1	10	24	150
1:56:20	25	15,1	10	24	150
1:56:30	25	15,1	10	24	150
1:56:40	25	15,1	10	24	150
1:56:50	25	15,1	10	24	150
1:57:00	25	15,1	10	24	150
1:57:10	25	15,1	10	24	150
1:57:20	25	15,1	10	24	150
1:57:30	25	15,1	10	24	150
1:57:40	25	15,1	10	24	150
1:57:50	25	15,1	10	24	150
1:58:00	25	15,1	10	24	150
1:58:10	25	15,1	10	24	150
1:58:20	25	15,1	10	24	150
1:58:30	25	15,1	10	24	150
1:58:40	25	15,1	10	24	150
1:58:50	25	15,1	10	25	150
1:59:00	25	15,1	10	24	150
1:59:10	25	15,1	10	24	150
1:59:20	25	15,1	10	24	150
1:59:30	25	15,1	10	24	150
1:59:40	25	15,1	10	24	150
1:59:50	25	15,1	10	24	150
2:00:00	25	15,1	10	25	150
2:00:10	25	15,1	10	24	150
2:00:20	25	15,1	10	24	150
2:00:30	25	15,1	10	25	150
2:00:40	25	15,1	10	24	150
2:00:50	25	15,1	10	24	150
2:01:00	25	15,1	10	25	150
2:01:10	25	15,1	10	24	150
2:01:20	25	15,1	10	24	150
2:01:30	25	15,1	10	24	150
2:01:40	25	15,1	10	24	150
2:01:50	25	15,1	10	25	150
2:02:00	25	15,2	10	25	150
2:02:10	25	15,2	10	24	150
2:02:20	25	15,2	10	25	150
2:02:30	25	15,1	10	24	150
2:02:40	25	15,1	10	24	150
2:02:50	25	15,1	10	24	150
2:03:00	25	15,1	10	24	150
2:03:10	25	15,1	10	25	150
2:03:20	25	15,1	10	24	150
2:03:30	25	15,1	10	24	150
2:03:40	25	15,1	10	24	150
2:03:50	25	15,1	10	24	150
2:04:00	25	15,1	10	24	150
2:04:10	25	15,1	10	24	150
2:04:20	25	15,1	10	24	150
2:04:30	25	15,1	10	24	150
2:04:40	25	15,1	10	24	150
2:04:50	25	15,1	10	24	150
2:05:00	25	15,1	10	24	150
2:05:10	25	15,1	10	24	150
2:05:20	25	15,1	10	24	150
2:05:30	25	15,1	10	24	150
2:05:40	25	15,1	10	24	150
2:05:50	25	15,1	10	24	150
2:06:00	25	15,1	10	24	150
2:06:10	25	15,1	10	24	150
2:06:20	25	15,1	10	24	150
2:06:30	25	15,1	10	24	150
2:06:40	25	15,1	10	24	150
2:06:50	25	15,1	10	24	150
2:07:00	25	15,1	10	24	150
2:07:10	25	15,1	10	24	150
2:07:20	25	15,1	10	24	150
2:07:30	25	15,1	10	24	150
2:07:40	25	15,1	10	24	150
2:07:50	25	15,1	10	24	150
2:08:00	25	15,1	10	24	150
2:08:10	25	15,1	10	24	150
2:08:20	25	15,1	10	24	150
2:08:30	25	15,1	10	24	150
2:08:40	25	15,1	10	24	150
2:08:50	25	15,1	10	24	150
2:09:00	25	15,1	10	24	150
2:09:10	25	15,1	10	24	150
2:09:20	25	15,1	10	24	150
2:09:30	25	15,1	10	25	150
2:09:40	25	15,1	10	24	150
2:09:50	25	15,1	10	24	150
2:10:00	25	15,1	10	24	150
2:10:10	25	15,1	10	24	150
2:10:20	25	15,1	10	24	150
2:10:30	25	15,1	10	24	150
2:10:40	25	15,1	10	24	150
2:10:50	25	15,1	10	24	150
2:11:00	25	15,1	10	24	150
2:11:10	25	15,1	10	24	150
2:11:20	25	15,1	10	24	150
2:11:30	25	15,1	10	24	150
2:11:40	25	15,1	10	24	150
2:11:50	25	15,1	10	24	150
2:12:00	25	15,1	10	24	150
2:12:10	25	15,1	10	24	150
2:12:20	25	15,1	10	24	150
2:12:30	25	15,1	10	24	150
2:12:40	25	15,1	10	24	150
2:12:50	25	15,1	10	24	150
2:13:00	25	15,1	10	24	150
2:13:10	25	15,1	10	24	150
2:13:20	25	15,1	10	24	150
2:13:30	25	15,1	10	24	150
2:13:40	25	15,1	10	24	150
2:13:50	25	15,1	10	24	150
2:14:00	25	15,1	10	24	150
2:14:10	25	15,1	10	24	150
2:14:20	25	15,1	10	24	150
2:14:30	25	15,1	10	24	150
2:14:40	25	15,1	10	24	150
2:14:50	25	15,1	10	24	150
2:15:00	25	15,1	10	24	150
2:15:10	25	15,1	10	24	150
2:15:20	25	15,1	10	24	150
2:15:30	25	15,1	10	24	150
2:15:40	25	15,1	10	24	150
2:15:50	25	15,0	10	24	150
2:16:00	25	15,0	10	24	150
2:16:10	25	15,1	10	24	150
2:16:20	25	15,0	10	24	150
2:16:30	25	15,0	10	24	150
2:16:40	25	15,1	10	24	150
2:16:50	25	15,0	10	24	150
2:17:00	25	15,1	10	24	150
2:17:10	25	15,0	10	24	150
2:17:20	25	15,0	10	24	150
2:17:30	25	15,1	10	24	150
2:17:40	25	15,0	10	24	150
2:17:50	25	15,0	10	24	150
2:18:00	25	15,0	10	24	150
2:18:10	25	15,0	10	24	150
2:18:20	25	15,0	10	24	150
2:18:30	25	15,0	10	24	150
2:18:40	25	15,0	10	24	150
2:18:50	25	15,0	10	24	150
2:19:00	25	15,0	10	24	150
2:19:10	25	15,0	10	24	150
2:19:20	25	15,0	10	24	150
2:19:30	25	15,0	10	24	150
2:19:40	25	15,0	10	24	150
2:19:50	25	15,0	10	24	150
2:20:00	25	15,0	10	24	150
2:20:10	25	15,0	10	24	150
2:20:20	25	15,0	10	24	150
2:20:30	25	15,0	10	24	150
2:20:40	25	15,0	10	24	150
2:20:50	25	15,0	10	24	150
2:21:00	25	15,0	10	24	150
2:21:10	25	15,0	10	24	150
2:21:20	25	15,0	10	24	150
2:21:30	25	15,0	10	24	150
2:21:40	25	15,0	10	24	150
2:21:50	25	15,0	10	25	150
2:22:00	25	15,0	10	24	150
2:22:10	25	15,0	10	24	150
2:22:20	25	15,0	10	24	150
2:22:30	25	15,0	10	24	150
2:22:40	25	15,0	10	24	150
2:22:50	25	15,0	10	24	150
2:23:00	25	15,0	10	24	150
2:23:10	25	15,0	10	24	150
2:23:20	25	15,0	10	24	150
2:23:30	25	15,0	10	24	150
2:23:40	25	15,0	10	24	150
2:23:50	25	15,0	10	24	150
2:24:00	25	15,0	10	24	150
2:24:10	25	15,0	10	24	150
2:24:20	25	15,0	10	24	150
2:24:30	25	15,0	10	24	150
2:24:40	25	15,0	10	24	150
2:24:50	25	15,0	10	24	150
2:25:00	25	15,0	10	24	150
2:25:10	25	15,0	10	24	150
2:25:20	25	15,0	10	24	150
2:25:30	25	15,0	10	24	150
2:25:40	25	15,0	10	24	150
2:25:50	25	15,0	10	24	150
2:26:00	25	15,0	10	24	150
2:26:10	25	15,0	10	24	150
2:26:20	25	15,0	10	24	150
2:26:30	25	15,0	10	24	150
2:26:40	25	15,0	10	24	150
2:26:50	25	15,0	10	24	150
2:27:00	25	15,0	10	24	150
2:27:10	25	15,0	10	24	150
2:27:20	25	15,0	10	25	150
2:27:30	25	15,0	10	24	150
2:27:40	25	15,0	10	24	150
2:27:50	25	15,0	10	24	150
2:28:00	25	15,0	10	24	150
2:28:10	25	15,0	10	24	150
2:28:20	25	15,0	10	24	150
2:28:30	25	15,0	10	24	150
2:28:40	25	15,0	10	25	150
2:28:50	25	15,0	10	24	150
2:29:00	25	15,0	10	24	150
2:29:10	25	15,0	10	24	150
2:29:20	25	15,0	10	24	150
2:29:30	25	15,0	10	25	150
2:29:40	25	15,0	10	24	150
2:29:50	25	15,0	10	24	150
2:30:00	25	15,0	10	24	150
2:30:10	25	15,0	10	24	150
2:30:20	25	15,0	10	24	150
2:30:30	25	15,0	10	24	150
2:30:40	25	15,0	10	24	150
2:30:50	25	15,0	10	24	150
2:31:00	25	15,0	10	24	150
2:31:10	25	15,0	10	24	150
2:31:20	25	15,0	10	24	150
2:31:30	25	15,0	10	24	150
2:31:40	25	15,0	10	24	150
2:31:50	25	15,0	10	24	150
2:32:00	25	15,0	10	24	150
2:32:10	25	15,0	10	24	150
2:32:20	25	15,0	10	24	150
2:32:30	25	15,0	10	24	150
2:32:40	25	15,0	10	24	150
2:32:50	25	15,0	10	25	150
2:33:00	25	15,0	10	24	150
2:33:10	25	15,0	10	24	150
2:33:20	25	15,0	10	24	150
2:33:30	25	15,0	10	24	150
2:33:40	25	15,0	10	24	150
2:33:50	25	15,0	10	24	150
2:34:00	25	15,0	10	24	150
2:34:10	25	15,0	10	24	150
2:34:20	25	15,0	10	24	150
2:34:30	25	15,0	10	24	150
2:34:40	25	15,0	10	25	150
2:34:50	25	15,0	10	24	150
2:35:00	25	15,0	10	24	150
2:35:10	25	15,0	10	24	150
2:35:20	25	15,0	10	24	150
2:35:30	25	15,0	10	24	150
2:35:40	25	15,0	10	24	150
2:35:50	25	15,0	10	24	150
2:36:00	25	15,0	10	24	150
2:36:10	25	15,0	10	24	150
2:36:20	25	15,0	10	24	150
2:36:30	25	15,0	10	24	150
2:36:40	25	15,0	10	24	150
2:36:50	25	15,0	10	24	150
2:37:00	25	15,0	10	24	150
2:37:10	25	15,0	10	24	150
2:37:20	25	15,0	10	24	150
2:37:30	25	15,0	10	24	150
2:37:40	25	15,0	10	24	150
2:37:50	25	15,0	10	24	150
2:38:00	25	15,0	10	24	150
2:38:10	25	15,0	10	24	150
2:38:20	25	15,0	10	24	150
2:38:30	25	15,0	10	24	150
2:38:40	25	15,0	10	24	150
2:38:50	25	15,0	10	24	150
2:39:00	25	15,0	10	24	150
2:39:10	25	15,0	10	24	150
2:39:20	25	15,0	10	24	150
2:39:30	25	15,0	10	24	150
2:39:40	25	15,0	10	24	150
2:39:50	25	15,0	10	24	150
2:40:00	25	15,0	10	24	150
2:40:10	25	15,0	10	24	150
2:40:20	25	15,0	10	24	150
2:40:30	25	15,0	10	24	150
2:40:40	25	15,0	10	25	150
2:40:50	25	15,0	10	24	150
2:41:00	25	15,0	10	24	150
2:41:10	25	15,0	10	24	150
2:41:20	25	15,0	10	24	150
2:41:30	25	15,0	10	25	150
2:41:40	25	15,0	10	24	150
2:41:50	25	15,0	10	24	150
2:42:00	25	15,0	10	24	150
2:42:10	25	15,0	10	24	150
2:42:20	25	15,0	10	24	150
2:42:30	25	15,0	10	24	150
2:42:40	25	15,0	10	24	150
2:42:50	25	15,0	10	25	150
2:43:00	25	15,0	10	25	150
2:43:10	25	15,0	10	24	150
2:43:20	25	15,0	10	24	150
2:43:30	25	15,0	10	24	150
2:43:40	25	15,0	10	25	150
2:43:50	25	15,0	10	24	150
2:44:00	25	15,0	10	25	150
2:44:10	25	15,0	10	24	150
2:44:20	25	15,0	10	24	150
2:44:30	25	15,0	10	24	150
2:44:40	25	15,0	10	24	150
2:44:50	25	15,0	10	24	150
2:45:00	25	15,0	10	24	150
2:45:10	25	15,0	10	24	150
2:45:20	25	15,0	10	24	150
2:45:30	25	15,0	10	24	150
2:45:40	25	15,0	10	24	150
2:45:50	25	15,0	10	24	150
2:46:00	25	15,4	10	24	150
2:46:10	25	15,4	10	25	150
2:46:20	25	15,4	10	25	150
2:46:30	25	15,4	10	25	150
2:46:40	25	15,4	10	24	150
2:46:50	25	15,4	10	24	150
2:47:00	25	15,4	10	25	150
2:47:10	25	15,4	10	25	150
2:47:20	25	15,4	10	24	150
2:47:30	25	15,4	10	24	150
2:47:40	25	15,4	10	24	150
2:47:50	25	15,4	10	24	150
2:48:00	25	15,4	10	25	150
2:48:10	25	15,4	10	24	150
2:48:20	25	15,4	10	25	150
2:48:30	25	15,4	10	24	150
2:48:40	25	15,4	10	25	150
2:48:50	25	15,4	10	24	150
2:49:00	25	15,4	10	24	150
2:49:10	25	15,4	10	25	150
2:49:20	25	15,4	10	24	150
2:49:30	25	15,4	10	25	150
2:49:40	25	15,4	10	24	150
2:49:50	25	15,4	10	24	150
2:50:00	25	15,4	10	24	150
2:50:10	25	15,4	10	24	150
2:50:20	25	15,4	10	25	150
2:50:30	25	15,4	10	24	150
2:50:40	25	15,4	10	25	150
2:50:50	25	15,4	10	24	150
2:51:00	25	15,4	10	24	150
2:51:10	25	15,4	10	25	150
2:51:20	25	15,4	10	24	150
2:51:30	25	15,4	10	25	150
2:51:40	25	15,4	10	25	150
2:51:50	25	15,4	10	24	150
2:52:00	25	15,4	10	25	150
2:52:10	25	15,4	10	24	150
2:52:20	25	15,4	10	25	150
2:52:30	25	15,4	10	24	150
2:52:40	25	15,4	10	24	150
2:52:50	25	15,4	10	25	150
2:53:00	25	15,4	10	25	150
2:53:10	25	15,4	10	24	150
2:53:20	25	15,4	10	24	150
2:53:30	25	15,4	10	25	150
2:53:40	25	15,4	10	25	150
2:53:50	25	15,4	10	24	150
2:54:00	25	15,4	10	24	150
2:54:10	25	15,4	10	24	150
2:54:20	25	15,4	10	24	150
2:54:30	25	15,4	10	24	150
2:54:40	25	15,4	10	24	150
2:54:50	25	15,4	10	24	150
2:55:00	25	15,4	10	25	150
2:55:10	25	15,4	10	25	150
2:55:20	25	15,4	10	25	150
2:55:30	25	15,4	10	24	150
2:55:40	25	15,4	10	25	150
2:55:50	25	15,4	10	25	150
2:56:00	25	15,4	10	24	150
2:56:10	25	15,4	10	25	150
2:56:20	25	15,4	10	25	150
2:56:30	25	15,4	10	25	150
2:56:40	25	15,3	10	24	150
2:56:50	25	15,3	10	25	150
2:57:00	25	15,3	10	25	150
2:57:10	25	15,3	10	24	150
2:57:20	25	15,3	10	25	150
2:57:30	25	15,3	10	24	150
2:57:40	25	15,3	10	24	150
2:57:50	25	15,3	10	24	150
2:58:00	25	15,3	10	24	150
2:58:10	25	15,3	10	24	150
2:58:20	25	15,3	10	25	150
2:58:30	25	15,3	10	24	150
2:58:40	25	15,3	10	25	150
2:58:50	25	15,3	10	24	150
2:59:00	25	15,3	10	24	150
2:59:10	25	15,3	10	25	150
2:59:20	25	15,3	10	24	150
2:59:30	25	15,3	10	25	150
2:59:40	25	15,3	10	25	150
2:59:50	25	15,3	10	25	150
3:00:00	25	15,3	10	25	150
3:00:10	25	15,3	10	25	150
3:00:20	25	15,3	10	25	150
3:00:30	25	15,3	10	25	150
3:00:40	25	15,3	10	25	150
3:00:50	25	15,3	10	24	150
3:01:00	25	15,3	10	25	150
3:01:10	25	15,3	10	25	150
3:01:20	25	15,3	10	24	150
3:01:30	25	15,3	10	25	150
3:01:40	25	15,3	10	24	150
3:01:50	25	15,3	10	25	150
3:02:00	25	15,3	10	25	150
3:02:10	25	15,3	10	25	150
3:02:20	25	15,3	10	25	150
3:02:30	25	15,3	10	25	150
3:02:40	25	15,3	10	24	150
3:02:50	25	15,3	10	25	150
3:03:00	25	15,3	10	25	150
3:03:10	25	15,3	10	25	150
3:03:20	25	15,3	10	25	150
3:03:30	25	15,3	10	25	150
3:03:40	25	15,3	10	25	150
3:03:50	25	15,3	10	25	150
3:04:00	25	15,3	10	25	150
3:04:10	25	15,3	10	25	150
3:04:20	25	15,3	10	25	150
3:04:30	25	15,3	10	25	150
3:04:40	25	15,3	10	25	150
3:04:50	25	15,3	10	25	150
3:05:00	25	15,3	10	25	150
3:05:10	25	15,3	10	25	150
3:05:20	25	15,3	10	25	150
3:05:30	25	15,3	10	25	150
3:05:40	25	15,3	10	24	150
3:05:50	25	15,3	10	25	150
3:06:00	25	15,3	10	25	150
3:06:10	25	15,3	10	25	150
3:06:20	25	15,3	10	25	150
3:06:30	25	15,3	10	25	150
3:06:40	25	15,3	10	25	150
3:06:50	25	15,3	10	25	150
3:07:00	25	15,3	10	25	150
3:07:10	25	15,3	10	25	150
3:07:20	25	15,3	10	25	150
3:07:30	25	15,3	10	25	150
3:07:40	25	15,3	10	24	150
3:07:50	25	15,3	10	25	150
3:08:00	25	15,3	10	25	150
3:08:10	25	15,3	10	24	150
3:08:20	25	15,3	10	25	150
3:08:30	25	15,3	10	25	150
3:08:40	25	15,3	10	25	150
3:08:50	25	15,3	10	25	150
3:09:00	25	15,3	10	25	150
3:09:10	25	15,3	10	25	150
3:09:20	25	15,3	10	25	150
3:09:30	25	15,3	10	25	150
3:09:40	25	15,3	10	25	150
3:09:50	25	15,3	10	25	150
3:10:00	25	15,3	10	24	150
3:10:10	25	15,4	10	25	150
3:10:20	25	15,4	10	25	150
3:10:30	25	15,4	10	25	150
3:10:40	25	15,4	10	25	150
3:10:50	25	15,4	10	25	150
3:11:00	25	15,4	10	25	150
3:11:10	25	15,4	10	25	150
3:11:20	25	15,4	10	25	150
3:11:30	25	15,4	10	25	150
3:11:40	25	15,4	10	25	150
3:11:50	25	15,4	10	25	150
3:12:00	25	15,4	10	25	150
3:12:10	25	15,4	10	25	150
3:12:20	25	15,4	10	25	150
3:12:30	25	15,4	10	25	150
3:12:40	25	15,4	10	25	150
3:12:50	25	15,4	10	25	150
3:13:00	25	15,4	10	24	150
3:13:10	25	15,4	10	25	150
3:13:20	25	15,4	10	25	150
3:13:30	25	15,4	10	25	150
3:13:40	25	15,4	10	24	150
3:13:50	25	15,4	10	25	150
3:14:00	25	15,4	10	25	150
3:14:10	25	15,4	10	25	150
3:14:20	25	15,4	10	25	150
3:14:30	25	15,4	10	25	150
3:14:40	25	15,4	10	25	150
3:14:50	25	15,4	10	25	150
3:15:00	25	15,4	10	25	150
3:15:10	25	15,4	10	25	150
3:15:20	25	15,4	10	25	150
3:15:30	25	15,4	10	25	150
3:15:40	25	15,4	10	25	150
3:15:50	25	15,4	10	25	150
3:16:00	25	15,4	10	25	150
3:16:10	25	15,4	10	25	150
3:16:20	25	15,4	10	25	150
3:16:30	25	15,4	10	25	150
3:16:40	25	15,4	10	25	150
3:16:50	25	15,4	10	25	150
3:17:00	25	15,4	10	25	150
3:17:10	25	15,4	10	25	150
3:17:20	25	15,4	10	25	150
3:17:30	25	15,4	10	25	150
3:17:40	25	15,4	10	25	150
3:17:50	25	15,4	10	25	150
3:18:00	25	15,4	10	25	150
3:18:10	25	15,4	10	25	150
3:18:20	25	15,4	10	25	150
3:18:30	25	15,4	10	25	150
3:18:40	25	15,4	10	25	150
3:18:50	25	15,4	10	25	150
3:19:00	25	15,4	10	25	150
3:19:10	25	15,4	10	25	150
3:19:20	25	15,4	10	25	150
3:19:30	25	15,4	10	25	150
3:19:40	25	15,4	10	25	150
3:19:50	25	15,4	10	25	150
3:20:00	25	15,4	10	25	150
3:20:10	25	15,4	10	25	150
3:20:20	25	15,4	10	25	150
3:20:30	25	15,4	10	25	150
3:20:40	25	15,4	10	25	150
3:20:50	25	15,4	10	25	150
3:21:00	25	15,4	10	25	150
3:21:10	25	15,4	10	25	150
3:21:20	25	15,4	10	25	150
3:21:30	25	15,4	10	25	150
3:21:40	25	15,4	10	25	150
3:21:50	25	15,4	10	25	150
3:22:00	25	15,4	10	25	150
3:22:10	25	15,4	10	25	150
3:22:20	25	15,4	10	25	150
3:22:30	25	15,4	10	25	150
3:22:40	25	15,4	10	25	150
3:22:50	25	15,4	10	25	150
3:23:00	25	15,4	10	25	150
3:23:10	25	15,4	10	25	150
3:23:20	25	15,4	10	25	150
3:23:30	25	15,4	10	25	150
3:23:40	25	15,4	10	25	150
3:23:50	25	15,4	10	25	150
3:24:00	25	15,4	10	25	150
3:24:10	25	15,4	10	25	150
3:24:20	25	15,4	10	25	150
3:24:30	25	15,4	10	25	150
3:24:40	25	15,4	10	25	150
3:24:50	25	15,4	10	25	150
3:25:00	25	15,4	10	25	150
3:25:10	25	15,4	10	25	150
3:25:20	25	15,4	10	25	150
3:25:30	25	15,4	10	25	150
3:25:40	25	15,4	10	25	150
3:25:50	25	15,4	10	25	150
3:26:00	25	15,4	10	25	150
3:26:10	25	15,4	10	25	150
3:26:20	25	15,4	10	25	150
3:26:30	25	15,4	10	25	150
3:26:40	25	15,4	10	25	150
3:26:50	25	15,4	10	25	150
3:27:00	26	15,4	10	25	150
3:27:10	25	15,4	10	25	150
3:27:20	25	15,4	10	25	150
3:27:30	25	15,4	10	25	150
3:27:40	25	15,4	10	25	150
3:27:50	25	15,4	10	25	150
3:28:00	26	15,4	10	25	150
3:28:10	26	15,4	10	25	150
3:28:20	25	15,4	10	25	150
3:28:30	25	15,4	10	25	150
3:28:40	26	15,4	10	25	150
3:28:50	26	15,4	10	25	150
3:29:00	25	15,4	10	25	150
3:29:10	26	15,4	10	25	150
3:29:20	26	15,4	10	25	150
3:29:30	26	15,4	10	25	150
3:29:40	26	15,4	10	25	150
3:29:50	26	15,4	10	25	150
3:30:00	26	15,4	10	25	150
3:30:10	26	15,4	10	25	150
3:30:20	26	15,4	10	25	150
3:30:30	26	15,4	10	25	150
3:30:40	26	15,4	10	25	150
3:30:50	26	15,4	10	25	150
3:31:00	26	15,4	10	25	150
3:31:10	26	15,4	10	25	150
3:31:20	26	15,4	10	25	150
3:31:30	26	15,4	10	25	150
3:31:40	26	15,4	10	25	150
3:31:50	26	15,4	10	25	150
3:32:00	26	15,4	10	25	150
3:32:10	26	15,4	10	25	150
3:32:20	26	15,4	10	25	150
3:32:30	26	15,4	10	25	150
3:32:40	26	15,4	10	25	150
3:32:50	26	15,4	10	25	150
3:33:00	26	15,4	10	25	150
3:33:10	26	15,4	10	25	150
3:33:20	26	15,4	10	25	150
3:33:30	26	15,4	10	25	150
3:33:40	26	15,4	10	25	150
3:33:50	26	15,4	10	25	150
3:34:00	26	15,4	10	25	150
3:34:10	26	15,4	10	25	150
3:34:20	26	15,4	10	25	150
3:34:30	26	15,4	10	25	150
3:34:40	26	15,4	10	25	150
3:34:50	26	15,4	10	25	150
3:35:00	26	15,4	10	25	150
3:35:10	26	15,4	10	25	150
3:35:20	26	15,4	10	25	150
3:35:30	26	15,4	10	25	150
3:35:40	26	15,4	10	25	150
3:35:50	26	15,4	10	25	150
3:36:00	26	15,4	10	25	150
3:36:10	26	15,4	10	25	150
3:36:20	26	15,4	10	25	150
3:36:30	26	15,4	10	25	150
3:36:40	26	15,4	10	25	150
3:36:50	26	15,4	10	25	150
3:37:00	26	15,4	10	25	150
3:37:10	26	15,4	10	25	150
3:37:20	26	15,4	10	25	150
3:37:30	26	15,4	10	25	150
3:37:40	26	15,4	10	25	150
3:37:50	26	15,4	10	25	150
3:38:00	26	15,4	10	25	150
3:38:10	26	15,4	10	25	150
3:38:20	26	15,4	10	25	150
3:38:30	26	15,4	10	25	150
3:38:40	26	15,4	10	25	150
3:38:50	26	15,4	10	25	150
3:39:00	26	15,4	10	25	150
3:39:10	26	15,4	10	25	150
3:39:20	26	15,4	10	25	150
3:39:30	26	15,4	10	25	150
3:39:40	26	15,4	10	25	150
3:39:50	26	15,4	10	25	150
3:40:00	26	15,4	10	25	150
3:40:10	26	15,4	10	25	150
3:40:20	26	15,4	10	25	150
3:40:30	26	15,4	10	25	150
3:40:40	26	15,4	10	25	150
3:40:50	26	15,4	10	25	150
3:41:00	26	15,4	10	25	150
3:41:10	26	15,4	10	25	150
3:41:20	26	15,4	10	25	150
3:41:30	26	15,4	10	25	150
3:41:40	26	15,4	10	25	150
3:41:50	26	15,4	10	25	150
3:42:00	26	15,4	10	25	150
3:42:10	26	15,4	10	25	150
3:42:20	26	15,4	10	25	150
3:42:30	26	15,4	10	25	150
3:42:40	26	15,4	10	25	150
3:42:50	26	15,4	10	25	150
3:43:00	26	15,4	10	25	150
3:43:10	26	15,4	10	25	150
3:43:20	26	15,4	10	25	150
3:43:30	26	15,4	10	25	150
3:43:40	26	15,4	10	25	150
3:43:50	26	15,4	10	25	150
3:44:00	26	15,4	10	25	150
3:44:10	26	15,4	10	25	150
3:44:20	26	15,4	10	25	150
3:44:30	26	15,4	10	25	150
3:44:40	26	15,4	10	25	150
3:44:50	26	15,4	10	25	150
3:45:00	26	15,4	10	25	150
3:45:10	26	15,4	10	25	150
3:45:20	26	15,4	10	25	150
3:45:30	26	15,4	10	25	150
3:45:40	26	15,4	10	25	150
3:45:50	26	15,4	10	25	150
3:46:00	26	15,4	10	25	150
3:46:10	26	15,4	10	25	150
3:46:20	26	15,4	10	25	150
3:46:30	26	15,4	10	25	150
3:46:40	26	15,4	10	25	150
3:46:50	26	15,4	10	25	150
3:47:00	26	15,4	10	25	150
3:47:10	26	15,4	10	25	150
3:47:20	26	15,4	10	25	150
3:47:30	26	15,4	10	25	150
3:47:40	26	15,4	10	25	150
3:47:50	26	15,4	10	25	150
3:48:00	26	15,4	10	25	150
3:48:10	26	15,4	10	25	150
3:48:20	26	15,4	10	25	150
3:48:30	26	15,4	10	25	150
3:48:40	26	15,4	10	25	150
3:48:50	26	15,4	10	25	150
3:49:00	26	15,4	10	25	150
3:49:10	26	15,4	10	25	150
3:49:20	26	15,4	10	25	150
3:49:30	26	15,4	10	25	150
3:49:40	26	15,4	10	25	150
3:49:50	26	15,4	10	25	150
3:50:00	26	15,4	10	25	150
3:50:10	26	15,4	10	25	150
3:50:20	26	15,4	10	25	150
3:50:30	26	15,4	10	25	150
3:50:40	26	15,4	10	25	150
3:50:50	26	15,4	10	25	150
3:51:00	26	15,4	10	25	150
3:51:10	26	15,4	10	25	150
3:51:20	26	15,4	10	25	150
3:51:30	26	15,4	10	25	150
3:51:40	26	15,4	10	25	150
3:51:50	26	15,4	10	25	150
3:52:00	26	15,4	10	25	150
3:52:10	26	15,4	10	25	150
3:52:20	26	15,4	10	25	150
3:52:30	26	15,4	10	25	150
3:52:40	26	15,4	10	25	150
3:52:50	26	15,4	10	25	150
3:53:00	26	15,4	10	25	150
3:53:10	26	15,4	10	25	150
3:53:20	26	15,4	10	25	150
3:53:30	26	15,4	10	25	150
3:53:40	26	15,4	10	25	150
3:53:50	26	15,4	10	25	150
3:54:00	26	15,4	10	25	150
3:54:10	26	15,4	10	25	150
3:54:20	26	15,4	10	25	150
3:54:30	26	15,4	10	25	150
3:54:40	26	15,4	10	25	150
3:54:50	26	15,4	10	25	150
3:55:00	26	15,4	10	25	150
3:55:10	26	15,4	10	25	150
3:55:20	26	15,4	10	25	150
3:55:30	26	15,4	10	25	150
3:55:40	26	15,4	10	25	150
3:55:50	26	15,4	10	25	150
3:56:00	26	15,4	10	25	150
3:56:10	26	15,4	10	25	150
3:56:20	26	15,4	10	25	150
3:56:30	26	15,4	10	25	150
3:56:40	26	15,4	10	25	150
3:56:50	26	15,4	10	25	150
3:57:00	26	15,4	10	25	150
3:57:10	26	15,4	10	25	150
3:57:20	26	15,4	10	25	150
3:57:30	26	15,4	10	25	150
3:57:40	26	15,4	10	25	150
3:57:50	26	15,4	10	25	150
3:58:00	26	15,4	10	25	150
3:58:10	26	15,4	10	25	150
3:58:20	26	15,4	10	25	150
3:58:30	26	15,4	10	25	150
3:58:40	26	15,4	10	25	150
3:58:50	26	15,4	10	25	150
3:59:00	26	15,4	10	25	150
3:59:10	26	15,4	10	25	150
3:59:20	26	15,4	10	25	150
3:59:30	26	15,4	10	25	150
3:59:40	26	15,4	10	25	150
3:59:50	26	15,4	10	25	150
4:00:00	26	15,4	10	25	150
4:00:10	26	15,4	10	25	150
4:00:20	26	15,4	10	25	150
4:00:30	26	15,4	10	25	150
4:00:40	26	15,4	10	25	150
4:00:50	26	15,4	10	25	150
4:01:00	26	15,4	10	25	150
4:01:10	26	15,4	10	25	150
4:01:20	26	15,4	10	25	150
4:01:30	26	15,4	10	25	150
4:01:40	26	15,4	10	25	150
4:01:50	26	15,4	10	25	150
4:02:00	26	15,4	10	25	150
4:02:10	26	15,4	10	25	150
4:02:20	26	15,4	10	25	150
4:02:30	26	15,4	10	25	150
4:02:40	26	15,4	10	25	150
4:02:50	26	15,4	10	25	150
4:03:00	26	15,4	10	25	150
4:03:10	26	15,4	10	25	150
4:03:20	26	15,4	10	25	150
4:03:30	26	15,4	10	25	150
4:03:40	26	15,4	10	25	150
4:03:50	26	15,4	10	25	150
4:04:00	26	15,4	10	25	150
4:04:10	26	15,4	10	25	150
4:04:20	26	15,4	10	25	150
4:04:30	26	15,4	10	25	150
4:04:40	26	15,4	10	25	150
4:04:50	26	15,4	10	25	150
4:05:00	26	15,4	10	25	150
4:05:10	26	15,4	10	25	150
4:05:20	26	15,4	10	25	150
4:05:30	26	15,4	10	25	150
4:05:40	26	15,4	10	25	150
4:05:50	26	15,4	10	25	150
4:06:00	26	15,4	10	25	150
4:06:10	26	15,4	10	25	150
4:06:20	26	15,4	10	25	150
4:06:30	26	15,4	10	25	150
4:06:40	26	15,4	10	25	150
4:06:50	26	15,4	10	25	150
4:07:00	26	15,4	10	25	150
4:07:10	26	15,4	10	25	150
4:07:20	26	15,4	10	25	150
4:07:30	26	15,4	10	25	150
4:07:40	26	15,4	10	25	150
4:07:50	26	15,4	10	25	150
4:08:00	26	15,4	10	25	150
4:08:10	26	15,4	10	25	150
4:08:20	26	15,4	10	25	150
4:08:30	26	15,4	10	25	150
4:08:40	26	15,4	10	25	150
4:08:50	26	15,4	10	25	150
4:09:00	26	15,4	10	25	150
4:09:10	26	15,4	10	25	150
4:09:20	26	15,4	10	25	150
4:09:30	26	15,4	10	25	150
4:09:40	26	15,4	10	25	150
4:09:50	26	15,4	10	25	150
4:10:00	26	15,4	10	25	150
4:10:10	26	15,4	10	25	150
4:10:20	26	15,4	10	25	150
4:10:30	26	15,4	10	25	150
4:10:40	26	15,4	10	25	150
4:10:50	26	15,4	10	25	150
4:11:00	26	15,4	10	25	150
4:11:10	26	15,4	10	25	150
4:11:20	26	15,4	10	25	150
4:11:30	26	15,4	10	25	150
4:11:40	26	15,4	10	25	150
4:11:50	26	15,4	10	25	150
4:12:00	26	15,4	10	25	150
4:12:10	26	15,4	10	25	150
4:12:20	26	15,4	10	25	150
4:12:30	26	15,4	10	25	150
4:12:40	26	15,4	10	25	150
4:12:50	26	15,4	10	25	150
4:13:00	26	15,4	10	25	150
4:13:10	26	15,4	10	25	150
4:13:20	26	15,4	10	25	150
4:13:30	26	15,4	10	25	150
4:13:40	26	15,4	10	25	150
4:13:50	26	15,4	10	25	150
4:14:00	26	15,4	10	25	150
4:14:10	26	15,4	10	25	150
4:14:20	26	15,4	10	25	150
4:14:30	26	15,4	10	25	150
4:14:40	26	15,4	10	25	150
4:14:50	26	15,4	10	25	150
4:15:00	26	15,4	10	25	150
4:15:10	26	15,4	10	25	150
4:15:20	26	15,4	10	25	150
4:15:30	26	15,4	10	25	150
4:15:40	26	15,4	10	25	150
4:15:50	26	15,4	10	25	150
4:16:00	26	15,4	10	25	150
4:16:10	26	15,4	10	25	150
4:16:20	26	15,4	10	25	150
4:16:30	26	15,4	10	25	150
4:16:40	26	15,4	10	25	150
4:16:50	26	15,4	10	25	150
4:17:00	26	15,4	10	25	150
4:17:10	26	15,4	10	25	150
4:17:20	26	15,4	10	25	150
4:17:30	26	15,4	10	25	150
4:17:40	26	15,4	10	25	150
4:17:50	26	15,4	10	25	150
4:18:00	26	15,4	10	25	150
4:18:10	26	15,4	10	25	150
4:18:20	26	15,4	10	25	150
4:18:30	26	15,4	10	25	150
4:18:40	26	15,4	10	25	150
4:18:50	26	15,4	10	25	150
4:19:00	26	15,4	10	25	150
4:19:10	26	15,4	10	25	150
4:19:20	26	15,4	10	25	150
4:19:30	26	15,4	10	25	150
4:19:40	26	15,4	10	25	150
4:19:50	26	15,4	10	25	150
4:20:00	26	15,4	10	25	150
4:20:10	26	15,4	10	25	150
4:20:20	26	15,4	10	25	150
4:20:30	26	15,4	10	25	150
4:20:40	26	15,4	10	25	150
4:20:50	26	15,4	10	25	150
4:21:00	26	15,4	10	25	150
4:21:10	26	15,4	10	25	150
4:21:20	26	15,4	10	25	150
4:21:30	26	15,4	10	25	150
4:21:40	26	15,4	10	25	150
4:21:50	26	15,4	10	25	150
4:22:00	26	15,4	10	25	150
4:22:10	26	15,4	10	25	150
4:22:20	26	15,4	10	25	150
4:22:30	26	15,4	10	25	150
4:22:40	26	15,4	10	25	150
4:22:50	26	15,4	10	25	150
4:23:00	26	15,4	10	25	150
4:23:10	26	15,4	10	25	150
4:23:20	26	15,4	10	25	150
4:23:30	26	15,4	10	25	150
4:23:40	26	15,4	10	25	150
4:23:50	26	15,4	10	25	150
4:24:00	26	15,4	10	25	150
4:24:10	26	15,4	10	25	150
4:24:20	26	15,4	10	25	150
4:24:30	26	15,4	10	25	150
4:24:40	26	15,4	10	25	150
4:24:50	26	15,4	10	25	150
4:25:00	26	15,4	10	25	150
4:25:10	26	15,4	10	25	150
4:25:20	26	15,4	10	25	150
4:25:30	26	15,4	10	25	150
4:25:40	26	15,4	10	25	150
4:25:50	26	15,4	10	25	150
4:26:00	26	15,4	10	25	150
4:26:10	26	15,4	10	25	150
4:26:20	26	15,4	10	25	150
4:26:30	26	15,4	10	25	150
4:26:40	26	15,4	10	25	150
4:26:50	26	15,4	10	25	150
4:27:00	26	15,4	10	25	150
4:27:10	26	15,4	10	25	150
4:27:20	26	15,4	10	25	150
4:27:30	26	15,4	10	25	150
4:27:40	26	15,4	10	25	150
4:27:50	26	15,4	10	25	150
4:28:00	26	15,4	10	25	150
4:28:10	26	15,4	10	25	150
4:28:20	26	15,4	10	25	150
4:28:30	26	15,4	10	25	150
4:28:40	26	15,4	10	25	150
4:28:50	26	15,4	10	25	150
4:29:00	26	15,4	10	25	150
4:29:10	26	15,4	10	25	150
4:29:20	26	15,4	10	25	150
4:29:30	26	15,4	10	25	150
4:29:40	26	15,4	10	25	150
4:29:50	26	15,4	10	25	150
4:30:00	26	15,4	10	25	150
4:30:10	26	15,4	10	25	150
4:30:20	26	15,4	10	25	150
4:30:30	26	15,4	10	25	150
4:30:40	26	15,4	10	25	150
4:30:50	26	15,4	10	25	150
4:31:00	26	15,4	10	25	150
4:31:10	26	15,4	10	25	150
4:31:20	26	15,4	10	25	150
4:31:30	26	15,4	10	25	150
4:31:40	26	15,4	10	25	150
4:31:50	26	15,4	10	25	150
4:32:00	26	15,4	10	25	150
4:32:10	26	15,4	10	25	150
4:32:20	26	15,4	10	25	150
4:32:30	26	15,4	10	25	150
4:32:40	26	15,4	10	25	150
4:32:50	26	15,4	10	25	150
4:33:00	26	15,4	10	25	150
4:33:10	26	15,4	10	25	150
4:33:20	26	15,4	10	25	150
4:33:30	26	15,4	10	25	150
4:33:40	26	15,4	10	25	150
4:33:50	26	15,4	10	25	150
4:34:00	26	15,4	10	25	150
4:34:10	26	15,4	10	25	150
4:34:20	26	15,4	10	25	150
4:34:30	26	15,4	10	25	150
4:34:40	26	15,4	11	25	150
4:34:50	26	15,4	11	25	150
4:35:00	26	15,4	11	25	150
4:35:10	26	15,4	11	25	150
4:35:20	26	15,4	11	25	150
4:35:30	26	15,4	11	25	150
4:35:40	26	15,4	11	25	150
4:35:50	26	15,4	11	25	150
4:36:00	26	15,4	11	25	150
4:36:10	26	15,4	11	25	150
4:36:20	26	15,4	11	25	150
4:36:30	26	15,4	11	25	150
4:36:40	26	15,4	11	25	150
4:36:50	26	15,4	11	25	150
4:37:00	26	15,4	11	25	150
4:37:10	26	15,4	11	25	150
4:37:20	26	15,4	11	25	150
4:37:30	26	15,4	11	25	150
4:37:40	26	15,4	11	25	150
4:37:50	26	15,4	11	25	150
4:38:00	26	15,4	11	25	150
4:38:10	26	15,4	11	25	150
4:38:20	26	15,4	11	25	150
4:38:30	26	15,4	11	25	150
4:38:40	26	15,4	11	25	150
4:38:50	26	15,4	11	25	150
4:39:00	26	15,4	11	25	150
4:39:10	26	15,4	11	25	150
4:39:20	26	15,4	11	25	150
4:39:30	26	15,4	11	25	150
4:39:40	26	15,4	11	25	150
4:39:50	26	15,4	11	25	150
4:40:00	26	15,4	11	25	150
4:40:10	26	15,4	11	25	150
4:40:20	26	15,4	11	25	150
4:40:30	26	15,4	11	25	150
4:40:40	26	15,4	11	25	150
4:40:50	26	15,4	11	25	150
4:41:00	26	15,4	11	25	150
4:41:10	26	15,4	11	25	150
4:41:20	26	15,4	11	26	150
4:41:30	26	15,4	11	25	150
4:41:40	26	15,4	11	25	150
4:41:50	26	15,4	11	25	150
4:42:00	26	15,4	11	25	150
4:42:10	26	15,4	11	25	150
4:42:20	26	15,4	11	25	150
4:42:30	26	15,4	11	25	150
4:42:40	26	15,4	11	25	150
4:42:50	26	15,4	11	26	150
4:43:00	26	15,4	11	25	150
4:43:10	26	15,4	11	25	150
4:43:20	26	15,4	11	25	150
4:43:30	26	15,4	11	25	150
4:43:40	26	15,4	11	25	150
4:43:50	26	15,3	11	25	150
4:44:00	26	15,3	11	25	150
4:44:10	26	15,4	11	25	150
4:44:20	26	15,3	11	25	150
4:44:30	26	15,3	11	25	150
4:44:40	26	15,4	11	25	150
4:44:50	26	15,3	11	25	150
4:45:00	26	15,3	11	25	150
4:45:10	26	15,3	11	26	150
4:45:20	26	15,3	11	25	150
4:45:30	26	15,3	11	25	150
4:45:40	26	15,3	11	25	150
4:45:50	26	15,3	11	26	150
4:46:00	26	15,3	11	25	150
4:46:10	26	15,3	11	25	150
4:46:20	26	15,3	11	25	150
4:46:30	26	15,3	11	25	150
4:46:40	26	15,3	11	25	150
4:46:50	26	15,3	11	25	150
4:47:00	26	15,3	11	25	150
4:47:10	26	15,3	11	25	150
4:47:20	26	15,3	11	26	150
4:47:30	26	15,3	11	25	150
4:47:40	26	15,3	11	25	150
4:47:50	26	15,3	11	25	150
4:48:00	26	15,3	11	26	150
4:48:10	26	15,3	11	25	150
4:48:20	26	15,3	11	25	150
4:48:30	26	15,3	11	25	150
4:48:40	26	15,3	11	25	150
4:48:50	26	15,3	11	25	150
4:49:00	26	15,3	11	26	150
4:49:10	26	15,3	11	26	150
4:49:20	26	15,3	11	25	150
4:49:30	26	15,3	11	25	150
4:49:40	26	15,3	11	25	150
4:49:50	26	15,3	11	25	150
4:50:00	26	15,3	11	25	150
4:50:10	26	15,3	11	26	150
4:50:20	26	15,3	11	25	150
4:50:30	26	15,3	11	26	150
4:50:40	26	15,3	11	25	150
4:50:50	26	15,3	11	26	150
4:51:00	26	15,3	11	25	150
4:51:10	26	15,3	11	25	150
4:51:20	26	15,3	11	26	150
4:51:30	26	15,3	11	25	150
4:51:40	26	15,3	11	25	150
4:51:50	26	15,3	11	25	150
4:52:00	26	15,3	11	26	150
4:52:10	26	15,3	11	25	150
4:52:20	26	15,3	11	26	150
4:52:30	26	15,3	11	26	150
4:52:40	26	15,3	11	25	150
4:52:50	26	15,3	11	25	150
4:53:00	26	15,3	11	25	150
4:53:10	26	15,3	11	26	150
4:53:20	26	15,3	11	25	150
4:53:30	26	15,3	11	25	150
4:53:40	26	15,3	11	26	150
4:53:50	26	15,3	11	25	150
4:54:00	26	15,3	11	26	150
4:54:10	26	15,3	11	26	150
4:54:20	26	15,3	11	25	150
4:54:30	26	15,3	11	25	150
4:54:40	26	15,3	11	25	150
4:54:50	26	15,3	11	25	150
4:55:00	26	15,3	11	25	150
4:55:10	26	15,3	11	25	150
4:55:20	26	15,3	11	25	150
4:55:30	26	15,3	11	26	150
4:55:40	26	15,3	11	26	150
4:55:50	26	15,3	11	26	150
4:56:00	26	15,3	11	25	150
4:56:10	26	15,3	11	25	150
4:56:20	26	15,3	11	25	150
4:56:30	26	15,3	11	26	150
4:56:40	27	15,3	11	25	150
4:56:50	26	15,3	11	26	150
4:57:00	26	15,3	11	26	150
4:57:10	26	15,3	11	26	150
4:57:20	27	15,3	11	26	150
4:57:30	26	15,3	11	26	150
4:57:40	26	15,3	11	26	150
4:57:50	26	15,3	11	26	150
4:58:00	26	15,3	11	26	150
4:58:10	27	15,3	11	26	150
4:58:20	27	15,3	11	26	150
4:58:30	26	15,3	11	26	150
4:58:40	27	15,3	11	26	150
4:58:50	27	15,3	11	26	150
4:59:00	27	15,3	11	26	150
4:59:10	27	15,3	11	26	150
4:59:20	27	15,3	11	25	150
4:59:30	27	15,3	11	26	150
4:59:40	27	15,3	11	25	150
4:59:50	27	15,3	11	26	150
5:00:00	27	15,3	11	26	150
5:00:10	27	15,3	11	26	150
5:00:20	27	15,3	11	26	150
5:00:30	27	15,3	11	25	150
5:00:40	27	15,3	11	26	150
5:00:50	27	15,3	11	26	150
5:01:00	27	15,3	11	26	150
5:01:10	27	15,3	11	26	150
5:01:20	27	15,3	11	26	150
5:01:30	27	15,3	11	25	150
5:01:40	27	15,3	11	26	150
5:01:50	27	15,3	11	25	150
5:02:00	27	15,3	11	26	150
5:02:10	27	15,3	11	26	150
5:02:20	27	15,3	11	26	150
5:02:30	27	15,3	11	26	150
5:02:40	27	15,3	11	25	150
5:02:50	27	15,3	11	26	150
5:03:00	27	15,3	11	26	150
5:03:10	27	15,3	11	26	150
5:03:20	27	15,3	11	26	150
5:03:30	27	15,3	11	26	150
5:03:40	27	15,3	11	26	150
5:03:50	27	15,3	11	26	150
5:04:00	27	15,3	11	26	150
5:04:10	27	15,3	11	26	150
5:04:20	27	15,3	11	26	150
5:04:30	27	15,3	11	26	150
5:04:40	27	15,3	11	26	150
5:04:50	27	15,3	11	26	150
5:05:00	27	15,3	11	26	150
5:05:10	27	15,3	11	26	150
5:05:20	27	15,3	11	26	150
5:05:30	27	15,3	11	25	150
5:05:40	27	15,3	11	26	150
5:05:50	27	15,3	11	26	150
5:06:00	27	15,3	11	26	150
5:06:10	27	15,3	11	26	150
5:06:20	27	15,3	11	26	150
5:06:30	27	15,3	11	26	150
5:06:40	27	15,3	11	26	150
5:06:50	27	15,3	11	26	150
5:07:00	27	15,3	11	26	150
5:07:10	27	15,3	11	26	150
5:07:20	27	15,3	11	26	150
5:07:30	27	15,3	11	26	150
5:07:40	27	15,3	11	26	150
5:07:50	27	15,3	11	26	150
5:08:00	27	15,3	11	26	150
5:08:10	27	15,3	11	26	150
5:08:20	27	15,3	11	26	150
5:08:30	27	15,3	11	26	150
5:08:40	27	15,3	11	26	150
5:08:50	27	15,3	11	26	150
5:09:00	27	15,3	11	26	150
5:09:10	27	15,3	11	26	150
5:09:20	27	15,3	11	26	150
5:09:30	27	15,3	11	26	150
5:09:40	27	15,3	11	26	150
5:09:50	27	15,3	11	26	150
5:10:00	27	15,3	11	26	150
5:10:10	27	15,3	11	26	150
5:10:20	27	15,3	11	26	150
5:10:30	27	15,3	11	26	150
5:10:40	27	15,3	11	26	150
5:10:50	27	15,3	11	25	150
5:11:00	27	15,3	11	26	150
5:11:10	27	15,3	11	26	150
5:11:20	27	15,3	11	26	150
5:11:30	27	15,3	11	26	150
5:11:40	27	15,3	11	26	150
5:11:50	27	15,2	11	26	150
5:12:00	27	15,3	11	26	150
5:12:10	27	15,2	11	26	150
5:12:20	27	15,2	11	26	150
5:12:30	27	15,2	11	26	150
5:12:40	27	15,2	11	26	150
5:12:50	27	15,2	11	26	150
5:13:00	27	15,2	11	26	150
5:13:10	27	15,2	11	26	150
5:13:20	27	15,2	11	26	150
5:13:30	27	15,2	11	26	150
5:13:40	27	15,2	11	26	150
5:13:50	27	15,2	11	26	150
5:14:00	27	15,2	11	26	150
5:14:10	27	15,2	11	26	150
5:14:20	27	15,2	11	26	150
5:14:30	27	15,2	11	26	150
5:14:40	27	15,2	11	26	150
5:14:50	27	15,2	11	26	150
5:15:00	27	15,2	11	26	150
5:15:10	27	15,2	11	26	150
5:15:20	27	15,2	11	26	150
5:15:30	27	15,2	11	26	150
5:15:40	27	15,2	11	26	150
5:15:50	27	15,2	11	26	150
5:16:00	27	15,2	11	26	150
5:16:10	27	15,2	11	26	150
5:16:20	27	15,2	11	26	150
5:16:30	27	15,2	11	26	150
5:16:40	27	15,2	11	26	150
5:16:50	27	15,2	11	26	150
5:17:00	27	15,2	11	26	150
5:17:10	27	15,2	11	26	150
5:17:20	27	15,2	11	26	150
5:17:30	27	15,2	11	26	150
5:17:40	27	15,2	11	26	150
5:17:50	27	15,2	11	26	150
5:18:00	27	15,2	11	26	150
5:18:10	27	15,2	11	26	150
5:18:20	27	15,2	11	26	150
5:18:30	27	15,2	11	26	150
5:18:40	27	15,2	11	26	150
5:18:50	27	15,2	11	26	150
5:19:00	27	15,2	11	26	150
5:19:10	27	15,2	11	26	150
5:19:20	27	15,2	11	26	150
5:19:30	27	15,2	11	26	150
5:19:40	27	15,2	11	26	150
5:19:50	27	15,2	11	26	150
5:20:00	27	15,2	11	26	150
5:20:10	27	15,2	11	26	150
5:20:20	27	15,2	11	26	150
5:20:30	27	15,2	11	26	150
5:20:40	27	15,2	11	26	150
5:20:50	27	15,2	11	26	150
5:21:00	27	15,2	11	26	150
5:21:10	27	15,2	11	26	150
5:21:20	27	15,2	11	26	150
5:21:30	27	15,2	11	26	150
5:21:40	27	15,2	11	26	150
5:21:50	27	15,2	11	26	150
5:22:00	27	15,2	11	26	150
5:22:10	27	15,2	11	26	150
5:22:20	27	15,2	11	26	150
5:22:30	27	15,2	11	26	150
5:22:40	27	15,2	11	26	150
5:22:50	27	15,2	11	26	150
5:23:00	27	15,2	11	26	150
5:23:10	27	15,2	11	26	150
5:23:20	27	15,2	11	26	150
5:23:30	27	15,2	11	26	150
5:23:40	27	15,2	11	26	150
5:23:50	27	15,2	11	26	150
5:24:00	27	15,2	11	26	150
5:24:10	27	15,2	11	26	150
5:24:20	27	15,2	11	26	150
5:24:30	27	15,2	11	26	150
5:24:40	27	15,2	11	26	150
5:24:50	27	15,2	11	26	150
5:25:00	27	15,2	11	26	150
5:25:10	27	15,2	11	26	150
5:25:20	27	15,2	11	26	150
5:25:30	27	15,2	11	26	150
5:25:40	27	15,2	11	26	150
5:25:50	27	15,2	11	26	150
5:26:00	27	15,2	11	26	150
5:26:10	27	15,2	11	26	150
5:26:20	27	15,2	11	26	150
5:26:30	27	15,2	11	26	150
5:26:40	27	15,2	11	26	150
5:26:50	27	15,2	11	26	150
5:27:00	27	15,2	11	26	150
5:27:10	27	15,2	11	26	150
5:27:20	27	15,2	11	26	150
5:27:30	27	15,2	11	26	150
5:27:40	27	15,2	11	26	150
5:27:50	27	15,2	11	26	150
5:28:00	27	15,2	11	26	150
5:28:10	27	15,2	11	26	150
5:28:20	27	15,2	11	26	150
5:28:30	27	15,2	11	26	150
5:28:40	27	15,2	11	26	150
5:28:50	27	15,2	11	26	150
5:29:00	27	15,2	11	26	150
5:29:10	27	15,2	11	26	150
5:29:20	27	15,2	11	26	150
5:29:30	27	15,2	11	26	150
5:29:40	27	15,2	11	26	150
5:29:50	27	15,2	11	26	150
5:30:00	27	15,2	11	26	150
5:30:10	27	15,2	11	26	150
5:30:20	27	15,2	11	26	150
5:30:30	27	15,2	11	26	150
5:30:40	27	15,2	11	26	150
5:30:50	27	15,2	11	26	150
5:31:00	27	15,2	11	26	150
5:31:10	27	15,2	11	26	150
5:31:20	27	15,2	11	26	150
5:31:30	27	15,2	11	26	150
5:31:40	27	15,2	11	26	150
5:31:50	27	15,2	11	26	150
5:32:00	27	15,1	11	26	150
5:32:10	27	15,2	11	26	150
5:32:20	27	15,2	11	26	150
5:32:30	27	15,1	11	26	150
5:32:40	27	15,1	11	26	150
5:32:50	27	15,1	11	26	150
5:33:00	27	15,1	11	26	150
5:33:10	27	15,1	11	26	150
5:33:20	27	15,1	11	26	150
5:33:30	27	15,1	11	26	150
5:33:40	27	15,1	11	26	150
5:33:50	27	15,1	11	26	150
5:34:00	27	15,1	11	26	150
5:34:10	27	15,1	11	26	150
5:34:20	27	15,1	11	26	150
5:34:30	27	15,1	11	26	150
5:34:40	27	15,1	11	26	150
5:34:50	27	15,1	11	26	150
5:35:00	27	15,1	11	26	150
5:35:10	27	15,1	11	26	150
5:35:20	27	15,1	11	26	150
5:35:30	27	15,1	11	26	150
5:35:40	27	15,1	11	26	150
5:35:50	27	15,1	11	26	150
5:36:00	27	15,1	11	26	150
5:36:10	27	15,1	11	26	150
5:36:20	27	15,1	11	26	150
5:36:30	27	15,1	11	26	150
5:36:40	27	15,1	11	26	150
5:36:50	27	15,1	11	26	150
5:37:00	27	15,1	11	26	150
5:37:10	27	15,1	11	26	150
5:37:20	27	15,1	11	26	150
5:37:30	27	15,1	11	26	150
5:37:40	27	15,1	11	26	150
5:37:50	27	15,1	11	26	150
5:38:00	27	15,1	11	26	150
5:38:10	27	15,1	11	26	150
5:38:20	27	15,1	11	26	150
5:38:30	27	15,1	11	26	150
5:38:40	27	15,1	11	26	150
5:38:50	27	15,1	11	26	150
5:39:00	27	15,1	11	26	150
5:39:10	27	15,1	11	26	150
5:39:20	27	15,1	11	26	150
5:39:30	27	15,1	11	26	150
5:39:40	27	15,1	11	26	150
5:39:50	27	15,1	11	26	150
5:40:00	27	15,1	12	26	150
5:40:10	27	15,1	12	26	150
5:40:20	27	15,1	12	26	150
5:40:30	27	15,1	12	26	150
5:40:40	27	15,1	12	26	150
5:40:50	27	15,1	12	26	150
5:41:00	27	15,1	12	26	150
5:41:10	27	15,1	12	26	150
5:41:20	27	15,1	12	26	150
5:41:30	27	15,1	12	26	150
5:41:40	27	15,1	12	26	150
5:41:50	27	15,1	12	26	150
5:42:00	27	15,1	12	26	150
5:42:10	27	15,1	12	26	150
5:42:20	27	15,1	12	26	150
5:42:30	27	15,1	12	26	150
5:42:40	27	15,1	12	26	150
5:42:50	27	15,1	12	26	150
5:43:00	27	15,1	12	26	150
5:43:10	27	15,1	12	26	150
5:43:20	27	15,1	12	26	150
5:43:30	27	15,1	12	26	150
5:43:40	27	15,1	12	26	150
5:43:50	27	15,1	12	26	150
5:44:00	27	15,1	12	26	150
5:44:10	27	15,1	12	26	150
5:44:20	27	15,1	12	26	150
5:44:30	27	15,1	12	26	150
5:44:40	27	15,1	12	26	150
5:44:50	27	15,1	12	26	150
5:45:00	27	15,1	12	26	150
5:45:10	27	15,1	12	26	150
5:45:20	27	15,1	12	26	150
5:45:30	27	15,1	12	26	150
5:45:40	27	15,1	12	26	150
5:45:50	27	15,1	12	26	150
5:46:00	27	15,1	12	26	150
5:46:10	27	15,1	12	26	150
5:46:20	27	15,1	12	26	150
5:46:30	27	15,1	12	26	150
5:46:40	27	15,1	12	26	150
5:46:50	27	15,1	12	26	150
5:47:00	27	15,1	12	26	150
5:47:10	27	15,1	12	26	150
5:47:20	27	15,1	12	26	150
5:47:30	27	15,1	12	26	150
5:47:40	27	15,1	12	26	150
5:47:50	27	15,1	12	26	150
5:48:00	27	15,1	12	26	150
5:48:10	27	15,1	12	26	150
5:48:20	27	15,1	12	26	150
5:48:30	27	15,1	12	26	150
5:48:40	27	15,1	12	26	150
5:48:50	27	15,1	12	26	150
5:49:00	27	15,1	12	26	150
5:49:10	27	15,1	12	26	150
5:49:20	27	15,1	12	26	150
5:49:30	27	15,1	12	26	150
5:49:40	27	15,1	12	26	150
5:49:50	27	15,1	12	26	150
5:50:00	27	15,1	12	26	150
5:50:10	27	15,1	12	26	150
5:50:20	27	15,1	12	26	150
5:50:30	27	15,1	12	26	150
5:50:40	27	15,1	12	26	150
5:50:50	27	15,1	12	26	150
5:51:00	27	15,1	12	26	150
5:51:10	27	15,1	12	26	150
5:51:20	27	15,1	12	26	150
5:51:30	27	15,1	12	26	150
5:51:40	27	15,0	12	26	150
5:51:50	27	15,1	12	26	150
5:52:00	27	15,1	12	26	150
5:52:10	27	15,0	12	26	150
5:52:20	27	15,0	12	26	150
5:52:30	27	15,0	12	26	150
5:52:40	27	15,0	12	26	150
5:52:50	27	15,0	12	26	150
5:53:00	27	15,0	12	26	150
5:53:10	27	15,0	12	26	150
5:53:20	27	15,0	12	26	150
5:53:30	27	15,0	12	26	150
5:53:40	27	15,0	12	26	150
5:53:50	27	15,0	12	26	150
5:54:00	27	15,0	12	26	150
5:54:10	27	15,0	12	26	150
5:54:20	27	15,0	12	26	150
5:54:30	27	15,0	12	26	150
5:54:40	27	15,0	12	26	150
5:54:50	27	15,0	12	26	150
5:55:00	27	15,0	12	26	150
5:55:10	27	15,0	12	26	150
5:55:20	27	15,0	12	26	150
5:55:30	27	15,0	12	26	150
5:55:40	27	15,0	12	26	150
5:55:50	27	15,0	12	26	150
5:56:00	27	15,0	12	26	150
5:56:10	27	15,0	12	26	150
5:56:20	27	15,0	12	26	150
5:56:30	27	15,0	12	26	150
5:56:40	27	15,0	12	26	150
5:56:50	27	15,0	12	26	150
5:57:00	27	15,0	12	26	150
5:57:10	27	15,0	12	26	150
5:57:20	27	15,0	12	26	150
5:57:30	27	15,0	12	26	150
5:57:40	27	15,0	12	26	150
5:57:50	27	15,0	12	26	150
5:58:00	27	15,0	12	26	150
5:58:10	27	15,0	12	26	150
5:58:20	27	15,0	13	26	150
5:58:30	27	15,0	13	26	150
5:58:40	27	15,0	13	26	150
5:58:50	27	15,0	13	26	150
5:59:00	27	15,0	13	26	150
5:59:10	27	15,0	13	26	150
5:59:20	27	15,0	13	26	150
5:59:30	27	15,0	13	26	150
5:59:40	27	15,0	13	26	150
5:59:50	27	15,0	13	26	150
6:00:00	27	15,0	13	26	150
6:00:10	27	15,0	13	26	150
6:00:20	27	15,0	13	26	150
6:00:30	27	15,0	13	26	150
6:00:40	27	15,0	13	26	150
6:00:50	27	15,0	13	26	150
6:01:00	27	15,0	13	26	150
6:01:10	27	15,0	13	26	150
6:01:20	27	15,0	13	26	150
6:01:30	27	15,0	13	26	150
6:01:40	27	15,0	13	26	150
6:01:50	27	15,0	13	26	150
6:02:00	27	15,0	13	26	150
6:02:10	27	15,0	13	26	150
6:02:20	27	15,0	13	26	150
6:02:30	27	15,0	13	26	150
6:02:40	27	15,0	13	26	150
6:02:50	27	15,0	13	26	150
6:03:00	27	15,0	13	26	150
6:03:10	27	15,1	13	26	150
6:03:20	27	15,1	13	26	150
6:03:30	27	15,1	13	26	150
6:03:40	27	15,1	13	26	150
6:03:50	27	15,1	13	26	150
6:04:00	27	15,1	13	26	150
6:04:10	27	15,1	13	26	150
6:04:20	27	15,1	13	26	150
6:04:30	27	15,1	13	26	150
6:04:40	27	15,1	13	26	150
6:04:50	27	15,1	13	26	150
6:05:00	27	15,1	13	26	150
6:05:10	27	15,1	13	26	150
6:05:20	27	15,1	14	26	150
6:05:30	27	15,1	14	26	150
6:05:40	27	15,1	14	26	150
6:05:50	27	15,1	14	26	150
6:06:00	27	15,1	14	26	150
6:06:10	27	15,1	14	26	150
6:06:20	27	15,1	14	26	150
6:06:30	27	15,1	14	26	150
6:06:40	27	15,1	14	26	150
6:06:50	27	15,1	14	26	150
6:07:00	27	15,1	14	26	150
6:07:10	27	15,1	14	26	150
6:07:20	27	15,1	14	26	150
6:07:30	27	15,1	14	26	150
6:07:40	27	15,1	14	26	150
6:07:50	27	15,1	14	26	150
6:08:00	27	15,1	14	26	150
6:08:10	27	15,1	14	26	150
6:08:20	27	15,1	14	26	150
6:08:30	27	15,1	14	26	150
6:08:40	27	15,1	14	26	150
6:08:50	27	15,1	14	26	150
6:09:00	27	15,1	14	26	150
6:09:10	27	15,1	14	26	150
6:09:20	27	15,1	14	26	150
6:09:30	27	15,1	14	26	150
6:09:40	27	15,1	14	26	150
6:09:50	27	15,1	14	26	150
6:10:00	27	15,1	14	26	150
6:10:10	27	15,1	14	26	150
6:10:20	27	15,1	14	26	150
6:10:30	27	15,1	14	26	150
6:10:40	27	15,1	14	26	150
6:10:50	27	15,1	14	26	150
6:11:00	27	15,1	14	26	150
6:11:10	27	15,1	14	26	150
6:11:20	27	15,1	14	26	150
6:11:30	27	15,1	14	26	150
6:11:40	27	15,1	14	26	150
6:11:50	27	15,1	14	26	150
6:12:00	27	15,1	15	26	150
6:12:10	27	15,1	15	26	150
6:12:20	27	15,1	15	26	150
6:12:30	27	15,1	15	26	150
6:12:40	27	15,1	15	26	150
6:12:50	27	15,1	15	26	150
6:13:00	27	15,1	15	26	150
6:13:10	27	15,1	15	26	150
6:13:20	27	15,1	15	26	150
6:13:30	27	15,1	15	26	150
6:13:40	27	15,1	15	26	150
6:13:50	27	15,1	15	26	150
6:14:00	27	15,1	15	26	150
6:14:10	27	15,1	15	26	150
6:14:20	27	15,1	15	26	150
6:14:30	27	15,1	15	26	150
6:14:40	27	15,1	15	26	150
6:14:50	27	15,1	15	26	150
6:15:00	27	15,1	15	26	150
6:15:10	27	15,1	15	26	150
6:15:20	27	15,1	15	26	150
6:15:30	27	15,1	15	26	150
6:15:40	27	15,1	15	26	150
6:15:50	27	15,1	15	26	150
6:16:00	27	15,1	15	26	150
6:16:10	27	15,1	15	26	150
6:16:20	27	15,1	15	26	150
6:16:30	27	15,1	15	26	150
6:16:40	27	15,1	15	26	150
6:16:50	27	15,1	15	26	150
6:17:00	27	15,1	15	26	150
6:17:10	27	15,1	15	26	150
6:17:20	27	15,1	15	26	150
6:17:30	27	15,1	15	26	150
6:17:40	27	15,1	15	26	150
6:17:50	27	15,1	15	26	150
6:18:00	27	15,1	15	26	150
6:18:10	27	15,0	15	26	150
6:18:20	27	15,0	15	26	150
6:18:30	27	15,1	15	26	150
6:18:40	27	15,0	17	26	150
6:18:50	27	15,0	17	26	150
6:19:00	27	15,0	17	26	150
6:19:10	27	15,1	17	26	150
6:19:20	27	15,0	17	26	150
6:19:30	27	15,0	17	26	150
6:19:40	27	15,0	17	26	150
6:19:50	27	15,0	17	26	150
6:20:00	27	15,0	17	26	150
6:20:10	27	15,0	17	26	150
6:20:20	27	15,0	17	26	150
6:20:30	27	15,0	17	26	150
6:20:40	27	15,0	17	26	150
6:20:50	27	15,0	17	26	150
6:21:00	27	15,0	17	26	150
6:21:10	27	15,0	17	26	150
6:21:20	27	15,0	17	26	150
6:21:30	27	15,0	17	26	150
6:21:40	27	15,0	17	26	150
6:21:50	27	15,0	17	26	150
6:22:00	27	15,0	17	26	150
6:22:10	27	15,0	17	26	150
6:22:20	27	15,0	17	26	150
6:22:30	27	15,0	17	26	150
6:22:40	27	15,0	17	26	150
6:22:50	27	15,0	17	26	150
6:23:00	27	15,0	17	26	150
6:23:10	27	15,0	17	26	150
6:23:20	27	15,0	17	26	150
6:23:30	27	15,0	17	26	150
6:23:40	27	15,0	17	26	150
6:23:50	27	15,0	17	26	150
6:24:00	27	15,0	17	26	150
6:24:10	27	15,0	17	26	150
6:24:20	27	15,0	17	26	150
6:24:30	27	15,0	17	26	150
6:24:40	27	15,0	17	26	150
6:24:50	27	15,0	17	26	150
6:25:00	27	15,0	17	26	150
6:25:10	27	15,0	17	26	150
6:25:20	27	15,0	17	26	150
6:25:30	27	15,0	17	26	150
6:25:40	27	15,0	17	26	150
6:25:50	27	15,0	17	26	150
6:26:00	27	15,0	17	26	150
6:26:10	27	15,0	17	26	150
6:26:20	27	15,0	17	26	150
6:26:30	27	15,0	17	26	150
6:26:40	27	15,0	17	26	150
6:26:50	27	15,0	17	26	150
6:27:00	27	15,0	17	26	150
6:27:10	27	15,0	18	26	150
6:27:20	27	15,1	18	26	150
6:27:30	27	15,2	18	26	150
6:27:40	27	15,1	18	26	150
6:27:50	27	15,2	18	26	150
6:28:00	27	15,1	18	26	150
6:28:10	27	15,1	18	26	150
6:28:20	27	15,1	18	26	150
6:28:30	27	15,1	18	26	150
6:28:40	27	15,1	18	26	150
6:28:50	27	15,1	18	26	150
6:29:00	27	15,1	18	26	150
6:29:10	27	15,1	18	26	150
6:29:20	27	15,1	18	26	150
6:29:30	27	15,1	18	26	150
6:29:40	27	15,1	18	26	150
6:29:50	27	15,1	19	26	150
6:30:00	27	15,1	19	26	150
6:30:10	27	15,1	19	26	150
6:30:20	27	15,1	19	26	150
6:30:30	27	15,1	19	26	150
6:30:40	27	15,1	19	26	150
6:30:50	27	15,1	19	26	150
6:31:00	27	15,1	19	26	150
6:31:10	27	15,1	19	26	150
6:31:20	27	15,1	19	26	150
6:31:30	27	15,1	19	26	150
6:31:40	27	15,1	19	26	150
6:31:50	27	15,1	19	26	150
6:32:00	27	15,1	19	26	150
6:32:10	27	15,1	19	26	150
6:32:20	27	15,1	19	26	150
6:32:30	27	15,1	19	26	150
6:32:40	27	15,1	19	26	150
6:32:50	27	15,1	19	26	150
6:33:00	27	15,1	19	26	150
6:33:10	27	15,1	19	26	150
6:33:20	27	15,1	19	26	150
6:33:30	27	15,1	19	26	150
6:33:40	27	15,1	19	26	150
6:33:50	27	15,1	20	26	150
6:34:00	27	15,1	20	26	150
6:34:10	27	15,1	20	26	150
6:34:20	27	15,1	20	26	150
6:34:30	27	15,1	20	26	150
6:34:40	27	15,1	20	26	150
6:34:50	27	15,1	20	26	150
6:35:00	27	15,1	20	26	150
6:35:10	27	15,1	20	26	150
6:35:20	27	15,1	20	26	150
6:35:30	27	15,1	20	26	150
6:35:40	27	15,1	20	26	150
6:35:50	27	15,1	20	26	150
6:36:00	27	15,1	20	26	150
6:36:10	27	15,1	20	26	150
6:36:20	27	15,1	20	26	150
6:36:30	27	15,1	20	26	150
6:36:40	27	15,1	20	26	150
6:36:50	27	15,1	20	26	150
6:37:00	27	15,1	20	26	150
6:37:10	27	15,1	21	26	150
6:37:20	27	15,1	21	26	150
6:37:30	27	15,1	21	26	150
6:37:40	27	15,1	21	26	150
6:37:50	27	15,1	21	26	150
6:38:00	27	15,1	21	26	150
6:38:10	27	15,1	21	26	150
6:38:20	27	15,1	21	26	150
6:38:30	27	15,1	21	26	150
6:38:40	27	15,1	21	26	150
6:38:50	27	15,1	21	26	150
6:39:00	27	15,1	21	26	150
6:39:10	27	15,1	21	26	150
6:39:20	27	15,1	21	26	150
6:39:30	27	15,1	21	26	150
6:39:40	27	15,1	21	26	150
6:39:50	27	15,1	21	26	150
6:40:00	27	15,1	21	26	150
6:40:10	27	15,1	21	26	150
6:40:20	27	15,1	21	26	150
6:40:30	27	15,1	21	26	150
6:40:40	27	15,1	21	26	150
6:40:50	27	15,1	21	26	150
6:41:00	27	15,1	21	26	150
6:41:10	27	15,1	21	26	150
6:41:20	27	15,1	21	26	150
6:41:30	27	15,1	21	26	150
6:41:40	27	15,0	21	26	150
6:41:50	27	15,1	21	26	150
6:42:00	27	15,1	21	26	150
6:42:10	27	15,0	21	26	150
6:42:20	27	15,0	21	26	150
6:42:30	27	15,0	21	26	150
6:42:40	27	15,0	22	26	150
6:42:50	27	15,0	22	26	150
6:43:00	27	15,0	22	26	150
6:43:10	27	15,0	22	26	150
6:43:20	27	15,0	22	26	150
6:43:30	27	15,0	22	26	150
6:43:40	27	15,0	22	26	150
6:43:50	27	15,0	22	26	150
6:44:00	27	15,0	22	26	150
6:44:10	27	15,0	22	26	150
6:44:20	27	15,0	22	26	150
6:44:30	27	15,0	22	26	150
6:44:40	27	15,0	22	26	150
6:44:50	27	15,0	22	26	150
6:45:00	27	15,0	22	26	150
6:45:10	27	15,0	22	26	150
6:45:20	27	15,0	22	26	150
6:45:30	27	15,0	22	26	150
6:45:40	27	15,0	22	26	150
6:45:50	27	15,0	22	26	150
6:46:00	27	15,0	22	26	150
6:46:10	27	15,0	22	26	150
6:46:20	27	15,0	22	26	150
6:46:30	27	15,0	22	26	150
6:46:40	27	15,0	22	26	150
6:46:50	27	15,0	22	26	150
6:47:00	27	15,0	22	26	150
6:47:10	27	15,0	22	26	150
6:47:20	27	15,0	22	26	150
6:47:30	27	15,0	23	26	150
6:47:40	27	15,0	23	26	150
6:47:50	27	15,0	23	26	150
6:48:00	27	15,0	23	26	150
6:48:10	27	15,0	23	26	150
6:48:20	27	15,0	23	26	150
6:48:30	27	15,0	23	26	150
6:48:40	27	15,0	23	26	150
6:48:50	27	15,0	23	26	150
6:49:00	27	15,0	23	26	150
6:49:10	27	15,0	23	26	150
6:49:20	27	15,0	23	26	150
6:49:30	27	15,0	23	26	150
6:49:40	27	15,0	23	26	150
6:49:50	27	15,0	23	26	150
6:50:00	27	15,0	23	26	150
6:50:10	27	15,0	23	26	150
6:50:20	27	15,0	23	26	150
6:50:30	27	15,0	23	26	150
6:50:40	27	15,0	23	26	150
6:50:50	27	15,4	23	26	150
6:51:00	27	15,4	23	26	150
6:51:10	27	15,4	23	26	150
6:51:20	27	15,3	23	26	150
6:51:30	27	15,3	23	26	150
6:51:40	27	15,3	23	26	150
6:51:50	27	15,3	23	26	150
6:52:00	27	15,3	23	26	150
6:52:10	27	15,3	23	26	150
6:52:20	27	15,3	23	26	150
6:52:30	27	15,3	23	26	150
6:52:40	27	15,3	23	26	150
6:52:50	27	15,3	23	26	150
6:53:00	27	15,3	23	26	150
6:53:10	27	15,3	23	26	150
6:53:20	27	15,3	23	26	150
6:53:30	27	15,3	23	26	150
6:53:40	27	15,3	23	26	150
6:53:50	27	15,3	24	26	150
6:54:00	27	15,3	24	26	150
6:54:10	27	15,3	24	26	150
6:54:20	27	15,3	24	26	150
6:54:30	27	15,3	24	26	150
6:54:40	27	15,3	24	26	150
6:54:50	27	15,3	24	26	150
6:55:00	27	15,3	24	26	150
6:55:10	27	15,3	24	26	150
6:55:20	27	15,3	24	26	150
6:55:30	27	15,3	24	26	150
6:55:40	27	15,3	24	26	150
6:55:50	27	15,3	24	26	150
6:56:00	27	15,3	24	26	150
6:56:10	27	15,3	24	26	150
6:56:20	27	15,3	24	26	150
6:56:30	27	15,3	24	26	150
6:56:40	27	15,3	24	26	150
6:56:50	27	15,3	24	26	150
6:57:00	27	15,3	24	26	150
6:57:10	27	15,3	25	26	150
6:57:20	27	15,3	25	26	150
6:57:30	27	15,3	25	26	150
6:57:40	27	15,3	25	26	150
6:57:50	27	15,3	25	26	150
6:58:00	27	15,3	25	26	150
6:58:10	27	15,3	25	26	150
6:58:20	27	15,3	25	26	150
6:58:30	27	15,3	25	26	150
6:58:40	27	15,3	25	26	150
6:58:50	27	15,3	25	26	150
6:59:00	27	15,3	25	26	150
6:59:10	27	15,3	25	26	150
6:59:20	27	15,3	25	26	150
6:59:30	27	15,3	25	26	150
6:59:40	27	15,3	25	26	150
6:59:50	27	15,3	25	26	150
7:00:00	27	15,3	25	26	150
7:00:10	27	15,3	25	26	150
7:00:20	27	15,3	25	26	150
7:00:30	27	15,3	25	26	150
7:00:40	27	15,3	25	26	150
7:00:50	27	15,3	25	26	150
7:01:00	27	15,3	25	26	150
7:01:10	27	15,3	25	26	150
7:01:20	27	15,3	25	26	150
7:01:30	27	15,3	25	26	150
7:01:40	27	15,3	25	26	150
7:01:50	27	15,3	25	26	150
7:02:00	27	15,3	25	26	150
7:02:10	27	15,3	26	26	150
7:02:20	27	15,3	26	26	150
7:02:30	27	15,3	26	26	150
7:02:40	27	15,3	26	26	150
7:02:50	27	15,3	26	26	150
7:03:00	27	15,3	26	26	150
7:03:10	27	15,3	26	26	150
7:03:20	27	15,3	26	26	150
7:03:30	27	15,3	26	26	150
7:03:40	27	15,2	26	26	150
7:03:50	27	15,2	26	26	150
7:04:00	27	15,2	26	26	150
7:04:10	27	15,2	26	26	150
7:04:20	27	15,2	26	26	150
7:04:30	27	15,2	26	26	150
7:04:40	27	15,2	26	26	150
7:04:50	28	15,2	26	26	150
7:05:00	28	15,2	26	26	150
7:05:10	27	15,2	26	26	150
7:05:20	27	15,2	26	26	150
7:05:30	27	15,2	26	26	150
7:05:40	27	15,2	26	26	150
7:05:50	27	15,2	26	26	150
7:06:00	27	15,2	27	26	150
7:06:10	27	15,2	27	26	150
7:06:20	27	15,2	27	26	150
7:06:30	27	15,2	27	26	150
7:06:40	27	15,2	27	26	150
7:06:50	27	15,2	27	26	150
7:07:00	27	15,2	27	26	150
7:07:10	28	15,2	27	26	150
7:07:20	28	15,2	27	26	150
7:07:30	27	15,2	27	26	150
7:07:40	27	15,2	27	26	150
7:07:50	28	15,2	27	26	150
7:08:00	27	15,2	27	26	150
7:08:10	28	15,2	27	26	150
7:08:20	27	15,2	27	26	150
7:08:30	27	15,2	27	26	150
7:08:40	28	15,2	27	26	150
7:08:50	27	15,2	27	26	150
7:09:00	27	15,2	27	26	150
7:09:10	28	15,2	27	26	150
7:09:20	28	15,2	27	26	150
7:09:30	28	15,2	27	26	150
7:09:40	28	15,2	27	26	150
7:09:50	28	15,2	27	26	150
7:10:00	28	15,2	27	26	150
7:10:10	28	15,2	27	27	150
7:10:20	28	15,2	27	26	150
7:10:30	28	15,2	27	26	150
7:10:40	28	15,2	27	26	150
7:10:50	28	15,2	27	27	150
7:11:00	28	15,2	27	26	150
7:11:10	28	15,2	28	26	150
7:11:20	28	15,2	28	26	150
7:11:30	28	15,2	27	26	150
7:11:40	28	15,2	27	26	150
7:11:50	28	15,2	28	26	150
7:12:00	28	15,2	28	26	150
7:12:10	28	15,2	28	26	150
7:12:20	28	15,2	28	26	150
7:12:30	28	15,2	28	26	150
7:12:40	28	15,2	28	26	150
7:12:50	28	15,2	28	26	150
7:13:00	28	15,2	28	26	150
7:13:10	28	15,2	28	26	150
7:13:20	28	15,2	28	26	150
7:13:30	28	15,2	28	26	150
7:13:40	28	15,2	28	26	150
7:13:50	28	15,2	28	26	150
7:14:00	28	15,2	28	26	150
7:14:10	28	15,2	28	26	150
7:14:20	28	15,2	28	26	150
7:14:30	28	15,2	28	26	150
7:14:40	28	15,2	28	26	150
7:14:50	28	15,2	28	26	150
7:15:00	28	15,2	28	26	150
7:15:10	28	15,2	28	26	150
7:15:20	28	15,2	28	27	150
7:15:30	28	15,2	28	26	150
7:15:40	28	15,2	28	26	150
7:15:50	28	15,2	28	26	150
7:16:00	28	15,2	28	26	150
7:16:10	28	15,2	28	26	150
7:16:20	28	15,2	28	26	150
7:16:30	28	15,2	28	26	150
7:16:40	28	15,2	28	26	150
7:16:50	28	15,2	28	26	150
7:17:00	28	15,2	28	26	150
7:17:10	28	15,2	28	27	150
7:17:20	28	15,2	28	26	150
7:17:30	28	15,2	29	26	150
7:17:40	28	15,2	29	27	150
7:17:50	28	15,2	29	26	150
7:18:00	28	15,2	29	26	150
7:18:10	28	15,2	29	26	150
7:18:20	28	15,2	29	26	150
7:18:30	28	15,2	29	26	150
7:18:40	28	15,2	29	26	150
7:18:50	28	15,2	29	26	150
7:19:00	28	15,2	29	26	150
7:19:10	28	15,1	29	26	150
7:19:20	28	15,1	29	26	150
7:19:30	28	15,1	29	26	150
7:19:40	28	15,1	29	26	150
7:19:50	28	15,1	29	27	150
7:20:00	28	15,1	29	26	150
7:20:10	28	15,1	29	27	150
7:20:20	28	15,1	29	26	150
7:20:30	28	15,1	29	26	150
7:20:40	28	15,1	29	26	150
7:20:50	28	15,1	29	26	150
7:21:00	28	15,1	29	26	150
7:21:10	28	15,1	29	26	150
7:21:20	28	15,1	29	26	150
7:21:30	28	15,1	29	26	150
7:21:40	28	15,1	29	26	150
7:21:50	28	15,1	29	26	150
7:22:00	28	15,1	29	26	150
7:22:10	28	15,1	29	26	150
7:22:20	28	15,1	29	26	150
7:22:30	28	15,1	29	26	150
7:22:40	28	15,1	29	27	150
7:22:50	28	15,1	29	26	150
7:23:00	28	15,1	29	26	150
7:23:10	28	15,1	29	26	150
7:23:20	28	15,1	29	26	150
7:23:30	28	15,1	30	26	150
7:23:40	28	15,1	30	26	150
7:23:50	28	15,1	30	27	150
7:24:00	28	15,1	30	26	150
7:24:10	28	15,1	30	26	150
7:24:20	28	15,1	30	27	150
7:24:30	28	15,1	31	27	150
7:24:40	28	15,1	31	26	150
7:24:50	28	15,1	31	26	150
7:25:00	28	15,1	31	26	150
7:25:10	28	15,1	31	27	150
7:25:20	28	15,1	31	27	150
7:25:30	28	15,1	31	26	150
7:25:40	28	15,1	31	26	150
7:25:50	28	15,1	31	26	150
7:26:00	28	15,1	31	26	150
7:26:10	28	15,1	32	26	150
7:26:20	28	15,1	32	26	150
7:26:30	28	15,1	32	26	150
7:26:40	28	15,1	32	26	150
7:26:50	28	15,1	32	26	150
7:27:00	28	15,1	32	26	150
7:27:10	28	15,1	32	26	150
7:27:20	28	15,1	32	26	150
7:27:30	28	15,1	32	26	150
7:27:40	28	15,1	32	27	150
7:27:50	28	15,1	32	26	150
7:28:00	28	15,1	32	27	150
7:28:10	28	15,1	32	26	150
7:28:20	28	15,1	32	27	150
7:28:30	28	15,1	32	26	150
7:28:40	28	15,1	32	26	150
7:28:50	28	15,1	32	27	150
7:29:00	28	15,1	32	27	150
7:29:10	28	15,1	32	27	150
7:29:20	28	15,1	32	27	150
7:29:30	28	15,1	32	27	150
7:29:40	28	15,1	32	26	150
7:29:50	28	15,1	32	27	150
7:30:00	28	15,1	33	26	150
7:30:10	28	15,1	33	26	150
7:30:20	28	15,1	33	26	150
7:30:30	28	15,1	33	26	150
7:30:40	28	15,1	33	27	150
7:30:50	28	15,1	33	26	150
7:31:00	28	15,1	33	27	150
7:31:10	28	15,1	33	27	150
7:31:20	28	15,1	33	27	150
7:31:30	28	15,1	33	27	150
7:31:40	28	15,1	33	26	150
7:31:50	28	15,1	33	26	150
7:32:00	28	15,1	33	27	150
7:32:10	28	15,1	33	26	150
7:32:20	28	15,1	33	27	150
7:32:30	28	15,1	33	26	150
7:32:40	28	15,1	33	26	150
7:32:50	28	15,1	33	26	150
7:33:00	28	15,1	33	26	150
7:33:10	28	15,1	33	27	150
7:33:20	28	15,1	33	26	150
7:33:30	28	15,1	33	27	150
7:33:40	28	15,1	33	27	150
7:33:50	28	15,1	33	27	150
7:34:00	28	15,1	33	26	150
7:34:10	28	15,1	33	27	150
7:34:20	28	15,1	33	27	150
7:34:30	28	15,1	33	27	150
7:34:40	28	15,1	33	27	150
7:34:50	28	15,1	33	26	150
7:35:00	28	15,1	33	26	150
7:35:10	28	15,0	33	26	150
7:35:20	28	15,0	33	26	150
7:35:30	28	15,0	33	27	150
7:35:40	28	15,0	33	27	150
7:35:50	28	15,0	33	26	150
7:36:00	28	15,0	33	27	150
7:36:10	28	15,0	33	26	150
7:36:20	28	15,0	33	27	150
7:36:30	28	15,0	33	27	150
7:36:40	28	15,0	33	26	150
7:36:50	28	15,0	33	27	150
7:37:00	28	15,0	33	26	150
7:37:10	28	15,0	33	27	150
7:37:20	28	15,0	33	27	150
7:37:30	28	15,0	33	27	150
7:37:40	28	15,0	33	27	150
7:37:50	28	15,0	33	27	150
7:38:00	28	15,0	33	26	150
7:38:10	28	15,0	33	27	150
7:38:20	28	15,0	33	27	150
7:38:30	28	15,0	33	26	150
7:38:40	28	15,0	33	27	150
7:38:50	28	15,0	33	27	150
7:39:00	28	15,0	33	27	150
7:39:10	28	15,0	33	27	150
7:39:20	28	15,0	33	27	150
7:39:30	28	15,0	33	26	150
7:39:40	28	15,0	33	27	150
7:39:50	28	15,0	33	27	150
7:40:00	28	15,0	33	27	150
7:40:10	28	15,0	33	27	150
7:40:20	28	15,0	33	27	150
7:40:30	28	15,0	33	27	150
7:40:40	28	15,0	33	27	150
7:40:50	28	15,0	33	27	150
7:41:00	28	15,0	33	27	150
7:41:10	28	15,0	33	26	150
7:41:20	28	15,0	33	27	150
7:41:30	28	15,0	33	26	150
7:41:40	28	15,0	33	27	150
7:41:50	28	15,0	33	26	150
7:42:00	28	15,0	33	27	150
7:42:10	28	15,0	33	27	150
7:42:20	28	15,0	33	27	150
7:42:30	28	15,0	33	27	150
7:42:40	28	15,0	33	27	150
7:42:50	28	15,0	33	27	150
7:43:00	28	15,0	33	27	150
7:43:10	28	15,0	33	27	150
7:43:20	28	15,0	33	27	150
7:43:30	28	15,1	33	27	150
7:43:40	28	15,2	33	27	150
7:43:50	28	15,2	33	27	150
7:44:00	28	15,2	33	27	150
7:44:10	28	15,2	33	27	150
7:44:20	28	15,2	33	27	150
7:44:30	28	15,2	34	27	150
7:44:40	28	15,2	34	27	150
7:44:50	28	15,1	34	26	150
7:45:00	28	15,1	34	27	150
7:45:10	28	15,1	34	27	150
7:45:20	28	15,1	34	27	150
7:45:30	28	15,1	34	27	150
7:45:40	28	15,1	35	27	150
7:45:50	28	15,1	35	27	150
7:46:00	28	15,1	35	27	150
7:46:10	28	15,1	35	27	150
7:46:20	28	15,1	35	27	150
7:46:30	28	15,1	35	27	150
7:46:40	28	15,1	35	27	150
7:46:50	28	15,1	35	27	150
7:47:00	28	15,1	35	27	150
7:47:10	28	15,1	35	27	150
7:47:20	28	15,1	35	27	150
7:47:30	28	15,1	35	27	150
7:47:40	28	15,1	35	27	150
7:47:50	28	15,1	35	27	150
7:48:00	28	15,1	35	26	150
7:48:10	28	15,1	35	27	150
7:48:20	28	15,1	35	27	150
7:48:30	28	15,1	35	27	150
7:48:40	28	15,1	35	27	150
7:48:50	28	15,1	35	27	150
7:49:00	28	15,1	36	27	150
7:49:10	28	15,1	36	27	150
7:49:20	28	15,1	36	27	150
7:49:30	28	15,1	36	27	150
7:49:40	28	15,1	36	27	150
7:49:50	28	15,1	36	27	150
7:50:00	28	15,1	36	27	150
7:50:10	28	15,1	36	27	150
7:50:20	28	15,1	36	27	150
7:50:30	28	15,1	36	27	150
7:50:40	28	15,1	36	27	150
7:50:50	28	15,1	36	27	150
7:51:00	28	15,1	36	27	150
7:51:10	28	15,1	36	27	150
7:51:20	28	15,1	36	27	150
7:51:30	28	15,1	36	27	150
7:51:40	28	15,1	36	27	150
7:51:50	28	15,1	36	27	150
7:52:00	28	15,1	36	27	150
7:52:10	28	15,1	36	27	150
7:52:20	28	15,1	36	27	150
7:52:30	28	15,1	36	27	150
7:52:40	28	15,1	36	27	150
7:52:50	28	15,1	36	27	150
7:53:00	28	15,1	37	27	150
7:53:10	28	15,1	37	27	150
7:53:20	28	15,1	37	27	150
7:53:30	28	15,1	37	27	150
7:53:40	28	15,1	37	27	150
7:53:50	28	15,1	37	27	150
7:54:00	28	15,1	37	27	150
7:54:10	28	15,1	37	27	150
7:54:20	28	15,1	37	27	150
7:54:30	28	15,1	37	27	150
7:54:40	28	15,1	37	27	150
7:54:50	28	15,1	37	27	150
7:55:00	28	15,1	37	27	150
7:55:10	28	15,1	37	27	150
7:55:20	28	15,1	37	27	150
7:55:30	28	15,1	37	27	150
7:55:40	28	15,1	37	27	150
7:55:50	28	15,1	37	27	150
7:56:00	28	15,1	37	27	150
7:56:10	28	15,1	37	27	150
7:56:20	28	15,1	37	27	150
7:56:30	28	15,1	37	27	150
7:56:40	28	15,1	37	27	150
7:56:50	28	15,1	37	27	150
7:57:00	28	15,1	37	27	150
7:57:10	28	15,1	37	27	150
7:57:20	28	15,1	37	27	150
7:57:30	28	15,1	37	27	150
7:57:40	28	15,1	37	27	150
7:57:50	28	15,1	37	27	150
7:58:00	28	15,1	37	27	150
7:58:10	28	15,1	37	27	150
7:58:20	28	15,1	37	27	150
7:58:30	28	15,1	38	27	150
7:58:40	28	15,1	38	27	150
7:58:50	28	15,1	38	27	150
7:59:00	28	15,0	38	27	150
7:59:10	28	15,0	38	27	150
7:59:20	28	15,0	38	27	150
7:59:30	28	15,0	38	27	150
7:59:40	28	15,1	38	27	150
7:59:50	28	15,0	38	27	150
8:00:00	28	15,0	38	27	150
8:00:10	28	15,0	38	27	150
8:00:20	28	15,0	38	27	150
8:00:30	28	15,0	38	27	150
8:00:40	28	15,0	38	27	150
8:00:50	28	15,0	38	27	150
8:01:00	28	15,0	38	27	150
8:01:10	28	15,0	38	27	150
8:01:20	28	15,0	38	27	150
8:01:30	28	15,0	38	27	150
8:01:40	28	15,0	38	27	150
8:01:50	28	15,0	38	27	150
8:02:00	28	15,0	38	27	150
8:02:10	28	15,0	38	27	150
8:02:20	28	15,0	38	27	150
8:02:30	28	15,0	38	27	150
8:02:40	28	15,0	39	27	150
8:02:50	28	15,0	39	27	150
8:03:00	28	15,0	39	27	150
8:03:10	28	15,0	39	27	150
8:03:20	28	15,0	39	27	150
8:03:30	28	15,0	39	27	150
8:03:40	28	15,0	39	27	150
8:03:50	28	15,0	39	27	150
8:04:00	28	15,0	39	27	150
8:04:10	28	15,0	39	27	150
8:04:20	28	15,0	39	27	150
8:04:30	28	15,0	39	27	150
8:04:40	28	15,0	39	27	150
8:04:50	28	15,0	39	27	150
8:05:00	28	15,0	39	27	150
8:05:10	28	15,0	39	27	150
8:05:20	28	15,0	39	27	150
8:05:30	28	15,0	39	27	150
8:05:40	28	15,0	39	27	150
8:05:50	28	15,0	39	27	150
8:06:00	28	15,0	39	27	150
8:06:10	28	15,0	39	27	150
8:06:20	28	15,0	39	27	150
8:06:30	28	15,0	39	27	150
8:06:40	28	15,0	39	27	150
8:06:50	28	15,0	39	27	150
8:07:00	28	15,0	39	27	150
8:07:10	28	15,0	39	27	150
8:07:20	28	15,0	39	27	150
8:07:30	28	15,0	39	27	150
8:07:40	28	15,0	39	27	150
8:07:50	28	15,4	39	27	150
8:08:00	28	15,4	39	27	150
8:08:10	28	15,4	39	27	150
8:08:20	28	15,4	39	27	150
8:08:30	28	15,4	39	27	150
8:08:40	28	15,4	40	27	150
8:08:50	28	15,4	40	27	150
8:09:00	28	15,4	40	27	150
8:09:10	28	15,4	40	27	150
8:09:20	28	15,4	40	27	150
8:09:30	28	15,4	40	27	150
8:09:40	28	15,4	40	27	150
8:09:50	28	15,4	40	27	150
8:10:00	28	15,4	40	27	150
8:10:10	28	15,4	40	27	150
8:10:20	28	15,4	40	27	150
8:10:30	28	15,4	40	27	150
8:10:40	28	15,4	40	27	150
8:10:50	28	15,4	40	27	150
8:11:00	28	15,4	40	27	150
8:11:10	28	15,4	40	27	150
8:11:20	28	15,4	40	27	150
8:11:30	28	15,4	40	27	150
8:11:40	28	15,4	40	27	150
8:11:50	28	15,4	40	27	150
8:12:00	28	15,4	40	27	150
8:12:10	28	15,4	40	27	150
8:12:20	28	15,4	40	27	150
8:12:30	28	15,4	40	27	150
8:12:40	28	15,4	40	27	150
8:12:50	28	15,4	40	27	150
8:13:00	28	15,4	40	27	150
8:13:10	28	15,4	40	27	150
8:13:20	28	15,4	40	27	150
8:13:30	28	15,3	40	27	150
8:13:40	28	15,4	40	27	150
8:13:50	28	15,3	40	27	150
8:14:00	28	15,3	40	27	150
8:14:10	28	15,3	40	27	150
8:14:20	28	15,3	40	27	150
8:14:30	28	15,3	40	27	150
8:14:40	28	15,3	40	27	150
8:14:50	28	15,3	40	27	150
8:15:00	28	15,3	40	27	150
8:15:10	28	15,3	40	27	150
8:15:20	28	15,3	40	27	150
8:15:30	28	15,3	40	27	150
8:15:40	28	15,3	40	27	150
8:15:50	28	15,3	40	27	150
8:16:00	28	15,3	41	27	150
8:16:10	28	15,3	41	27	150
8:16:20	28	15,3	41	27	150
8:16:30	28	15,3	41	27	150
8:16:40	28	15,3	41	27	150
8:16:50	28	15,3	41	27	150
8:17:00	28	15,3	41	27	150
8:17:10	28	15,3	41	27	150
8:17:20	28	15,4	41	27	150
8:17:30	28	15,3	41	27	150
8:17:40	28	15,3	41	27	150
8:17:50	28	15,3	41	27	150
8:18:00	28	15,3	41	27	150
8:18:10	28	15,3	41	27	150
8:18:20	28	15,3	41	27	150
8:18:30	28	15,3	41	27	150
8:18:40	28	15,3	41	27	150
8:18:50	28	15,3	41	27	150
8:19:00	28	15,3	41	27	150
8:19:10	28	15,3	41	27	150
8:19:20	28	15,3	41	27	150
8:19:30	28	15,3	41	27	150
8:19:40	28	15,3	41	27	150
8:19:50	28	15,3	41	27	150
8:20:00	28	15,3	41	27	150
8:20:10	28	15,3	41	27	150
8:20:20	28	15,3	41	27	150
8:20:30	28	15,3	41	27	150
8:20:40	28	15,3	41	27	150
8:20:50	28	15,3	41	27	150
8:21:00	28	15,3	42	27	150
8:21:10	28	15,3	42	27	150
8:21:20	28	15,3	42	27	150
8:21:30	28	15,3	42	27	150
8:21:40	28	15,3	42	27	150
8:21:50	28	15,3	42	27	150
8:22:00	28	15,3	42	27	150
8:22:10	28	15,3	42	27	150
8:22:20	28	15,3	42	27	150
8:22:30	28	15,3	42	27	150
8:22:40	28	15,3	42	27	150
8:22:50	28	15,3	42	27	150
8:23:00	28	15,3	42	27	150
8:23:10	28	15,3	42	27	150
8:23:20	28	15,3	42	27	150
8:23:30	28	15,3	42	27	150
8:23:40	28	15,3	42	27	150
8:23:50	28	15,3	42	27	150
8:24:00	28	15,3	42	27	150
8:24:10	28	15,3	42	27	150
8:24:20	28	15,3	42	27	150
8:24:30	28	15,3	42	27	150
8:24:40	28	15,3	42	27	150
8:24:50	28	15,3	42	27	150
8:25:00	28	15,3	42	27	150
8:25:10	28	15,3	42	27	150
8:25:20	28	15,3	42	27	150
8:25:30	28	15,3	42	27	150
8:25:40	28	15,3	42	27	150
8:25:50	28	15,3	42	27	150
8:26:00	28	15,3	42	27	150
8:26:10	28	15,3	42	27	150
8:26:20	28	15,3	42	27	150
8:26:30	28	15,3	42	27	150
8:26:40	28	15,3	43	27	150
8:26:50	28	15,3	43	27	150
8:27:00	28	15,3	43	27	150
8:27:10	28	15,3	43	27	150
8:27:20	28	15,3	43	27	150
8:27:30	28	15,3	43	27	150
8:27:40	28	15,3	43	27	150
8:27:50	28	15,3	43	27	150
8:28:00	28	15,3	43	27	150
8:28:10	28	15,3	43	27	150
8:28:20	28	15,3	43	27	150
8:28:30	28	15,3	43	27	150
8:28:40	28	15,3	43	27	150
8:28:50	28	15,3	43	27	150
8:29:00	28	15,3	43	27	150
8:29:10	28	15,3	43	27	150
8:29:20	28	15,3	43	27	150
8:29:30	28	15,3	43	27	150
8:29:40	28	15,3	43	27	150
8:29:50	28	15,3	43	27	150
8:30:00	28	15,3	43	27	150
8:30:10	28	15,3	43	27	150
8:30:20	28	15,3	43	27	150
8:30:30	28	15,3	43	27	150
8:30:40	28	15,2	43	27	150
8:30:50	28	15,2	43	27	150
8:31:00	28	15,2	44	27	150
8:31:10	28	15,2	44	27	150
8:31:20	28	15,3	44	27	150
8:31:30	28	15,2	44	27	150
8:31:40	28	15,2	44	27	150
8:31:50	28	15,2	44	27	150
8:32:00	28	15,2	44	27	150
8:32:10	28	15,2	44	27	150
8:32:20	28	15,2	44	27	150
8:32:30	28	15,2	44	27	150
8:32:40	28	15,2	44	27	150
8:32:50	28	15,2	44	27	150
8:33:00	28	15,2	44	27	150
8:33:10	28	15,2	44	27	150
8:33:20	28	15,2	44	27	150
8:33:30	28	15,2	44	27	150
8:33:40	28	15,2	44	27	150
8:33:50	28	15,2	44	27	150
8:34:00	28	15,2	44	27	150
8:34:10	28	15,2	44	27	150
8:34:20	28	15,2	44	27	150
8:34:30	28	15,2	44	27	150
8:34:40	28	15,2	44	27	150
8:34:50	28	15,2	44	27	150
8:35:00	28	15,2	44	27	150
8:35:10	28	15,2	44	27	150
8:35:20	28	15,2	44	27	150
8:35:30	28	15,2	44	27	150
8:35:40	28	15,2	44	27	150
8:35:50	28	15,2	44	27	150
8:36:00	28	15,2	44	27	150
8:36:10	28	15,2	44	27	150
8:36:20	28	15,2	44	27	150
8:36:30	28	15,2	44	27	150
8:36:40	28	15,2	44	27	150
8:36:50	28	15,2	44	27	150
8:37:00	28	15,2	44	27	150
8:37:10	28	15,2	44	27	150
8:37:20	28	15,2	44	27	150
8:37:30	28	15,2	44	27	150
8:37:40	28	15,2	44	27	150
8:37:50	28	15,2	44	27	150
8:38:00	28	15,2	44	27	150
8:38:10	28	15,2	44	27	150
8:38:20	28	15,2	44	27	150
8:38:30	28	15,2	44	27	150
8:38:40	28	15,2	44	27	150
8:38:50	28	15,2	44	27	150
8:39:00	28	15,2	44	27	150
8:39:10	28	15,2	44	27	150
8:39:20	28	15,2	44	27	150
8:39:30	28	15,2	44	27	150
8:39:40	28	15,2	44	27	150
8:39:50	28	15,2	44	27	150
8:40:00	28	15,2	44	27	150
8:40:10	28	15,2	44	27	150
8:40:20	28	15,2	44	27	150
8:40:30	28	15,2	44	27	150
8:40:40	28	15,2	44	27	150
8:40:50	28	15,2	44	27	150
8:41:00	28	15,2	44	27	150
8:41:10	28	15,2	44	27	150
8:41:20	28	15,2	44	27	150
8:41:30	28	15,2	44	27	150
8:41:40	28	15,2	44	27	150
8:41:50	28	15,2	44	27	150
8:42:00	28	15,2	44	27	150
8:42:10	28	15,2	44	27	150
8:42:20	28	15,2	44	27	150
8:42:30	28	15,2	44	27	150
8:42:40	28	15,2	44	27	150
8:42:50	28	15,2	44	27	150
8:43:00	28	15,2	44	27	150
8:43:10	28	15,2	44	27	150
8:43:20	28	15,2	44	27	150
8:43:30	28	15,2	44	27	150
8:43:40	28	15,2	44	27	150
8:43:50	28	15,2	44	27	150
8:44:00	28	15,2	44	27	150
8:44:10	28	15,2	44	27	150
8:44:20	28	15,2	44	27	150
8:44:30	28	15,2	44	27	150
8:44:40	28	15,2	44	27	150
8:44:50	28	15,2	44	27	150
8:45:00	28	15,2	44	27	150
8:45:10	28	15,2	44	27	150
8:45:20	28	15,2	44	27	150
8:45:30	28	15,2	45	27	150
8:45:40	28	15,2	45	27	150
8:45:50	28	15,2	45	27	150
8:46:00	28	15,2	45	27	150
8:46:10	28	15,2	45	27	150
8:46:20	28	15,2	45	27	150
8:46:30	28	15,2	45	27	150
8:46:40	28	15,2	45	27	150
8:46:50	28	15,2	45	27	150
8:47:00	28	15,2	45	27	150
8:47:10	28	15,2	45	27	150
8:47:20	28	15,2	46	27	150
8:47:30	28	15,2	46	27	150
8:47:40	28	15,2	46	27	150
8:47:50	28	15,2	46	27	150
8:48:00	28	15,2	46	27	150
8:48:10	28	15,2	46	27	150
8:48:20	28	15,2	46	27	150
8:48:30	28	15,2	46	27	150
8:48:40	28	15,2	46	27	150
8:48:50	28	15,2	46	27	150
8:49:00	28	15,2	46	27	150
8:49:10	28	15,1	46	27	150
8:49:20	28	15,2	46	27	150
8:49:30	28	15,2	46	27	150
8:49:40	28	15,1	46	27	150
8:49:50	28	15,1	46	27	150
8:50:00	28	15,1	46	27	150
8:50:10	28	15,1	46	27	150
8:50:20	28	15,1	46	27	150
8:50:30	28	15,1	46	27	150
8:50:40	28	15,1	46	27	150
8:50:50	28	15,1	46	27	150
8:51:00	28	15,1	46	27	150
8:51:10	28	15,1	46	27	150
8:51:20	28	15,1	46	27	150
8:51:30	28	15,1	46	27	150
8:51:40	28	15,1	46	27	150
8:51:50	28	15,1	46	27	150
8:52:00	28	15,1	47	27	150
8:52:10	28	15,1	47	27	150
8:52:20	28	15,1	47	27	150
8:52:30	28	15,1	47	27	150
8:52:40	28	15,1	47	27	150
8:52:50	28	15,1	47	27	150
8:53:00	28	15,1	47	27	150
8:53:10	28	15,1	47	27	150
8:53:20	28	15,1	47	27	150
8:53:30	28	15,1	47	27	150
8:53:40	28	15,1	47	27	150
8:53:50	28	15,1	47	27	150
8:54:00	28	15,1	47	27	150
8:54:10	28	15,1	47	27	150
8:54:20	28	15,1	47	27	150
8:54:30	28	15,1	47	27	150
8:54:40	28	15,1	47	27	150
8:54:50	28	15,1	47	27	150
8:55:00	28	15,1	47	27	150
8:55:10	28	15,1	47	27	150
8:55:20	28	15,1	47	27	150
8:55:30	28	15,1	47	27	150
8:55:40	28	15,1	47	27	150
8:55:50	28	15,1	47	27	150
8:56:00	28	15,1	47	27	150
8:56:10	28	15,1	47	27	150
8:56:20	28	15,1	47	27	150
8:56:30	28	15,1	47	27	150
8:56:40	28	15,1	48	27	150
8:56:50	28	15,1	48	27	150
8:57:00	28	15,1	48	27	150
8:57:10	28	15,1	48	27	150
8:57:20	28	15,1	48	27	150
8:57:30	28	15,1	48	27	150
8:57:40	28	15,1	48	27	150
8:57:50	28	15,1	48	27	150
8:58:00	28	15,1	48	27	150
8:58:10	28	15,1	48	27	150
8:58:20	28	15,1	48	27	150
8:58:30	28	15,1	48	27	150
8:58:40	28	15,1	48	27	150
8:58:50	28	15,1	48	27	150
8:59:00	28	15,1	48	27	150
8:59:10	28	15,1	48	27	150
8:59:20	28	15,1	48	27	150
8:59:30	28	15,1	48	27	150
8:59:40	28	15,1	48	27	150
8:59:50	28	15,1	48	27	150
9:00:00	28	15,1	48	27	150
9:00:10	28	15,1	49	27	150
9:00:20	28	15,1	49	27	150
9:00:30	28	15,1	49	27	150
9:00:40	28	15,1	49	27	150
9:00:50	28	15,1	49	27	150
9:01:00	28	15,1	49	27	150
9:01:10	28	15,1	49	27	150
9:01:20	28	15,1	49	27	150
9:01:30	28	15,1	49	27	150
9:01:40	28	15,1	49	27	150
9:01:50	28	15,1	49	27	150
9:02:00	28	15,1	49	27	150
9:02:10	28	15,1	49	27	150
9:02:20	28	15,1	49	27	150
9:02:30	28	15,1	49	27	150
9:02:40	28	15,1	49	27	150
9:02:50	28	15,1	49	27	150
9:03:00	28	15,1	49	27	150
9:03:10	28	15,1	49	27	150
9:03:20	28	15,1	49	27	150
9:03:30	28	15,1	49	27	150
9:03:40	28	15,1	49	27	150
9:03:50	28	15,1	49	27	150
9:04:00	28	15,1	49	27	150
9:04:10	28	15,1	49	27	150
9:04:20	28	15,1	49	27	150
9:04:30	28	15,1	49	27	150
9:04:40	28	15,1	50	27	150
9:04:50	28	15,1	50	27	150
9:05:00	28	15,1	50	27	150
9:05:10	28	15,1	50	27	150
9:05:20	28	15,1	50	27	150
9:05:30	28	15,1	50	27	150
9:05:40	28	15,1	50	27	150
9:05:50	28	15,1	50	27	150
9:06:00	28	15,1	50	27	150
9:06:10	28	15,1	50	27	150
9:06:20	28	15,1	50	27	150
9:06:30	28	15,1	50	27	150
9:06:40	28	15,1	50	27	150
9:06:50	28	15,1	50	27	150
9:07:00	28	15,1	50	27	150
9:07:10	28	15,1	50	27	150
9:07:20	28	15,1	50	27	150
9:07:30	28	15,1	50	27	150
9:07:40	28	15,1	50	27	150
9:07:50	28	15,1	50	27	150
9:08:00	28	15,1	50	27	150
9:08:10	28	15,1	50	27	150
9:08:20	28	15,1	50	27	150
9:08:30	28	15,1	50	27	150
9:08:40	28	15,1	50	27	150
9:08:50	28	15,1	50	27	150
9:09:00	28	15,1	50	27	150
9:09:10	28	15,1	50	27	150
9:09:20	28	15,0	50	27	150
9:09:30	28	15,0	50	27	150
9:09:40	28	15,0	50	27	150
9:09:50	28	15,0	51	27	150
9:10:00	28	15,0	51	27	150
9:10:10	28	15,0	51	27	150
9:10:20	28	15,0	51	27	150
9:10:30	28	15,0	51	27	150
9:10:40	28	15,0	51	27	150
9:10:50	28	15,0	51	27	150
9:11:00	28	15,0	51	27	150
9:11:10	28	15,0	51	27	150
9:11:20	28	15,0	51	27	150
9:11:30	28	15,0	51	27	150
9:11:40	28	15,0	51	27	150
9:11:50	28	15,0	51	27	150
9:12:00	28	15,0	51	27	150
9:12:10	28	15,0	51	27	150
9:12:20	28	15,0	51	27	150
9:12:30	28	15,0	51	27	150
9:12:40	28	15,0	51	27	150
9:12:50	28	15,0	51	27	150
9:13:00	28	15,0	51	27	150
9:13:10	28	15,0	51	27	150
9:13:20	28	15,0	51	27	150
9:13:30	28	15,0	51	27	150
9:13:40	28	15,0	51	27	150
9:13:50	28	15,0	52	27	150
9:14:00	28	15,0	52	27	150
9:14:10	28	15,0	52	27	150
9:14:20	28	15,0	52	27	150
9:14:30	28	15,0	52	27	150
9:14:40	28	15,0	52	27	150
9:14:50	28	15,0	52	27	150
9:15:00	28	15,0	52	27	150
9:15:10	28	15,0	52	27	150
9:15:20	28	15,0	52	27	150
9:15:30	28	15,0	52	27	150
9:15:40	28	15,0	52	27	150
9:15:50	28	15,0	52	27	150
9:16:00	28	15,0	52	27	150
9:16:10	28	15,0	52	27	150
9:16:20	28	15,0	52	27	150
9:16:30	28	15,0	52	27	150
9:16:40	28	15,0	52	27	150
9:16:50	28	15,0	52	27	150
9:17:00	28	15,0	52	27	150
9:17:10	28	15,0	52	27	150
9:17:20	28	15,0	52	27	150
9:17:30	28	15,0	53	27	150
9:17:40	28	15,0	53	27	150
9:17:50	28	15,0	53	27	150
9:18:00	28	15,0	53	27	150
9:18:10	28	15,0	53	27	150
9:18:20	28	15,0	53	27	150
9:18:30	28	15,0	53	27	150
9:18:40	28	15,0	53	27	150
9:18:50	28	15,0	53	27	150
9:19:00	28	15,0	53	27	150
9:19:10	28	15,0	53	27	150
9:19:20	28	15,0	53	27	150
9:19:30	29	15,0	53	27	150
9:19:40	29	15,0	53	27	150
9:19:50	28	15,0	53	27	150
9:20:00	29	15,0	53	27	150
9:20:10	29	15,0	53	27	150
9:20:20	29	15,0	53	27	150
9:20:30	28	15,0	53	27	150
9:20:40	28	15,0	53	27	150
9:20:50	29	15,0	53	27	150
9:21:00	29	15,0	53	27	150
9:21:10	29	15,0	53	27	150
9:21:20	29	15,0	53	27	150
9:21:30	28	15,0	54	27	150
9:21:40	29	15,0	54	27	150
9:21:50	29	15,0	54	27	150
9:22:00	28	15,0	54	27	150
9:22:10	29	15,0	54	27	150
9:22:20	29	15,0	54	27	150
9:22:30	29	15,0	54	27	150
9:22:40	29	15,0	54	27	150
9:22:50	29	15,0	54	27	150
9:23:00	29	15,0	54	27	150
9:23:10	29	15,0	54	27	150
9:23:20	29	15,0	54	27	150
9:23:30	29	15,0	54	27	150
9:23:40	29	15,0	54	27	150
9:23:50	29	15,0	54	27	150
9:24:00	29	15,0	54	27	150
9:24:10	29	15,0	54	27	150
9:24:20	29	15,0	54	27	150
9:24:30	29	15,0	54	27	150
9:24:40	29	15,0	54	27	150
9:24:50	29	15,0	54	27	150
9:25:00	29	15,0	54	27	150
9:25:10	29	15,0	54	27	150
9:25:20	29	15,0	54	27	150
9:25:30	29	15,0	54	27	150
9:25:40	29	15,0	54	27	150
9:25:50	29	15,0	54	27	150
9:26:00	29	15,0	54	27	150
9:26:10	29	15,0	55	27	150
9:26:20	29	15,0	55	27	150
9:26:30	29	15,0	55	27	150
9:26:40	29	15,0	55	27	150
9:26:50	29	15,0	55	27	150
9:27:00	29	15,0	55	27	150
9:27:10	29	15,0	55	27	150
9:27:20	29	15,0	55	27	150
9:27:30	29	15,0	55	27	150
9:27:40	29	15,2	55	27	150
9:27:50	29	15,2	55	27	150
9:28:00	29	15,2	55	27	150
9:28:10	29	15,2	55	27	150
9:28:20	29	15,2	55	27	150
9:28:30	29	15,2	55	27	150
9:28:40	29	15,2	55	27	150
9:28:50	29	15,2	55	27	150
9:29:00	29	15,2	55	27	150
9:29:10	29	15,2	55	27	150
9:29:20	29	15,2	55	27	150
9:29:30	29	15,2	55	27	150
9:29:40	29	15,2	55	27	150
9:29:50	29	15,2	55	27	150
9:30:00	29	15,2	55	27	150
9:30:10	29	15,2	56	27	150
9:30:20	29	15,2	56	27	150
9:30:30	29	15,1	56	27	150
9:30:40	29	15,1	56	27	150
9:30:50	29	15,1	56	27	150
9:31:00	29	15,2	56	27	150
9:31:10	29	15,1	56	27	150
9:31:20	29	15,1	56	27	150
9:31:30	29	15,1	56	27	150
9:31:40	29	15,1	56	27	150
9:31:50	29	15,1	56	27	150
9:32:00	29	15,1	56	27	150
9:32:10	29	15,1	56	27	150
9:32:20	29	15,1	56	27	150
9:32:30	29	15,1	56	27	150
9:32:40	29	15,1	56	27	150
9:32:50	29	15,1	56	27	150
9:33:00	29	15,1	56	27	150
9:33:10	29	15,1	56	27	150
9:33:20	29	15,1	56	28	150
9:33:30	29	15,1	56	27	150
9:33:40	29	15,1	56	27	150
9:33:50	29	15,1	57	27	150
9:34:00	29	15,1	57	27	150
9:34:10	29	15,1	57	27	150
9:34:20	29	15,1	57	27	150
9:34:30	29	15,1	57	27	150
9:34:40	29	15,1	57	27	150
9:34:50	29	15,1	57	27	150
9:35:00	29	15,1	57	27	150
9:35:10	29	15,1	57	27	150
9:35:20	29	15,1	57	27	150
9:35:30	29	15,1	57	27	150
9:35:40	29	15,1	57	27	150
9:35:50	29	15,1	57	27	150
9:36:00	29	15,1	57	27	150
9:36:10	29	15,1	57	27	150
9:36:20	29	15,1	57	27	150
9:36:30	29	15,1	57	27	150
9:36:40	29	15,1	57	27	150
9:36:50	29	15,1	57	27	150
9:37:00	29	15,1	57	27	150
9:37:10	29	15,1	57	27	150
9:37:20	29	15,1	57	27	150
9:37:30	29	15,1	57	27	150
9:37:40	29	15,1	57	27	150
9:37:50	29	15,1	57	27	150
9:38:00	29	15,1	57	27	150
9:38:10	29	15,1	57	27	150
9:38:20	29	15,1	57	27	150
9:38:30	29	15,1	57	27	150
9:38:40	29	15,1	58	27	150
9:38:50	29	15,1	58	27	150
9:39:00	29	15,1	58	27	150
9:39:10	29	15,1	58	27	150
9:39:20	29	15,1	58	27	150
9:39:30	29	15,1	58	27	150
9:39:40	29	15,1	58	27	150
9:39:50	29	15,1	58	27	150
9:40:00	29	15,1	58	27	150
9:40:10	29	15,1	58	27	150
9:40:20	29	15,1	58	27	150
9:40:30	29	15,1	58	27	150
9:40:40	29	15,1	58	27	150
9:40:50	29	15,1	58	27	150
9:41:00	29	15,1	58	27	150
9:41:10	29	15,1	58	27	150
9:41:20	29	15,1	58	27	150
9:41:30	29	15,1	58	27	150
9:41:40	29	15,1	58	27	150
9:41:50	29	15,1	58	28	150
9:42:00	29	15,1	58	27	150
9:42:10	29	15,1	58	27	150
9:42:20	29	15,1	58	27	150
9:42:30	29	15,1	58	27	150
9:42:40	29	15,1	58	27	150
9:42:50	29	15,1	58	27	150
9:43:00	29	15,1	58	27	150
9:43:10	29	15,1	58	27	150
9:43:20	29	15,1	58	27	150
9:43:30	29	15,1	59	27	150
9:43:40	29	15,1	59	27	150
9:43:50	29	15,1	59	27	150
9:44:00	29	15,1	59	27	150
9:44:10	29	15,1	59	27	150
9:44:20	29	15,1	59	27	150
9:44:30	29	15,1	59	27	150
9:44:40	29	15,1	59	27	150
9:44:50	29	15,1	59	27	150
9:45:00	29	15,1	59	27	150
9:45:10	29	15,1	59	27	150
9:45:20	29	15,1	59	27	150
9:45:30	29	15,1	59	27	150
9:45:40	29	15,1	59	27	150
9:45:50	29	15,1	59	27	150
9:46:00	29	15,1	59	27	150
9:46:10	29	15,1	59	27	150
9:46:20	29	15,1	59	27	150
9:46:30	29	15,1	59	27	150
9:46:40	29	15,1	59	27	150
9:46:50	29	15,1	59	27	150
9:47:00	29	15,1	60	27	150
9:47:10	29	15,1	60	27	150
9:47:20	29	15,1	60	27	150
9:47:30	29	15,1	60	27	150
9:47:40	29	15,1	60	27	150
9:47:50	29	15,1	60	27	150
9:48:00	29	15,1	60	27	150
9:48:10	29	15,1	60	27	150
9:48:20	29	15,1	60	27	150
9:48:30	29	15,1	60	27	150
9:48:40	29	15,1	60	27	150
9:48:50	29	15,1	60	27	150
9:49:00	29	15,1	60	27	150
9:49:10	29	15,0	60	27	150
9:49:20	29	15,1	60	27	150
9:49:30	29	15,1	60	27	150
9:49:40	29	15,0	60	27	150
9:49:50	29	15,1	60	28	150
9:50:00	29	15,0	60	28	150
9:50:10	29	15,0	60	27	150
9:50:20	29	15,0	60	27	150
9:50:30	29	15,0	60	27	150
9:50:40	29	15,0	60	27	150
9:50:50	29	15,0	60	27	150
9:51:00	29	15,0	60	27	150
9:51:10	29	15,0	61	27	150
9:51:20	29	15,0	61	27	150
9:51:30	29	15,0	61	27	150
9:51:40	29	15,0	61	27	150
9:51:50	29	15,0	61	27	150
9:52:00	29	15,0	61	27	150
9:52:10	29	15,0	61	27	150
9:52:20	29	15,0	61	27	150
9:52:30	29	15,0	61	27	150
9:52:40	29	15,0	61	27	150
9:52:50	29	15,0	61	28	150
9:53:00	29	15,0	61	28	150
9:53:10	29	15,0	61	27	150
9:53:20	29	15,0	61	27	150
9:53:30	29	15,0	61	27	150
9:53:40	29	15,0	61	27	150
9:53:50	29	15,0	61	28	150
9:54:00	29	15,0	61	27	150
9:54:10	29	15,0	61	27	150
9:54:20	29	15,0	61	28	150
9:54:30	29	15,0	62	27	150
9:54:40	29	15,0	62	28	150
9:54:50	29	15,0	62	27	150
9:55:00	29	15,0	62	28	150
9:55:10	29	15,0	62	27	150
9:55:20	29	15,0	62	28	150
9:55:30	29	15,0	62	27	150
9:55:40	29	15,0	62	27	150
9:55:50	29	15,0	62	27	150
9:56:00	29	15,0	62	27	150
9:56:10	29	15,0	62	28	150
9:56:20	29	15,0	62	27	150
9:56:30	29	15,0	62	28	150
9:56:40	29	15,0	62	27	150
9:56:50	29	15,0	62	27	150
9:57:00	29	15,0	62	27	150
9:57:10	29	15,0	62	28	150
9:57:20	29	15,0	62	27	150
9:57:30	29	15,0	62	27	150
9:57:40	29	15,0	62	28	150
9:57:50	29	15,0	62	27	150
9:58:00	29	15,0	62	28	150
9:58:10	29	15,0	62	28	150
9:58:20	29	15,0	62	28	150
9:58:30	29	15,0	62	28	150
9:58:40	29	15,0	62	27	150
9:58:50	29	15,0	62	27	150
9:59:00	29	15,0	62	27	150
9:59:10	29	15,0	62	28	150
9:59:20	29	15,3	62	27	150
9:59:30	29	15,3	63	28	150
9:59:40	29	15,3	63	28	150
9:59:50	29	15,3	63	27	150
10:00:00	29	15,3	63	27	150
10:00:10	29	15,3	63	28	150
10:00:20	29	15,3	63	27	150
10:00:30	29	15,3	63	28	150
10:00:40	29	15,3	63	27	150
10:00:50	29	15,3	63	27	150
10:01:00	29	15,3	63	28	150
10:01:10	29	15,3	63	28	150
10:01:20	29	15,3	63	27	150
10:01:30	29	15,3	63	27	150
10:01:40	29	15,3	63	28	150
10:01:50	29	15,3	63	27	150
10:02:00	29	15,3	63	28	150
10:02:10	29	15,3	63	28	150
10:02:20	29	15,3	63	27	150
10:02:30	29	15,3	63	28	150
10:02:40	29	15,3	63	27	150
10:02:50	29	15,3	64	27	150
10:03:00	29	15,3	64	28	150
10:03:10	29	15,3	64	28	150
10:03:20	29	15,3	64	27	150
10:03:30	29	15,3	64	28	150
10:03:40	29	15,3	64	27	150
10:03:50	29	15,3	64	28	150
10:04:00	29	15,3	64	27	150
10:04:10	29	15,3	64	28	150
10:04:20	29	15,3	64	28	150
10:04:30	29	15,3	64	28	150
10:04:40	29	15,3	64	27	150
10:04:50	29	15,3	64	27	150
10:05:00	29	15,3	64	28	150
10:05:10	29	15,3	64	28	150
10:05:20	29	15,3	64	28	150
10:05:30	29	15,3	64	28	150
10:05:40	29	15,3	64	28	150
10:05:50	29	15,3	64	28	150
10:06:00	29	15,3	64	27	150
10:06:10	29	15,3	64	28	150
10:06:20	29	15,3	64	28	150
10:06:30	29	15,3	64	28	150
10:06:40	29	15,3	64	28	150
10:06:50	29	15,3	65	28	150
10:07:00	29	15,3	65	27	150
10:07:10	29	15,3	65	28	150
10:07:20	29	15,3	65	28	150
10:07:30	29	15,3	65	28	150
10:07:40	29	15,3	65	28	150
10:07:50	29	15,3	65	28	150
10:08:00	29	15,3	65	28	150
10:08:10	29	15,3	65	28	150
10:08:20	29	15,3	65	28	150
10:08:30	29	15,3	65	28	150
10:08:40	29	15,3	65	28	150
10:08:50	29	15,3	65	28	150
10:09:00	29	15,3	65	28	150
10:09:10	29	15,2	65	28	150
10:09:20	29	15,3	65	28	150
10:09:30	29	15,2	65	28	150
10:09:40	29	15,2	65	27	150
10:09:50	29	15,2	65	28	150
10:10:00	29	15,2	65	28	150
10:10:10	29	15,2	66	28	150
10:10:20	29	15,2	66	28	150
10:10:30	29	15,2	66	28	150
10:10:40	29	15,2	66	28	150
10:10:50	29	15,2	66	28	150
10:11:00	29	15,2	66	27	150
10:11:10	29	15,2	66	28	150
10:11:20	29	15,2	66	28	150
10:11:30	29	15,2	66	28	150
10:11:40	29	15,2	66	27	150
10:11:50	29	15,2	66	28	150
10:12:00	29	15,2	66	28	150
10:12:10	29	15,2	66	28	150
10:12:20	29	15,2	66	28	150
10:12:30	29	15,2	66	28	150
10:12:40	29	15,2	66	27	150
10:12:50	29	15,2	66	28	150
10:13:00	29	15,2	66	28	150
10:13:10	29	15,2	66	28	150
10:13:20	29	15,2	67	28	150
10:13:30	29	15,2	67	28	150
10:13:40	29	15,2	67	28	150
10:13:50	29	15,2	67	28	150
10:14:00	29	15,2	67	28	150
10:14:10	29	15,2	67	27	150
10:14:20	29	15,2	67	28	150
10:14:30	29	15,2	67	28	150
10:14:40	29	15,2	67	28	150
10:14:50	29	15,2	67	28	150
10:15:00	29	15,2	67	28	150
10:15:10	29	15,2	67	27	150
10:15:20	29	15,2	67	28	150
10:15:30	29	15,2	67	28	150
10:15:40	29	15,2	67	28	150
10:15:50	29	15,2	67	28	150
10:16:00	29	15,2	67	28	150
10:16:10	29	15,2	67	28	150
10:16:20	29	15,2	67	28	150
10:16:30	29	15,2	67	28	150
10:16:40	29	15,2	67	28	150
10:16:50	29	15,2	67	28	150
10:17:00	29	15,2	67	28	150
10:17:10	29	15,2	67	28	150
10:17:20	29	15,2	67	28	150
10:17:30	29	15,2	67	28	150
10:17:40	29	15,2	68	28	150
10:17:50	29	15,2	68	28	150
10:18:00	29	15,2	68	28	150
10:18:10	29	15,2	68	28	150
10:18:20	29	15,2	68	28	150
10:18:30	29	15,2	68	28	150
10:18:40	29	15,2	68	28	150
10:18:50	29	15,2	68	28	150
10:19:00	29	15,2	68	28	150
10:19:10	29	15,2	68	28	150
10:19:20	29	15,2	68	28	150
10:19:30	29	15,2	68	28	150
10:19:40	29	15,2	68	28	150
10:19:50	29	15,2	68	28	150
10:20:00	29	15,2	68	28	150
10:20:10	29	15,2	68	28	150
10:20:20	29	15,2	69	28	150
10:20:30	29	15,2	69	28	150
10:20:40	29	15,2	69	28	150
10:20:50	29	15,2	69	28	150
10:21:00	29	15,2	69	28	150
10:21:10	29	15,2	69	28	150
10:21:20	29	15,2	69	28	150
10:21:30	29	15,2	69	28	150
10:21:40	29	15,2	69	28	150
10:21:50	29	15,2	69	28	150
10:22:00	29	15,2	69	28	150
10:22:10	29	15,2	69	28	150
10:22:20	29	15,2	69	28	150
10:22:30	29	15,2	69	28	150
10:22:40	29	15,2	69	28	150
10:22:50	29	15,2	69	28	150
10:23:00	29	15,2	69	28	150
10:23:10	29	15,2	69	28	150
10:23:20	29	15,2	69	28	150
10:23:30	29	15,2	69	28	150
10:23:40	29	15,2	69	28	150
10:23:50	29	15,2	69	28	150
10:24:00	29	15,2	69	28	150
10:24:10	29	15,2	69	28	150
10:24:20	29	15,2	70	28	150
10:24:30	29	15,2	70	28	150
10:24:40	29	15,2	70	28	150
10:24:50	29	15,2	70	28	150
10:25:00	29	15,2	70	28	150
10:25:10	29	15,2	70	28	150
10:25:20	29	15,2	70	28	150
10:25:30	29	15,2	70	28	150
10:25:40	29	15,2	70	28	150
10:25:50	29	15,2	70	28	150
10:26:00	29	15,2	70	28	150
10:26:10	29	15,2	70	28	150
10:26:20	29	15,2	70	28	150
10:26:30	29	15,2	70	28	150
10:26:40	29	15,2	70	28	150
10:26:50	29	15,2	70	28	150
10:27:00	29	15,2	70	28	150
10:27:10	29	15,1	70	28	150
10:27:20	29	15,2	70	28	150
10:27:30	29	15,2	70	28	150
10:27:40	29	15,2	70	28	150
10:27:50	29	15,2	70	28	150
10:28:00	29	15,2	70	28	150
