--Test Summary--
Full Path and File Name	
Instrument Name	7222 Consistometer
Instrument Type	Model 7222 Consistometer
Instrument Serial Number	
Test Start Date	28.01.2013
Test Start Time	8:48:54
Test Stop Date	28.01.2013
Test Stop Time	18:15:14
Test Length	9:26:20
Final Sample Time Offset	9:26:20
Controller Schedule Name	
Sampling Period	10 seconds
Comments	T: 50C(30min); P: 30MPa(30min); tap water
Information	WellID	Research
Information	Customer	Trican
Information	EngName	Lebedev Pavel
Information	CementClass	G
Information	CementMfr	Dyckerhoff-Sukhoy Log
Information	Additives	45%G+30%ASPM+10%Silica Fume+15%Perlite+1.5%Diacel FL (BWOB) +0.15%CFR-10 (BWOC)
Information	Density	1350
Information	BHCT	50
Information	BHST	
Information	FluidLoss	n/a
Information	JobType	Research
Initial Temperature (°C)	26 °C
Final Temperature (°C)	51 °C
Initial Pressure (MPa)	0,6 MPa
Final Pressure (MPa)	30,5 MPa
Initial Consistency (Bc)	27 Bc
Final Consistency (Bc)	70 Bc
--Data--
Time (HH:MM:SS)	Temperature (°C)	Pressure (MPa)	Consistency (Bc)
0:00:00	26	0,6	27
0:00:10	26	0,8	25
0:00:20	26	1,0	23
0:00:30	26	1,1	23
0:00:40	26	1,2	22
0:00:50	26	1,5	21
0:01:00	26	1,7	21
0:01:10	26	1,8	24
0:01:20	26	1,9	26
0:01:30	26	2,2	23
0:01:40	26	2,4	25
0:01:50	26	2,4	25
0:02:00	27	2,6	26
0:02:10	27	2,7	23
0:02:20	27	3,0	25
0:02:30	27	3,2	24
0:02:40	27	3,1	24
0:02:50	28	3,4	26
0:03:00	28	3,6	22
0:03:10	28	3,7	23
0:03:20	28	3,9	27
0:03:30	28	4,2	22
0:03:40	28	4,2	20
0:03:50	28	4,3	20
0:04:00	28	4,6	25
0:04:10	28	4,7	21
0:04:20	28	4,9	29
0:04:30	28	5,1	27
0:04:40	28	5,2	26
0:04:50	28	5,4	24
0:05:00	28	5,6	24
0:05:10	28	5,8	24
0:05:20	28	6,0	30
0:05:30	28	6,3	27
0:05:40	29	6,6	27
0:05:50	29	7,0	23
0:06:00	29	7,4	32
0:06:10	29	7,7	26
0:06:20	29	7,6	26
0:06:30	29	7,9	27
0:06:40	29	7,9	26
0:06:50	29	7,9	23
0:07:00	30	7,7	28
0:07:10	30	7,6	26
0:07:20	30	7,9	23
0:07:30	30	8,0	22
0:07:40	30	8,1	21
0:07:50	30	8,3	21
0:08:00	31	8,5	21
0:08:10	31	8,6	22
0:08:20	31	8,8	20
0:08:30	31	9,0	19
0:08:40	31	9,1	19
0:08:50	31	9,3	20
0:09:00	31	9,5	19
0:09:10	31	9,8	21
0:09:20	31	10,0	19
0:09:30	31	10,4	27
0:09:40	31	10,8	29
0:09:50	31	11,3	23
0:10:00	31	11,4	25
0:10:10	31	11,4	25
0:10:20	31	11,9	24
0:10:30	32	11,7	25
0:10:40	32	11,9	25
0:10:50	32	11,9	27
0:11:00	32	11,7	30
0:11:10	33	11,7	26
0:11:20	33	11,8	25
0:11:30	33	12,0	26
0:11:40	33	12,2	27
0:11:50	33	12,2	29
0:12:00	34	12,5	27
0:12:10	34	12,5	28
0:12:20	34	12,9	28
0:12:30	34	12,9	27
0:12:40	34	13,0	22
0:12:50	34	13,4	26
0:13:00	34	13,4	25
0:13:10	34	13,7	25
0:13:20	34	14,0	25
0:13:30	34	14,5	15
0:13:40	34	15,1	15
0:13:50	34	15,1	14
0:14:00	34	15,0	13
0:14:10	34	15,0	14
0:14:20	35	15,5	14
0:14:30	35	15,4	13
0:14:40	35	15,7	12
0:14:50	35	15,8	13
0:15:00	35	15,7	13
0:15:10	36	15,4	15
0:15:20	36	15,9	14
0:15:30	36	15,8	14
0:15:40	37	15,9	15
0:15:50	37	16,3	13
0:16:00	37	16,4	13
0:16:10	37	16,4	12
0:16:20	37	16,5	13
0:16:30	37	17,1	12
0:16:40	37	17,3	14
0:16:50	37	17,5	18
0:17:00	37	17,3	15
0:17:10	37	17,5	14
0:17:20	38	17,8	14
0:17:30	37	18,2	14
0:17:40	38	18,8	15
0:17:50	37	18,8	15
0:18:00	38	18,8	14
0:18:10	38	18,7	14
0:18:20	38	19,6	13
0:18:30	38	19,4	14
0:18:40	38	20,0	14
0:18:50	38	19,8	13
0:19:00	39	19,9	13
0:19:10	39	19,8	13
0:19:20	39	19,9	13
0:19:30	40	19,8	14
0:19:40	40	20,1	13
0:19:50	40	20,1	15
0:20:00	41	20,4	14
0:20:10	41	20,4	13
0:20:20	41	20,7	13
0:20:30	41	20,8	14
0:20:40	41	20,9	14
0:20:50	41	21,0	13
0:21:00	41	21,5	18
0:21:10	41	21,7	17
0:21:20	41	21,6	15
0:21:30	41	21,8	14
0:21:40	41	22,2	16
0:21:50	41	22,7	14
0:22:00	41	23,4	13
0:22:10	41	23,3	13
0:22:20	41	23,2	13
0:22:30	41	23,0	13
0:22:40	42	24,1	13
0:22:50	42	23,9	14
0:23:00	42	23,6	13
0:23:10	42	24,0	12
0:23:20	43	24,2	12
0:23:30	43	24,1	13
0:23:40	43	24,0	13
0:23:50	44	24,0	13
0:24:00	44	24,3	13
0:24:10	44	24,2	14
0:24:20	44	24,6	13
0:24:30	45	24,5	13
0:24:40	45	24,9	14
0:24:50	45	25,0	13
0:25:00	45	25,1	12
0:25:10	45	25,5	14
0:25:20	45	25,6	14
0:25:30	45	25,7	12
0:25:40	45	25,9	13
0:25:50	45	26,1	13
0:26:00	45	26,3	13
0:26:10	45	26,7	12
0:26:20	45	27,4	13
0:26:30	45	27,0	14
0:26:40	45	26,8	12
0:26:50	45	28,0	12
0:27:00	45	27,7	15
0:27:10	45	27,6	13
0:27:20	46	28,6	12
0:27:30	46	28,1	13
0:27:40	46	28,6	12
0:27:50	47	28,7	11
0:28:00	47	28,4	12
0:28:10	47	28,3	12
0:28:20	48	28,7	11
0:28:30	48	28,5	12
0:28:40	48	28,8	13
0:28:50	49	29,2	12
0:29:00	49	29,0	11
0:29:10	49	29,5	13
0:29:20	49	29,4	12
0:29:30	49	29,7	11
0:29:40	49	29,6	13
0:29:50	50	29,8	12
0:30:00	50	29,9	11
0:30:10	50	30,0	12
0:30:20	50	30,0	14
0:30:30	50	30,0	13
0:30:40	49	30,1	14
0:30:50	49	30,5	14
0:31:00	49	29,9	14
0:31:10	49	30,7	13
0:31:20	49	30,2	15
0:31:30	49	29,8	14
0:31:40	49	30,8	13
0:31:50	49	30,4	14
0:32:00	49	29,7	15
0:32:10	50	30,7	14
0:32:20	50	30,0	14
0:32:30	50	30,2	14
0:32:40	50	30,1	13
0:32:50	50	29,9	13
0:33:00	51	29,8	15
0:33:10	51	29,8	14
0:33:20	51	29,7	13
0:33:30	52	29,7	15
0:33:40	52	29,7	14
0:33:50	52	29,8	14
0:34:00	52	29,7	16
0:34:10	52	29,8	15
0:34:20	52	29,9	14
0:34:30	52	29,9	14
0:34:40	52	29,9	16
0:34:50	52	29,8	14
0:35:00	52	29,8	14
0:35:10	52	30,0	15
0:35:20	52	29,8	14
0:35:30	52	29,9	13
0:35:40	52	29,8	14
0:35:50	52	29,9	14
0:36:00	52	29,8	13
0:36:10	52	29,9	16
0:36:20	52	30,2	15
0:36:30	52	30,6	14
0:36:40	51	29,9	15
0:36:50	51	30,6	16
0:37:00	51	30,1	14
0:37:10	51	30,8	14
0:37:20	51	30,4	13
0:37:30	51	29,9	12
0:37:40	51	30,4	11
0:37:50	51	30,8	14
0:38:00	51	30,1	11
0:38:10	51	30,1	11
0:38:20	52	29,9	12
0:38:30	52	29,8	13
0:38:40	52	29,8	11
0:38:50	52	30,0	12
0:39:00	52	29,8	13
0:39:10	52	29,8	11
0:39:20	52	29,8	13
0:39:30	53	29,9	13
0:39:40	53	30,0	11
0:39:50	53	29,7	12
0:40:00	53	29,8	12
0:40:10	53	29,9	12
0:40:20	53	29,9	12
0:40:30	53	29,7	13
0:40:40	52	29,8	12
0:40:50	52	30,0	12
0:41:00	52	29,8	18
0:41:10	52	30,0	16
0:41:20	52	30,0	14
0:41:30	52	30,1	15
0:41:40	52	30,3	16
0:41:50	52	30,7	14
0:42:00	52	29,9	14
0:42:10	52	30,4	14
0:42:20	52	29,8	14
0:42:30	52	30,4	16
0:42:40	52	29,8	16
0:42:50	52	30,3	14
0:43:00	52	30,7	14
0:43:10	52	29,9	14
0:43:20	52	30,0	13
0:43:30	52	30,0	13
0:43:40	52	29,8	14
0:43:50	52	29,8	13
0:44:00	52	30,0	12
0:44:10	52	29,7	14
0:44:20	52	29,8	19
0:44:30	53	29,9	17
0:44:40	53	30,0	18
0:44:50	53	29,7	18
0:45:00	53	29,9	16
0:45:10	53	30,0	12
0:45:20	53	29,8	13
0:45:30	53	29,9	12
0:45:40	53	30,0	12
0:45:50	53	29,8	12
0:46:00	53	29,9	11
0:46:10	53	29,8	11
0:46:20	53	29,9	12
0:46:30	52	29,8	12
0:46:40	52	30,1	11
0:46:50	52	30,2	13
0:47:00	52	30,4	12
0:47:10	52	30,6	11
0:47:20	52	29,8	11
0:47:30	52	30,3	11
0:47:40	52	30,7	11
0:47:50	52	30,1	11
0:48:00	52	30,6	12
0:48:10	52	29,9	11
0:48:20	52	30,3	11
0:48:30	52	30,6	12
0:48:40	52	30,7	11
0:48:50	52	30,7	11
0:49:00	52	30,5	12
0:49:10	52	30,2	12
0:49:20	52	29,9	11
0:49:30	52	30,0	13
0:49:40	53	29,9	12
0:49:50	53	30,0	11
0:50:00	53	29,7	12
0:50:10	53	30,0	12
0:50:20	53	29,8	11
0:50:30	53	30,0	12
0:50:40	53	29,8	11
0:50:50	53	29,9	11
0:51:00	53	29,8	12
0:51:10	53	29,9	12
0:51:20	53	29,8	11
0:51:30	53	29,9	11
0:51:40	53	29,8	12
0:51:50	52	30,0	11
0:52:00	52	29,8	11
0:52:10	52	30,1	12
0:52:20	52	30,2	12
0:52:30	52	30,5	11
0:52:40	52	30,8	11
0:52:50	52	30,0	11
0:53:00	52	30,4	11
0:53:10	52	30,8	11
0:53:20	52	30,1	11
0:53:30	52	30,5	11
0:53:40	52	30,9	11
0:53:50	52	30,0	11
0:54:00	52	30,2	11
0:54:10	52	30,3	11
0:54:20	52	30,3	12
0:54:30	52	30,1	11
0:54:40	52	29,9	11
0:54:50	52	29,9	11
0:55:00	52	29,8	11
0:55:10	53	30,0	11
0:55:20	53	29,7	13
0:55:30	53	29,9	13
0:55:40	53	30,0	13
0:55:50	53	29,8	13
0:56:00	53	29,8	13
0:56:10	53	29,9	13
0:56:20	53	30,1	13
0:56:30	53	29,9	14
0:56:40	53	29,8	12
0:56:50	53	30,0	12
0:57:00	53	29,8	14
0:57:10	53	30,2	12
0:57:20	53	30,0	11
0:57:30	53	29,9	13
0:57:40	52	29,8	14
0:57:50	52	29,9	12
0:58:00	52	30,1	13
0:58:10	52	30,4	13
0:58:20	52	30,7	11
0:58:30	52	29,9	12
0:58:40	52	30,3	13
0:58:50	52	30,7	12
0:59:00	52	29,9	12
0:59:10	52	30,2	13
0:59:20	52	30,5	11
0:59:30	52	30,7	11
0:59:40	52	30,8	12
0:59:50	52	30,7	11
1:00:00	52	30,5	10
1:00:10	52	30,3	13
1:00:20	52	30,1	13
1:00:30	53	29,8	11
1:00:40	53	30,0	14
1:00:50	53	29,8	15
1:01:00	53	30,0	12
1:01:10	53	29,8	16
1:01:20	53	29,9	16
1:01:30	53	29,8	13
1:01:40	53	29,9	14
1:01:50	53	29,8	17
1:02:00	53	29,8	14
1:02:10	53	29,9	14
1:02:20	53	29,8	14
1:02:30	53	30,1	14
1:02:40	53	30,0	15
1:02:50	53	29,9	16
1:03:00	53	29,8	14
1:03:10	52	30,1	13
1:03:20	52	30,2	15
1:03:30	52	30,4	15
1:03:40	52	30,6	14
1:03:50	52	29,7	15
1:04:00	52	30,4	14
1:04:10	52	30,7	13
1:04:20	52	29,8	14
1:04:30	52	30,2	15
1:04:40	52	30,5	13
1:04:50	52	30,7	17
1:05:00	52	30,8	15
1:05:10	52	30,0	15
1:05:20	52	30,0	14
1:05:30	52	29,8	14
1:05:40	52	30,0	14
1:05:50	52	29,8	16
1:06:00	53	29,9	16
1:06:10	53	30,0	16
1:06:20	53	29,8	15
1:06:30	53	29,9	19
1:06:40	53	29,7	19
1:06:50	53	29,9	18
1:07:00	53	29,8	18
1:07:10	53	30,0	21
1:07:20	53	29,8	18
1:07:30	53	30,0	20
1:07:40	53	29,9	20
1:07:50	53	29,8	19
1:08:00	53	30,0	19
1:08:10	53	29,9	18
1:08:20	53	29,8	17
1:08:30	53	30,1	16
1:08:40	52	30,2	18
1:08:50	52	30,3	16
1:09:00	52	30,5	14
1:09:10	52	30,7	15
1:09:20	52	29,8	16
1:09:30	52	30,1	14
1:09:40	52	30,4	15
1:09:50	52	30,6	15
1:10:00	52	30,9	14
1:10:10	52	30,2	14
1:10:20	52	30,3	14
1:10:30	52	30,4	19
1:10:40	52	30,3	18
1:10:50	52	30,2	17
1:11:00	52	30,0	16
1:11:10	52	29,8	15
1:11:20	53	30,0	16
1:11:30	53	29,8	16
1:11:40	53	30,0	14
1:11:50	53	29,8	16
1:12:00	53	30,0	15
1:12:10	53	29,9	14
1:12:20	53	29,8	15
1:12:30	53	29,9	18
1:12:40	53	29,8	17
1:12:50	53	30,0	16
1:13:00	53	29,9	17
1:13:10	53	29,9	17
1:13:20	53	29,8	18
1:13:30	53	30,0	18
1:13:40	53	29,9	20
1:13:50	52	29,9	20
1:14:00	52	30,0	20
1:14:10	52	30,1	19
1:14:20	52	30,3	19
1:14:30	52	30,5	20
1:14:40	52	30,8	20
1:14:50	52	30,1	18
1:15:00	52	30,3	20
1:15:10	52	30,6	19
1:15:20	52	30,8	17
1:15:30	52	30,0	18
1:15:40	52	30,1	20
1:15:50	52	30,2	15
1:16:00	52	30,1	15
1:16:10	52	30,0	16
1:16:20	52	29,8	15
1:16:30	52	30,0	14
1:16:40	53	29,8	15
1:16:50	53	29,8	14
1:17:00	53	30,0	14
1:17:10	53	29,9	16
1:17:20	53	29,8	15
1:17:30	53	29,9	15
1:17:40	53	29,8	18
1:17:50	53	30,0	24
1:18:00	53	29,9	20
1:18:10	53	29,9	18
1:18:20	53	29,8	18
1:18:30	53	30,0	17
1:18:40	53	29,9	17
1:18:50	53	29,9	17
1:19:00	52	29,8	16
1:19:10	52	29,9	16
1:19:20	52	30,0	17
1:19:30	52	30,2	17
1:19:40	52	30,4	16
1:19:50	52	30,6	17
1:20:00	52	30,8	16
1:20:10	52	30,1	15
1:20:20	52	30,3	15
1:20:30	52	30,5	15
1:20:40	52	30,7	15
1:20:50	52	30,8	15
1:21:00	52	30,8	15
1:21:10	52	30,7	15
1:21:20	52	30,6	15
1:21:30	52	30,5	16
1:21:40	52	30,3	15
1:21:50	52	30,2	14
1:22:00	53	30,1	15
1:22:10	53	29,9	14
1:22:20	53	29,8	14
1:22:30	53	30,0	17
1:22:40	53	29,9	17
1:22:50	53	29,8	16
1:23:00	53	30,0	16
1:23:10	53	29,9	16
1:23:20	53	29,8	15
1:23:30	53	29,8	16
1:23:40	53	30,0	18
1:23:50	53	29,9	16
1:24:00	53	29,9	16
1:24:10	52	29,9	17
1:24:20	52	29,9	16
1:24:30	52	30,1	16
1:24:40	52	30,2	16
1:24:50	52	30,3	18
1:25:00	52	30,5	17
1:25:10	52	30,7	18
1:25:20	52	30,0	18
1:25:30	52	30,2	18
1:25:40	52	30,4	18
1:25:50	52	30,5	17
1:26:00	52	30,6	17
1:26:10	52	30,6	17
1:26:20	52	30,6	17
1:26:30	52	30,5	16
1:26:40	52	30,3	18
1:26:50	52	30,2	18
1:27:00	53	30,1	21
1:27:10	53	29,9	19
1:27:20	53	29,8	18
1:27:30	53	30,0	18
1:27:40	53	29,9	18
1:27:50	53	29,8	18
1:28:00	53	30,1	17
1:28:10	53	30,0	17
1:28:20	53	29,9	17
1:28:30	53	29,8	18
1:28:40	53	29,9	16
1:28:50	53	29,8	18
1:29:00	53	30,0	17
1:29:10	52	29,9	16
1:29:20	52	30,0	16
1:29:30	52	30,0	16
1:29:40	52	30,2	16
1:29:50	52	30,3	16
1:30:00	52	30,5	16
1:30:10	52	30,6	16
1:30:20	52	30,8	20
1:30:30	52	30,1	21
1:30:40	52	30,3	20
1:30:50	52	30,4	19
1:31:00	52	30,5	20
1:31:10	52	30,6	18
1:31:20	52	30,5	18
1:31:30	52	30,5	18
1:31:40	52	30,4	17
1:31:50	52	30,2	17
1:32:00	52	30,1	17
1:32:10	52	30,0	16
1:32:20	53	29,9	16
1:32:30	53	29,8	16
1:32:40	53	30,0	16
1:32:50	53	29,9	20
1:33:00	53	29,8	19
1:33:10	53	29,8	19
1:33:20	53	29,8	19
1:33:30	53	29,8	19
1:33:40	53	29,9	19
1:33:50	52	29,8	23
1:34:00	53	29,8	23
1:34:10	52	30,0	22
1:34:20	52	30,0	22
1:34:30	52	30,0	20
1:34:40	52	30,1	20
1:34:50	52	30,2	24
1:35:00	52	30,4	23
1:35:10	52	30,5	21
1:35:20	52	30,7	21
1:35:30	52	30,1	21
1:35:40	52	30,3	21
1:35:50	52	30,4	21
1:36:00	52	30,5	20
1:36:10	52	30,6	20
1:36:20	52	30,6	19
1:36:30	52	30,6	20
1:36:40	52	30,5	18
1:36:50	52	30,4	19
1:37:00	52	30,2	19
1:37:10	52	30,1	20
1:37:20	53	30,0	20
1:37:30	52	29,9	20
1:37:40	53	29,8	18
1:37:50	53	30,1	20
1:38:00	53	30,0	19
1:38:10	53	29,9	18
1:38:20	53	29,8	18
1:38:30	53	30,1	18
1:38:40	53	30,0	18
1:38:50	52	30,0	18
1:39:00	52	29,9	18
1:39:10	52	29,9	19
1:39:20	52	29,9	18
1:39:30	52	30,0	18
1:39:40	52	30,0	18
1:39:50	52	30,1	20
1:40:00	52	30,3	19
1:40:10	52	30,4	20
1:40:20	52	30,6	21
1:40:30	52	30,7	20
1:40:40	52	30,8	21
1:40:50	52	30,2	20
1:41:00	52	30,3	20
1:41:10	52	30,3	20
1:41:20	52	30,3	20
1:41:30	52	30,3	19
1:41:40	52	30,2	19
1:41:50	52	30,1	20
1:42:00	52	30,0	20
1:42:10	52	29,9	20
1:42:20	52	30,1	20
1:42:30	52	30,0	20
1:42:40	52	29,9	19
1:42:50	52	29,8	20
1:43:00	52	30,1	19
1:43:10	52	30,0	20
1:43:20	52	29,9	21
1:43:30	52	29,9	19
1:43:40	52	29,8	19
1:43:50	52	30,0	19
1:44:00	52	29,9	19
1:44:10	52	29,9	19
1:44:20	52	29,9	19
1:44:30	52	29,9	20
1:44:40	52	29,9	22
1:44:50	52	30,0	21
1:45:00	52	30,1	20
1:45:10	52	30,2	20
1:45:20	52	30,3	20
1:45:30	52	30,4	18
1:45:40	52	30,6	19
1:45:50	52	30,7	18
1:46:00	52	30,8	17
1:46:10	52	30,8	18
1:46:20	52	29,9	18
1:46:30	52	29,9	17
1:46:40	52	29,8	17
1:46:50	52	29,8	17
1:47:00	52	30,0	17
1:47:10	52	29,9	18
1:47:20	52	29,8	18
1:47:30	52	29,8	17
1:47:40	52	30,0	17
1:47:50	52	30,0	18
1:48:00	52	29,9	17
1:48:10	52	29,8	19
1:48:20	52	29,8	19
1:48:30	52	29,8	18
1:48:40	52	29,9	19
1:48:50	52	29,8	19
1:49:00	52	29,9	18
1:49:10	52	29,8	19
1:49:20	52	29,9	18
1:49:30	52	29,9	17
1:49:40	52	29,9	18
1:49:50	52	29,9	18
1:50:00	52	30,0	17
1:50:10	52	30,1	21
1:50:20	52	30,2	20
1:50:30	52	30,3	19
1:50:40	52	30,4	20
1:50:50	52	30,5	19
1:51:00	52	30,6	19
1:51:10	52	30,7	19
1:51:20	52	30,7	19
1:51:30	52	30,7	19
1:51:40	52	30,7	20
1:51:50	52	30,6	19
1:52:00	52	30,6	19
1:52:10	52	30,5	19
1:52:20	52	30,4	19
1:52:30	52	30,3	19
1:52:40	52	30,3	20
1:52:50	52	30,2	19
1:53:00	52	30,1	19
1:53:10	52	30,1	19
1:53:20	52	30,0	18
1:53:30	52	30,0	18
1:53:40	52	29,9	18
1:53:50	52	29,9	17
1:54:00	52	29,8	18
1:54:10	52	30,1	18
1:54:20	52	30,0	17
1:54:30	52	30,0	17
1:54:40	52	30,0	17
1:54:50	52	30,0	17
1:55:00	52	30,1	17
1:55:10	52	30,2	18
1:55:20	52	30,2	17
1:55:30	52	30,3	17
1:55:40	52	30,4	17
1:55:50	52	30,5	16
1:56:00	52	30,6	17
1:56:10	52	30,7	17
1:56:20	52	30,7	16
1:56:30	52	30,7	17
1:56:40	52	30,7	17
1:56:50	52	30,7	18
1:57:00	52	30,6	18
1:57:10	52	30,5	17
1:57:20	52	30,5	17
1:57:30	52	30,4	18
1:57:40	52	30,3	19
1:57:50	52	30,3	18
1:58:00	52	30,2	19
1:58:10	52	30,2	18
1:58:20	52	30,1	17
1:58:30	52	30,1	18
1:58:40	52	30,0	18
1:58:50	52	30,0	17
1:59:00	52	29,9	18
1:59:10	52	29,9	17
1:59:20	52	29,9	16
1:59:30	52	29,8	16
1:59:40	52	29,9	17
1:59:50	52	29,9	17
2:00:00	52	29,9	18
2:00:10	52	30,0	17
2:00:20	51	30,1	16
2:00:30	51	30,1	17
2:00:40	51	30,2	16
2:00:50	51	30,3	16
2:01:00	51	30,4	16
2:01:10	51	30,4	15
2:01:20	51	30,5	15
2:01:30	51	30,5	16
2:01:40	51	30,5	15
2:01:50	51	30,5	15
2:02:00	51	30,5	16
2:02:10	51	30,4	15
2:02:20	51	30,3	15
2:02:30	51	30,2	16
2:02:40	51	30,2	15
2:02:50	51	30,1	15
2:03:00	52	30,1	15
2:03:10	52	30,0	17
2:03:20	52	30,0	17
2:03:30	51	29,9	17
2:03:40	51	29,9	17
2:03:50	51	29,8	16
2:04:00	51	30,1	16
2:04:10	51	30,0	15
2:04:20	51	30,0	15
2:04:30	51	29,9	16
2:04:40	51	29,9	15
2:04:50	51	30,0	15
2:05:00	51	30,0	15
2:05:10	51	30,1	15
2:05:20	51	30,2	15
2:05:30	51	30,3	15
2:05:40	51	30,4	15
2:05:50	51	30,5	15
2:06:00	51	30,5	15
2:06:10	51	30,6	15
2:06:20	51	30,6	15
2:06:30	51	30,6	15
2:06:40	51	30,6	15
2:06:50	51	30,5	15
2:07:00	51	30,5	15
2:07:10	51	30,4	16
2:07:20	51	30,3	17
2:07:30	51	30,3	17
2:07:40	51	30,2	18
2:07:50	51	30,2	18
2:08:00	51	30,1	18
2:08:10	51	30,1	18
2:08:20	51	30,0	18
2:08:30	51	30,0	18
2:08:40	51	29,9	17
2:08:50	51	29,9	18
2:09:00	51	29,9	18
2:09:10	51	29,8	17
2:09:20	51	29,8	18
2:09:30	51	29,8	18
2:09:40	51	29,9	17
2:09:50	51	30,0	17
2:10:00	51	30,0	17
2:10:10	51	30,1	17
2:10:20	51	30,2	18
2:10:30	51	30,3	17
2:10:40	51	30,4	17
2:10:50	51	30,4	18
2:11:00	51	30,5	17
2:11:10	51	30,5	17
2:11:20	51	30,5	18
2:11:30	51	30,5	17
2:11:40	51	30,5	17
2:11:50	51	30,4	18
2:12:00	51	30,3	17
2:12:10	51	30,2	17
2:12:20	51	30,2	18
2:12:30	51	30,1	17
2:12:40	51	30,1	17
2:12:50	51	30,0	18
2:13:00	51	30,0	17
2:13:10	51	29,9	17
2:13:20	51	29,9	18
2:13:30	51	29,8	17
2:13:40	51	29,8	19
2:13:50	51	30,1	20
2:14:00	51	30,0	19
2:14:10	51	30,0	19
2:14:20	51	30,0	19
2:14:30	51	30,0	19
2:14:40	51	30,0	19
2:14:50	51	30,0	19
2:15:00	51	30,1	18
2:15:10	51	30,2	19
2:15:20	51	30,3	19
2:15:30	51	30,4	19
2:15:40	51	30,5	18
2:15:50	51	30,6	20
2:16:00	51	30,7	19
2:16:10	51	30,7	19
2:16:20	51	30,7	19
2:16:30	51	30,7	19
2:16:40	51	30,7	20
2:16:50	51	30,6	20
2:17:00	51	30,5	19
2:17:10	51	30,5	19
2:17:20	51	30,4	19
2:17:30	51	30,3	19
2:17:40	51	30,3	19
2:17:50	51	30,2	19
2:18:00	51	30,2	18
2:18:10	51	30,1	19
2:18:20	51	30,1	19
2:18:30	51	30,1	18
2:18:40	51	30,0	19
2:18:50	51	30,0	19
2:19:00	51	29,9	18
2:19:10	51	29,9	19
2:19:20	51	29,9	19
2:19:30	51	29,9	18
2:19:40	51	30,0	19
2:19:50	51	30,1	19
2:20:00	51	30,1	18
2:20:10	51	30,2	19
2:20:20	51	30,3	18
2:20:30	51	30,4	18
2:20:40	51	30,4	18
2:20:50	51	30,5	17
2:21:00	51	30,6	17
2:21:10	51	30,6	17
2:21:20	51	30,6	18
2:21:30	51	30,6	17
2:21:40	51	30,5	18
2:21:50	51	30,5	17
2:22:00	51	30,4	17
2:22:10	51	30,3	17
2:22:20	51	30,3	17
2:22:30	51	30,2	17
2:22:40	51	30,2	17
2:22:50	51	30,1	10
2:23:00	51	30,1	10
2:23:10	51	30,0	10
2:23:20	51	30,0	10
2:23:30	51	29,9	10
2:23:40	51	29,9	13
2:23:50	51	29,9	10
2:24:00	51	29,8	10
2:24:10	51	29,8	11
2:24:20	51	29,8	10
2:24:30	51	29,9	10
2:24:40	51	29,9	11
2:24:50	51	30,0	10
2:25:00	51	30,0	11
2:25:10	51	30,1	11
2:25:20	51	30,2	11
2:25:30	51	30,3	11
2:25:40	51	30,4	12
2:25:50	51	30,5	10
2:26:00	51	30,5	11
2:26:10	51	30,6	11
2:26:20	51	30,5	11
2:26:30	51	30,5	12
2:26:40	51	30,4	13
2:26:50	51	30,4	11
2:27:00	51	30,3	12
2:27:10	51	30,2	11
2:27:20	51	30,2	11
2:27:30	51	30,1	13
2:27:40	51	30,1	12
2:27:50	51	30,0	11
2:28:00	51	30,0	11
2:28:10	51	29,9	11
2:28:20	51	29,9	10
2:28:30	51	29,9	11
2:28:40	51	29,8	10
2:28:50	51	29,8	10
2:29:00	51	29,8	11
2:29:10	51	29,9	10
2:29:20	51	29,9	10
2:29:30	51	30,0	10
2:29:40	51	30,0	10
2:29:50	51	30,1	10
2:30:00	51	30,2	11
2:30:10	51	30,3	10
2:30:20	51	30,4	10
2:30:30	51	30,5	10
2:30:40	51	30,5	11
2:30:50	51	30,6	10
2:31:00	51	30,6	11
2:31:10	51	30,6	10
2:31:20	51	30,6	10
2:31:30	51	30,6	10
2:31:40	51	30,5	11
2:31:50	51	30,4	10
2:32:00	51	30,4	10
2:32:10	51	30,3	10
2:32:20	51	30,2	10
2:32:30	51	30,2	11
2:32:40	51	30,1	10
2:32:50	51	30,1	10
2:33:00	51	30,0	11
2:33:10	51	30,0	11
2:33:20	51	30,0	9
2:33:30	51	29,9	10
2:33:40	51	29,9	11
2:33:50	51	29,9	11
2:34:00	51	29,8	12
2:34:10	51	29,9	12
2:34:20	51	29,9	10
2:34:30	51	30,0	10
2:34:40	51	30,0	10
2:34:50	51	30,1	10
2:35:00	51	30,2	10
2:35:10	51	30,3	10
2:35:20	51	30,4	10
2:35:30	51	30,5	11
2:35:40	51	30,5	10
2:35:50	51	30,6	10
2:36:00	51	30,6	11
2:36:10	51	30,6	10
2:36:20	51	30,5	10
2:36:30	51	30,5	10
2:36:40	51	30,4	10
2:36:50	51	30,3	10
2:37:00	51	30,3	11
2:37:10	51	30,2	10
2:37:20	51	30,2	10
2:37:30	51	30,1	10
2:37:40	51	30,0	10
2:37:50	51	30,0	10
2:38:00	51	30,0	10
2:38:10	51	29,9	10
2:38:20	51	29,9	10
2:38:30	51	29,9	11
2:38:40	51	29,8	10
2:38:50	51	29,8	10
2:39:00	51	29,9	11
2:39:10	51	29,9	10
2:39:20	51	29,9	10
2:39:30	51	30,0	10
2:39:40	51	30,1	9
2:39:50	51	30,2	11
2:40:00	51	30,3	10
2:40:10	51	30,4	9
2:40:20	51	30,5	10
2:40:30	51	30,5	11
2:40:40	51	30,6	9
2:40:50	51	30,7	11
2:41:00	51	30,7	10
2:41:10	51	30,7	9
2:41:20	51	30,6	10
2:41:30	51	30,5	10
2:41:40	51	30,5	9
2:41:50	51	30,4	10
2:42:00	51	30,3	10
2:42:10	51	30,3	9
2:42:20	51	30,2	10
2:42:30	51	30,2	10
2:42:40	51	30,1	9
2:42:50	51	30,1	10
2:43:00	51	30,0	10
2:43:10	51	30,0	9
2:43:20	51	30,0	10
2:43:30	51	29,9	10
2:43:40	51	29,9	9
2:43:50	51	29,9	10
2:44:00	51	29,8	10
2:44:10	51	29,9	9
2:44:20	51	29,9	10
2:44:30	51	29,9	10
2:44:40	51	30,0	10
2:44:50	51	30,1	10
2:45:00	51	30,2	10
2:45:10	51	30,3	9
2:45:20	51	30,4	10
2:45:30	51	30,4	10
2:45:40	51	30,5	9
2:45:50	51	30,5	10
2:46:00	51	30,6	10
2:46:10	51	30,6	9
2:46:20	51	30,5	10
2:46:30	51	30,4	10
2:46:40	51	30,4	10
2:46:50	51	30,3	10
2:47:00	51	30,2	10
2:47:10	51	30,2	10
2:47:20	51	30,1	11
2:47:30	51	30,1	10
2:47:40	51	30,0	10
2:47:50	51	30,0	10
2:48:00	51	29,9	10
2:48:10	51	29,9	9
2:48:20	51	29,9	10
2:48:30	51	29,8	10
2:48:40	51	29,8	10
2:48:50	51	29,8	10
2:49:00	51	29,9	10
2:49:10	51	29,9	10
2:49:20	51	30,0	10
2:49:30	51	30,0	10
2:49:40	51	30,1	10
2:49:50	51	30,2	10
2:50:00	51	30,3	10
2:50:10	51	30,4	9
2:50:20	51	30,5	10
2:50:30	51	30,5	9
2:50:40	51	30,6	10
2:50:50	51	30,6	9
2:51:00	51	30,6	9
2:51:10	51	30,5	10
2:51:20	51	30,5	10
2:51:30	51	30,4	10
2:51:40	51	30,3	10
2:51:50	51	30,3	10
2:52:00	51	30,2	9
2:52:10	51	30,2	10
2:52:20	51	30,1	11
2:52:30	51	30,0	10
2:52:40	51	30,0	10
2:52:50	51	30,0	10
2:53:00	51	29,9	10
2:53:10	51	29,9	10
2:53:20	51	29,9	11
2:53:30	51	29,8	10
2:53:40	51	30,0	10
2:53:50	51	30,0	10
2:54:00	51	30,0	10
2:54:10	51	30,1	10
2:54:20	51	30,2	10
2:54:30	51	30,2	10
2:54:40	51	30,3	10
2:54:50	51	30,4	10
2:55:00	51	30,5	10
2:55:10	51	30,6	10
2:55:20	51	30,6	10
2:55:30	51	30,7	10
2:55:40	51	30,6	11
2:55:50	51	30,6	10
2:56:00	51	30,6	9
2:56:10	51	30,5	10
2:56:20	51	30,4	10
2:56:30	51	30,4	9
2:56:40	51	30,3	10
2:56:50	51	30,2	10
2:57:00	51	30,2	9
2:57:10	51	30,2	10
2:57:20	51	30,1	9
2:57:30	51	30,1	9
2:57:40	51	30,0	11
2:57:50	51	30,0	10
2:58:00	51	29,9	9
2:58:10	51	29,9	10
2:58:20	51	29,9	10
2:58:30	51	29,9	9
2:58:40	51	30,0	10
2:58:50	51	30,1	10
2:59:00	51	30,1	9
2:59:10	51	30,2	10
2:59:20	51	30,3	9
2:59:30	51	30,4	9
2:59:40	51	30,5	10
2:59:50	51	30,6	10
3:00:00	51	30,6	9
3:00:10	51	30,7	10
3:00:20	51	30,7	10
3:00:30	51	30,6	9
3:00:40	51	30,5	10
3:00:50	51	30,5	10
3:01:00	51	30,4	9
3:01:10	51	30,3	11
3:01:20	51	30,3	10
3:01:30	51	30,2	10
3:01:40	51	30,2	10
3:01:50	51	30,1	10
3:02:00	51	30,1	9
3:02:10	51	30,0	10
3:02:20	51	30,0	10
3:02:30	51	30,0	10
3:02:40	51	29,9	11
3:02:50	51	29,9	10
3:03:00	51	29,9	10
3:03:10	51	29,9	10
3:03:20	51	29,9	10
3:03:30	51	30,0	10
3:03:40	51	30,1	11
3:03:50	51	30,2	10
3:04:00	51	30,3	10
3:04:10	51	30,4	10
3:04:20	51	30,5	10
3:04:30	51	30,6	10
3:04:40	51	30,6	10
3:04:50	51	30,7	10
3:05:00	51	30,7	9
3:05:10	51	30,7	10
3:05:20	51	30,7	10
3:05:30	51	30,6	10
3:05:40	51	30,5	10
3:05:50	51	30,5	9
3:06:00	51	30,4	10
3:06:10	51	30,3	10
3:06:20	51	30,3	10
3:06:30	51	30,2	9
3:06:40	51	30,2	10
3:06:50	51	30,1	10
3:07:00	51	30,1	10
3:07:10	51	30,0	11
3:07:20	51	30,0	10
3:07:30	51	29,9	10
3:07:40	51	29,9	10
3:07:50	51	29,9	9
3:08:00	51	29,9	10
3:08:10	51	29,9	10
3:08:20	51	29,9	10
3:08:30	51	30,0	10
3:08:40	51	30,0	10
3:08:50	51	30,1	10
3:09:00	51	30,3	10
3:09:10	51	30,4	10
3:09:20	51	30,5	10
3:09:30	51	30,6	9
3:09:40	51	30,6	10
3:09:50	51	30,7	10
3:10:00	51	30,7	10
3:10:10	51	30,7	10
3:10:20	51	30,7	9
3:10:30	51	30,6	10
3:10:40	51	30,5	10
3:10:50	51	30,4	9
3:11:00	51	30,4	10
3:11:10	51	30,3	10
3:11:20	51	30,3	9
3:11:30	51	30,2	10
3:11:40	51	30,1	10
3:11:50	51	30,1	9
3:12:00	51	30,0	10
3:12:10	51	30,0	11
3:12:20	51	30,0	9
3:12:30	51	29,9	9
3:12:40	51	29,9	10
3:12:50	51	29,9	9
3:13:00	51	29,9	10
3:13:10	51	29,9	10
3:13:20	51	29,9	9
3:13:30	51	30,0	10
3:13:40	51	30,1	10
3:13:50	51	30,2	9
3:14:00	51	30,3	10
3:14:10	51	30,4	10
3:14:20	51	30,5	9
3:14:30	51	30,6	10
3:14:40	51	30,6	10
3:14:50	51	30,7	9
3:15:00	51	30,6	10
3:15:10	51	30,6	10
3:15:20	51	30,5	10
3:15:30	51	30,5	10
3:15:40	51	30,4	10
3:15:50	51	30,3	9
3:16:00	51	30,3	10
3:16:10	51	30,2	11
3:16:20	51	30,2	9
3:16:30	51	30,1	10
3:16:40	51	30,1	10
3:16:50	51	30,0	9
3:17:00	51	30,0	10
3:17:10	51	29,9	9
3:17:20	51	29,9	10
3:17:30	51	29,9	10
3:17:40	51	29,8	10
3:17:50	51	29,9	9
3:18:00	51	29,9	10
3:18:10	51	30,0	10
3:18:20	51	30,1	9
3:18:30	51	30,2	10
3:18:40	51	30,3	10
3:18:50	51	30,4	9
3:19:00	51	30,5	10
3:19:10	51	30,5	11
3:19:20	51	30,6	10
3:19:30	51	30,6	11
3:19:40	51	30,6	11
3:19:50	51	30,6	10
3:20:00	51	30,5	10
3:20:10	51	30,4	10
3:20:20	51	30,4	9
3:20:30	51	30,3	12
3:20:40	51	30,2	10
3:20:50	51	30,2	10
3:21:00	51	30,1	11
3:21:10	51	30,1	11
3:21:20	51	30,0	10
3:21:30	51	30,0	11
3:21:40	51	29,9	11
3:21:50	51	29,9	10
3:22:00	51	29,9	11
3:22:10	51	29,8	12
3:22:20	51	29,9	10
3:22:30	51	29,9	10
3:22:40	51	29,9	10
3:22:50	51	30,0	9
3:23:00	51	30,0	10
3:23:10	51	30,1	11
3:23:20	51	30,2	9
3:23:30	51	30,3	11
3:23:40	51	30,4	11
3:23:50	51	30,5	10
3:24:00	51	30,6	11
3:24:10	51	30,7	10
3:24:20	51	30,7	9
3:24:30	51	30,7	11
3:24:40	51	30,6	10
3:24:50	51	30,6	9
3:25:00	51	30,5	10
3:25:10	51	30,4	10
3:25:20	51	30,3	10
3:25:30	51	30,3	11
3:25:40	51	30,2	11
3:25:50	51	30,2	10
3:26:00	51	30,1	11
3:26:10	51	30,1	11
3:26:20	51	30,0	10
3:26:30	51	30,0	11
3:26:40	51	29,9	10
3:26:50	51	29,9	10
3:27:00	51	29,9	11
3:27:10	51	29,9	10
3:27:20	51	29,9	10
3:27:30	51	29,9	11
3:27:40	51	30,0	10
3:27:50	51	30,1	10
3:28:00	51	30,2	11
3:28:10	51	30,3	10
3:28:20	51	30,4	10
3:28:30	51	30,5	11
3:28:40	51	30,5	10
3:28:50	51	30,6	10
3:29:00	51	30,6	10
3:29:10	51	30,6	10
3:29:20	51	30,6	10
3:29:30	51	30,5	11
3:29:40	51	30,5	10
3:29:50	51	30,4	10
3:30:00	51	30,3	11
3:30:10	51	30,3	10
3:30:20	51	30,2	10
3:30:30	51	30,1	10
3:30:40	51	30,1	10
3:30:50	51	30,1	10
3:31:00	51	30,0	11
3:31:10	51	30,0	10
3:31:20	51	29,9	10
3:31:30	51	29,9	10
3:31:40	51	29,8	10
3:31:50	51	29,8	11
3:32:00	51	29,9	10
3:32:10	51	29,9	10
3:32:20	51	30,0	10
3:32:30	51	30,1	11
3:32:40	51	30,2	10
3:32:50	51	30,3	10
3:33:00	51	30,4	10
3:33:10	51	30,5	10
3:33:20	51	30,6	10
3:33:30	51	30,7	11
3:33:40	51	30,7	10
3:33:50	51	30,8	10
3:34:00	51	30,7	11
3:34:10	51	30,7	10
3:34:20	51	30,6	10
3:34:30	51	30,5	12
3:34:40	51	30,5	10
3:34:50	51	30,4	10
3:35:00	51	30,4	11
3:35:10	51	30,3	10
3:35:20	51	30,2	10
3:35:30	51	30,2	11
3:35:40	51	30,1	10
3:35:50	51	30,1	10
3:36:00	51	30,0	10
3:36:10	51	30,0	10
3:36:20	51	30,0	10
3:36:30	51	29,9	10
3:36:40	51	29,9	10
3:36:50	51	30,0	10
3:37:00	51	30,0	12
3:37:10	51	30,1	10
3:37:20	51	30,1	10
3:37:30	51	30,2	10
3:37:40	51	30,4	9
3:37:50	51	30,4	10
3:38:00	51	30,5	10
3:38:10	51	30,6	9
3:38:20	51	30,7	10
3:38:30	51	30,7	10
3:38:40	51	30,7	10
3:38:50	51	30,6	9
3:39:00	51	30,6	10
3:39:10	51	30,5	9
3:39:20	51	30,4	9
3:39:30	51	30,4	10
3:39:40	51	30,3	9
3:39:50	51	30,3	9
3:40:00	51	30,2	9
3:40:10	51	30,1	9
3:40:20	51	30,1	10
3:40:30	51	30,1	10
3:40:40	51	30,0	9
3:40:50	51	30,0	10
3:41:00	51	29,9	9
3:41:10	51	29,9	9
3:41:20	51	29,9	10
3:41:30	51	30,0	10
3:41:40	51	30,0	9
3:41:50	51	30,1	10
3:42:00	51	30,2	9
3:42:10	51	30,3	9
3:42:20	51	30,3	10
3:42:30	51	30,4	9
3:42:40	51	30,5	9
3:42:50	51	30,6	9
3:43:00	51	30,6	9
3:43:10	51	30,6	9
3:43:20	51	30,6	10
3:43:30	51	30,6	9
3:43:40	51	30,5	9
3:43:50	51	30,4	10
3:44:00	51	30,4	10
3:44:10	51	30,3	9
3:44:20	51	30,2	9
3:44:30	51	30,2	9
3:44:40	51	30,1	9
3:44:50	51	30,1	9
3:45:00	51	30,0	10
3:45:10	51	30,0	9
3:45:20	51	30,0	9
3:45:30	51	29,9	10
3:45:40	51	29,9	9
3:45:50	51	29,9	9
3:46:00	51	29,9	9
3:46:10	51	29,9	9
3:46:20	51	30,0	9
3:46:30	51	30,1	9
3:46:40	51	30,1	9
3:46:50	51	30,2	9
3:47:00	50	30,3	10
3:47:10	50	30,4	9
3:47:20	51	30,5	9
3:47:30	51	30,6	9
3:47:40	51	30,6	9
3:47:50	51	30,7	10
3:48:00	51	30,6	9
3:48:10	51	30,6	9
3:48:20	51	30,5	10
3:48:30	51	30,5	9
3:48:40	51	30,4	9
3:48:50	51	30,3	9
3:49:00	51	30,3	10
3:49:10	51	30,2	9
3:49:20	51	30,2	9
3:49:30	51	30,1	10
3:49:40	51	30,1	9
3:49:50	51	30,0	10
3:50:00	51	30,0	9
3:50:10	51	29,9	9
3:50:20	51	29,9	9
3:50:30	51	29,9	9
3:50:40	51	29,9	9
3:50:50	51	29,9	9
3:51:00	51	29,9	10
3:51:10	51	30,0	9
3:51:20	51	30,1	9
3:51:30	51	30,2	9
3:51:40	51	30,3	9
3:51:50	50	30,4	9
3:52:00	50	30,5	9
3:52:10	51	30,6	9
3:52:20	51	30,6	9
3:52:30	51	30,7	9
3:52:40	51	30,7	9
3:52:50	51	30,7	10
3:53:00	51	30,6	9
3:53:10	51	30,5	9
3:53:20	51	30,4	9
3:53:30	51	30,4	9
3:53:40	51	30,3	9
3:53:50	51	30,2	9
3:54:00	51	30,2	9
3:54:10	51	30,1	9
3:54:20	51	30,1	9
3:54:30	51	30,0	9
3:54:40	51	30,0	9
3:54:50	51	30,0	10
3:55:00	51	29,9	9
3:55:10	51	29,9	9
3:55:20	51	29,9	10
3:55:30	51	29,9	10
3:55:40	51	29,9	9
3:55:50	51	29,9	10
3:56:00	51	30,0	10
3:56:10	51	30,0	9
3:56:20	51	30,1	9
3:56:30	51	30,2	9
3:56:40	50	30,3	9
3:56:50	51	30,4	10
3:57:00	51	30,5	9
3:57:10	51	30,6	9
3:57:20	51	30,6	10
3:57:30	50	30,6	10
3:57:40	51	30,6	9
3:57:50	51	30,5	10
3:58:00	51	30,4	10
3:58:10	51	30,4	9
3:58:20	51	30,3	10
3:58:30	51	30,2	10
3:58:40	51	30,2	9
3:58:50	51	30,1	10
3:59:00	51	30,1	9
3:59:10	51	30,0	9
3:59:20	51	30,0	10
3:59:30	51	29,9	9
3:59:40	51	29,9	9
3:59:50	51	29,9	9
4:00:00	51	29,8	10
4:00:10	51	29,8	9
4:00:20	51	29,9	10
4:00:30	51	29,9	9
4:00:40	51	29,9	9
4:00:50	51	30,0	9
4:01:00	51	30,1	10
4:01:10	51	30,3	9
4:01:20	51	30,4	10
4:01:30	51	30,5	9
4:01:40	51	30,6	9
4:01:50	51	30,7	10
4:02:00	51	30,7	10
4:02:10	51	30,7	9
4:02:20	51	30,6	10
4:02:30	51	30,6	9
4:02:40	51	30,5	9
4:02:50	51	30,4	10
4:03:00	51	30,3	9
4:03:10	51	30,3	9
4:03:20	51	30,2	10
4:03:30	51	30,2	9
4:03:40	51	30,1	9
4:03:50	51	30,1	9
4:04:00	51	30,0	9
4:04:10	51	30,0	9
4:04:20	51	29,9	10
4:04:30	51	29,9	9
4:04:40	51	29,9	9
4:04:50	51	29,8	9
4:05:00	51	29,8	10
4:05:10	51	29,9	9
4:05:20	51	29,9	11
4:05:30	51	30,0	9
4:05:40	51	30,1	9
4:05:50	51	30,2	10
4:06:00	51	30,4	9
4:06:10	51	30,5	9
4:06:20	51	30,5	10
4:06:30	51	30,6	10
4:06:40	51	30,6	9
4:06:50	51	30,7	10
4:07:00	51	30,7	9
4:07:10	51	30,6	9
4:07:20	51	30,5	10
4:07:30	51	30,5	9
4:07:40	51	30,4	9
4:07:50	51	30,3	10
4:08:00	51	30,3	9
4:08:10	51	30,2	9
4:08:20	51	30,2	9
4:08:30	51	30,1	10
4:08:40	51	30,1	9
4:08:50	51	30,0	10
4:09:00	51	30,0	9
4:09:10	51	29,9	9
4:09:20	51	29,9	9
4:09:30	51	29,8	10
4:09:40	51	29,8	9
4:09:50	51	29,9	10
4:10:00	51	30,0	9
4:10:10	51	30,1	9
4:10:20	51	30,1	10
4:10:30	51	30,2	9
4:10:40	51	30,3	9
4:10:50	51	30,4	10
4:11:00	51	30,4	9
4:11:10	51	30,5	9
4:11:20	51	30,6	9
4:11:30	51	30,7	10
4:11:40	51	30,8	9
4:11:50	51	30,8	9
4:12:00	51	30,7	9
4:12:10	51	30,7	9
4:12:20	51	30,6	10
4:12:30	51	30,5	9
4:12:40	51	30,4	9
4:12:50	51	30,4	10
4:13:00	51	30,3	10
4:13:10	51	30,3	9
4:13:20	51	30,2	10
4:13:30	51	30,2	9
4:13:40	51	30,1	9
4:13:50	51	30,1	10
4:14:00	51	30,0	9
4:14:10	51	30,0	9
4:14:20	51	30,0	10
4:14:30	51	29,9	9
4:14:40	51	29,9	9
4:14:50	51	30,0	10
4:15:00	51	30,0	9
4:15:10	51	30,1	9
4:15:20	51	30,2	10
4:15:30	51	30,3	9
4:15:40	51	30,4	9
4:15:50	51	30,5	10
4:16:00	51	30,6	9
4:16:10	51	30,6	9
4:16:20	51	30,7	10
4:16:30	51	30,7	9
4:16:40	51	30,7	9
4:16:50	51	30,6	10
4:17:00	51	30,6	9
4:17:10	51	30,5	9
4:17:20	51	30,4	10
4:17:30	51	30,4	9
4:17:40	51	30,3	9
4:17:50	51	30,3	10
4:18:00	51	30,2	9
4:18:10	51	30,2	9
4:18:20	51	30,1	10
4:18:30	51	30,1	9
4:18:40	51	30,0	9
4:18:50	51	30,0	10
4:19:00	51	29,9	9
4:19:10	51	29,9	9
4:19:20	51	29,9	10
4:19:30	51	29,9	9
4:19:40	51	30,0	9
4:19:50	51	30,1	10
4:20:00	51	30,2	9
4:20:10	51	30,3	9
4:20:20	51	30,4	10
4:20:30	51	30,5	9
4:20:40	51	30,6	9
4:20:50	51	30,6	10
4:21:00	51	30,7	9
4:21:10	51	30,7	9
4:21:20	51	30,7	10
4:21:30	51	30,6	9
4:21:40	51	30,5	9
4:21:50	51	30,5	10
4:22:00	51	30,4	9
4:22:10	51	30,3	9
4:22:20	51	30,3	10
4:22:30	51	30,2	9
4:22:40	51	30,2	9
4:22:50	51	30,1	10
4:23:00	51	30,1	9
4:23:10	51	30,0	9
4:23:20	51	30,0	10
4:23:30	51	29,9	9
4:23:40	51	29,9	9
4:23:50	51	29,9	9
4:24:00	51	29,9	9
4:24:10	51	29,9	9
4:24:20	51	30,0	10
4:24:30	51	30,1	9
4:24:40	51	30,2	9
4:24:50	51	30,3	10
4:25:00	51	30,4	9
4:25:10	51	30,5	9
4:25:20	51	30,6	10
4:25:30	51	30,6	9
4:25:40	51	30,7	9
4:25:50	51	30,7	9
4:26:00	51	30,6	9
4:26:10	51	30,6	9
4:26:20	51	30,5	10
4:26:30	51	30,4	9
4:26:40	51	30,4	9
4:26:50	51	30,3	9
4:27:00	51	30,2	9
4:27:10	51	30,2	9
4:27:20	51	30,1	10
4:27:30	51	30,1	9
4:27:40	51	30,0	9
4:27:50	51	30,0	10
4:28:00	51	30,0	9
4:28:10	51	29,9	9
4:28:20	51	29,9	10
4:28:30	51	29,9	9
4:28:40	51	29,9	9
4:28:50	51	30,0	10
4:29:00	51	30,0	9
4:29:10	51	30,1	9
4:29:20	51	30,2	10
4:29:30	51	30,3	9
4:29:40	51	30,3	9
4:29:50	51	30,4	10
4:30:00	51	30,5	9
4:30:10	51	30,5	9
4:30:20	51	30,6	10
4:30:30	51	30,6	9
4:30:40	51	30,5	9
4:30:50	51	30,5	10
4:31:00	51	30,4	9
4:31:10	51	30,3	9
4:31:20	51	30,3	9
4:31:30	51	30,2	9
4:31:40	51	30,2	10
4:31:50	51	30,1	10
4:32:00	51	30,1	9
4:32:10	51	30,0	10
4:32:20	51	30,0	10
4:32:30	51	29,9	9
4:32:40	51	29,9	10
4:32:50	51	29,9	10
4:33:00	51	29,9	9
4:33:10	51	29,9	9
4:33:20	51	29,9	9
4:33:30	51	30,0	9
4:33:40	51	30,1	10
4:33:50	51	30,2	10
4:34:00	51	30,3	9
4:34:10	51	30,4	9
4:34:20	51	30,5	10
4:34:30	51	30,6	9
4:34:40	51	30,6	11
4:34:50	51	30,7	11
4:35:00	51	30,6	11
4:35:10	51	30,6	11
4:35:20	51	30,5	12
4:35:30	51	30,5	11
4:35:40	51	30,4	12
4:35:50	51	30,3	12
4:36:00	51	30,3	12
4:36:10	51	30,2	12
4:36:20	51	30,1	13
4:36:30	51	30,1	12
4:36:40	51	30,0	12
4:36:50	51	30,0	13
4:37:00	51	30,0	12
4:37:10	51	29,9	12
4:37:20	51	29,9	14
4:37:30	51	29,8	13
4:37:40	51	29,8	13
4:37:50	51	29,8	14
4:38:00	51	29,9	13
4:38:10	51	29,9	13
4:38:20	51	30,0	13
4:38:30	51	30,1	13
4:38:40	51	30,2	13
4:38:50	51	30,3	13
4:39:00	51	30,4	12
4:39:10	51	30,5	13
4:39:20	51	30,6	12
4:39:30	51	30,6	12
4:39:40	51	30,6	13
4:39:50	51	30,6	13
4:40:00	51	30,6	12
4:40:10	51	30,5	13
4:40:20	51	30,5	13
4:40:30	51	30,4	12
4:40:40	51	30,3	12
4:40:50	51	30,3	12
4:41:00	51	30,2	12
4:41:10	51	30,1	13
4:41:20	51	30,1	12
4:41:30	51	30,0	12
4:41:40	51	30,0	12
4:41:50	51	30,0	12
4:42:00	51	29,9	12
4:42:10	51	29,9	12
4:42:20	51	29,8	13
4:42:30	51	29,8	12
4:42:40	51	29,9	12
4:42:50	51	29,9	12
4:43:00	51	30,0	12
4:43:10	51	30,1	12
4:43:20	51	30,2	12
4:43:30	51	30,3	12
4:43:40	51	30,3	13
4:43:50	51	30,4	14
4:44:00	51	30,5	12
4:44:10	51	30,5	12
4:44:20	51	30,6	12
4:44:30	51	30,6	11
4:44:40	51	30,6	12
4:44:50	51	30,5	12
4:45:00	51	30,5	11
4:45:10	51	30,4	13
4:45:20	51	30,3	12
4:45:30	51	30,3	12
4:45:40	51	30,2	12
4:45:50	51	30,2	12
4:46:00	51	30,1	11
4:46:10	51	30,1	12
4:46:20	51	30,0	12
4:46:30	51	30,0	11
4:46:40	51	29,9	12
4:46:50	51	29,9	12
4:47:00	51	29,8	12
4:47:10	51	29,8	12
4:47:20	51	29,8	12
4:47:30	51	29,9	12
4:47:40	51	29,9	12
4:47:50	51	30,0	12
4:48:00	51	30,0	12
4:48:10	51	30,2	12
4:48:20	51	30,3	12
4:48:30	51	30,4	18
4:48:40	51	30,5	18
4:48:50	51	30,6	18
4:49:00	51	30,6	17
4:49:10	51	30,6	18
4:49:20	51	30,7	18
4:49:30	51	30,6	18
4:49:40	51	30,5	18
4:49:50	51	30,5	18
4:50:00	51	30,4	18
4:50:10	51	30,3	18
4:50:20	51	30,3	18
4:50:30	51	30,2	18
4:50:40	51	30,1	19
4:50:50	51	30,1	18
4:51:00	51	30,0	18
4:51:10	51	30,0	19
4:51:20	51	30,0	20
4:51:30	51	29,9	18
4:51:40	51	29,9	19
4:51:50	51	29,8	18
4:52:00	51	29,8	18
4:52:10	51	30,1	18
4:52:20	51	30,1	18
4:52:30	51	30,1	18
4:52:40	51	30,2	18
4:52:50	51	30,2	18
4:53:00	51	30,3	18
4:53:10	51	30,4	18
4:53:20	51	30,5	17
4:53:30	51	30,6	17
4:53:40	51	30,7	17
4:53:50	51	30,8	18
4:54:00	51	29,8	19
4:54:10	51	29,9	18
4:54:20	51	29,9	18
4:54:30	51	29,9	17
4:54:40	51	29,8	18
4:54:50	51	29,8	18
4:55:00	51	30,0	17
4:55:10	51	30,0	18
4:55:20	51	29,9	18
4:55:30	51	29,8	16
4:55:40	51	29,8	16
4:55:50	51	30,1	17
4:56:00	51	30,0	16
4:56:10	51	30,0	16
4:56:20	51	29,9	16
4:56:30	51	29,9	15
4:56:40	51	29,8	16
4:56:50	51	29,8	16
4:57:00	51	29,9	16
4:57:10	51	29,8	16
4:57:20	51	29,8	15
4:57:30	51	29,9	15
4:57:40	51	29,9	16
4:57:50	51	30,0	15
4:58:00	51	30,1	15
4:58:10	51	30,2	16
4:58:20	51	30,3	16
4:58:30	51	30,4	15
4:58:40	51	30,5	15
4:58:50	51	30,6	15
4:59:00	51	30,6	14
4:59:10	51	30,7	16
4:59:20	51	30,7	15
4:59:30	51	30,6	14
4:59:40	51	30,6	15
4:59:50	51	30,5	15
5:00:00	51	30,4	14
5:00:10	51	30,4	14
5:00:20	51	30,3	14
5:00:30	51	30,2	14
5:00:40	51	30,2	15
5:00:50	51	30,1	14
5:01:00	51	30,1	14
5:01:10	51	30,0	14
5:01:20	51	30,0	15
5:01:30	51	29,9	14
5:01:40	51	29,9	15
5:01:50	51	29,9	15
5:02:00	51	29,8	15
5:02:10	51	29,8	15
5:02:20	51	29,9	15
5:02:30	51	29,9	15
5:02:40	51	30,0	15
5:02:50	51	30,2	15
5:03:00	51	30,3	15
5:03:10	51	30,4	15
5:03:20	51	30,4	15
5:03:30	51	30,5	14
5:03:40	51	30,6	15
5:03:50	51	30,6	15
5:04:00	51	30,6	15
5:04:10	51	30,6	15
5:04:20	51	30,6	15
5:04:30	51	30,5	14
5:04:40	51	30,4	14
5:04:50	51	30,4	15
5:05:00	51	30,3	14
5:05:10	51	30,2	14
5:05:20	51	30,2	13
5:05:30	51	30,1	13
5:05:40	51	30,1	14
5:05:50	51	30,0	14
5:06:00	51	30,0	13
5:06:10	51	29,9	13
5:06:20	51	29,9	14
5:06:30	51	29,9	13
5:06:40	51	29,8	13
5:06:50	51	29,8	13
5:07:00	51	29,8	13
5:07:10	51	29,9	14
5:07:20	51	30,0	14
5:07:30	51	30,0	13
5:07:40	51	30,1	13
5:07:50	51	30,2	14
5:08:00	51	30,3	13
5:08:10	51	30,4	13
5:08:20	51	30,5	13
5:08:30	51	30,6	13
5:08:40	51	30,7	13
5:08:50	51	30,7	13
5:09:00	51	30,6	13
5:09:10	51	30,6	13
5:09:20	51	30,5	13
5:09:30	51	30,4	13
5:09:40	51	30,4	14
5:09:50	51	30,3	13
5:10:00	51	30,2	13
5:10:10	51	30,2	14
5:10:20	51	30,1	13
5:10:30	51	30,1	13
5:10:40	51	30,0	14
5:10:50	51	30,0	22
5:11:00	51	29,9	17
5:11:10	51	29,9	18
5:11:20	51	29,9	18
5:11:30	51	29,8	17
5:11:40	51	29,9	18
5:11:50	51	29,9	16
5:12:00	51	30,0	16
5:12:10	51	30,1	16
5:12:20	51	30,2	16
5:12:30	51	30,3	16
5:12:40	51	30,4	16
5:12:50	51	30,5	15
5:13:00	51	30,5	16
5:13:10	51	30,6	16
5:13:20	51	30,7	16
5:13:30	51	30,7	15
5:13:40	51	30,7	16
5:13:50	51	30,7	16
5:14:00	51	30,7	15
5:14:10	51	30,6	16
5:14:20	51	30,5	15
5:14:30	51	30,5	15
5:14:40	51	30,4	15
5:14:50	51	30,3	15
5:15:00	51	30,3	13
5:15:10	51	30,2	13
5:15:20	51	30,2	12
5:15:30	51	30,1	12
5:15:40	51	30,1	13
5:15:50	51	30,0	12
5:16:00	51	30,0	12
5:16:10	51	30,0	12
5:16:20	51	29,9	12
5:16:30	51	29,9	11
5:16:40	51	29,9	12
5:16:50	51	30,0	12
5:17:00	51	30,0	11
5:17:10	51	30,1	12
5:17:20	51	30,2	12
5:17:30	51	30,3	11
5:17:40	51	30,4	12
5:17:50	51	30,5	12
5:18:00	51	30,6	11
5:18:10	51	30,6	12
5:18:20	51	30,7	12
5:18:30	51	30,7	11
5:18:40	51	30,7	11
5:18:50	51	30,7	12
5:19:00	51	30,6	11
5:19:10	51	30,5	12
5:19:20	51	30,5	11
5:19:30	51	30,4	11
5:19:40	51	30,3	11
5:19:50	51	30,3	11
5:20:00	51	30,2	11
5:20:10	51	30,2	11
5:20:20	51	30,1	11
5:20:30	51	30,1	11
5:20:40	51	30,0	11
5:20:50	51	30,0	12
5:21:00	51	30,0	11
5:21:10	51	29,9	11
5:21:20	51	29,9	10
5:21:30	51	29,9	11
5:21:40	51	29,9	11
5:21:50	51	30,0	11
5:22:00	51	30,1	11
5:22:10	51	30,1	11
5:22:20	51	30,2	10
5:22:30	51	30,3	10
5:22:40	51	30,5	11
5:22:50	51	30,6	10
5:23:00	51	30,7	10
5:23:10	51	30,7	10
5:23:20	51	30,8	12
5:23:30	51	30,8	10
5:23:40	51	30,7	11
5:23:50	51	30,7	11
5:24:00	51	30,6	10
5:24:10	51	30,5	11
5:24:20	51	30,4	11
5:24:30	51	30,4	10
5:24:40	51	30,3	11
5:24:50	51	30,3	10
5:25:00	51	30,2	10
5:25:10	51	30,2	11
5:25:20	51	30,1	11
5:25:30	51	30,1	10
5:25:40	51	30,0	10
5:25:50	51	30,0	11
5:26:00	51	29,9	10
5:26:10	51	29,9	10
5:26:20	51	29,9	10
5:26:30	51	29,9	10
5:26:40	51	29,9	10
5:26:50	51	30,0	10
5:27:00	51	30,0	10
5:27:10	51	30,1	11
5:27:20	51	30,2	11
5:27:30	51	30,3	10
5:27:40	51	30,4	10
5:27:50	51	30,5	10
5:28:00	51	30,6	10
5:28:10	51	30,7	10
5:28:20	51	30,7	10
5:28:30	51	30,7	10
5:28:40	51	30,7	10
5:28:50	51	30,6	10
5:29:00	51	30,5	10
5:29:10	51	30,4	10
5:29:20	51	30,4	10
5:29:30	51	30,3	10
5:29:40	51	30,3	10
5:29:50	51	30,2	11
5:30:00	51	30,2	10
5:30:10	51	30,1	10
5:30:20	51	30,1	10
5:30:30	51	30,0	10
5:30:40	51	30,0	10
5:30:50	51	29,9	10
5:31:00	51	29,9	10
5:31:10	51	29,9	10
5:31:20	51	29,9	10
5:31:30	51	29,9	10
5:31:40	51	30,0	10
5:31:50	51	30,0	10
5:32:00	51	30,1	12
5:32:10	51	30,2	12
5:32:20	51	30,3	12
5:32:30	51	30,4	11
5:32:40	51	30,5	12
5:32:50	51	30,6	11
5:33:00	51	30,6	11
5:33:10	51	30,7	12
5:33:20	51	30,7	11
5:33:30	51	30,7	11
5:33:40	51	30,7	11
5:33:50	51	30,6	11
5:34:00	51	30,5	11
5:34:10	51	30,4	11
5:34:20	51	30,4	11
5:34:30	51	30,3	11
5:34:40	51	30,2	11
5:34:50	51	30,2	12
5:35:00	51	30,1	11
5:35:10	51	30,1	11
5:35:20	51	30,0	11
5:35:30	51	30,0	11
5:35:40	51	30,0	11
5:35:50	51	29,9	11
5:36:00	51	29,9	11
5:36:10	51	29,8	11
5:36:20	51	29,8	11
5:36:30	51	29,9	11
5:36:40	51	29,9	11
5:36:50	51	30,0	11
5:37:00	51	30,1	11
5:37:10	51	30,1	10
5:37:20	51	30,2	11
5:37:30	51	30,3	11
5:37:40	51	30,4	11
5:37:50	51	30,5	11
5:38:00	51	30,6	11
5:38:10	51	30,7	11
5:38:20	51	30,7	11
5:38:30	51	30,7	10
5:38:40	51	30,7	11
5:38:50	51	30,7	11
5:39:00	51	30,6	10
5:39:10	51	30,6	11
5:39:20	51	30,5	11
5:39:30	51	30,4	10
5:39:40	51	30,4	10
5:39:50	51	30,3	11
5:40:00	51	30,2	10
5:40:10	51	30,2	10
5:40:20	51	30,1	11
5:40:30	51	30,1	10
5:40:40	51	30,1	10
5:40:50	51	30,0	11
5:41:00	51	30,0	10
5:41:10	51	29,9	10
5:41:20	51	29,9	11
5:41:30	51	29,9	10
5:41:40	51	29,9	10
5:41:50	51	29,9	11
5:42:00	51	30,0	10
5:42:10	51	30,0	10
5:42:20	51	30,1	11
5:42:30	51	30,2	11
5:42:40	51	30,3	11
5:42:50	51	30,4	11
5:43:00	51	30,5	11
5:43:10	51	30,6	11
5:43:20	51	30,7	11
5:43:30	51	30,7	10
5:43:40	51	30,8	10
5:43:50	51	30,7	11
5:44:00	51	30,7	10
5:44:10	51	30,7	11
5:44:20	51	30,6	11
5:44:30	51	30,6	10
5:44:40	51	30,5	11
5:44:50	51	30,4	11
5:45:00	51	30,4	11
5:45:10	51	30,3	10
5:45:20	51	30,2	11
5:45:30	51	30,2	10
5:45:40	51	30,1	10
5:45:50	51	30,1	10
5:46:00	51	30,0	10
5:46:10	51	30,0	10
5:46:20	51	30,0	11
5:46:30	51	29,9	10
5:46:40	51	29,9	10
5:46:50	51	29,9	10
5:47:00	51	29,8	10
5:47:10	51	29,9	10
5:47:20	51	29,9	10
5:47:30	51	30,0	10
5:47:40	51	30,0	10
5:47:50	51	30,1	11
5:48:00	51	30,2	10
5:48:10	51	30,3	10
5:48:20	51	30,4	10
5:48:30	51	30,5	10
5:48:40	51	30,6	10
5:48:50	51	30,7	10
5:49:00	51	30,7	10
5:49:10	51	30,7	10
5:49:20	51	30,7	10
5:49:30	51	30,7	10
5:49:40	51	30,6	10
5:49:50	51	30,5	11
5:50:00	51	30,5	10
5:50:10	51	30,4	10
5:50:20	51	30,3	10
5:50:30	51	30,3	10
5:50:40	51	30,2	10
5:50:50	51	30,2	11
5:51:00	51	30,1	11
5:51:10	51	30,1	10
5:51:20	51	30,0	10
5:51:30	51	30,0	10
5:51:40	51	29,9	10
5:51:50	51	29,9	11
5:52:00	51	29,9	10
5:52:10	51	29,8	10
5:52:20	51	29,8	10
5:52:30	51	29,9	11
5:52:40	51	29,9	10
5:52:50	51	30,0	11
5:53:00	51	30,1	10
5:53:10	51	30,2	10
5:53:20	51	30,3	10
5:53:30	51	30,4	10
5:53:40	51	30,5	10
5:53:50	51	30,5	10
5:54:00	51	30,6	10
5:54:10	51	30,7	10
5:54:20	51	30,8	10
5:54:30	51	30,8	11
5:54:40	51	30,8	10
5:54:50	51	30,8	10
5:55:00	51	30,7	11
5:55:10	51	30,7	10
5:55:20	51	30,6	10
5:55:30	51	30,5	10
5:55:40	51	30,5	10
5:55:50	51	30,4	10
5:56:00	51	30,3	10
5:56:10	51	30,3	10
5:56:20	51	30,2	10
5:56:30	51	30,2	10
5:56:40	51	30,1	10
5:56:50	51	30,1	11
5:57:00	51	30,0	10
5:57:10	51	30,0	10
5:57:20	51	30,0	10
5:57:30	51	29,9	10
5:57:40	51	29,9	10
5:57:50	51	29,9	10
5:58:00	51	29,9	10
5:58:10	51	29,9	10
5:58:20	51	30,0	11
5:58:30	51	30,1	10
5:58:40	51	30,2	10
5:58:50	51	30,3	10
5:59:00	51	30,4	10
5:59:10	51	30,5	10
5:59:20	51	30,6	10
5:59:30	51	30,7	10
5:59:40	51	30,7	10
5:59:50	51	30,7	10
6:00:00	51	30,8	10
6:00:10	51	30,8	10
6:00:20	51	30,7	10
6:00:30	51	30,7	11
6:00:40	51	30,6	10
6:00:50	51	30,5	10
6:01:00	51	30,4	12
6:01:10	51	30,4	10
6:01:20	51	30,3	10
6:01:30	51	30,3	11
6:01:40	51	30,2	10
6:01:50	51	30,2	10
6:02:00	51	30,1	10
6:02:10	51	30,1	10
6:02:20	51	30,0	10
6:02:30	51	30,0	10
6:02:40	51	29,9	10
6:02:50	51	29,9	10
6:03:00	51	29,9	10
6:03:10	51	29,8	10
6:03:20	51	29,9	10
6:03:30	51	29,9	11
6:03:40	51	30,0	10
6:03:50	51	30,0	10
6:04:00	51	30,1	10
6:04:10	51	30,2	10
6:04:20	51	30,3	10
6:04:30	51	30,4	11
6:04:40	51	30,5	10
6:04:50	51	30,5	10
6:05:00	51	30,6	13
6:05:10	51	30,7	12
6:05:20	51	30,8	11
6:05:30	51	30,8	12
6:05:40	51	30,8	11
6:05:50	51	30,7	11
6:06:00	51	30,7	12
6:06:10	51	30,6	11
6:06:20	51	30,5	11
6:06:30	51	30,4	12
6:06:40	51	30,4	11
6:06:50	51	30,3	11
6:07:00	51	30,2	12
6:07:10	51	30,2	11
6:07:20	51	30,1	11
6:07:30	51	30,1	12
6:07:40	51	30,1	11
6:07:50	51	30,0	11
6:08:00	51	30,0	12
6:08:10	51	29,9	11
6:08:20	51	29,9	11
6:08:30	51	29,9	11
6:08:40	51	29,9	11
6:08:50	51	29,9	11
6:09:00	51	29,9	11
6:09:10	51	30,0	12
6:09:20	51	30,1	11
6:09:30	51	30,1	11
6:09:40	51	30,2	11
6:09:50	51	30,3	11
6:10:00	51	30,4	11
6:10:10	51	30,5	11
6:10:20	51	30,5	11
6:10:30	51	30,6	11
6:10:40	51	30,6	11
6:10:50	51	30,7	11
6:11:00	51	30,7	11
6:11:10	51	30,7	11
6:11:20	51	30,6	11
6:11:30	51	30,5	11
6:11:40	51	30,4	11
6:11:50	51	30,4	11
6:12:00	51	30,3	11
6:12:10	51	30,2	11
6:12:20	51	30,2	11
6:12:30	51	30,1	11
6:12:40	51	30,1	11
6:12:50	51	30,0	11
6:13:00	51	30,0	11
6:13:10	51	30,0	12
6:13:20	51	29,9	11
6:13:30	51	29,9	12
6:13:40	51	29,9	11
6:13:50	51	29,8	11
6:14:00	51	29,8	11
6:14:10	51	29,9	12
6:14:20	51	29,9	11
6:14:30	51	30,0	12
6:14:40	51	30,1	11
6:14:50	51	30,2	10
6:15:00	51	30,3	11
6:15:10	51	30,4	11
6:15:20	51	30,5	10
6:15:30	51	30,6	11
6:15:40	51	30,7	11
6:15:50	51	30,7	10
6:16:00	51	30,7	11
6:16:10	51	30,8	13
6:16:20	51	30,7	10
6:16:30	51	30,7	11
6:16:40	51	30,6	11
6:16:50	51	30,5	11
6:17:00	51	30,5	11
6:17:10	51	30,4	11
6:17:20	51	30,3	11
6:17:30	51	30,3	11
6:17:40	51	30,2	12
6:17:50	51	30,2	11
6:18:00	51	30,1	11
6:18:10	51	30,1	11
6:18:20	51	30,0	11
6:18:30	51	30,0	11
6:18:40	51	29,9	11
6:18:50	51	29,9	11
6:19:00	51	29,9	11
6:19:10	51	29,8	11
6:19:20	51	29,9	11
6:19:30	51	29,9	11
6:19:40	51	29,9	11
6:19:50	51	29,9	11
6:20:00	51	30,0	11
6:20:10	51	30,1	13
6:20:20	51	30,2	11
6:20:30	51	30,3	11
6:20:40	51	30,4	13
6:20:50	51	30,5	11
6:21:00	51	30,6	11
6:21:10	51	30,7	12
6:21:20	51	30,7	12
6:21:30	51	30,8	11
6:21:40	51	30,8	12
6:21:50	51	30,8	11
6:22:00	51	30,8	11
6:22:10	51	30,7	13
6:22:20	51	30,6	11
6:22:30	51	30,5	11
6:22:40	51	30,5	11
6:22:50	51	30,4	11
6:23:00	51	30,3	11
6:23:10	51	30,3	11
6:23:20	51	30,2	11
6:23:30	51	30,2	11
6:23:40	51	30,1	12
6:23:50	51	30,1	12
6:24:00	51	30,0	11
6:24:10	51	30,0	12
6:24:20	51	30,0	12
6:24:30	51	29,9	11
6:24:40	51	29,9	12
6:24:50	51	29,9	12
6:25:00	51	29,9	11
6:25:10	51	29,9	13
6:25:20	51	29,9	12
6:25:30	51	30,0	11
6:25:40	51	30,1	11
6:25:50	51	30,2	11
6:26:00	51	30,3	11
6:26:10	51	30,4	12
6:26:20	51	30,5	12
6:26:30	51	30,6	11
6:26:40	51	30,7	11
6:26:50	51	30,8	11
6:27:00	51	30,8	11
6:27:10	51	30,8	12
6:27:20	51	30,8	12
6:27:30	51	30,8	11
6:27:40	51	30,7	12
6:27:50	51	30,6	11
6:28:00	51	30,6	11
6:28:10	51	30,5	11
6:28:20	51	30,4	11
6:28:30	51	30,4	11
6:28:40	51	30,3	12
6:28:50	51	30,2	12
6:29:00	51	30,2	11
6:29:10	51	30,1	12
6:29:20	51	30,1	11
6:29:30	51	30,0	11
6:29:40	51	30,0	12
6:29:50	51	30,0	13
6:30:00	51	29,9	11
6:30:10	51	29,9	12
6:30:20	51	29,9	11
6:30:30	51	29,9	12
6:30:40	51	29,9	12
6:30:50	51	29,9	11
6:31:00	51	29,9	11
6:31:10	51	30,0	12
6:31:20	51	30,1	11
6:31:30	51	30,2	11
6:31:40	51	30,3	12
6:31:50	51	30,4	12
6:32:00	51	30,5	11
6:32:10	51	30,6	12
6:32:20	51	30,7	13
6:32:30	51	30,7	11
6:32:40	51	30,7	12
6:32:50	51	30,7	12
6:33:00	51	30,7	12
6:33:10	51	30,6	12
6:33:20	51	30,5	12
6:33:30	51	30,5	12
6:33:40	51	30,4	12
6:33:50	51	30,3	12
6:34:00	51	30,3	12
6:34:10	51	30,2	12
6:34:20	51	30,2	13
6:34:30	51	30,1	11
6:34:40	51	30,1	12
6:34:50	51	30,0	14
6:35:00	51	30,0	12
6:35:10	51	29,9	12
6:35:20	51	29,9	13
6:35:30	51	29,9	11
6:35:40	51	29,8	12
6:35:50	51	29,8	13
6:36:00	51	29,9	11
6:36:10	51	29,9	12
6:36:20	51	29,9	13
6:36:30	51	30,0	12
6:36:40	51	30,1	12
6:36:50	51	30,2	13
6:37:00	51	30,3	12
6:37:10	51	30,3	12
6:37:20	51	30,5	12
6:37:30	51	30,6	12
6:37:40	51	30,7	12
6:37:50	51	30,7	12
6:38:00	51	30,8	12
6:38:10	51	30,0	12
6:38:20	51	30,0	13
6:38:30	51	30,1	12
6:38:40	51	30,0	12
6:38:50	51	30,0	13
6:39:00	51	29,9	12
6:39:10	51	29,8	12
6:39:20	51	29,8	13
6:39:30	51	29,8	12
6:39:40	51	29,8	12
6:39:50	51	29,8	13
6:40:00	51	30,0	12
6:40:10	51	29,9	12
6:40:20	51	29,9	14
6:40:30	51	29,8	12
6:40:40	51	29,8	12
6:40:50	51	30,0	14
6:41:00	51	29,9	12
6:41:10	51	29,9	12
6:41:20	51	29,9	13
6:41:30	51	29,8	12
6:41:40	51	29,9	12
6:41:50	51	29,9	13
6:42:00	51	29,9	12
6:42:10	51	29,9	12
6:42:20	51	30,0	13
6:42:30	51	30,1	12
6:42:40	51	30,2	12
6:42:50	51	30,2	13
6:43:00	51	30,3	13
6:43:10	51	30,4	13
6:43:20	51	30,5	13
6:43:30	51	30,6	13
6:43:40	51	30,7	12
6:43:50	51	30,7	13
6:44:00	51	30,8	12
6:44:10	51	30,8	12
6:44:20	51	30,8	13
6:44:30	51	30,7	12
6:44:40	51	30,6	12
6:44:50	51	30,6	13
6:45:00	51	30,5	13
6:45:10	51	30,4	12
6:45:20	51	30,4	13
6:45:30	51	30,3	13
6:45:40	51	30,3	12
6:45:50	51	30,2	17
6:46:00	51	30,1	15
6:46:10	51	30,1	14
6:46:20	51	30,0	16
6:46:30	51	30,0	16
6:46:40	51	30,0	15
6:46:50	51	29,9	17
6:47:00	51	29,9	15
6:47:10	51	29,9	13
6:47:20	51	29,8	16
6:47:30	51	29,9	15
6:47:40	51	29,9	14
6:47:50	51	30,0	15
6:48:00	51	30,0	14
6:48:10	51	30,1	13
6:48:20	51	30,2	14
6:48:30	51	30,3	14
6:48:40	51	30,4	13
6:48:50	51	30,5	14
6:49:00	51	30,6	14
6:49:10	51	30,7	13
6:49:20	51	30,8	14
6:49:30	51	30,8	14
6:49:40	51	30,0	13
6:49:50	51	30,1	15
6:50:00	51	30,1	14
6:50:10	51	30,1	13
6:50:20	51	30,1	14
6:50:30	51	30,0	14
6:50:40	51	30,0	14
6:50:50	51	29,9	14
6:51:00	51	29,8	16
6:51:10	51	29,9	15
6:51:20	51	29,9	15
6:51:30	51	29,8	14
6:51:40	51	30,2	15
6:51:50	51	30,1	15
6:52:00	51	30,1	15
6:52:10	51	30,0	15
6:52:20	51	30,0	15
6:52:30	51	29,9	16
6:52:40	51	29,9	15
6:52:50	51	29,9	15
6:53:00	51	29,8	15
6:53:10	51	30,1	14
6:53:20	51	30,0	14
6:53:30	51	30,0	15
6:53:40	51	30,0	14
6:53:50	51	29,9	14
6:54:00	51	29,9	16
6:54:10	51	29,9	15
6:54:20	51	29,8	15
6:54:30	51	29,8	16
6:54:40	51	30,2	15
6:54:50	51	30,1	15
6:55:00	51	30,1	16
6:55:10	51	30,1	15
6:55:20	51	30,1	15
6:55:30	51	30,1	16
6:55:40	51	30,1	15
6:55:50	51	30,1	15
6:56:00	51	30,1	15
6:56:10	51	30,1	15
6:56:20	51	30,2	15
6:56:30	51	30,2	16
6:56:40	51	30,3	15
6:56:50	51	30,4	14
6:57:00	51	30,4	16
6:57:10	51	30,5	16
6:57:20	51	30,6	15
6:57:30	51	30,6	15
6:57:40	51	30,7	16
6:57:50	51	30,8	15
6:58:00	51	30,0	15
6:58:10	51	30,1	17
6:58:20	51	30,2	14
6:58:30	51	30,3	15
6:58:40	51	30,4	14
6:58:50	51	30,5	14
6:59:00	51	30,6	15
6:59:10	50	30,6	14
6:59:20	50	30,6	14
6:59:30	50	30,7	15
6:59:40	50	30,7	14
6:59:50	50	30,7	14
7:00:00	51	30,7	14
7:00:10	51	30,7	14
7:00:20	51	30,7	14
7:00:30	51	30,6	15
7:00:40	51	30,6	14
7:00:50	51	30,5	14
7:01:00	51	30,4	14
7:01:10	51	30,4	14
7:01:20	51	30,3	14
7:01:30	51	30,2	14
7:01:40	51	30,2	14
7:01:50	51	30,1	14
7:02:00	51	30,0	15
7:02:10	51	30,0	14
7:02:20	51	29,9	14
7:02:30	51	29,9	15
7:02:40	51	29,8	14
7:02:50	51	29,8	16
7:03:00	51	30,1	16
7:03:10	51	30,0	15
7:03:20	51	30,0	15
7:03:30	51	30,0	15
7:03:40	51	29,9	15
7:03:50	51	29,9	15
7:04:00	51	29,9	16
7:04:10	51	29,8	15
7:04:20	51	30,2	14
7:04:30	51	30,1	16
7:04:40	51	30,1	15
7:04:50	51	30,1	15
7:05:00	51	30,0	16
7:05:10	51	30,0	16
7:05:20	51	30,0	14
7:05:30	51	29,9	15
7:05:40	51	29,9	17
7:05:50	51	29,9	14
7:06:00	51	29,9	16
7:06:10	51	29,9	15
7:06:20	51	29,8	15
7:06:30	51	29,8	16
7:06:40	51	29,9	15
7:06:50	51	29,9	15
7:07:00	51	29,9	16
7:07:10	51	30,0	15
7:07:20	51	30,0	15
7:07:30	51	30,0	17
7:07:40	51	30,1	17
7:07:50	51	30,2	15
7:08:00	51	30,2	17
7:08:10	51	30,3	17
7:08:20	51	30,4	15
7:08:30	51	30,5	17
7:08:40	51	30,6	17
7:08:50	51	30,7	17
7:09:00	51	30,8	18
7:09:10	51	30,8	19
7:09:20	51	29,9	15
7:09:30	51	30,0	17
7:09:40	51	30,1	19
7:09:50	51	30,2	16
7:10:00	51	30,3	17
7:10:10	50	30,4	17
7:10:20	51	30,5	15
7:10:30	51	30,5	17
7:10:40	51	30,6	18
7:10:50	51	30,6	16
7:11:00	51	30,6	17
7:11:10	51	30,6	18
7:11:20	51	30,6	16
7:11:30	51	30,6	17
7:11:40	51	30,5	19
7:11:50	51	30,5	17
7:12:00	51	30,4	17
7:12:10	51	30,3	18
7:12:20	51	30,2	16
7:12:30	51	30,2	17
7:12:40	51	30,1	18
7:12:50	51	30,0	16
7:13:00	51	30,0	17
7:13:10	51	29,9	17
7:13:20	51	29,8	17
7:13:30	51	29,9	16
7:13:40	51	29,8	18
7:13:50	51	30,2	16
7:14:00	51	30,2	17
7:14:10	51	30,1	18
7:14:20	51	30,1	17
7:14:30	51	30,0	16
7:14:40	51	30,0	18
7:14:50	51	30,0	17
7:15:00	51	29,9	17
7:15:10	51	29,9	20
7:15:20	51	29,9	17
7:15:30	51	29,8	18
7:15:40	51	29,8	22
7:15:50	51	30,0	18
7:16:00	51	30,0	18
7:16:10	51	30,0	20
7:16:20	51	29,9	18
7:16:30	51	29,9	20
7:16:40	51	29,9	19
7:16:50	51	29,9	18
7:17:00	51	29,8	18
7:17:10	51	29,8	21
7:17:20	51	29,9	18
7:17:30	51	29,9	17
7:17:40	51	29,8	21
7:17:50	51	29,8	19
7:18:00	51	29,9	18
7:18:10	51	29,8	20
7:18:20	51	29,8	19
7:18:30	51	29,9	17
7:18:40	51	29,9	21
7:18:50	51	29,9	20
7:19:00	51	29,8	18
7:19:10	51	29,8	22
7:19:20	51	29,9	19
7:19:30	51	29,8	18
7:19:40	51	29,8	20
7:19:50	51	29,8	20
7:20:00	51	29,9	17
7:20:10	51	29,9	21
7:20:20	51	29,9	20
7:20:30	51	29,9	18
7:20:40	51	29,9	23
7:20:50	51	29,9	21
7:21:00	51	30,0	18
7:21:10	51	30,1	21
7:21:20	51	30,1	21
7:21:30	51	30,2	19
7:21:40	51	30,2	22
7:21:50	51	30,3	20
7:22:00	51	30,3	18
7:22:10	51	30,4	22
7:22:20	51	30,4	24
7:22:30	51	30,5	22
7:22:40	51	30,6	23
7:22:50	51	30,6	26
7:23:00	51	30,7	22
7:23:10	51	30,8	23
7:23:20	51	30,8	23
7:23:30	51	29,9	20
7:23:40	51	30,0	23
7:23:50	51	30,1	23
7:24:00	51	30,2	21
7:24:10	50	30,2	23
7:24:20	50	30,3	23
7:24:30	50	30,4	20
7:24:40	50	30,4	23
7:24:50	51	30,5	27
7:25:00	50	30,5	22
7:25:10	50	30,5	24
7:25:20	50	30,6	23
7:25:30	51	30,7	22
7:25:40	51	30,7	25
7:25:50	50	30,7	27
7:26:00	50	30,7	24
7:26:10	50	30,7	26
7:26:20	50	30,7	25
7:26:30	50	30,6	24
7:26:40	50	30,6	29
7:26:50	50	30,6	27
7:27:00	51	30,5	26
7:27:10	51	30,5	27
7:27:20	51	30,5	26
7:27:30	51	30,4	24
7:27:40	51	30,4	26
7:27:50	51	30,3	26
7:28:00	51	30,2	25
7:28:10	51	30,2	26
7:28:20	51	30,1	26
7:28:30	51	30,1	25
7:28:40	51	30,0	26
7:28:50	51	29,9	27
7:29:00	51	29,9	25
7:29:10	51	29,8	26
7:29:20	51	29,8	30
7:29:30	51	29,8	26
7:29:40	51	29,8	27
7:29:50	51	30,0	27
7:30:00	51	29,9	26
7:30:10	51	29,9	27
7:30:20	51	29,9	28
7:30:30	51	29,8	26
7:30:40	51	30,0	27
7:30:50	51	30,0	28
7:31:00	51	30,0	27
7:31:10	51	29,9	28
7:31:20	51	29,9	29
7:31:30	51	29,9	29
7:31:40	51	29,9	29
7:31:50	51	29,8	30
7:32:00	51	29,8	29
7:32:10	51	29,8	29
7:32:20	51	29,8	32
7:32:30	51	29,9	31
7:32:40	51	29,8	31
7:32:50	51	29,8	32
7:33:00	51	29,9	31
7:33:10	51	29,8	32
7:33:20	51	29,9	32
7:33:30	51	29,8	30
7:33:40	51	29,8	31
7:33:50	51	29,9	32
7:34:00	51	29,8	30
7:34:10	51	29,8	31
7:34:20	51	29,8	32
7:34:30	51	29,8	31
7:34:40	51	29,9	31
7:34:50	51	29,8	33
7:35:00	51	29,8	31
7:35:10	51	29,8	32
7:35:20	51	29,8	33
7:35:30	51	29,9	32
7:35:40	51	29,9	32
7:35:50	51	29,9	34
7:36:00	51	29,9	32
7:36:10	51	29,9	32
7:36:20	51	29,8	33
7:36:30	51	29,8	33
7:36:40	51	29,9	33
7:36:50	51	29,9	33
7:37:00	51	29,9	33
7:37:10	51	29,9	33
7:37:20	51	29,9	34
7:37:30	51	29,8	32
7:37:40	51	29,8	33
7:37:50	51	29,8	35
7:38:00	51	29,8	34
7:38:10	51	29,9	34
7:38:20	51	29,9	34
7:38:30	51	29,9	34
7:38:40	51	29,9	34
7:38:50	51	29,9	35
7:39:00	51	29,9	34
7:39:10	51	29,9	35
7:39:20	51	29,9	35
7:39:30	51	29,9	34
7:39:40	51	29,9	35
7:39:50	51	29,9	36
7:40:00	51	29,9	34
7:40:10	51	30,0	35
7:40:20	51	30,0	36
7:40:30	51	30,0	35
7:40:40	51	30,1	35
7:40:50	51	30,1	36
7:41:00	51	30,1	35
7:41:10	51	30,2	35
7:41:20	51	30,2	36
7:41:30	51	30,3	35
7:41:40	51	30,3	35
7:41:50	51	30,4	36
7:42:00	51	30,4	35
7:42:10	51	30,5	36
7:42:20	51	30,5	36
7:42:30	51	30,6	36
7:42:40	51	30,6	36
7:42:50	51	30,7	36
7:43:00	51	30,7	35
7:43:10	51	30,8	35
7:43:20	51	30,8	37
7:43:30	51	29,8	35
7:43:40	51	29,9	35
7:43:50	51	30,0	37
7:44:00	51	30,1	35
7:44:10	50	30,1	35
7:44:20	51	30,2	36
7:44:30	50	30,3	35
7:44:40	50	30,3	34
7:44:50	50	30,4	38
7:45:00	50	30,5	36
7:45:10	50	30,5	34
7:45:20	50	30,6	35
7:45:30	50	30,6	34
7:45:40	50	30,7	34
7:45:50	50	30,7	34
7:46:00	50	30,7	33
7:46:10	50	30,7	33
7:46:20	50	30,8	34
7:46:30	50	30,8	32
7:46:40	50	30,8	32
7:46:50	50	30,8	33
7:47:00	50	30,8	31
7:47:10	50	30,8	31
7:47:20	50	30,8	33
7:47:30	50	30,8	30
7:47:40	50	30,8	30
7:47:50	50	30,8	33
7:48:00	50	30,8	30
7:48:10	50	30,7	31
7:48:20	50	30,7	31
7:48:30	50	30,7	30
7:48:40	50	30,7	29
7:48:50	51	30,7	30
7:49:00	51	30,6	29
7:49:10	51	30,6	29
7:49:20	51	30,5	31
7:49:30	51	30,5	29
7:49:40	51	30,4	29
7:49:50	51	30,3	31
7:50:00	51	30,3	28
7:50:10	51	30,2	27
7:50:20	51	30,2	29
7:50:30	51	30,1	29
7:50:40	51	30,1	28
7:50:50	51	30,0	31
7:51:00	51	30,0	28
7:51:10	51	29,9	28
7:51:20	51	29,9	30
7:51:30	51	29,8	27
7:51:40	51	30,1	28
7:51:50	51	30,1	30
7:52:00	51	30,0	27
7:52:10	51	30,0	27
7:52:20	51	30,0	30
7:52:30	51	29,9	27
7:52:40	51	29,9	27
7:52:50	51	29,9	30
7:53:00	51	29,8	28
7:53:10	51	29,8	27
7:53:20	51	30,0	29
7:53:30	51	30,0	27
7:53:40	51	30,0	27
7:53:50	51	29,9	30
7:54:00	51	29,9	27
7:54:10	51	29,9	27
7:54:20	51	29,9	29
7:54:30	51	29,9	27
7:54:40	51	29,8	27
7:54:50	51	29,8	28
7:55:00	51	30,1	26
7:55:10	51	30,1	28
7:55:20	51	30,0	29
7:55:30	51	30,0	26
7:55:40	51	30,0	27
7:55:50	51	30,0	31
7:56:00	51	29,9	27
7:56:10	51	29,9	27
7:56:20	51	29,9	30
7:56:30	51	29,9	26
7:56:40	51	29,9	28
7:56:50	51	29,9	29
7:57:00	51	29,8	26
7:57:10	51	29,8	27
7:57:20	51	29,9	28
7:57:30	51	29,9	26
7:57:40	51	29,9	27
7:57:50	51	29,9	28
7:58:00	51	29,8	25
7:58:10	51	29,8	26
7:58:20	51	29,9	28
7:58:30	51	29,9	25
7:58:40	51	29,8	28
7:58:50	51	29,8	29
7:59:00	51	29,8	26
7:59:10	51	29,9	27
7:59:20	51	29,9	27
7:59:30	51	29,9	26
7:59:40	51	29,8	27
7:59:50	51	29,8	27
8:00:00	51	29,9	27
8:00:10	51	29,9	27
8:00:20	51	29,9	27
8:00:30	51	29,8	26
8:00:40	51	29,8	26
8:00:50	51	29,9	27
8:01:00	51	29,9	26
8:01:10	51	29,9	27
8:01:20	51	29,9	27
8:01:30	51	29,8	25
8:01:40	51	29,8	26
8:01:50	51	29,9	28
8:02:00	51	29,9	26
8:02:10	51	29,9	27
8:02:20	51	29,9	27
8:02:30	51	29,9	25
8:02:40	51	29,9	26
8:02:50	51	29,9	27
8:03:00	51	29,9	25
8:03:10	51	30,0	26
8:03:20	51	30,0	28
8:03:30	51	30,0	26
8:03:40	51	30,0	27
8:03:50	51	30,1	29
8:04:00	51	30,1	24
8:04:10	51	30,1	27
8:04:20	51	30,2	29
8:04:30	51	30,2	25
8:04:40	51	30,3	27
8:04:50	51	30,3	27
8:05:00	51	30,4	26
8:05:10	51	30,4	26
8:05:20	51	30,5	28
8:05:30	51	30,5	25
8:05:40	51	30,6	26
8:05:50	51	30,6	27
8:06:00	51	30,7	26
8:06:10	51	30,7	27
8:06:20	51	30,8	28
8:06:30	51	30,8	25
8:06:40	50	29,9	26
8:06:50	50	29,9	28
8:07:00	50	30,0	24
8:07:10	50	30,1	26
8:07:20	50	30,2	29
8:07:30	50	30,2	24
8:07:40	50	30,3	26
8:07:50	50	30,4	27
8:08:00	50	30,4	25
8:08:10	50	30,5	26
8:08:20	50	30,5	27
8:08:30	50	30,6	25
8:08:40	50	30,6	26
8:08:50	50	30,6	27
8:09:00	50	30,7	24
8:09:10	50	30,7	25
8:09:20	50	30,7	26
8:09:30	50	30,7	25
8:09:40	50	30,7	25
8:09:50	50	30,7	26
8:10:00	50	30,7	25
8:10:10	50	30,7	25
8:10:20	50	30,7	26
8:10:30	50	30,7	25
8:10:40	50	30,7	25
8:10:50	50	30,7	26
8:11:00	50	30,7	25
8:11:10	50	30,7	25
8:11:20	50	30,6	26
8:11:30	50	30,6	25
8:11:40	50	30,6	25
8:11:50	50	30,5	27
8:12:00	51	30,5	24
8:12:10	50	30,5	25
8:12:20	51	30,4	26
8:12:30	50	30,4	24
8:12:40	51	30,3	25
8:12:50	50	30,2	25
8:13:00	51	30,2	24
8:13:10	51	30,1	25
8:13:20	51	30,1	25
8:13:30	51	30,0	24
8:13:40	51	30,0	25
8:13:50	51	29,9	25
8:14:00	51	29,9	24
8:14:10	51	29,8	24
8:14:20	51	29,8	27
8:14:30	51	29,8	25
8:14:40	51	29,8	24
8:14:50	51	29,8	27
8:15:00	51	30,0	24
8:15:10	51	30,0	25
8:15:20	51	30,0	26
8:15:30	51	29,9	24
8:15:40	51	29,9	24
8:15:50	51	29,9	28
8:16:00	51	29,8	24
8:16:10	51	29,8	25
8:16:20	51	29,9	28
8:16:30	51	29,8	24
8:16:40	51	29,8	25
8:16:50	51	30,0	27
8:17:00	51	30,0	24
8:17:10	51	29,9	25
8:17:20	51	29,9	27
8:17:30	51	29,9	24
8:17:40	51	29,9	25
8:17:50	51	29,8	26
8:18:00	51	29,8	25
8:18:10	51	30,0	24
8:18:20	51	30,0	26
8:18:30	51	30,0	24
8:18:40	51	30,0	24
8:18:50	51	29,9	26
8:19:00	51	29,9	25
8:19:10	51	29,9	24
8:19:20	51	29,9	26
8:19:30	51	29,9	24
8:19:40	51	29,9	24
8:19:50	51	29,8	26
8:20:00	51	29,8	24
8:20:10	51	29,9	24
8:20:20	51	29,8	26
8:20:30	51	29,8	25
8:20:40	51	29,8	24
8:20:50	51	29,8	26
8:21:00	51	29,8	25
8:21:10	51	29,8	25
8:21:20	51	29,9	26
8:21:30	51	29,9	25
8:21:40	51	29,9	24
8:21:50	51	29,8	26
8:22:00	51	29,8	25
8:22:10	51	29,8	25
8:22:20	51	29,8	26
8:22:30	51	29,8	26
8:22:40	51	29,9	24
8:22:50	51	29,9	27
8:23:00	51	29,9	26
8:23:10	51	29,8	24
8:23:20	51	29,8	26
8:23:30	51	29,8	25
8:23:40	51	29,8	24
8:23:50	51	29,9	26
8:24:00	51	29,9	25
8:24:10	51	29,9	24
8:24:20	51	29,9	26
8:24:30	51	29,9	25
8:24:40	51	29,9	25
8:24:50	51	29,9	26
8:25:00	51	29,8	26
8:25:10	51	29,8	25
8:25:20	51	29,9	27
8:25:30	51	29,9	26
8:25:40	51	29,8	25
8:25:50	51	29,8	27
8:26:00	51	29,8	25
8:26:10	51	29,8	25
8:26:20	51	29,9	26
8:26:30	51	29,9	25
8:26:40	51	29,9	25
8:26:50	51	29,9	27
8:27:00	51	29,9	26
8:27:10	51	29,9	25
8:27:20	51	29,9	27
8:27:30	51	29,9	26
8:27:40	51	29,9	25
8:27:50	51	30,0	26
8:28:00	51	30,0	26
8:28:10	51	30,1	25
8:28:20	51	30,1	27
8:28:30	51	30,1	26
8:28:40	51	30,1	25
8:28:50	51	30,2	27
8:29:00	51	30,2	27
8:29:10	51	30,3	26
8:29:20	51	30,3	27
8:29:30	51	30,4	27
8:29:40	51	30,4	25
8:29:50	51	30,4	27
8:30:00	51	30,5	27
8:30:10	51	30,5	26
8:30:20	51	30,6	27
8:30:30	51	30,6	27
8:30:40	51	30,6	26
8:30:50	51	30,7	28
8:31:00	51	30,7	29
8:31:10	51	30,8	27
8:31:20	51	30,8	28
8:31:30	51	30,9	28
8:31:40	50	29,9	26
8:31:50	51	30,0	28
8:32:00	51	30,0	27
8:32:10	50	30,1	27
8:32:20	50	30,1	27
8:32:30	50	30,2	27
8:32:40	50	30,2	27
8:32:50	50	30,3	27
8:33:00	51	30,3	28
8:33:10	50	30,4	28
8:33:20	50	30,4	28
8:33:30	50	30,4	28
8:33:40	50	30,4	27
8:33:50	51	30,4	28
8:34:00	50	30,5	28
8:34:10	50	30,5	28
8:34:20	50	30,5	28
8:34:30	51	30,5	29
8:34:40	51	30,5	27
8:34:50	50	30,5	28
8:35:00	50	30,5	30
8:35:10	50	30,5	28
8:35:20	50	30,4	28
8:35:30	50	30,4	29
8:35:40	50	30,3	28
8:35:50	51	30,3	28
8:36:00	50	30,3	29
8:36:10	51	30,3	28
8:36:20	51	30,2	28
8:36:30	50	30,1	29
8:36:40	50	30,1	28
8:36:50	50	30,0	28
8:37:00	51	30,0	29
8:37:10	51	29,9	28
8:37:20	51	29,9	28
8:37:30	51	29,8	29
8:37:40	51	29,9	28
8:37:50	51	29,9	29
8:38:00	51	29,8	29
8:38:10	51	29,9	29
8:38:20	51	29,8	29
8:38:30	51	29,9	29
8:38:40	51	29,8	28
8:38:50	51	29,8	29
8:39:00	51	29,8	30
8:39:10	51	29,8	29
8:39:20	51	29,9	29
8:39:30	51	29,8	30
8:39:40	51	29,8	29
8:39:50	51	29,9	29
8:40:00	51	29,8	30
8:40:10	51	29,8	29
8:40:20	51	29,8	30
8:40:30	51	29,9	31
8:40:40	51	29,9	29
8:40:50	51	29,8	30
8:41:00	51	29,8	32
8:41:10	51	29,9	29
8:41:20	51	29,8	30
8:41:30	51	29,9	32
8:41:40	51	29,8	29
8:41:50	51	29,9	30
8:42:00	51	29,9	32
8:42:10	51	29,9	29
8:42:20	51	29,9	30
8:42:30	51	29,8	32
8:42:40	51	29,8	31
8:42:50	51	29,9	30
8:43:00	51	29,8	32
8:43:10	51	29,8	31
8:43:20	51	29,8	30
8:43:30	51	29,8	32
8:43:40	51	29,9	30
8:43:50	51	29,9	31
8:44:00	51	29,9	33
8:44:10	51	29,9	30
8:44:20	51	29,9	31
8:44:30	51	29,8	32
8:44:40	51	29,8	31
8:44:50	51	29,9	31
8:45:00	51	29,8	33
8:45:10	51	29,8	30
8:45:20	51	29,9	31
8:45:30	51	29,8	33
8:45:40	51	29,8	31
8:45:50	51	29,9	31
8:46:00	51	29,9	32
8:46:10	51	29,9	31
8:46:20	51	29,9	32
8:46:30	51	29,9	33
8:46:40	51	29,8	32
8:46:50	51	29,8	31
8:47:00	51	29,9	33
8:47:10	51	29,9	32
8:47:20	51	29,8	31
8:47:30	51	29,8	35
8:47:40	51	29,8	33
8:47:50	51	29,9	32
8:48:00	51	29,9	34
8:48:10	51	29,9	32
8:48:20	51	29,9	31
8:48:30	51	29,8	34
8:48:40	51	29,8	33
8:48:50	51	29,8	32
8:49:00	51	29,8	35
8:49:10	51	29,9	33
8:49:20	51	29,9	32
8:49:30	51	29,9	35
8:49:40	51	29,9	33
8:49:50	51	29,9	32
8:50:00	51	29,9	35
8:50:10	51	29,8	34
8:50:20	51	29,8	32
8:50:30	51	29,8	36
8:50:40	51	29,9	33
8:50:50	51	29,9	32
8:51:00	51	29,8	35
8:51:10	51	29,8	34
8:51:20	51	29,9	33
8:51:30	51	29,9	35
8:51:40	51	29,9	34
8:51:50	51	29,9	33
8:52:00	51	29,9	36
8:52:10	51	29,9	35
8:52:20	51	29,9	33
8:52:30	51	29,9	35
8:52:40	51	29,9	35
8:52:50	51	29,9	33
8:53:00	51	29,9	35
8:53:10	51	29,9	36
8:53:20	51	30,0	33
8:53:30	51	30,0	36
8:53:40	51	30,0	35
8:53:50	51	30,0	33
8:54:00	51	30,0	35
8:54:10	51	30,1	36
8:54:20	51	30,1	34
8:54:30	51	30,1	35
8:54:40	51	30,2	35
8:54:50	51	30,2	35
8:55:00	51	30,2	36
8:55:10	51	30,3	36
8:55:20	51	30,3	34
8:55:30	51	30,4	35
8:55:40	51	30,4	35
8:55:50	51	30,4	35
8:56:00	51	30,4	35
8:56:10	51	30,4	36
8:56:20	51	30,5	35
8:56:30	51	30,5	35
8:56:40	51	30,5	37
8:56:50	51	30,5	34
8:57:00	51	30,6	36
8:57:10	51	30,6	36
8:57:20	51	30,7	36
8:57:30	51	30,7	36
8:57:40	51	30,7	36
8:57:50	51	30,8	35
8:58:00	51	30,8	36
8:58:10	51	29,9	37
8:58:20	51	29,9	35
8:58:30	51	30,0	36
8:58:40	51	30,0	38
8:58:50	51	30,1	36
8:59:00	51	30,1	36
8:59:10	51	30,1	38
8:59:20	50	30,1	36
8:59:30	50	30,1	36
8:59:40	50	30,1	38
8:59:50	50	30,2	37
9:00:00	51	30,2	36
9:00:10	50	30,2	38
9:00:20	51	30,2	37
9:00:30	50	30,2	36
9:00:40	50	30,2	37
9:00:50	50	30,2	36
9:01:00	51	30,2	36
9:01:10	50	30,2	37
9:01:20	51	30,2	37
9:01:30	51	30,1	36
9:01:40	51	30,1	37
9:01:50	51	30,1	37
9:02:00	51	30,1	37
9:02:10	51	30,0	38
9:02:20	51	29,9	37
9:02:30	51	29,9	37
9:02:40	51	29,9	39
9:02:50	51	29,8	38
9:03:00	51	29,8	38
9:03:10	51	29,8	39
9:03:20	51	29,9	38
9:03:30	51	29,8	37
9:03:40	51	29,8	40
9:03:50	51	29,9	38
9:04:00	51	29,9	38
9:04:10	51	29,8	39
9:04:20	51	29,8	38
9:04:30	51	29,8	38
9:04:40	51	30,0	39
9:04:50	51	30,0	39
9:05:00	51	29,9	38
9:05:10	51	29,9	40
9:05:20	51	29,9	39
9:05:30	51	29,8	38
9:05:40	51	29,8	40
9:05:50	51	29,9	40
9:06:00	51	29,8	38
9:06:10	51	29,8	40
9:06:20	51	29,9	40
9:06:30	51	29,8	39
9:06:40	51	29,8	40
9:06:50	51	29,9	40
9:07:00	51	29,8	39
9:07:10	51	29,8	40
9:07:20	51	29,9	40
9:07:30	51	29,9	40
9:07:40	51	29,8	40
9:07:50	51	29,9	40
9:08:00	51	29,8	40
9:08:10	51	29,8	41
9:08:20	51	29,8	41
9:08:30	51	29,9	40
9:08:40	51	29,8	41
9:08:50	51	29,8	42
9:09:00	51	29,9	41
9:09:10	51	29,9	42
9:09:20	51	29,8	41
9:09:30	51	29,8	41
9:09:40	51	29,8	42
9:09:50	51	29,9	42
9:10:00	51	29,9	41
9:10:10	51	29,9	42
9:10:20	51	29,8	42
9:10:30	51	29,8	41
9:10:40	51	29,8	42
9:10:50	51	29,8	42
9:11:00	51	29,8	42
9:11:10	51	29,9	43
9:11:20	51	29,9	42
9:11:30	51	29,9	42
9:11:40	51	29,8	42
9:11:50	51	29,8	43
9:12:00	51	29,9	42
9:12:10	51	29,8	42
9:12:20	51	29,8	43
9:12:30	51	29,9	43
9:12:40	51	29,9	43
9:12:50	51	29,8	44
9:13:00	51	29,8	43
9:13:10	51	29,8	43
9:13:20	51	29,8	43
9:13:30	51	29,9	44
9:13:40	51	29,8	44
9:13:50	51	29,8	44
9:14:00	51	29,8	44
9:14:10	51	30,3	45
9:14:20	51	30,2	45
9:14:30	51	30,2	45
9:14:40	51	30,2	45
9:14:50	51	30,2	45
9:15:00	51	30,2	45
9:15:10	51	30,2	45
9:15:20	51	30,1	46
9:15:30	51	30,1	47
9:15:40	51	30,1	50
9:15:50	51	30,1	49
9:16:00	51	30,1	48
9:16:10	51	30,1	48
9:16:20	51	30,1	48
9:16:30	51	30,1	48
9:16:40	51	30,0	48
9:16:50	51	30,0	49
9:17:00	51	30,1	48
9:17:10	51	30,1	48
9:17:20	51	30,1	50
9:17:30	51	30,2	48
9:17:40	51	30,2	48
9:17:50	51	30,2	50
9:18:00	51	30,2	49
9:18:10	51	30,3	49
9:18:20	51	30,3	50
9:18:30	51	30,3	49
9:18:40	51	30,3	49
9:18:50	51	30,3	50
9:19:00	51	30,3	49
9:19:10	51	30,4	50
9:19:20	51	30,4	51
9:19:30	51	30,5	50
9:19:40	51	30,5	50
9:19:50	51	30,5	51
9:20:00	51	30,5	50
9:20:10	51	30,6	50
9:20:20	51	30,6	52
9:20:30	51	30,6	51
9:20:40	51	30,6	51
9:20:50	51	30,7	53
9:21:00	51	30,7	52
9:21:10	51	30,7	53
9:21:20	51	30,8	53
9:21:30	51	30,8	52
9:21:40	51	29,8	53
9:21:50	51	29,9	54
9:22:00	51	30,0	56
9:22:10	51	30,1	57
9:22:20	51	30,2	58
9:22:30	51	30,3	57
9:22:40	51	30,3	59
9:22:50	50	30,4	60
9:23:00	50	30,4	60
9:23:10	50	30,4	60
9:23:20	51	30,5	62
9:23:30	50	30,5	61
9:23:40	51	30,5	62
9:23:50	50	30,5	64
9:24:00	51	30,6	65
9:24:10	51	30,6	65
9:24:20	50	30,6	66
9:24:30	51	30,6	66
9:24:40	50	30,6	66
9:24:50	51	30,6	67
9:25:00	50	30,6	67
9:25:10	51	30,6	68
9:25:20	51	30,6	69
9:25:30	51	30,6	68
9:25:40	51	30,6	69
9:25:50	51	30,6	69
9:26:00	51	30,6	69
9:26:10	51	30,5	70
9:26:20	51	30,5	70
