--Test Summary--
Full Path and File Name	
Instrument Name	7222
Instrument Type	Model 7222 Consistometer
Instrument Serial Number	128
Test Start Date	31.08.2012
Test Start Time	9:18:07
Test Stop Date	31.08.2012
Test Stop Time	11:08:17
Test Length	1:50:10
Final Sample Time Offset	1:50:10
Controller Schedule Name	
Sampling Period	10 seconds
Comments	T: 52C(28min); P: 35,6MPa(28min); tap water; Standart test
Information	WellID	
Information	Customer	Trican
Information	EngName	Lebedev Pavel
Information	CementClass	G
Information	CementMfr	Dyckerhoff
Information	Additives	
Information	Density	1900
Information	BHCT	52
Information	BHST	
Information	FluidLoss	
Information	JobType	API
Calculated Value	30Bc - TT	1:03:50
Calculated Value	70Bc - TT	1:41:50
Calculated Value	100Bc - TT	1:50:10
Initial Temperature (°C)	25 °C
Final Temperature (°C)	54 °C
Initial Pressure (MPa)	0,7 MPa
Final Pressure (MPa)	36,1 MPa
Initial Consistency (Bc)	14 Bc
Final Consistency (Bc)	101 Bc
--Data--
Time (HH:MM:SS)	Temperature (°C)	Pressure (MPa)	Consistency (Bc)
0:00:00	25	0,7	14
0:00:10	24	0,7	14
0:00:20	24	1,1	17
0:00:30	24	1,2	15
0:00:40	24	1,5	15
0:00:50	24	1,7	14
0:01:00	24	2,0	13
0:01:10	24	2,4	13
0:01:20	24	2,8	14
0:01:30	24	3,3	15
0:01:40	24	3,6	13
0:01:50	25	3,8	13
0:02:00	25	4,0	13
0:02:10	25	4,1	13
0:02:20	25	4,2	13
0:02:30	25	4,0	13
0:02:40	25	4,2	13
0:02:50	26	4,4	13
0:03:00	26	4,6	13
0:03:10	26	4,8	12
0:03:20	26	4,7	13
0:03:30	26	4,9	13
0:03:40	27	5,1	13
0:03:50	27	5,5	13
0:04:00	27	5,6	13
0:04:10	27	5,8	13
0:04:20	27	6,0	13
0:04:30	27	6,3	15
0:04:40	27	6,4	17
0:04:50	27	6,7	15
0:05:00	27	6,8	14
0:05:10	27	7,2	15
0:05:20	27	7,6	15
0:05:30	27	8,3	13
0:05:40	27	8,6	13
0:05:50	27	8,9	14
0:06:00	27	9,1	14
0:06:10	27	9,2	13
0:06:20	27	9,5	13
0:06:30	27	9,8	13
0:06:40	27	10,0	13
0:06:50	28	9,9	14
0:07:00	28	10,0	13
0:07:10	28	9,7	12
0:07:20	29	9,7	15
0:07:30	29	10,1	13
0:07:40	30	10,1	13
0:07:50	30	10,2	13
0:08:00	30	10,0	12
0:08:10	30	9,7	12
0:08:20	31	9,5	12
0:08:30	31	9,2	12
0:08:40	31	9,0	12
0:08:50	31	8,7	12
0:09:00	31	8,5	12
0:09:10	31	0,8	14
0:09:20	31	0,7	14
0:09:30	31	0,7	13
0:09:40	31	0,7	13
0:09:50	31	0,3	13
0:10:00	31	0,1	13
0:10:10	30	0,1	13
0:10:20	29	0,1	13
0:10:30	28	0,1	13
0:10:40	27	0,1	13
0:10:50	27	0,1	15
0:11:00	26	0,2	15
0:11:10	29	0,2	15
0:11:20	30	0,2	17
0:11:30	30	0,6	16
0:11:40	30	0,7	14
0:11:50	30	6,6	15
0:12:00	30	12,6	20
0:12:10	30	16,2	18
0:12:20	30	16,7	17
0:12:30	30	17,5	17
0:12:40	30	16,9	15
0:12:50	30	17,6	15
0:13:00	31	18,3	15
0:13:10	31	17,5	16
0:13:20	31	17,7	14
0:13:30	32	18,2	14
0:13:40	33	17,9	14
0:13:50	33	18,0	17
0:14:00	34	18,1	14
0:14:10	35	18,3	14
0:14:20	35	18,5	14
0:14:30	36	18,7	13
0:14:40	37	19,1	13
0:14:50	37	19,6	13
0:15:00	37	19,5	14
0:15:10	38	19,5	14
0:15:20	38	20,0	14
0:15:30	38	20,1	14
0:15:40	38	20,2	14
0:15:50	38	20,8	14
0:16:00	38	21,0	14
0:16:10	38	21,1	14
0:16:20	38	21,4	14
0:16:30	38	21,5	14
0:16:40	38	21,9	14
0:16:50	38	22,1	15
0:17:00	38	22,7	14
0:17:10	38	22,7	16
0:17:20	38	22,8	24
0:17:30	38	22,8	20
0:17:40	38	23,1	20
0:17:50	38	23,4	15
0:18:00	38	23,7	14
0:18:10	38	23,8	14
0:18:20	39	23,9	15
0:18:30	39	24,9	15
0:18:40	39	24,4	15
0:18:50	40	24,2	15
0:19:00	40	24,4	14
0:19:10	41	24,6	14
0:19:20	41	25,1	14
0:19:30	42	25,1	14
0:19:40	43	25,3	17
0:19:50	43	25,5	17
0:20:00	44	25,9	16
0:20:10	44	25,9	15
0:20:20	44	26,2	18
0:20:30	44	26,4	19
0:20:40	45	26,9	22
0:20:50	45	27,1	25
0:21:00	45	27,2	21
0:21:10	45	27,3	19
0:21:20	45	27,7	21
0:21:30	45	28,0	22
0:21:40	45	28,1	19
0:21:50	45	28,2	18
0:22:00	45	28,6	20
0:22:10	44	29,3	21
0:22:20	44	29,1	24
0:22:30	44	29,0	24
0:22:40	44	29,0	24
0:22:50	44	29,2	28
0:23:00	44	29,4	18
0:23:10	44	29,5	18
0:23:20	44	31,3	20
0:23:30	45	31,1	16
0:23:40	45	30,8	27
0:23:50	45	31,2	25
0:24:00	46	31,1	24
0:24:10	46	30,9	25
0:24:20	47	31,4	17
0:24:30	48	31,5	16
0:24:40	48	31,6	17
0:24:50	49	31,9	17
0:25:00	50	31,9	16
0:25:10	50	32,2	24
0:25:20	51	32,6	19
0:25:30	51	33,1	16
0:25:40	51	33,1	22
0:25:50	51	33,1	19
0:26:00	51	33,5	21
0:26:10	52	33,8	19
0:26:20	51	34,0	19
0:26:30	51	34,2	18
0:26:40	51	34,3	19
0:26:50	51	34,6	22
0:27:00	51	34,8	21
0:27:10	51	34,9	20
0:27:20	51	35,3	24
0:27:30	51	36,1	22
0:27:40	51	35,9	24
0:27:50	51	35,6	21
0:28:00	50	35,6	25
0:28:10	50	36,0	19
0:28:20	50	36,1	21
0:28:30	50	36,3	18
0:28:40	50	36,4	17
0:28:50	51	36,2	21
0:29:00	51	35,6	20
0:29:10	51	36,3	19
0:29:20	52	35,9	20
0:29:30	52	35,5	23
0:29:40	53	35,5	17
0:29:50	54	35,5	21
0:30:00	54	35,6	18
0:30:10	55	35,8	18
0:30:20	55	35,6	19
0:30:30	56	35,4	26
0:30:40	56	35,6	23
0:30:50	56	35,7	22
0:31:00	57	35,8	23
0:31:10	57	35,7	20
0:31:20	57	35,8	19
0:31:30	57	35,5	17
0:31:40	57	35,6	19
0:31:50	57	35,8	18
0:32:00	57	35,5	18
0:32:10	57	35,6	17
0:32:20	57	35,6	17
0:32:30	57	35,6	17
0:32:40	56	35,9	17
0:32:50	56	35,6	17
0:33:00	56	35,8	17
0:33:10	56	35,6	16
0:33:20	56	35,8	16
0:33:30	56	35,6	16
0:33:40	55	35,9	29
0:33:50	55	35,7	30
0:34:00	55	36,0	29
0:34:10	55	35,8	22
0:34:20	55	35,7	21
0:34:30	54	36,0	20
0:34:40	54	35,8	24
0:34:50	54	35,7	23
0:35:00	54	35,8	21
0:35:10	53	35,1	24
0:35:20	53	35,1	23
0:35:30	53	36,1	30
0:35:40	53	36,1	24
0:35:50	53	36,4	25
0:36:00	53	36,8	25
0:36:10	53	36,9	29
0:36:20	53	36,6	30
0:36:30	53	36,0	23
0:36:40	53	36,4	23
0:36:50	53	36,2	22
0:37:00	54	35,5	21
0:37:10	54	35,6	28
0:37:20	55	35,4	22
0:37:30	55	35,5	25
0:37:40	56	35,8	24
0:37:50	56	35,7	23
0:38:00	56	35,7	19
0:38:10	57	35,6	25
0:38:20	57	35,7	20
0:38:30	57	35,5	22
0:38:40	57	35,6	21
0:38:50	58	35,5	19
0:39:00	58	35,7	19
0:39:10	58	35,6	18
0:39:20	58	35,6	18
0:39:30	58	35,6	18
0:39:40	58	35,6	18
0:39:50	58	35,7	17
0:40:00	57	35,7	18
0:40:10	57	35,6	17
0:40:20	57	35,8	17
0:40:30	57	35,6	17
0:40:40	57	35,8	17
0:40:50	57	35,7	17
0:41:00	57	35,6	17
0:41:10	57	35,8	20
0:41:20	56	35,7	19
0:41:30	56	35,5	18
0:41:40	56	35,8	21
0:41:50	56	35,6	20
0:42:00	56	35,9	20
0:42:10	55	35,7	19
0:42:20	55	35,6	18
0:42:30	55	35,9	18
0:42:40	55	35,8	23
0:42:50	55	35,7	21
0:43:00	55	35,6	20
0:43:10	54	35,8	21
0:43:20	54	35,7	19
0:43:30	54	35,6	18
0:43:40	54	35,8	18
0:43:50	54	35,9	17
0:44:00	54	35,2	20
0:44:10	53	35,3	21
0:44:20	53	35,8	18
0:44:30	53	35,8	17
0:44:40	53	35,7	17
0:44:50	53	36,2	16
0:45:00	53	36,2	16
0:45:10	53	35,7	16
0:45:20	53	36,2	16
0:45:30	53	36,3	16
0:45:40	54	36,0	16
0:45:50	54	35,9	16
0:46:00	54	35,7	17
0:46:10	55	35,6	17
0:46:20	55	35,5	17
0:46:30	56	35,5	19
0:46:40	56	35,5	29
0:46:50	56	35,6	25
0:47:00	57	35,7	23
0:47:10	57	35,6	21
0:47:20	57	35,6	20
0:47:30	57	35,8	19
0:47:40	57	35,5	19
0:47:50	58	35,7	19
0:48:00	58	35,7	18
0:48:10	58	35,7	17
0:48:20	57	35,5	17
0:48:30	57	35,8	17
0:48:40	57	35,6	17
0:48:50	57	35,6	17
0:49:00	57	35,7	17
0:49:10	57	35,5	17
0:49:20	57	35,6	17
0:49:30	57	35,7	17
0:49:40	57	35,6	17
0:49:50	57	35,8	17
0:50:00	56	35,6	17
0:50:10	56	35,9	17
0:50:20	56	35,8	17
0:50:30	56	35,7	17
0:50:40	56	35,6	17
0:50:50	56	35,9	18
0:51:00	56	35,8	18
0:51:10	55	35,7	18
0:51:20	55	35,6	18
0:51:30	55	35,9	18
0:51:40	55	35,8	18
0:51:50	55	35,7	18
0:52:00	55	35,6	18
0:52:10	55	35,6	18
0:52:20	55	35,9	18
0:52:30	54	35,8	18
0:52:40	54	35,7	18
0:52:50	54	35,7	18
0:53:00	54	35,6	18
0:53:10	54	35,9	20
0:53:20	54	36,1	32
0:53:30	54	35,2	24
0:53:40	54	35,5	24
0:53:50	53	36,7	23
0:54:00	53	36,5	21
0:54:10	53	36,1	22
0:54:20	53	35,8	22
0:54:30	53	36,8	21
0:54:40	53	36,1	23
0:54:50	53	36,6	22
0:55:00	54	35,9	23
0:55:10	54	35,7	23
0:55:20	54	35,8	24
0:55:30	54	35,8	24
0:55:40	55	35,8	27
0:55:50	55	35,8	24
0:56:00	56	35,7	26
0:56:10	56	35,5	23
0:56:20	57	35,6	22
0:56:30	57	35,5	22
0:56:40	57	35,5	30
0:56:50	57	35,8	28
0:57:00	58	35,6	28
0:57:10	58	35,8	24
0:57:20	58	35,6	23
0:57:30	58	35,9	23
0:57:40	58	35,7	22
0:57:50	58	35,6	22
0:58:00	57	35,6	22
0:58:10	57	35,8	22
0:58:20	57	35,7	22
0:58:30	57	35,6	23
0:58:40	57	35,5	23
0:58:50	57	35,7	23
0:59:00	57	35,6	23
0:59:10	57	35,6	22
0:59:20	56	35,9	23
0:59:30	56	35,8	22
0:59:40	56	35,7	23
0:59:50	56	35,6	22
1:00:00	56	35,9	23
1:00:10	56	35,8	23
1:00:20	56	35,7	23
1:00:30	56	35,6	23
1:00:40	55	35,6	23
1:00:50	55	35,6	23
1:01:00	55	35,6	23
1:01:10	55	35,6	23
1:01:20	55	35,7	23
1:01:30	55	35,6	23
1:01:40	55	35,7	23
1:01:50	55	35,6	23
1:02:00	55	35,7	23
1:02:10	55	35,7	23
1:02:20	54	35,6	23
1:02:30	54	35,7	23
1:02:40	54	35,6	23
1:02:50	54	35,6	23
1:03:00	54	35,7	38
1:03:10	54	35,6	29
1:03:20	54	35,6	27
1:03:30	54	35,7	25
1:03:40	54	35,9	32
1:03:50	54	36,5	32
1:04:00	54	36,2	29
1:04:10	54	35,3	26
1:04:20	54	36,5	25
1:04:30	54	36,1	25
1:04:40	54	36,7	25
1:04:50	54	35,8	25
1:05:00	54	35,9	25
1:05:10	54	35,8	24
1:05:20	54	35,6	25
1:05:30	55	35,7	24
1:05:40	55	35,6	24
1:05:50	55	35,6	24
1:06:00	55	35,6	25
1:06:10	55	35,7	25
1:06:20	56	35,6	25
1:06:30	56	35,8	25
1:06:40	56	35,6	25
1:06:50	56	35,6	25
1:07:00	56	35,9	25
1:07:10	56	35,7	25
1:07:20	56	35,6	26
1:07:30	56	35,8	26
1:07:40	56	35,7	26
1:07:50	56	35,6	26
1:08:00	56	35,6	26
1:08:10	55	35,6	26
1:08:20	55	35,8	26
1:08:30	55	35,7	26
1:08:40	55	35,6	27
1:08:50	55	35,6	27
1:09:00	55	35,6	27
1:09:10	55	35,6	27
1:09:20	55	36,0	28
1:09:30	55	36,0	28
1:09:40	55	35,9	28
1:09:50	55	35,8	28
1:10:00	55	35,8	28
1:10:10	55	35,7	28
1:10:20	55	35,7	28
1:10:30	55	35,6	28
1:10:40	54	35,7	28
1:10:50	54	35,6	28
1:11:00	54	35,6	28
1:11:10	54	35,6	28
1:11:20	54	35,6	29
1:11:30	54	35,7	29
1:11:40	54	35,6	29
1:11:50	54	35,7	29
1:12:00	54	35,6	29
1:12:10	54	35,6	29
1:12:20	54	35,8	29
1:12:30	54	36,2	32
1:12:40	54	36,6	32
1:12:50	54	36,1	30
1:13:00	54	36,5	30
1:13:10	54	35,7	30
1:13:20	54	36,1	31
1:13:30	54	36,3	31
1:13:40	54	36,4	32
1:13:50	54	36,3	31
1:14:00	54	36,1	31
1:14:10	54	35,9	31
1:14:20	54	35,7	31
1:14:30	55	35,5	32
1:14:40	55	35,6	32
1:14:50	55	35,7	32
1:15:00	55	35,6	32
1:15:10	55	35,6	32
1:15:20	55	35,8	32
1:15:30	55	35,7	33
1:15:40	55	35,6	33
1:15:50	55	35,9	33
1:16:00	55	35,8	33
1:16:10	55	35,7	34
1:16:20	55	35,6	34
1:16:30	55	35,6	34
1:16:40	55	35,9	34
1:16:50	55	35,8	34
1:17:00	55	35,7	34
1:17:10	55	35,7	35
1:17:20	55	35,6	35
1:17:30	55	35,6	35
1:17:40	55	35,6	35
1:17:50	55	35,6	35
1:18:00	55	35,6	36
1:18:10	55	35,6	36
1:18:20	55	35,6	36
1:18:30	54	35,6	36
1:18:40	54	35,7	36
1:18:50	54	35,6	37
1:19:00	54	35,6	37
1:19:10	54	35,6	37
1:19:20	54	35,7	37
1:19:30	54	35,7	37
1:19:40	54	35,6	38
1:19:50	54	35,6	38
1:20:00	54	35,6	38
1:20:10	54	35,7	38
1:20:20	54	35,7	38
1:20:30	54	36,0	39
1:20:40	54	36,3	39
1:20:50	54	35,7	39
1:21:00	54	36,0	39
1:21:10	54	36,3	39
1:21:20	54	36,5	40
1:21:30	54	35,4	40
1:21:40	54	35,9	40
1:21:50	54	35,8	40
1:22:00	54	35,7	40
1:22:10	54	35,6	40
1:22:20	54	35,9	41
1:22:30	55	35,7	41
1:22:40	55	35,6	41
1:22:50	55	35,8	41
1:23:00	55	35,7	42
1:23:10	55	35,6	42
1:23:20	55	35,7	42
1:23:30	55	35,6	42
1:23:40	55	35,6	42
1:23:50	55	35,8	43
1:24:00	55	35,7	43
1:24:10	55	35,7	43
1:24:20	55	35,6	43
1:24:30	55	35,7	43
1:24:40	55	35,6	44
1:24:50	55	35,6	44
1:25:00	55	35,6	44
1:25:10	55	35,9	44
1:25:20	55	35,9	45
1:25:30	55	35,8	45
1:25:40	54	35,8	45
1:25:50	54	35,7	45
1:26:00	54	35,7	45
1:26:10	54	35,6	46
1:26:20	54	35,6	46
1:26:30	54	35,6	46
1:26:40	54	35,9	46
1:26:50	54	35,8	46
1:27:00	54	35,8	47
1:27:10	54	35,7	47
1:27:20	54	35,7	47
1:27:30	54	35,6	47
1:27:40	54	35,6	47
1:27:50	54	35,6	47
1:28:00	54	35,8	48
1:28:10	54	36,1	48
1:28:20	54	36,4	48
1:28:30	54	36,6	49
1:28:40	54	35,7	49
1:28:50	54	35,9	49
1:29:00	54	36,1	49
1:29:10	54	36,1	50
1:29:20	54	36,1	50
1:29:30	54	36,0	50
1:29:40	54	35,8	50
1:29:50	54	35,7	50
1:30:00	54	35,6	50
1:30:10	54	35,7	51
1:30:20	55	35,6	51
1:30:30	55	35,7	51
1:30:40	55	35,6	51
1:30:50	55	35,6	51
1:31:00	55	35,7	52
1:31:10	55	35,6	52
1:31:20	55	35,6	52
1:31:30	55	35,6	52
1:31:40	55	35,6	53
1:31:50	55	35,8	53
1:32:00	55	35,8	53
1:32:10	55	35,7	54
1:32:20	55	35,7	54
1:32:30	54	35,6	54
1:32:40	54	35,6	54
1:32:50	54	35,6	55
1:33:00	54	35,9	55
1:33:10	54	35,8	55
1:33:20	54	35,8	55
1:33:30	54	35,8	55
1:33:40	54	35,7	56
1:33:50	54	35,7	56
1:34:00	54	35,6	56
1:34:10	54	35,6	57
1:34:20	54	35,6	57
1:34:30	54	35,6	57
1:34:40	54	35,7	57
1:34:50	54	35,6	57
1:35:00	54	35,6	58
1:35:10	54	35,6	58
1:35:20	54	35,8	58
1:35:30	54	36,0	59
1:35:40	54	36,2	59
1:35:50	54	36,5	60
1:36:00	54	35,5	60
1:36:10	54	35,8	60
1:36:20	54	36,0	60
1:36:30	54	36,1	60
1:36:40	54	36,1	61
1:36:50	54	35,9	61
1:37:00	54	35,8	61
1:37:10	54	35,7	61
1:37:20	54	35,6	62
1:37:30	54	36,0	62
1:37:40	54	35,9	62
1:37:50	55	35,8	63
1:38:00	55	35,7	63
1:38:10	55	35,6	63
1:38:20	55	35,6	63
1:38:30	55	35,7	64
1:38:40	55	35,6	64
1:38:50	55	35,6	64
1:39:00	55	35,7	65
1:39:10	55	35,6	65
1:39:20	55	35,6	65
1:39:30	55	36,0	66
1:39:40	54	36,0	66
1:39:50	54	35,9	67
1:40:00	54	35,9	67
1:40:10	54	35,8	67
1:40:20	54	35,8	68
1:40:30	54	35,7	68
1:40:40	54	35,7	68
1:40:50	54	35,6	68
1:41:00	54	35,6	69
1:41:10	54	35,6	69
1:41:20	54	35,6	69
1:41:30	54	35,6	70
1:41:40	54	36,0	70
1:41:50	54	36,0	71
1:42:00	54	35,9	71
1:42:10	54	35,9	71
1:42:20	54	35,9	72
1:42:30	54	36,1	72
1:42:40	54	36,3	73
1:42:50	54	36,5	73
1:43:00	54	35,5	75
1:43:10	54	35,9	77
1:43:20	54	36,1	75
1:43:30	54	36,2	75
1:43:40	54	36,2	76
1:43:50	54	36,2	76
1:44:00	54	36,1	77
1:44:10	54	35,9	77
1:44:20	54	35,8	77
1:44:30	54	35,7	77
1:44:40	54	35,6	78
1:44:50	54	35,6	78
1:45:00	55	35,9	79
1:45:10	55	35,8	80
1:45:20	55	35,7	79
1:45:30	55	35,7	79
1:45:40	55	35,6	79
1:45:50	55	35,9	77
1:46:00	55	35,8	78
1:46:10	55	35,8	77
1:46:20	55	35,7	79
1:46:30	54	35,7	84
1:46:40	54	35,6	85
1:46:50	54	35,7	86
1:47:00	54	35,7	87
1:47:10	54	35,6	87
1:47:20	54	35,6	87
1:47:30	54	35,7	86
1:47:40	54	35,7	85
1:47:50	54	35,6	90
1:48:00	54	35,6	91
1:48:10	54	35,7	92
1:48:20	54	35,7	92
1:48:30	54	35,6	93
1:48:40	54	35,6	94
1:48:50	54	35,7	94
1:49:00	54	35,7	95
1:49:10	54	35,7	96
1:49:20	54	35,9	97
1:49:30	54	36,1	97
1:49:40	54	36,3	98
1:49:50	54	36,5	99
1:50:00	54	35,4	100
1:50:10	54	36,1	101
