--Test Summary--
Full Path and File Name	
Instrument Name	7222
Instrument Type	Model 7222 Consistometer
Instrument Serial Number	128
Test Start Date	10.07.2012
Test Start Time	16:55:31
Test Stop Date	11.07.2012
Test Stop Time	1:10:02
Test Length	8:14:31
Final Sample Time Offset	8:14:30
Controller Schedule Name	
Sampling Period	10 seconds
Comments	T:73C(40min); P: 40MPa(40min); tap water
Information	WellID	
Information	Customer	
Information	EngName	Pavel Lebedev
Information	CementClass	G
Information	CementMfr	Dykerhoff
Information	Additives	49.5%ASPM+1.5%Gel+1.5%SMS+0.5%R-7
Information	Density	1250
Information	BHCT	73
Information	BHST	73
Information	FluidLoss	n/a
Information	JobType	Production csg
Calculated Value	30Bc - TT	7:53:10
Calculated Value	70Bc - TT	8:14:30
Calculated Value	100Bc - TT	N/A
Initial Temperature (°C)	25 °C
Final Temperature (°C)	77 °C
Initial Pressure (MPa)	2,0 MPa
Final Pressure (MPa)	39,9 MPa
Initial Consistency (Bc)	10 Bc
Final Consistency (Bc)	71 Bc
--Data--
Time (HH:MM:SS)	Temperature (°C)	Pressure (MPa)	Consistency (Bc)
0:00:00	25	2,0	10
0:00:10	25	2,1	6
0:00:20	25	2,3	6
0:00:30	25	2,5	6
0:00:40	25	2,8	6
0:00:50	25	2,8	6
0:01:00	25	3,0	6
0:01:10	25	3,3	6
0:01:20	25	3,4	6
0:01:30	25	3,6	6
0:01:40	25	3,8	6
0:01:50	25	4,0	6
0:02:00	25	4,1	6
0:02:10	25	4,2	6
0:02:20	25	4,2	6
0:02:30	26	4,6	6
0:02:40	26	4,7	6
0:02:50	26	4,7	6
0:03:00	26	4,9	6
0:03:10	26	5,0	6
0:03:20	27	5,2	6
0:03:30	27	5,4	6
0:03:40	27	5,6	6
0:03:50	27	5,6	6
0:04:00	28	5,9	6
0:04:10	28	5,9	6
0:04:20	28	6,1	6
0:04:30	28	6,3	6
0:04:40	28	6,5	6
0:04:50	28	6,7	6
0:05:00	28	6,8	6
0:05:10	28	7,0	6
0:05:20	28	7,2	6
0:05:30	28	7,4	6
0:05:40	28	7,5	6
0:05:50	28	7,8	6
0:06:00	28	8,1	6
0:06:10	28	8,5	6
0:06:20	28	8,9	6
0:06:30	29	9,2	6
0:06:40	29	9,1	6
0:06:50	29	9,5	6
0:07:00	29	9,8	6
0:07:10	29	9,4	6
0:07:20	29	10,0	6
0:07:30	29	10,1	6
0:07:40	30	10,3	6
0:07:50	30	10,1	6
0:08:00	30	9,7	6
0:08:10	31	9,8	6
0:08:20	31	9,9	6
0:08:30	32	10,1	6
0:08:40	32	10,2	6
0:08:50	33	10,3	6
0:09:00	33	10,5	6
0:09:10	33	10,9	6
0:09:20	34	10,9	6
0:09:30	34	11,0	6
0:09:40	34	11,3	6
0:09:50	35	11,4	6
0:10:00	35	11,4	6
0:10:10	35	11,8	6
0:10:20	35	11,8	6
0:10:30	35	11,9	6
0:10:40	35	12,1	6
0:10:50	35	12,3	6
0:11:00	35	12,6	6
0:11:10	35	12,7	6
0:11:20	35	12,9	6
0:11:30	35	13,2	6
0:11:40	35	13,7	6
0:11:50	35	14,4	6
0:12:00	35	13,9	6
0:12:10	35	14,2	6
0:12:20	35	14,7	6
0:12:30	35	15,1	6
0:12:40	35	14,5	6
0:12:50	35	14,9	6
0:13:00	36	15,2	6
0:13:10	36	15,3	6
0:13:20	36	15,3	6
0:13:30	37	15,6	6
0:13:40	37	15,5	6
0:13:50	37	15,0	6
0:14:00	38	15,2	6
0:14:10	38	15,7	6
0:14:20	39	15,8	7
0:14:30	40	15,9	7
0:14:40	40	16,2	7
0:14:50	41	15,9	7
0:15:00	41	16,2	7
0:15:10	42	16,6	7
0:15:20	42	16,7	7
0:15:30	42	16,9	7
0:15:40	43	17,1	7
0:15:50	43	17,0	7
0:16:00	43	17,5	7
0:16:10	43	17,6	7
0:16:20	43	17,5	7
0:16:30	43	18,0	7
0:16:40	44	18,0	7
0:16:50	44	18,1	7
0:17:00	44	18,2	7
0:17:10	44	18,5	7
0:17:20	44	18,5	7
0:17:30	44	18,9	7
0:17:40	44	19,3	7
0:17:50	43	20,0	7
0:18:00	43	20,1	7
0:18:10	43	20,3	7
0:18:20	43	20,6	7
0:18:30	43	20,1	7
0:18:40	43	20,0	7
0:18:50	43	20,5	7
0:19:00	44	20,9	7
0:19:10	44	21,0	7
0:19:20	44	21,0	7
0:19:30	45	21,6	7
0:19:40	45	21,1	7
0:19:50	46	20,8	7
0:20:00	46	21,1	8
0:20:10	47	21,4	8
0:20:20	47	21,2	8
0:20:30	48	21,6	8
0:20:40	49	21,5	8
0:20:50	49	21,7	8
0:21:00	50	21,9	8
0:21:10	50	22,1	8
0:21:20	51	22,3	8
0:21:30	51	22,6	8
0:21:40	51	22,6	8
0:21:50	51	22,8	8
0:22:00	51	23,2	8
0:22:10	51	23,2	8
0:22:20	51	23,5	8
0:22:30	52	23,4	8
0:22:40	52	23,5	8
0:22:50	52	24,0	8
0:23:00	51	24,0	8
0:23:10	51	24,1	8
0:23:20	51	24,5	8
0:23:30	51	25,2	8
0:23:40	51	25,2	8
0:23:50	51	25,3	8
0:24:00	51	25,5	8
0:24:10	51	25,7	8
0:24:20	51	26,1	8
0:24:30	51	26,3	8
0:24:40	51	26,4	8
0:24:50	52	26,4	8
0:25:00	52	26,0	8
0:25:10	52	26,4	9
0:25:20	53	26,2	9
0:25:30	54	26,3	9
0:25:40	54	26,3	9
0:25:50	55	26,7	9
0:26:00	56	26,6	9
0:26:10	56	27,0	9
0:26:20	56	27,1	9
0:26:30	57	27,2	9
0:26:40	57	27,4	9
0:26:50	57	27,6	9
0:27:00	58	27,7	9
0:27:10	58	27,7	9
0:27:20	58	28,1	9
0:27:30	58	28,0	9
0:27:40	58	28,5	9
0:27:50	59	28,4	9
0:28:00	59	28,7	9
0:28:10	59	29,0	9
0:28:20	59	29,1	9
0:28:30	59	29,2	9
0:28:40	58	29,5	9
0:28:50	58	30,0	9
0:29:00	58	29,4	9
0:29:10	58	30,8	9
0:29:20	58	31,1	9
0:29:30	58	31,3	9
0:29:40	58	31,0	9
0:29:50	58	30,2	9
0:30:00	58	30,5	9
0:30:10	58	30,9	9
0:30:20	58	31,1	9
0:30:30	58	31,4	9
0:30:40	59	31,0	10
0:30:50	59	31,8	10
0:31:00	60	31,6	10
0:31:10	61	31,5	10
0:31:20	62	31,9	10
0:31:30	63	32,1	10
0:31:40	63	32,2	10
0:31:50	64	32,4	10
0:32:00	64	32,3	10
0:32:10	65	32,7	10
0:32:20	66	32,8	10
0:32:30	66	32,9	10
0:32:40	67	33,1	10
0:32:50	67	33,4	11
0:33:00	68	33,2	11
0:33:10	68	33,6	11
0:33:20	68	34,0	11
0:33:30	68	33,9	11
0:33:40	68	34,0	11
0:33:50	68	34,3	11
0:34:00	68	34,3	11
0:34:10	68	34,7	11
0:34:20	68	34,7	11
0:34:30	68	34,8	11
0:34:40	67	35,1	11
0:34:50	67	35,2	11
0:35:00	67	35,8	11
0:35:10	66	36,5	11
0:35:20	66	36,4	11
0:35:30	66	36,3	11
0:35:40	66	36,8	11
0:35:50	65	37,4	11
0:36:00	65	35,7	11
0:36:10	65	37,0	11
0:36:20	65	37,4	11
0:36:30	65	37,7	11
0:36:40	66	37,8	11
0:36:50	66	37,8	11
0:37:00	67	37,1	11
0:37:10	68	37,4	12
0:37:20	69	37,4	11
0:37:30	71	37,8	11
0:37:40	72	37,8	11
0:37:50	73	38,0	11
0:38:00	73	38,2	11
0:38:10	74	38,5	12
0:38:20	75	38,6	12
0:38:30	75	38,6	12
0:38:40	76	38,8	12
0:38:50	76	39,0	12
0:39:00	76	39,3	12
0:39:10	76	39,2	12
0:39:20	76	39,4	12
0:39:30	76	39,8	12
0:39:40	76	39,7	12
0:39:50	76	39,8	12
0:40:00	75	40,2	12
0:40:10	75	40,0	12
0:40:20	75	39,9	12
0:40:30	75	39,9	12
0:40:40	74	40,1	12
0:40:50	74	40,4	12
0:41:00	74	41,1	12
0:41:10	73	41,0	12
0:41:20	73	41,2	12
0:41:30	73	39,3	12
0:41:40	73	39,5	12
0:41:50	72	40,8	12
0:42:00	72	41,2	12
0:42:10	72	41,1	12
0:42:20	72	39,4	12
0:42:30	73	40,8	12
0:42:40	73	40,1	12
0:42:50	74	39,9	12
0:43:00	75	39,8	12
0:43:10	75	40,0	12
0:43:20	76	39,9	12
0:43:30	77	39,9	12
0:43:40	78	40,0	12
0:43:50	78	40,2	12
0:44:00	79	39,8	12
0:44:10	79	40,3	12
0:44:20	79	40,1	12
0:44:30	79	40,0	12
0:44:40	79	40,0	12
0:44:50	79	40,0	12
0:45:00	78	40,0	12
0:45:10	78	40,1	12
0:45:20	78	40,2	12
0:45:30	77	39,9	12
0:45:40	77	40,0	12
0:45:50	77	40,1	12
0:46:00	77	40,3	12
0:46:10	76	40,0	13
0:46:20	76	40,1	12
0:46:30	76	40,0	12
0:46:40	76	40,2	12
0:46:50	76	39,9	12
0:47:00	75	40,1	12
0:47:10	75	40,0	12
0:47:20	75	40,6	12
0:47:30	75	40,4	12
0:47:40	74	40,3	12
0:47:50	74	40,6	12
0:48:00	74	41,0	12
0:48:10	74	40,1	12
0:48:20	74	40,5	12
0:48:30	74	40,7	12
0:48:40	74	40,7	12
0:48:50	74	39,6	12
0:49:00	75	39,9	12
0:49:10	75	39,8	12
0:49:20	76	39,8	13
0:49:30	76	39,8	13
0:49:40	77	40,0	13
0:49:50	77	40,2	13
0:50:00	77	40,0	13
0:50:10	78	39,9	13
0:50:20	78	40,1	13
0:50:30	78	40,1	13
0:50:40	78	40,1	13
0:50:50	78	40,1	13
0:51:00	78	39,9	13
0:51:10	78	39,9	13
0:51:20	78	40,2	12
0:51:30	78	40,0	13
0:51:40	78	40,0	12
0:51:50	78	40,1	13
0:52:00	77	40,0	13
0:52:10	77	40,1	12
0:52:20	77	40,0	13
0:52:30	77	40,0	12
0:52:40	77	40,1	12
0:52:50	76	40,2	13
0:53:00	76	40,0	12
0:53:10	76	40,2	12
0:53:20	76	40,0	12
0:53:30	75	40,1	12
0:53:40	75	40,0	12
0:53:50	75	41,0	12
0:54:00	74	41,3	12
0:54:10	74	39,7	12
0:54:20	74	41,1	12
0:54:30	73	39,1	12
0:54:40	73	40,7	12
0:54:50	74	41,4	13
0:55:00	74	41,2	13
0:55:10	74	40,5	13
0:55:20	75	40,0	13
0:55:30	76	39,9	13
0:55:40	77	39,8	13
0:55:50	79	39,8	13
0:56:00	80	39,9	13
0:56:10	81	40,0	13
0:56:20	81	39,8	13
0:56:30	81	40,1	13
0:56:40	82	40,0	13
0:56:50	82	40,0	13
0:57:00	81	40,0	13
0:57:10	81	40,0	13
0:57:20	81	39,9	13
0:57:30	81	40,0	13
0:57:40	81	40,3	13
0:57:50	80	39,9	13
0:58:00	80	40,1	13
0:58:10	80	40,0	13
0:58:20	80	40,1	13
0:58:30	79	40,3	13
0:58:40	79	40,0	13
0:58:50	79	39,9	12
0:59:00	78	40,0	13
0:59:10	78	40,1	13
0:59:20	78	40,1	12
0:59:30	78	40,2	13
0:59:40	77	40,0	12
0:59:50	77	40,0	13
1:00:00	77	40,1	13
1:00:10	77	39,9	13
1:00:20	76	40,0	13
1:00:30	76	40,0	12
1:00:40	76	40,1	13
1:00:50	76	39,9	13
1:01:00	76	40,1	12
1:01:10	75	40,0	13
1:01:20	75	40,0	12
1:01:30	75	41,1	13
1:01:40	75	41,3	13
1:01:50	74	39,4	12
1:02:00	74	40,7	13
1:02:10	74	41,0	13
1:02:20	74	41,2	13
1:02:30	74	39,7	13
1:02:40	74	40,4	13
1:02:50	74	39,7	13
1:03:00	75	40,4	13
1:03:10	75	39,8	13
1:03:20	76	39,9	13
1:03:30	78	39,8	13
1:03:40	79	40,0	13
1:03:50	80	40,1	13
1:04:00	81	40,0	13
1:04:10	82	40,1	13
1:04:20	83	40,0	13
1:04:30	83	39,9	13
1:04:40	83	39,9	13
1:04:50	83	39,9	13
1:05:00	83	40,0	13
1:05:10	83	39,9	13
1:05:20	83	40,1	13
1:05:30	83	40,0	13
1:05:40	83	40,0	13
1:05:50	82	40,2	13
1:06:00	82	40,0	13
1:06:10	82	40,0	13
1:06:20	82	40,0	13
1:06:30	81	40,1	13
1:06:40	81	40,0	13
1:06:50	81	40,0	13
1:07:00	81	40,1	13
1:07:10	80	40,2	13
1:07:20	80	40,0	13
1:07:30	80	40,0	13
1:07:40	80	40,2	13
1:07:50	79	40,1	13
1:08:00	79	40,0	13
1:08:10	79	40,0	13
1:08:20	78	40,2	13
1:08:30	78	40,0	13
1:08:40	78	40,3	13
1:08:50	77	40,1	13
1:09:00	77	40,0	13
1:09:10	77	40,0	13
1:09:20	77	40,0	13
1:09:30	76	40,2	13
1:09:40	76	40,1	13
1:09:50	76	40,0	13
1:10:00	76	40,0	13
1:10:10	76	40,2	13
1:10:20	76	40,1	13
1:10:30	76	40,0	13
1:10:40	75	40,1	13
1:10:50	75	40,0	13
1:11:00	75	40,1	13
1:11:10	75	40,1	13
1:11:20	75	40,9	13
1:11:30	75	40,8	13
1:11:40	75	40,6	13
1:11:50	75	40,5	13
1:12:00	75	40,3	13
1:12:10	74	39,5	13
1:12:20	74	40,9	13
1:12:30	75	40,5	13
1:12:40	75	41,0	13
1:12:50	75	40,3	13
1:13:00	75	40,2	13
1:13:10	75	40,0	13
1:13:20	76	39,9	13
1:13:30	76	39,9	13
1:13:40	76	39,9	13
1:13:50	77	40,0	13
1:14:00	78	39,9	13
1:14:10	79	40,0	13
1:14:20	79	40,0	13
1:14:30	79	40,3	13
1:14:40	80	40,0	13
1:14:50	80	40,2	13
1:15:00	80	40,0	13
1:15:10	79	40,2	13
1:15:20	79	40,0	13
1:15:30	79	40,0	13
1:15:40	79	40,1	13
1:15:50	79	39,9	13
1:16:00	79	40,1	13
1:16:10	78	40,1	13
1:16:20	78	40,1	13
1:16:30	78	39,9	13
1:16:40	78	40,1	13
1:16:50	78	40,0	13
1:17:00	78	40,2	13
1:17:10	77	40,1	13
1:17:20	77	40,0	13
1:17:30	77	40,1	13
1:17:40	77	40,2	13
1:17:50	77	40,1	13
1:18:00	77	40,0	13
1:18:10	76	40,0	13
1:18:20	76	40,1	13
1:18:30	76	40,2	13
1:18:40	76	40,1	13
1:18:50	76	40,0	13
1:19:00	76	40,0	13
1:19:10	76	40,2	13
1:19:20	75	40,1	13
1:19:30	75	40,0	13
1:19:40	75	40,1	13
1:19:50	75	40,3	13
1:20:00	75	41,2	13
1:20:10	75	40,9	13
1:20:20	75	40,6	13
1:20:30	75	40,3	13
1:20:40	75	39,5	13
1:20:50	74	41,0	13
1:21:00	74	40,7	13
1:21:10	75	40,5	13
1:21:20	75	41,0	13
1:21:30	75	40,9	13
1:21:40	76	40,4	13
1:21:50	77	39,9	13
1:22:00	77	39,9	13
1:22:10	78	39,9	13
1:22:20	79	39,9	13
1:22:30	79	40,0	13
1:22:40	79	40,1	13
1:22:50	79	40,1	13
1:23:00	79	40,0	13
1:23:10	79	40,2	13
1:23:20	79	40,0	13
1:23:30	79	40,2	13
1:23:40	79	40,0	13
1:23:50	79	39,9	13
1:24:00	79	40,1	13
1:24:10	79	39,9	13
1:24:20	79	40,2	13
1:24:30	79	40,0	13
1:24:40	78	40,1	13
1:24:50	78	40,0	13
1:25:00	78	40,1	13
1:25:10	78	40,0	13
1:25:20	78	40,2	13
1:25:30	78	40,0	13
1:25:40	78	40,1	13
1:25:50	77	40,0	13
1:26:00	77	40,1	13
1:26:10	77	40,0	13
1:26:20	77	40,2	13
1:26:30	77	40,1	13
1:26:40	77	40,0	13
1:26:50	77	40,4	13
1:27:00	76	40,3	13
1:27:10	76	40,2	13
1:27:20	76	40,1	13
1:27:30	76	40,0	13
1:27:40	75	40,3	13
1:27:50	75	40,2	13
1:28:00	75	40,2	13
1:28:10	75	41,2	13
1:28:20	75	41,2	13
1:28:30	75	41,2	13
1:28:40	75	41,1	13
1:28:50	75	41,0	13
1:29:00	75	40,7	13
1:29:10	75	40,1	13
1:29:20	75	40,3	13
1:29:30	75	40,1	13
1:29:40	76	40,1	13
1:29:50	76	40,1	13
1:30:00	77	40,1	13
1:30:10	77	40,1	13
1:30:20	78	40,1	13
1:30:30	78	40,0	13
1:30:40	79	40,0	13
1:30:50	79	40,2	13
1:31:00	79	39,9	13
1:31:10	79	40,0	13
1:31:20	79	40,1	13
1:31:30	79	40,1	13
1:31:40	80	40,0	13
1:31:50	79	40,0	13
1:32:00	79	40,1	13
1:32:10	79	40,0	13
1:32:20	79	40,0	13
1:32:30	79	40,1	13
1:32:40	79	40,0	13
1:32:50	79	40,1	13
1:33:00	79	40,0	13
1:33:10	78	40,1	13
1:33:20	78	40,0	13
1:33:30	78	40,3	13
1:33:40	78	40,2	13
1:33:50	77	40,1	13
1:34:00	77	40,0	13
1:34:10	77	40,0	13
1:34:20	77	40,2	13
1:34:30	77	40,1	13
1:34:40	76	40,0	13
1:34:50	76	40,0	13
1:35:00	76	40,0	13
1:35:10	76	40,2	13
1:35:20	76	40,1	13
1:35:30	76	40,1	13
1:35:40	76	40,0	13
1:35:50	76	40,0	13
1:36:00	76	40,0	13
1:36:10	75	40,2	13
1:36:20	75	40,1	13
1:36:30	75	40,0	13
1:36:40	75	40,0	13
1:36:50	75	40,0	13
1:37:00	75	40,3	13
1:37:10	75	41,0	13
1:37:20	75	40,6	13
1:37:30	75	40,1	13
1:37:40	75	40,9	13
1:37:50	75	40,8	13
1:38:00	75	40,7	13
1:38:10	75	40,0	13
1:38:20	75	40,5	13
1:38:30	75	40,8	13
1:38:40	75	40,9	13
1:38:50	75	40,7	13
1:39:00	76	40,4	13
1:39:10	76	40,0	13
1:39:20	76	40,0	13
1:39:30	77	39,9	13
1:39:40	77	39,9	13
1:39:50	78	40,1	13
1:40:00	78	40,1	13
1:40:10	78	40,1	13
1:40:20	78	40,3	13
1:40:30	78	40,1	13
1:40:40	78	40,1	13
1:40:50	78	39,9	13
1:41:00	78	40,0	13
1:41:10	78	40,1	13
1:41:20	78	40,2	13
1:41:30	78	40,1	13
1:41:40	78	40,0	13
1:41:50	78	40,1	13
1:42:00	78	40,2	13
1:42:10	77	40,1	13
1:42:20	77	40,0	13
1:42:30	77	40,3	13
1:42:40	77	40,2	13
1:42:50	77	40,1	13
1:43:00	77	40,0	13
1:43:10	77	40,0	13
1:43:20	77	40,0	13
1:43:30	77	40,2	13
1:43:40	76	40,1	13
1:43:50	76	40,0	13
1:44:00	76	40,1	13
1:44:10	76	40,0	13
1:44:20	76	40,3	13
1:44:30	76	40,2	13
1:44:40	76	40,1	13
1:44:50	76	40,0	13
1:45:00	76	40,0	13
1:45:10	75	40,0	13
1:45:20	75	39,9	13
1:45:30	75	40,1	13
1:45:40	75	40,8	13
1:45:50	75	40,5	12
1:46:00	75	40,4	12
1:46:10	75	40,0	13
1:46:20	75	41,2	12
1:46:30	75	40,8	13
1:46:40	75	40,6	12
1:46:50	75	40,8	13
1:47:00	75	40,6	13
1:47:10	76	40,1	13
1:47:20	77	40,1	13
1:47:30	77	40,2	13
1:47:40	78	40,1	13
1:47:50	78	39,9	13
1:48:00	78	40,1	13
1:48:10	79	40,1	13
1:48:20	79	40,1	13
1:48:30	79	40,3	13
1:48:40	79	40,0	13
1:48:50	79	40,0	13
1:49:00	79	40,2	13
1:49:10	79	40,0	13
1:49:20	79	40,2	13
1:49:30	79	40,0	13
1:49:40	79	40,0	13
1:49:50	79	40,0	13
1:50:00	79	40,2	13
1:50:10	78	40,1	13
1:50:20	78	39,9	13
1:50:30	78	40,2	13
1:50:40	78	40,1	13
1:50:50	78	40,0	13
1:51:00	78	40,0	13
1:51:10	78	40,0	13
1:51:20	78	40,2	13
1:51:30	77	40,1	13
1:51:40	77	40,0	13
1:51:50	77	40,0	13
1:52:00	77	40,0	12
1:52:10	76	40,2	13
1:52:20	76	40,2	12
1:52:30	76	40,1	12
1:52:40	76	40,0	13
1:52:50	76	40,0	12
1:53:00	76	40,0	13
1:53:10	76	40,2	12
1:53:20	75	40,2	12
1:53:30	75	40,1	13
1:53:40	75	40,0	12
1:53:50	75	40,0	12
1:54:00	75	40,0	12
1:54:10	75	40,2	12
1:54:20	75	40,4	12
1:54:30	75	41,1	12
1:54:40	75	40,7	12
1:54:50	75	40,2	12
1:55:00	75	41,0	12
1:55:10	75	40,4	12
1:55:20	75	40,5	12
1:55:30	75	40,6	12
1:55:40	75	41,0	13
1:55:50	75	40,3	12
1:56:00	75	40,4	13
1:56:10	75	40,3	13
1:56:20	75	39,9	13
1:56:30	75	40,1	13
1:56:40	76	39,9	13
1:56:50	76	40,0	13
1:57:00	77	40,2	13
1:57:10	77	40,0	13
1:57:20	78	40,1	13
1:57:30	78	40,0	13
1:57:40	78	40,2	13
1:57:50	78	40,0	13
1:58:00	78	40,2	13
1:58:10	78	40,1	13
1:58:20	78	40,0	13
1:58:30	78	40,2	13
1:58:40	78	40,1	13
1:58:50	78	40,0	13
1:59:00	78	40,0	13
1:59:10	78	40,2	13
1:59:20	78	40,1	13
1:59:30	78	40,0	13
1:59:40	78	40,3	13
1:59:50	77	40,2	13
2:00:00	77	40,1	13
2:00:10	77	40,0	12
2:00:20	77	40,0	13
2:00:30	77	40,0	13
2:00:40	77	40,3	12
2:00:50	77	40,2	13
2:01:00	77	40,1	12
2:01:10	77	40,0	12
2:01:20	77	40,0	13
2:01:30	76	40,3	12
2:01:40	76	40,2	13
2:01:50	76	40,1	13
2:02:00	76	40,1	12
2:02:10	76	40,0	13
2:02:20	76	40,0	12
2:02:30	76	40,0	12
2:02:40	76	40,3	12
2:02:50	75	40,2	12
2:03:00	75	40,2	12
2:03:10	75	40,2	12
2:03:20	75	41,2	12
2:03:30	75	40,8	12
2:03:40	75	40,7	12
2:03:50	75	40,7	12
2:04:00	75	40,4	12
2:04:10	75	39,7	12
2:04:20	75	40,5	12
2:04:30	75	40,5	12
2:04:40	76	40,1	12
2:04:50	76	40,2	13
2:05:00	77	40,2	12
2:05:10	77	40,1	13
2:05:20	78	40,0	13
2:05:30	78	40,1	13
2:05:40	78	40,3	13
2:05:50	78	40,0	12
2:06:00	79	40,0	13
2:06:10	79	40,0	13
2:06:20	79	40,3	13
2:06:30	79	40,1	13
2:06:40	79	40,2	13
2:06:50	79	40,1	13
2:07:00	79	40,1	13
2:07:10	79	39,9	12
2:07:20	79	40,2	13
2:07:30	79	40,0	13
2:07:40	79	40,0	12
2:07:50	79	40,0	13
2:08:00	78	40,2	12
2:08:10	78	40,1	13
2:08:20	78	40,0	13
2:08:30	78	40,0	12
2:08:40	78	40,0	12
2:08:50	77	40,1	12
2:09:00	77	40,1	12
2:09:10	77	40,0	12
2:09:20	77	40,0	12
2:09:30	77	40,3	12
2:09:40	76	40,2	12
2:09:50	76	40,2	12
2:10:00	76	40,1	12
2:10:10	76	40,0	12
2:10:20	76	40,0	12
2:10:30	76	40,1	12
2:10:40	76	40,0	12
2:10:50	76	40,2	12
2:11:00	76	40,1	12
2:11:10	76	40,0	12
2:11:20	76	40,0	12
2:11:30	76	40,0	12
2:11:40	75	40,1	12
2:11:50	75	40,1	12
2:12:00	75	40,0	12
2:12:10	75	40,2	12
2:12:20	75	40,1	12
2:12:30	75	40,2	12
2:12:40	75	40,6	12
2:12:50	75	39,8	12
2:13:00	75	40,5	12
2:13:10	75	41,0	12
2:13:20	75	40,6	12
2:13:30	75	41,0	12
2:13:40	75	40,5	12
2:13:50	75	40,9	12
2:14:00	75	40,1	12
2:14:10	75	40,5	12
2:14:20	75	40,7	12
2:14:30	75	40,8	12
2:14:40	75	40,7	12
2:14:50	75	40,4	12
2:15:00	76	40,0	12
2:15:10	76	40,2	12
2:15:20	77	39,9	12
2:15:30	77	40,1	12
2:15:40	77	40,0	12
2:15:50	78	40,1	12
2:16:00	78	40,0	12
2:16:10	78	40,3	12
2:16:20	78	40,1	12
2:16:30	78	40,0	12
2:16:40	78	40,0	12
2:16:50	78	40,1	12
2:17:00	78	40,0	12
2:17:10	78	40,1	12
2:17:20	77	40,0	12
2:17:30	77	40,1	12
2:17:40	77	40,0	12
2:17:50	77	39,9	12
2:18:00	77	40,2	12
2:18:10	77	40,1	12
2:18:20	77	40,0	12
2:18:30	77	40,1	12
2:18:40	77	40,0	12
2:18:50	77	40,1	12
2:19:00	77	40,1	12
2:19:10	77	40,0	12
2:19:20	76	40,1	12
2:19:30	76	40,1	12
2:19:40	76	40,0	12
2:19:50	76	40,2	12
2:20:00	76	40,1	12
2:20:10	76	40,1	12
2:20:20	76	40,0	12
2:20:30	75	40,1	12
2:20:40	75	40,0	12
2:20:50	75	40,0	12
2:21:00	75	40,7	12
2:21:10	75	40,6	12
2:21:20	75	40,7	12
2:21:30	75	40,5	12
2:21:40	75	40,3	12
2:21:50	75	39,5	12
2:22:00	75	40,8	12
2:22:10	75	40,9	12
2:22:20	76	40,6	12
2:22:30	76	40,1	12
2:22:40	76	40,1	12
2:22:50	77	40,3	12
2:23:00	77	39,9	12
2:23:10	78	40,0	12
2:23:20	78	40,2	12
2:23:30	78	40,0	12
2:23:40	78	40,0	12
2:23:50	79	40,0	12
2:24:00	79	40,2	12
2:24:10	79	40,0	12
2:24:20	79	40,3	12
2:24:30	79	40,1	12
2:24:40	79	39,9	12
2:24:50	79	40,0	12
2:25:00	79	40,1	12
2:25:10	79	40,0	12
2:25:20	79	40,0	13
2:25:30	79	40,0	12
2:25:40	78	40,2	12
2:25:50	78	40,1	12
2:26:00	78	40,0	12
2:26:10	78	40,0	12
2:26:20	78	40,2	12
2:26:30	78	40,1	12
2:26:40	77	40,0	12
2:26:50	77	40,0	12
2:27:00	77	40,0	12
2:27:10	77	40,2	12
2:27:20	77	40,1	12
2:27:30	76	40,0	12
2:27:40	76	40,1	12
2:27:50	76	40,0	12
2:28:00	76	40,0	12
2:28:10	76	40,1	12
2:28:20	76	40,1	12
2:28:30	76	40,0	12
2:28:40	76	40,1	12
2:28:50	76	40,1	12
2:29:00	76	40,0	12
2:29:10	76	40,1	12
2:29:20	76	40,1	12
2:29:30	76	40,0	12
2:29:40	76	40,3	12
2:29:50	75	40,2	12
2:30:00	75	40,1	12
2:30:10	75	40,1	12
2:30:20	75	40,0	12
2:30:30	75	40,0	12
2:30:40	75	40,0	12
2:30:50	75	40,2	12
2:31:00	75	40,8	12
2:31:10	75	40,4	12
2:31:20	75	41,1	12
2:31:30	75	40,7	12
2:31:40	75	39,9	12
2:31:50	74	40,9	12
2:32:00	74	40,6	12
2:32:10	74	40,0	12
2:32:20	75	41,0	12
2:32:30	75	40,3	12
2:32:40	75	40,2	12
2:32:50	76	40,0	12
2:33:00	76	39,9	12
2:33:10	77	40,0	12
2:33:20	77	40,1	12
2:33:30	77	40,3	12
2:33:40	78	40,0	12
2:33:50	78	40,2	12
2:34:00	78	39,9	12
2:34:10	78	40,0	12
2:34:20	78	40,0	12
2:34:30	78	40,2	12
2:34:40	78	40,0	12
2:34:50	78	40,0	12
2:35:00	78	40,2	12
2:35:10	78	40,0	12
2:35:20	78	40,0	12
2:35:30	78	40,1	12
2:35:40	78	40,0	12
2:35:50	78	40,1	12
2:36:00	78	40,0	12
2:36:10	78	40,0	12
2:36:20	78	40,2	12
2:36:30	78	40,1	12
2:36:40	78	40,0	12
2:36:50	77	40,0	12
2:37:00	77	40,1	12
2:37:10	77	40,0	12
2:37:20	77	40,2	12
2:37:30	77	40,1	12
2:37:40	77	40,1	12
2:37:50	77	40,0	12
2:38:00	77	40,1	12
2:38:10	76	40,0	12
2:38:20	76	40,2	12
2:38:30	76	40,2	12
2:38:40	76	40,1	12
2:38:50	76	40,0	12
2:39:00	75	40,0	12
2:39:10	75	40,3	12
2:39:20	75	40,2	12
2:39:30	75	40,1	12
2:39:40	75	40,6	12
2:39:50	75	40,1	12
2:40:00	75	39,4	12
2:40:10	75	40,9	12
2:40:20	75	40,6	12
2:40:30	75	41,1	12
2:40:40	75	40,5	12
2:40:50	75	40,8	12
2:41:00	75	40,9	12
2:41:10	75	40,7	12
2:41:20	75	40,4	12
2:41:30	76	40,1	12
2:41:40	76	40,2	12
2:41:50	76	40,0	12
2:42:00	76	40,1	12
2:42:10	76	40,0	12
2:42:20	77	40,2	12
2:42:30	77	40,1	12
2:42:40	77	40,0	12
2:42:50	77	40,1	12
2:43:00	77	40,0	12
2:43:10	77	40,0	12
2:43:20	77	40,2	12
2:43:30	77	40,1	12
2:43:40	77	40,0	12
2:43:50	77	40,0	12
2:44:00	77	40,1	12
2:44:10	77	40,1	12
2:44:20	77	40,1	12
2:44:30	77	40,0	12
2:44:40	77	40,0	12
2:44:50	77	40,1	12
2:45:00	76	40,1	12
2:45:10	76	40,0	12
2:45:20	76	40,1	12
2:45:30	76	40,0	12
2:45:40	76	40,0	12
2:45:50	76	40,1	12
2:46:00	76	40,1	12
2:46:10	76	40,0	12
2:46:20	76	40,2	12
2:46:30	76	40,1	12
2:46:40	76	40,1	12
2:46:50	76	40,0	12
2:47:00	75	40,0	12
2:47:10	75	40,3	12
2:47:20	75	40,2	12
2:47:30	75	40,2	12
2:47:40	75	40,1	12
2:47:50	75	40,1	12
2:48:00	75	40,1	12
2:48:10	75	40,5	12
2:48:20	75	41,0	12
2:48:30	75	40,5	12
2:48:40	75	39,7	12
2:48:50	75	40,5	12
2:49:00	75	39,7	12
2:49:10	75	40,7	12
2:49:20	75	39,7	12
2:49:30	75	40,6	12
2:49:40	75	41,0	12
2:49:50	75	40,2	12
2:50:00	75	40,3	12
2:50:10	75	40,1	12
2:50:20	75	40,3	12
2:50:30	76	39,9	12
2:50:40	76	40,1	12
2:50:50	77	40,2	12
2:51:00	77	40,0	12
2:51:10	77	40,2	12
2:51:20	78	39,9	12
2:51:30	78	40,1	12
2:51:40	78	40,1	12
2:51:50	78	39,9	12
2:52:00	78	40,1	12
2:52:10	78	39,9	12
2:52:20	78	40,0	12
2:52:30	78	40,2	12
2:52:40	78	40,0	12
2:52:50	78	40,1	12
2:53:00	78	40,0	12
2:53:10	78	40,2	12
2:53:20	78	40,0	12
2:53:30	77	40,0	12
2:53:40	77	40,0	12
2:53:50	77	40,2	12
2:54:00	77	40,1	12
2:54:10	77	40,0	12
2:54:20	77	40,1	12
2:54:30	77	40,1	12
2:54:40	77	40,0	12
2:54:50	77	40,3	12
2:55:00	77	40,2	12
2:55:10	76	40,1	12
2:55:20	76	40,1	12
2:55:30	76	40,0	12
2:55:40	76	40,0	12
2:55:50	76	40,2	12
2:56:00	76	40,1	12
2:56:10	76	40,0	12
2:56:20	75	40,2	12
2:56:30	75	40,2	12
2:56:40	75	40,1	12
2:56:50	75	40,2	12
2:57:00	75	41,0	12
2:57:10	75	40,8	12
2:57:20	75	40,5	12
2:57:30	75	40,2	12
2:57:40	75	40,3	12
2:57:50	75	41,1	12
2:58:00	75	40,4	12
2:58:10	75	40,8	12
2:58:20	75	40,8	12
2:58:30	76	40,5	12
2:58:40	76	40,1	12
2:58:50	76	39,9	12
2:59:00	77	40,2	12
2:59:10	77	40,1	12
2:59:20	77	40,0	12
2:59:30	78	40,0	12
2:59:40	78	40,2	12
2:59:50	78	40,0	12
3:00:00	78	40,2	12
3:00:10	79	40,0	12
3:00:20	79	40,0	12
3:00:30	79	40,1	12
3:00:40	79	40,0	12
3:00:50	79	40,0	12
3:01:00	79	40,2	12
3:01:10	79	40,0	12
3:01:20	79	40,0	12
3:01:30	79	40,1	12
3:01:40	79	40,0	12
3:01:50	79	40,0	12
3:02:00	78	40,4	12
3:02:10	78	40,3	12
3:02:20	78	40,2	12
3:02:30	78	40,1	12
3:02:40	78	40,0	12
3:02:50	78	40,3	12
3:03:00	77	40,3	12
3:03:10	77	40,2	12
3:03:20	77	40,1	12
3:03:30	77	40,0	12
3:03:40	77	40,1	12
3:03:50	77	40,1	12
3:04:00	77	40,0	12
3:04:10	77	40,2	12
3:04:20	77	40,1	12
3:04:30	76	40,1	12
3:04:40	76	40,0	12
3:04:50	76	40,0	12
3:05:00	76	40,0	12
3:05:10	76	40,2	12
3:05:20	76	40,2	12
3:05:30	76	40,1	12
3:05:40	76	40,0	12
3:05:50	76	40,0	12
3:06:00	76	40,1	12
3:06:10	76	40,0	12
3:06:20	76	40,3	12
3:06:30	76	40,2	12
3:06:40	75	40,2	12
3:06:50	75	40,1	12
3:07:00	75	40,0	12
3:07:10	75	40,0	12
3:07:20	75	40,3	12
3:07:30	75	40,9	12
3:07:40	75	40,5	12
3:07:50	75	41,0	12
3:08:00	75	40,8	12
3:08:10	75	40,5	12
3:08:20	75	39,4	12
3:08:30	75	40,8	12
3:08:40	74	40,2	12
3:08:50	75	40,8	12
3:09:00	75	39,9	12
3:09:10	75	40,5	12
3:09:20	75	40,3	12
3:09:30	76	39,9	12
3:09:40	76	40,0	12
3:09:50	77	40,1	12
3:10:00	77	40,2	12
3:10:10	78	39,9	12
3:10:20	78	40,2	12
3:10:30	78	39,9	12
3:10:40	78	40,1	12
3:10:50	78	40,0	12
3:11:00	79	40,2	12
3:11:10	79	40,0	12
3:11:20	79	40,4	12
3:11:30	79	40,2	12
3:11:40	79	40,1	12
3:11:50	78	40,0	12
3:12:00	78	40,1	12
3:12:10	78	40,0	12
3:12:20	78	40,1	12
3:12:30	78	40,0	12
3:12:40	78	40,1	12
3:12:50	78	40,1	12
3:13:00	78	40,2	12
3:13:10	78	40,1	12
3:13:20	78	40,0	12
3:13:30	78	40,3	12
3:13:40	77	40,2	12
3:13:50	77	40,1	12
3:14:00	77	40,0	12
3:14:10	77	40,0	12
3:14:20	77	40,0	12
3:14:30	77	40,2	12
3:14:40	77	40,2	12
3:14:50	77	40,1	12
3:15:00	77	40,0	12
3:15:10	76	40,0	12
3:15:20	76	40,0	12
3:15:30	76	40,3	12
3:15:40	76	40,2	12
3:15:50	76	40,1	12
3:16:00	76	40,1	12
3:16:10	75	40,0	12
3:16:20	75	40,0	12
3:16:30	75	40,1	12
3:16:40	75	40,5	12
3:16:50	75	40,3	12
3:17:00	75	39,5	12
3:17:10	75	41,2	12
3:17:20	75	40,9	12
3:17:30	75	40,6	12
3:17:40	75	39,7	12
3:17:50	75	40,3	12
3:18:00	75	40,3	12
3:18:10	75	40,0	12
3:18:20	75	40,1	12
3:18:30	76	39,9	12
3:18:40	76	39,9	12
3:18:50	76	40,1	12
3:19:00	77	40,2	12
3:19:10	77	40,0	12
3:19:20	77	39,9	12
3:19:30	77	40,0	12
3:19:40	77	40,3	12
3:19:50	78	40,1	12
3:20:00	78	40,1	12
3:20:10	78	40,2	12
3:20:20	78	40,1	12
3:20:30	78	40,0	12
3:20:40	78	40,0	12
3:20:50	78	40,2	12
3:21:00	78	40,1	12
3:21:10	78	40,0	12
3:21:20	78	40,0	12
3:21:30	78	40,2	12
3:21:40	78	40,1	12
3:21:50	77	40,0	12
3:22:00	77	40,0	12
3:22:10	77	40,3	12
3:22:20	77	40,2	12
3:22:30	77	40,1	12
3:22:40	77	40,0	12
3:22:50	77	40,1	12
3:23:00	77	40,0	12
3:23:10	77	40,2	12
3:23:20	77	40,1	12
3:23:30	76	40,0	12
3:23:40	76	40,2	12
3:23:50	76	40,1	12
3:24:00	76	40,1	12
3:24:10	76	40,0	12
3:24:20	76	40,3	12
3:24:30	76	40,2	12
3:24:40	76	40,2	12
3:24:50	76	40,1	12
3:25:00	76	40,1	12
3:25:10	76	40,0	12
3:25:20	76	40,0	12
3:25:30	76	40,0	12
3:25:40	75	40,1	12
3:25:50	75	40,0	12
3:26:00	75	40,0	12
3:26:10	75	40,2	12
3:26:20	75	40,1	12
3:26:30	75	40,4	12
3:26:40	75	41,0	12
3:26:50	75	40,6	12
3:27:00	75	39,8	12
3:27:10	75	41,1	12
3:27:20	75	40,8	12
3:27:30	75	40,2	12
3:27:40	75	40,8	11
3:27:50	74	40,3	11
3:28:00	74	40,9	11
3:28:10	75	40,0	11
3:28:20	75	40,3	11
3:28:30	75	40,3	11
3:28:40	75	40,0	11
3:28:50	75	40,0	12
3:29:00	76	40,2	11
3:29:10	76	40,3	11
3:29:20	76	39,9	12
3:29:30	77	40,1	11
3:29:40	78	40,0	12
3:29:50	78	40,1	12
3:30:00	78	40,0	12
3:30:10	79	40,1	12
3:30:20	79	39,9	12
3:30:30	79	40,1	12
3:30:40	79	39,9	12
3:30:50	79	40,0	12
3:31:00	79	40,1	12
3:31:10	79	40,0	12
3:31:20	79	40,0	12
3:31:30	78	40,1	12
3:31:40	78	40,0	11
3:31:50	78	40,2	12
3:32:00	78	40,1	12
3:32:10	78	40,0	12
3:32:20	78	40,1	12
3:32:30	78	40,0	11
3:32:40	78	40,1	12
3:32:50	78	40,1	12
3:33:00	77	40,0	11
3:33:10	77	40,1	12
3:33:20	77	40,0	11
3:33:30	77	40,0	11
3:33:40	77	40,1	12
3:33:50	77	40,1	11
3:34:00	77	40,0	12
3:34:10	77	40,4	12
3:34:20	77	40,3	11
3:34:30	77	40,3	12
3:34:40	76	40,2	11
3:34:50	76	40,1	11
3:35:00	76	40,1	11
3:35:10	76	40,0	11
3:35:20	76	40,0	11
3:35:30	76	40,1	11
3:35:40	76	40,0	11
3:35:50	76	40,3	11
3:36:00	76	40,2	11
3:36:10	76	40,1	11
3:36:20	75	40,1	11
3:36:30	75	40,0	11
3:36:40	75	40,0	11
3:36:50	75	40,0	11
3:37:00	75	40,2	11
3:37:10	75	40,5	11
3:37:20	75	39,7	11
3:37:30	75	40,6	11
3:37:40	75	39,9	11
3:37:50	75	40,7	11
3:38:00	75	40,3	11
3:38:10	75	41,0	11
3:38:20	75	40,4	11
3:38:30	75	41,0	11
3:38:40	75	40,5	11
3:38:50	75	40,8	11
3:39:00	75	40,9	11
3:39:10	75	40,7	11
3:39:20	75	40,4	11
3:39:30	75	40,0	11
3:39:40	76	40,1	11
3:39:50	76	40,2	11
3:40:00	76	40,0	11
3:40:10	77	40,0	12
3:40:20	77	40,1	11
3:40:30	77	40,1	12
3:40:40	78	40,0	12
3:40:50	78	40,2	11
3:41:00	78	40,0	12
3:41:10	79	40,2	11
3:41:20	79	40,0	11
3:41:30	79	40,0	12
3:41:40	79	40,0	11
3:41:50	79	40,2	12
3:42:00	79	40,0	12
3:42:10	79	39,9	11
3:42:20	79	40,2	12
3:42:30	78	40,1	11
3:42:40	78	40,0	11
3:42:50	78	40,0	11
3:43:00	78	40,1	11
3:43:10	78	40,0	11
3:43:20	78	40,2	11
3:43:30	78	40,1	11
3:43:40	78	40,0	11
3:43:50	78	40,0	11
3:44:00	77	40,3	11
3:44:10	77	40,2	11
3:44:20	77	40,1	11
3:44:30	77	40,0	11
3:44:40	77	40,0	11
3:44:50	77	40,0	11
3:45:00	77	40,0	11
3:45:10	77	40,2	11
3:45:20	77	40,1	11
3:45:30	76	40,0	11
3:45:40	76	40,0	11
3:45:50	76	40,0	11
3:46:00	76	40,0	11
3:46:10	76	40,2	11
3:46:20	76	40,1	11
3:46:30	76	40,1	11
3:46:40	76	40,0	11
3:46:50	76	40,0	11
3:47:00	76	40,2	11
3:47:10	76	40,1	11
3:47:20	75	40,1	11
3:47:30	75	40,0	11
3:47:40	75	40,0	11
3:47:50	75	40,1	11
3:48:00	75	40,5	11
3:48:10	75	39,5	11
3:48:20	75	40,9	11
3:48:30	75	40,5	11
3:48:40	75	39,5	11
3:48:50	75	40,8	11
3:49:00	75	40,4	11
3:49:10	75	41,0	11
3:49:20	75	40,5	11
3:49:30	75	40,7	11
3:49:40	75	40,8	11
3:49:50	75	40,6	11
3:50:00	75	40,2	11
3:50:10	75	39,9	11
3:50:20	76	40,0	11
3:50:30	76	40,2	11
3:50:40	76	39,9	11
3:50:50	77	40,0	11
3:51:00	77	40,0	11
3:51:10	77	40,1	11
3:51:20	77	40,0	11
3:51:30	77	40,0	11
3:51:40	78	40,1	11
3:51:50	78	39,9	11
3:52:00	78	40,2	11
3:52:10	78	40,1	11
3:52:20	78	40,0	11
3:52:30	78	40,0	11
3:52:40	78	40,2	11
3:52:50	78	40,1	11
3:53:00	78	40,0	11
3:53:10	78	40,3	11
3:53:20	78	40,2	11
3:53:30	77	40,1	11
3:53:40	77	40,0	11
3:53:50	77	40,0	11
3:54:00	77	40,1	11
3:54:10	77	40,0	11
3:54:20	77	40,2	11
3:54:30	77	40,1	11
3:54:40	77	40,0	11
3:54:50	77	40,0	11
3:55:00	77	40,0	11
3:55:10	77	40,2	11
3:55:20	76	40,1	11
3:55:30	76	40,0	11
3:55:40	76	40,0	11
3:55:50	76	40,1	11
3:56:00	76	40,0	11
3:56:10	76	40,0	11
3:56:20	76	40,2	11
3:56:30	76	40,2	11
3:56:40	76	40,1	11
3:56:50	76	40,0	11
3:57:00	76	40,0	11
3:57:10	75	40,0	11
3:57:20	75	40,0	11
3:57:30	75	40,2	11
3:57:40	75	40,1	11
3:57:50	75	40,1	11
3:58:00	75	40,1	11
3:58:10	75	40,6	11
3:58:20	75	39,8	11
3:58:30	75	41,0	11
3:58:40	75	41,0	11
3:58:50	75	40,6	11
3:59:00	75	39,7	11
3:59:10	75	40,7	11
3:59:20	75	39,6	11
3:59:30	75	40,4	11
3:59:40	75	40,4	11
3:59:50	75	40,3	11
4:00:00	75	40,1	11
4:00:10	75	39,9	11
4:00:20	75	40,0	11
4:00:30	76	40,2	11
4:00:40	76	40,2	11
4:00:50	76	40,0	11
4:01:00	76	39,9	11
4:01:10	77	40,1	11
4:01:20	77	40,0	11
4:01:30	77	40,1	11
4:01:40	77	40,2	11
4:01:50	77	40,1	11
4:02:00	77	39,9	11
4:02:10	77	40,1	11
4:02:20	77	40,0	11
4:02:30	77	40,0	11
4:02:40	77	40,0	11
4:02:50	77	40,2	11
4:03:00	77	40,1	11
4:03:10	77	40,0	11
4:03:20	77	40,0	11
4:03:30	77	40,1	11
4:03:40	77	40,0	11
4:03:50	77	40,2	11
4:04:00	77	40,1	11
4:04:10	76	40,1	11
4:04:20	76	40,0	11
4:04:30	76	40,2	11
4:04:40	76	40,1	11
4:04:50	76	40,0	11
4:05:00	76	40,2	11
4:05:10	76	40,1	11
4:05:20	76	40,1	11
4:05:30	76	40,0	11
4:05:40	75	40,0	11
4:05:50	75	40,2	11
4:06:00	75	40,2	11
4:06:10	75	40,1	11
4:06:20	75	40,0	11
4:06:30	75	40,0	11
4:06:40	75	40,4	11
4:06:50	75	40,9	11
4:07:00	75	40,4	11
4:07:10	75	40,9	11
4:07:20	75	40,2	11
4:07:30	75	40,8	11
4:07:40	75	40,0	11
4:07:50	75	40,6	11
4:08:00	75	40,9	11
4:08:10	75	41,0	11
4:08:20	75	40,1	11
4:08:30	75	40,1	11
4:08:40	75	40,1	11
4:08:50	75	40,3	11
4:09:00	76	40,0	11
4:09:10	76	40,1	11
4:09:20	76	40,1	11
4:09:30	76	39,9	11
4:09:40	76	40,2	11
4:09:50	76	40,0	11
4:10:00	77	40,0	11
4:10:10	77	40,2	11
4:10:20	77	40,1	11
4:10:30	77	40,0	11
4:10:40	77	40,3	11
4:10:50	77	40,1	11
4:11:00	77	40,0	11
4:11:10	77	40,0	11
4:11:20	77	40,0	11
4:11:30	77	40,2	11
4:11:40	76	40,1	11
4:11:50	76	40,0	11
4:12:00	76	40,0	11
4:12:10	76	40,0	11
4:12:20	76	40,3	11
4:12:30	76	40,2	11
4:12:40	76	40,1	11
4:12:50	76	40,1	11
4:13:00	76	40,0	11
4:13:10	76	40,0	11
4:13:20	76	40,2	11
4:13:30	76	40,1	11
4:13:40	75	40,1	11
4:13:50	75	40,0	11
4:14:00	75	40,2	11
4:14:10	75	40,1	11
4:14:20	75	40,1	11
4:14:30	75	40,6	11
4:14:40	75	39,4	11
4:14:50	75	40,8	11
4:15:00	75	40,4	11
4:15:10	75	41,1	11
4:15:20	75	40,4	11
4:15:30	75	41,0	11
4:15:40	75	40,4	11
4:15:50	75	40,7	11
4:16:00	75	40,8	11
4:16:10	75	40,7	11
4:16:20	75	40,4	11
4:16:30	75	40,1	11
4:16:40	75	40,2	11
4:16:50	76	39,9	11
4:17:00	76	40,2	11
4:17:10	76	39,9	11
4:17:20	76	40,2	11
4:17:30	77	40,0	11
4:17:40	77	40,3	11
4:17:50	77	40,1	11
4:18:00	77	40,0	11
4:18:10	77	40,3	11
4:18:20	77	40,2	11
4:18:30	77	40,0	11
4:18:40	77	40,0	11
4:18:50	77	40,2	11
4:19:00	77	40,1	11
4:19:10	77	40,0	11
4:19:20	77	40,0	11
4:19:30	77	40,0	11
4:19:40	77	40,2	11
4:19:50	77	40,1	11
4:20:00	77	40,0	11
4:20:10	77	40,0	11
4:20:20	77	40,1	11
4:20:30	77	40,0	11
4:20:40	76	40,2	11
4:20:50	76	40,1	11
4:21:00	76	40,1	11
4:21:10	76	40,0	11
4:21:20	76	40,0	11
4:21:30	76	40,1	11
4:21:40	76	40,0	11
4:21:50	76	40,2	11
4:22:00	76	40,1	11
4:22:10	76	40,0	11
4:22:20	75	40,0	10
4:22:30	75	40,0	10
4:22:40	75	40,0	10
4:22:50	75	40,2	10
4:23:00	75	40,2	10
4:23:10	75	40,6	10
4:23:20	75	39,5	10
4:23:30	75	40,9	10
4:23:40	75	40,4	10
4:23:50	75	41,1	10
4:24:00	75	40,8	10
4:24:10	75	40,4	10
4:24:20	75	41,0	10
4:24:30	75	40,2	10
4:24:40	75	40,3	10
4:24:50	75	40,2	10
4:25:00	75	40,0	11
4:25:10	75	39,9	10
4:25:20	76	40,1	11
4:25:30	76	40,1	11
4:25:40	76	40,0	11
4:25:50	76	40,2	11
4:26:00	77	40,0	11
4:26:10	77	40,2	11
4:26:20	77	40,0	11
4:26:30	77	40,0	11
4:26:40	77	40,1	11
4:26:50	77	40,0	11
4:27:00	78	40,0	11
4:27:10	78	40,2	11
4:27:20	78	40,0	11
4:27:30	78	40,3	11
4:27:40	78	40,2	11
4:27:50	77	40,1	11
4:28:00	77	40,0	11
4:28:10	77	40,0	11
4:28:20	77	40,0	11
4:28:30	77	40,2	11
4:28:40	77	40,1	11
4:28:50	77	40,1	11
4:29:00	77	40,0	11
4:29:10	77	40,2	11
4:29:20	77	40,1	11
4:29:30	77	40,0	11
4:29:40	76	40,1	11
4:29:50	76	40,1	11
4:30:00	76	40,0	11
4:30:10	76	40,2	11
4:30:20	76	40,2	11
4:30:30	76	40,1	10
4:30:40	76	40,0	11
4:30:50	76	40,0	10
4:31:00	76	40,1	10
4:31:10	76	40,0	11
4:31:20	76	40,2	10
4:31:30	75	40,2	10
4:31:40	75	40,1	10
4:31:50	75	40,1	10
4:32:00	75	40,0	10
4:32:10	75	40,2	10
4:32:20	75	40,7	10
4:32:30	75	40,5	10
4:32:40	75	39,5	10
4:32:50	75	40,9	10
4:33:00	75	40,6	10
4:33:10	75	39,8	10
4:33:20	75	40,6	10
4:33:30	75	41,0	10
4:33:40	75	40,2	10
4:33:50	75	40,3	11
4:34:00	75	40,2	10
4:34:10	75	40,0	11
4:34:20	75	40,0	10
4:34:30	76	40,1	11
4:34:40	76	40,1	11
4:34:50	76	40,1	11
4:35:00	76	40,3	11
4:35:10	77	40,1	11
4:35:20	77	40,1	11
4:35:30	77	40,2	11
4:35:40	77	40,0	11
4:35:50	77	40,3	11
4:36:00	77	40,1	11
4:36:10	77	40,0	11
4:36:20	77	40,1	11
4:36:30	77	40,0	11
4:36:40	77	40,1	11
4:36:50	77	40,0	11
4:37:00	77	40,0	10
4:37:10	77	40,3	11
4:37:20	77	40,2	11
4:37:30	77	40,1	10
4:37:40	77	40,0	11
4:37:50	77	40,1	10
4:38:00	77	40,0	11
4:38:10	77	40,1	11
4:38:20	77	40,1	10
4:38:30	76	40,0	10
4:38:40	76	40,0	10
4:38:50	76	40,0	10
4:39:00	76	40,0	11
4:39:10	76	40,1	10
4:39:20	76	40,1	10
4:39:30	76	40,0	10
4:39:40	76	40,1	10
4:39:50	76	40,0	10
4:40:00	76	40,0	10
4:40:10	75	40,2	10
4:40:20	75	40,2	10
4:40:30	75	40,1	10
4:40:40	75	40,0	10
4:40:50	75	40,0	10
4:41:00	75	40,4	10
4:41:10	75	41,1	10
4:41:20	75	40,9	10
4:41:30	75	40,5	10
4:41:40	75	40,4	10
4:41:50	75	40,7	10
4:42:00	75	40,2	10
4:42:10	75	40,6	10
4:42:20	75	40,9	10
4:42:30	75	39,9	10
4:42:40	75	40,0	10
4:42:50	75	40,2	10
4:43:00	75	39,9	10
4:43:10	76	40,0	10
4:43:20	76	40,0	10
4:43:30	76	40,0	10
4:43:40	76	40,2	10
4:43:50	77	40,0	10
4:44:00	77	40,3	10
4:44:10	77	40,1	11
4:44:20	77	40,0	10
4:44:30	77	40,2	10
4:44:40	77	40,1	11
4:44:50	77	40,0	10
4:45:00	77	40,0	11
4:45:10	77	40,2	10
4:45:20	77	40,0	10
4:45:30	77	40,0	11
4:45:40	77	40,0	10
4:45:50	77	40,2	10
4:46:00	77	40,1	11
4:46:10	77	40,0	10
4:46:20	77	40,0	10
4:46:30	77	40,1	10
4:46:40	77	40,0	10
4:46:50	77	40,1	10
4:47:00	76	40,1	10
4:47:10	76	40,0	10
4:47:20	76	40,0	10
4:47:30	76	40,0	10
4:47:40	76	40,2	10
4:47:50	76	40,2	10
4:48:00	76	40,1	10
4:48:10	76	40,0	10
4:48:20	76	40,0	10
4:48:30	76	40,0	10
4:48:40	75	40,2	10
4:48:50	75	40,1	10
4:49:00	75	40,1	10
4:49:10	75	40,0	10
4:49:20	75	40,1	10
4:49:30	75	40,6	10
4:49:40	75	39,4	10
4:49:50	75	41,1	10
4:50:00	75	40,8	10
4:50:10	75	40,5	10
4:50:20	75	39,3	10
4:50:30	75	40,9	10
4:50:40	75	40,3	10
4:50:50	75	40,6	10
4:51:00	75	40,7	10
4:51:10	75	40,5	10
4:51:20	75	40,2	10
4:51:30	75	40,0	10
4:51:40	76	40,1	10
4:51:50	76	40,2	10
4:52:00	76	39,9	10
4:52:10	76	40,2	10
4:52:20	77	40,0	10
4:52:30	77	40,1	11
4:52:40	77	40,1	10
4:52:50	77	40,2	10
4:53:00	77	40,1	10
4:53:10	77	40,1	10
4:53:20	77	40,0	10
4:53:30	77	40,2	10
4:53:40	77	40,1	10
4:53:50	77	40,0	10
4:54:00	77	40,3	10
4:54:10	77	40,2	10
4:54:20	77	40,1	10
4:54:30	77	40,0	10
4:54:40	77	40,0	10
4:54:50	77	40,3	10
4:55:00	77	40,2	10
4:55:10	77	40,1	10
4:55:20	76	40,0	10
4:55:30	76	40,0	10
4:55:40	76	40,0	10
4:55:50	76	40,2	10
4:56:00	76	40,1	10
4:56:10	76	40,0	10
4:56:20	76	40,1	10
4:56:30	76	40,1	10
4:56:40	76	40,0	10
4:56:50	76	40,0	10
4:57:00	75	40,2	10
4:57:10	75	40,1	10
4:57:20	75	40,1	10
4:57:30	75	40,0	10
4:57:40	75	40,1	10
4:57:50	75	40,2	10
4:58:00	75	40,8	10
4:58:10	75	40,1	10
4:58:20	75	40,8	10
4:58:30	75	40,4	10
4:58:40	75	41,1	10
4:58:50	75	40,4	10
4:59:00	75	41,0	10
4:59:10	75	40,3	10
4:59:20	75	40,5	10
4:59:30	75	40,5	10
4:59:40	75	40,2	10
4:59:50	75	39,9	10
5:00:00	76	40,0	10
5:00:10	76	40,2	10
5:00:20	76	39,9	10
5:00:30	76	40,0	10
5:00:40	77	39,9	10
5:00:50	77	40,1	10
5:01:00	77	40,0	10
5:01:10	77	40,2	10
5:01:20	77	40,1	10
5:01:30	77	40,0	11
5:01:40	77	40,1	10
5:01:50	77	40,0	11
5:02:00	77	40,0	10
5:02:10	77	40,3	10
5:02:20	77	40,1	11
5:02:30	77	40,0	10
5:02:40	77	40,0	10
5:02:50	77	40,0	10
5:03:00	77	40,2	10
5:03:10	77	40,1	10
5:03:20	77	40,0	10
5:03:30	77	40,0	10
5:03:40	77	40,0	10
5:03:50	76	40,2	10
5:04:00	76	40,1	10
5:04:10	76	40,1	10
5:04:20	76	40,0	10
5:04:30	76	40,0	10
5:04:40	76	40,0	10
5:04:50	76	40,3	10
5:05:00	76	40,2	10
5:05:10	76	40,1	10
5:05:20	76	40,1	10
5:05:30	75	40,0	10
5:05:40	75	40,1	10
5:05:50	75	40,0	10
5:06:00	75	40,2	10
5:06:10	75	40,1	10
5:06:20	75	40,5	10
5:06:30	75	39,4	10
5:06:40	75	40,8	10
5:06:50	75	40,2	10
5:07:00	75	40,9	10
5:07:10	75	40,3	10
5:07:20	75	40,9	10
5:07:30	75	40,3	10
5:07:40	75	40,7	10
5:07:50	75	40,8	10
5:08:00	75	40,7	10
5:08:10	75	40,4	10
5:08:20	76	40,0	10
5:08:30	76	40,2	10
5:08:40	76	39,9	10
5:08:50	76	40,1	10
5:09:00	76	39,9	10
5:09:10	77	40,1	10
5:09:20	77	39,9	10
5:09:30	77	40,2	10
5:09:40	77	40,0	10
5:09:50	77	40,1	10
5:10:00	77	39,9	10
5:10:10	77	40,1	10
5:10:20	77	40,0	10
5:10:30	77	40,0	10
5:10:40	77	40,2	10
5:10:50	77	40,1	10
5:11:00	77	40,0	10
5:11:10	77	40,0	10
5:11:20	77	40,2	10
5:11:30	77	40,1	11
5:11:40	77	40,1	10
5:11:50	77	40,0	11
5:12:00	76	40,0	10
5:12:10	76	40,2	10
5:12:20	76	40,1	10
5:12:30	76	40,1	10
5:12:40	76	40,0	10
5:12:50	76	40,0	10
5:13:00	76	40,0	10
5:13:10	76	40,2	10
5:13:20	76	40,1	10
5:13:30	76	40,1	10
5:13:40	76	40,0	10
5:13:50	76	40,1	10
5:14:00	75	40,0	10
5:14:10	75	40,0	10
5:14:20	75	40,2	10
5:14:30	75	40,1	10
5:14:40	75	40,6	10
5:14:50	75	39,4	10
5:15:00	75	40,8	10
5:15:10	75	40,5	10
5:15:20	75	39,5	10
5:15:30	75	40,8	10
5:15:40	75	40,2	10
5:15:50	75	40,7	10
5:16:00	75	41,0	10
5:16:10	75	41,0	10
5:16:20	75	40,7	10
5:16:30	75	40,4	10
5:16:40	76	40,1	10
5:16:50	76	40,2	10
5:17:00	76	39,9	10
5:17:10	76	39,9	10
5:17:20	76	40,0	10
5:17:30	77	40,1	10
5:17:40	77	40,1	10
5:17:50	77	40,0	10
5:18:00	77	40,2	11
5:18:10	77	40,0	10
5:18:20	77	40,2	10
5:18:30	77	40,1	10
5:18:40	77	40,0	10
5:18:50	77	40,0	11
5:19:00	77	40,0	10
5:19:10	77	40,2	10
5:19:20	77	40,1	10
5:19:30	77	40,0	10
5:19:40	77	40,0	10
5:19:50	77	40,3	10
5:20:00	76	40,2	10
5:20:10	76	40,1	10
5:20:20	76	40,0	10
5:20:30	76	40,0	10
5:20:40	76	40,1	10
5:20:50	76	40,0	10
5:21:00	76	40,2	10
5:21:10	76	40,2	10
5:21:20	76	40,1	10
5:21:30	76	40,0	10
5:21:40	76	40,0	10
5:21:50	75	40,0	10
5:22:00	75	40,2	10
5:22:10	75	40,2	10
5:22:20	75	40,1	10
5:22:30	75	40,1	10
5:22:40	75	40,6	10
5:22:50	75	39,8	10
5:23:00	75	40,7	10
5:23:10	75	40,4	10
5:23:20	75	41,1	10
5:23:30	75	40,6	10
5:23:40	75	41,1	10
5:23:50	75	40,4	10
5:24:00	75	40,6	10
5:24:10	75	40,5	10
5:24:20	75	40,3	10
5:24:30	75	40,0	10
5:24:40	76	40,1	10
5:24:50	76	40,1	10
5:25:00	76	40,1	10
5:25:10	76	40,0	10
5:25:20	76	40,1	10
5:25:30	76	40,2	10
5:25:40	77	40,1	10
5:25:50	77	40,0	10
5:26:00	77	40,0	10
5:26:10	77	40,1	10
5:26:20	77	40,0	10
5:26:30	77	40,1	10
5:26:40	77	40,0	10
5:26:50	77	40,2	10
5:27:00	77	40,1	10
5:27:10	77	39,9	10
5:27:20	77	40,3	10
5:27:30	77	40,2	10
5:27:40	77	40,1	10
5:27:50	76	40,0	10
5:28:00	76	40,1	10
5:28:10	76	40,0	10
5:28:20	76	40,2	10
5:28:30	76	40,1	10
5:28:40	76	40,1	10
5:28:50	76	40,0	10
5:29:00	76	40,0	10
5:29:10	76	40,2	10
5:29:20	76	40,2	10
5:29:30	76	40,1	10
5:29:40	75	40,0	10
5:29:50	75	40,0	10
5:30:00	75	40,1	10
5:30:10	75	40,0	10
5:30:20	75	40,3	10
5:30:30	75	40,8	10
5:30:40	75	40,2	10
5:30:50	75	40,9	10
5:31:00	75	40,6	10
5:31:10	75	39,4	10
5:31:20	75	40,9	10
5:31:30	75	40,1	10
5:31:40	75	40,5	10
5:31:50	75	40,7	10
5:32:00	75	40,6	10
5:32:10	75	40,4	10
5:32:20	75	40,1	10
5:32:30	76	40,1	10
5:32:40	76	40,0	10
5:32:50	76	40,2	10
5:33:00	76	39,9	10
5:33:10	76	40,1	10
5:33:20	76	39,9	10
5:33:30	76	40,0	10
5:33:40	77	40,2	10
5:33:50	77	40,0	10
5:34:00	77	40,0	10
5:34:10	77	40,2	10
5:34:20	77	40,1	10
5:34:30	77	40,0	10
5:34:40	77	40,0	10
5:34:50	77	40,2	10
5:35:00	77	40,1	10
5:35:10	77	40,0	10
5:35:20	76	40,0	10
5:35:30	76	40,2	10
5:35:40	76	40,1	10
5:35:50	76	40,0	10
5:36:00	76	40,0	10
5:36:10	76	40,0	10
5:36:20	76	40,3	10
5:36:30	76	40,2	10
5:36:40	76	40,2	10
5:36:50	76	40,1	10
5:37:00	76	40,0	10
5:37:10	75	40,0	10
5:37:20	75	40,1	10
5:37:30	75	40,0	10
5:37:40	75	40,0	10
5:37:50	75	40,2	10
5:38:00	75	40,6	10
5:38:10	75	41,1	10
5:38:20	75	40,7	10
5:38:30	75	40,3	10
5:38:40	75	41,1	10
5:38:50	75	40,8	10
5:39:00	75	40,0	10
5:39:10	75	40,6	10
5:39:20	75	40,9	10
5:39:30	75	40,0	10
5:39:40	75	40,0	10
5:39:50	75	40,0	10
5:40:00	75	40,0	11
5:40:10	76	40,2	10
5:40:20	76	39,9	10
5:40:30	76	40,0	10
5:40:40	76	40,0	10
5:40:50	77	40,2	10
5:41:00	77	39,9	10
5:41:10	77	40,3	10
5:41:20	77	40,1	10
5:41:30	77	40,4	10
5:41:40	77	40,2	10
5:41:50	77	40,1	10
5:42:00	77	40,0	10
5:42:10	77	40,0	10
5:42:20	77	40,2	10
5:42:30	77	40,1	10
5:42:40	77	40,0	10
5:42:50	77	40,0	10
5:43:00	77	40,2	10
5:43:10	77	40,1	10
5:43:20	77	40,0	10
5:43:30	77	39,9	10
5:43:40	77	40,3	10
5:43:50	77	40,2	10
5:44:00	76	40,1	10
5:44:10	76	40,1	10
5:44:20	76	40,0	10
5:44:30	76	40,0	10
5:44:40	76	40,2	10
5:44:50	76	40,1	10
5:45:00	76	40,1	10
5:45:10	76	40,0	10
5:45:20	76	40,1	10
5:45:30	76	40,0	10
5:45:40	75	40,0	10
5:45:50	75	40,3	10
5:46:00	75	40,2	10
5:46:10	75	40,1	10
5:46:20	75	40,4	10
5:46:30	75	41,1	10
5:46:40	75	41,0	10
5:46:50	75	40,9	10
5:47:00	75	40,8	10
5:47:10	75	40,3	10
5:47:20	75	40,9	10
5:47:30	75	40,1	10
5:47:40	75	40,5	10
5:47:50	75	40,6	10
5:48:00	75	40,5	10
5:48:10	75	40,2	10
5:48:20	75	39,9	10
5:48:30	76	40,1	10
5:48:40	76	40,0	10
5:48:50	76	40,0	10
5:49:00	76	40,2	10
5:49:10	77	40,0	10
5:49:20	77	40,1	10
5:49:30	77	40,0	10
5:49:40	77	40,3	10
5:49:50	77	40,1	10
5:50:00	77	40,0	10
5:50:10	77	40,3	10
5:50:20	77	40,2	10
5:50:30	77	40,1	10
5:50:40	77	40,1	10
5:50:50	77	40,2	10
5:51:00	77	40,1	10
5:51:10	77	40,0	10
5:51:20	77	40,0	10
5:51:30	77	40,3	10
5:51:40	77	40,2	10
5:51:50	77	40,1	10
5:52:00	77	40,0	10
5:52:10	77	40,0	10
5:52:20	76	40,0	10
5:52:30	76	40,1	10
5:52:40	76	40,0	10
5:52:50	76	40,0	10
5:53:00	76	40,1	10
5:53:10	76	40,1	10
5:53:20	76	40,0	10
5:53:30	76	40,1	10
5:53:40	76	40,1	10
5:53:50	76	40,0	10
5:54:00	76	40,2	10
5:54:10	75	40,1	10
5:54:20	75	40,1	10
5:54:30	75	40,0	10
5:54:40	75	40,0	10
5:54:50	75	40,5	10
5:55:00	75	39,4	10
5:55:10	75	41,0	10
5:55:20	75	40,7	10
5:55:30	75	40,2	10
5:55:40	75	40,9	10
5:55:50	75	40,3	10
5:56:00	75	40,8	10
5:56:10	75	39,6	10
5:56:20	75	40,3	10
5:56:30	75	40,2	10
5:56:40	75	40,2	10
5:56:50	75	40,1	10
5:57:00	76	40,1	10
5:57:10	76	40,2	10
5:57:20	76	39,9	10
5:57:30	76	39,9	10
5:57:40	77	40,0	10
5:57:50	77	40,1	10
5:58:00	77	40,1	10
5:58:10	77	40,0	10
5:58:20	77	40,2	10
5:58:30	77	40,0	10
5:58:40	77	40,0	10
5:58:50	77	40,2	10
5:59:00	77	40,1	10
5:59:10	77	40,1	10
5:59:20	77	40,4	10
5:59:30	77	40,3	10
5:59:40	77	40,2	10
5:59:50	77	40,1	10
6:00:00	77	40,0	10
6:00:10	77	40,3	10
6:00:20	77	40,2	10
6:00:30	77	40,1	10
6:00:40	77	40,0	10
6:00:50	76	40,1	10
6:01:00	76	40,0	10
6:01:10	76	40,2	10
6:01:20	76	40,2	10
6:01:30	76	40,1	10
6:01:40	76	40,0	10
6:01:50	76	40,1	10
6:02:00	76	40,1	10
6:02:10	76	40,0	10
6:02:20	76	40,1	10
6:02:30	75	40,1	10
6:02:40	75	40,0	10
6:02:50	75	40,2	10
6:03:00	75	40,1	10
6:03:10	75	40,1	10
6:03:20	75	40,6	10
6:03:30	75	39,9	10
6:03:40	75	40,7	10
6:03:50	75	40,3	10
6:04:00	75	41,0	10
6:04:10	75	40,6	10
6:04:20	75	39,7	10
6:04:30	75	40,3	10
6:04:40	75	40,7	10
6:04:50	75	40,7	10
6:05:00	75	40,6	10
6:05:10	75	40,3	10
6:05:20	75	40,0	10
6:05:30	76	40,1	10
6:05:40	76	40,3	10
6:05:50	76	40,0	11
6:06:00	77	40,1	11
6:06:10	77	40,1	11
6:06:20	77	40,2	11
6:06:30	77	40,0	10
6:06:40	77	40,1	11
6:06:50	77	40,1	11
6:07:00	78	40,0	11
6:07:10	78	39,9	11
6:07:20	78	40,1	10
6:07:30	78	40,0	11
6:07:40	77	40,3	10
6:07:50	77	40,1	10
6:08:00	77	40,0	10
6:08:10	77	40,1	10
6:08:20	77	40,1	10
6:08:30	77	40,0	10
6:08:40	77	40,2	10
6:08:50	77	40,1	10
6:09:00	77	40,0	10
6:09:10	77	40,0	10
6:09:20	77	40,2	10
6:09:30	76	40,1	10
6:09:40	76	40,0	10
6:09:50	76	40,1	10
6:10:00	76	40,1	10
6:10:10	76	40,0	10
6:10:20	76	40,2	10
6:10:30	76	40,2	10
6:10:40	76	40,1	10
6:10:50	76	40,0	10
6:11:00	76	40,1	10
6:11:10	76	40,1	10
6:11:20	75	40,0	10
6:11:30	75	40,2	10
6:11:40	75	40,2	10
6:11:50	75	40,1	10
6:12:00	75	40,1	10
6:12:10	75	40,6	10
6:12:20	75	39,7	10
6:12:30	75	41,0	10
6:12:40	75	40,5	10
6:12:50	75	39,8	10
6:13:00	75	40,6	10
6:13:10	75	39,7	10
6:13:20	75	40,6	10
6:13:30	75	40,8	10
6:13:40	75	40,9	10
6:13:50	75	40,7	10
6:14:00	75	40,4	10
6:14:10	76	40,1	10
6:14:20	76	40,0	10
6:14:30	76	40,0	10
6:14:40	76	39,9	10
6:14:50	76	40,2	11
6:15:00	77	40,0	11
6:15:10	77	40,2	11
6:15:20	77	40,0	11
6:15:30	77	40,1	11
6:15:40	77	40,2	11
6:15:50	77	40,1	11
6:16:00	77	40,0	11
6:16:10	77	40,0	11
6:16:20	77	40,2	10
6:16:30	77	40,0	11
6:16:40	77	40,0	11
6:16:50	77	40,1	10
6:17:00	77	40,0	11
6:17:10	77	40,1	11
6:17:20	77	40,1	11
6:17:30	77	40,0	11
6:17:40	77	40,1	10
6:17:50	77	40,0	11
6:18:00	76	40,2	11
6:18:10	76	40,1	10
6:18:20	76	40,1	11
6:18:30	76	40,0	10
6:18:40	76	40,3	11
6:18:50	76	40,3	11
6:19:00	76	40,2	10
6:19:10	76	40,1	11
6:19:20	76	40,1	10
6:19:30	76	40,0	11
6:19:40	76	40,1	10
6:19:50	75	40,0	10
6:20:00	75	40,2	11
6:20:10	75	40,2	10
6:20:20	75	40,1	11
6:20:30	75	40,4	11
6:20:40	75	41,1	10
6:20:50	75	40,6	11
6:21:00	75	40,1	11
6:21:10	75	40,9	10
6:21:20	75	40,6	11
6:21:30	75	39,8	10
6:21:40	75	40,8	11
6:21:50	75	40,3	11
6:22:00	75	40,5	10
6:22:10	75	40,5	11
6:22:20	75	40,3	11
6:22:30	75	40,0	11
6:22:40	76	40,1	11
6:22:50	76	40,3	11
6:23:00	76	40,0	11
6:23:10	76	39,9	11
6:23:20	76	40,0	11
6:23:30	77	40,1	11
6:23:40	77	39,9	11
6:23:50	77	40,0	11
6:24:00	77	40,1	11
6:24:10	77	40,0	11
6:24:20	77	40,1	11
6:24:30	77	40,2	11
6:24:40	77	40,1	11
6:24:50	77	40,0	11
6:25:00	77	40,2	11
6:25:10	77	40,1	11
6:25:20	77	40,0	11
6:25:30	77	40,0	11
6:25:40	77	40,1	11
6:25:50	77	40,0	11
6:26:00	77	40,2	11
6:26:10	77	40,1	11
6:26:20	77	40,0	11
6:26:30	77	40,1	11
6:26:40	77	40,0	11
6:26:50	76	40,2	11
6:27:00	76	40,1	11
6:27:10	76	40,1	11
6:27:20	76	40,0	11
6:27:30	76	40,1	11
6:27:40	76	40,0	11
6:27:50	76	40,2	11
6:28:00	76	40,1	11
6:28:10	76	40,1	11
6:28:20	76	40,0	11
6:28:30	75	40,1	11
6:28:40	75	40,0	11
6:28:50	75	40,2	11
6:29:00	75	40,2	11
6:29:10	75	40,7	11
6:29:20	75	40,4	11
6:29:30	75	40,9	11
6:29:40	75	41,0	11
6:29:50	75	40,4	11
6:30:00	75	41,1	11
6:30:10	75	40,7	11
6:30:20	75	40,2	11
6:30:30	75	40,7	11
6:30:40	75	41,1	11
6:30:50	75	40,3	11
6:31:00	75	40,1	11
6:31:10	75	40,0	11
6:31:20	75	40,1	11
6:31:30	76	40,1	11
6:31:40	76	40,0	11
6:31:50	76	40,1	11
6:32:00	77	40,0	11
6:32:10	77	40,1	11
6:32:20	77	40,1	11
6:32:30	77	40,1	11
6:32:40	78	40,0	11
6:32:50	78	40,2	11
6:33:00	78	40,1	11
6:33:10	78	40,0	11
6:33:20	78	40,2	11
6:33:30	78	40,1	11
6:33:40	78	40,0	11
6:33:50	78	40,0	11
6:34:00	78	40,2	11
6:34:10	78	40,1	11
6:34:20	78	40,0	11
6:34:30	78	40,0	11
6:34:40	78	40,2	11
6:34:50	77	40,1	11
6:35:00	77	40,0	11
6:35:10	77	40,1	11
6:35:20	77	40,0	11
6:35:30	77	40,2	11
6:35:40	77	40,1	11
6:35:50	77	40,1	11
6:36:00	77	40,0	11
6:36:10	77	40,1	11
6:36:20	76	40,0	11
6:36:30	76	40,3	11
6:36:40	76	40,2	11
6:36:50	76	40,1	11
6:37:00	76	40,1	11
6:37:10	76	40,0	11
6:37:20	76	40,1	11
6:37:30	76	40,0	11
6:37:40	76	40,1	11
6:37:50	76	40,0	11
6:38:00	75	40,0	11
6:38:10	75	40,1	11
6:38:20	75	40,1	11
6:38:30	75	40,0	11
6:38:40	75	40,5	11
6:38:50	75	40,0	11
6:39:00	75	40,7	11
6:39:10	75	40,3	11
6:39:20	75	41,0	11
6:39:30	75	40,8	11
6:39:40	75	40,4	11
6:39:50	75	41,0	11
6:40:00	75	40,1	11
6:40:10	75	40,5	11
6:40:20	75	40,7	11
6:40:30	75	40,7	11
6:40:40	75	40,4	11
6:40:50	75	40,1	11
6:41:00	75	40,1	11
6:41:10	76	40,0	11
6:41:20	76	40,0	11
6:41:30	76	40,2	11
6:41:40	77	39,9	11
6:41:50	77	40,0	11
6:42:00	77	40,0	11
6:42:10	77	40,2	11
6:42:20	78	40,0	11
6:42:30	78	40,1	11
6:42:40	78	40,2	11
6:42:50	78	40,1	11
6:43:00	78	39,9	11
6:43:10	78	40,1	11
6:43:20	78	40,0	11
6:43:30	78	40,0	11
6:43:40	78	40,4	11
6:43:50	78	40,3	11
6:44:00	78	40,2	11
6:44:10	77	40,1	11
6:44:20	77	40,0	11
6:44:30	77	40,3	11
6:44:40	77	40,2	11
6:44:50	77	40,1	11
6:45:00	77	40,1	11
6:45:10	77	40,0	11
6:45:20	77	40,0	11
6:45:30	77	40,0	11
6:45:40	77	40,3	11
6:45:50	77	40,2	11
6:46:00	76	40,1	11
6:46:10	76	40,1	11
6:46:20	76	40,0	11
6:46:30	76	40,3	11
6:46:40	76	40,2	11
6:46:50	76	40,2	11
6:47:00	76	40,1	11
6:47:10	76	40,0	11
6:47:20	76	40,0	11
6:47:30	76	40,0	11
6:47:40	75	40,1	11
6:47:50	75	40,0	11
6:48:00	75	40,0	11
6:48:10	75	40,2	11
6:48:20	75	40,4	11
6:48:30	75	39,7	11
6:48:40	75	41,0	11
6:48:50	74	40,8	11
6:49:00	74	40,7	11
6:49:10	74	40,6	11
6:49:20	74	40,4	11
6:49:30	74	39,6	11
6:49:40	75	40,6	11
6:49:50	75	40,7	11
6:50:00	75	40,3	11
6:50:10	76	40,0	12
6:50:20	77	39,9	12
6:50:30	77	40,1	12
6:50:40	78	40,0	12
6:50:50	78	39,9	12
6:51:00	78	40,0	12
6:51:10	79	40,2	12
6:51:20	79	39,9	12
6:51:30	79	40,2	12
6:51:40	79	39,9	12
6:51:50	80	39,9	12
6:52:00	80	40,0	12
6:52:10	80	40,2	12
6:52:20	80	40,0	12
6:52:30	80	40,0	12
6:52:40	80	40,2	12
6:52:50	80	40,1	12
6:53:00	80	40,0	12
6:53:10	79	40,0	12
6:53:20	79	40,2	12
6:53:30	79	40,1	12
6:53:40	79	40,0	12
6:53:50	79	40,1	12
6:54:00	79	40,2	12
6:54:10	78	40,1	12
6:54:20	78	40,1	12
6:54:30	78	40,0	12
6:54:40	78	40,1	12
6:54:50	78	40,0	12
6:55:00	77	40,2	12
6:55:10	77	40,1	12
6:55:20	77	40,0	12
6:55:30	77	40,0	12
6:55:40	77	40,0	12
6:55:50	77	40,0	12
6:56:00	77	40,1	12
6:56:10	77	40,1	12
6:56:20	77	40,0	12
6:56:30	77	40,0	12
6:56:40	77	40,0	12
6:56:50	77	40,3	12
6:57:00	76	40,2	12
6:57:10	76	40,1	12
6:57:20	76	40,0	12
6:57:30	76	40,0	12
6:57:40	76	40,1	12
6:57:50	76	40,0	12
6:58:00	75	40,1	12
6:58:10	75	40,1	12
6:58:20	75	40,0	12
6:58:30	75	40,3	12
6:58:40	75	39,5	12
6:58:50	75	41,2	12
6:59:00	75	40,4	12
6:59:10	75	41,0	12
6:59:20	75	40,8	12
6:59:30	75	40,4	12
6:59:40	75	40,8	12
6:59:50	75	40,7	12
7:00:00	76	40,4	13
7:00:10	76	40,0	13
7:00:20	76	40,0	13
7:00:30	76	39,9	13
7:00:40	77	40,3	13
7:00:50	77	40,0	13
7:01:00	77	40,2	13
7:01:10	78	39,9	13
7:01:20	78	40,3	13
7:01:30	78	40,0	13
7:01:40	78	40,1	13
7:01:50	79	40,2	13
7:02:00	79	40,0	13
7:02:10	79	40,2	13
7:02:20	79	40,1	13
7:02:30	79	40,0	13
7:02:40	79	40,1	13
7:02:50	79	40,2	13
7:03:00	78	40,1	13
7:03:10	78	40,0	13
7:03:20	78	40,0	13
7:03:30	78	40,0	13
7:03:40	78	40,2	13
7:03:50	78	40,1	13
7:04:00	77	40,0	13
7:04:10	77	40,0	13
7:04:20	77	40,3	13
7:04:30	77	40,2	13
7:04:40	77	40,1	13
7:04:50	77	40,0	13
7:05:00	77	40,1	13
7:05:10	77	40,0	13
7:05:20	77	40,2	13
7:05:30	77	40,2	13
7:05:40	76	40,1	13
7:05:50	76	40,0	13
7:06:00	76	40,1	13
7:06:10	76	40,0	13
7:06:20	76	40,0	13
7:06:30	76	40,1	13
7:06:40	76	40,1	13
7:06:50	75	40,0	13
7:07:00	75	40,0	13
7:07:10	75	40,1	13
7:07:20	75	40,1	13
7:07:30	75	40,9	13
7:07:40	75	40,5	13
7:07:50	75	40,3	13
7:08:00	75	41,1	13
7:08:10	75	40,5	13
7:08:20	75	41,0	13
7:08:30	75	40,5	13
7:08:40	75	40,8	13
7:08:50	75	40,8	13
7:09:00	75	40,6	13
7:09:10	76	40,3	14
7:09:20	76	40,0	14
7:09:30	76	40,0	14
7:09:40	76	40,0	14
7:09:50	77	40,0	14
7:10:00	77	40,2	14
7:10:10	77	40,0	14
7:10:20	78	40,0	14
7:10:30	78	40,1	14
7:10:40	78	39,9	14
7:10:50	78	39,9	14
7:11:00	78	40,1	14
7:11:10	78	40,0	14
7:11:20	78	40,2	15
7:11:30	78	40,1	15
7:11:40	78	40,0	15
7:11:50	78	40,0	15
7:12:00	78	40,0	15
7:12:10	78	40,2	15
7:12:20	77	40,1	15
7:12:30	77	40,0	15
7:12:40	77	40,0	15
7:12:50	77	40,0	15
7:13:00	77	40,2	15
7:13:10	77	40,2	15
7:13:20	77	40,1	15
7:13:30	77	40,0	15
7:13:40	77	40,0	15
7:13:50	77	40,0	15
7:14:00	76	40,2	15
7:14:10	76	40,1	15
7:14:20	76	40,0	15
7:14:30	76	40,1	15
7:14:40	76	40,0	15
7:14:50	76	40,0	15
7:15:00	76	40,2	15
7:15:10	75	40,2	15
7:15:20	75	40,1	15
7:15:30	75	40,0	15
7:15:40	75	40,0	15
7:15:50	75	40,3	15
7:16:00	75	40,9	15
7:16:10	75	40,6	15
7:16:20	75	39,9	15
7:16:30	75	40,7	15
7:16:40	75	39,9	15
7:16:50	75	40,8	15
7:17:00	75	40,3	15
7:17:10	75	40,8	15
7:17:20	75	41,0	15
7:17:30	75	40,9	15
7:17:40	75	40,6	15
7:17:50	76	40,3	16
7:18:00	76	40,0	16
7:18:10	76	39,9	16
7:18:20	77	40,0	16
7:18:30	77	40,2	16
7:18:40	78	40,0	16
7:18:50	78	40,1	16
7:19:00	78	40,1	16
7:19:10	78	40,0	16
7:19:20	78	40,2	16
7:19:30	78	40,0	16
7:19:40	78	40,2	16
7:19:50	78	40,0	16
7:20:00	78	40,1	17
7:20:10	78	40,0	16
7:20:20	78	40,4	17
7:20:30	78	40,3	17
7:20:40	78	40,2	17
7:20:50	77	40,1	17
7:21:00	77	40,0	17
7:21:10	77	40,3	17
7:21:20	77	40,2	17
7:21:30	77	40,1	17
7:21:40	77	40,0	17
7:21:50	77	40,0	17
7:22:00	76	40,0	17
7:22:10	76	40,0	17
7:22:20	76	40,2	17
7:22:30	76	40,1	17
7:22:40	76	40,1	17
7:22:50	76	40,0	17
7:23:00	76	40,0	17
7:23:10	76	40,3	17
7:23:20	76	40,2	17
7:23:30	76	40,1	17
7:23:40	75	40,1	17
7:23:50	75	40,0	17
7:24:00	75	40,0	17
7:24:10	75	40,0	17
7:24:20	75	40,2	17
7:24:30	75	40,9	17
7:24:40	75	40,3	17
7:24:50	75	40,9	17
7:25:00	75	40,7	17
7:25:10	75	40,4	18
7:25:20	75	41,1	17
7:25:30	75	40,7	18
7:25:40	75	39,6	18
7:25:50	75	40,5	18
7:26:00	75	40,4	18
7:26:10	75	40,1	18
7:26:20	76	40,2	18
7:26:30	76	40,3	18
7:26:40	77	40,0	18
7:26:50	77	40,2	18
7:27:00	78	39,9	18
7:27:10	78	40,1	18
7:27:20	78	40,0	18
7:27:30	78	40,0	18
7:27:40	78	40,1	19
7:27:50	78	39,9	19
7:28:00	78	40,2	18
7:28:10	78	40,0	19
7:28:20	78	40,1	18
7:28:30	78	40,0	19
7:28:40	78	40,1	19
7:28:50	78	40,0	19
7:29:00	78	40,3	19
7:29:10	78	40,2	19
7:29:20	78	40,1	19
7:29:30	78	40,0	19
7:29:40	77	40,0	19
7:29:50	77	40,0	19
7:30:00	77	40,3	19
7:30:10	77	40,1	19
7:30:20	77	40,1	19
7:30:30	77	40,0	19
7:30:40	77	40,0	19
7:30:50	76	40,0	19
7:31:00	76	40,2	19
7:31:10	76	40,1	19
7:31:20	76	40,1	19
7:31:30	76	40,0	19
7:31:40	76	40,0	19
7:31:50	76	39,9	19
7:32:00	76	40,1	19
7:32:10	76	40,1	19
7:32:20	76	40,0	19
7:32:30	75	40,1	19
7:32:40	75	40,0	19
7:32:50	75	40,0	19
7:33:00	75	40,0	20
7:33:10	75	40,4	20
7:33:20	75	41,0	20
7:33:30	75	40,7	20
7:33:40	75	40,2	20
7:33:50	75	41,0	20
7:34:00	75	40,5	20
7:34:10	75	40,6	20
7:34:20	75	40,4	20
7:34:30	75	40,7	20
7:34:40	75	40,6	20
7:34:50	75	40,3	20
7:35:00	76	40,0	21
7:35:10	76	40,1	21
7:35:20	77	40,0	21
7:35:30	77	40,1	21
7:35:40	77	40,3	21
7:35:50	78	40,0	21
7:36:00	78	40,0	21
7:36:10	78	40,1	21
7:36:20	78	40,0	21
7:36:30	78	40,0	21
7:36:40	78	40,1	21
7:36:50	78	40,0	21
7:37:00	78	40,0	21
7:37:10	78	40,2	22
7:37:20	78	40,1	22
7:37:30	77	40,0	22
7:37:40	77	40,0	22
7:37:50	77	40,0	22
7:38:00	77	40,2	22
7:38:10	77	40,1	22
7:38:20	77	40,0	22
7:38:30	77	40,0	22
7:38:40	77	40,0	22
7:38:50	77	40,2	22
7:39:00	76	40,1	22
7:39:10	76	40,0	22
7:39:20	76	40,0	22
7:39:30	76	40,0	22
7:39:40	76	40,1	22
7:39:50	76	40,1	22
7:40:00	76	40,0	22
7:40:10	76	40,1	22
7:40:20	76	40,1	22
7:40:30	75	40,0	23
7:40:40	75	40,0	23
7:40:50	75	40,0	23
7:41:00	75	40,2	23
7:41:10	75	40,2	23
7:41:20	75	40,7	23
7:41:30	75	40,3	23
7:41:40	75	41,1	23
7:41:50	75	40,8	23
7:42:00	75	40,1	23
7:42:10	75	40,8	23
7:42:20	75	40,5	24
7:42:30	75	40,8	24
7:42:40	75	40,7	24
7:42:50	76	40,5	24
7:43:00	76	40,2	24
7:43:10	76	40,0	24
7:43:20	77	40,0	24
7:43:30	77	40,0	24
7:43:40	77	40,1	24
7:43:50	78	40,3	24
7:44:00	78	40,1	25
7:44:10	78	39,9	25
7:44:20	78	40,2	25
7:44:30	78	40,0	25
7:44:40	78	40,1	25
7:44:50	78	40,0	25
7:45:00	78	40,1	25
7:45:10	78	40,0	25
7:45:20	77	40,0	25
7:45:30	77	40,2	26
7:45:40	77	40,1	26
7:45:50	77	40,0	26
7:46:00	77	40,0	26
7:46:10	77	40,0	26
7:46:20	77	40,1	26
7:46:30	77	40,0	26
7:46:40	77	40,1	26
7:46:50	76	40,0	26
7:47:00	76	40,0	26
7:47:10	76	40,3	26
7:47:20	76	40,2	26
7:47:30	76	40,1	26
7:47:40	76	40,1	27
7:47:50	76	40,0	27
7:48:00	76	40,3	27
7:48:10	76	40,2	27
7:48:20	76	40,1	27
7:48:30	75	40,1	27
7:48:40	75	40,0	27
7:48:50	75	40,1	27
7:49:00	75	40,0	28
7:49:10	75	40,1	28
7:49:20	75	40,7	28
7:49:30	75	40,3	28
7:49:40	75	41,0	28
7:49:50	75	40,6	28
7:50:00	75	39,8	28
7:50:10	75	40,6	28
7:50:20	75	41,1	28
7:50:30	75	40,2	28
7:50:40	75	40,1	28
7:50:50	76	40,3	29
7:51:00	76	40,0	29
7:51:10	77	40,0	29
7:51:20	77	40,1	29
7:51:30	77	40,0	29
7:51:40	78	40,3	29
7:51:50	78	40,1	29
7:52:00	78	40,1	29
7:52:10	78	40,2	29
7:52:20	78	40,0	29
7:52:30	78	40,2	30
7:52:40	78	40,0	30
7:52:50	78	40,1	30
7:53:00	78	40,0	30
7:53:10	77	40,1	30
7:53:20	77	40,0	30
7:53:30	77	40,1	30
7:53:40	77	40,0	31
7:53:50	77	40,1	31
7:54:00	77	40,0	31
7:54:10	77	40,2	31
7:54:20	77	40,1	31
7:54:30	76	40,0	31
7:54:40	76	40,0	31
7:54:50	76	40,3	32
7:55:00	76	40,2	32
7:55:10	76	40,1	32
7:55:20	76	40,0	32
7:55:30	76	40,0	33
7:55:40	76	40,0	33
7:55:50	76	40,1	33
7:56:00	76	40,0	33
7:56:10	76	40,2	33
7:56:20	75	40,2	33
7:56:30	75	40,1	33
7:56:40	75	40,0	33
7:56:50	75	40,1	33
7:57:00	75	40,7	34
7:57:10	75	39,9	34
7:57:20	75	40,9	34
7:57:30	75	40,3	35
7:57:40	75	41,0	35
7:57:50	75	40,6	35
7:58:00	75	41,0	35
7:58:10	75	40,1	36
7:58:20	75	39,9	36
7:58:30	76	40,1	36
7:58:40	76	40,2	36
7:58:50	77	40,0	36
7:59:00	77	40,2	37
7:59:10	77	40,0	37
7:59:20	78	40,2	37
7:59:30	78	40,0	37
7:59:40	78	40,0	38
7:59:50	78	40,1	38
8:00:00	78	40,0	38
8:00:10	78	40,0	38
8:00:20	78	40,2	38
8:00:30	77	40,0	39
8:00:40	77	40,0	39
8:00:50	77	40,2	39
8:01:00	77	40,1	39
8:01:10	77	40,0	39
8:01:20	77	40,1	40
8:01:30	77	40,0	40
8:01:40	77	40,1	40
8:01:50	77	40,1	41
8:02:00	76	40,0	41
8:02:10	76	40,1	41
8:02:20	76	40,0	41
8:02:30	76	40,2	42
8:02:40	76	40,1	42
8:02:50	76	40,0	42
8:03:00	76	40,2	42
8:03:10	76	40,1	43
8:03:20	76	40,1	43
8:03:30	76	40,0	43
8:03:40	75	40,0	43
8:03:50	75	40,0	44
8:04:00	75	40,2	44
8:04:10	75	40,2	44
8:04:20	75	40,3	45
8:04:30	75	40,9	45
8:04:40	75	40,3	45
8:04:50	75	41,0	45
8:05:00	75	40,7	46
8:05:10	75	40,5	46
8:05:20	75	41,0	46
8:05:30	75	40,3	46
8:05:40	75	40,3	47
8:05:50	76	40,1	47
8:06:00	76	40,1	48
8:06:10	76	40,1	48
8:06:20	77	40,0	48
8:06:30	77	40,1	48
8:06:40	77	40,3	48
8:06:50	77	40,1	49
8:07:00	78	40,0	50
8:07:10	78	40,2	50
8:07:20	78	40,0	51
8:07:30	78	40,0	51
8:07:40	77	40,2	51
8:07:50	77	40,1	52
8:08:00	77	40,0	52
8:08:10	77	40,0	52
8:08:20	77	40,2	53
8:08:30	77	40,1	53
8:08:40	77	40,0	54
8:08:50	77	40,0	54
8:09:00	77	40,2	55
8:09:10	77	40,1	55
8:09:20	76	40,0	56
8:09:30	76	40,1	56
8:09:40	76	40,0	56
8:09:50	76	40,2	57
8:10:00	76	40,1	57
8:10:10	76	40,0	58
8:10:20	76	40,2	58
8:10:30	76	40,1	58
8:10:40	76	40,0	59
8:10:50	76	39,9	59
8:11:00	75	40,3	60
8:11:10	75	40,2	60
8:11:20	75	40,1	61
8:11:30	75	40,1	61
8:11:40	75	40,0	61
8:11:50	75	40,3	62
8:12:00	75	41,0	63
8:12:10	75	40,3	63
8:12:20	75	40,9	64
8:12:30	75	40,7	64
8:12:40	75	39,8	65
8:12:50	75	40,6	65
8:13:00	75	40,8	66
8:13:10	75	40,7	67
8:13:20	76	40,4	67
8:13:30	76	40,1	68
8:13:40	76	40,2	69
8:13:50	77	40,0	69
8:14:00	77	40,0	69
8:14:10	77	40,1	70
8:14:20	77	40,0	70
8:14:30	77	39,9	71
