--Test Summary--
Full Path and File Name	
Instrument Name	7222
Instrument Type	Model 7222 Consistometer
Instrument Serial Number	128
Test Start Date	10.07.2012
Test Start Time	13:08:13
Test Stop Date	10.07.2012
Test Stop Time	15:07:13
Test Length	1:59:00
Final Sample Time Offset	1:59:00
Controller Schedule Name	
Sampling Period	10 seconds
Comments	T: 73C(40min); P: 40MPa(40min); tap water
Information	WellID	
Information	Customer	
Information	EngName	Pavel Lebedev
Information	CementClass	G
Information	CementMfr	Dykerhoff
Information	Additives	49.5%ASPM+1.5%SMS+1.5%Gel+0.3%R-7
Information	Density	1250
Information	BHCT	73
Information	BHST	92
Information	FluidLoss	n/a
Information	JobType	Production csg
Calculated Value	30Bc - TT	1:35:10
Calculated Value	70Bc - TT	1:59:00
Calculated Value	100Bc - TT	N/A
Initial Temperature (°C)	24 °C
Final Temperature (°C)	75 °C
Initial Pressure (MPa)	1,9 MPa
Final Pressure (MPa)	40,1 MPa
Initial Consistency (Bc)	13 Bc
Final Consistency (Bc)	71 Bc
--Data--
Time (HH:MM:SS)	Temperature (°C)	Pressure (MPa)	Consistency (Bc)
0:00:00	24	1,9	13
0:00:10	24	2,0	10
0:00:20	24	2,3	10
0:00:30	24	2,5	10
0:00:40	24	2,6	11
0:00:50	24	2,8	10
0:01:00	24	3,0	14
0:01:10	24	3,1	12
0:01:20	24	3,4	16
0:01:30	24	3,4	15
0:01:40	24	3,6	13
0:01:50	24	3,7	16
0:02:00	24	3,9	15
0:02:10	24	4,1	20
0:02:20	24	4,2	12
0:02:30	24	4,3	12
0:02:40	25	4,7	19
0:02:50	25	4,5	16
0:03:00	25	4,8	15
0:03:10	25	5,0	13
0:03:20	26	5,1	13
0:03:30	26	5,2	12
0:03:40	26	5,8	11
0:03:50	26	5,7	15
0:04:00	26	5,8	11
0:04:10	26	5,8	12
0:04:20	26	6,1	14
0:04:30	26	6,5	17
0:04:40	26	6,7	16
0:04:50	26	6,5	14
0:05:00	26	6,9	16
0:05:10	26	7,0	14
0:05:20	26	7,3	13
0:05:30	27	7,6	13
0:05:40	27	8,0	9
0:05:50	27	8,3	8
0:06:00	27	8,6	9
0:06:10	27	8,6	10
0:06:20	27	8,7	9
0:06:30	27	8,9	9
0:06:40	27	9,3	10
0:06:50	28	9,4	10
0:07:00	28	9,3	10
0:07:10	28	9,1	9
0:07:20	29	8,9	11
0:07:30	29	9,0	11
0:07:40	29	9,2	10
0:07:50	30	9,5	11
0:08:00	30	9,6	11
0:08:10	30	9,7	11
0:08:20	31	9,8	10
0:08:30	31	10,2	10
0:08:40	31	10,2	10
0:08:50	31	10,3	9
0:09:00	32	10,7	9
0:09:10	32	10,6	9
0:09:20	32	10,8	10
0:09:30	32	11,0	10
0:09:40	32	11,2	10
0:09:50	32	11,2	10
0:10:00	32	11,5	9
0:10:10	32	11,9	9
0:10:20	32	12,2	10
0:10:30	32	12,6	16
0:10:40	32	13,2	19
0:10:50	32	12,8	13
0:11:00	32	13,2	12
0:11:10	32	13,5	12
0:11:20	32	13,8	16
0:11:30	33	14,0	15
0:11:40	33	14,1	11
0:11:50	33	14,1	10
0:12:00	34	14,3	11
0:12:10	34	14,1	11
0:12:20	34	13,6	10
0:12:30	35	14,0	14
0:12:40	36	14,1	17
0:12:50	36	14,1	17
0:13:00	36	14,4	17
0:13:10	37	14,4	14
0:13:20	37	14,7	12
0:13:30	38	14,9	12
0:13:40	38	15,0	12
0:13:50	38	15,3	12
0:14:00	38	15,3	11
0:14:10	38	15,5	11
0:14:20	38	15,5	11
0:14:30	38	15,8	11
0:14:40	38	15,9	11
0:14:50	38	16,0	11
0:15:00	38	16,2	11
0:15:10	38	16,6	11
0:15:20	38	17,1	11
0:15:30	38	17,8	11
0:15:40	38	18,0	11
0:15:50	38	17,4	11
0:16:00	38	17,8	10
0:16:10	39	18,2	13
0:16:20	39	18,5	16
0:16:30	39	18,7	16
0:16:40	39	18,6	14
0:16:50	40	19,0	13
0:17:00	40	18,6	13
0:17:10	41	18,1	18
0:17:20	41	18,6	18
0:17:30	42	18,7	22
0:17:40	43	18,8	15
0:17:50	43	18,9	18
0:18:00	44	19,1	12
0:18:10	44	19,3	14
0:18:20	44	19,4	16
0:18:30	44	19,6	12
0:18:40	45	19,5	12
0:18:50	45	19,8	17
0:19:00	45	20,3	15
0:19:10	45	20,2	12
0:19:20	45	20,3	11
0:19:30	45	20,7	11
0:19:40	45	20,7	11
0:19:50	45	21,0	11
0:20:00	45	21,6	11
0:20:10	45	21,6	10
0:20:20	45	21,5	11
0:20:30	45	21,7	11
0:20:40	45	21,8	15
0:20:50	45	22,0	13
0:21:00	45	22,1	13
0:21:10	45	22,2	12
0:21:20	46	23,3	11
0:21:30	46	23,0	11
0:21:40	46	23,4	11
0:21:50	47	23,3	11
0:22:00	47	22,7	11
0:22:10	48	23,2	15
0:22:20	48	23,0	15
0:22:30	49	23,5	13
0:22:40	49	23,6	17
0:22:50	50	23,6	16
0:23:00	50	23,9	14
0:23:10	51	24,1	15
0:23:20	51	24,3	13
0:23:30	51	24,2	12
0:23:40	51	24,3	14
0:23:50	51	24,6	12
0:24:00	51	25,0	13
0:24:10	51	25,0	12
0:24:20	51	25,1	12
0:24:30	51	25,4	11
0:24:40	51	25,6	11
0:24:50	51	26,1	11
0:25:00	51	26,8	11
0:25:10	51	26,8	11
0:25:20	51	26,8	11
0:25:30	51	27,0	12
0:25:40	51	27,2	14
0:25:50	51	27,3	13
0:26:00	52	27,3	12
0:26:10	52	27,3	12
0:26:20	52	26,9	13
0:26:30	53	27,4	12
0:26:40	53	27,3	12
0:26:50	53	27,3	12
0:27:00	54	27,5	12
0:27:10	54	27,6	12
0:27:20	54	27,8	13
0:27:30	55	28,1	17
0:27:40	56	28,4	15
0:27:50	56	28,5	15
0:28:00	57	28,7	14
0:28:10	57	28,9	13
0:28:20	58	28,9	14
0:28:30	58	29,0	14
0:28:40	58	29,4	14
0:28:50	58	29,3	14
0:29:00	58	29,7	13
0:29:10	58	29,7	13
0:29:20	58	29,8	13
0:29:30	58	30,2	13
0:29:40	58	30,7	13
0:29:50	58	31,4	14
0:30:00	57	31,5	13
0:30:10	57	31,7	13
0:30:20	57	32,1	15
0:30:30	57	31,2	19
0:30:40	57	31,0	16
0:30:50	57	31,4	15
0:31:00	57	31,5	15
0:31:10	58	31,5	17
0:31:20	59	32,3	16
0:31:30	59	32,2	16
0:31:40	60	32,1	16
0:31:50	62	32,2	15
0:32:00	63	32,2	17
0:32:10	64	32,5	17
0:32:20	65	32,6	18
0:32:30	66	32,9	17
0:32:40	66	32,9	17
0:32:50	67	33,4	18
0:33:00	67	33,3	16
0:33:10	67	33,8	15
0:33:20	67	33,5	16
0:33:30	67	33,8	16
0:33:40	67	34,1	16
0:33:50	67	34,0	15
0:34:00	66	34,5	15
0:34:10	66	34,4	15
0:34:20	66	34,4	15
0:34:30	66	34,8	15
0:34:40	65	35,1	15
0:34:50	65	35,6	14
0:35:00	65	35,9	15
0:35:10	65	36,4	15
0:35:20	64	36,4	15
0:35:30	64	36,6	17
0:35:40	64	37,0	18
0:35:50	64	37,4	16
0:36:00	65	37,4	16
0:36:10	65	37,2	16
0:36:20	66	36,4	16
0:36:30	67	36,5	16
0:36:40	67	36,7	16
0:36:50	68	37,0	16
0:37:00	69	37,2	17
0:37:10	70	37,2	17
0:37:20	70	37,4	16
0:37:30	71	37,8	17
0:37:40	71	37,9	17
0:37:50	71	38,1	16
0:38:00	71	38,0	16
0:38:10	71	38,2	17
0:38:20	70	38,6	18
0:38:30	70	38,5	17
0:38:40	70	39,1	17
0:38:50	70	38,9	17
0:39:00	70	39,3	17
0:39:10	70	40,0	16
0:39:20	69	39,8	19
0:39:30	69	39,9	18
0:39:40	69	40,1	18
0:39:50	69	40,5	19
0:40:00	69	40,9	18
0:40:10	69	40,9	18
0:40:20	69	41,1	17
0:40:30	70	40,7	18
0:40:40	70	40,1	18
0:40:50	71	40,3	18
0:41:00	71	40,1	19
0:41:10	72	39,9	19
0:41:20	73	39,7	19
0:41:30	74	40,1	19
0:41:40	74	40,0	18
0:41:50	74	40,1	19
0:42:00	75	40,2	18
0:42:10	75	40,0	18
0:42:20	75	40,3	18
0:42:30	75	40,1	18
0:42:40	76	40,0	18
0:42:50	76	40,0	19
0:43:00	76	40,0	19
0:43:10	76	40,0	18
0:43:20	75	40,0	18
0:43:30	75	40,1	19
0:43:40	75	40,1	19
0:43:50	74	40,0	18
0:44:00	74	40,5	18
0:44:10	73	39,4	21
0:44:20	73	39,7	19
0:44:30	72	39,2	18
0:44:40	72	40,7	18
0:44:50	72	41,4	18
0:45:00	72	39,5	18
0:45:10	72	40,3	18
0:45:20	73	39,8	18
0:45:30	74	40,2	18
0:45:40	75	39,8	18
0:45:50	76	39,8	19
0:46:00	77	40,2	19
0:46:10	78	39,8	19
0:46:20	78	39,9	19
0:46:30	78	40,1	18
0:46:40	78	39,8	18
0:46:50	78	40,2	19
0:47:00	78	40,0	18
0:47:10	78	40,0	18
0:47:20	78	40,0	18
0:47:30	77	40,0	18
0:47:40	77	40,0	18
0:47:50	77	40,1	18
0:48:00	76	40,0	18
0:48:10	76	39,9	18
0:48:20	76	40,0	18
0:48:30	75	40,1	18
0:48:40	75	40,0	18
0:48:50	75	39,9	18
0:49:00	74	40,8	18
0:49:10	74	41,0	18
0:49:20	74	40,6	18
0:49:30	73	39,5	18
0:49:40	73	41,1	19
0:49:50	73	39,1	19
0:50:00	74	39,7	19
0:50:10	74	40,0	19
0:50:20	75	40,0	18
0:50:30	76	40,0	19
0:50:40	77	40,2	19
0:50:50	78	40,2	19
0:51:00	79	39,8	19
0:51:10	79	40,0	18
0:51:20	80	39,8	18
0:51:30	80	40,0	18
0:51:40	80	40,0	18
0:51:50	79	40,1	19
0:52:00	79	40,0	18
0:52:10	79	40,2	18
0:52:20	79	40,3	19
0:52:30	79	40,0	18
0:52:40	78	40,0	19
0:52:50	78	40,0	18
0:53:00	78	40,0	19
0:53:10	77	40,1	18
0:53:20	77	40,0	18
0:53:30	77	40,1	19
0:53:40	76	40,0	18
0:53:50	76	40,0	18
0:54:00	76	39,9	18
0:54:10	76	40,0	18
0:54:20	75	40,3	18
0:54:30	75	40,2	18
0:54:40	75	40,0	18
0:54:50	74	41,2	18
0:55:00	74	39,2	19
0:55:10	74	40,4	19
0:55:20	74	41,3	19
0:55:30	73	39,7	20
0:55:40	74	40,7	19
0:55:50	74	40,6	19
0:56:00	74	40,7	19
0:56:10	75	40,4	19
0:56:20	77	40,1	20
0:56:30	77	40,1	20
0:56:40	79	40,2	20
0:56:50	80	39,8	20
0:57:00	80	40,0	20
0:57:10	81	39,9	20
0:57:20	81	40,2	20
0:57:30	81	40,1	20
0:57:40	81	40,0	19
0:57:50	81	40,0	20
0:58:00	81	40,1	20
0:58:10	80	40,2	19
0:58:20	80	39,9	19
0:58:30	80	40,0	19
0:58:40	80	40,1	19
0:58:50	79	40,0	20
0:59:00	79	40,0	20
0:59:10	79	40,1	19
0:59:20	78	40,0	19
0:59:30	78	40,1	19
0:59:40	78	40,0	19
0:59:50	78	39,9	19
1:00:00	77	40,2	20
1:00:10	77	40,0	19
1:00:20	77	40,3	19
1:00:30	76	40,1	19
1:00:40	76	39,9	20
1:00:50	76	40,1	19
1:01:00	76	39,9	19
1:01:10	75	39,9	19
1:01:20	75	40,2	19
1:01:30	75	40,1	19
1:01:40	75	40,0	19
1:01:50	75	41,0	20
1:02:00	74	41,3	20
1:02:10	74	39,7	19
1:02:20	74	40,9	19
1:02:30	74	41,2	19
1:02:40	74	39,1	20
1:02:50	74	40,2	20
1:03:00	75	39,8	19
1:03:10	75	40,1	19
1:03:20	76	39,9	19
1:03:30	77	40,0	20
1:03:40	78	39,9	19
1:03:50	79	40,0	19
1:04:00	80	40,0	20
1:04:10	80	39,9	20
1:04:20	80	39,9	20
1:04:30	80	39,9	19
1:04:40	80	40,0	19
1:04:50	80	39,9	19
1:05:00	80	40,1	20
1:05:10	80	40,1	20
1:05:20	80	40,0	19
1:05:30	79	40,2	19
1:05:40	79	39,9	19
1:05:50	79	40,0	19
1:06:00	79	40,0	20
1:06:10	79	40,0	19
1:06:20	78	40,1	19
1:06:30	78	40,0	19
1:06:40	78	40,1	19
1:06:50	78	39,9	19
1:07:00	77	40,2	19
1:07:10	77	40,0	19
1:07:20	77	40,2	20
1:07:30	77	40,1	20
1:07:40	76	40,0	20
1:07:50	76	40,1	19
1:08:00	76	40,1	20
1:08:10	76	40,0	19
1:08:20	76	40,0	19
1:08:30	75	40,0	20
1:08:40	75	40,1	20
1:08:50	75	40,0	20
1:09:00	75	40,0	19
1:09:10	75	40,3	20
1:09:20	75	39,8	20
1:09:30	74	40,5	20
1:09:40	74	40,5	20
1:09:50	74	40,7	20
1:10:00	74	40,6	20
1:10:10	74	40,4	20
1:10:20	74	39,6	20
1:10:30	75	40,1	20
1:10:40	75	40,1	20
1:10:50	76	40,0	21
1:11:00	77	39,9	20
1:11:10	78	39,9	20
1:11:20	78	39,8	20
1:11:30	79	39,9	20
1:11:40	79	39,9	21
1:11:50	79	40,0	21
1:12:00	79	40,1	21
1:12:10	79	40,0	21
1:12:20	79	40,0	20
1:12:30	79	40,2	21
1:12:40	79	39,9	21
1:12:50	79	39,9	21
1:13:00	79	40,0	21
1:13:10	79	40,3	20
1:13:20	78	40,1	20
1:13:30	78	40,3	20
1:13:40	78	40,2	20
1:13:50	78	40,0	20
1:14:00	77	40,1	20
1:14:10	77	40,2	21
1:14:20	77	40,0	21
1:14:30	77	40,3	21
1:14:40	77	40,1	21
1:14:50	76	40,0	21
1:15:00	76	40,0	21
1:15:10	76	40,2	21
1:15:20	76	40,1	21
1:15:30	76	39,9	21
1:15:40	76	40,0	21
1:15:50	75	40,3	21
1:16:00	75	40,1	21
1:16:10	75	40,0	21
1:16:20	75	40,0	21
1:16:30	75	40,3	21
1:16:40	75	39,9	22
1:16:50	75	41,0	22
1:17:00	74	40,9	22
1:17:10	74	40,7	21
1:17:20	74	40,5	22
1:17:30	74	39,9	22
1:17:40	75	41,1	22
1:17:50	75	40,2	22
1:18:00	75	39,9	22
1:18:10	76	40,0	22
1:18:20	77	40,0	22
1:18:30	77	40,1	22
1:18:40	78	40,1	22
1:18:50	78	40,0	22
1:19:00	79	40,1	22
1:19:10	79	40,0	22
1:19:20	79	40,1	22
1:19:30	79	40,2	22
1:19:40	79	40,0	22
1:19:50	79	40,0	23
1:20:00	79	40,1	23
1:20:10	78	40,1	22
1:20:20	78	39,9	22
1:20:30	78	40,0	23
1:20:40	78	40,1	23
1:20:50	78	40,2	23
1:21:00	77	40,0	23
1:21:10	77	40,0	23
1:21:20	77	40,2	23
1:21:30	77	40,1	23
1:21:40	77	39,9	23
1:21:50	77	40,2	23
1:22:00	76	40,1	23
1:22:10	76	40,0	23
1:22:20	76	40,1	23
1:22:30	76	40,0	23
1:22:40	76	40,2	23
1:22:50	76	40,1	23
1:23:00	76	40,0	23
1:23:10	75	40,3	23
1:23:20	75	40,2	23
1:23:30	75	40,1	23
1:23:40	75	40,1	24
1:23:50	75	40,0	24
1:24:00	75	40,6	24
1:24:10	75	40,3	24
1:24:20	75	39,5	24
1:24:30	75	41,0	24
1:24:40	74	40,8	24
1:24:50	74	40,6	24
1:25:00	75	40,0	24
1:25:10	75	40,7	24
1:25:20	75	40,5	24
1:25:30	76	40,1	24
1:25:40	76	40,1	24
1:25:50	77	40,1	25
1:26:00	77	40,1	25
1:26:10	78	40,0	25
1:26:20	78	40,0	25
1:26:30	78	40,1	25
1:26:40	78	40,0	25
1:26:50	78	40,0	25
1:27:00	78	40,0	25
1:27:10	78	40,3	25
1:27:20	78	40,1	25
1:27:30	78	40,4	25
1:27:40	78	40,2	25
1:27:50	78	40,0	25
1:28:00	77	40,1	25
1:28:10	77	40,0	25
1:28:20	77	40,1	26
1:28:30	77	40,0	26
1:28:40	77	40,2	26
1:28:50	77	40,1	26
1:29:00	77	39,9	26
1:29:10	76	40,0	26
1:29:20	76	40,0	26
1:29:30	76	40,2	26
1:29:40	76	40,1	26
1:29:50	76	40,0	26
1:30:00	76	40,1	26
1:30:10	76	40,0	26
1:30:20	75	40,1	26
1:30:30	75	40,1	26
1:30:40	75	40,0	26
1:30:50	75	40,0	26
1:31:00	75	40,1	26
1:31:10	75	40,2	27
1:31:20	75	41,0	27
1:31:30	75	40,6	27
1:31:40	75	40,4	27
1:31:50	74	39,5	27
1:32:00	74	41,0	27
1:32:10	74	40,7	27
1:32:20	75	39,6	28
1:32:30	75	40,2	28
1:32:40	75	39,9	28
1:32:50	76	40,0	28
1:33:00	76	40,1	28
1:33:10	77	40,2	28
1:33:20	77	39,9	28
1:33:30	78	40,0	29
1:33:40	78	40,2	29
1:33:50	78	39,9	29
1:34:00	78	40,1	29
1:34:10	78	39,9	29
1:34:20	78	39,9	29
1:34:30	78	40,1	29
1:34:40	78	40,1	30
1:34:50	78	40,1	30
1:35:00	77	40,0	30
1:35:10	77	40,1	30
1:35:20	77	40,0	30
1:35:30	77	39,9	30
1:35:40	77	40,2	31
1:35:50	77	40,1	31
1:36:00	77	39,9	31
1:36:10	76	40,2	31
1:36:20	76	40,1	31
1:36:30	76	40,0	31
1:36:40	76	40,0	32
1:36:50	76	40,0	32
1:37:00	76	40,2	32
1:37:10	76	40,1	32
1:37:20	76	40,0	32
1:37:30	76	40,0	32
1:37:40	75	40,1	32
1:37:50	75	40,0	32
1:38:00	75	40,1	32
1:38:10	75	40,0	33
1:38:20	75	40,0	33
1:38:30	75	40,5	33
1:38:40	75	39,8	33
1:38:50	75	40,6	33
1:39:00	75	40,4	34
1:39:10	75	39,9	34
1:39:20	75	40,6	34
1:39:30	75	41,0	34
1:39:40	75	40,2	34
1:39:50	75	40,1	35
1:40:00	76	40,0	35
1:40:10	76	40,2	35
1:40:20	76	40,0	35
1:40:30	77	40,1	35
1:40:40	77	40,0	35
1:40:50	77	40,1	36
1:41:00	77	40,0	36
1:41:10	77	40,0	36
1:41:20	77	40,0	36
1:41:30	77	40,1	36
1:41:40	77	40,1	36
1:41:50	77	40,0	36
1:42:00	77	40,2	37
1:42:10	77	40,1	37
1:42:20	77	40,0	37
1:42:30	77	40,3	37
1:42:40	77	40,1	37
1:42:50	77	40,0	38
1:43:00	77	40,1	38
1:43:10	76	40,0	38
1:43:20	76	40,1	38
1:43:30	76	40,0	38
1:43:40	76	40,2	38
1:43:50	76	40,1	39
1:44:00	76	40,0	39
1:44:10	76	40,3	39
1:44:20	76	40,2	39
1:44:30	75	40,1	39
1:44:40	75	40,0	40
1:44:50	75	40,0	40
1:45:00	75	40,0	40
1:45:10	75	40,2	41
1:45:20	75	40,1	41
1:45:30	75	40,2	41
1:45:40	75	40,8	41
1:45:50	75	40,6	42
1:46:00	75	39,4	42
1:46:10	75	41,1	42
1:46:20	75	40,6	42
1:46:30	75	41,1	43
1:46:40	75	40,3	43
1:46:50	75	40,2	43
1:47:00	75	40,0	43
1:47:10	76	40,3	44
1:47:20	76	40,0	44
1:47:30	77	40,0	44
1:47:40	77	40,0	44
1:47:50	77	40,2	45
1:48:00	77	40,0	45
1:48:10	77	40,3	45
1:48:20	77	40,1	46
1:48:30	77	40,0	46
1:48:40	77	40,3	46
1:48:50	77	40,1	46
1:49:00	77	40,0	47
1:49:10	77	40,0	47
1:49:20	77	40,2	47
1:49:30	77	40,1	47
1:49:40	77	40,0	48
1:49:50	76	40,1	48
1:50:00	76	40,0	48
1:50:10	76	40,1	49
1:50:20	76	40,1	49
1:50:30	76	40,0	49
1:50:40	76	40,0	50
1:50:50	76	40,0	50
1:51:00	76	40,2	50
1:51:10	76	40,1	50
1:51:20	75	40,0	51
1:51:30	75	40,0	51
1:51:40	75	40,0	51
1:51:50	75	40,2	52
1:52:00	75	40,1	52
1:52:10	75	40,1	52
1:52:20	75	40,0	53
1:52:30	75	40,4	53
1:52:40	75	41,0	54
1:52:50	75	40,7	54
1:53:00	75	40,3	55
1:53:10	75	41,0	55
1:53:20	75	40,4	56
1:53:30	75	40,6	56
1:53:40	75	40,6	56
1:53:50	75	40,4	57
1:54:00	76	40,1	57
1:54:10	76	40,0	58
1:54:20	76	40,1	58
1:54:30	77	40,3	58
1:54:40	77	40,1	59
1:54:50	77	39,9	59
1:55:00	77	40,2	60
1:55:10	77	40,0	60
1:55:20	77	40,0	61
1:55:30	77	40,2	61
1:55:40	77	40,0	61
1:55:50	77	40,0	62
1:56:00	77	40,0	62
1:56:10	77	40,2	63
1:56:20	77	40,1	63
1:56:30	76	40,0	64
1:56:40	76	40,2	64
1:56:50	76	40,1	64
1:57:00	76	40,0	65
1:57:10	76	40,1	65
1:57:20	76	40,0	66
1:57:30	76	40,3	66
1:57:40	76	40,2	67
1:57:50	76	40,1	67
1:58:00	76	40,0	68
1:58:10	76	40,0	69
1:58:20	75	40,0	69
1:58:30	75	40,1	70
1:58:40	75	40,0	70
1:58:50	75	40,2	70
1:59:00	75	40,1	71
