--Test Summary--
Full Path and File Name	
Instrument Name	4262-Right
Instrument Type	Model 4262 Twin Cell UCA
Instrument Serial Number	my uca too
Test Start Date	28.03.2012
Test Start Time	12:21:11
Test Stop Date	31.03.2012
Test Stop Time	9:18:15
Test Length	68:57:04
Final Sample Time Offset	68:56:00
Controller Schedule Name	
Sampling Period	60 seconds
Comments	T: 14C(30min); tap water
Information	WellID	Research
Information	Customer	Achimgaz
Information	CementClass	G
Information	CementMfr	Suhologskiy
Information	Additives	43.63%MKGL-1+30.1%MS-AS+8%bwow NaCl+3%CaCl2
Information	Density	1400
Information	BHCT	1,7
Information	BHST	-3
Information	FluidLoss	n/a
Information	JobType	Research
Calculated Value	CS_50	12:53:00
Calculated Value	CS_500	38:22:00
Calculated Value	CS_Time8h	0,00 MPa
Calculated Value	CS_Time16h	0,97 MPa
Calculated Value	CS_Time24h	2,04 MPa
Calculated Value	CS_Time48h	4,27 MPa
Calculated Value	CS_Time72h	N/A
Calculated Curve	Compressive Strength	Compressive strength type A (less than 14 lb/gal)
Initial Temperature (°C)	20 °C
Final Temperature (°C)	15 °C
Initial Transit Time (microsec/in)	14,03 microsec/in
Final Transit Time (microsec/in)	10,88 microsec/in
Initial Compressive Strength (MPa)	0,00 MPa
Final Compressive Strength (MPa)	5,90 MPa
--Data--
Time (HH:MM:SS)	Temperature (°C)	Transit Time (microsec/in)	Compressive Strength (MPa)
0:00:00	20	14,03	0,00
0:01:00	20	14,03	0,00
0:02:00	20	14,03	0,00
0:03:00	19	14,04	0,00
0:04:00	19	14,04	0,00
0:05:00	19	14,05	0,00
0:06:00	19	14,05	0,00
0:07:00	18	14,06	0,00
0:08:00	19	14,06	0,00
0:09:00	19	14,08	0,00
0:10:00	18	14,08	0,00
0:11:00	18	14,09	0,00
0:12:00	18	14,06	0,00
0:13:00	18	14,08	0,00
0:14:00	17	14,08	0,00
0:15:00	17	14,09	0,00
0:16:00	17	14,10	0,00
0:17:00	16	14,11	0,00
0:18:00	16	14,11	0,00
0:19:00	16	14,12	0,00
0:20:00	16	14,12	0,00
0:21:00	16	14,13	0,00
0:22:00	15	14,14	0,00
0:23:00	15	14,14	0,00
0:24:00	15	14,14	0,00
0:25:00	15	14,15	0,00
0:26:00	15	14,16	0,00
0:27:00	15	14,16	0,00
0:28:00	15	14,16	0,00
0:29:00	15	14,17	0,00
0:30:00	14	14,17	0,00
0:31:00	14	14,18	0,00
0:32:00	14	14,19	0,00
0:33:00	14	14,19	0,00
0:34:00	14	14,20	0,00
0:35:00	14	14,20	0,00
0:36:00	14	14,20	0,00
0:37:00	14	14,20	0,00
0:38:00	13	14,20	0,00
0:39:00	13	14,20	0,00
0:40:00	13	14,21	0,00
0:41:00	13	14,21	0,00
0:42:00	13	14,21	0,00
0:43:00	13	14,21	0,00
0:44:00	13	14,22	0,00
0:45:00	12	14,22	0,00
0:46:00	13	14,23	0,00
0:47:00	13	14,23	0,00
0:48:00	13	14,23	0,00
0:49:00	13	14,23	0,00
0:50:00	13	14,22	0,00
0:51:00	13	14,22	0,00
0:52:00	13	14,23	0,00
0:53:00	12	14,23	0,00
0:54:00	12	14,23	0,00
0:55:00	12	14,23	0,00
0:56:00	12	14,23	0,00
0:57:00	12	14,23	0,00
0:58:00	12	14,24	0,00
0:59:00	12	14,24	0,00
1:00:00	12	14,24	0,00
1:01:00	12	14,24	0,00
1:02:00	12	14,25	0,00
1:03:00	12	14,25	0,00
1:04:00	12	14,25	0,00
1:05:00	11	14,25	0,00
1:06:00	12	14,25	0,00
1:07:00	11	14,25	0,00
1:08:00	11	14,26	0,00
1:09:00	11	14,26	0,00
1:10:00	11	14,26	0,00
1:11:00	11	14,26	0,00
1:12:00	11	14,26	0,00
1:13:00	11	14,26	0,00
1:14:00	11	14,26	0,00
1:15:00	11	14,27	0,00
1:16:00	11	14,27	0,00
1:17:00	11	14,27	0,00
1:18:00	11	14,27	0,00
1:19:00	11	14,27	0,00
1:20:00	11	14,27	0,00
1:21:00	11	14,28	0,00
1:22:00	11	14,28	0,00
1:23:00	11	14,28	0,00
1:24:00	11	14,28	0,00
1:25:00	11	14,28	0,00
1:26:00	11	14,28	0,00
1:27:00	11	14,28	0,00
1:28:00	11	14,28	0,00
1:29:00	11	14,28	0,00
1:30:00	11	14,28	0,00
1:31:00	11	14,28	0,00
1:32:00	11	14,28	0,00
1:33:00	11	14,29	0,00
1:34:00	11	14,29	0,00
1:35:00	11	14,29	0,00
1:36:00	10	14,29	0,00
1:37:00	11	14,29	0,00
1:38:00	10	14,29	0,00
1:39:00	11	14,29	0,00
1:40:00	10	14,29	0,00
1:41:00	11	14,29	0,00
1:42:00	10	14,29	0,00
1:43:00	11	14,29	0,00
1:44:00	11	14,29	0,00
1:45:00	10	14,30	0,00
1:46:00	11	14,29	0,00
1:47:00	11	14,30	0,00
1:48:00	10	14,30	0,00
1:49:00	11	14,30	0,00
1:50:00	10	14,30	0,00
1:51:00	11	14,30	0,00
1:52:00	11	14,30	0,00
1:53:00	10	14,30	0,00
1:54:00	10	14,30	0,00
1:55:00	10	14,30	0,00
1:56:00	10	14,30	0,00
1:57:00	11	14,30	0,00
1:58:00	10	14,30	0,00
1:59:00	10	14,30	0,00
2:00:00	11	14,31	0,00
2:01:00	11	14,31	0,00
2:02:00	10	14,31	0,00
2:03:00	10	14,31	0,00
2:04:00	10	14,31	0,00
2:05:00	10	14,31	0,00
2:06:00	10	14,31	0,00
2:07:00	10	14,31	0,00
2:08:00	10	14,31	0,00
2:09:00	10	14,31	0,00
2:10:00	10	14,31	0,00
2:11:00	10	14,31	0,00
2:12:00	10	14,31	0,00
2:13:00	10	14,31	0,00
2:14:00	10	14,31	0,00
2:15:00	10	14,31	0,00
2:16:00	11	14,31	0,00
2:17:00	10	14,31	0,00
2:18:00	10	14,31	0,00
2:19:00	10	14,31	0,00
2:20:00	10	14,31	0,00
2:21:00	10	14,32	0,00
2:22:00	11	14,32	0,00
2:23:00	11	14,32	0,00
2:24:00	10	14,32	0,00
2:25:00	10	14,32	0,00
2:26:00	10	14,32	0,00
2:27:00	10	14,32	0,00
2:28:00	11	14,32	0,00
2:29:00	10	14,32	0,00
2:30:00	10	14,32	0,00
2:31:00	11	14,32	0,00
2:32:00	11	14,28	0,00
2:33:00	11	14,29	0,00
2:34:00	11	14,29	0,00
2:35:00	11	14,29	0,00
2:36:00	10	14,30	0,00
2:37:00	11	14,30	0,00
2:38:00	10	14,30	0,00
2:39:00	11	14,31	0,00
2:40:00	10	14,31	0,00
2:41:00	10	14,31	0,00
2:42:00	10	14,31	0,00
2:43:00	10	14,31	0,00
2:44:00	10	14,32	0,00
2:45:00	10	14,32	0,00
2:46:00	10	14,32	0,00
2:47:00	10	14,32	0,00
2:48:00	10	14,32	0,00
2:49:00	10	14,32	0,00
2:50:00	10	14,32	0,00
2:51:00	10	14,32	0,00
2:52:00	10	14,32	0,00
2:53:00	10	14,32	0,00
2:54:00	10	14,32	0,00
2:55:00	10	14,33	0,00
2:56:00	10	14,33	0,00
2:57:00	10	14,33	0,00
2:58:00	11	14,33	0,00
2:59:00	10	14,33	0,00
3:00:00	10	14,33	0,00
3:01:00	10	14,33	0,00
3:02:00	10	14,34	0,00
3:03:00	11	14,34	0,00
3:04:00	11	14,34	0,00
3:05:00	10	14,34	0,00
3:06:00	11	14,34	0,00
3:07:00	10	14,34	0,00
3:08:00	10	14,34	0,00
3:09:00	11	14,34	0,00
3:10:00	10	14,34	0,00
3:11:00	10	14,34	0,00
3:12:00	10	14,34	0,00
3:13:00	10	14,34	0,00
3:14:00	10	14,35	0,00
3:15:00	10	14,35	0,00
3:16:00	11	14,35	0,00
3:17:00	10	14,35	0,00
3:18:00	10	14,35	0,00
3:19:00	11	14,35	0,00
3:20:00	10	14,35	0,00
3:21:00	11	14,35	0,00
3:22:00	11	14,35	0,00
3:23:00	10	14,35	0,00
3:24:00	10	14,35	0,00
3:25:00	10	14,35	0,00
3:26:00	11	14,35	0,00
3:27:00	11	14,35	0,00
3:28:00	10	14,35	0,00
3:29:00	11	14,35	0,00
3:30:00	11	14,35	0,00
3:31:00	10	14,35	0,00
3:32:00	11	14,35	0,00
3:33:00	11	14,35	0,00
3:34:00	11	14,35	0,00
3:35:00	11	14,36	0,00
3:36:00	11	14,36	0,00
3:37:00	11	14,36	0,00
3:38:00	11	14,36	0,00
3:39:00	10	14,36	0,00
3:40:00	11	14,36	0,00
3:41:00	11	14,36	0,00
3:42:00	11	14,36	0,00
3:43:00	11	14,36	0,00
3:44:00	11	14,36	0,00
3:45:00	10	14,36	0,00
3:46:00	11	14,36	0,00
3:47:00	11	14,36	0,00
3:48:00	11	14,36	0,00
3:49:00	11	14,37	0,00
3:50:00	11	14,37	0,00
3:51:00	11	14,37	0,00
3:52:00	11	14,37	0,00
3:53:00	11	14,37	0,00
3:54:00	11	14,37	0,00
3:55:00	11	14,37	0,00
3:56:00	11	14,37	0,00
3:57:00	11	14,37	0,00
3:58:00	11	14,38	0,00
3:59:00	11	14,38	0,00
4:00:00	11	14,38	0,00
4:01:00	11	14,38	0,00
4:02:00	11	14,38	0,00
4:03:00	11	14,38	0,00
4:04:00	11	14,38	0,00
4:05:00	11	14,38	0,00
4:06:00	11	14,38	0,00
4:07:00	11	14,38	0,00
4:08:00	11	14,38	0,00
4:09:00	11	14,39	0,00
4:10:00	11	14,39	0,00
4:11:00	11	14,39	0,00
4:12:00	11	14,39	0,00
4:13:00	11	14,39	0,00
4:14:00	11	14,39	0,00
4:15:00	11	14,40	0,00
4:16:00	11	14,40	0,00
4:17:00	11	14,40	0,00
4:18:00	11	14,40	0,00
4:19:00	11	14,40	0,00
4:20:00	11	14,40	0,00
4:21:00	11	14,41	0,00
4:22:00	11	14,41	0,00
4:23:00	11	14,41	0,00
4:24:00	11	14,41	0,00
4:25:00	12	14,41	0,00
4:26:00	12	14,41	0,00
4:27:00	12	14,41	0,00
4:28:00	12	14,41	0,00
4:29:00	12	14,42	0,00
4:30:00	12	14,42	0,00
4:31:00	12	14,42	0,00
4:32:00	12	14,42	0,00
4:33:00	12	14,43	0,00
4:34:00	11	14,43	0,00
4:35:00	12	14,43	0,00
4:36:00	12	14,43	0,00
4:37:00	12	14,44	0,00
4:38:00	12	14,44	0,00
4:39:00	12	14,33	0,00
4:40:00	12	14,34	0,00
4:41:00	12	14,35	0,00
4:42:00	11	14,35	0,00
4:43:00	11	14,35	0,00
4:44:00	11	14,36	0,00
4:45:00	11	14,36	0,00
4:46:00	11	14,37	0,00
4:47:00	11	14,37	0,00
4:48:00	11	14,37	0,00
4:49:00	11	14,38	0,00
4:50:00	11	14,38	0,00
4:51:00	11	14,38	0,00
4:52:00	11	14,38	0,00
4:53:00	11	14,38	0,00
4:54:00	11	14,39	0,00
4:55:00	11	14,39	0,00
4:56:00	11	14,40	0,00
4:57:00	11	14,40	0,00
4:58:00	11	14,41	0,00
4:59:00	11	14,41	0,00
5:00:00	11	14,41	0,00
5:01:00	11	14,41	0,00
5:02:00	11	14,42	0,00
5:03:00	11	14,42	0,00
5:04:00	11	14,43	0,00
5:05:00	11	14,43	0,00
5:06:00	11	14,44	0,00
5:07:00	11	14,44	0,00
5:08:00	11	14,44	0,00
5:09:00	11	14,41	0,00
5:10:00	11	14,42	0,00
5:11:00	12	14,42	0,00
5:12:00	11	14,43	0,00
5:13:00	11	14,44	0,00
5:14:00	11	14,44	0,00
5:15:00	11	14,44	0,00
5:16:00	11	14,44	0,00
5:17:00	11	14,45	0,00
5:18:00	11	14,45	0,00
5:19:00	11	14,45	0,00
5:20:00	11	14,46	0,00
5:21:00	11	14,46	0,00
5:22:00	11	14,46	0,00
5:23:00	11	14,46	0,00
5:24:00	11	14,46	0,00
5:25:00	11	14,47	0,00
5:26:00	11	14,47	0,00
5:27:00	11	14,47	0,00
5:28:00	11	14,48	0,00
5:29:00	11	14,48	0,00
5:30:00	11	14,49	0,00
5:31:00	11	14,50	0,00
5:32:00	11	14,50	0,00
5:33:00	11	14,50	0,00
5:34:00	11	14,50	0,00
5:35:00	11	14,50	0,00
5:36:00	11	14,51	0,00
5:37:00	11	14,51	0,00
5:38:00	11	14,51	0,00
5:39:00	11	14,51	0,00
5:40:00	11	14,52	0,00
5:41:00	11	14,53	0,00
5:42:00	11	14,53	0,00
5:43:00	11	14,53	0,00
5:44:00	11	14,53	0,00
5:45:00	11	14,53	0,00
5:46:00	12	14,54	0,00
5:47:00	11	14,54	0,00
5:48:00	11	14,54	0,00
5:49:00	11	14,54	0,00
5:50:00	11	14,55	0,00
5:51:00	11	14,55	0,00
5:52:00	12	14,55	0,00
5:53:00	12	14,55	0,00
5:54:00	11	14,56	0,00
5:55:00	11	14,56	0,00
5:56:00	11	14,56	0,00
5:57:00	11	14,56	0,00
5:58:00	11	14,57	0,00
5:59:00	11	14,57	0,00
6:00:00	11	14,58	0,00
6:01:00	12	14,58	0,00
6:02:00	11	14,58	0,00
6:03:00	11	14,58	0,00
6:04:00	11	14,58	0,00
6:05:00	11	14,58	0,00
6:06:00	11	14,59	0,00
6:07:00	11	14,59	0,00
6:08:00	11	14,59	0,00
6:09:00	11	14,59	0,00
6:10:00	11	14,59	0,00
6:11:00	11	14,59	0,00
6:12:00	11	14,59	0,00
6:13:00	11	14,59	0,00
6:14:00	11	14,60	0,00
6:15:00	11	14,60	0,00
6:16:00	11	14,60	0,00
6:17:00	11	14,61	0,00
6:18:00	11	14,61	0,00
6:19:00	11	14,61	0,00
6:20:00	11	14,61	0,00
6:21:00	11	14,61	0,00
6:22:00	11	14,61	0,00
6:23:00	11	14,62	0,00
6:24:00	11	14,62	0,00
6:25:00	11	14,62	0,00
6:26:00	11	14,62	0,00
6:27:00	12	14,62	0,00
6:28:00	11	14,62	0,00
6:29:00	11	14,62	0,00
6:30:00	11	14,62	0,00
6:31:00	11	14,62	0,00
6:32:00	11	14,62	0,00
6:33:00	11	14,62	0,00
6:34:00	11	14,62	0,00
6:35:00	12	14,62	0,00
6:36:00	11	14,63	0,00
6:37:00	11	14,63	0,00
6:38:00	12	14,63	0,00
6:39:00	12	14,63	0,00
6:40:00	12	14,63	0,00
6:41:00	12	14,64	0,00
6:42:00	12	14,64	0,00
6:43:00	12	14,64	0,00
6:44:00	12	14,64	0,00
6:45:00	12	14,64	0,00
6:46:00	12	14,64	0,00
6:47:00	12	14,64	0,00
6:48:00	12	14,64	0,00
6:49:00	12	14,64	0,00
6:50:00	12	14,64	0,00
6:51:00	12	14,64	0,00
6:52:00	12	14,64	0,00
6:53:00	12	14,64	0,00
6:54:00	12	14,64	0,00
6:55:00	12	14,65	0,00
6:56:00	12	14,65	0,00
6:57:00	12	14,65	0,00
6:58:00	12	14,65	0,00
6:59:00	12	14,65	0,00
7:00:00	12	14,65	0,00
7:01:00	12	14,65	0,00
7:02:00	12	14,65	0,00
7:03:00	12	14,65	0,00
7:04:00	12	14,65	0,00
7:05:00	12	14,65	0,00
7:06:00	12	14,65	0,00
7:07:00	12	14,65	0,00
7:08:00	12	14,65	0,00
7:09:00	12	14,65	0,00
7:10:00	12	14,65	0,00
7:11:00	12	14,65	0,00
7:12:00	12	14,65	0,00
7:13:00	12	14,65	0,00
7:14:00	12	14,65	0,00
7:15:00	12	14,65	0,00
7:16:00	12	14,66	0,00
7:17:00	12	14,65	0,00
7:18:00	12	14,65	0,00
7:19:00	12	14,65	0,00
7:20:00	12	14,65	0,00
7:21:00	12	14,65	0,00
7:22:00	12	14,65	0,00
7:23:00	12	14,65	0,00
7:24:00	12	14,65	0,00
7:25:00	12	14,65	0,00
7:26:00	12	14,65	0,00
7:27:00	12	14,65	0,00
7:28:00	12	14,65	0,00
7:29:00	12	14,65	0,00
7:30:00	12	14,65	0,00
7:31:00	12	14,65	0,00
7:32:00	12	14,65	0,00
7:33:00	12	14,62	0,00
7:34:00	12	14,63	0,00
7:35:00	12	14,63	0,00
7:36:00	12	14,63	0,00
7:37:00	12	14,63	0,00
7:38:00	12	14,63	0,00
7:39:00	12	14,63	0,00
7:40:00	12	14,63	0,00
7:41:00	12	14,63	0,00
7:42:00	13	14,63	0,00
7:43:00	13	14,63	0,00
7:44:00	12	14,63	0,00
7:45:00	12	14,63	0,00
7:46:00	13	14,63	0,00
7:47:00	12	14,62	0,00
7:48:00	12	14,62	0,00
7:49:00	13	14,62	0,00
7:50:00	12	14,62	0,00
7:51:00	13	14,62	0,00
7:52:00	13	14,62	0,00
7:53:00	12	14,62	0,00
7:54:00	12	14,62	0,00
7:55:00	13	14,62	0,00
7:56:00	13	14,62	0,00
7:57:00	13	14,62	0,00
7:58:00	13	14,62	0,00
7:59:00	12	14,61	0,00
8:00:00	12	14,61	0,00
8:01:00	12	14,61	0,00
8:02:00	13	14,61	0,00
8:03:00	13	14,61	0,00
8:04:00	13	14,60	0,00
8:05:00	13	14,60	0,00
8:06:00	13	14,60	0,00
8:07:00	13	14,60	0,00
8:08:00	13	14,59	0,00
8:09:00	13	14,59	0,00
8:10:00	13	14,59	0,00
8:11:00	13	14,59	0,00
8:12:00	13	14,59	0,00
8:13:00	13	14,59	0,00
8:14:00	13	14,59	0,00
8:15:00	12	14,59	0,00
8:16:00	13	14,58	0,00
8:17:00	13	14,58	0,00
8:18:00	13	14,58	0,00
8:19:00	13	14,58	0,00
8:20:00	13	14,57	0,00
8:21:00	13	14,57	0,00
8:22:00	13	14,57	0,00
8:23:00	13	14,57	0,00
8:24:00	13	14,56	0,00
8:25:00	13	14,56	0,00
8:26:00	13	14,56	0,00
8:27:00	13	14,56	0,00
8:28:00	13	14,56	0,00
8:29:00	13	14,56	0,00
8:30:00	13	14,55	0,00
8:31:00	13	14,55	0,00
8:32:00	13	14,55	0,00
8:33:00	13	14,54	0,00
8:34:00	13	14,54	0,00
8:35:00	13	14,54	0,00
8:36:00	13	14,54	0,00
8:37:00	13	14,53	0,00
8:38:00	13	14,53	0,00
8:39:00	13	14,53	0,00
8:40:00	13	14,53	0,00
8:41:00	13	14,53	0,00
8:42:00	13	14,52	0,00
8:43:00	13	14,52	0,00
8:44:00	13	14,52	0,00
8:45:00	13	14,51	0,00
8:46:00	13	14,51	0,00
8:47:00	13	14,51	0,00
8:48:00	13	14,50	0,00
8:49:00	13	14,50	0,00
8:50:00	14	14,50	0,00
8:51:00	13	14,50	0,00
8:52:00	13	14,50	0,00
8:53:00	14	14,49	0,00
8:54:00	13	14,49	0,00
8:55:00	13	14,48	0,00
8:56:00	13	14,47	0,00
8:57:00	14	14,47	0,00
8:58:00	13	14,46	0,00
8:59:00	13	14,46	0,00
9:00:00	13	14,46	0,00
9:01:00	14	14,46	0,00
9:02:00	14	14,45	0,00
9:03:00	14	14,45	0,00
9:04:00	14	14,44	0,00
9:05:00	14	14,44	0,00
9:06:00	14	14,44	0,00
9:07:00	14	14,44	0,00
9:08:00	14	14,44	0,00
9:09:00	14	14,43	0,00
9:10:00	14	14,43	0,00
9:11:00	14	14,43	0,00
9:12:00	14	14,42	0,00
9:13:00	14	14,42	0,00
9:14:00	14	14,41	0,00
9:15:00	14	14,41	0,00
9:16:00	14	14,41	0,00
9:17:00	14	14,41	0,00
9:18:00	14	14,41	0,00
9:19:00	14	14,40	0,00
9:20:00	14	14,40	0,00
9:21:00	14	14,39	0,00
9:22:00	14	14,39	0,00
9:23:00	14	14,38	0,00
9:24:00	14	14,38	0,00
9:25:00	14	14,38	0,00
9:26:00	14	14,38	0,00
9:27:00	14	14,38	0,00
9:28:00	14	14,37	0,00
9:29:00	14	14,37	0,00
9:30:00	14	14,36	0,00
9:31:00	14	14,36	0,00
9:32:00	14	14,35	0,00
9:33:00	14	14,35	0,00
9:34:00	14	14,35	0,00
9:35:00	14	14,35	0,00
9:36:00	14	14,34	0,00
9:37:00	14	14,34	0,00
9:38:00	15	14,33	0,00
9:39:00	14	14,33	0,00
9:40:00	14	14,33	0,00
9:41:00	14	14,32	0,00
9:42:00	14	14,32	0,00
9:43:00	15	14,32	0,00
9:44:00	15	14,32	0,00
9:45:00	14	14,31	0,00
9:46:00	14	14,30	0,00
9:47:00	14	14,29	0,00
9:48:00	15	14,29	0,00
9:49:00	14	14,29	0,00
9:50:00	14	14,28	0,00
9:51:00	15	14,28	0,00
9:52:00	15	14,28	0,00
9:53:00	14	14,27	0,00
9:54:00	15	14,26	0,00
9:55:00	15	14,26	0,00
9:56:00	15	14,26	0,00
9:57:00	15	14,26	0,00
9:58:00	15	14,25	0,00
9:59:00	15	14,25	0,00
10:00:00	15	14,24	0,00
10:01:00	15	14,24	0,00
10:02:00	15	14,23	0,00
10:03:00	15	14,23	0,00
10:04:00	15	14,23	0,00
10:05:00	15	14,23	0,00
10:06:00	15	14,22	0,00
10:07:00	15	14,22	0,00
10:08:00	15	14,21	0,00
10:09:00	15	14,21	0,00
10:10:00	15	14,20	0,00
10:11:00	15	14,20	0,00
10:12:00	15	14,20	0,00
10:13:00	15	14,20	0,00
10:14:00	15	14,19	0,00
10:15:00	16	14,19	0,00
10:16:00	15	14,18	0,00
10:17:00	15	14,18	0,00
10:18:00	15	14,17	0,00
10:19:00	15	14,17	0,00
10:20:00	15	14,16	0,00
10:21:00	15	14,16	0,00
10:22:00	16	14,16	0,00
10:23:00	16	14,16	0,00
10:24:00	15	14,15	0,00
10:25:00	16	14,14	0,00
10:26:00	16	14,14	0,00
10:27:00	16	14,14	0,00
10:28:00	15	14,14	0,00
10:29:00	16	14,13	0,00
10:30:00	16	14,13	0,00
10:31:00	15	14,12	0,00
10:32:00	15	14,12	0,00
10:33:00	16	14,11	0,00
10:34:00	16	14,11	0,00
10:35:00	16	14,11	0,00
10:36:00	15	14,11	0,00
10:37:00	16	14,10	0,00
10:38:00	16	14,10	0,00
10:39:00	16	14,09	0,00
10:40:00	16	14,09	0,00
10:41:00	15	14,08	0,00
10:42:00	16	14,08	0,00
10:43:00	16	14,08	0,00
10:44:00	16	14,08	0,00
10:45:00	16	14,07	0,00
10:46:00	16	14,07	0,00
10:47:00	16	14,06	0,00
10:48:00	16	14,06	0,00
10:49:00	16	14,05	0,00
10:50:00	16	14,05	0,00
10:51:00	16	14,05	0,00
10:52:00	16	14,05	0,00
10:53:00	16	14,05	0,00
10:54:00	16	14,04	0,00
10:55:00	16	14,04	0,00
10:56:00	16	14,03	0,00
10:57:00	16	14,03	0,00
10:58:00	16	14,02	0,01
10:59:00	16	14,02	0,01
11:00:00	16	14,02	0,01
11:01:00	16	14,02	0,01
11:02:00	16	14,01	0,02
11:03:00	16	14,01	0,02
11:04:00	16	14,00	0,03
11:05:00	16	14,00	0,03
11:06:00	16	13,99	0,03
11:07:00	16	13,99	0,03
11:08:00	16	13,99	0,03
11:09:00	16	13,98	0,04
11:10:00	16	13,98	0,04
11:11:00	16	13,98	0,05
11:12:00	16	13,98	0,05
11:13:00	16	13,97	0,05
11:14:00	16	13,97	0,05
11:15:00	16	13,97	0,05
11:16:00	16	13,96	0,06
11:17:00	16	13,96	0,06
11:18:00	16	13,95	0,07
11:19:00	15	13,95	0,07
11:20:00	16	13,94	0,08
11:21:00	16	13,94	0,08
11:22:00	16	13,93	0,09
11:23:00	16	13,93	0,09
11:24:00	16	13,93	0,09
11:25:00	16	13,93	0,09
11:26:00	16	13,93	0,09
11:27:00	16	13,92	0,10
11:28:00	16	13,92	0,10
11:29:00	16	13,91	0,11
11:30:00	16	13,91	0,11
11:31:00	16	13,90	0,11
11:32:00	16	13,90	0,11
11:33:00	16	13,90	0,11
11:34:00	16	13,90	0,12
11:35:00	16	13,90	0,12
11:36:00	16	13,89	0,13
11:37:00	16	13,89	0,13
11:38:00	16	13,89	0,13
11:39:00	16	13,88	0,13
11:40:00	16	13,88	0,13
11:41:00	16	13,87	0,14
11:42:00	16	13,87	0,14
11:43:00	16	13,87	0,14
11:44:00	16	13,87	0,15
11:45:00	16	13,87	0,15
11:46:00	16	13,86	0,16
11:47:00	16	13,86	0,16
11:48:00	16	13,86	0,16
11:49:00	16	13,85	0,16
11:50:00	16	13,85	0,16
11:51:00	16	13,84	0,17
11:52:00	16	13,84	0,17
11:53:00	16	13,84	0,17
11:54:00	16	13,84	0,18
11:55:00	16	13,84	0,18
11:56:00	16	13,83	0,18
11:57:00	16	13,83	0,18
11:58:00	16	13,83	0,18
11:59:00	16	13,82	0,19
12:00:00	16	13,82	0,19
12:01:00	16	13,82	0,19
12:02:00	16	13,81	0,20
12:03:00	16	13,81	0,20
12:04:00	16	13,80	0,20
12:05:00	16	13,80	0,20
12:06:00	16	13,80	0,20
12:07:00	16	13,80	0,21
12:08:00	16	13,80	0,21
12:09:00	16	13,80	0,21
12:10:00	16	13,79	0,22
12:11:00	16	13,79	0,22
12:12:00	16	13,78	0,23
12:13:00	16	13,78	0,23
12:14:00	16	13,78	0,23
12:15:00	16	13,78	0,23
12:16:00	16	13,78	0,23
12:17:00	16	13,77	0,24
12:18:00	16	13,77	0,24
12:19:00	16	13,77	0,24
12:20:00	16	13,76	0,25
12:21:00	16	13,76	0,25
12:22:00	16	13,75	0,26
12:23:00	16	13,75	0,26
12:24:00	16	13,75	0,26
12:25:00	16	13,75	0,26
12:26:00	16	13,75	0,26
12:27:00	16	13,75	0,26
12:28:00	16	13,74	0,27
12:29:00	16	13,74	0,27
12:30:00	16	13,73	0,28
12:31:00	16	13,73	0,28
12:32:00	16	13,73	0,28
12:33:00	16	13,72	0,28
12:34:00	16	13,71	0,29
12:35:00	16	13,71	0,30
12:36:00	16	13,71	0,30
12:37:00	16	13,71	0,30
12:38:00	16	13,70	0,31
12:39:00	17	13,70	0,31
12:40:00	16	13,70	0,31
12:41:00	16	13,69	0,31
12:42:00	16	13,69	0,31
12:43:00	16	13,69	0,31
12:44:00	16	13,69	0,32
12:45:00	16	13,69	0,32
12:46:00	16	13,68	0,33
12:47:00	16	13,68	0,33
12:48:00	16	13,68	0,33
12:49:00	16	13,67	0,34
12:50:00	16	13,67	0,34
12:51:00	16	13,67	0,34
12:52:00	16	13,66	0,34
12:53:00	16	13,66	0,34
12:54:00	16	13,66	0,34
12:55:00	16	13,66	0,35
12:56:00	16	13,66	0,35
12:57:00	16	13,65	0,36
12:58:00	16	13,65	0,36
12:59:00	16	13,65	0,36
13:00:00	16	13,64	0,37
13:01:00	16	13,64	0,37
13:02:00	16	13,63	0,38
13:03:00	16	13,63	0,38
13:04:00	16	13,63	0,38
13:05:00	16	13,63	0,38
13:06:00	16	13,63	0,38
13:07:00	16	13,63	0,38
13:08:00	16	13,62	0,39
13:09:00	16	13,62	0,39
13:10:00	16	13,61	0,40
13:11:00	16	13,61	0,40
13:12:00	16	13,61	0,40
13:13:00	16	13,60	0,41
13:14:00	16	13,60	0,41
13:15:00	16	13,60	0,41
13:16:00	16	13,60	0,41
13:17:00	17	13,60	0,41
13:18:00	16	13,59	0,42
13:19:00	16	13,59	0,42
13:20:00	17	13,59	0,42
13:21:00	16	13,58	0,43
13:22:00	16	13,58	0,43
13:23:00	16	13,58	0,43
13:24:00	16	13,57	0,44
13:25:00	16	13,57	0,44
13:26:00	17	13,57	0,45
13:27:00	16	13,57	0,45
13:28:00	16	13,57	0,45
13:29:00	16	13,56	0,45
13:30:00	16	13,56	0,45
13:31:00	16	13,56	0,45
13:32:00	16	13,55	0,46
13:33:00	17	13,54	0,47
13:34:00	16	13,54	0,48
13:35:00	16	13,54	0,48
13:36:00	17	13,54	0,48
13:37:00	16	13,53	0,48
13:38:00	16	13,53	0,48
13:39:00	16	13,52	0,49
13:40:00	16	13,52	0,49
13:41:00	16	13,52	0,49
13:42:00	16	13,51	0,50
13:43:00	16	13,51	0,50
13:44:00	17	13,50	0,51
13:45:00	16	13,50	0,51
13:46:00	16	13,50	0,51
13:47:00	16	13,50	0,52
13:48:00	16	13,50	0,52
13:49:00	17	13,50	0,52
13:50:00	17	13,49	0,53
13:51:00	17	13,49	0,53
13:52:00	16	13,48	0,53
13:53:00	17	13,48	0,53
13:54:00	17	13,48	0,53
13:55:00	16	13,48	0,53
13:56:00	17	13,48	0,54
13:57:00	16	13,48	0,54
13:58:00	17	13,47	0,55
13:59:00	17	13,47	0,55
14:00:00	16	13,46	0,56
14:01:00	17	13,46	0,56
14:02:00	17	13,46	0,56
14:03:00	17	13,45	0,57
14:04:00	16	13,45	0,57
14:05:00	17	13,45	0,57
14:06:00	17	13,45	0,57
14:07:00	16	13,45	0,57
14:08:00	17	13,45	0,57
14:09:00	17	13,44	0,58
14:10:00	17	13,44	0,58
14:11:00	16	13,43	0,59
14:12:00	17	13,43	0,59
14:13:00	16	13,43	0,59
14:14:00	17	13,42	0,60
14:15:00	17	13,42	0,60
14:16:00	17	13,42	0,60
14:17:00	17	13,41	0,61
14:18:00	17	13,41	0,61
14:19:00	16	13,41	0,62
14:20:00	16	13,41	0,62
14:21:00	17	13,41	0,62
14:22:00	17	13,40	0,62
14:23:00	17	13,40	0,62
14:24:00	16	13,40	0,62
14:25:00	16	13,39	0,63
14:26:00	17	13,39	0,63
14:27:00	17	13,39	0,63
14:28:00	16	13,39	0,64
14:29:00	17	13,39	0,64
14:30:00	16	13,38	0,65
14:31:00	16	13,38	0,65
14:32:00	16	13,38	0,65
14:33:00	17	13,37	0,66
14:34:00	17	13,37	0,66
14:35:00	17	13,36	0,67
14:36:00	16	13,36	0,67
14:37:00	16	13,36	0,67
14:38:00	17	13,36	0,68
14:39:00	17	13,36	0,68
14:40:00	17	13,36	0,68
14:41:00	16	13,35	0,68
14:42:00	17	13,35	0,68
14:43:00	16	13,34	0,69
14:44:00	17	13,34	0,69
14:45:00	17	13,34	0,69
14:46:00	17	13,33	0,70
14:47:00	17	13,33	0,70
14:48:00	17	13,33	0,70
14:49:00	17	13,32	0,72
14:50:00	17	13,32	0,72
14:51:00	17	13,31	0,73
14:52:00	17	13,30	0,74
14:53:00	17	13,30	0,74
14:54:00	17	13,30	0,74
14:55:00	17	13,30	0,75
14:56:00	16	13,30	0,75
14:57:00	16	13,29	0,75
14:58:00	17	13,29	0,75
14:59:00	17	13,29	0,75
15:00:00	17	13,28	0,76
15:01:00	17	13,28	0,76
15:02:00	17	13,27	0,77
15:03:00	17	13,27	0,77
15:04:00	17	13,27	0,78
15:05:00	17	13,27	0,78
15:06:00	17	13,27	0,78
15:07:00	16	13,26	0,79
15:08:00	17	13,26	0,79
15:09:00	17	13,26	0,79
15:10:00	16	13,25	0,80
15:11:00	17	13,25	0,80
15:12:00	17	13,25	0,80
15:13:00	16	13,24	0,81
15:14:00	17	13,24	0,81
15:15:00	17	13,24	0,81
15:16:00	17	13,23	0,82
15:17:00	17	13,23	0,82
15:18:00	17	13,23	0,83
15:19:00	17	13,23	0,83
15:20:00	17	13,22	0,84
15:21:00	17	13,22	0,84
15:22:00	17	13,22	0,84
15:23:00	17	13,21	0,84
15:24:00	17	13,21	0,84
15:25:00	17	13,21	0,85
15:26:00	17	13,21	0,85
15:27:00	17	13,21	0,85
15:28:00	17	13,20	0,86
15:29:00	16	13,20	0,86
15:30:00	17	13,20	0,86
15:31:00	17	13,19	0,87
15:32:00	17	13,19	0,87
15:33:00	17	13,19	0,87
15:34:00	16	13,19	0,87
15:35:00	17	13,18	0,88
15:36:00	17	13,18	0,88
15:37:00	17	13,18	0,89
15:38:00	17	13,18	0,89
15:39:00	17	13,18	0,89
15:40:00	17	13,17	0,90
15:41:00	17	13,17	0,90
15:42:00	17	13,16	0,91
15:43:00	17	13,15	0,92
15:44:00	17	13,15	0,92
15:45:00	17	13,15	0,92
15:46:00	17	13,15	0,92
15:47:00	17	13,14	0,93
15:48:00	16	13,14	0,93
15:49:00	17	13,14	0,93
15:50:00	17	13,14	0,93
15:51:00	17	13,14	0,94
15:52:00	17	13,14	0,94
15:53:00	17	13,14	0,94
15:54:00	17	13,13	0,95
15:55:00	17	13,13	0,95
15:56:00	17	13,12	0,96
15:57:00	17	13,12	0,96
15:58:00	17	13,12	0,97
15:59:00	16	13,12	0,96
16:00:00	17	13,11	0,97
16:01:00	16	13,11	0,97
16:02:00	17	13,11	0,97
16:03:00	17	13,11	0,97
16:04:00	17	13,11	0,97
16:05:00	17	13,11	0,97
16:06:00	17	13,11	0,97
16:07:00	17	13,10	0,98
16:08:00	17	13,10	0,98
16:09:00	17	13,10	0,98
16:10:00	17	13,09	0,99
16:11:00	17	13,09	0,99
16:12:00	17	13,09	0,99
16:13:00	17	13,09	1,00
16:14:00	17	13,09	1,00
16:15:00	17	13,09	1,00
16:16:00	17	13,09	1,00
16:17:00	16	13,08	1,01
16:18:00	17	13,08	1,01
16:19:00	17	13,08	1,01
16:20:00	16	13,08	1,01
16:21:00	16	13,08	1,01
16:22:00	17	13,06	1,03
16:23:00	16	13,07	1,02
16:24:00	17	13,06	1,03
16:25:00	17	13,06	1,03
16:26:00	17	13,06	1,03
16:27:00	16	13,05	1,04
16:28:00	17	13,05	1,04
16:29:00	17	13,05	1,04
16:30:00	17	13,05	1,04
16:31:00	17	13,05	1,05
16:32:00	17	13,05	1,05
16:33:00	16	13,04	1,06
16:34:00	16	13,04	1,06
16:35:00	16	13,04	1,06
16:36:00	16	13,04	1,06
16:37:00	17	13,04	1,06
16:38:00	16	13,03	1,07
16:39:00	16	13,03	1,07
16:40:00	17	13,03	1,08
16:41:00	17	13,03	1,08
16:42:00	17	13,03	1,08
16:43:00	16	13,02	1,09
16:44:00	16	13,01	1,10
16:45:00	16	13,01	1,10
16:46:00	16	13,01	1,10
16:47:00	16	13,00	1,11
16:48:00	17	13,00	1,11
16:49:00	17	13,00	1,11
16:50:00	16	13,00	1,12
16:51:00	16	13,00	1,12
16:52:00	16	13,00	1,12
16:53:00	17	13,00	1,12
16:54:00	16	12,99	1,13
16:55:00	17	12,99	1,13
16:56:00	16	12,99	1,13
16:57:00	17	12,98	1,14
16:58:00	16	12,98	1,14
16:59:00	16	12,98	1,14
17:00:00	16	12,97	1,15
17:01:00	16	12,97	1,15
17:02:00	16	12,97	1,15
17:03:00	16	12,97	1,15
17:04:00	16	12,96	1,16
17:05:00	16	12,96	1,16
17:06:00	16	12,96	1,16
17:07:00	16	12,96	1,17
17:08:00	16	12,96	1,17
17:09:00	17	12,96	1,17
17:10:00	16	12,96	1,17
17:11:00	16	12,95	1,18
17:12:00	16	12,95	1,18
17:13:00	16	12,95	1,18
17:14:00	16	12,95	1,18
17:15:00	17	12,94	1,19
17:16:00	16	12,94	1,19
17:17:00	16	12,94	1,19
17:18:00	16	12,93	1,20
17:19:00	16	12,93	1,20
17:20:00	16	12,93	1,20
17:21:00	16	12,93	1,20
17:22:00	16	12,93	1,21
17:23:00	16	12,93	1,21
17:24:00	16	12,93	1,21
17:25:00	16	12,92	1,22
17:26:00	16	12,92	1,22
17:27:00	16	12,92	1,22
17:28:00	16	12,92	1,22
17:29:00	16	12,91	1,23
17:30:00	16	12,91	1,23
17:31:00	16	12,91	1,23
17:32:00	16	12,91	1,23
17:33:00	16	12,91	1,24
17:34:00	16	12,91	1,24
17:35:00	16	12,91	1,24
17:36:00	16	12,90	1,25
17:37:00	16	12,90	1,25
17:38:00	16	12,90	1,25
17:39:00	16	12,90	1,25
17:40:00	16	12,89	1,27
17:41:00	16	12,88	1,28
17:42:00	16	12,88	1,29
17:43:00	16	12,88	1,29
17:44:00	16	12,88	1,29
17:45:00	16	12,87	1,30
17:46:00	16	12,87	1,30
17:47:00	16	12,86	1,31
17:48:00	16	12,86	1,31
17:49:00	16	12,86	1,31
17:50:00	16	12,86	1,31
17:51:00	16	12,85	1,32
17:52:00	16	12,85	1,32
17:53:00	16	12,85	1,32
17:54:00	16	12,85	1,32
17:55:00	16	12,85	1,32
17:56:00	16	12,85	1,32
17:57:00	16	12,84	1,33
17:58:00	16	12,84	1,33
17:59:00	16	12,84	1,34
18:00:00	16	12,84	1,34
18:01:00	16	12,84	1,34
18:02:00	16	12,83	1,35
18:03:00	16	12,83	1,35
18:04:00	16	12,83	1,35
18:05:00	16	12,82	1,36
18:06:00	16	12,82	1,36
18:07:00	16	12,82	1,36
18:08:00	16	12,82	1,36
18:09:00	16	12,82	1,37
18:10:00	16	12,82	1,37
18:11:00	16	12,82	1,37
18:12:00	16	12,82	1,37
18:13:00	16	12,81	1,38
18:14:00	16	12,81	1,38
18:15:00	16	12,80	1,39
18:16:00	16	12,80	1,39
18:17:00	16	12,80	1,39
18:18:00	16	12,80	1,39
18:19:00	16	12,80	1,39
18:20:00	16	12,80	1,39
18:21:00	16	12,79	1,40
18:22:00	16	12,79	1,40
18:23:00	16	12,79	1,42
18:24:00	16	12,79	1,42
18:25:00	16	12,79	1,42
18:26:00	16	12,79	1,42
18:27:00	16	12,79	1,42
18:28:00	16	12,78	1,43
18:29:00	16	12,78	1,43
18:30:00	16	12,78	1,43
18:31:00	16	12,77	1,44
18:32:00	16	12,78	1,43
18:33:00	16	12,77	1,44
18:34:00	15	12,77	1,44
18:35:00	16	12,77	1,44
18:36:00	16	12,76	1,45
18:37:00	16	12,76	1,45
18:38:00	15	12,75	1,46
18:39:00	16	12,75	1,46
18:40:00	15	12,75	1,46
18:41:00	16	12,75	1,46
18:42:00	15	12,75	1,46
18:43:00	16	12,75	1,46
18:44:00	16	12,75	1,46
18:45:00	15	12,75	1,47
18:46:00	16	12,75	1,47
18:47:00	16	12,75	1,47
18:48:00	16	12,75	1,47
18:49:00	16	12,75	1,47
18:50:00	16	12,74	1,48
18:51:00	16	12,74	1,48
18:52:00	16	12,74	1,48
18:53:00	16	12,74	1,48
18:54:00	16	12,73	1,49
18:55:00	16	12,73	1,49
18:56:00	16	12,73	1,49
18:57:00	15	12,73	1,49
18:58:00	16	12,73	1,49
18:59:00	16	12,73	1,50
19:00:00	16	12,73	1,50
19:01:00	16	12,73	1,50
19:02:00	15	12,73	1,50
19:03:00	15	12,73	1,50
19:04:00	15	12,73	1,50
19:05:00	15	12,72	1,52
19:06:00	15	12,72	1,52
19:07:00	15	12,72	1,52
19:08:00	15	12,72	1,52
19:09:00	16	12,72	1,52
19:10:00	15	12,73	1,50
19:11:00	15	12,73	1,50
19:12:00	15	12,73	1,50
19:13:00	15	12,73	1,50
19:14:00	15	12,73	1,50
19:15:00	15	12,73	1,50
19:16:00	16	12,73	1,50
19:17:00	15	12,72	1,52
19:18:00	15	12,72	1,52
19:19:00	15	12,72	1,52
19:20:00	15	12,72	1,52
19:21:00	15	12,72	1,52
19:22:00	15	12,71	1,53
19:23:00	15	12,71	1,53
19:24:00	15	12,71	1,53
19:25:00	15	12,71	1,53
19:26:00	15	12,71	1,53
19:27:00	15	12,71	1,53
19:28:00	15	12,70	1,54
19:29:00	15	12,70	1,54
19:30:00	15	12,70	1,54
19:31:00	15	12,70	1,54
19:32:00	15	12,70	1,54
19:33:00	15	12,70	1,55
19:34:00	15	12,70	1,55
19:35:00	15	12,70	1,55
19:36:00	15	12,70	1,55
19:37:00	15	12,70	1,55
19:38:00	15	12,70	1,55
19:39:00	15	12,69	1,56
19:40:00	15	12,69	1,56
19:41:00	15	12,69	1,56
19:42:00	15	12,69	1,56
19:43:00	15	12,69	1,56
19:44:00	15	12,69	1,56
19:45:00	15	12,68	1,57
19:46:00	15	12,68	1,57
19:47:00	15	12,68	1,57
19:48:00	15	12,68	1,57
19:49:00	15	12,68	1,57
19:50:00	15	12,68	1,57
19:51:00	15	12,67	1,58
19:52:00	15	12,67	1,58
19:53:00	15	12,67	1,58
19:54:00	15	12,67	1,58
19:55:00	14	12,67	1,58
19:56:00	15	12,67	1,58
19:57:00	15	12,66	1,60
19:58:00	15	12,66	1,60
19:59:00	14	12,66	1,60
20:00:00	15	12,66	1,60
20:01:00	15	12,66	1,60
20:02:00	14	12,66	1,60
20:03:00	15	12,66	1,61
20:04:00	14	12,66	1,61
20:05:00	15	12,66	1,61
20:06:00	15	12,66	1,61
20:07:00	15	12,66	1,61
20:08:00	14	12,66	1,61
20:09:00	15	12,65	1,62
20:10:00	14	12,65	1,62
20:11:00	14	12,65	1,62
20:12:00	15	12,65	1,62
20:13:00	14	12,65	1,62
20:14:00	14	12,64	1,63
20:15:00	14	12,64	1,63
20:16:00	14	12,64	1,63
20:17:00	14	12,64	1,63
20:18:00	14	12,64	1,63
20:19:00	14	12,64	1,63
20:20:00	14	12,64	1,64
20:21:00	14	12,64	1,64
20:22:00	14	12,64	1,64
20:23:00	14	12,64	1,64
20:24:00	14	12,63	1,65
20:25:00	14	12,63	1,65
20:26:00	14	12,63	1,65
20:27:00	14	12,63	1,65
20:28:00	14	12,63	1,65
20:29:00	14	12,63	1,65
20:30:00	14	12,63	1,65
20:31:00	14	12,63	1,65
20:32:00	14	12,62	1,67
20:33:00	14	12,62	1,67
20:34:00	14	12,62	1,67
20:35:00	14	12,62	1,67
20:36:00	14	12,62	1,67
20:37:00	14	12,61	1,68
20:38:00	14	12,61	1,68
20:39:00	14	12,61	1,68
20:40:00	14	12,61	1,68
20:41:00	14	12,61	1,68
20:42:00	14	12,61	1,69
20:43:00	14	12,61	1,69
20:44:00	14	12,61	1,69
20:45:00	14	12,61	1,69
20:46:00	14	12,61	1,69
20:47:00	14	12,61	1,69
20:48:00	14	12,61	1,69
20:49:00	14	12,60	1,70
20:50:00	14	12,60	1,70
20:51:00	14	12,60	1,70
20:52:00	14	12,60	1,70
20:53:00	14	12,60	1,70
20:54:00	14	12,60	1,70
20:55:00	14	12,59	1,71
20:56:00	14	12,58	1,73
20:57:00	14	12,58	1,74
20:58:00	14	12,58	1,74
20:59:00	14	12,58	1,74
21:00:00	14	12,58	1,74
21:01:00	14	12,57	1,75
21:02:00	14	12,57	1,75
21:03:00	14	12,57	1,75
21:04:00	14	12,57	1,75
21:05:00	14	12,56	1,76
21:06:00	13	12,56	1,76
21:07:00	13	12,56	1,76
21:08:00	14	12,56	1,76
21:09:00	13	12,55	1,77
21:10:00	13	12,55	1,77
21:11:00	13	12,55	1,77
21:12:00	14	12,55	1,77
21:13:00	14	12,55	1,77
21:14:00	13	12,55	1,77
21:15:00	13	12,55	1,77
21:16:00	13	12,55	1,79
21:17:00	13	12,55	1,79
21:18:00	13	12,55	1,79
21:19:00	13	12,55	1,79
21:20:00	13	12,55	1,79
21:21:00	13	12,55	1,79
21:22:00	13	12,55	1,79
21:23:00	13	12,55	1,79
21:24:00	13	12,54	1,80
21:25:00	13	12,54	1,80
21:26:00	13	12,54	1,80
21:27:00	13	12,54	1,80
21:28:00	13	12,54	1,80
21:29:00	13	12,53	1,81
21:30:00	13	12,53	1,81
21:31:00	13	12,53	1,81
21:32:00	13	12,53	1,81
21:33:00	13	12,53	1,81
21:34:00	13	12,53	1,81
21:35:00	13	12,53	1,81
21:36:00	13	12,53	1,81
21:37:00	12	12,53	1,81
21:38:00	13	12,53	1,81
21:39:00	13	12,52	1,82
21:40:00	13	12,52	1,82
21:41:00	13	12,52	1,82
21:42:00	13	12,52	1,82
21:43:00	13	12,52	1,82
21:44:00	12	12,52	1,84
21:45:00	12	12,52	1,84
21:46:00	13	12,52	1,84
21:47:00	13	12,52	1,84
21:48:00	13	12,52	1,84
21:49:00	13	12,52	1,84
21:50:00	12	12,52	1,84
21:51:00	13	12,52	1,84
21:52:00	12	12,52	1,84
21:53:00	12	12,52	1,84
21:54:00	13	12,51	1,85
21:55:00	13	12,51	1,85
21:56:00	12	12,51	1,85
21:57:00	12	12,51	1,85
21:58:00	13	12,51	1,85
21:59:00	12	12,51	1,85
22:00:00	12	12,50	1,86
22:01:00	12	12,50	1,86
22:02:00	12	12,50	1,86
22:03:00	12	12,50	1,86
22:04:00	13	12,50	1,86
22:05:00	12	12,50	1,86
22:06:00	12	12,50	1,86
22:07:00	12	12,50	1,86
22:08:00	12	12,50	1,86
22:09:00	12	12,50	1,86
22:10:00	12	12,50	1,86
22:11:00	12	12,49	1,87
22:12:00	12	12,49	1,87
22:13:00	12	12,49	1,87
22:14:00	12	12,49	1,87
22:15:00	12	12,49	1,87
22:16:00	12	12,49	1,87
22:17:00	12	12,48	1,89
22:18:00	12	12,48	1,89
22:19:00	12	12,48	1,89
22:20:00	12	12,48	1,89
22:21:00	12	12,48	1,89
22:22:00	12	12,48	1,90
22:23:00	12	12,48	1,90
22:24:00	12	12,48	1,90
22:25:00	12	12,48	1,90
22:26:00	12	12,48	1,90
22:27:00	12	12,48	1,90
22:28:00	12	12,48	1,90
22:29:00	12	12,48	1,90
22:30:00	12	12,47	1,91
22:31:00	12	12,47	1,91
22:32:00	12	12,47	1,91
22:33:00	12	12,47	1,91
22:34:00	12	12,47	1,91
22:35:00	12	12,47	1,91
22:36:00	12	12,46	1,92
22:37:00	12	12,46	1,92
22:38:00	12	12,46	1,92
22:39:00	12	12,46	1,92
22:40:00	12	12,46	1,92
22:41:00	12	12,46	1,92
22:42:00	12	12,46	1,92
22:43:00	12	12,46	1,92
22:44:00	12	12,46	1,92
22:45:00	12	12,46	1,92
22:46:00	12	12,46	1,92
22:47:00	12	12,45	1,94
22:48:00	12	12,45	1,94
22:49:00	12	12,45	1,95
22:50:00	12	12,45	1,95
22:51:00	12	12,45	1,95
22:52:00	12	12,45	1,95
22:53:00	12	12,45	1,95
22:54:00	12	12,45	1,95
22:55:00	12	12,45	1,95
22:56:00	12	12,45	1,95
22:57:00	12	12,45	1,95
22:58:00	12	12,45	1,95
22:59:00	12	12,45	1,95
23:00:00	12	12,45	1,95
23:01:00	12	12,45	1,95
23:02:00	12	12,44	1,96
23:03:00	12	12,44	1,96
23:04:00	12	12,44	1,96
23:05:00	12	12,44	1,96
23:06:00	12	12,44	1,96
23:07:00	12	12,44	1,96
23:08:00	12	12,44	1,96
23:09:00	11	12,43	1,97
23:10:00	12	12,43	1,97
23:11:00	12	12,43	1,97
23:12:00	11	12,43	1,97
23:13:00	12	12,43	1,97
23:14:00	12	12,43	1,97
23:15:00	12	12,43	1,97
23:16:00	12	12,43	1,97
23:17:00	12	12,43	1,97
23:18:00	12	12,43	1,99
23:19:00	12	12,43	1,99
23:20:00	12	12,43	1,99
23:21:00	12	12,43	1,99
23:22:00	11	12,43	1,99
23:23:00	11	12,43	1,99
23:24:00	12	12,43	1,99
23:25:00	11	12,43	1,99
23:26:00	11	12,43	1,99
23:27:00	12	12,43	1,99
23:28:00	12	12,42	2,00
23:29:00	12	12,42	2,00
23:30:00	11	12,42	2,00
23:31:00	11	12,42	2,00
23:32:00	12	12,42	2,00
23:33:00	11	12,42	2,00
23:34:00	11	12,42	2,00
23:35:00	11	12,42	2,00
23:36:00	11	12,42	2,00
23:37:00	12	12,41	2,01
23:38:00	12	12,41	2,01
23:39:00	11	12,41	2,01
23:40:00	11	12,41	2,01
23:41:00	11	12,41	2,01
23:42:00	11	12,41	2,01
23:43:00	11	12,41	2,01
23:44:00	11	12,41	2,01
23:45:00	11	12,41	2,01
23:46:00	11	12,41	2,01
23:47:00	11	12,41	2,01
23:48:00	11	12,41	2,01
23:49:00	11	12,41	2,01
23:50:00	11	12,41	2,01
23:51:00	11	12,41	2,01
23:52:00	11	12,40	2,03
23:53:00	11	12,40	2,03
23:54:00	11	12,40	2,03
23:55:00	11	12,40	2,03
23:56:00	11	12,40	2,03
23:57:00	11	12,40	2,03
23:58:00	11	12,40	2,03
23:59:00	11	12,40	2,03
24:00:00	11	12,39	2,04
24:01:00	11	12,39	2,04
24:02:00	11	12,39	2,04
24:03:00	11	12,39	2,04
24:04:00	11	12,39	2,04
24:05:00	11	12,39	2,04
24:06:00	11	12,39	2,04
24:07:00	11	12,39	2,04
24:08:00	11	12,39	2,04
24:09:00	11	12,39	2,04
24:10:00	11	12,39	2,04
24:11:00	11	12,39	2,04
24:12:00	11	12,39	2,04
24:13:00	11	12,39	2,05
24:14:00	11	12,39	2,05
24:15:00	11	12,39	2,05
24:16:00	10	12,39	2,05
24:17:00	11	12,39	2,05
24:18:00	11	12,39	2,05
24:19:00	11	12,39	2,05
24:20:00	11	12,39	2,05
24:21:00	11	12,39	2,05
24:22:00	10	12,38	2,07
24:23:00	11	12,38	2,07
24:24:00	11	12,38	2,07
24:25:00	11	12,38	2,07
24:26:00	11	12,38	2,07
24:27:00	10	12,38	2,07
24:28:00	11	12,38	2,07
24:29:00	11	12,38	2,07
24:30:00	10	12,38	2,07
24:31:00	10	12,38	2,07
24:32:00	10	12,38	2,07
24:33:00	10	12,38	2,07
24:34:00	11	12,38	2,07
24:35:00	11	12,38	2,07
24:36:00	11	12,37	2,08
24:37:00	11	12,37	2,08
24:38:00	11	12,37	2,08
24:39:00	10	12,37	2,08
24:40:00	10	12,37	2,08
24:41:00	10	12,37	2,08
24:42:00	10	12,37	2,08
24:43:00	10	12,37	2,08
24:44:00	11	12,37	2,08
24:45:00	10	12,36	2,09
24:46:00	11	12,36	2,09
24:47:00	11	12,37	2,08
24:48:00	11	12,37	2,08
24:49:00	11	12,37	2,08
24:50:00	11	12,37	2,08
24:51:00	10	12,37	2,08
24:52:00	11	12,36	2,09
24:53:00	10	12,36	2,09
24:54:00	11	12,36	2,09
24:55:00	11	12,36	2,09
24:56:00	11	12,36	2,09
24:57:00	10	12,36	2,09
24:58:00	10	12,36	2,09
24:59:00	11	12,36	2,09
25:00:00	11	12,36	2,09
25:01:00	10	12,36	2,11
25:02:00	11	12,36	2,11
25:03:00	10	12,36	2,11
25:04:00	11	12,36	2,11
25:05:00	10	12,36	2,11
25:06:00	10	12,36	2,11
25:07:00	11	12,36	2,11
25:08:00	10	12,35	2,12
25:09:00	11	12,35	2,12
25:10:00	10	12,35	2,12
25:11:00	10	12,35	2,12
25:12:00	11	12,35	2,12
25:13:00	10	12,35	2,12
25:14:00	10	12,35	2,12
25:15:00	10	12,35	2,12
25:16:00	11	12,35	2,12
25:17:00	10	12,35	2,12
25:18:00	11	12,35	2,12
25:19:00	11	12,35	2,12
25:20:00	11	12,35	2,12
25:21:00	11	12,35	2,12
25:22:00	10	12,35	2,12
25:23:00	10	12,35	2,12
25:24:00	11	12,35	2,12
25:25:00	11	12,35	2,12
25:26:00	11	12,35	2,12
25:27:00	11	12,35	2,12
25:28:00	11	12,34	2,13
25:29:00	11	12,34	2,15
25:30:00	11	12,34	2,15
25:31:00	11	12,34	2,15
25:32:00	11	12,34	2,15
25:33:00	11	12,34	2,15
25:34:00	10	12,33	2,16
25:35:00	10	12,33	2,16
25:36:00	11	12,33	2,16
25:37:00	10	12,33	2,16
25:38:00	10	12,33	2,16
25:39:00	10	12,33	2,16
25:40:00	11	12,33	2,16
25:41:00	11	12,33	2,16
25:42:00	11	12,32	2,17
25:43:00	10	12,32	2,17
25:44:00	11	12,32	2,17
25:45:00	11	12,32	2,17
25:46:00	10	12,32	2,17
25:47:00	11	12,32	2,17
25:48:00	10	12,32	2,17
25:49:00	11	12,32	2,17
25:50:00	10	12,32	2,17
25:51:00	11	12,32	2,17
25:52:00	10	12,32	2,17
25:53:00	11	12,31	2,19
25:54:00	10	12,31	2,19
25:55:00	11	12,31	2,19
25:56:00	11	12,31	2,19
25:57:00	11	12,31	2,19
25:58:00	10	12,31	2,19
25:59:00	11	12,31	2,19
26:00:00	11	12,31	2,19
26:01:00	11	12,31	2,19
26:02:00	11	12,30	2,20
26:03:00	11	12,30	2,20
26:04:00	11	12,30	2,20
26:05:00	10	12,30	2,20
26:06:00	11	12,30	2,20
26:07:00	10	12,30	2,20
26:08:00	11	12,30	2,20
26:09:00	11	12,30	2,20
26:10:00	11	12,30	2,20
26:11:00	11	12,30	2,21
26:12:00	11	12,30	2,21
26:13:00	11	12,30	2,21
26:14:00	11	12,30	2,21
26:15:00	11	12,30	2,21
26:16:00	11	12,30	2,21
26:17:00	11	12,30	2,21
26:18:00	11	12,30	2,21
26:19:00	11	12,30	2,21
26:20:00	11	12,30	2,21
26:21:00	11	12,30	2,21
26:22:00	11	12,29	2,23
26:23:00	11	12,29	2,23
26:24:00	11	12,29	2,23
26:25:00	11	12,29	2,23
26:26:00	11	12,29	2,23
26:27:00	11	12,29	2,23
26:28:00	11	12,29	2,23
26:29:00	11	12,29	2,23
26:30:00	11	12,28	2,24
26:31:00	11	12,28	2,24
26:32:00	11	12,28	2,24
26:33:00	11	12,28	2,24
26:34:00	11	12,28	2,24
26:35:00	11	12,28	2,24
26:36:00	11	12,28	2,24
26:37:00	11	12,28	2,24
26:38:00	11	12,28	2,24
26:39:00	11	12,28	2,24
26:40:00	11	12,28	2,24
26:41:00	11	12,28	2,24
26:42:00	11	12,28	2,25
26:43:00	11	12,28	2,25
26:44:00	11	12,28	2,25
26:45:00	11	12,28	2,25
26:46:00	11	12,28	2,25
26:47:00	11	12,28	2,25
26:48:00	11	12,28	2,25
26:49:00	11	12,28	2,25
26:50:00	11	12,28	2,25
26:51:00	11	12,27	2,27
26:52:00	11	12,27	2,27
26:53:00	11	12,27	2,27
26:54:00	11	12,27	2,27
26:55:00	11	12,27	2,27
26:56:00	11	12,27	2,27
26:57:00	11	12,27	2,27
26:58:00	11	12,27	2,27
26:59:00	11	12,27	2,27
27:00:00	11	12,27	2,27
27:01:00	11	12,27	2,27
27:02:00	11	12,26	2,28
27:03:00	11	12,26	2,28
27:04:00	11	12,26	2,28
27:05:00	11	12,26	2,28
27:06:00	11	12,26	2,28
27:07:00	11	12,26	2,28
27:08:00	11	12,26	2,28
27:09:00	11	12,26	2,28
27:10:00	11	12,26	2,28
27:11:00	11	12,26	2,28
27:12:00	11	12,25	2,30
27:13:00	11	12,25	2,30
27:14:00	11	12,25	2,30
27:15:00	11	12,25	2,30
27:16:00	11	12,25	2,30
27:17:00	11	12,25	2,30
27:18:00	11	12,25	2,30
27:19:00	11	12,25	2,30
27:20:00	11	12,25	2,30
27:21:00	11	12,25	2,30
27:22:00	11	12,25	2,30
27:23:00	11	12,25	2,31
27:24:00	11	12,25	2,31
27:25:00	11	12,25	2,31
27:26:00	11	12,25	2,31
27:27:00	11	12,25	2,31
27:28:00	11	12,25	2,31
27:29:00	11	12,25	2,31
27:30:00	11	12,25	2,31
27:31:00	11	12,25	2,31
27:32:00	11	12,25	2,31
27:33:00	11	12,25	2,31
27:34:00	11	12,24	2,32
27:35:00	11	12,24	2,32
27:36:00	11	12,24	2,32
27:37:00	11	12,24	2,32
27:38:00	11	12,24	2,32
27:39:00	11	12,24	2,32
27:40:00	11	12,24	2,32
27:41:00	11	12,24	2,32
27:42:00	11	12,24	2,32
27:43:00	11	12,24	2,32
27:44:00	11	12,24	2,32
27:45:00	11	12,24	2,32
27:46:00	11	12,23	2,34
27:47:00	11	12,23	2,34
27:48:00	11	12,23	2,34
27:49:00	11	12,23	2,34
27:50:00	11	12,23	2,34
27:51:00	11	12,23	2,34
27:52:00	11	12,23	2,34
27:53:00	11	12,23	2,34
27:54:00	11	12,23	2,34
27:55:00	11	12,23	2,34
27:56:00	11	12,23	2,34
27:57:00	11	12,22	2,35
27:58:00	12	12,22	2,35
27:59:00	11	12,22	2,35
28:00:00	11	12,22	2,35
28:01:00	11	12,22	2,35
28:02:00	11	12,22	2,35
28:03:00	11	12,22	2,35
28:04:00	11	12,21	2,37
28:05:00	11	12,21	2,37
28:06:00	11	12,22	2,35
28:07:00	11	12,21	2,37
28:08:00	11	12,21	2,37
28:09:00	11	12,21	2,37
28:10:00	11	12,21	2,37
28:11:00	11	12,21	2,37
28:12:00	11	12,21	2,37
28:13:00	11	12,21	2,37
28:14:00	12	12,21	2,37
28:15:00	11	12,21	2,37
28:16:00	11	12,21	2,37
28:17:00	11	12,21	2,37
28:18:00	11	12,21	2,37
28:19:00	11	12,21	2,38
28:20:00	11	12,21	2,38
28:21:00	11	12,21	2,38
28:22:00	11	12,21	2,38
28:23:00	11	12,21	2,38
28:24:00	11	12,21	2,38
28:25:00	11	12,21	2,38
28:26:00	11	12,21	2,38
28:27:00	11	12,20	2,40
28:28:00	11	12,20	2,40
28:29:00	11	12,20	2,40
28:30:00	11	12,20	2,40
28:31:00	11	12,20	2,40
28:32:00	11	12,20	2,40
28:33:00	11	12,20	2,40
28:34:00	11	12,20	2,40
28:35:00	11	12,20	2,40
28:36:00	11	12,20	2,40
28:37:00	11	12,20	2,40
28:38:00	11	12,20	2,40
28:39:00	11	12,20	2,40
28:40:00	11	12,20	2,40
28:41:00	11	12,19	2,41
28:42:00	11	12,19	2,41
28:43:00	11	12,19	2,41
28:44:00	11	12,19	2,41
28:45:00	11	12,19	2,41
28:46:00	11	12,19	2,41
28:47:00	11	12,19	2,41
28:48:00	11	12,19	2,42
28:49:00	11	12,19	2,42
28:50:00	11	12,19	2,42
28:51:00	11	12,19	2,42
28:52:00	11	12,19	2,42
28:53:00	11	12,19	2,42
28:54:00	11	12,19	2,42
28:55:00	11	12,19	2,42
28:56:00	11	12,19	2,42
28:57:00	11	12,19	2,42
28:58:00	11	12,19	2,42
28:59:00	11	12,19	2,42
29:00:00	12	12,19	2,42
29:01:00	12	12,19	2,42
29:02:00	12	12,18	2,44
29:03:00	12	12,18	2,44
29:04:00	12	12,18	2,44
29:05:00	11	12,17	2,45
29:06:00	11	12,17	2,45
29:07:00	11	12,17	2,45
29:08:00	11	12,17	2,45
29:09:00	11	12,17	2,45
29:10:00	11	12,17	2,45
29:11:00	11	12,17	2,45
29:12:00	11	12,17	2,45
29:13:00	11	12,16	2,47
29:14:00	11	12,16	2,47
29:15:00	11	12,16	2,47
29:16:00	11	12,16	2,47
29:17:00	11	12,16	2,47
29:18:00	11	12,16	2,47
29:19:00	11	12,16	2,47
29:20:00	11	12,16	2,47
29:21:00	11	12,16	2,48
29:22:00	11	12,16	2,48
29:23:00	11	12,16	2,48
29:24:00	11	12,16	2,48
29:25:00	11	12,16	2,48
29:26:00	11	12,16	2,48
29:27:00	11	12,16	2,48
29:28:00	11	12,16	2,48
29:29:00	11	12,16	2,48
29:30:00	11	12,16	2,48
29:31:00	11	12,15	2,50
29:32:00	11	12,15	2,50
29:33:00	11	12,15	2,50
29:34:00	11	12,16	2,48
29:35:00	11	12,16	2,48
29:36:00	11	12,15	2,50
29:37:00	11	12,15	2,50
29:38:00	11	12,15	2,50
29:39:00	11	12,15	2,50
29:40:00	11	12,14	2,51
29:41:00	11	12,15	2,50
29:42:00	11	12,14	2,51
29:43:00	11	12,15	2,50
29:44:00	11	12,14	2,51
29:45:00	11	12,14	2,51
29:46:00	11	12,13	2,53
29:47:00	11	12,13	2,53
29:48:00	11	12,14	2,51
29:49:00	11	12,14	2,51
29:50:00	11	12,14	2,51
29:51:00	11	12,13	2,53
29:52:00	11	12,13	2,53
29:53:00	11	12,13	2,53
29:54:00	11	12,13	2,53
29:55:00	11	12,13	2,53
29:56:00	11	12,13	2,53
29:57:00	11	12,13	2,53
29:58:00	11	12,13	2,53
29:59:00	11	12,13	2,53
30:00:00	11	12,13	2,53
30:01:00	11	12,13	2,53
30:02:00	11	12,13	2,54
30:03:00	11	12,13	2,54
30:04:00	11	12,13	2,54
30:05:00	11	12,13	2,54
30:06:00	11	12,13	2,54
30:07:00	11	12,13	2,54
30:08:00	11	12,13	2,54
30:09:00	11	12,12	2,56
30:10:00	11	12,13	2,54
30:11:00	11	12,13	2,54
30:12:00	11	12,13	2,54
30:13:00	11	12,12	2,56
30:14:00	11	12,12	2,56
30:15:00	12	12,12	2,56
30:16:00	11	12,12	2,56
30:17:00	11	12,12	2,56
30:18:00	11	12,12	2,56
30:19:00	11	12,12	2,56
30:20:00	11	12,12	2,56
30:21:00	11	12,12	2,56
30:22:00	11	12,11	2,57
30:23:00	11	12,11	2,57
30:24:00	11	12,11	2,57
30:25:00	12	12,11	2,57
30:26:00	11	12,11	2,57
30:27:00	11	12,11	2,57
30:28:00	12	12,11	2,57
30:29:00	11	12,11	2,57
30:30:00	12	12,11	2,57
30:31:00	12	12,11	2,57
30:32:00	12	12,11	2,57
30:33:00	12	12,11	2,57
30:34:00	11	12,10	2,59
30:35:00	11	12,10	2,59
30:36:00	12	12,10	2,59
30:37:00	12	12,10	2,59
30:38:00	12	12,10	2,59
30:39:00	12	12,10	2,59
30:40:00	12	12,10	2,60
30:41:00	11	12,10	2,60
30:42:00	12	12,10	2,60
30:43:00	11	12,10	2,60
30:44:00	12	12,10	2,60
30:45:00	12	12,10	2,60
30:46:00	12	12,10	2,60
30:47:00	12	12,10	2,60
30:48:00	12	12,10	2,60
30:49:00	12	12,10	2,60
30:50:00	12	12,10	2,60
30:51:00	12	12,10	2,60
30:52:00	12	12,10	2,60
30:53:00	12	12,10	2,60
30:54:00	12	12,10	2,60
30:55:00	12	12,09	2,62
30:56:00	12	12,09	2,62
30:57:00	12	12,09	2,62
30:58:00	12	12,09	2,62
30:59:00	12	12,09	2,62
31:00:00	12	12,09	2,62
31:01:00	12	12,08	2,63
31:02:00	12	12,08	2,63
31:03:00	12	12,08	2,63
31:04:00	12	12,08	2,63
31:05:00	12	12,08	2,63
31:06:00	12	12,08	2,63
31:07:00	12	12,08	2,63
31:08:00	12	12,08	2,63
31:09:00	12	12,08	2,63
31:10:00	12	12,08	2,63
31:11:00	12	12,08	2,63
31:12:00	12	12,07	2,65
31:13:00	12	12,08	2,63
31:14:00	12	12,07	2,65
31:15:00	12	12,07	2,65
31:16:00	12	12,07	2,65
31:17:00	12	12,07	2,65
31:18:00	12	12,07	2,65
31:19:00	12	12,07	2,65
31:20:00	12	12,07	2,66
31:21:00	12	12,07	2,66
31:22:00	12	12,07	2,66
31:23:00	12	12,07	2,66
31:24:00	12	12,07	2,66
31:25:00	12	12,07	2,66
31:26:00	12	12,07	2,66
31:27:00	12	12,07	2,66
31:28:00	12	12,06	2,68
31:29:00	12	12,06	2,68
31:30:00	12	12,06	2,68
31:31:00	12	12,06	2,68
31:32:00	12	12,06	2,68
31:33:00	12	12,06	2,68
31:34:00	12	12,06	2,68
31:35:00	12	12,06	2,68
31:36:00	12	12,05	2,69
31:37:00	12	12,05	2,69
31:38:00	12	12,05	2,69
31:39:00	12	12,05	2,69
31:40:00	12	12,05	2,69
31:41:00	12	12,05	2,69
31:42:00	12	12,05	2,69
31:43:00	12	12,05	2,69
31:44:00	12	12,05	2,69
31:45:00	12	12,05	2,69
31:46:00	12	12,04	2,71
31:47:00	12	12,04	2,71
31:48:00	12	12,04	2,71
31:49:00	12	12,04	2,71
31:50:00	12	12,04	2,71
31:51:00	12	12,04	2,71
31:52:00	12	12,04	2,71
31:53:00	12	12,04	2,71
31:54:00	12	12,04	2,71
31:55:00	12	12,04	2,71
31:56:00	12	12,04	2,71
31:57:00	12	12,04	2,72
31:58:00	12	12,04	2,72
31:59:00	12	12,04	2,72
32:00:00	12	12,04	2,72
32:01:00	12	12,04	2,72
32:02:00	12	12,04	2,72
32:03:00	13	12,04	2,72
32:04:00	13	12,04	2,72
32:05:00	13	12,03	2,74
32:06:00	12	12,03	2,74
32:07:00	12	12,03	2,74
32:08:00	13	12,03	2,74
32:09:00	12	12,03	2,74
32:10:00	13	12,03	2,74
32:11:00	13	12,03	2,74
32:12:00	13	12,03	2,74
32:13:00	12	12,03	2,74
32:14:00	12	12,03	2,74
32:15:00	13	12,03	2,74
32:16:00	12	12,02	2,75
32:17:00	12	12,02	2,75
32:18:00	12	12,02	2,75
32:19:00	13	12,02	2,75
32:20:00	13	12,02	2,75
32:21:00	12	12,02	2,75
32:22:00	12	12,02	2,75
32:23:00	13	12,02	2,75
32:24:00	13	12,01	2,77
32:25:00	13	12,01	2,77
32:26:00	12	12,01	2,77
32:27:00	13	12,01	2,77
32:28:00	12	12,01	2,77
32:29:00	12	12,01	2,77
32:30:00	13	12,01	2,77
32:31:00	12	12,01	2,77
32:32:00	13	12,01	2,77
32:33:00	13	12,01	2,77
32:34:00	12	12,01	2,77
32:35:00	13	12,00	2,78
32:36:00	13	12,00	2,78
32:37:00	12	12,00	2,78
32:38:00	12	12,00	2,78
32:39:00	12	12,00	2,78
32:40:00	13	12,00	2,78
32:41:00	13	12,00	2,78
32:42:00	13	12,00	2,78
32:43:00	12	12,00	2,78
32:44:00	13	12,00	2,80
32:45:00	13	12,00	2,80
32:46:00	13	12,00	2,80
32:47:00	13	12,00	2,80
32:48:00	13	12,00	2,80
32:49:00	13	12,00	2,80
32:50:00	13	12,00	2,80
32:51:00	13	12,00	2,80
32:52:00	13	12,00	2,80
32:53:00	13	12,00	2,80
32:54:00	13	12,00	2,80
32:55:00	13	11,99	2,82
32:56:00	13	11,99	2,82
32:57:00	13	11,99	2,82
32:58:00	13	11,99	2,82
32:59:00	13	11,99	2,82
33:00:00	13	11,99	2,82
33:01:00	13	11,99	2,82
33:02:00	13	11,99	2,82
33:03:00	13	11,98	2,83
33:04:00	13	11,98	2,83
33:05:00	13	11,98	2,83
33:06:00	13	11,98	2,83
33:07:00	13	11,98	2,83
33:08:00	13	11,98	2,83
33:09:00	13	11,98	2,83
33:10:00	13	11,98	2,83
33:11:00	13	11,98	2,83
33:12:00	13	11,98	2,83
33:13:00	13	11,98	2,83
33:14:00	13	11,98	2,85
33:15:00	13	11,98	2,85
33:16:00	13	11,98	2,85
33:17:00	13	11,98	2,85
33:18:00	13	11,98	2,85
33:19:00	13	11,98	2,85
33:20:00	13	11,98	2,85
33:21:00	13	11,98	2,85
33:22:00	13	11,97	2,86
33:23:00	13	11,97	2,86
33:24:00	13	11,97	2,86
33:25:00	13	11,97	2,86
33:26:00	13	11,97	2,86
33:27:00	13	11,97	2,86
33:28:00	13	11,97	2,86
33:29:00	13	11,97	2,86
33:30:00	13	11,97	2,86
33:31:00	14	11,97	2,86
33:32:00	13	11,96	2,88
33:33:00	13	11,96	2,88
33:34:00	14	11,96	2,88
33:35:00	13	11,96	2,88
33:36:00	13	11,96	2,88
33:37:00	13	11,96	2,88
33:38:00	13	11,96	2,88
33:39:00	13	11,96	2,88
33:40:00	14	11,96	2,88
33:41:00	13	11,96	2,88
33:42:00	14	11,95	2,89
33:43:00	14	11,95	2,89
33:44:00	13	11,95	2,89
33:45:00	13	11,95	2,89
33:46:00	14	11,95	2,89
33:47:00	13	11,95	2,89
33:48:00	14	11,95	2,89
33:49:00	14	11,95	2,89
33:50:00	14	11,95	2,89
33:51:00	13	11,95	2,91
33:52:00	13	11,95	2,91
33:53:00	13	11,95	2,91
33:54:00	14	11,95	2,91
33:55:00	14	11,95	2,91
33:56:00	14	11,95	2,91
33:57:00	14	11,95	2,91
33:58:00	14	11,95	2,91
33:59:00	14	11,95	2,91
34:00:00	14	11,95	2,91
34:01:00	13	11,94	2,93
34:02:00	14	11,94	2,93
34:03:00	14	11,94	2,93
34:04:00	14	11,94	2,93
34:05:00	14	11,94	2,93
34:06:00	14	11,94	2,93
34:07:00	14	11,94	2,93
34:08:00	14	11,94	2,93
34:09:00	14	11,93	2,94
34:10:00	14	11,93	2,94
34:11:00	14	11,93	2,94
34:12:00	14	11,93	2,94
34:13:00	14	11,93	2,94
34:14:00	14	11,93	2,94
34:15:00	14	11,93	2,94
34:16:00	14	11,93	2,94
34:17:00	14	11,93	2,94
34:18:00	14	11,93	2,94
34:19:00	14	11,93	2,94
34:20:00	14	11,92	2,96
34:21:00	14	11,92	2,96
34:22:00	14	11,92	2,96
34:23:00	14	11,92	2,96
34:24:00	14	11,92	2,96
34:25:00	14	11,92	2,96
34:26:00	14	11,92	2,96
34:27:00	14	11,91	2,98
34:28:00	14	11,91	2,98
34:29:00	14	11,91	2,98
34:30:00	14	11,91	2,98
34:31:00	14	11,91	2,98
34:32:00	14	11,91	2,98
34:33:00	14	11,91	2,98
34:34:00	14	11,91	2,98
34:35:00	14	11,91	2,98
34:36:00	14	11,91	2,98
34:37:00	14	11,91	2,98
34:38:00	14	11,91	2,98
34:39:00	14	11,91	2,99
34:40:00	14	11,91	2,99
34:41:00	14	11,91	2,99
34:42:00	14	11,91	2,99
34:43:00	14	11,91	2,99
34:44:00	14	11,91	2,99
34:45:00	14	11,91	2,99
34:46:00	14	11,91	2,99
34:47:00	14	11,90	3,01
34:48:00	14	11,90	3,01
34:49:00	14	11,90	3,01
34:50:00	14	11,90	3,01
34:51:00	14	11,90	3,01
34:52:00	14	11,90	3,01
34:53:00	14	11,90	3,01
34:54:00	14	11,90	3,01
34:55:00	14	11,90	3,01
34:56:00	14	11,90	3,01
34:57:00	14	11,90	3,01
34:58:00	14	11,90	3,01
34:59:00	14	11,89	3,03
35:00:00	14	11,89	3,03
35:01:00	14	11,89	3,03
35:02:00	14	11,89	3,03
35:03:00	14	11,89	3,03
35:04:00	15	11,89	3,03
35:05:00	15	11,89	3,04
35:06:00	14	11,89	3,04
35:07:00	14	11,89	3,04
35:08:00	14	11,89	3,04
35:09:00	15	11,89	3,04
35:10:00	15	11,89	3,04
35:11:00	15	11,89	3,04
35:12:00	14	11,89	3,04
35:13:00	14	11,89	3,04
35:14:00	14	11,89	3,04
35:15:00	14	11,89	3,04
35:16:00	14	11,89	3,04
35:17:00	15	11,88	3,06
35:18:00	14	11,88	3,06
35:19:00	15	11,88	3,06
35:20:00	14	11,88	3,06
35:21:00	15	11,87	3,07
35:22:00	15	11,87	3,07
35:23:00	14	11,87	3,07
35:24:00	15	11,87	3,07
35:25:00	15	11,87	3,07
35:26:00	14	11,87	3,07
35:27:00	15	11,87	3,07
35:28:00	15	11,87	3,07
35:29:00	14	11,87	3,07
35:30:00	14	11,87	3,07
35:31:00	14	11,87	3,07
35:32:00	14	11,86	3,09
35:33:00	15	11,86	3,09
35:34:00	15	11,86	3,09
35:35:00	15	11,86	3,09
35:36:00	15	11,86	3,09
35:37:00	14	11,86	3,09
35:38:00	15	11,86	3,09
35:39:00	14	11,86	3,09
35:40:00	14	11,86	3,09
35:41:00	15	11,86	3,09
35:42:00	14	11,86	3,11
35:43:00	15	11,86	3,11
35:44:00	15	11,86	3,11
35:45:00	15	11,86	3,11
35:46:00	15	11,86	3,11
35:47:00	15	11,86	3,11
35:48:00	15	11,86	3,11
35:49:00	15	11,85	3,13
35:50:00	15	11,85	3,13
35:51:00	15	11,85	3,13
35:52:00	14	11,85	3,13
35:53:00	15	11,85	3,13
35:54:00	15	11,85	3,13
35:55:00	15	11,85	3,13
35:56:00	15	11,85	3,13
35:57:00	15	11,85	3,13
35:58:00	15	11,85	3,13
35:59:00	15	11,85	3,13
36:00:00	15	11,84	3,14
36:01:00	15	11,84	3,14
36:02:00	14	11,84	3,14
36:03:00	15	11,84	3,14
36:04:00	15	11,84	3,14
36:05:00	14	11,84	3,14
36:06:00	14	11,84	3,14
36:07:00	15	11,84	3,14
36:08:00	15	11,83	3,16
36:09:00	15	11,83	3,16
36:10:00	14	11,83	3,16
36:11:00	15	11,83	3,16
36:12:00	15	11,83	3,16
36:13:00	15	11,83	3,16
36:14:00	14	11,83	3,16
36:15:00	15	11,83	3,16
36:16:00	15	11,83	3,16
36:17:00	15	11,83	3,16
36:18:00	15	11,83	3,16
36:19:00	15	11,82	3,18
36:20:00	15	11,82	3,18
36:21:00	15	11,82	3,18
36:22:00	15	11,82	3,18
36:23:00	15	11,82	3,18
36:24:00	15	11,82	3,18
36:25:00	15	11,82	3,18
36:26:00	15	11,82	3,18
36:27:00	15	11,82	3,18
36:28:00	15	11,82	3,19
36:29:00	15	11,82	3,19
36:30:00	15	11,82	3,19
36:31:00	15	11,82	3,19
36:32:00	15	11,82	3,19
36:33:00	15	11,82	3,19
36:34:00	15	11,82	3,19
36:35:00	15	11,82	3,19
36:36:00	15	11,82	3,19
36:37:00	15	11,82	3,19
36:38:00	15	11,81	3,21
36:39:00	15	11,81	3,21
36:40:00	15	11,81	3,21
36:41:00	15	11,81	3,21
36:42:00	15	11,81	3,21
36:43:00	15	11,81	3,21
36:44:00	15	11,81	3,21
36:45:00	15	11,81	3,21
36:46:00	15	11,81	3,21
36:47:00	15	11,80	3,23
36:48:00	15	11,80	3,23
36:49:00	15	11,80	3,23
36:50:00	15	11,80	3,23
36:51:00	15	11,80	3,23
36:52:00	15	11,80	3,23
36:53:00	15	11,80	3,23
36:54:00	15	11,80	3,23
36:55:00	15	11,80	3,23
36:56:00	15	11,80	3,23
36:57:00	15	11,80	3,24
36:58:00	15	11,80	3,24
36:59:00	15	11,80	3,24
37:00:00	15	11,80	3,24
37:01:00	15	11,80	3,24
37:02:00	15	11,80	3,24
37:03:00	15	11,80	3,24
37:04:00	15	11,80	3,24
37:05:00	15	11,80	3,24
37:06:00	15	11,79	3,26
37:07:00	15	11,79	3,26
37:08:00	15	11,79	3,26
37:09:00	15	11,79	3,26
37:10:00	15	11,79	3,26
37:11:00	15	11,79	3,26
37:12:00	15	11,79	3,26
37:13:00	15	11,79	3,26
37:14:00	15	11,79	3,26
37:15:00	15	11,79	3,26
37:16:00	15	11,79	3,26
37:17:00	15	11,79	3,26
37:18:00	15	11,78	3,28
37:19:00	15	11,78	3,28
37:20:00	15	11,78	3,28
37:21:00	15	11,78	3,28
37:22:00	15	11,78	3,28
37:23:00	15	11,78	3,28
37:24:00	15	11,78	3,28
37:25:00	15	11,78	3,28
37:26:00	15	11,77	3,30
37:27:00	15	11,77	3,30
37:28:00	15	11,77	3,30
37:29:00	16	11,77	3,30
37:30:00	15	11,77	3,30
37:31:00	15	11,77	3,30
37:32:00	15	11,77	3,30
37:33:00	15	11,77	3,30
37:34:00	15	11,77	3,30
37:35:00	15	11,77	3,30
37:36:00	15	11,77	3,30
37:37:00	15	11,77	3,30
37:38:00	15	11,77	3,31
37:39:00	15	11,77	3,31
37:40:00	16	11,77	3,31
37:41:00	15	11,77	3,31
37:42:00	15	11,77	3,31
37:43:00	16	11,77	3,31
37:44:00	16	11,77	3,31
37:45:00	15	11,77	3,31
37:46:00	16	11,76	3,33
37:47:00	15	11,76	3,33
37:48:00	15	11,76	3,33
37:49:00	16	11,76	3,33
37:50:00	15	11,76	3,33
37:51:00	15	11,76	3,33
37:52:00	15	11,76	3,33
37:53:00	15	11,76	3,33
37:54:00	15	11,75	3,35
37:55:00	15	11,76	3,33
37:56:00	15	11,75	3,35
37:57:00	15	11,75	3,35
37:58:00	16	11,75	3,35
37:59:00	15	11,75	3,35
38:00:00	15	11,75	3,35
38:01:00	16	11,75	3,35
38:02:00	16	11,75	3,35
38:03:00	15	11,75	3,35
38:04:00	16	11,75	3,35
38:05:00	16	11,74	3,37
38:06:00	15	11,74	3,37
38:07:00	16	11,74	3,37
38:08:00	15	11,74	3,37
38:09:00	16	11,74	3,37
38:10:00	16	11,74	3,37
38:11:00	16	11,74	3,37
38:12:00	16	11,74	3,37
38:13:00	15	11,74	3,37
38:14:00	16	11,73	3,38
38:15:00	16	11,73	3,38
38:16:00	16	11,73	3,38
38:17:00	16	11,73	3,38
38:18:00	16	11,73	3,38
38:19:00	15	11,73	3,38
38:20:00	16	11,73	3,38
38:21:00	16	11,73	3,40
38:22:00	16	11,73	3,40
38:23:00	16	11,73	3,40
38:24:00	15	11,73	3,40
38:25:00	16	11,73	3,40
38:26:00	15	11,73	3,40
38:27:00	16	11,73	3,40
38:28:00	16	11,73	3,40
38:29:00	16	11,73	3,40
38:30:00	16	11,72	3,42
38:31:00	16	11,72	3,42
38:32:00	16	11,72	3,42
38:33:00	15	11,72	3,42
38:34:00	15	11,72	3,42
38:35:00	16	11,72	3,42
38:36:00	16	11,72	3,42
38:37:00	15	11,72	3,42
38:38:00	16	11,72	3,42
38:39:00	16	11,72	3,42
38:40:00	15	11,71	3,44
38:41:00	15	11,71	3,44
38:42:00	16	11,71	3,44
38:43:00	15	11,71	3,44
38:44:00	16	11,71	3,44
38:45:00	16	11,71	3,44
38:46:00	16	11,71	3,44
38:47:00	16	11,71	3,44
38:48:00	16	11,71	3,46
38:49:00	16	11,71	3,46
38:50:00	16	11,71	3,46
38:51:00	16	11,71	3,46
38:52:00	16	11,71	3,46
38:53:00	16	11,71	3,46
38:54:00	16	11,71	3,46
38:55:00	16	11,71	3,46
38:56:00	16	11,71	3,46
38:57:00	16	11,71	3,46
38:58:00	16	11,71	3,46
38:59:00	16	11,71	3,46
39:00:00	16	11,70	3,47
39:01:00	16	11,70	3,47
39:02:00	16	11,70	3,47
39:03:00	16	11,70	3,47
39:04:00	16	11,70	3,47
39:05:00	16	11,70	3,47
39:06:00	16	11,70	3,47
39:07:00	16	11,69	3,49
39:08:00	16	11,69	3,49
39:09:00	16	11,69	3,49
39:10:00	16	11,69	3,49
39:11:00	16	11,69	3,49
39:12:00	16	11,69	3,49
39:13:00	16	11,69	3,49
39:14:00	16	11,69	3,49
39:15:00	16	11,69	3,49
39:16:00	16	11,69	3,49
39:17:00	16	11,69	3,49
39:18:00	16	11,69	3,49
39:19:00	16	11,69	3,49
39:20:00	16	11,68	3,51
39:21:00	16	11,68	3,51
39:22:00	16	11,68	3,51
39:23:00	16	11,68	3,51
39:24:00	16	11,68	3,51
39:25:00	16	11,68	3,51
39:26:00	16	11,68	3,51
39:27:00	16	11,68	3,51
39:28:00	16	11,68	3,53
39:29:00	16	11,68	3,53
39:30:00	16	11,68	3,53
39:31:00	16	11,68	3,53
39:32:00	16	11,68	3,53
39:33:00	16	11,68	3,53
39:34:00	16	11,68	3,53
39:35:00	16	11,68	3,53
39:36:00	16	11,68	3,53
39:37:00	16	11,68	3,53
39:38:00	16	11,68	3,53
39:39:00	16	11,68	3,53
39:40:00	16	11,67	3,55
39:41:00	16	11,67	3,55
39:42:00	16	11,67	3,55
39:43:00	16	11,67	3,55
39:44:00	16	11,67	3,55
39:45:00	16	11,67	3,55
39:46:00	16	11,67	3,55
39:47:00	16	11,67	3,55
39:48:00	16	11,66	3,57
39:49:00	16	11,66	3,57
39:50:00	16	11,66	3,57
39:51:00	16	11,66	3,57
39:52:00	16	11,66	3,57
39:53:00	16	11,66	3,57
39:54:00	16	11,66	3,57
39:55:00	16	11,66	3,57
39:56:00	16	11,66	3,57
39:57:00	16	11,66	3,57
39:58:00	16	11,66	3,57
39:59:00	16	11,66	3,57
40:00:00	16	11,65	3,58
40:01:00	16	11,65	3,58
40:02:00	16	11,65	3,58
40:03:00	16	11,65	3,58
40:04:00	16	11,65	3,58
40:05:00	16	11,65	3,58
40:06:00	16	11,65	3,58
40:07:00	16	11,65	3,58
40:08:00	16	11,65	3,58
40:09:00	16	11,64	3,60
40:10:00	16	11,64	3,60
40:11:00	16	11,64	3,60
40:12:00	16	11,64	3,60
40:13:00	16	11,64	3,60
40:14:00	16	11,64	3,60
40:15:00	16	11,64	3,60
40:16:00	16	11,64	3,60
40:17:00	16	11,64	3,60
40:18:00	16	11,64	3,60
40:19:00	16	11,64	3,60
40:20:00	16	11,64	3,62
40:21:00	16	11,64	3,62
40:22:00	16	11,64	3,62
40:23:00	16	11,64	3,62
40:24:00	16	11,64	3,62
40:25:00	16	11,64	3,62
40:26:00	16	11,64	3,62
40:27:00	16	11,64	3,62
40:28:00	16	11,64	3,62
40:29:00	16	11,64	3,62
40:30:00	16	11,64	3,62
40:31:00	16	11,64	3,62
40:32:00	17	11,64	3,62
40:33:00	16	11,64	3,62
40:34:00	16	11,63	3,64
40:35:00	16	11,63	3,64
40:36:00	16	11,63	3,64
40:37:00	17	11,63	3,64
40:38:00	17	11,63	3,64
40:39:00	16	11,62	3,66
40:40:00	16	11,62	3,66
40:41:00	16	11,62	3,66
40:42:00	16	11,62	3,66
40:43:00	16	11,62	3,66
40:44:00	16	11,62	3,66
40:45:00	16	11,62	3,66
40:46:00	16	11,62	3,66
40:47:00	15	11,62	3,66
40:48:00	16	11,62	3,66
40:49:00	16	11,62	3,68
40:50:00	16	11,62	3,68
40:51:00	15	11,62	3,68
40:52:00	16	11,62	3,68
40:53:00	16	11,62	3,68
40:54:00	16	11,62	3,68
40:55:00	16	11,62	3,68
40:56:00	15	11,62	3,68
40:57:00	16	11,62	3,68
40:58:00	16	11,61	3,70
40:59:00	16	11,61	3,70
41:00:00	15	11,61	3,70
41:01:00	16	11,61	3,70
41:02:00	16	11,61	3,70
41:03:00	16	11,61	3,70
41:04:00	16	11,61	3,70
41:05:00	16	11,61	3,70
41:06:00	16	11,61	3,70
41:07:00	16	11,61	3,70
41:08:00	16	11,61	3,70
41:09:00	16	11,61	3,70
41:10:00	15	11,60	3,72
41:11:00	16	11,60	3,72
41:12:00	16	11,60	3,72
41:13:00	16	11,60	3,72
41:14:00	16	11,60	3,72
41:15:00	16	11,60	3,72
41:16:00	16	11,60	3,72
41:17:00	16	11,60	3,72
41:18:00	15	11,60	3,72
41:19:00	15	11,60	3,72
41:20:00	16	11,59	3,73
41:21:00	16	11,59	3,73
41:22:00	15	11,59	3,73
41:23:00	16	11,59	3,73
41:24:00	16	11,59	3,73
41:25:00	15	11,59	3,73
41:26:00	16	11,59	3,73
41:27:00	15	11,59	3,73
41:28:00	16	11,59	3,73
41:29:00	15	11,59	3,73
41:30:00	16	11,59	3,73
41:31:00	15	11,59	3,75
41:32:00	16	11,59	3,75
41:33:00	15	11,59	3,75
41:34:00	15	11,59	3,75
41:35:00	15	11,59	3,75
41:36:00	16	11,59	3,75
41:37:00	16	11,59	3,75
41:38:00	16	11,59	3,75
41:39:00	16	11,59	3,75
41:40:00	16	11,59	3,75
41:41:00	15	11,59	3,75
41:42:00	16	11,58	3,77
41:43:00	16	11,58	3,77
41:44:00	15	11,58	3,77
41:45:00	15	11,58	3,77
41:46:00	15	11,58	3,77
41:47:00	16	11,58	3,77
41:48:00	15	11,58	3,77
41:49:00	15	11,58	3,77
41:50:00	16	11,58	3,77
41:51:00	15	11,58	3,77
41:52:00	15	11,57	3,79
41:53:00	16	11,57	3,79
41:54:00	15	11,57	3,79
41:55:00	15	11,57	3,79
41:56:00	15	11,57	3,79
41:57:00	16	11,57	3,79
41:58:00	15	11,57	3,79
41:59:00	15	11,57	3,79
42:00:00	16	11,57	3,79
42:01:00	16	11,57	3,79
42:02:00	15	11,57	3,79
42:03:00	15	11,57	3,79
42:04:00	15	11,57	3,79
42:05:00	15	11,57	3,79
42:06:00	15	11,56	3,81
42:07:00	15	11,56	3,81
42:08:00	15	11,56	3,81
42:09:00	15	11,56	3,81
42:10:00	15	11,56	3,81
42:11:00	15	11,56	3,81
42:12:00	15	11,56	3,81
42:13:00	15	11,56	3,81
42:14:00	15	11,56	3,81
42:15:00	16	11,56	3,81
42:16:00	15	11,55	3,83
42:17:00	15	11,55	3,83
42:18:00	15	11,55	3,83
42:19:00	15	11,55	3,83
42:20:00	16	11,55	3,83
42:21:00	15	11,55	3,83
42:22:00	15	11,55	3,83
42:23:00	15	11,55	3,83
42:24:00	15	11,55	3,83
42:25:00	15	11,55	3,83
42:26:00	15	11,55	3,83
42:27:00	15	11,55	3,83
42:28:00	15	11,55	3,83
42:29:00	15	11,55	3,85
42:30:00	15	11,55	3,85
42:31:00	15	11,55	3,85
42:32:00	15	11,55	3,85
42:33:00	15	11,55	3,85
42:34:00	15	11,55	3,85
42:35:00	15	11,55	3,85
42:36:00	15	11,55	3,85
42:37:00	15	11,55	3,85
42:38:00	15	11,55	3,85
42:39:00	15	11,55	3,85
42:40:00	15	11,55	3,85
42:41:00	15	11,55	3,85
42:42:00	15	11,55	3,85
42:43:00	15	11,55	3,85
42:44:00	15	11,55	3,85
42:45:00	15	11,54	3,87
42:46:00	15	11,54	3,87
42:47:00	15	11,54	3,87
42:48:00	15	11,54	3,87
42:49:00	15	11,54	3,87
42:50:00	15	11,54	3,87
42:51:00	15	11,54	3,87
42:52:00	15	11,54	3,87
42:53:00	15	11,53	3,89
42:54:00	15	11,53	3,89
42:55:00	15	11,53	3,89
42:56:00	15	11,53	3,89
42:57:00	15	11,53	3,89
42:58:00	15	11,53	3,89
42:59:00	15	11,53	3,89
43:00:00	15	11,53	3,89
43:01:00	15	11,53	3,89
43:02:00	15	11,53	3,89
43:03:00	15	11,53	3,89
43:04:00	15	11,53	3,89
43:05:00	15	11,53	3,89
43:06:00	15	11,53	3,89
43:07:00	15	11,53	3,91
43:08:00	15	11,53	3,91
43:09:00	15	11,53	3,91
43:10:00	15	11,53	3,91
43:11:00	15	11,53	3,91
43:12:00	15	11,53	3,91
43:13:00	15	11,53	3,91
43:14:00	15	11,53	3,91
43:15:00	15	11,53	3,91
43:16:00	15	11,52	3,93
43:17:00	15	11,53	3,91
43:18:00	15	11,53	3,91
43:19:00	15	11,52	3,93
43:20:00	15	11,52	3,93
43:21:00	15	11,52	3,93
43:22:00	14	11,52	3,93
43:23:00	15	11,52	3,93
43:24:00	14	11,52	3,93
43:25:00	15	11,52	3,93
43:26:00	15	11,52	3,93
43:27:00	15	11,52	3,93
43:28:00	14	11,52	3,93
43:29:00	14	11,52	3,93
43:30:00	14	11,52	3,93
43:31:00	14	11,52	3,93
43:32:00	14	11,52	3,93
43:33:00	14	11,51	3,95
43:34:00	15	11,51	3,95
43:35:00	14	11,51	3,95
43:36:00	15	11,51	3,95
43:37:00	14	11,51	3,95
43:38:00	14	11,51	3,95
43:39:00	15	11,51	3,95
43:40:00	15	11,51	3,95
43:41:00	14	11,51	3,95
43:42:00	15	11,51	3,95
43:43:00	14	11,51	3,95
43:44:00	14	11,51	3,95
43:45:00	14	11,51	3,95
43:46:00	14	11,51	3,95
43:47:00	14	11,51	3,95
43:48:00	14	11,50	3,97
43:49:00	14	11,50	3,97
43:50:00	14	11,50	3,97
43:51:00	14	11,50	3,97
43:52:00	14	11,50	3,97
43:53:00	14	11,50	3,97
43:54:00	14	11,50	3,97
43:55:00	14	11,50	3,97
43:56:00	14	11,50	3,97
43:57:00	14	11,50	3,97
43:58:00	14	11,50	3,97
43:59:00	14	11,50	3,97
44:00:00	14	11,50	3,99
44:01:00	14	11,50	3,99
44:02:00	14	11,50	3,99
44:03:00	14	11,50	3,99
44:04:00	14	11,50	3,99
44:05:00	14	11,50	3,99
44:06:00	14	11,50	3,99
44:07:00	13	11,50	3,99
44:08:00	14	11,50	3,99
44:09:00	14	11,50	3,99
44:10:00	14	11,50	3,99
44:11:00	13	11,50	3,99
44:12:00	14	11,50	3,99
44:13:00	13	11,50	3,99
44:14:00	14	11,50	3,99
44:15:00	13	11,49	4,01
44:16:00	13	11,49	4,01
44:17:00	14	11,49	4,01
44:18:00	13	11,49	4,01
44:19:00	13	11,49	4,01
44:20:00	14	11,49	4,01
44:21:00	13	11,49	4,01
44:22:00	14	11,49	4,01
44:23:00	14	11,49	4,01
44:24:00	13	11,49	4,01
44:25:00	14	11,49	4,01
44:26:00	13	11,49	4,01
44:27:00	13	11,49	4,01
44:28:00	14	11,49	4,01
44:29:00	13	11,49	4,01
44:30:00	13	11,48	4,03
44:31:00	13	11,48	4,03
44:32:00	13	11,48	4,03
44:33:00	14	11,48	4,03
44:34:00	13	11,48	4,03
44:35:00	13	11,48	4,03
44:36:00	14	11,48	4,03
44:37:00	14	11,48	4,03
44:38:00	13	11,48	4,03
44:39:00	13	11,48	4,03
44:40:00	13	11,48	4,03
44:41:00	13	11,48	4,03
44:42:00	13	11,48	4,03
44:43:00	13	11,47	4,05
44:44:00	13	11,47	4,05
44:45:00	13	11,47	4,05
44:46:00	13	11,47	4,05
44:47:00	13	11,47	4,05
44:48:00	13	11,47	4,05
44:49:00	13	11,47	4,05
44:50:00	13	11,47	4,05
44:51:00	13	11,47	4,05
44:52:00	13	11,47	4,05
44:53:00	13	11,47	4,05
44:54:00	13	11,47	4,05
44:55:00	13	11,47	4,05
44:56:00	13	11,47	4,05
44:57:00	13	11,47	4,05
44:58:00	13	11,47	4,05
44:59:00	13	11,47	4,05
45:00:00	12	11,47	4,05
45:01:00	13	11,47	4,05
45:02:00	13	11,46	4,07
45:03:00	13	11,47	4,05
45:04:00	12	11,46	4,07
45:05:00	13	11,46	4,07
45:06:00	13	11,46	4,07
45:07:00	12	11,46	4,07
45:08:00	13	11,46	4,07
45:09:00	13	11,46	4,07
45:10:00	13	11,46	4,07
45:11:00	13	11,46	4,07
45:12:00	12	11,46	4,07
45:13:00	12	11,46	4,07
45:14:00	12	11,46	4,07
45:15:00	12	11,46	4,07
45:16:00	12	11,46	4,07
45:17:00	12	11,46	4,09
45:18:00	12	11,46	4,09
45:19:00	12	11,46	4,07
45:20:00	12	11,46	4,09
45:21:00	12	11,46	4,09
45:22:00	12	11,46	4,09
45:23:00	12	11,46	4,09
45:24:00	12	11,46	4,09
45:25:00	12	11,46	4,09
45:26:00	12	11,46	4,09
45:27:00	12	11,46	4,09
45:28:00	12	11,46	4,09
45:29:00	12	11,46	4,09
45:30:00	12	11,46	4,09
45:31:00	12	11,46	4,09
45:32:00	12	11,46	4,09
45:33:00	11	11,46	4,09
45:34:00	12	11,46	4,09
45:35:00	12	11,46	4,09
45:36:00	12	11,46	4,09
45:37:00	12	11,46	4,09
45:38:00	12	11,45	4,11
45:39:00	12	11,46	4,09
45:40:00	11	11,45	4,11
45:41:00	12	11,45	4,11
45:42:00	12	11,45	4,11
45:43:00	11	11,45	4,11
45:44:00	12	11,45	4,11
45:45:00	11	11,45	4,11
45:46:00	11	11,45	4,11
45:47:00	11	11,45	4,11
45:48:00	11	11,45	4,11
45:49:00	11	11,45	4,11
45:50:00	11	11,45	4,11
45:51:00	11	11,45	4,11
45:52:00	12	11,45	4,11
45:53:00	11	11,45	4,11
45:54:00	11	11,44	4,13
45:55:00	12	11,44	4,13
45:56:00	11	11,44	4,13
45:57:00	11	11,44	4,13
45:58:00	11	11,44	4,13
45:59:00	12	11,44	4,13
46:00:00	12	11,44	4,13
46:01:00	12	11,44	4,13
46:02:00	11	11,44	4,13
46:03:00	12	11,44	4,13
46:04:00	12	11,44	4,13
46:05:00	12	11,44	4,13
46:06:00	11	11,44	4,13
46:07:00	11	11,44	4,13
46:08:00	12	11,44	4,13
46:09:00	11	11,44	4,13
46:10:00	12	11,44	4,13
46:11:00	12	11,44	4,13
46:12:00	11	11,43	4,15
46:13:00	12	11,43	4,15
46:14:00	12	11,43	4,15
46:15:00	12	11,43	4,15
46:16:00	11	11,43	4,15
46:17:00	11	11,43	4,15
46:18:00	11	11,43	4,15
46:19:00	11	11,43	4,15
46:20:00	11	11,43	4,15
46:21:00	11	11,43	4,15
46:22:00	12	11,43	4,15
46:23:00	11	11,43	4,15
46:24:00	11	11,43	4,15
46:25:00	11	11,43	4,15
46:26:00	11	11,43	4,15
46:27:00	11	11,43	4,15
46:28:00	11	11,43	4,15
46:29:00	12	11,43	4,15
46:30:00	11	11,43	4,15
46:31:00	11	11,43	4,17
46:32:00	11	11,43	4,17
46:33:00	11	11,43	4,17
46:34:00	11	11,43	4,17
46:35:00	11	11,43	4,17
46:36:00	11	11,43	4,17
46:37:00	11	11,43	4,17
46:38:00	11	11,43	4,17
46:39:00	11	11,43	4,17
46:40:00	11	11,43	4,17
46:41:00	11	11,43	4,17
46:42:00	11	11,43	4,17
46:43:00	11	11,43	4,17
46:44:00	11	11,43	4,17
46:45:00	11	11,43	4,17
46:46:00	11	11,43	4,17
46:47:00	11	11,43	4,17
46:48:00	11	11,43	4,17
46:49:00	11	11,43	4,17
46:50:00	11	11,43	4,17
46:51:00	11	11,42	4,19
46:52:00	11	11,42	4,19
46:53:00	11	11,42	4,19
46:54:00	11	11,42	4,19
46:55:00	11	11,42	4,19
46:56:00	11	11,42	4,19
46:57:00	11	11,42	4,19
46:58:00	11	11,42	4,19
46:59:00	11	11,42	4,19
47:00:00	11	11,42	4,19
47:01:00	11	11,42	4,19
47:02:00	11	11,42	4,19
47:03:00	11	11,42	4,19
47:04:00	11	11,42	4,19
47:05:00	11	11,42	4,19
47:06:00	11	11,42	4,19
47:07:00	11	11,42	4,19
47:08:00	11	11,42	4,19
47:09:00	11	11,42	4,19
47:10:00	11	11,41	4,21
47:11:00	11	11,41	4,21
47:12:00	11	11,41	4,21
47:13:00	11	11,41	4,21
47:14:00	11	11,41	4,21
47:15:00	11	11,41	4,21
47:16:00	11	11,41	4,21
47:17:00	11	11,41	4,21
47:18:00	11	11,41	4,21
47:19:00	11	11,41	4,21
47:20:00	11	11,41	4,21
47:21:00	11	11,41	4,21
47:22:00	11	11,41	4,21
47:23:00	11	11,41	4,21
47:24:00	11	11,41	4,21
47:25:00	11	11,41	4,21
47:26:00	11	11,41	4,21
47:27:00	11	11,41	4,21
47:28:00	11	11,41	4,21
47:29:00	11	11,41	4,21
47:30:00	11	11,41	4,23
47:31:00	11	11,41	4,23
47:32:00	11	11,41	4,23
47:33:00	11	11,41	4,23
47:34:00	11	11,41	4,23
47:35:00	11	11,41	4,23
47:36:00	11	11,41	4,23
47:37:00	11	11,41	4,23
47:38:00	11	11,41	4,23
47:39:00	11	11,41	4,23
47:40:00	11	11,41	4,23
47:41:00	11	11,41	4,23
47:42:00	11	11,41	4,23
47:43:00	11	11,41	4,23
47:44:00	11	11,41	4,23
47:45:00	11	11,41	4,23
47:46:00	11	11,41	4,23
47:47:00	11	11,41	4,23
47:48:00	11	11,41	4,23
47:49:00	11	11,41	4,23
47:50:00	11	11,41	4,23
47:51:00	11	11,40	4,25
47:52:00	11	11,40	4,25
47:53:00	11	11,40	4,25
47:54:00	11	11,40	4,25
47:55:00	11	11,40	4,25
47:56:00	11	11,40	4,25
47:57:00	11	11,40	4,25
47:58:00	11	11,40	4,25
47:59:00	11	11,40	4,25
48:00:00	11	11,39	4,27
48:01:00	11	11,39	4,27
48:02:00	11	11,39	4,27
48:03:00	11	11,39	4,27
48:04:00	11	11,40	4,25
48:05:00	11	11,40	4,25
48:06:00	11	11,40	4,25
48:07:00	11	11,40	4,25
48:08:00	11	11,40	4,25
48:09:00	11	11,40	4,25
48:10:00	11	11,39	4,27
48:11:00	11	11,40	4,25
48:12:00	11	11,39	4,27
48:13:00	11	11,39	4,27
48:14:00	11	11,39	4,27
48:15:00	11	11,38	4,30
48:16:00	11	11,38	4,30
48:17:00	11	11,38	4,30
48:18:00	11	11,38	4,30
48:19:00	11	11,38	4,30
48:20:00	11	11,38	4,30
48:21:00	11	11,38	4,30
48:22:00	11	11,38	4,30
48:23:00	11	11,38	4,30
48:24:00	11	11,38	4,30
48:25:00	11	11,38	4,30
48:26:00	11	11,38	4,30
48:27:00	11	11,38	4,30
48:28:00	11	11,38	4,30
48:29:00	11	11,38	4,30
48:30:00	11	11,38	4,30
48:31:00	11	11,38	4,30
48:32:00	11	11,38	4,30
48:33:00	11	11,38	4,30
48:34:00	11	11,38	4,30
48:35:00	11	11,38	4,30
48:36:00	11	11,38	4,30
48:37:00	11	11,38	4,32
48:38:00	11	11,38	4,32
48:39:00	11	11,38	4,32
48:40:00	11	11,38	4,32
48:41:00	11	11,38	4,32
48:42:00	11	11,38	4,32
48:43:00	11	11,38	4,32
48:44:00	11	11,38	4,32
48:45:00	11	11,38	4,32
48:46:00	11	11,38	4,32
48:47:00	11	11,38	4,32
48:48:00	10	11,38	4,32
48:49:00	11	11,38	4,32
48:50:00	11	11,38	4,32
48:51:00	11	11,38	4,32
48:52:00	11	11,38	4,32
48:53:00	11	11,38	4,32
48:54:00	11	11,37	4,34
48:55:00	11	11,37	4,34
48:56:00	10	11,37	4,34
48:57:00	11	11,37	4,34
48:58:00	10	11,37	4,34
48:59:00	11	11,37	4,34
49:00:00	11	11,37	4,34
49:01:00	11	11,37	4,34
49:02:00	10	11,37	4,34
49:03:00	11	11,37	4,34
49:04:00	11	11,37	4,34
49:05:00	10	11,37	4,34
49:06:00	10	11,37	4,34
49:07:00	11	11,37	4,34
49:08:00	11	11,37	4,34
49:09:00	10	11,37	4,34
49:10:00	11	11,37	4,34
49:11:00	11	11,37	4,34
49:12:00	11	11,36	4,36
49:13:00	11	11,36	4,36
49:14:00	11	11,36	4,36
49:15:00	10	11,36	4,36
49:16:00	11	11,36	4,36
49:17:00	11	11,36	4,36
49:18:00	11	11,36	4,36
49:19:00	11	11,36	4,36
49:20:00	10	11,36	4,36
49:21:00	10	11,36	4,36
49:22:00	11	11,36	4,36
49:23:00	11	11,36	4,36
49:24:00	11	11,36	4,36
49:25:00	10	11,36	4,36
49:26:00	11	11,36	4,36
49:27:00	11	11,36	4,36
49:28:00	10	11,36	4,36
49:29:00	11	11,36	4,36
49:30:00	11	11,36	4,36
49:31:00	11	11,35	4,38
49:32:00	11	11,35	4,38
49:33:00	11	11,35	4,38
49:34:00	11	11,35	4,38
49:35:00	10	11,35	4,38
49:36:00	11	11,35	4,38
49:37:00	11	11,35	4,38
49:38:00	11	11,35	4,38
49:39:00	11	11,35	4,38
49:40:00	11	11,35	4,38
49:41:00	10	11,35	4,38
49:42:00	11	11,35	4,38
49:43:00	11	11,35	4,38
49:44:00	11	11,35	4,38
49:45:00	11	11,35	4,38
49:46:00	11	11,35	4,38
49:47:00	11	11,35	4,38
49:48:00	11	11,35	4,38
49:49:00	11	11,35	4,38
49:50:00	11	11,34	4,40
49:51:00	11	11,34	4,40
49:52:00	11	11,34	4,40
49:53:00	11	11,34	4,40
49:54:00	11	11,34	4,40
49:55:00	11	11,34	4,40
49:56:00	11	11,34	4,40
49:57:00	11	11,34	4,40
49:58:00	11	11,34	4,40
49:59:00	11	11,34	4,40
50:00:00	11	11,34	4,40
50:01:00	11	11,34	4,40
50:02:00	11	11,34	4,40
50:03:00	11	11,34	4,40
50:04:00	11	11,34	4,40
50:05:00	11	11,34	4,40
50:06:00	11	11,34	4,40
50:07:00	11	11,34	4,40
50:08:00	11	11,34	4,42
50:09:00	11	11,34	4,42
50:10:00	11	11,34	4,42
50:11:00	11	11,34	4,42
50:12:00	11	11,34	4,42
50:13:00	11	11,34	4,42
50:14:00	11	11,34	4,42
50:15:00	11	11,34	4,42
50:16:00	11	11,34	4,42
50:17:00	11	11,34	4,42
50:18:00	11	11,34	4,42
50:19:00	11	11,34	4,42
50:20:00	11	11,34	4,42
50:21:00	11	11,34	4,42
50:22:00	11	11,34	4,42
50:23:00	11	11,34	4,42
50:24:00	11	11,34	4,42
50:25:00	11	11,34	4,42
50:26:00	11	11,34	4,42
50:27:00	11	11,34	4,42
50:28:00	11	11,33	4,45
50:29:00	11	11,33	4,45
50:30:00	11	11,33	4,45
50:31:00	11	11,33	4,45
50:32:00	11	11,33	4,45
50:33:00	11	11,33	4,45
50:34:00	11	11,33	4,45
50:35:00	11	11,33	4,45
50:36:00	11	11,33	4,45
50:37:00	11	11,33	4,45
50:38:00	11	11,33	4,45
50:39:00	11	11,33	4,45
50:40:00	11	11,33	4,45
50:41:00	11	11,33	4,45
50:42:00	11	11,33	4,45
50:43:00	11	11,33	4,45
50:44:00	11	11,33	4,45
50:45:00	11	11,32	4,47
50:46:00	11	11,32	4,47
50:47:00	11	11,32	4,47
50:48:00	11	11,32	4,47
50:49:00	11	11,32	4,47
50:50:00	11	11,32	4,47
50:51:00	11	11,32	4,47
50:52:00	11	11,32	4,47
50:53:00	11	11,32	4,47
50:54:00	11	11,32	4,47
50:55:00	11	11,32	4,47
50:56:00	11	11,32	4,47
50:57:00	11	11,32	4,47
50:58:00	11	11,32	4,47
50:59:00	11	11,32	4,47
51:00:00	11	11,32	4,47
51:01:00	11	11,32	4,47
51:02:00	11	11,32	4,47
51:03:00	11	11,32	4,49
51:04:00	11	11,32	4,49
51:05:00	11	11,32	4,49
51:06:00	11	11,32	4,49
51:07:00	11	11,32	4,49
51:08:00	11	11,32	4,49
51:09:00	11	11,32	4,49
51:10:00	11	11,32	4,49
51:11:00	11	11,32	4,49
51:12:00	11	11,32	4,49
51:13:00	11	11,32	4,49
51:14:00	11	11,32	4,49
51:15:00	11	11,32	4,49
51:16:00	11	11,32	4,49
51:17:00	11	11,32	4,49
51:18:00	11	11,32	4,49
51:19:00	11	11,31	4,51
51:20:00	11	11,31	4,51
51:21:00	11	11,31	4,51
51:22:00	11	11,31	4,51
51:23:00	11	11,31	4,51
51:24:00	11	11,31	4,51
51:25:00	11	11,31	4,51
51:26:00	12	11,31	4,51
51:27:00	11	11,31	4,51
51:28:00	11	11,31	4,51
51:29:00	11	11,31	4,51
51:30:00	11	11,31	4,51
51:31:00	11	11,31	4,51
51:32:00	11	11,31	4,51
51:33:00	12	11,31	4,51
51:34:00	11	11,31	4,51
51:35:00	11	11,31	4,51
51:36:00	12	11,31	4,51
51:37:00	11	11,31	4,51
51:38:00	11	11,30	4,53
51:39:00	11	11,30	4,53
51:40:00	11	11,30	4,53
51:41:00	11	11,30	4,53
51:42:00	11	11,30	4,53
51:43:00	11	11,30	4,53
51:44:00	11	11,30	4,53
51:45:00	11	11,30	4,53
51:46:00	11	11,30	4,53
51:47:00	11	11,30	4,53
51:48:00	11	11,30	4,53
51:49:00	11	11,30	4,53
51:50:00	11	11,30	4,53
51:51:00	11	11,30	4,53
51:52:00	11	11,30	4,53
51:53:00	11	11,30	4,53
51:54:00	11	11,30	4,53
51:55:00	11	11,30	4,53
51:56:00	11	11,30	4,53
51:57:00	11	11,29	4,55
51:58:00	11	11,29	4,55
51:59:00	11	11,29	4,55
52:00:00	11	11,29	4,55
52:01:00	11	11,29	4,55
52:02:00	12	11,29	4,55
52:03:00	11	11,29	4,55
52:04:00	12	11,29	4,55
52:05:00	12	11,29	4,55
52:06:00	12	11,29	4,55
52:07:00	11	11,29	4,55
52:08:00	11	11,29	4,55
52:09:00	11	11,29	4,55
52:10:00	12	11,29	4,55
52:11:00	12	11,29	4,55
52:12:00	12	11,29	4,55
52:13:00	12	11,29	4,55
52:14:00	12	11,29	4,55
52:15:00	11	11,29	4,55
52:16:00	11	11,29	4,58
52:17:00	11	11,29	4,58
52:18:00	11	11,29	4,58
52:19:00	11	11,29	4,58
52:20:00	11	11,29	4,58
52:21:00	11	11,29	4,58
52:22:00	12	11,29	4,58
52:23:00	11	11,29	4,58
52:24:00	12	11,29	4,58
52:25:00	12	11,29	4,58
52:26:00	12	11,29	4,58
52:27:00	12	11,29	4,58
52:28:00	12	11,29	4,58
52:29:00	12	11,29	4,58
52:30:00	12	11,29	4,58
52:31:00	12	11,29	4,58
52:32:00	11	11,29	4,58
52:33:00	12	11,29	4,58
52:34:00	12	11,29	4,58
52:35:00	12	11,29	4,58
52:36:00	11	11,28	4,60
52:37:00	12	11,28	4,60
52:38:00	12	11,28	4,60
52:39:00	12	11,28	4,60
52:40:00	12	11,28	4,60
52:41:00	12	11,28	4,60
52:42:00	12	11,28	4,60
52:43:00	12	11,28	4,60
52:44:00	12	11,28	4,60
52:45:00	12	11,28	4,60
52:46:00	12	11,28	4,60
52:47:00	12	11,28	4,60
52:48:00	12	11,28	4,60
52:49:00	12	11,28	4,60
52:50:00	12	11,28	4,60
52:51:00	12	11,28	4,60
52:52:00	12	11,28	4,60
52:53:00	12	11,28	4,60
52:54:00	12	11,28	4,60
52:55:00	12	11,28	4,60
52:56:00	12	11,27	4,62
52:57:00	12	11,27	4,62
52:58:00	12	11,27	4,62
52:59:00	12	11,27	4,62
53:00:00	12	11,27	4,62
53:01:00	12	11,27	4,62
53:02:00	12	11,27	4,62
53:03:00	12	11,27	4,62
53:04:00	12	11,27	4,62
53:05:00	12	11,27	4,62
53:06:00	12	11,27	4,62
53:07:00	12	11,27	4,62
53:08:00	12	11,27	4,62
53:09:00	12	11,27	4,62
53:10:00	12	11,27	4,62
53:11:00	12	11,27	4,62
53:12:00	12	11,27	4,62
53:13:00	12	11,27	4,62
53:14:00	12	11,27	4,62
53:15:00	12	11,26	4,64
53:16:00	12	11,26	4,64
53:17:00	12	11,26	4,64
53:18:00	12	11,26	4,64
53:19:00	12	11,26	4,64
53:20:00	12	11,26	4,64
53:21:00	12	11,26	4,64
53:22:00	12	11,26	4,64
53:23:00	12	11,26	4,64
53:24:00	12	11,26	4,64
53:25:00	12	11,26	4,64
53:26:00	12	11,26	4,64
53:27:00	12	11,26	4,64
53:28:00	12	11,26	4,64
53:29:00	12	11,26	4,64
53:30:00	12	11,26	4,64
53:31:00	12	11,26	4,64
53:32:00	12	11,26	4,64
53:33:00	12	11,26	4,64
53:34:00	12	11,26	4,64
53:35:00	12	11,25	4,67
53:36:00	13	11,25	4,67
53:37:00	13	11,25	4,67
53:38:00	12	11,25	4,67
53:39:00	12	11,25	4,67
53:40:00	12	11,25	4,67
53:41:00	12	11,25	4,67
53:42:00	12	11,25	4,67
53:43:00	12	11,25	4,67
53:44:00	12	11,25	4,67
53:45:00	13	11,25	4,67
53:46:00	13	11,25	4,67
53:47:00	12	11,25	4,69
53:48:00	12	11,25	4,67
53:49:00	13	11,25	4,67
53:50:00	12	11,25	4,69
53:51:00	12	11,25	4,67
53:52:00	12	11,25	4,69
53:53:00	12	11,25	4,67
53:54:00	12	11,25	4,69
53:55:00	12	11,25	4,69
53:56:00	13	11,25	4,69
53:57:00	12	11,25	4,69
53:58:00	12	11,25	4,69
53:59:00	12	11,25	4,69
54:00:00	13	11,25	4,69
54:01:00	12	11,25	4,69
54:02:00	12	11,25	4,69
54:03:00	12	11,25	4,69
54:04:00	12	11,25	4,69
54:05:00	12	11,25	4,69
54:06:00	13	11,25	4,69
54:07:00	13	11,24	4,71
54:08:00	12	11,24	4,71
54:09:00	12	11,24	4,71
54:10:00	12	11,24	4,71
54:11:00	12	11,24	4,71
54:12:00	12	11,24	4,71
54:13:00	12	11,24	4,71
54:14:00	12	11,24	4,71
54:15:00	12	11,24	4,71
54:16:00	12	11,24	4,71
54:17:00	12	11,24	4,71
54:18:00	13	11,23	4,73
54:19:00	13	11,23	4,73
54:20:00	12	11,23	4,73
54:21:00	12	11,23	4,73
54:22:00	12	11,23	4,73
54:23:00	12	11,23	4,73
54:24:00	12	11,23	4,73
54:25:00	12	11,23	4,73
54:26:00	12	11,23	4,73
54:27:00	12	11,23	4,73
54:28:00	12	11,23	4,73
54:29:00	12	11,23	4,73
54:30:00	13	11,23	4,73
54:31:00	13	11,23	4,73
54:32:00	13	11,23	4,73
54:33:00	12	11,23	4,73
54:34:00	13	11,23	4,73
54:35:00	13	11,23	4,73
54:36:00	12	11,23	4,73
54:37:00	12	11,23	4,73
54:38:00	12	11,23	4,73
54:39:00	12	11,23	4,76
54:40:00	12	11,23	4,76
54:41:00	13	11,23	4,76
54:42:00	12	11,23	4,76
54:43:00	12	11,23	4,76
54:44:00	12	11,23	4,76
54:45:00	12	11,23	4,76
54:46:00	13	11,23	4,76
54:47:00	12	11,23	4,76
54:48:00	12	11,23	4,76
54:49:00	12	11,23	4,76
54:50:00	12	11,23	4,76
54:51:00	12	11,23	4,76
54:52:00	12	11,23	4,76
54:53:00	12	11,23	4,76
54:54:00	12	11,23	4,76
54:55:00	12	11,23	4,76
54:56:00	12	11,22	4,78
54:57:00	13	11,22	4,78
54:58:00	12	11,22	4,78
54:59:00	13	11,22	4,78
55:00:00	12	11,22	4,78
55:01:00	12	11,22	4,78
55:02:00	12	11,22	4,78
55:03:00	12	11,22	4,78
55:04:00	12	11,22	4,78
55:05:00	12	11,22	4,78
55:06:00	12	11,22	4,78
55:07:00	12	11,22	4,78
55:08:00	13	11,22	4,78
55:09:00	12	11,22	4,78
55:10:00	12	11,22	4,78
55:11:00	12	11,22	4,78
55:12:00	12	11,22	4,78
55:13:00	12	11,22	4,78
55:14:00	12	11,21	4,80
55:15:00	12	11,21	4,80
55:16:00	12	11,21	4,80
55:17:00	12	11,21	4,80
55:18:00	12	11,21	4,80
55:19:00	12	11,21	4,80
55:20:00	13	11,21	4,80
55:21:00	12	11,21	4,80
55:22:00	12	11,21	4,80
55:23:00	13	11,21	4,80
55:24:00	12	11,21	4,80
55:25:00	12	11,21	4,80
55:26:00	12	11,21	4,80
55:27:00	13	11,21	4,80
55:28:00	13	11,21	4,80
55:29:00	13	11,21	4,80
55:30:00	12	11,21	4,80
55:31:00	13	11,21	4,80
55:32:00	12	11,20	4,82
55:33:00	13	11,20	4,82
55:34:00	12	11,20	4,82
55:35:00	12	11,20	4,82
55:36:00	12	11,20	4,82
55:37:00	12	11,20	4,82
55:38:00	12	11,20	4,82
55:39:00	13	11,20	4,82
55:40:00	12	11,20	4,82
55:41:00	12	11,20	4,82
55:42:00	12	11,20	4,82
55:43:00	12	11,20	4,82
55:44:00	13	11,20	4,82
55:45:00	12	11,20	4,82
55:46:00	13	11,20	4,82
55:47:00	12	11,20	4,82
55:48:00	12	11,20	4,82
55:49:00	13	11,20	4,82
55:50:00	12	11,20	4,82
55:51:00	12	11,20	4,85
55:52:00	12	11,20	4,85
55:53:00	13	11,20	4,85
55:54:00	13	11,20	4,85
55:55:00	12	11,20	4,85
55:56:00	12	11,20	4,85
55:57:00	13	11,20	4,85
55:58:00	12	11,20	4,85
55:59:00	13	11,20	4,85
56:00:00	12	11,20	4,85
56:01:00	12	11,20	4,85
56:02:00	12	11,20	4,85
56:03:00	13	11,20	4,85
56:04:00	12	11,20	4,85
56:05:00	12	11,20	4,85
56:06:00	12	11,20	4,85
56:07:00	12	11,20	4,85
56:08:00	12	11,20	4,85
56:09:00	12	11,20	4,85
56:10:00	13	11,19	4,87
56:11:00	12	11,19	4,87
56:12:00	13	11,19	4,87
56:13:00	12	11,19	4,87
56:14:00	13	11,19	4,87
56:15:00	12	11,19	4,87
56:16:00	13	11,19	4,87
56:17:00	13	11,19	4,87
56:18:00	12	11,19	4,87
56:19:00	13	11,19	4,87
56:20:00	13	11,19	4,87
56:21:00	12	11,19	4,87
56:22:00	13	11,19	4,87
56:23:00	13	11,19	4,87
56:24:00	12	11,19	4,87
56:25:00	13	11,19	4,87
56:26:00	13	11,19	4,87
56:27:00	13	11,19	4,87
56:28:00	13	11,19	4,87
56:29:00	13	11,18	4,89
56:30:00	13	11,18	4,89
56:31:00	13	11,18	4,89
56:32:00	13	11,18	4,89
56:33:00	13	11,18	4,89
56:34:00	12	11,18	4,89
56:35:00	12	11,18	4,89
56:36:00	13	11,18	4,89
56:37:00	13	11,18	4,89
56:38:00	13	11,18	4,89
56:39:00	13	11,18	4,89
56:40:00	13	11,18	4,89
56:41:00	13	11,18	4,89
56:42:00	13	11,18	4,89
56:43:00	13	11,18	4,89
56:44:00	13	11,18	4,89
56:45:00	13	11,17	4,92
56:46:00	13	11,17	4,92
56:47:00	13	11,17	4,92
56:48:00	13	11,17	4,92
56:49:00	13	11,17	4,92
56:50:00	13	11,17	4,92
56:51:00	13	11,17	4,92
56:52:00	13	11,17	4,92
56:53:00	13	11,17	4,92
56:54:00	13	11,17	4,92
56:55:00	13	11,17	4,92
56:56:00	13	11,17	4,92
56:57:00	13	11,17	4,92
56:58:00	13	11,17	4,92
56:59:00	13	11,17	4,92
57:00:00	13	11,17	4,92
57:01:00	13	11,16	4,94
57:02:00	13	11,16	4,94
57:03:00	13	11,16	4,94
57:04:00	13	11,16	4,94
57:05:00	13	11,16	4,94
57:06:00	13	11,16	4,94
57:07:00	13	11,16	4,94
57:08:00	13	11,16	4,94
57:09:00	14	11,16	4,94
57:10:00	13	11,16	4,94
57:11:00	13	11,16	4,94
57:12:00	13	11,16	4,94
57:13:00	13	11,16	4,94
57:14:00	14	11,16	4,94
57:15:00	14	11,16	4,94
57:16:00	14	11,16	4,94
57:17:00	13	11,16	4,94
57:18:00	13	11,16	4,94
57:19:00	14	11,16	4,96
57:20:00	13	11,16	4,96
57:21:00	14	11,16	4,96
57:22:00	14	11,16	4,96
57:23:00	14	11,16	4,96
57:24:00	14	11,16	4,96
57:25:00	14	11,16	4,96
57:26:00	14	11,16	4,96
57:27:00	14	11,16	4,96
57:28:00	13	11,16	4,96
57:29:00	14	11,16	4,96
57:30:00	14	11,16	4,96
57:31:00	14	11,16	4,96
57:32:00	14	11,16	4,96
57:33:00	14	11,16	4,96
57:34:00	14	11,16	4,96
57:35:00	14	11,16	4,96
57:36:00	14	11,16	4,96
57:37:00	14	11,15	4,99
57:38:00	14	11,15	4,99
57:39:00	14	11,15	4,99
57:40:00	14	11,15	4,99
57:41:00	14	11,15	4,99
57:42:00	14	11,15	4,99
57:43:00	14	11,15	4,99
57:44:00	14	11,15	4,99
57:45:00	14	11,15	4,99
57:46:00	14	11,15	4,99
57:47:00	14	11,15	4,99
57:48:00	14	11,15	4,99
57:49:00	14	11,15	4,99
57:50:00	14	11,15	4,99
57:51:00	14	11,15	4,99
57:52:00	14	11,15	4,99
57:53:00	14	11,15	4,99
57:54:00	14	11,14	5,01
57:55:00	14	11,14	5,01
57:56:00	14	11,14	5,01
57:57:00	14	11,14	5,01
57:58:00	14	11,14	5,01
57:59:00	14	11,14	5,01
58:00:00	14	11,14	5,01
58:01:00	14	11,14	5,01
58:02:00	14	11,14	5,01
58:03:00	14	11,14	5,01
58:04:00	14	11,14	5,01
58:05:00	14	11,14	5,01
58:06:00	14	11,14	5,01
58:07:00	15	11,14	5,01
58:08:00	14	11,14	5,01
58:09:00	14	11,14	5,04
58:10:00	14	11,14	5,04
58:11:00	14	11,14	5,04
58:12:00	14	11,14	5,04
58:13:00	14	11,14	5,04
58:14:00	14	11,14	5,04
58:15:00	14	11,14	5,04
58:16:00	14	11,14	5,04
58:17:00	15	11,14	5,04
58:18:00	15	11,14	5,04
58:19:00	14	11,14	5,04
58:20:00	14	11,14	5,04
58:21:00	14	11,14	5,04
58:22:00	15	11,14	5,04
58:23:00	15	11,14	5,04
58:24:00	14	11,14	5,04
58:25:00	14	11,14	5,04
58:26:00	14	11,14	5,04
58:27:00	14	11,13	5,06
58:28:00	14	11,13	5,06
58:29:00	14	11,13	5,06
58:30:00	15	11,13	5,06
58:31:00	14	11,13	5,06
58:32:00	15	11,13	5,06
58:33:00	15	11,13	5,06
58:34:00	14	11,13	5,06
58:35:00	15	11,13	5,06
58:36:00	14	11,13	5,06
58:37:00	15	11,13	5,06
58:38:00	14	11,13	5,06
58:39:00	15	11,13	5,06
58:40:00	15	11,13	5,06
58:41:00	14	11,13	5,06
58:42:00	15	11,13	5,06
58:43:00	15	11,13	5,06
58:44:00	15	11,13	5,06
58:45:00	15	11,13	5,06
58:46:00	15	11,12	5,08
58:47:00	15	11,12	5,08
58:48:00	15	11,12	5,08
58:49:00	15	11,12	5,08
58:50:00	14	11,12	5,08
58:51:00	14	11,12	5,08
58:52:00	15	11,12	5,08
58:53:00	14	11,12	5,08
58:54:00	15	11,12	5,08
58:55:00	15	11,12	5,08
58:56:00	15	11,12	5,08
58:57:00	15	11,12	5,08
58:58:00	14	11,12	5,08
58:59:00	14	11,12	5,08
59:00:00	14	11,12	5,08
59:01:00	15	11,12	5,08
59:02:00	14	11,12	5,08
59:03:00	14	11,12	5,08
59:04:00	14	11,12	5,08
59:05:00	14	11,11	5,11
59:06:00	14	11,11	5,11
59:07:00	14	11,11	5,11
59:08:00	14	11,11	5,11
59:09:00	14	11,11	5,11
59:10:00	14	11,11	5,11
59:11:00	14	11,11	5,11
59:12:00	14	11,11	5,11
59:13:00	14	11,11	5,11
59:14:00	14	11,11	5,11
59:15:00	14	11,11	5,11
59:16:00	14	11,11	5,11
59:17:00	14	11,11	5,11
59:18:00	14	11,11	5,11
59:19:00	15	11,11	5,11
59:20:00	14	11,11	5,11
59:21:00	14	11,11	5,11
59:22:00	14	11,11	5,11
59:23:00	14	11,11	5,11
59:24:00	14	11,11	5,13
59:25:00	14	11,11	5,13
59:26:00	14	11,11	5,13
59:27:00	14	11,11	5,13
59:28:00	14	11,11	5,13
59:29:00	14	11,11	5,13
59:30:00	14	11,11	5,13
59:31:00	14	11,11	5,13
59:32:00	14	11,11	5,13
59:33:00	14	11,11	5,13
59:34:00	14	11,11	5,13
59:35:00	14	11,11	5,13
59:36:00	14	11,11	5,13
59:37:00	14	11,11	5,13
59:38:00	15	11,11	5,13
59:39:00	14	11,11	5,13
59:40:00	14	11,11	5,13
59:41:00	14	11,11	5,13
59:42:00	14	11,10	5,16
59:43:00	14	11,10	5,16
59:44:00	14	11,10	5,16
59:45:00	15	11,10	5,16
59:46:00	14	11,10	5,16
59:47:00	14	11,10	5,16
59:48:00	14	11,10	5,16
59:49:00	14	11,10	5,16
59:50:00	15	11,10	5,16
59:51:00	14	11,10	5,16
59:52:00	15	11,10	5,16
59:53:00	14	11,10	5,16
59:54:00	14	11,10	5,16
59:55:00	15	11,10	5,16
59:56:00	15	11,10	5,16
59:57:00	14	11,10	5,16
59:58:00	15	11,10	5,16
59:59:00	15	11,10	5,16
60:00:00	15	11,10	5,16
60:01:00	15	11,10	5,16
60:02:00	14	11,10	5,16
60:03:00	15	11,09	5,18
60:04:00	15	11,09	5,18
60:05:00	15	11,09	5,18
60:06:00	15	11,09	5,18
60:07:00	14	11,09	5,18
60:08:00	15	11,09	5,18
60:09:00	15	11,09	5,18
60:10:00	14	11,09	5,18
60:11:00	15	11,09	5,18
60:12:00	14	11,09	5,18
60:13:00	15	11,09	5,18
60:14:00	15	11,09	5,18
60:15:00	15	11,08	5,21
60:16:00	15	11,08	5,21
60:17:00	15	11,08	5,21
60:18:00	15	11,08	5,21
60:19:00	15	11,08	5,21
60:20:00	15	11,08	5,21
60:21:00	15	11,08	5,21
60:22:00	15	11,08	5,21
60:23:00	14	11,08	5,21
60:24:00	15	11,08	5,21
60:25:00	15	11,08	5,21
60:26:00	15	11,08	5,21
60:27:00	15	11,08	5,21
60:28:00	15	11,08	5,21
60:29:00	15	11,08	5,21
60:30:00	15	11,08	5,21
60:31:00	15	11,08	5,21
60:32:00	15	11,08	5,23
60:33:00	15	11,08	5,23
60:34:00	15	11,08	5,23
60:35:00	15	11,08	5,23
60:36:00	15	11,08	5,23
60:37:00	15	11,08	5,21
60:38:00	15	11,08	5,23
60:39:00	15	11,08	5,23
60:40:00	15	11,08	5,23
60:41:00	15	11,08	5,23
60:42:00	15	11,08	5,23
60:43:00	15	11,08	5,23
60:44:00	15	11,08	5,23
60:45:00	15	11,08	5,23
60:46:00	15	11,08	5,23
60:47:00	16	11,08	5,23
60:48:00	15	11,08	5,23
60:49:00	16	11,08	5,23
60:50:00	15	11,08	5,23
60:51:00	15	11,08	5,23
60:52:00	15	11,08	5,23
60:53:00	15	11,08	5,23
60:54:00	16	11,08	5,23
60:55:00	16	11,08	5,23
60:56:00	15	11,08	5,23
60:57:00	15	11,08	5,23
60:58:00	15	11,08	5,23
60:59:00	15	11,08	5,23
61:00:00	15	11,08	5,23
61:01:00	16	11,08	5,23
61:02:00	15	11,08	5,23
61:03:00	15	11,08	5,23
61:04:00	16	11,08	5,23
61:05:00	15	11,07	5,25
61:06:00	15	11,07	5,25
61:07:00	15	11,07	5,25
61:08:00	15	11,07	5,25
61:09:00	15	11,07	5,25
61:10:00	16	11,07	5,25
61:11:00	16	11,06	5,28
61:12:00	15	11,06	5,28
61:13:00	15	11,06	5,28
61:14:00	15	11,06	5,28
61:15:00	15	11,06	5,28
61:16:00	15	11,06	5,28
61:17:00	15	11,06	5,28
61:18:00	15	11,06	5,28
61:19:00	15	11,06	5,28
61:20:00	15	11,06	5,28
61:21:00	15	11,06	5,28
61:22:00	15	11,06	5,28
61:23:00	15	11,06	5,28
61:24:00	15	11,06	5,28
61:25:00	15	11,05	5,30
61:26:00	15	11,05	5,30
61:27:00	15	11,05	5,30
61:28:00	15	11,05	5,30
61:29:00	15	11,05	5,30
61:30:00	15	11,05	5,30
61:31:00	15	11,05	5,30
61:32:00	15	11,05	5,30
61:33:00	15	11,05	5,30
61:34:00	15	11,05	5,30
61:35:00	15	11,05	5,30
61:36:00	15	11,05	5,30
61:37:00	15	11,05	5,30
61:38:00	15	11,05	5,30
61:39:00	15	11,05	5,33
61:40:00	15	11,05	5,33
61:41:00	15	11,05	5,33
61:42:00	15	11,05	5,33
61:43:00	15	11,05	5,33
61:44:00	15	11,05	5,33
61:45:00	15	11,05	5,33
61:46:00	15	11,05	5,33
61:47:00	15	11,05	5,33
61:48:00	15	11,05	5,33
61:49:00	15	11,05	5,33
61:50:00	15	11,05	5,33
61:51:00	15	11,05	5,33
61:52:00	15	11,05	5,33
61:53:00	15	11,04	5,35
61:54:00	16	11,04	5,35
61:55:00	15	11,04	5,35
61:56:00	15	11,04	5,35
61:57:00	15	11,04	5,35
61:58:00	15	11,04	5,35
61:59:00	15	11,04	5,35
62:00:00	15	11,04	5,35
62:01:00	16	11,04	5,35
62:02:00	15	11,04	5,35
62:03:00	15	11,04	5,35
62:04:00	15	11,04	5,35
62:05:00	15	11,04	5,35
62:06:00	16	11,04	5,35
62:07:00	15	11,04	5,35
62:08:00	16	11,04	5,35
62:09:00	16	11,04	5,35
62:10:00	15	11,04	5,35
62:11:00	15	11,04	5,35
62:12:00	15	11,03	5,38
62:13:00	15	11,03	5,38
62:14:00	15	11,03	5,38
62:15:00	15	11,03	5,38
62:16:00	15	11,03	5,38
62:17:00	15	11,03	5,38
62:18:00	16	11,03	5,38
62:19:00	15	11,03	5,38
62:20:00	16	11,03	5,38
62:21:00	15	11,03	5,38
62:22:00	15	11,03	5,38
62:23:00	16	11,03	5,38
62:24:00	16	11,03	5,38
62:25:00	16	11,03	5,38
62:26:00	16	11,03	5,38
62:27:00	15	11,03	5,38
62:28:00	15	11,03	5,38
62:29:00	15	11,03	5,38
62:30:00	16	11,02	5,40
62:31:00	16	11,02	5,40
62:32:00	15	11,02	5,40
62:33:00	16	11,02	5,40
62:34:00	16	11,02	5,40
62:35:00	15	11,02	5,40
62:36:00	16	11,02	5,40
62:37:00	15	11,02	5,40
62:38:00	15	11,02	5,40
62:39:00	15	11,02	5,40
62:40:00	16	11,02	5,40
62:41:00	16	11,02	5,40
62:42:00	15	11,02	5,40
62:43:00	15	11,02	5,40
62:44:00	16	11,02	5,40
62:45:00	15	11,02	5,40
62:46:00	15	11,02	5,40
62:47:00	15	11,02	5,43
62:48:00	15	11,02	5,43
62:49:00	15	11,02	5,43
62:50:00	16	11,02	5,43
62:51:00	16	11,02	5,43
62:52:00	16	11,02	5,43
62:53:00	16	11,02	5,43
62:54:00	16	11,02	5,43
62:55:00	15	11,02	5,43
62:56:00	16	11,02	5,43
62:57:00	16	11,02	5,43
62:58:00	16	11,02	5,43
62:59:00	16	11,02	5,43
63:00:00	15	11,02	5,43
63:01:00	16	11,02	5,43
63:02:00	16	11,02	5,43
63:03:00	16	11,02	5,43
63:04:00	16	11,02	5,43
63:05:00	16	11,01	5,46
63:06:00	16	11,01	5,46
63:07:00	16	11,01	5,46
63:08:00	16	11,01	5,46
63:09:00	16	11,01	5,46
63:10:00	16	11,01	5,46
63:11:00	16	11,01	5,46
63:12:00	16	11,01	5,46
63:13:00	16	11,01	5,46
63:14:00	16	11,01	5,46
63:15:00	16	11,01	5,46
63:16:00	15	11,01	5,46
63:17:00	15	11,01	5,46
63:18:00	15	11,01	5,46
63:19:00	16	11,01	5,46
63:20:00	16	11,01	5,46
63:21:00	16	11,01	5,46
63:22:00	15	11,01	5,46
63:23:00	16	11,00	5,48
63:24:00	16	11,00	5,48
63:25:00	15	11,00	5,48
63:26:00	16	11,00	5,48
63:27:00	16	11,00	5,48
63:28:00	16	11,00	5,48
63:29:00	16	11,00	5,48
63:30:00	15	11,00	5,48
63:31:00	15	11,00	5,48
63:32:00	15	11,00	5,48
63:33:00	16	11,00	5,48
63:34:00	16	11,00	5,48
63:35:00	16	11,00	5,48
63:36:00	15	11,00	5,48
63:37:00	15	11,00	5,48
63:38:00	15	11,00	5,48
63:39:00	16	10,99	5,51
63:40:00	16	10,99	5,51
63:41:00	15	10,99	5,51
63:42:00	16	10,99	5,51
63:43:00	16	11,00	5,48
63:44:00	15	10,99	5,51
63:45:00	16	10,99	5,51
63:46:00	15	10,99	5,51
63:47:00	16	10,99	5,51
63:48:00	16	10,99	5,51
63:49:00	16	10,99	5,51
63:50:00	16	10,99	5,51
63:51:00	16	10,99	5,51
63:52:00	15	10,99	5,51
63:53:00	16	10,99	5,51
63:54:00	15	10,99	5,51
63:55:00	16	10,99	5,51
63:56:00	16	10,99	5,51
63:57:00	15	10,98	5,53
63:58:00	16	10,99	5,51
63:59:00	15	10,98	5,53
64:00:00	16	10,98	5,53
64:01:00	15	10,98	5,53
64:02:00	15	10,98	5,53
64:03:00	15	10,98	5,53
64:04:00	15	10,98	5,53
64:05:00	15	10,98	5,53
64:06:00	15	10,98	5,53
64:07:00	15	10,98	5,53
64:08:00	15	10,98	5,53
64:09:00	15	10,98	5,53
64:10:00	15	10,98	5,53
64:11:00	16	10,98	5,53
64:12:00	16	10,98	5,53
64:13:00	16	10,98	5,53
64:14:00	16	10,98	5,53
64:15:00	15	10,98	5,56
64:16:00	15	10,98	5,56
64:17:00	15	10,98	5,56
64:18:00	15	10,98	5,56
64:19:00	15	10,98	5,56
64:20:00	16	10,98	5,56
64:21:00	16	10,98	5,56
64:22:00	15	10,98	5,56
64:23:00	15	10,98	5,56
64:24:00	15	10,98	5,56
64:25:00	15	10,98	5,56
64:26:00	16	10,98	5,56
64:27:00	15	10,98	5,56
64:28:00	15	10,98	5,56
64:29:00	15	10,98	5,56
64:30:00	15	10,98	5,56
64:31:00	16	10,98	5,56
64:32:00	15	10,98	5,56
64:33:00	15	10,98	5,56
64:34:00	15	10,98	5,56
64:35:00	15	10,97	5,58
64:36:00	15	10,97	5,58
64:37:00	15	10,97	5,58
64:38:00	15	10,97	5,58
64:39:00	15	10,97	5,58
64:40:00	15	10,97	5,58
64:41:00	15	10,97	5,58
64:42:00	15	10,97	5,58
64:43:00	15	10,97	5,58
64:44:00	15	10,97	5,58
64:45:00	15	10,97	5,58
64:46:00	16	10,97	5,58
64:47:00	15	10,97	5,58
64:48:00	15	10,97	5,58
64:49:00	15	10,97	5,58
64:50:00	16	10,97	5,58
64:51:00	15	10,97	5,58
64:52:00	16	10,97	5,58
64:53:00	15	10,97	5,58
64:54:00	15	10,97	5,58
64:55:00	15	10,96	5,61
64:56:00	15	10,96	5,61
64:57:00	15	10,96	5,61
64:58:00	15	10,96	5,61
64:59:00	15	10,96	5,61
65:00:00	15	10,96	5,61
65:01:00	15	10,96	5,61
65:02:00	15	10,96	5,61
65:03:00	15	10,96	5,61
65:04:00	15	10,96	5,61
65:05:00	15	10,96	5,61
65:06:00	15	10,96	5,61
65:07:00	15	10,96	5,61
65:08:00	15	10,96	5,61
65:09:00	15	10,96	5,61
65:10:00	15	10,96	5,61
65:11:00	15	10,96	5,61
65:12:00	15	10,96	5,61
65:13:00	15	10,95	5,64
65:14:00	15	10,95	5,64
65:15:00	15	10,95	5,64
65:16:00	15	10,95	5,64
65:17:00	15	10,95	5,64
65:18:00	15	10,95	5,64
65:19:00	15	10,95	5,64
65:20:00	15	10,95	5,64
65:21:00	15	10,95	5,64
65:22:00	15	10,95	5,64
65:23:00	15	10,95	5,64
65:24:00	15	10,95	5,64
65:25:00	15	10,95	5,64
65:26:00	15	10,95	5,64
65:27:00	15	10,95	5,64
65:28:00	15	10,95	5,64
65:29:00	15	10,95	5,64
65:30:00	15	10,95	5,64
65:31:00	15	10,95	5,64
65:32:00	15	10,95	5,64
65:33:00	15	10,95	5,66
65:34:00	15	10,95	5,66
65:35:00	15	10,95	5,66
65:36:00	15	10,95	5,66
65:37:00	15	10,95	5,66
65:38:00	15	10,95	5,66
65:39:00	15	10,95	5,66
65:40:00	15	10,95	5,66
65:41:00	15	10,95	5,66
65:42:00	15	10,95	5,66
65:43:00	15	10,95	5,66
65:44:00	15	10,95	5,66
65:45:00	15	10,95	5,66
65:46:00	15	10,95	5,66
65:47:00	15	10,95	5,66
65:48:00	15	10,95	5,66
65:49:00	15	10,95	5,66
65:50:00	15	10,95	5,66
65:51:00	15	10,95	5,66
65:52:00	15	10,95	5,66
65:53:00	15	10,95	5,66
65:54:00	14	10,95	5,66
65:55:00	14	10,95	5,66
65:56:00	15	10,94	5,69
65:57:00	15	10,94	5,69
65:58:00	15	10,94	5,69
65:59:00	14	10,94	5,69
66:00:00	15	10,94	5,69
66:01:00	15	10,94	5,69
66:02:00	14	10,94	5,69
66:03:00	14	10,94	5,69
66:04:00	14	10,94	5,69
66:05:00	15	10,94	5,69
66:06:00	14	10,94	5,69
66:07:00	15	10,94	5,69
66:08:00	14	10,94	5,69
66:09:00	14	10,94	5,69
66:10:00	14	10,94	5,69
66:11:00	15	10,94	5,69
66:12:00	15	10,94	5,69
66:13:00	15	10,94	5,69
66:14:00	14	10,94	5,69
66:15:00	15	10,94	5,69
66:16:00	15	10,94	5,69
66:17:00	14	10,93	5,71
66:18:00	15	10,93	5,71
66:19:00	15	10,93	5,71
66:20:00	14	10,93	5,71
66:21:00	14	10,93	5,71
66:22:00	14	10,93	5,71
66:23:00	14	10,93	5,71
66:24:00	14	10,93	5,71
66:25:00	15	10,93	5,71
66:26:00	14	10,93	5,71
66:27:00	14	10,93	5,71
66:28:00	14	10,93	5,71
66:29:00	15	10,93	5,71
66:30:00	14	10,93	5,71
66:31:00	14	10,93	5,71
66:32:00	14	10,93	5,71
66:33:00	14	10,93	5,71
66:34:00	14	10,93	5,71
66:35:00	14	10,93	5,71
66:36:00	14	10,93	5,71
66:37:00	14	10,93	5,71
66:38:00	14	10,93	5,71
66:39:00	15	10,93	5,74
66:40:00	14	10,93	5,71
66:41:00	15	10,93	5,71
66:42:00	14	10,93	5,74
66:43:00	14	10,93	5,74
66:44:00	14	10,93	5,74
66:45:00	14	10,93	5,74
66:46:00	15	10,93	5,74
66:47:00	14	10,93	5,74
66:48:00	14	10,93	5,74
66:49:00	15	10,93	5,74
66:50:00	15	10,93	5,74
66:51:00	15	10,93	5,74
66:52:00	14	10,93	5,74
66:53:00	14	10,93	5,74
66:54:00	14	10,93	5,74
66:55:00	14	10,93	5,74
66:56:00	14	10,93	5,74
66:57:00	14	10,93	5,74
66:58:00	15	10,92	5,77
66:59:00	15	10,92	5,77
67:00:00	15	10,92	5,77
67:01:00	14	10,92	5,77
67:02:00	15	10,92	5,77
67:03:00	14	10,92	5,77
67:04:00	15	10,92	5,77
67:05:00	14	10,92	5,77
67:06:00	15	10,92	5,77
67:07:00	14	10,92	5,77
67:08:00	14	10,92	5,77
67:09:00	14	10,92	5,77
67:10:00	14	10,92	5,77
67:11:00	15	10,92	5,77
67:12:00	14	10,92	5,77
67:13:00	14	10,91	5,79
67:14:00	15	10,91	5,79
67:15:00	14	10,91	5,79
67:16:00	15	10,91	5,79
67:17:00	14	10,91	5,79
67:18:00	14	10,91	5,79
67:19:00	15	10,91	5,79
67:20:00	14	10,91	5,79
67:21:00	14	10,91	5,79
67:22:00	15	10,91	5,79
67:23:00	14	10,91	5,79
67:24:00	15	10,91	5,79
67:25:00	14	10,91	5,79
67:26:00	15	10,91	5,79
67:27:00	14	10,91	5,79
67:28:00	14	10,91	5,79
67:29:00	14	10,91	5,79
67:30:00	14	10,91	5,79
67:31:00	15	10,91	5,79
67:32:00	15	10,91	5,79
67:33:00	14	10,91	5,79
67:34:00	14	10,90	5,82
67:35:00	15	10,90	5,82
67:36:00	15	10,90	5,82
67:37:00	15	10,90	5,82
67:38:00	14	10,90	5,82
67:39:00	15	10,90	5,82
67:40:00	14	10,90	5,82
67:41:00	15	10,90	5,82
67:42:00	15	10,90	5,82
67:43:00	14	10,90	5,82
67:44:00	14	10,90	5,82
67:45:00	15	10,90	5,82
67:46:00	15	10,90	5,82
67:47:00	15	10,90	5,82
67:48:00	14	10,90	5,82
67:49:00	14	10,90	5,82
67:50:00	15	10,90	5,82
67:51:00	15	10,90	5,82
67:52:00	14	10,90	5,82
67:53:00	14	10,89	5,85
67:54:00	14	10,90	5,82
67:55:00	14	10,89	5,85
67:56:00	14	10,89	5,85
67:57:00	15	10,89	5,85
67:58:00	14	10,89	5,85
67:59:00	15	10,89	5,85
68:00:00	14	10,89	5,85
68:01:00	15	10,89	5,85
68:02:00	15	10,89	5,85
68:03:00	14	10,89	5,85
68:04:00	14	10,89	5,85
68:05:00	15	10,89	5,85
68:06:00	14	10,89	5,85
68:07:00	14	10,89	5,85
68:08:00	14	10,89	5,85
68:09:00	15	10,89	5,85
68:10:00	15	10,89	5,85
68:11:00	14	10,89	5,85
68:12:00	14	10,89	5,85
68:13:00	15	10,89	5,85
68:14:00	14	10,89	5,85
68:15:00	14	10,89	5,85
68:16:00	15	10,89	5,85
68:17:00	14	10,89	5,85
68:18:00	14	10,89	5,85
68:19:00	14	10,89	5,88
68:20:00	14	10,89	5,88
68:21:00	14	10,89	5,88
68:22:00	14	10,89	5,88
68:23:00	15	10,89	5,88
68:24:00	14	10,89	5,88
68:25:00	15	10,89	5,88
68:26:00	14	10,89	5,88
68:27:00	15	10,89	5,88
68:28:00	14	10,89	5,88
68:29:00	15	10,89	5,88
68:30:00	14	10,89	5,88
68:31:00	15	10,89	5,88
68:32:00	14	10,89	5,88
68:33:00	14	10,89	5,88
68:34:00	14	10,89	5,88
68:35:00	14	10,89	5,88
68:36:00	14	10,89	5,88
68:37:00	14	10,89	5,88
68:38:00	14	10,88	5,90
68:39:00	14	10,88	5,90
68:40:00	14	10,88	5,90
68:41:00	14	10,88	5,90
68:42:00	14	10,88	5,90
68:43:00	14	10,88	5,90
68:44:00	14	10,88	5,90
68:45:00	14	10,88	5,90
68:46:00	14	10,88	5,90
68:47:00	15	10,88	5,90
68:48:00	14	10,88	5,90
68:49:00	15	10,88	5,90
68:50:00	14	10,88	5,90
68:51:00	15	10,88	5,90
68:52:00	15	10,88	5,90
68:53:00	14	10,88	5,90
68:54:00	14	10,88	5,90
68:55:00	14	10,88	5,90
68:56:00	15	10,88	5,90
