--Test Summary--
Full Path and File Name	
Instrument Name	UCA Left Cell
Instrument Type	Model 4262 Twin Cell UCA
Instrument Serial Number	
Test Start Date	14.01.2013
Test Start Time	13:06:48
Test Stop Date	15.01.2013
Test Stop Time	12:39:02
Test Length	23:32:14
Final Sample Time Offset	23:38:30
Controller Schedule Name	
Sampling Period	30 seconds
Comments	T: 50C(30min); P: 3000 psi; tap water
Information	WellID	Research
Information	Customer	Trican
Information	EngName	Lebedev Pavel
Information	CementClass	G
Information	CementMfr	Dyckerhoff-Sukhoy Log
Information	Additives	35%G+30%ASPM+20%Fly Ash+10%Silica Fume+5%MKGL+0.1%CFR-10+1.7%Diacel FL+0.3%TC-101 BWOB
Information	Density	1350
Information	BHCT	50
Information	BHST	
Information	FluidLoss	n/a
Information	JobType	Research
Calculated Value	CS_50	10:17:00
Calculated Value	CS_500	N/A
Calculated Value	CS_Time8h	0,15 MPa
Calculated Value	CS_Time12h	0,49 MPa
Calculated Value	CS_Time24h	N/A
Calculated Value	CS_Time48h	N/A
Calculated Value	CS_Time72h	N/A
Calculated Curve	Compressive Strength	Compressive strength type A (less than 14 lb/gal)
Initial Temperature (°C)	25 °C
Final Temperature (°C)	50 °C
Initial Transit Time (microsec/in)	16,05 microsec/in
Final Transit Time (microsec/in)	14,37 microsec/in
Initial Compressive Strength (MPa)	0,00 MPa
Final Compressive Strength (MPa)	0,95 MPa
--Data--
Time (HH:MM:SS)	Temperature (°C)	Transit Time (microsec/in)	Compressive Strength (MPa)
0:00:00	25	16,05	0,00
0:00:30	25	16,05	0,00
0:01:00	25	16,06	0,00
0:01:30	25	16,06	0,00
0:02:00	26	16,07	0,00
0:02:30	26	16,07	0,00
0:03:00	26	16,07	0,00
0:03:30	27	16,07	0,00
0:04:00	27	16,07	0,00
0:04:30	28	16,06	0,00
0:05:00	28	16,06	0,00
0:05:30	29	16,05	0,00
0:06:00	29	16,05	0,00
0:06:30	30	16,05	0,00
0:07:00	30	16,04	0,00
0:07:30	30	16,03	0,01
0:08:00	31	16,02	0,01
0:08:30	31	16,02	0,01
0:09:00	32	16,01	0,02
0:09:30	32	15,99	0,02
0:10:00	33	15,99	0,02
0:10:30	33	15,98	0,03
0:11:00	34	15,97	0,03
0:11:30	34	15,96	0,03
0:12:00	35	15,95	0,04
0:12:30	35	15,94	0,04
0:13:00	35	15,93	0,05
0:13:30	36	15,92	0,05
0:14:00	36	15,91	0,06
0:14:30	37	15,91	0,06
0:15:00	37	15,89	0,07
0:15:30	38	15,88	0,07
0:16:00	38	15,87	0,08
0:16:30	39	15,86	0,08
0:17:00	39	15,85	0,08
0:17:30	40	15,84	0,09
0:18:00	40	15,83	0,09
0:18:30	41	15,82	0,10
0:19:00	41	15,81	0,10
0:19:30	42	15,80	0,11
0:20:00	42	15,79	0,11
0:20:30	43	15,78	0,12
0:21:00	43	15,77	0,12
0:21:30	44	15,76	0,12
0:22:00	44	15,75	0,13
0:22:30	45	15,75	0,13
0:23:00	45	15,74	0,13
0:23:30	46	15,73	0,14
0:24:00	46	15,72	0,14
0:24:30	47	15,72	0,14
0:25:00	47	15,71	0,15
0:25:30	48	15,70	0,15
0:26:00	48	15,69	0,15
0:26:30	48	15,69	0,16
0:27:00	49	15,68	0,16
0:27:30	49	15,67	0,16
0:28:00	50	15,66	0,17
0:28:30	50	15,66	0,17
0:29:00	51	15,65	0,17
0:29:30	51	15,65	0,17
0:30:00	51	15,64	0,18
0:30:30	52	15,63	0,18
0:31:00	52	15,63	0,18
0:31:30	52	15,63	0,19
0:32:00	52	15,63	0,19
0:32:30	53	15,62	0,19
0:33:00	53	15,62	0,19
0:33:30	53	15,61	0,19
0:34:00	53	15,61	0,19
0:34:30	53	15,61	0,19
0:35:00	53	15,61	0,19
0:35:30	53	15,61	0,19
0:36:00	53	15,61	0,19
0:36:30	53	15,61	0,19
0:37:00	54	15,61	0,19
0:37:30	54	15,61	0,19
0:38:00	54	15,61	0,19
0:38:30	54	15,61	0,19
0:39:00	54	15,61	0,19
0:39:30	54	15,61	0,19
0:40:00	54	15,61	0,19
0:40:30	54	15,61	0,19
0:41:00	54	15,61	0,19
0:41:30	54	15,61	0,19
0:42:00	54	15,61	0,19
0:42:30	54	15,62	0,19
0:43:00	54	15,62	0,19
0:43:30	53	15,62	0,19
0:44:00	53	15,63	0,19
0:44:30	53	15,63	0,19
0:45:00	53	15,63	0,19
0:45:30	53	15,63	0,19
0:46:00	53	15,63	0,19
0:46:30	53	15,63	0,19
0:47:00	53	15,63	0,18
0:47:30	53	15,63	0,18
0:48:00	53	15,63	0,18
0:48:30	53	15,64	0,18
0:49:00	53	15,64	0,18
0:49:30	53	15,64	0,18
0:50:00	53	15,64	0,18
0:50:30	53	15,65	0,17
0:51:00	53	15,65	0,17
0:51:30	52	15,65	0,17
0:52:00	52	15,66	0,17
0:52:30	52	15,66	0,17
0:53:00	52	15,66	0,17
0:53:30	52	15,66	0,17
0:54:00	52	15,66	0,17
0:54:30	52	15,66	0,17
0:55:00	52	15,67	0,16
0:55:30	52	15,67	0,16
0:56:00	52	15,67	0,16
0:56:30	52	15,68	0,16
0:57:00	52	15,68	0,16
0:57:30	52	15,69	0,16
0:58:00	51	15,69	0,16
0:58:30	51	15,69	0,16
0:59:00	51	15,69	0,16
0:59:30	51	15,69	0,16
1:00:00	51	15,69	0,15
1:00:30	51	15,69	0,15
1:01:00	51	15,69	0,15
1:01:30	51	15,69	0,15
1:02:00	51	15,70	0,15
1:02:30	51	15,70	0,15
1:03:00	51	15,70	0,15
1:03:30	51	15,70	0,15
1:04:00	51	15,70	0,15
1:04:30	51	15,70	0,15
1:05:00	51	15,71	0,15
1:05:30	51	15,71	0,15
1:06:00	51	15,71	0,15
1:06:30	51	15,71	0,15
1:07:00	51	15,72	0,14
1:07:30	51	15,72	0,14
1:08:00	51	15,72	0,14
1:08:30	51	15,72	0,14
1:09:00	51	15,72	0,14
1:09:30	51	15,72	0,14
1:10:00	51	15,72	0,14
1:10:30	51	15,72	0,14
1:11:00	51	15,72	0,14
1:11:30	51	15,72	0,14
1:12:00	51	15,72	0,14
1:12:30	51	15,72	0,14
1:13:00	51	15,72	0,14
1:13:30	51	15,73	0,14
1:14:00	51	15,73	0,14
1:14:30	51	15,73	0,14
1:15:00	51	15,73	0,14
1:15:30	51	15,73	0,14
1:16:00	51	15,73	0,14
1:16:30	51	15,74	0,13
1:17:00	51	15,73	0,14
1:17:30	51	15,74	0,13
1:18:00	51	15,74	0,13
1:18:30	51	15,74	0,13
1:19:00	51	15,75	0,13
1:19:30	51	15,72	0,14
1:20:00	51	15,72	0,14
1:20:30	51	15,72	0,14
1:21:00	50	15,72	0,14
1:21:30	50	15,72	0,14
1:22:00	50	15,72	0,14
1:22:30	50	15,72	0,14
1:23:00	50	15,72	0,14
1:23:30	50	15,72	0,14
1:24:00	50	15,72	0,14
1:24:30	50	15,72	0,14
1:25:00	50	15,72	0,14
1:25:30	50	15,72	0,14
1:26:00	50	15,72	0,14
1:26:30	50	15,72	0,14
1:27:00	50	15,72	0,14
1:27:30	50	15,72	0,14
1:28:00	50	15,72	0,14
1:28:30	50	15,72	0,14
1:29:00	50	15,72	0,14
1:29:30	50	15,72	0,14
1:30:00	50	15,72	0,14
1:30:30	50	15,72	0,14
1:31:00	50	15,72	0,14
1:31:30	50	15,72	0,14
1:32:00	50	15,72	0,14
1:32:30	50	15,72	0,14
1:33:00	50	15,72	0,14
1:33:30	50	15,72	0,14
1:34:00	50	15,72	0,14
1:34:30	50	15,72	0,14
1:35:00	50	15,72	0,14
1:35:30	50	15,72	0,14
1:36:00	50	15,72	0,14
1:36:30	50	15,72	0,14
1:37:00	50	15,72	0,14
1:37:30	50	15,73	0,14
1:38:00	50	15,73	0,14
1:38:30	50	15,72	0,14
1:39:00	50	15,72	0,14
1:39:30	50	15,72	0,14
1:40:00	50	15,72	0,14
1:40:30	50	15,72	0,14
1:41:00	50	15,72	0,14
1:41:30	50	15,72	0,14
1:42:00	50	15,72	0,14
1:42:30	50	15,73	0,14
1:43:00	50	15,73	0,14
1:43:30	50	15,73	0,14
1:44:00	50	15,73	0,14
1:44:30	50	15,73	0,14
1:45:00	50	15,73	0,14
1:45:30	50	15,73	0,14
1:46:00	50	15,73	0,14
1:46:30	50	15,72	0,14
1:47:00	50	15,72	0,14
1:47:30	50	15,72	0,14
1:48:00	50	15,73	0,14
1:48:30	50	15,73	0,14
1:49:00	50	15,73	0,14
1:49:30	50	15,73	0,14
1:50:00	50	15,73	0,14
1:50:30	50	15,74	0,13
1:51:00	50	15,73	0,14
1:51:30	50	15,73	0,14
1:52:00	50	15,73	0,14
1:52:30	50	15,73	0,14
1:53:00	50	15,73	0,14
1:53:30	50	15,73	0,14
1:54:00	50	15,73	0,14
1:54:30	50	15,73	0,14
1:55:00	50	15,74	0,13
1:55:30	50	15,74	0,13
1:56:00	50	15,74	0,13
1:56:30	50	15,74	0,13
1:57:00	50	15,74	0,13
1:57:30	50	15,74	0,13
1:58:00	50	15,74	0,13
1:58:30	50	15,74	0,13
1:59:00	50	15,74	0,13
1:59:30	50	15,73	0,14
2:00:00	50	15,73	0,14
2:00:30	50	15,73	0,14
2:01:00	50	15,74	0,13
2:01:30	50	15,74	0,13
2:02:00	50	15,74	0,13
2:02:30	50	15,74	0,13
2:03:00	50	15,74	0,13
2:03:30	50	15,75	0,13
2:04:00	50	15,74	0,13
2:04:30	50	15,74	0,13
2:05:00	50	15,74	0,13
2:05:30	50	15,74	0,13
2:06:00	50	15,74	0,13
2:06:30	50	15,73	0,14
2:07:00	50	15,74	0,13
2:07:30	50	15,74	0,13
2:08:00	50	15,74	0,13
2:08:30	50	15,74	0,13
2:09:00	50	15,75	0,13
2:09:30	50	15,75	0,13
2:10:00	50	15,75	0,13
2:10:30	50	15,74	0,13
2:11:00	50	15,75	0,13
2:11:30	50	15,74	0,13
2:12:00	50	15,74	0,13
2:12:30	50	15,73	0,14
2:13:00	50	15,74	0,13
2:13:30	50	15,74	0,13
2:14:00	50	15,74	0,13
2:14:30	50	15,75	0,13
2:15:00	50	15,75	0,13
2:15:30	50	15,75	0,13
2:16:00	50	15,75	0,13
2:16:30	50	15,75	0,13
2:17:00	50	15,75	0,13
2:17:30	50	15,75	0,13
2:18:00	50	15,75	0,13
2:18:30	50	15,75	0,13
2:19:00	50	15,75	0,13
2:19:30	50	15,75	0,13
2:20:00	50	15,75	0,13
2:20:30	50	15,75	0,13
2:21:00	50	15,75	0,13
2:21:30	50	15,75	0,13
2:22:00	50	15,67	0,16
2:22:30	50	15,67	0,16
2:23:00	50	15,67	0,16
2:23:30	50	15,67	0,16
2:24:00	50	15,67	0,16
2:24:30	50	15,67	0,16
2:25:00	50	15,68	0,16
2:25:30	50	15,68	0,16
2:26:00	50	15,68	0,16
2:26:30	50	15,68	0,16
2:27:00	50	15,69	0,16
2:27:30	50	15,68	0,16
2:28:00	50	15,68	0,16
2:28:30	50	15,68	0,16
2:29:00	50	15,68	0,16
2:29:30	50	15,68	0,16
2:30:00	50	15,68	0,16
2:30:30	50	15,68	0,16
2:31:00	50	15,68	0,16
2:31:30	50	15,69	0,16
2:32:00	50	15,69	0,16
2:32:30	50	15,69	0,16
2:33:00	50	15,69	0,16
2:33:30	50	15,69	0,16
2:34:00	50	15,69	0,16
2:34:30	50	15,69	0,16
2:35:00	50	15,69	0,16
2:35:30	50	15,69	0,16
2:36:00	50	15,69	0,16
2:36:30	50	15,69	0,16
2:37:00	50	15,69	0,16
2:37:30	50	15,69	0,16
2:38:00	50	15,69	0,16
2:38:30	50	15,69	0,16
2:39:00	50	15,69	0,16
2:39:30	50	15,69	0,16
2:40:00	50	15,69	0,16
2:40:30	50	15,69	0,16
2:41:00	50	15,69	0,16
2:41:30	50	15,69	0,16
2:42:00	50	15,69	0,16
2:42:30	50	15,69	0,16
2:43:00	50	15,69	0,16
2:43:30	50	15,69	0,16
2:44:00	50	15,69	0,16
2:44:30	50	15,69	0,16
2:45:00	50	15,69	0,15
2:45:30	50	15,69	0,15
2:46:00	50	15,69	0,15
2:46:30	50	15,69	0,15
2:47:00	50	15,69	0,15
2:47:30	50	15,69	0,16
2:48:00	50	15,69	0,15
2:48:30	50	15,69	0,16
2:49:00	50	15,69	0,16
2:49:30	50	15,69	0,16
2:50:00	50	15,69	0,15
2:50:30	50	15,69	0,15
2:51:00	50	15,69	0,15
2:51:30	50	15,69	0,15
2:52:00	50	15,69	0,15
2:52:30	50	15,69	0,15
2:53:00	50	15,69	0,15
2:53:30	50	15,69	0,15
2:54:00	50	15,69	0,15
2:54:30	50	15,69	0,15
2:55:00	50	15,69	0,15
2:55:30	50	15,69	0,15
2:56:00	50	15,69	0,15
2:56:30	50	15,69	0,15
2:57:00	50	15,69	0,15
2:57:30	50	15,70	0,15
2:58:00	50	15,70	0,15
2:58:30	50	15,70	0,15
2:59:00	50	15,70	0,15
2:59:30	50	15,70	0,15
3:00:00	50	15,70	0,15
3:00:30	50	15,70	0,15
3:01:00	50	15,70	0,15
3:01:30	50	15,69	0,15
3:02:00	50	15,69	0,15
3:02:30	50	15,69	0,15
3:03:00	50	15,69	0,15
3:03:30	50	15,69	0,15
3:04:00	50	15,69	0,15
3:04:30	50	15,70	0,15
3:05:00	50	15,70	0,15
3:05:30	50	15,70	0,15
3:06:00	50	15,70	0,15
3:06:30	50	15,70	0,15
3:07:00	50	15,70	0,15
3:07:30	50	15,70	0,15
3:08:00	50	15,70	0,15
3:08:30	50	15,70	0,15
3:09:00	50	15,70	0,15
3:09:30	50	15,71	0,15
3:10:00	50	15,71	0,15
3:10:30	50	15,71	0,15
3:11:00	50	15,71	0,15
3:11:30	50	15,71	0,15
3:12:00	50	15,72	0,14
3:12:30	50	15,72	0,14
3:13:00	50	15,72	0,14
3:13:30	50	15,68	0,16
3:14:00	50	15,69	0,16
3:14:30	50	15,69	0,16
3:15:00	50	15,69	0,16
3:15:30	50	15,69	0,16
3:16:00	50	15,69	0,16
3:16:30	50	15,69	0,16
3:17:00	50	15,69	0,16
3:17:30	50	15,69	0,16
3:18:00	50	15,69	0,16
3:18:30	50	15,69	0,16
3:19:00	50	15,69	0,16
3:19:30	50	15,69	0,16
3:20:00	50	15,69	0,16
3:20:30	50	15,69	0,16
3:21:00	50	15,69	0,15
3:21:30	50	15,69	0,15
3:22:00	50	15,69	0,15
3:22:30	50	15,69	0,15
3:23:00	50	15,69	0,15
3:23:30	50	15,69	0,15
3:24:00	50	15,69	0,15
3:24:30	50	15,69	0,15
3:25:00	50	15,69	0,15
3:25:30	50	15,69	0,15
3:26:00	50	15,69	0,15
3:26:30	50	15,69	0,15
3:27:00	50	15,69	0,15
3:27:30	50	15,69	0,15
3:28:00	50	15,69	0,15
3:28:30	50	15,69	0,15
3:29:00	50	15,69	0,15
3:29:30	50	15,70	0,15
3:30:00	50	15,69	0,15
3:30:30	50	15,70	0,15
3:31:00	50	15,70	0,15
3:31:30	50	15,70	0,15
3:32:00	50	15,70	0,15
3:32:30	50	15,70	0,15
3:33:00	50	15,70	0,15
3:33:30	50	15,70	0,15
3:34:00	50	15,70	0,15
3:34:30	50	15,70	0,15
3:35:00	50	15,70	0,15
3:35:30	50	15,70	0,15
3:36:00	50	15,70	0,15
3:36:30	50	15,70	0,15
3:37:00	50	15,70	0,15
3:37:30	50	15,70	0,15
3:38:00	50	15,70	0,15
3:38:30	50	15,70	0,15
3:39:00	50	15,70	0,15
3:39:30	50	15,70	0,15
3:40:00	50	15,71	0,15
3:40:30	50	15,71	0,15
3:41:00	50	15,71	0,15
3:41:30	50	15,71	0,15
3:42:00	50	15,71	0,15
3:42:30	50	15,70	0,15
3:43:00	50	15,70	0,15
3:43:30	50	15,71	0,15
3:44:00	50	15,70	0,15
3:44:30	50	15,71	0,15
3:45:00	50	15,71	0,15
3:45:30	50	15,72	0,14
3:46:00	50	15,71	0,15
3:46:30	50	15,72	0,14
3:47:00	50	15,72	0,14
3:47:30	50	15,72	0,14
3:48:00	50	15,72	0,14
3:48:30	50	15,72	0,14
3:49:00	50	15,72	0,14
3:49:30	50	15,72	0,14
3:50:00	50	15,72	0,14
3:50:30	50	15,72	0,14
3:51:00	50	15,72	0,14
3:51:30	50	15,72	0,14
3:52:00	50	15,72	0,14
3:52:30	50	15,72	0,14
3:53:00	50	15,72	0,14
3:53:30	50	15,72	0,14
3:54:00	50	15,72	0,14
3:54:30	50	15,72	0,14
3:55:00	50	15,72	0,14
3:55:30	50	15,72	0,14
3:56:00	50	15,72	0,14
3:56:30	50	15,72	0,14
3:57:00	50	15,72	0,14
3:57:30	50	15,72	0,14
3:58:00	50	15,72	0,14
3:58:30	50	15,72	0,14
3:59:00	50	15,72	0,14
3:59:30	50	15,72	0,14
4:00:00	50	15,72	0,14
4:00:30	50	15,73	0,14
4:01:00	50	15,73	0,14
4:01:30	50	15,72	0,14
4:02:00	50	15,72	0,14
4:02:30	50	15,72	0,14
4:03:00	50	15,72	0,14
4:03:30	50	15,72	0,14
4:04:00	50	15,72	0,14
4:04:30	50	15,73	0,14
4:05:00	50	15,73	0,14
4:05:30	50	15,73	0,14
4:06:00	50	15,73	0,14
4:06:30	50	15,73	0,14
4:07:00	50	15,73	0,14
4:07:30	50	15,73	0,14
4:08:00	50	15,73	0,14
4:08:30	50	15,74	0,13
4:09:00	50	15,74	0,13
4:09:30	50	15,74	0,13
4:10:00	50	15,74	0,13
4:10:30	50	15,74	0,13
4:11:00	50	15,75	0,13
4:11:30	50	15,75	0,13
4:12:00	50	15,75	0,13
4:12:30	50	15,75	0,13
4:13:00	50	15,75	0,13
4:13:30	50	15,75	0,13
4:14:00	50	15,75	0,13
4:14:30	50	15,76	0,12
4:15:00	50	15,75	0,13
4:15:30	50	15,75	0,13
4:16:00	50	15,76	0,12
4:16:30	50	15,75	0,13
4:17:00	50	15,76	0,12
4:17:30	50	15,76	0,12
4:18:00	50	15,76	0,12
4:18:30	50	15,76	0,12
4:19:00	50	15,76	0,12
4:19:30	50	15,76	0,12
4:20:00	50	15,77	0,12
4:20:30	50	15,76	0,12
4:21:00	50	15,77	0,12
4:21:30	50	15,77	0,12
4:22:00	50	15,78	0,12
4:22:30	50	15,78	0,12
4:23:00	50	15,78	0,12
4:23:30	50	15,78	0,12
4:24:00	50	15,78	0,12
4:24:30	50	15,78	0,12
4:25:00	50	15,78	0,12
4:25:30	50	15,79	0,11
4:26:00	50	15,79	0,11
4:26:30	50	15,79	0,11
4:27:00	50	15,79	0,11
4:27:30	50	15,79	0,11
4:28:00	50	15,79	0,11
4:28:30	50	15,79	0,11
4:29:00	50	15,72	0,14
4:29:30	50	15,72	0,14
4:30:00	50	15,73	0,14
4:30:30	50	15,73	0,14
4:31:00	50	15,73	0,14
4:31:30	50	15,73	0,14
4:32:00	50	15,73	0,14
4:32:30	50	15,73	0,14
4:33:00	50	15,73	0,14
4:33:30	50	15,74	0,13
4:34:00	50	15,74	0,13
4:34:30	50	15,74	0,13
4:35:00	50	15,74	0,13
4:35:30	50	15,74	0,13
4:36:00	50	15,74	0,13
4:36:30	50	15,74	0,13
4:37:00	50	15,74	0,13
4:37:30	50	15,75	0,13
4:38:00	50	15,75	0,13
4:38:30	50	15,75	0,13
4:39:00	50	15,75	0,13
4:39:30	50	15,75	0,13
4:40:00	50	15,75	0,13
4:40:30	50	15,75	0,13
4:41:00	50	15,75	0,13
4:41:30	50	15,75	0,13
4:42:00	50	15,75	0,13
4:42:30	50	15,75	0,13
4:43:00	50	15,75	0,13
4:43:30	50	15,75	0,13
4:44:00	50	15,75	0,13
4:44:30	50	15,75	0,13
4:45:00	50	15,75	0,13
4:45:30	50	15,75	0,13
4:46:00	50	15,75	0,13
4:46:30	50	15,75	0,13
4:47:00	50	15,75	0,13
4:47:30	50	15,75	0,13
4:48:00	50	15,75	0,13
4:48:30	50	15,75	0,13
4:49:00	50	15,76	0,12
4:49:30	50	15,75	0,13
4:50:00	50	15,75	0,13
4:50:30	50	15,75	0,13
4:51:00	50	15,76	0,12
4:51:30	50	15,76	0,12
4:52:00	50	15,76	0,12
4:52:30	50	15,76	0,12
4:53:00	50	15,76	0,12
4:53:30	50	15,76	0,12
4:54:00	50	15,76	0,12
4:54:30	50	15,76	0,12
4:55:00	50	15,77	0,12
4:55:30	50	15,77	0,12
4:56:00	50	15,77	0,12
4:56:30	50	15,77	0,12
4:57:00	50	15,76	0,12
4:57:30	50	15,77	0,12
4:58:00	50	15,77	0,12
4:58:30	50	15,77	0,12
4:59:00	50	15,78	0,12
4:59:30	50	15,77	0,12
5:00:00	50	15,77	0,12
5:00:30	50	15,77	0,12
5:01:00	50	15,77	0,12
5:01:30	50	15,78	0,12
5:02:00	50	15,78	0,12
5:02:30	50	15,78	0,12
5:03:00	50	15,78	0,12
5:03:30	50	15,78	0,12
5:04:00	50	15,78	0,12
5:04:30	50	15,78	0,12
5:05:00	50	15,78	0,12
5:05:30	50	15,78	0,12
5:06:00	50	15,79	0,11
5:06:30	50	15,78	0,12
5:07:00	50	15,78	0,12
5:07:30	50	15,78	0,12
5:08:00	50	15,79	0,11
5:08:30	50	15,79	0,11
5:09:00	50	15,79	0,11
5:09:30	50	15,79	0,11
5:10:00	50	15,79	0,11
5:10:30	50	15,79	0,11
5:11:00	50	15,79	0,11
5:11:30	50	15,79	0,11
5:12:00	50	15,79	0,11
5:12:30	50	15,79	0,11
5:13:00	50	15,79	0,11
5:13:30	50	15,79	0,11
5:14:00	50	15,79	0,11
5:14:30	50	15,79	0,11
5:15:00	50	15,79	0,11
5:15:30	50	15,79	0,11
5:16:00	50	15,79	0,11
5:16:30	50	15,79	0,11
5:17:00	50	15,79	0,11
5:17:30	50	15,79	0,11
5:18:00	50	15,79	0,11
5:18:30	50	15,79	0,11
5:19:00	50	15,79	0,11
5:19:30	50	15,79	0,11
5:20:00	50	15,79	0,11
5:20:30	50	15,79	0,11
5:21:00	50	15,79	0,11
5:21:30	50	15,79	0,11
5:22:00	50	15,80	0,11
5:22:30	50	15,79	0,11
5:23:00	50	15,80	0,11
5:23:30	50	15,80	0,11
5:24:00	50	15,80	0,11
5:24:30	50	15,81	0,10
5:25:00	50	15,81	0,10
5:25:30	50	15,81	0,10
5:26:00	50	15,81	0,10
5:26:30	50	15,78	0,12
5:27:00	50	15,78	0,12
5:27:30	50	15,78	0,12
5:28:00	50	15,79	0,11
5:28:30	50	15,79	0,11
5:29:00	50	15,79	0,11
5:29:30	50	15,78	0,12
5:30:00	50	15,79	0,11
5:30:30	50	15,79	0,11
5:31:00	50	15,79	0,11
5:31:30	50	15,79	0,11
5:32:00	50	15,79	0,11
5:32:30	50	15,79	0,11
5:33:00	50	15,79	0,11
5:33:30	50	15,79	0,11
5:34:00	50	15,79	0,11
5:34:30	50	15,79	0,11
5:35:00	50	15,79	0,11
5:35:30	50	15,79	0,11
5:36:00	50	15,79	0,11
5:36:30	50	15,79	0,11
5:37:00	50	15,79	0,11
5:37:30	50	15,79	0,11
5:38:00	50	15,79	0,11
5:38:30	50	15,79	0,11
5:39:00	50	15,79	0,11
5:39:30	50	15,79	0,11
5:40:00	50	15,79	0,11
5:40:30	50	15,79	0,11
5:41:00	50	15,79	0,11
5:41:30	50	15,79	0,11
5:42:00	50	15,79	0,11
5:42:30	50	15,79	0,11
5:43:00	50	15,79	0,11
5:43:30	50	15,79	0,11
5:44:00	50	15,79	0,11
5:44:30	50	15,79	0,11
5:45:00	50	15,80	0,11
5:45:30	50	15,80	0,11
5:46:00	50	15,80	0,11
5:46:30	50	15,80	0,11
5:47:00	50	15,80	0,11
5:47:30	50	15,79	0,11
5:48:00	50	15,79	0,11
5:48:30	50	15,80	0,11
5:49:00	50	15,79	0,11
5:49:30	50	15,80	0,11
5:50:00	50	15,80	0,11
5:50:30	50	15,80	0,11
5:51:00	50	15,80	0,11
5:51:30	50	15,81	0,10
5:52:00	50	15,81	0,10
5:52:30	50	15,81	0,10
5:53:00	50	15,81	0,10
5:53:30	50	15,81	0,10
5:54:00	50	15,81	0,10
5:54:30	50	15,81	0,10
5:55:00	50	15,81	0,10
5:55:30	50	15,81	0,10
5:56:00	50	15,81	0,10
5:56:30	50	15,81	0,10
5:57:00	50	15,81	0,10
5:57:30	50	15,81	0,10
5:58:00	50	15,81	0,10
5:58:30	50	15,81	0,10
5:59:00	50	15,81	0,10
5:59:30	50	15,81	0,10
6:00:00	50	15,81	0,10
6:00:30	50	15,81	0,10
6:01:00	50	15,81	0,10
6:01:30	50	15,81	0,10
6:02:00	50	15,81	0,10
6:02:30	50	15,81	0,10
6:03:00	50	15,81	0,10
6:03:30	50	15,81	0,10
6:04:00	50	15,81	0,10
6:04:30	50	15,81	0,10
6:05:00	50	15,81	0,10
6:05:30	50	15,81	0,10
6:06:00	50	15,81	0,10
6:06:30	50	15,81	0,10
6:07:00	50	15,81	0,10
6:07:30	50	15,81	0,10
6:08:00	50	15,81	0,10
6:08:30	50	15,81	0,10
6:09:00	50	15,81	0,10
6:09:30	50	15,81	0,10
6:10:00	50	15,81	0,10
6:10:30	50	15,81	0,10
6:11:00	50	15,81	0,10
6:11:30	50	15,81	0,10
6:12:00	50	15,81	0,10
6:12:30	50	15,81	0,10
6:13:00	50	15,81	0,10
6:13:30	50	15,81	0,10
6:14:00	50	15,81	0,10
6:14:30	50	15,82	0,10
6:15:00	50	15,82	0,10
6:15:30	50	15,82	0,10
6:16:00	50	15,82	0,10
6:16:30	50	15,81	0,10
6:17:00	50	15,81	0,10
6:17:30	50	15,81	0,10
6:18:00	50	15,81	0,10
6:18:30	50	15,81	0,10
6:19:00	50	15,81	0,10
6:19:30	50	15,81	0,10
6:20:00	50	15,81	0,10
6:20:30	50	15,81	0,10
6:21:00	50	15,81	0,10
6:21:30	50	15,81	0,10
6:22:00	50	15,81	0,10
6:22:30	50	15,82	0,10
6:23:00	50	15,81	0,10
6:23:30	50	15,82	0,10
6:24:00	50	15,82	0,10
6:24:30	50	15,82	0,10
6:25:00	50	15,82	0,10
6:25:30	50	15,82	0,10
6:26:00	50	15,82	0,10
6:26:30	50	15,82	0,10
6:27:00	50	15,82	0,10
6:27:30	50	15,82	0,10
6:28:00	50	15,83	0,09
6:28:30	50	15,83	0,09
6:29:00	50	15,83	0,09
6:29:30	50	15,83	0,09
6:30:00	50	15,83	0,09
6:30:30	50	15,84	0,09
6:31:00	50	15,83	0,09
6:31:30	50	15,84	0,09
6:32:00	50	15,83	0,09
6:32:30	50	15,84	0,09
6:33:00	50	15,84	0,09
6:33:30	50	15,84	0,09
6:34:00	50	15,84	0,09
6:34:30	50	15,84	0,09
6:35:00	50	15,84	0,09
6:35:30	50	15,84	0,09
6:36:00	50	15,84	0,09
6:36:30	50	15,84	0,09
6:37:00	50	15,84	0,09
6:37:30	50	15,84	0,09
6:38:00	50	15,84	0,09
6:38:30	50	15,84	0,09
6:39:00	50	15,84	0,09
6:39:30	50	15,84	0,09
6:40:00	50	15,84	0,09
6:40:30	50	15,84	0,09
6:41:00	50	15,84	0,09
6:41:30	50	15,84	0,09
6:42:00	50	15,84	0,09
6:42:30	50	15,84	0,09
6:43:00	50	15,84	0,09
6:43:30	50	15,84	0,09
6:44:00	50	15,84	0,09
6:44:30	50	15,79	0,11
6:45:00	50	15,79	0,11
6:45:30	50	15,79	0,11
6:46:00	50	15,79	0,11
6:46:30	50	15,79	0,11
6:47:00	50	15,80	0,11
6:47:30	50	15,79	0,11
6:48:00	50	15,79	0,11
6:48:30	50	15,79	0,11
6:49:00	50	15,79	0,11
6:49:30	50	15,79	0,11
6:50:00	50	15,79	0,11
6:50:30	50	15,79	0,11
6:51:00	50	15,79	0,11
6:51:30	50	15,79	0,11
6:52:00	50	15,79	0,11
6:52:30	50	15,79	0,11
6:53:00	50	15,79	0,11
6:53:30	50	15,79	0,11
6:54:00	50	15,79	0,11
6:54:30	50	15,79	0,11
6:55:00	50	15,79	0,11
6:55:30	50	15,79	0,11
6:56:00	50	15,79	0,11
6:56:30	50	15,79	0,11
6:57:00	50	15,79	0,11
6:57:30	50	15,79	0,11
6:58:00	50	15,79	0,11
6:58:30	50	15,79	0,11
6:59:00	50	15,79	0,11
6:59:30	50	15,79	0,11
7:00:00	50	15,79	0,11
7:00:30	50	15,79	0,11
7:01:00	50	15,79	0,11
7:01:30	50	15,79	0,11
7:02:00	50	15,79	0,11
7:02:30	50	15,79	0,11
7:03:00	50	15,79	0,11
7:03:30	50	15,79	0,11
7:04:00	50	15,79	0,11
7:04:30	50	15,79	0,11
7:05:00	50	15,79	0,11
7:05:30	50	15,79	0,11
7:06:00	50	15,79	0,11
7:06:30	50	15,79	0,11
7:07:00	50	15,79	0,11
7:07:30	50	15,79	0,11
7:08:00	50	15,79	0,11
7:08:30	50	15,79	0,11
7:09:00	50	15,79	0,11
7:09:30	50	15,79	0,11
7:10:00	50	15,79	0,11
7:10:30	50	15,79	0,11
7:11:00	50	15,79	0,11
7:11:30	50	15,79	0,11
7:12:00	50	15,79	0,11
7:12:30	50	15,79	0,11
7:13:00	50	15,79	0,11
7:13:30	50	15,79	0,11
7:14:00	50	15,78	0,12
7:14:30	50	15,78	0,12
7:15:00	50	15,79	0,11
7:15:30	50	15,79	0,11
7:16:00	50	15,79	0,11
7:16:30	50	15,79	0,11
7:17:00	50	15,79	0,11
7:17:30	50	15,79	0,11
7:18:00	50	15,79	0,11
7:18:30	50	15,79	0,11
7:19:00	50	15,78	0,12
7:19:30	50	15,78	0,12
7:20:00	50	15,78	0,12
7:20:30	50	15,78	0,12
7:21:00	50	15,78	0,12
7:21:30	50	15,78	0,12
7:22:00	50	15,78	0,12
7:22:30	50	15,78	0,12
7:23:00	50	15,78	0,12
7:23:30	50	15,78	0,12
7:24:00	50	15,78	0,12
7:24:30	50	15,78	0,12
7:25:00	50	15,78	0,12
7:25:30	50	15,78	0,12
7:26:00	50	15,78	0,12
7:26:30	50	15,78	0,12
7:27:00	50	15,77	0,12
7:27:30	50	15,77	0,12
7:28:00	50	15,77	0,12
7:28:30	50	15,77	0,12
7:29:00	50	15,77	0,12
7:29:30	50	15,76	0,12
7:30:00	50	15,77	0,12
7:30:30	50	15,76	0,12
7:31:00	50	15,77	0,12
7:31:30	50	15,77	0,12
7:32:00	50	15,76	0,12
7:32:30	50	15,76	0,12
7:33:00	50	15,76	0,12
7:33:30	50	15,76	0,12
7:34:00	50	15,76	0,12
7:34:30	50	15,75	0,13
7:35:00	50	15,75	0,13
7:35:30	50	15,75	0,13
7:36:00	50	15,75	0,13
7:36:30	50	15,75	0,13
7:37:00	50	15,75	0,13
7:37:30	50	15,76	0,12
7:38:00	50	15,75	0,13
7:38:30	50	15,75	0,13
7:39:00	50	15,75	0,13
7:39:30	50	15,76	0,12
7:40:00	50	15,74	0,13
7:40:30	50	15,74	0,13
7:41:00	50	15,74	0,13
7:41:30	50	15,74	0,13
7:42:00	50	15,73	0,14
7:42:30	50	15,73	0,14
7:43:00	50	15,72	0,14
7:43:30	50	15,72	0,14
7:44:00	50	15,72	0,14
7:44:30	50	15,72	0,14
7:45:00	50	15,73	0,14
7:45:30	50	15,72	0,14
7:46:00	50	15,72	0,14
7:46:30	50	15,72	0,14
7:47:00	50	15,72	0,14
7:47:30	50	15,72	0,14
7:48:00	50	15,72	0,14
7:48:30	50	15,72	0,14
7:49:00	50	15,72	0,14
7:49:30	50	15,72	0,14
7:50:00	50	15,72	0,14
7:50:30	50	15,72	0,14
7:51:00	50	15,72	0,14
7:51:30	50	15,72	0,14
7:52:00	50	15,72	0,14
7:52:30	50	15,72	0,14
7:53:00	50	15,72	0,14
7:53:30	50	15,72	0,14
7:54:00	50	15,71	0,15
7:54:30	50	15,71	0,15
7:55:00	50	15,71	0,15
7:55:30	50	15,71	0,15
7:56:00	50	15,71	0,15
7:56:30	50	15,71	0,15
7:57:00	50	15,71	0,15
7:57:30	50	15,70	0,15
7:58:00	50	15,70	0,15
7:58:30	50	15,70	0,15
7:59:00	50	15,70	0,15
7:59:30	50	15,70	0,15
8:00:00	50	15,70	0,15
8:00:30	50	15,70	0,15
8:01:00	50	15,70	0,15
8:01:30	50	15,70	0,15
8:02:00	50	15,70	0,15
8:02:30	50	15,70	0,15
8:03:00	50	15,70	0,15
8:03:30	50	15,69	0,15
8:04:00	50	15,69	0,15
8:04:30	50	15,69	0,15
8:05:00	50	15,69	0,15
8:05:30	50	15,69	0,15
8:06:00	50	15,69	0,15
8:06:30	50	15,69	0,15
8:07:00	50	15,69	0,15
8:07:30	50	15,69	0,16
8:08:00	50	15,69	0,16
8:08:30	50	15,69	0,16
8:09:00	50	15,69	0,16
8:09:30	50	15,69	0,16
8:10:00	50	15,69	0,16
8:10:30	50	15,69	0,16
8:11:00	50	15,69	0,16
8:11:30	50	15,69	0,16
8:12:00	50	15,68	0,16
8:12:30	50	15,68	0,16
8:13:00	50	15,68	0,16
8:13:30	50	15,68	0,16
8:14:00	50	15,68	0,16
8:14:30	50	15,68	0,16
8:15:00	50	15,68	0,16
8:15:30	50	15,67	0,16
8:16:00	50	15,67	0,16
8:16:30	50	15,67	0,16
8:17:00	50	15,67	0,16
8:17:30	50	15,67	0,16
8:18:00	50	15,67	0,16
8:18:30	50	15,66	0,17
8:19:00	50	15,66	0,17
8:19:30	50	15,66	0,17
8:20:00	50	15,66	0,17
8:20:30	50	15,66	0,17
8:21:00	50	15,66	0,17
8:21:30	50	15,66	0,17
8:22:00	50	15,66	0,17
8:22:30	50	15,66	0,17
8:23:00	50	15,66	0,17
8:23:30	50	15,66	0,17
8:24:00	50	15,66	0,17
8:24:30	50	15,66	0,17
8:25:00	50	15,65	0,17
8:25:30	50	15,65	0,17
8:26:00	50	15,65	0,17
8:26:30	50	15,65	0,17
8:27:00	50	15,65	0,17
8:27:30	50	15,65	0,17
8:28:00	50	15,64	0,18
8:28:30	50	15,64	0,18
8:29:00	50	15,64	0,18
8:29:30	50	15,64	0,18
8:30:00	50	15,63	0,18
8:30:30	50	15,63	0,18
8:31:00	50	15,63	0,18
8:31:30	50	15,63	0,18
8:32:00	50	15,63	0,19
8:32:30	50	15,63	0,19
8:33:00	50	15,63	0,19
8:33:30	50	15,63	0,19
8:34:00	50	15,63	0,19
8:34:30	50	15,63	0,19
8:35:00	50	15,63	0,19
8:35:30	50	15,63	0,19
8:36:00	50	15,62	0,19
8:36:30	50	15,62	0,19
8:37:00	50	15,62	0,19
8:37:30	50	15,62	0,19
8:38:00	50	15,62	0,19
8:38:30	50	15,62	0,19
8:39:00	50	15,62	0,19
8:39:30	50	15,62	0,19
8:40:00	50	15,62	0,19
8:40:30	50	15,62	0,19
8:41:00	50	15,62	0,19
8:41:30	50	15,62	0,19
8:42:00	50	15,62	0,19
8:42:30	50	15,62	0,19
8:43:00	50	15,61	0,19
8:43:30	50	15,62	0,19
8:44:00	50	15,62	0,19
8:44:30	50	15,61	0,19
8:45:00	50	15,61	0,19
8:45:30	50	15,61	0,19
8:46:00	50	15,61	0,19
8:46:30	50	15,61	0,19
8:47:00	50	15,61	0,19
8:47:30	50	15,61	0,19
8:48:00	50	15,61	0,19
8:48:30	50	15,61	0,19
8:49:00	50	15,61	0,19
8:49:30	50	15,61	0,19
8:50:00	50	15,61	0,20
8:50:30	50	15,61	0,19
8:51:00	50	15,61	0,20
8:51:30	50	15,61	0,19
8:52:00	50	15,61	0,20
8:52:30	50	15,61	0,20
8:53:00	50	15,61	0,20
8:53:30	50	15,61	0,20
8:54:00	50	15,61	0,20
8:54:30	50	15,60	0,20
8:55:00	50	15,61	0,20
8:55:30	50	15,61	0,20
8:56:00	50	15,61	0,20
8:56:30	50	15,60	0,20
8:57:00	50	15,60	0,20
8:57:30	50	15,54	0,23
8:58:00	50	15,55	0,22
8:58:30	50	15,54	0,23
8:59:00	50	15,54	0,23
8:59:30	50	15,54	0,23
9:00:00	50	15,54	0,23
9:00:30	50	15,54	0,23
9:01:00	50	15,54	0,23
9:01:30	50	15,54	0,23
9:02:00	50	15,54	0,23
9:02:30	50	15,54	0,23
9:03:00	50	15,54	0,23
9:03:30	50	15,54	0,23
9:04:00	50	15,53	0,23
9:04:30	50	15,53	0,23
9:05:00	50	15,53	0,23
9:05:30	50	15,53	0,23
9:06:00	50	15,53	0,23
9:06:30	50	15,53	0,23
9:07:00	50	15,52	0,24
9:07:30	50	15,52	0,24
9:08:00	50	15,52	0,24
9:08:30	50	15,52	0,24
9:09:00	50	15,52	0,24
9:09:30	50	15,51	0,24
9:10:00	50	15,51	0,24
9:10:30	50	15,51	0,24
9:11:00	50	15,51	0,24
9:11:30	50	15,51	0,24
9:12:00	50	15,51	0,24
9:12:30	50	15,51	0,24
9:13:00	50	15,51	0,24
9:13:30	50	15,51	0,24
9:14:00	50	15,51	0,24
9:14:30	50	15,50	0,25
9:15:00	50	15,50	0,25
9:15:30	50	15,50	0,25
9:16:00	50	15,50	0,25
9:16:30	50	15,50	0,25
9:17:00	50	15,49	0,25
9:17:30	50	15,49	0,25
9:18:00	50	15,49	0,25
9:18:30	50	15,49	0,25
9:19:00	50	15,49	0,25
9:19:30	50	15,49	0,25
9:20:00	50	15,49	0,25
9:20:30	50	15,49	0,25
9:21:00	50	15,49	0,25
9:21:30	50	15,48	0,25
9:22:00	50	15,48	0,25
9:22:30	50	15,48	0,25
9:23:00	50	15,48	0,25
9:23:30	50	15,48	0,26
9:24:00	50	15,48	0,26
9:24:30	50	15,48	0,26
9:25:00	50	15,48	0,26
9:25:30	50	15,48	0,26
9:26:00	50	15,48	0,26
9:26:30	50	15,48	0,26
9:27:00	50	15,47	0,26
9:27:30	50	15,47	0,26
9:28:00	50	15,47	0,26
9:28:30	50	15,47	0,26
9:29:00	50	15,46	0,27
9:29:30	50	15,46	0,27
9:30:00	50	15,46	0,27
9:30:30	50	15,46	0,27
9:31:00	50	15,45	0,27
9:31:30	50	15,46	0,27
9:32:00	50	15,46	0,27
9:32:30	50	15,45	0,27
9:33:00	50	15,45	0,27
9:33:30	50	15,45	0,27
9:34:00	50	15,45	0,27
9:34:30	50	15,45	0,27
9:35:00	50	15,45	0,27
9:35:30	50	15,45	0,27
9:36:00	50	15,45	0,27
9:36:30	50	15,45	0,27
9:37:00	50	15,44	0,28
9:37:30	50	15,44	0,28
9:38:00	50	15,44	0,28
9:38:30	50	15,44	0,28
9:39:00	50	15,44	0,28
9:39:30	50	15,43	0,28
9:40:00	50	15,43	0,28
9:40:30	50	15,43	0,28
9:41:00	50	15,43	0,28
9:41:30	50	15,43	0,28
9:42:00	50	15,43	0,29
9:42:30	50	15,43	0,29
9:43:00	50	15,43	0,29
9:43:30	50	15,43	0,29
9:44:00	50	15,43	0,29
9:44:30	50	15,42	0,29
9:45:00	50	15,42	0,29
9:45:30	50	15,42	0,29
9:46:00	50	15,41	0,29
9:46:30	50	15,41	0,29
9:47:00	50	15,41	0,29
9:47:30	50	15,41	0,29
9:48:00	50	15,41	0,29
9:48:30	50	15,40	0,30
9:49:00	50	15,40	0,30
9:49:30	50	15,40	0,30
9:50:00	50	15,40	0,30
9:50:30	50	15,40	0,30
9:51:00	50	15,40	0,30
9:51:30	50	15,40	0,30
9:52:00	50	15,40	0,30
9:52:30	50	15,40	0,30
9:53:00	50	15,38	0,31
9:53:30	50	15,38	0,31
9:54:00	50	15,38	0,31
9:54:30	50	15,37	0,31
9:55:00	50	15,37	0,31
9:55:30	50	15,37	0,31
9:56:00	50	15,37	0,31
9:56:30	50	15,37	0,32
9:57:00	50	15,37	0,32
9:57:30	50	15,37	0,32
9:58:00	50	15,37	0,32
9:58:30	50	15,37	0,32
9:59:00	50	15,36	0,32
9:59:30	50	15,36	0,32
10:00:00	50	15,36	0,32
10:00:30	50	15,35	0,32
10:01:00	50	15,35	0,32
10:01:30	50	15,35	0,32
10:02:00	50	15,35	0,32
10:02:30	50	15,35	0,32
10:03:00	50	15,35	0,32
10:03:30	50	15,35	0,32
10:04:00	50	15,35	0,32
10:04:30	50	15,34	0,33
10:05:00	50	15,34	0,33
10:05:30	50	15,34	0,33
10:06:00	50	15,34	0,33
10:06:30	50	15,33	0,33
10:07:00	50	15,33	0,33
10:07:30	50	15,33	0,33
10:08:00	50	15,33	0,33
10:08:30	50	15,33	0,33
10:09:00	50	15,33	0,33
10:09:30	50	15,33	0,33
10:10:00	50	15,33	0,34
10:10:30	50	15,33	0,34
10:11:00	50	15,33	0,34
10:11:30	50	15,32	0,34
10:12:00	50	15,32	0,34
10:12:30	50	15,32	0,34
10:13:00	50	15,32	0,34
10:13:30	50	15,32	0,34
10:14:00	50	15,31	0,34
10:14:30	50	15,32	0,34
10:15:00	50	15,31	0,34
10:15:30	50	15,31	0,34
10:16:00	50	15,31	0,34
10:16:30	50	15,30	0,35
10:17:00	50	15,30	0,35
10:17:30	50	15,30	0,35
10:18:00	50	15,30	0,35
10:18:30	50	15,30	0,35
10:19:00	50	15,30	0,35
10:19:30	50	15,30	0,35
10:20:00	50	15,30	0,35
10:20:30	50	15,30	0,35
10:21:00	50	15,30	0,35
10:21:30	50	15,30	0,35
10:22:00	50	15,29	0,36
10:22:30	50	15,29	0,36
10:23:00	50	15,29	0,36
10:23:30	50	15,29	0,36
10:24:00	50	15,29	0,36
10:24:30	50	15,29	0,36
10:25:00	50	15,29	0,36
10:25:30	50	15,28	0,36
10:26:00	50	15,28	0,36
10:26:30	50	15,28	0,36
10:27:00	50	15,27	0,36
10:27:30	50	15,28	0,36
10:28:00	50	15,27	0,36
10:28:30	50	15,28	0,36
10:29:00	50	15,27	0,36
10:29:30	50	15,27	0,36
10:30:00	50	15,27	0,36
10:30:30	50	15,27	0,37
10:31:00	50	15,27	0,37
10:31:30	50	15,27	0,37
10:32:00	50	15,27	0,37
10:32:30	50	15,27	0,37
10:33:00	50	15,27	0,37
10:33:30	50	15,27	0,37
10:34:00	50	15,26	0,37
10:34:30	50	15,26	0,37
10:35:00	50	15,26	0,37
10:35:30	50	15,26	0,37
10:36:00	50	15,26	0,37
10:36:30	50	15,26	0,37
10:37:00	50	15,25	0,38
10:37:30	50	15,25	0,38
10:38:00	50	15,25	0,38
10:38:30	50	15,25	0,38
10:39:00	50	15,25	0,38
10:39:30	50	15,25	0,38
10:40:00	50	15,25	0,38
10:40:30	50	15,24	0,38
10:41:00	50	15,24	0,38
10:41:30	50	15,24	0,38
10:42:00	50	15,24	0,38
10:42:30	50	15,24	0,38
10:43:00	50	15,24	0,38
10:43:30	50	15,24	0,38
10:44:00	50	15,24	0,38
10:44:30	50	15,24	0,38
10:45:00	50	15,24	0,38
10:45:30	50	15,23	0,39
10:46:00	50	15,23	0,39
10:46:30	50	15,23	0,39
10:47:00	50	15,23	0,39
10:47:30	50	15,23	0,39
10:48:00	50	15,22	0,39
10:48:30	50	15,22	0,39
10:49:00	50	15,22	0,39
10:49:30	50	15,22	0,39
10:50:00	50	15,22	0,39
10:50:30	50	15,22	0,39
10:51:00	50	15,22	0,39
10:51:30	50	15,22	0,39
10:52:00	50	15,21	0,40
10:52:30	50	15,21	0,40
10:53:00	50	15,21	0,40
10:53:30	50	15,21	0,40
10:54:00	50	15,21	0,40
10:54:30	50	15,21	0,40
10:55:00	50	15,21	0,40
10:55:30	50	15,21	0,40
10:56:00	50	15,21	0,40
10:56:30	50	15,21	0,40
10:57:00	50	15,21	0,40
10:57:30	50	15,21	0,40
10:58:00	50	15,21	0,40
10:58:30	50	15,21	0,40
10:59:00	50	15,21	0,40
10:59:30	50	15,21	0,40
11:00:00	50	15,21	0,40
11:00:30	50	15,21	0,40
11:01:00	50	15,21	0,40
11:01:30	50	15,21	0,40
11:02:00	50	15,21	0,40
11:02:30	50	15,21	0,40
11:03:00	50	15,21	0,40
11:03:30	50	15,21	0,40
11:04:00	50	15,20	0,40
11:04:30	50	15,20	0,40
11:05:00	50	15,20	0,40
11:05:30	50	15,20	0,40
11:06:00	50	15,20	0,40
11:06:30	50	15,20	0,40
11:07:00	50	15,20	0,40
11:07:30	50	15,20	0,40
11:08:00	50	15,20	0,40
11:08:30	50	15,20	0,40
11:09:00	50	15,20	0,40
11:09:30	50	15,19	0,41
11:10:00	50	15,19	0,41
11:10:30	50	15,19	0,41
11:11:00	50	15,19	0,41
11:11:30	50	15,19	0,41
11:12:00	50	15,19	0,41
11:12:30	50	15,16	0,43
11:13:00	50	15,15	0,43
11:13:30	50	15,15	0,43
11:14:00	50	15,15	0,43
11:14:30	50	15,15	0,43
11:15:00	50	15,15	0,43
11:15:30	50	15,15	0,43
11:16:00	50	15,15	0,43
11:16:30	50	15,15	0,43
11:17:00	50	15,14	0,44
11:17:30	50	15,14	0,44
11:18:00	50	15,14	0,44
11:18:30	50	15,14	0,44
11:19:00	50	15,14	0,44
11:19:30	50	15,14	0,44
11:20:00	50	15,14	0,44
11:20:30	50	15,14	0,44
11:21:00	50	15,14	0,44
11:21:30	50	15,13	0,44
11:22:00	50	15,13	0,44
11:22:30	50	15,13	0,44
11:23:00	50	15,13	0,44
11:23:30	50	15,13	0,44
11:24:00	50	15,13	0,45
11:24:30	50	15,13	0,45
11:25:00	50	15,13	0,45
11:25:30	50	15,13	0,45
11:26:00	50	15,13	0,45
11:26:30	50	15,13	0,45
11:27:00	50	15,12	0,45
11:27:30	50	15,13	0,45
11:28:00	50	15,12	0,45
11:28:30	50	15,12	0,45
11:29:00	50	15,12	0,45
11:29:30	50	15,12	0,45
11:30:00	50	15,11	0,46
11:30:30	50	15,11	0,46
11:31:00	50	15,11	0,46
11:31:30	50	15,11	0,46
11:32:00	50	15,11	0,46
11:32:30	50	15,11	0,46
11:33:00	50	15,11	0,46
11:33:30	50	15,11	0,46
11:34:00	50	15,11	0,46
11:34:30	50	15,10	0,46
11:35:00	50	15,10	0,46
11:35:30	50	15,10	0,46
11:36:00	50	15,10	0,46
11:36:30	50	15,09	0,46
11:37:00	50	15,09	0,46
11:37:30	50	15,09	0,46
11:38:00	50	15,09	0,46
11:38:30	50	15,09	0,46
11:39:00	50	15,09	0,46
11:39:30	50	15,09	0,46
11:40:00	50	15,09	0,46
11:40:30	50	15,09	0,46
11:41:00	50	15,09	0,46
11:41:30	50	15,09	0,47
11:42:00	50	15,09	0,47
11:42:30	50	15,09	0,47
11:43:00	50	15,09	0,47
11:43:30	50	15,09	0,47
11:44:00	50	15,09	0,47
11:44:30	50	15,09	0,47
11:45:00	50	15,09	0,47
11:45:30	50	15,08	0,47
11:46:00	50	15,08	0,47
11:46:30	50	15,08	0,47
11:47:00	50	15,07	0,48
11:47:30	50	15,07	0,48
11:48:00	50	15,07	0,48
11:48:30	50	15,07	0,48
11:49:00	50	15,08	0,47
11:49:30	50	15,07	0,48
11:50:00	50	15,07	0,48
11:50:30	50	15,07	0,48
11:51:00	50	15,07	0,48
11:51:30	50	15,07	0,48
11:52:00	50	15,07	0,48
11:52:30	50	15,07	0,48
11:53:00	50	15,07	0,48
11:53:30	50	15,07	0,48
11:54:00	50	15,07	0,48
11:54:30	50	15,07	0,48
11:55:00	50	15,06	0,49
11:55:30	50	15,07	0,48
11:56:00	50	15,06	0,49
11:56:30	50	15,06	0,49
11:57:00	50	15,06	0,49
11:57:30	50	15,06	0,49
11:58:00	50	15,06	0,49
11:58:30	50	15,06	0,49
11:59:00	50	15,06	0,49
11:59:30	50	15,05	0,49
12:00:00	50	15,05	0,49
12:00:30	50	15,05	0,49
12:01:00	50	15,05	0,49
12:01:30	50	15,05	0,49
12:02:00	50	15,05	0,49
12:02:30	50	15,05	0,49
12:03:00	50	15,04	0,49
12:03:30	50	15,04	0,49
12:04:00	50	15,04	0,49
12:04:30	50	15,03	0,50
12:05:00	50	15,03	0,50
12:05:30	50	15,04	0,49
12:06:00	50	15,03	0,50
12:06:30	50	15,03	0,50
12:07:00	50	15,03	0,50
12:07:30	50	15,03	0,50
12:08:00	50	15,03	0,50
12:08:30	50	15,03	0,50
12:09:00	50	15,03	0,50
12:09:30	50	15,03	0,50
12:10:00	50	15,03	0,50
12:10:30	50	15,03	0,50
12:11:00	50	15,03	0,50
12:11:30	50	15,03	0,50
12:12:00	50	15,03	0,50
12:12:30	50	15,03	0,50
12:13:00	50	15,03	0,50
12:13:30	50	15,03	0,50
12:14:00	50	15,03	0,50
12:14:30	50	15,03	0,50
12:15:00	50	15,03	0,50
12:15:30	50	15,03	0,50
12:16:00	50	15,03	0,50
12:16:30	50	15,00	0,52
12:17:00	50	15,00	0,52
12:17:30	50	15,00	0,52
12:18:00	50	15,00	0,52
12:18:30	50	15,00	0,52
12:19:00	50	15,00	0,52
12:19:30	50	15,00	0,52
12:20:00	50	15,00	0,52
12:20:30	50	15,00	0,52
12:21:00	50	15,00	0,52
12:21:30	50	14,99	0,53
12:22:00	50	14,99	0,53
12:22:30	50	14,99	0,53
12:23:00	50	14,98	0,53
12:23:30	50	14,99	0,53
12:24:00	50	14,99	0,53
12:24:30	50	14,98	0,53
12:25:00	50	14,98	0,53
12:25:30	50	14,98	0,53
12:26:00	50	14,98	0,53
12:26:30	50	14,98	0,53
12:27:00	50	14,98	0,53
12:27:30	50	14,98	0,53
12:28:00	50	14,98	0,53
12:28:30	50	14,98	0,53
12:29:00	50	14,98	0,53
12:29:30	50	14,98	0,53
12:30:00	50	14,97	0,54
12:30:30	50	14,97	0,54
12:31:00	50	14,97	0,54
12:31:30	50	14,97	0,54
12:32:00	50	14,97	0,54
12:32:30	50	14,97	0,54
12:33:00	50	14,97	0,54
12:33:30	50	14,97	0,54
12:34:00	50	14,97	0,54
12:34:30	50	14,97	0,54
12:35:00	50	14,97	0,54
12:35:30	50	14,97	0,54
12:36:00	50	14,97	0,54
12:36:30	50	14,97	0,54
12:37:00	50	14,97	0,54
12:37:30	50	14,97	0,54
12:38:00	50	14,96	0,54
12:38:30	50	14,96	0,54
12:39:00	50	14,96	0,54
12:39:30	50	14,96	0,54
12:40:00	50	14,95	0,55
12:40:30	50	14,95	0,55
12:41:00	50	14,95	0,55
12:41:30	50	14,96	0,54
12:42:00	50	14,95	0,55
12:42:30	50	14,96	0,54
12:43:00	50	14,95	0,55
12:43:30	50	14,96	0,54
12:44:00	50	14,95	0,55
12:44:30	50	14,95	0,55
12:45:00	50	14,95	0,55
12:45:30	50	14,95	0,55
12:46:00	50	14,95	0,55
12:46:30	50	14,95	0,55
12:47:00	50	14,95	0,55
12:47:30	50	14,95	0,55
12:48:00	50	14,95	0,55
12:48:30	50	14,95	0,55
12:49:00	50	14,95	0,55
12:49:30	50	14,95	0,55
12:50:00	50	14,95	0,55
12:50:30	50	14,95	0,55
12:51:00	50	14,95	0,55
12:51:30	50	14,95	0,55
12:52:00	50	14,95	0,55
12:52:30	50	14,95	0,55
12:53:00	50	14,95	0,55
12:53:30	50	14,94	0,56
12:54:00	50	14,94	0,56
12:54:30	50	14,94	0,56
12:55:00	50	14,93	0,56
12:55:30	50	14,93	0,56
12:56:00	50	14,93	0,56
12:56:30	50	14,93	0,56
12:57:00	50	14,93	0,56
12:57:30	50	14,93	0,56
12:58:00	50	14,94	0,56
12:58:30	50	14,93	0,56
12:59:00	50	14,93	0,56
12:59:30	50	14,93	0,56
13:00:00	50	14,93	0,56
13:00:30	50	14,93	0,56
13:01:00	50	14,93	0,56
13:01:30	50	14,93	0,56
13:02:00	50	14,92	0,57
13:02:30	50	14,93	0,56
13:03:00	50	14,92	0,57
13:03:30	50	14,92	0,57
13:04:00	50	14,92	0,57
13:04:30	50	14,92	0,57
13:05:00	50	14,92	0,57
13:05:30	50	14,92	0,57
13:06:00	50	14,92	0,57
13:06:30	50	14,92	0,57
13:07:00	50	14,92	0,57
13:07:30	50	14,92	0,57
13:08:00	50	14,92	0,57
13:08:30	50	14,91	0,57
13:09:00	50	14,91	0,57
13:09:30	50	14,91	0,57
13:10:00	50	14,91	0,57
13:10:30	50	14,91	0,57
13:11:00	50	14,91	0,57
13:11:30	50	14,91	0,57
13:12:00	50	14,91	0,57
13:12:30	50	14,91	0,57
13:13:00	50	14,91	0,57
13:13:30	50	14,91	0,57
13:14:00	50	14,91	0,57
13:14:30	50	14,91	0,58
13:15:00	50	14,91	0,58
13:15:30	50	14,91	0,58
13:16:00	50	14,90	0,58
13:16:30	50	14,90	0,58
13:17:00	50	14,90	0,58
13:17:30	50	14,90	0,58
13:18:00	50	14,90	0,58
13:18:30	50	14,90	0,58
13:19:00	50	14,90	0,58
13:19:30	50	14,90	0,58
13:20:00	50	14,90	0,58
13:20:30	50	14,89	0,59
13:21:00	50	14,90	0,58
13:21:30	50	14,89	0,59
13:22:00	50	14,90	0,58
13:22:30	50	14,90	0,58
13:23:00	50	14,90	0,58
13:23:30	50	14,90	0,58
13:24:00	50	14,90	0,58
13:24:30	50	14,90	0,58
13:25:00	50	14,90	0,58
13:25:30	50	14,90	0,58
13:26:00	50	14,90	0,58
13:26:30	50	14,90	0,58
13:27:00	50	14,90	0,58
13:27:30	50	14,90	0,58
13:28:00	50	14,90	0,58
13:28:30	50	14,90	0,58
13:29:00	50	14,90	0,58
13:29:30	50	14,90	0,58
13:30:00	50	14,90	0,58
13:30:30	50	14,90	0,58
13:31:00	50	14,90	0,58
13:31:30	50	14,90	0,58
13:32:00	50	14,89	0,59
13:32:30	50	14,90	0,58
13:33:00	50	14,89	0,59
13:33:30	50	14,89	0,59
13:34:00	50	14,89	0,59
13:34:30	50	14,90	0,58
13:35:00	50	14,89	0,59
13:35:30	50	14,89	0,59
13:36:00	50	14,90	0,58
13:36:30	50	14,89	0,59
13:37:00	50	14,90	0,58
13:37:30	50	14,90	0,58
13:38:00	50	14,90	0,58
13:38:30	50	14,89	0,59
13:39:00	50	14,89	0,59
13:39:30	50	14,89	0,59
13:40:00	50	14,89	0,59
13:40:30	50	14,89	0,59
13:41:00	50	14,89	0,59
13:41:30	50	14,89	0,59
13:42:00	50	14,89	0,59
13:42:30	50	14,89	0,59
13:43:00	50	14,89	0,59
13:43:30	50	14,89	0,59
13:44:00	50	14,89	0,59
13:44:30	50	14,89	0,59
13:45:00	50	14,89	0,59
13:45:30	50	14,89	0,59
13:46:00	50	14,89	0,59
13:46:30	50	14,89	0,59
13:47:00	50	14,86	0,60
13:47:30	50	14,86	0,61
13:48:00	50	14,86	0,61
13:48:30	50	14,86	0,61
13:49:00	50	14,86	0,61
13:49:30	50	14,86	0,61
13:50:00	50	14,86	0,61
13:50:30	50	14,86	0,61
13:51:00	50	14,86	0,61
13:51:30	50	14,85	0,61
13:52:00	50	14,85	0,61
13:52:30	50	14,85	0,61
13:53:00	50	14,85	0,61
13:53:30	50	14,85	0,61
13:54:00	50	14,85	0,61
13:54:30	50	14,85	0,61
13:55:00	50	14,85	0,61
13:55:30	50	14,85	0,61
13:56:00	50	14,85	0,61
13:56:30	50	14,85	0,61
13:57:00	50	14,85	0,61
13:57:30	50	14,85	0,61
13:58:00	50	14,85	0,61
13:58:30	50	14,85	0,61
13:59:00	50	14,85	0,61
13:59:30	50	14,84	0,62
14:00:00	50	14,84	0,62
14:00:30	50	14,84	0,62
14:01:00	50	14,84	0,62
14:01:30	50	14,84	0,62
14:02:00	50	14,83	0,62
14:02:30	50	14,83	0,62
14:03:00	50	14,83	0,62
14:03:30	50	14,83	0,62
14:04:00	50	14,83	0,62
14:04:30	50	14,83	0,62
14:05:00	50	14,83	0,62
14:05:30	50	14,83	0,62
14:06:00	50	14,83	0,62
14:06:30	50	14,83	0,62
14:07:00	50	14,83	0,62
14:07:30	50	14,83	0,62
14:08:00	50	14,83	0,62
14:08:30	50	14,83	0,62
14:09:00	50	14,83	0,62
14:09:30	50	14,83	0,62
14:10:00	50	14,82	0,63
14:10:30	50	14,82	0,63
14:11:00	50	14,82	0,63
14:11:30	50	14,82	0,63
14:12:00	50	14,82	0,63
14:12:30	50	14,82	0,63
14:13:00	50	14,83	0,62
14:13:30	50	14,83	0,62
14:14:00	50	14,82	0,63
14:14:30	50	14,82	0,63
14:15:00	50	14,82	0,63
14:15:30	50	14,82	0,63
14:16:00	50	14,82	0,63
14:16:30	50	14,82	0,63
14:17:00	50	14,82	0,63
14:17:30	50	14,82	0,63
14:18:00	50	14,82	0,63
14:18:30	50	14,82	0,63
14:19:00	50	14,82	0,63
14:19:30	50	14,82	0,63
14:20:00	50	14,82	0,63
14:20:30	50	14,82	0,63
14:21:00	50	14,82	0,63
14:21:30	50	14,82	0,63
14:22:00	50	14,82	0,63
14:22:30	50	14,82	0,63
14:23:00	50	14,82	0,63
14:23:30	50	14,82	0,63
14:24:00	50	14,81	0,64
14:24:30	50	14,81	0,64
14:25:00	50	14,81	0,64
14:25:30	50	14,81	0,64
14:26:00	50	14,81	0,64
14:26:30	50	14,81	0,64
14:27:00	50	14,82	0,63
14:27:30	50	14,82	0,63
14:28:00	50	14,82	0,63
14:28:30	50	14,81	0,64
14:29:00	50	14,81	0,64
14:29:30	50	14,81	0,64
14:30:00	50	14,81	0,64
14:30:30	50	14,81	0,64
14:31:00	50	14,81	0,64
14:31:30	50	14,81	0,64
14:32:00	50	14,81	0,64
14:32:30	50	14,81	0,64
14:33:00	50	14,80	0,64
14:33:30	50	14,80	0,64
14:34:00	50	14,81	0,64
14:34:30	50	14,81	0,64
14:35:00	50	14,81	0,64
14:35:30	50	14,81	0,64
14:36:00	50	14,81	0,64
14:36:30	50	14,81	0,64
14:37:00	50	14,80	0,64
14:37:30	50	14,80	0,64
14:38:00	50	14,80	0,64
14:38:30	50	14,80	0,64
14:39:00	50	14,80	0,64
14:39:30	50	14,80	0,64
14:40:00	50	14,80	0,64
14:40:30	50	14,79	0,65
14:41:00	50	14,79	0,65
14:41:30	50	14,79	0,65
14:42:00	50	14,79	0,65
14:42:30	50	14,79	0,65
14:43:00	50	14,79	0,65
14:43:30	50	14,79	0,65
14:44:00	50	14,79	0,65
14:44:30	50	14,79	0,65
14:45:00	50	14,79	0,65
14:45:30	50	14,79	0,65
14:46:00	50	14,79	0,65
14:46:30	50	14,79	0,65
14:47:00	50	14,79	0,65
14:47:30	50	14,79	0,65
14:48:00	50	14,79	0,65
14:48:30	50	14,79	0,65
14:49:00	50	14,79	0,65
14:49:30	50	14,79	0,65
14:50:00	50	14,79	0,65
14:50:30	50	14,79	0,65
14:51:00	50	14,79	0,65
14:51:30	50	14,79	0,65
14:52:00	50	14,79	0,65
14:52:30	50	14,79	0,65
14:53:00	50	14,79	0,65
14:53:30	50	14,79	0,65
14:54:00	50	14,79	0,65
14:54:30	50	14,77	0,66
14:55:00	50	14,77	0,66
14:55:30	50	14,77	0,66
14:56:00	50	14,77	0,66
14:56:30	50	14,77	0,66
14:57:00	50	14,77	0,66
14:57:30	50	14,77	0,66
14:58:00	50	14,77	0,66
14:58:30	50	14,77	0,66
14:59:00	50	14,77	0,67
14:59:30	50	14,77	0,67
15:00:00	50	14,77	0,67
15:00:30	50	14,77	0,67
15:01:00	50	14,77	0,67
15:01:30	50	14,77	0,67
15:02:00	50	14,77	0,67
15:02:30	50	14,77	0,67
15:03:00	50	14,77	0,67
15:03:30	50	14,77	0,67
15:04:00	50	14,77	0,67
15:04:30	50	14,77	0,67
15:05:00	50	14,77	0,67
15:05:30	50	14,77	0,67
15:06:00	50	14,77	0,67
15:06:30	50	14,77	0,67
15:07:00	50	14,77	0,67
15:07:30	50	14,76	0,67
15:08:00	50	14,76	0,67
15:08:30	50	14,76	0,67
15:09:00	50	14,76	0,67
15:09:30	50	14,76	0,67
15:10:00	50	14,76	0,67
15:10:30	50	14,76	0,67
15:11:00	50	14,76	0,67
15:11:30	50	14,76	0,67
15:12:00	50	14,76	0,67
15:12:30	50	14,76	0,67
15:13:00	50	14,76	0,67
15:13:30	50	14,76	0,67
15:14:00	50	14,76	0,67
15:14:30	50	14,76	0,67
15:15:00	50	14,76	0,67
15:15:30	50	14,75	0,68
15:16:00	50	14,75	0,68
15:16:30	50	14,75	0,68
15:17:00	50	14,75	0,68
15:17:30	50	14,75	0,68
15:18:00	50	14,75	0,68
15:18:30	50	14,75	0,68
15:19:00	50	14,75	0,68
15:19:30	50	14,75	0,68
15:20:00	50	14,75	0,68
15:20:30	50	14,75	0,68
15:21:00	50	14,75	0,68
15:21:30	50	14,75	0,68
15:22:00	50	14,75	0,68
15:22:30	50	14,75	0,68
15:23:00	50	14,75	0,68
15:23:30	50	14,75	0,68
15:24:00	50	14,75	0,68
15:24:30	50	14,75	0,68
15:25:00	50	14,75	0,68
15:25:30	50	14,75	0,68
15:26:00	50	14,75	0,68
15:26:30	50	14,75	0,68
15:27:00	50	14,75	0,68
15:27:30	50	14,75	0,68
15:28:00	50	14,74	0,68
15:28:30	50	14,74	0,68
15:29:00	50	14,74	0,68
15:29:30	50	14,74	0,68
15:30:00	50	14,74	0,68
15:30:30	50	14,74	0,68
15:31:00	50	14,74	0,68
15:31:30	50	14,74	0,68
15:32:00	50	14,74	0,68
15:32:30	50	14,74	0,68
15:33:00	50	14,74	0,68
15:33:30	50	14,74	0,68
15:34:00	50	14,74	0,68
15:34:30	50	14,74	0,68
15:35:00	50	14,73	0,69
15:35:30	50	14,73	0,69
15:36:00	50	14,73	0,69
15:36:30	50	14,74	0,68
15:37:00	50	14,74	0,68
15:37:30	50	14,74	0,68
15:38:00	50	14,74	0,68
15:38:30	50	14,74	0,68
15:39:00	50	14,74	0,68
15:39:30	50	14,73	0,69
15:40:00	50	14,73	0,69
15:40:30	50	14,73	0,69
15:41:00	50	14,73	0,69
15:41:30	50	14,73	0,69
15:42:00	50	14,73	0,69
15:42:30	50	14,73	0,69
15:43:00	50	14,73	0,69
15:43:30	50	14,73	0,69
15:44:00	50	14,73	0,69
15:44:30	50	14,73	0,69
15:45:00	50	14,73	0,69
15:45:30	50	14,73	0,69
15:46:00	50	14,73	0,69
15:46:30	50	14,73	0,69
15:47:00	50	14,73	0,69
15:47:30	50	14,73	0,69
15:48:00	50	14,73	0,69
15:48:30	50	14,73	0,69
15:49:00	50	14,73	0,69
15:49:30	50	14,73	0,69
15:50:00	50	14,73	0,69
15:50:30	50	14,73	0,69
15:51:00	50	14,73	0,69
15:51:30	50	14,73	0,69
15:52:00	50	14,73	0,69
15:52:30	50	14,73	0,69
15:53:00	50	14,73	0,69
15:53:30	50	14,73	0,69
15:54:00	50	14,73	0,69
15:54:30	50	14,73	0,69
15:55:00	50	14,72	0,70
15:55:30	50	14,72	0,70
15:56:00	50	14,72	0,70
15:56:30	50	14,72	0,70
15:57:00	50	14,72	0,70
15:57:30	50	14,72	0,70
15:58:00	50	14,72	0,70
15:58:30	50	14,72	0,70
15:59:00	50	14,73	0,69
15:59:30	50	14,72	0,70
16:00:00	50	14,72	0,70
16:00:30	50	14,72	0,70
16:01:00	50	14,72	0,70
16:01:30	50	14,72	0,70
16:02:00	50	14,72	0,70
16:02:30	50	14,72	0,70
16:03:00	50	14,72	0,70
16:03:30	50	14,72	0,70
16:04:00	50	14,72	0,70
16:04:30	50	14,72	0,70
16:05:00	50	14,72	0,70
16:05:30	50	14,72	0,70
16:06:00	50	14,73	0,69
16:06:30	50	14,73	0,69
16:07:00	50	14,73	0,69
16:07:30	50	14,73	0,69
16:08:00	50	14,73	0,69
16:08:30	50	14,73	0,69
16:09:00	50	14,72	0,70
16:09:30	50	14,72	0,70
16:10:00	50	14,73	0,69
16:10:30	50	14,73	0,69
16:11:00	50	14,73	0,69
16:11:30	50	14,73	0,69
16:12:00	50	14,73	0,69
16:12:30	50	14,73	0,69
16:13:00	50	14,73	0,69
16:13:30	50	14,73	0,69
16:14:00	50	14,73	0,69
16:14:30	50	14,73	0,69
16:15:00	50	14,73	0,69
16:15:30	50	14,73	0,69
16:16:00	50	14,73	0,69
16:16:30	50	14,73	0,69
16:17:00	50	14,73	0,69
16:17:30	50	14,73	0,69
16:18:00	50	14,73	0,69
16:18:30	50	14,73	0,69
16:19:00	50	14,73	0,69
16:19:30	50	14,73	0,69
16:20:00	50	14,73	0,69
16:20:30	50	14,72	0,70
16:21:00	50	14,73	0,69
16:21:30	50	14,73	0,69
16:22:00	50	14,73	0,69
16:22:30	50	14,73	0,69
16:23:00	50	14,73	0,69
16:23:30	50	14,73	0,69
16:24:00	50	14,73	0,69
16:24:30	50	14,73	0,69
16:25:00	50	14,73	0,69
16:25:30	50	14,73	0,69
16:26:00	50	14,73	0,69
16:26:30	50	14,73	0,69
16:27:00	50	14,73	0,69
16:27:30	50	14,73	0,69
16:28:00	50	14,72	0,70
16:28:30	50	14,72	0,70
16:29:00	50	14,72	0,70
16:29:30	50	14,72	0,70
16:30:00	50	14,69	0,72
16:30:30	50	14,69	0,72
16:31:00	50	14,69	0,72
16:31:30	50	14,69	0,72
16:32:00	50	14,69	0,72
16:32:30	50	14,69	0,72
16:33:00	50	14,69	0,72
16:33:30	50	14,69	0,72
16:34:00	50	14,69	0,72
16:34:30	50	14,69	0,72
16:35:00	50	14,69	0,72
16:35:30	50	14,68	0,72
16:36:00	50	14,68	0,72
16:36:30	50	14,68	0,72
16:37:00	50	14,68	0,72
16:37:30	50	14,68	0,72
16:38:00	50	14,68	0,72
16:38:30	50	14,68	0,72
16:39:00	50	14,68	0,72
16:39:30	50	14,68	0,72
16:40:00	50	14,68	0,72
16:40:30	50	14,69	0,72
16:41:00	50	14,68	0,72
16:41:30	50	14,68	0,72
16:42:00	50	14,68	0,72
16:42:30	50	14,68	0,72
16:43:00	50	14,68	0,72
16:43:30	50	14,68	0,72
16:44:00	50	14,68	0,72
16:44:30	50	14,68	0,72
16:45:00	50	14,67	0,73
16:45:30	50	14,67	0,73
16:46:00	50	14,68	0,72
16:46:30	50	14,68	0,72
16:47:00	50	14,68	0,72
16:47:30	50	14,68	0,72
16:48:00	50	14,68	0,72
16:48:30	50	14,68	0,72
16:49:00	50	14,67	0,73
16:49:30	50	14,67	0,73
16:50:00	50	14,67	0,73
16:50:30	50	14,67	0,73
16:51:00	50	14,67	0,73
16:51:30	50	14,67	0,73
16:52:00	50	14,67	0,73
16:52:30	50	14,67	0,73
16:53:00	50	14,67	0,73
16:53:30	50	14,67	0,73
16:54:00	50	14,67	0,73
16:54:30	50	14,67	0,73
16:55:00	50	14,67	0,73
16:55:30	50	14,67	0,73
16:56:00	50	14,67	0,73
16:56:30	50	14,67	0,73
16:57:00	50	14,67	0,73
16:57:30	50	14,67	0,73
16:58:00	50	14,67	0,73
16:58:30	50	14,67	0,73
16:59:00	50	14,67	0,73
16:59:30	50	14,67	0,73
17:00:00	50	14,67	0,73
17:00:30	50	14,67	0,73
17:01:00	50	14,67	0,73
17:01:30	50	14,67	0,73
17:02:00	50	14,67	0,73
17:02:30	50	14,67	0,73
17:03:00	50	14,67	0,73
17:03:30	50	14,67	0,73
17:04:00	50	14,67	0,73
17:04:30	50	14,67	0,73
17:05:00	50	14,67	0,73
17:05:30	50	14,66	0,74
17:06:00	50	14,66	0,74
17:06:30	50	14,66	0,74
17:07:00	50	14,66	0,74
17:07:30	50	14,66	0,74
17:08:00	50	14,67	0,73
17:08:30	50	14,67	0,73
17:09:00	50	14,67	0,73
17:09:30	50	14,67	0,73
17:10:00	50	14,67	0,73
17:10:30	50	14,67	0,73
17:11:00	50	14,66	0,74
17:11:30	50	14,66	0,74
17:12:00	50	14,66	0,74
17:12:30	50	14,66	0,74
17:13:00	50	14,66	0,74
17:13:30	50	14,66	0,74
17:14:00	50	14,66	0,74
17:14:30	50	14,66	0,74
17:15:00	50	14,66	0,74
17:15:30	50	14,66	0,74
17:16:00	50	14,66	0,74
17:16:30	50	14,66	0,74
17:17:00	50	14,66	0,74
17:17:30	50	14,66	0,74
17:18:00	50	14,66	0,74
17:18:30	50	14,66	0,74
17:19:00	50	14,66	0,74
17:19:30	50	14,66	0,74
17:20:00	50	14,66	0,74
17:20:30	50	14,65	0,74
17:21:00	50	14,65	0,74
17:21:30	50	14,65	0,74
17:22:00	50	14,65	0,74
17:22:30	50	14,65	0,74
17:23:00	50	14,65	0,74
17:23:30	50	14,65	0,74
17:24:00	50	14,65	0,74
17:24:30	50	14,66	0,74
17:25:00	50	14,66	0,74
17:25:30	50	14,65	0,74
17:26:00	50	14,65	0,74
17:26:30	50	14,65	0,74
17:27:00	50	14,65	0,74
17:27:30	50	14,65	0,74
17:28:00	50	14,64	0,75
17:28:30	50	14,64	0,75
17:29:00	50	14,64	0,75
17:29:30	50	14,64	0,75
17:30:00	50	14,64	0,75
17:30:30	50	14,64	0,75
17:31:00	50	14,65	0,74
17:31:30	50	14,64	0,75
17:32:00	50	14,65	0,74
17:32:30	50	14,64	0,75
17:33:00	50	14,65	0,74
17:33:30	50	14,64	0,75
17:34:00	50	14,64	0,75
17:34:30	50	14,64	0,75
17:35:00	50	14,64	0,75
17:35:30	50	14,64	0,75
17:36:00	50	14,64	0,75
17:36:30	50	14,64	0,75
17:37:00	50	14,64	0,75
17:37:30	50	14,64	0,75
17:38:00	50	14,64	0,75
17:38:30	50	14,64	0,75
17:39:00	50	14,64	0,75
17:39:30	50	14,64	0,75
17:40:00	50	14,64	0,75
17:40:30	50	14,64	0,75
17:41:00	50	14,64	0,75
17:41:30	50	14,64	0,75
17:42:00	50	14,64	0,75
17:42:30	50	14,64	0,75
17:43:00	50	14,64	0,75
17:43:30	50	14,64	0,75
17:44:00	50	14,64	0,75
17:44:30	50	14,62	0,76
17:45:00	50	14,62	0,76
17:45:30	50	14,63	0,76
17:46:00	50	14,63	0,76
17:46:30	50	14,62	0,76
17:47:00	50	14,62	0,76
17:47:30	50	14,62	0,76
17:48:00	50	14,62	0,76
17:48:30	50	14,62	0,76
17:49:00	50	14,62	0,76
17:49:30	50	14,62	0,76
17:50:00	50	14,62	0,76
17:50:30	50	14,62	0,76
17:51:00	50	14,62	0,76
17:51:30	50	14,62	0,76
17:52:00	50	14,61	0,77
17:52:30	50	14,62	0,76
17:53:00	50	14,62	0,76
17:53:30	50	14,62	0,76
17:54:00	50	14,62	0,76
17:54:30	50	14,61	0,77
17:55:00	50	14,62	0,76
17:55:30	50	14,62	0,76
17:56:00	50	14,62	0,76
17:56:30	50	14,62	0,76
17:57:00	50	14,62	0,76
17:57:30	50	14,62	0,76
17:58:00	50	14,61	0,77
17:58:30	50	14,61	0,77
17:59:00	50	14,61	0,77
17:59:30	50	14,61	0,77
18:00:00	50	14,61	0,77
18:00:30	50	14,61	0,77
18:01:00	50	14,61	0,77
18:01:30	50	14,61	0,77
18:02:00	50	14,61	0,77
18:02:30	50	14,61	0,77
18:03:00	50	14,61	0,77
18:03:30	50	14,61	0,77
18:04:00	50	14,61	0,77
18:04:30	50	14,61	0,77
18:05:00	50	14,61	0,77
18:05:30	50	14,61	0,77
18:06:00	50	14,61	0,77
18:06:30	50	14,61	0,77
18:07:00	50	14,61	0,77
18:07:30	50	14,61	0,77
18:08:00	50	14,61	0,77
18:08:30	50	14,61	0,77
18:09:00	50	14,61	0,77
18:09:30	50	14,61	0,77
18:10:00	50	14,61	0,77
18:10:30	50	14,61	0,77
18:11:00	50	14,61	0,77
18:11:30	50	14,61	0,77
18:12:00	50	14,61	0,77
18:12:30	50	14,61	0,77
18:13:00	50	14,60	0,78
18:13:30	50	14,60	0,78
18:14:00	50	14,61	0,77
18:14:30	50	14,60	0,78
18:15:00	50	14,60	0,78
18:15:30	50	14,61	0,77
18:16:00	50	14,61	0,77
18:16:30	50	14,60	0,78
18:17:00	50	14,61	0,77
18:17:30	50	14,61	0,77
18:18:00	50	14,61	0,77
18:18:30	50	14,61	0,77
18:19:00	50	14,60	0,78
18:19:30	50	14,60	0,78
18:20:00	50	14,61	0,77
18:20:30	50	14,60	0,78
18:21:00	50	14,60	0,78
18:21:30	50	14,60	0,78
18:22:00	50	14,60	0,78
18:22:30	50	14,60	0,78
18:23:00	50	14,60	0,78
18:23:30	50	14,60	0,78
18:24:00	50	14,60	0,78
18:24:30	50	14,60	0,78
18:25:00	50	14,60	0,78
18:25:30	50	14,60	0,78
18:26:00	50	14,60	0,78
18:26:30	50	14,60	0,78
18:27:00	50	14,60	0,78
18:27:30	50	14,60	0,78
18:28:00	50	14,59	0,78
18:28:30	50	14,60	0,78
18:29:00	50	14,59	0,78
18:29:30	50	14,60	0,78
18:30:00	50	14,59	0,78
18:30:30	50	14,59	0,78
18:31:00	50	14,59	0,78
18:31:30	50	14,60	0,78
18:32:00	50	14,60	0,78
18:32:30	50	14,60	0,78
18:33:00	50	14,60	0,78
18:33:30	50	14,60	0,78
18:34:00	50	14,60	0,78
18:34:30	50	14,60	0,78
18:35:00	50	14,60	0,78
18:35:30	50	14,59	0,78
18:36:00	50	14,59	0,78
18:36:30	50	14,59	0,78
18:37:00	50	14,59	0,78
18:37:30	50	14,59	0,78
18:38:00	50	14,59	0,78
18:38:30	50	14,59	0,78
18:39:00	50	14,59	0,78
18:39:30	50	14,59	0,78
18:40:00	50	14,59	0,78
18:40:30	50	14,59	0,78
18:41:00	50	14,59	0,78
18:41:30	50	14,59	0,78
18:42:00	50	14,59	0,78
18:42:30	50	14,59	0,78
18:43:00	50	14,59	0,78
18:43:30	50	14,59	0,78
18:44:00	50	14,59	0,79
18:44:30	50	14,59	0,79
18:45:00	50	14,59	0,79
18:45:30	50	14,59	0,79
18:46:00	50	14,59	0,79
18:46:30	50	14,59	0,79
18:47:00	50	14,59	0,79
18:47:30	50	14,59	0,79
18:48:00	50	14,59	0,79
18:48:30	50	14,59	0,79
18:49:00	50	14,59	0,79
18:49:30	50	14,59	0,79
18:50:00	50	14,59	0,79
18:50:30	50	14,59	0,79
18:51:00	50	14,59	0,79
18:51:30	50	14,58	0,79
18:52:00	50	14,58	0,79
18:52:30	50	14,58	0,79
18:53:00	50	14,58	0,79
18:53:30	50	14,59	0,79
18:54:00	50	14,58	0,79
18:54:30	50	14,58	0,79
18:55:00	50	14,59	0,79
18:55:30	50	14,59	0,79
18:56:00	50	14,59	0,79
18:56:30	50	14,59	0,79
18:57:00	50	14,59	0,79
18:57:30	50	14,59	0,79
18:58:00	50	14,59	0,79
18:58:30	50	14,59	0,79
18:59:00	50	14,59	0,79
18:59:30	50	14,59	0,79
19:00:00	50	14,59	0,79
19:00:30	50	14,59	0,79
19:01:00	50	14,59	0,79
19:01:30	50	14,58	0,79
19:02:00	50	14,58	0,79
19:02:30	50	14,58	0,79
19:03:00	50	14,58	0,79
19:03:30	50	14,58	0,79
19:04:00	50	14,58	0,79
19:04:30	50	14,58	0,79
19:05:00	50	14,58	0,79
19:05:30	50	14,58	0,79
19:06:00	50	14,58	0,79
19:06:30	50	14,58	0,79
19:07:00	50	14,58	0,79
19:07:30	50	14,58	0,79
19:08:00	50	14,58	0,79
19:08:30	50	14,58	0,79
19:09:00	50	14,58	0,79
19:09:30	50	14,58	0,79
19:10:00	50	14,58	0,79
19:10:30	50	14,58	0,79
19:11:00	50	14,58	0,79
19:11:30	50	14,58	0,79
19:12:00	50	14,58	0,79
19:12:30	50	14,58	0,79
19:13:00	50	14,58	0,79
19:13:30	50	14,58	0,79
19:14:00	50	14,58	0,79
19:14:30	50	14,58	0,79
19:15:00	50	14,58	0,79
19:15:30	50	14,58	0,79
19:16:00	50	14,57	0,80
19:16:30	50	14,57	0,80
19:17:00	50	14,57	0,80
19:17:30	50	14,57	0,80
19:18:00	50	14,57	0,80
19:18:30	50	14,57	0,80
19:19:00	50	14,57	0,80
19:19:30	50	14,57	0,80
19:20:00	50	14,57	0,80
19:20:30	50	14,57	0,80
19:21:00	50	14,57	0,80
19:21:30	50	14,57	0,80
19:22:00	50	14,57	0,80
19:22:30	50	14,57	0,80
19:23:00	50	14,57	0,80
19:23:30	50	14,57	0,80
19:24:00	50	14,57	0,80
19:24:30	50	14,57	0,80
19:25:00	50	14,57	0,80
19:25:30	50	14,57	0,80
19:26:00	50	14,57	0,80
19:26:30	50	14,57	0,80
19:27:00	50	14,57	0,80
19:27:30	50	14,57	0,80
19:28:00	50	14,57	0,80
19:28:30	50	14,57	0,80
19:29:00	50	14,57	0,80
19:29:30	50	14,57	0,80
19:30:00	50	14,57	0,80
19:30:30	50	14,57	0,80
19:31:00	50	14,57	0,80
19:31:30	50	14,57	0,80
19:32:00	50	14,56	0,80
19:32:30	50	14,56	0,80
19:33:00	50	14,56	0,80
19:33:30	50	14,56	0,80
19:34:00	50	14,56	0,80
19:34:30	50	14,56	0,80
19:35:00	50	14,56	0,80
19:35:30	50	14,56	0,80
19:36:00	50	14,56	0,80
19:36:30	50	14,56	0,80
19:37:00	50	14,56	0,80
19:37:30	50	14,56	0,80
19:38:00	50	14,56	0,80
19:38:30	50	14,56	0,80
19:39:00	50	14,56	0,80
19:39:30	50	14,56	0,80
19:40:00	50	14,56	0,80
19:40:30	50	14,56	0,80
19:41:00	50	14,56	0,80
19:41:30	50	14,56	0,80
19:42:00	50	14,56	0,80
19:42:30	50	14,56	0,80
19:43:00	50	14,56	0,80
19:43:30	50	14,56	0,80
19:44:00	50	14,56	0,80
19:44:30	50	14,56	0,80
19:45:00	50	14,56	0,80
19:45:30	50	14,56	0,80
19:46:00	50	14,56	0,80
19:46:30	50	14,55	0,81
19:47:00	50	14,56	0,80
19:47:30	50	14,55	0,81
19:48:00	50	14,55	0,81
19:48:30	50	14,55	0,81
19:49:00	50	14,55	0,81
19:49:30	50	14,55	0,81
19:50:00	50	14,55	0,81
19:50:30	50	14,55	0,81
19:51:00	50	14,55	0,81
19:51:30	50	14,55	0,81
19:52:00	50	14,55	0,81
19:52:30	50	14,55	0,81
19:53:00	50	14,55	0,81
19:53:30	50	14,55	0,81
19:54:00	50	14,55	0,81
19:54:30	50	14,55	0,81
19:55:00	50	14,55	0,81
19:55:30	50	14,55	0,81
19:56:00	50	14,55	0,81
19:56:30	50	14,55	0,81
19:57:00	50	14,55	0,81
19:57:30	50	14,55	0,81
19:58:00	50	14,55	0,81
19:58:30	50	14,55	0,81
19:59:00	50	14,55	0,81
19:59:30	50	14,55	0,81
20:00:00	50	14,55	0,82
20:00:30	50	14,55	0,82
20:01:00	50	14,55	0,82
20:01:30	50	14,55	0,82
20:02:00	50	14,55	0,82
20:02:30	50	14,55	0,82
20:03:00	50	14,55	0,82
20:03:30	50	14,55	0,82
20:04:00	50	14,55	0,82
20:04:30	50	14,55	0,82
20:05:00	50	14,55	0,82
20:05:30	50	14,55	0,82
20:06:00	50	14,55	0,82
20:06:30	50	14,55	0,82
20:07:00	50	14,55	0,82
20:07:30	50	14,55	0,82
20:08:00	50	14,55	0,82
20:08:30	50	14,55	0,82
20:09:00	50	14,55	0,82
20:09:30	50	14,55	0,82
20:10:00	50	14,55	0,82
20:10:30	50	14,55	0,82
20:11:00	50	14,55	0,82
20:11:30	50	14,55	0,82
20:12:00	50	14,55	0,82
20:12:30	50	14,55	0,82
20:13:00	50	14,55	0,82
20:13:30	50	14,55	0,82
20:14:00	50	14,55	0,82
20:14:30	50	14,55	0,82
20:15:00	50	14,55	0,82
20:15:30	50	14,54	0,82
20:16:00	50	14,54	0,82
20:16:30	50	14,54	0,82
20:17:00	50	14,54	0,82
20:17:30	50	14,54	0,82
20:18:00	50	14,54	0,82
20:18:30	50	14,54	0,82
20:19:00	50	14,54	0,82
20:19:30	50	14,54	0,82
20:20:00	50	14,54	0,82
20:20:30	50	14,54	0,82
20:21:00	50	14,54	0,82
20:21:30	50	14,54	0,82
20:22:00	50	14,54	0,82
20:22:30	50	14,54	0,82
20:23:00	50	14,54	0,82
20:23:30	50	14,54	0,82
20:24:00	50	14,54	0,82
20:24:30	50	14,54	0,82
20:25:00	50	14,54	0,82
20:25:30	50	14,54	0,82
20:26:00	50	14,54	0,82
20:26:30	50	14,54	0,82
20:27:00	50	14,54	0,82
20:27:30	50	14,54	0,82
20:28:00	50	14,54	0,82
20:28:30	50	14,54	0,82
20:29:00	50	14,54	0,82
20:29:30	50	14,54	0,82
20:30:00	50	14,54	0,82
20:30:30	50	14,54	0,82
20:31:00	50	14,54	0,82
20:31:30	50	14,54	0,82
20:32:00	50	14,53	0,83
20:32:30	50	14,53	0,83
20:33:00	50	14,53	0,83
20:33:30	50	14,53	0,83
20:34:00	50	14,53	0,83
20:34:30	50	14,53	0,83
20:35:00	50	14,53	0,83
20:35:30	50	14,53	0,83
20:36:00	50	14,53	0,83
20:36:30	50	14,53	0,83
20:37:00	50	14,53	0,83
20:37:30	50	14,53	0,83
20:38:00	50	14,53	0,83
20:38:30	50	14,53	0,83
20:39:00	50	14,53	0,83
20:39:30	50	14,53	0,83
20:40:00	50	14,53	0,83
20:40:30	50	14,53	0,83
20:41:00	50	14,53	0,83
20:41:30	50	14,53	0,83
20:42:00	50	14,53	0,83
20:42:30	50	14,53	0,83
20:43:00	50	14,53	0,83
20:43:30	50	14,53	0,83
20:44:00	50	14,53	0,83
20:44:30	50	14,53	0,83
20:45:00	50	14,53	0,83
20:45:30	50	14,52	0,83
20:46:00	50	14,52	0,83
20:46:30	50	14,52	0,83
20:47:00	50	14,52	0,83
20:47:30	50	14,52	0,83
20:48:00	50	14,52	0,83
20:48:30	50	14,52	0,83
20:49:00	50	14,52	0,83
20:49:30	50	14,52	0,83
20:50:00	50	14,52	0,83
20:50:30	50	14,52	0,83
20:51:00	50	14,52	0,83
20:51:30	50	14,52	0,83
20:52:00	50	14,52	0,83
20:52:30	50	14,52	0,83
20:53:00	50	14,52	0,83
20:53:30	50	14,52	0,83
20:54:00	50	14,52	0,83
20:54:30	50	14,52	0,83
20:55:00	50	14,52	0,83
20:55:30	50	14,52	0,83
20:56:00	50	14,52	0,83
20:56:30	50	14,52	0,83
20:57:00	50	14,52	0,83
20:57:30	50	14,52	0,83
20:58:00	50	14,52	0,83
20:58:30	50	14,52	0,83
20:59:00	50	14,52	0,83
20:59:30	50	14,52	0,83
21:00:00	50	14,52	0,83
21:00:30	50	14,52	0,84
21:01:00	50	14,52	0,84
21:01:30	50	14,52	0,83
21:02:00	50	14,52	0,84
21:02:30	50	14,52	0,84
21:03:00	50	14,52	0,84
21:03:30	50	14,52	0,84
21:04:00	50	14,52	0,84
21:04:30	50	14,52	0,84
21:05:00	50	14,52	0,84
21:05:30	50	14,52	0,84
21:06:00	50	14,52	0,84
21:06:30	50	14,52	0,84
21:07:00	50	14,52	0,84
21:07:30	50	14,52	0,84
21:08:00	50	14,52	0,84
21:08:30	50	14,52	0,84
21:09:00	50	14,52	0,84
21:09:30	50	14,48	0,86
21:10:00	50	14,47	0,87
21:10:30	50	14,48	0,86
21:11:00	50	14,47	0,87
21:11:30	50	14,47	0,87
21:12:00	50	14,47	0,87
21:12:30	50	14,47	0,87
21:13:00	50	14,47	0,87
21:13:30	50	14,47	0,87
21:14:00	50	14,47	0,87
21:14:30	50	14,47	0,87
21:15:00	50	14,47	0,87
21:15:30	50	14,47	0,87
21:16:00	50	14,47	0,87
21:16:30	50	14,47	0,87
21:17:00	50	14,47	0,87
21:17:30	50	14,47	0,87
21:18:00	50	14,47	0,87
21:18:30	50	14,47	0,87
21:19:00	50	14,47	0,87
21:19:30	50	14,47	0,87
21:20:00	50	14,47	0,87
21:20:30	50	14,47	0,87
21:21:00	50	14,47	0,87
21:21:30	50	14,47	0,87
21:22:00	50	14,47	0,87
21:22:30	50	14,46	0,87
21:23:00	50	14,46	0,87
21:23:30	50	14,46	0,87
21:24:00	50	14,46	0,87
21:24:30	50	14,46	0,87
21:25:00	50	14,46	0,87
21:25:30	50	14,46	0,87
21:26:00	50	14,46	0,87
21:26:30	50	14,46	0,87
21:27:00	50	14,46	0,87
21:27:30	50	14,46	0,87
21:28:00	50	14,46	0,87
21:28:30	50	14,46	0,87
21:29:00	50	14,46	0,87
21:29:30	50	14,46	0,87
21:30:00	50	14,46	0,87
21:30:30	50	14,46	0,87
21:31:00	50	14,46	0,87
21:31:30	50	14,46	0,87
21:32:00	50	14,46	0,87
21:32:30	50	14,46	0,87
21:33:00	50	14,46	0,87
21:33:30	50	14,46	0,87
21:34:00	50	14,46	0,87
21:34:30	50	14,46	0,87
21:35:00	50	14,46	0,87
21:35:30	50	14,46	0,87
21:36:00	50	14,46	0,87
21:36:30	50	14,46	0,87
21:37:00	50	14,46	0,87
21:37:30	50	14,46	0,87
21:38:00	50	14,46	0,87
21:38:30	50	14,46	0,87
21:39:00	50	14,46	0,88
21:39:30	50	14,46	0,88
21:40:00	50	14,46	0,88
21:40:30	50	14,46	0,88
21:41:00	50	14,46	0,88
21:41:30	50	14,46	0,88
21:42:00	50	14,46	0,88
21:42:30	50	14,46	0,88
21:43:00	50	14,46	0,88
21:43:30	50	14,46	0,88
21:44:00	50	14,46	0,88
21:44:30	50	14,46	0,88
21:45:00	50	14,46	0,88
21:45:30	50	14,46	0,88
21:46:00	50	14,46	0,88
21:46:30	50	14,46	0,88
21:47:00	50	14,46	0,88
21:47:30	50	14,46	0,88
21:48:00	50	14,46	0,88
21:48:30	50	14,44	0,89
21:49:00	50	14,44	0,89
21:49:30	50	14,43	0,90
21:50:00	50	14,44	0,89
21:50:30	50	14,44	0,89
21:51:00	50	14,44	0,89
21:51:30	50	14,44	0,89
21:52:00	50	14,44	0,89
21:52:30	50	14,44	0,89
21:53:00	50	14,44	0,89
21:53:30	50	14,44	0,89
21:54:00	50	14,43	0,90
21:54:30	50	14,43	0,90
21:55:00	50	14,43	0,90
21:55:30	50	14,43	0,90
21:56:00	50	14,43	0,90
21:56:30	50	14,43	0,90
21:57:00	50	14,43	0,90
21:57:30	50	14,43	0,90
21:58:00	50	14,43	0,90
21:58:30	50	14,43	0,90
21:59:00	50	14,43	0,90
21:59:30	50	14,43	0,90
22:00:00	50	14,43	0,90
22:00:30	50	14,43	0,90
22:01:00	50	14,43	0,90
22:01:30	50	14,43	0,90
22:02:00	50	14,43	0,90
22:02:30	50	14,43	0,90
22:03:00	50	14,43	0,90
22:03:30	50	14,43	0,90
22:04:00	50	14,43	0,90
22:04:30	50	14,43	0,90
22:05:00	50	14,43	0,90
22:05:30	50	14,43	0,90
22:06:00	50	14,43	0,90
22:06:30	50	14,43	0,90
22:07:00	50	14,43	0,90
22:07:30	50	14,43	0,90
22:08:00	50	14,43	0,90
22:08:30	50	14,43	0,90
22:09:00	50	14,43	0,90
22:09:30	50	14,43	0,90
22:10:00	50	14,43	0,90
22:10:30	50	14,43	0,90
22:11:00	50	14,43	0,90
22:11:30	50	14,43	0,90
22:12:00	50	14,43	0,90
22:12:30	50	14,43	0,90
22:13:00	50	14,43	0,90
22:13:30	50	14,43	0,90
22:14:00	50	14,43	0,90
22:14:30	50	14,43	0,90
22:15:00	50	14,43	0,90
22:15:30	50	14,42	0,91
22:16:00	50	14,42	0,91
22:16:30	50	14,43	0,90
22:17:00	50	14,43	0,90
22:17:30	50	14,43	0,90
22:18:00	50	14,42	0,91
22:18:30	50	14,43	0,90
22:19:00	50	14,43	0,90
22:19:30	50	14,42	0,91
22:20:00	50	14,42	0,91
22:20:30	50	14,42	0,91
22:21:00	50	14,42	0,91
22:21:30	50	14,42	0,91
22:22:00	50	14,42	0,91
22:22:30	50	14,42	0,91
22:23:00	50	14,42	0,91
22:23:30	50	14,42	0,91
22:24:00	50	14,42	0,91
22:24:30	50	14,42	0,91
22:25:00	50	14,42	0,91
22:25:30	50	14,42	0,91
22:26:00	50	14,42	0,91
22:26:30	50	14,42	0,91
22:27:00	50	14,42	0,91
22:27:30	50	14,42	0,91
22:28:00	50	14,42	0,91
22:28:30	50	14,42	0,91
22:29:00	50	14,42	0,91
22:29:30	50	14,42	0,91
22:30:00	50	14,42	0,91
22:30:30	50	14,42	0,91
22:31:00	50	14,42	0,91
22:31:30	50	14,42	0,91
22:32:00	50	14,42	0,91
22:32:30	50	14,41	0,91
22:33:00	50	14,41	0,91
22:33:30	50	14,41	0,91
22:34:00	50	14,42	0,91
22:34:30	50	14,42	0,91
22:35:00	50	14,42	0,91
22:35:30	50	14,42	0,91
22:36:00	50	14,42	0,91
22:36:30	50	14,42	0,91
22:37:00	50	14,41	0,91
22:37:30	50	14,41	0,91
22:38:00	50	14,41	0,91
22:38:30	50	14,41	0,91
22:39:00	50	14,41	0,91
22:39:30	50	14,41	0,91
22:40:00	50	14,41	0,91
22:40:30	50	14,41	0,91
22:41:00	50	14,41	0,91
22:41:30	50	14,41	0,91
22:42:00	50	14,41	0,91
22:42:30	50	14,41	0,92
22:43:00	50	14,41	0,91
22:43:30	50	14,41	0,91
22:44:00	50	14,41	0,92
22:44:30	50	14,41	0,92
22:45:00	50	14,41	0,92
22:45:30	50	14,41	0,91
22:46:00	50	14,41	0,92
22:46:30	50	14,41	0,92
22:47:00	50	14,41	0,92
22:47:30	50	14,41	0,92
22:48:00	50	14,41	0,92
22:48:30	50	14,41	0,91
22:49:00	50	14,41	0,91
22:49:30	50	14,41	0,91
22:50:00	50	14,41	0,91
22:50:30	50	14,41	0,91
22:51:00	50	14,41	0,91
22:51:30	50	14,41	0,91
22:52:00	50	14,41	0,91
22:52:30	50	14,41	0,91
22:53:00	50	14,41	0,91
22:53:30	50	14,41	0,91
22:54:00	50	14,41	0,91
22:54:30	50	14,41	0,91
22:55:00	50	14,41	0,91
22:55:30	50	14,41	0,91
22:56:00	50	14,42	0,91
22:56:30	50	14,42	0,91
22:57:00	50	14,42	0,91
22:57:30	50	14,42	0,91
22:58:00	50	14,42	0,91
22:58:30	50	14,42	0,91
22:59:00	50	14,42	0,91
22:59:30	50	14,42	0,91
23:00:00	50	14,42	0,91
23:00:30	50	14,42	0,91
23:01:00	50	14,41	0,91
23:01:30	50	14,42	0,91
23:02:00	50	14,42	0,91
23:02:30	50	14,42	0,91
23:03:00	50	14,42	0,91
23:03:30	50	14,39	0,93
23:04:00	50	14,39	0,93
23:04:30	50	14,39	0,93
23:05:00	50	14,39	0,93
23:05:30	50	14,39	0,93
23:06:00	50	14,39	0,93
23:06:30	50	14,39	0,93
23:07:00	50	14,39	0,93
23:07:30	50	14,39	0,93
23:08:00	50	14,39	0,93
23:08:30	50	14,39	0,93
23:09:00	50	14,39	0,93
23:09:30	50	14,39	0,93
23:10:00	50	14,38	0,94
23:10:30	50	14,38	0,94
23:11:00	50	14,38	0,94
23:11:30	50	14,38	0,94
23:12:00	50	14,38	0,94
23:12:30	50	14,38	0,94
23:13:00	50	14,38	0,94
23:13:30	50	14,38	0,94
23:14:00	50	14,38	0,94
23:14:30	50	14,38	0,94
23:15:00	50	14,38	0,94
23:15:30	50	14,38	0,94
23:16:00	50	14,38	0,94
23:16:30	50	14,38	0,94
23:17:00	50	14,38	0,94
23:17:30	50	14,38	0,94
23:18:00	50	14,38	0,94
23:18:30	50	14,38	0,94
23:19:00	50	14,38	0,94
23:19:30	50	14,38	0,94
23:20:00	50	14,38	0,94
23:20:30	50	14,38	0,94
23:21:00	50	14,38	0,94
23:21:30	50	14,38	0,94
23:22:00	50	14,38	0,94
23:22:30	50	14,38	0,94
23:23:00	50	14,38	0,94
23:23:30	50	14,38	0,94
23:24:00	50	14,38	0,94
23:24:30	50	14,38	0,94
23:25:00	50	14,38	0,94
23:25:30	50	14,38	0,94
23:26:00	50	14,38	0,94
23:26:30	50	14,38	0,94
23:27:00	50	14,38	0,94
23:27:30	50	14,38	0,94
23:28:00	50	14,38	0,94
23:28:30	50	14,38	0,94
23:29:00	50	14,37	0,95
23:29:30	50	14,38	0,94
23:30:00	50	14,38	0,94
23:30:30	50	14,38	0,94
23:31:00	50	14,38	0,94
23:31:30	50	14,38	0,94
23:32:00	50	14,38	0,94
23:32:30	50	14,38	0,94
23:33:00	50	14,38	0,94
23:33:30	50	14,38	0,94
23:34:00	50	14,37	0,95
23:34:30	50	14,37	0,95
23:35:00	50	14,37	0,95
23:35:30	50	14,37	0,95
23:36:00	50	14,37	0,95
23:36:30	50	14,37	0,95
23:37:00	50	14,37	0,95
23:37:30	50	14,37	0,95
23:38:00	50	14,37	0,95
23:38:30	50	14,37	0,95
