--Test Summary--
Full Path and File Name	
Instrument Name	7222
Instrument Type	Model 7222 Consistometer
Instrument Serial Number	
Test Start Date	20.06.2019
Test Start Time	10:11:43
Test Stop Date	20.06.2019
Test Stop Time	19:08:23
Test Length	8:56:40
Final Sample Time Offset	8:56:40
Controller Schedule Name	
Sampling Period	10 seconds
Comments	
Information	WellID	
Information	Customer	RGU
Information	EngName	
Information	CementClass	OneCem
Information	CementMfr	
Information	Additives	1.5%SMS+27%NaCl(MixWater)
Information	Density	1500
Information	BHCT	49
Information	BHST	
Information	FluidLoss	
Information	JobType	
Calculated Value	Time_30Bc	6:40:50
Calculated Value	Time_70Bc	8:18:00
Calculated Value	Time_100Bc	8:56:40
Initial Temperature (°C)	27 °C
Final Temperature (°C)	50 °C
Initial Pressure (MPa)	0,5 MPa
Final Pressure (MPa)	39,4 MPa
Initial Consistency (Bc)	5 Bc
Final Consistency (Bc)	100 Bc
--Data--
Time (HH:MM:SS)	Temperature (°C)	Pressure (MPa)	Consistency (Bc)
0:00:00	27	0,5	5
0:00:10	27	0,4	5
0:00:20	27	0,4	5
0:00:30	27	0,4	5
0:00:40	27	0,4	5
0:00:50	27	0,4	5
0:01:00	27	0,4	5
0:01:10	27	0,4	5
0:01:20	27	0,4	6
0:01:30	27	0,4	5
0:01:40	27	0,4	5
0:01:50	27	0,4	5
0:02:00	27	0,4	5
0:02:10	27	0,4	5
0:02:20	27	0,4	5
0:02:30	27	0,4	5
0:02:40	27	0,5	5
0:02:50	27	0,5	5
0:03:00	27	0,5	5
0:03:10	27	0,5	5
0:03:20	27	0,5	5
0:03:30	27	0,5	5
0:03:40	27	0,5	5
0:03:50	27	0,5	5
0:04:00	27	0,5	5
0:04:10	27	0,5	5
0:04:20	27	0,5	5
0:04:30	27	0,5	5
0:04:40	27	0,5	5
0:04:50	27	0,4	5
0:05:00	27	0,4	5
0:05:10	27	0,4	5
0:05:20	27	0,4	5
0:05:30	27	0,4	5
0:05:40	27	0,4	5
0:05:50	27	0,4	5
0:06:00	27	0,4	5
0:06:10	27	0,4	5
0:06:20	27	0,4	5
0:06:30	27	0,4	5
0:06:40	27	0,4	5
0:06:50	27	0,4	5
0:07:00	27	0,4	5
0:07:10	27	0,4	5
0:07:20	27	0,4	5
0:07:30	27	0,4	5
0:07:40	27	0,5	5
0:07:50	27	0,5	5
0:08:00	27	0,5	5
0:08:10	27	0,5	5
0:08:20	27	0,5	5
0:08:30	27	0,4	5
0:08:40	27	0,4	5
0:08:50	27	0,4	5
0:09:00	27	0,4	5
0:09:10	27	0,4	5
0:09:20	27	0,4	5
0:09:30	27	0,4	5
0:09:40	27	0,4	5
0:09:50	27	0,4	5
0:10:00	27	0,4	5
0:10:10	27	0,4	5
0:10:20	27	0,4	5
0:10:30	27	0,4	5
0:10:40	27	0,4	5
0:10:50	27	0,4	5
0:11:00	27	0,4	5
0:11:10	27	0,4	5
0:11:20	27	0,4	5
0:11:30	27	0,4	5
0:11:40	27	0,4	5
0:11:50	27	0,4	5
0:12:00	27	0,4	5
0:12:10	27	0,4	5
0:12:20	27	0,4	5
0:12:30	27	0,4	5
0:12:40	27	0,5	5
0:12:50	27	0,5	5
0:13:00	27	0,5	5
0:13:10	27	0,5	5
0:13:20	27	0,5	5
0:13:30	27	0,4	5
0:13:40	27	0,4	5
0:13:50	27	0,4	5
0:14:00	27	0,4	5
0:14:10	27	0,4	5
0:14:20	27	0,4	5
0:14:30	27	0,4	5
0:14:40	27	0,4	5
0:14:50	27	0,4	5
0:15:00	27	0,4	5
0:15:10	27	0,4	5
0:15:20	27	0,4	5
0:15:30	27	0,4	5
0:15:40	27	0,4	5
0:15:50	27	0,4	5
0:16:00	27	0,4	5
0:16:10	27	0,4	5
0:16:20	27	0,4	5
0:16:30	27	0,4	5
0:16:40	27	0,4	5
0:16:50	27	0,4	5
0:17:00	27	0,4	5
0:17:10	27	0,4	5
0:17:20	27	0,4	5
0:17:30	27	0,4	5
0:17:40	27	0,4	5
0:17:50	27	0,4	5
0:18:00	27	0,5	5
0:18:10	27	0,5	5
0:18:20	27	0,5	5
0:18:30	27	0,4	5
0:18:40	27	0,5	5
0:18:50	27	0,4	5
0:19:00	27	0,4	5
0:19:10	27	0,4	5
0:19:20	27	0,4	5
0:19:30	27	0,4	5
0:19:40	27	0,4	5
0:19:50	27	0,4	5
0:20:00	27	0,4	5
0:20:10	27	0,4	5
0:20:20	27	0,4	5
0:20:30	27	0,4	5
0:20:40	27	0,4	5
0:20:50	27	0,4	5
0:21:00	27	0,4	5
0:21:10	27	0,4	5
0:21:20	27	0,4	5
0:21:30	27	0,4	5
0:21:40	27	0,4	5
0:21:50	27	0,4	5
0:22:00	27	0,4	5
0:22:10	27	0,4	5
0:22:20	27	0,4	5
0:22:30	27	0,4	5
0:22:40	27	0,4	5
0:22:50	27	0,4	5
0:23:00	27	0,4	5
0:23:10	27	0,5	5
0:23:20	27	0,5	5
0:23:30	27	0,5	5
0:23:40	27	0,5	5
0:23:50	27	0,5	5
0:24:00	27	0,5	5
0:24:10	27	0,5	5
0:24:20	27	0,5	5
0:24:30	27	0,5	5
0:24:40	27	0,5	5
0:24:50	27	0,5	5
0:25:00	27	0,5	5
0:25:10	27	0,5	5
0:25:20	27	0,5	5
0:25:30	27	0,5	5
0:25:40	27	0,5	5
0:25:50	27	0,5	5
0:26:00	27	0,5	5
0:26:10	27	0,4	5
0:26:20	27	0,4	5
0:26:30	27	0,5	5
0:26:40	27	0,5	5
0:26:50	27	0,4	5
0:27:00	27	0,5	5
0:27:10	27	0,4	5
0:27:20	27	0,4	5
0:27:30	27	0,4	5
0:27:40	27	0,4	5
0:27:50	27	0,4	5
0:28:00	27	0,4	5
0:28:10	27	0,4	5
0:28:20	27	0,4	5
0:28:30	27	0,4	5
0:28:40	27	0,4	5
0:28:50	27	0,5	5
0:29:00	27	0,5	5
0:29:10	27	0,5	5
0:29:20	27	0,5	5
0:29:30	27	0,5	5
0:29:40	27	0,5	5
0:29:50	27	0,5	5
0:30:00	27	0,5	5
0:30:10	27	0,5	5
0:30:20	27	0,5	5
0:30:30	27	0,5	5
0:30:40	27	0,5	5
0:30:50	27	0,5	5
0:31:00	27	0,5	5
0:31:10	27	0,5	5
0:31:20	27	0,5	5
0:31:30	27	0,5	5
0:31:40	27	0,5	4
0:31:50	27	0,5	4
0:32:00	27	0,5	4
0:32:10	27	0,5	4
0:32:20	27	0,5	4
0:32:30	27	0,5	4
0:32:40	27	0,5	4
0:32:50	27	0,5	4
0:33:00	27	0,5	4
0:33:10	27	0,5	4
0:33:20	27	0,5	4
0:33:30	27	0,5	4
0:33:40	27	0,4	4
0:33:50	27	0,5	4
0:34:00	27	0,5	4
0:34:10	27	0,5	4
0:34:20	27	0,5	4
0:34:30	27	0,5	4
0:34:40	27	0,5	4
0:34:50	27	0,5	4
0:35:00	27	0,5	4
0:35:10	27	0,5	4
0:35:20	27	0,5	4
0:35:30	27	0,5	4
0:35:40	27	0,5	4
0:35:50	27	0,5	4
0:36:00	27	0,5	4
0:36:10	27	0,5	4
0:36:20	27	0,5	4
0:36:30	27	0,5	4
0:36:40	27	0,5	4
0:36:50	27	0,5	4
0:37:00	27	0,5	4
0:37:10	27	0,5	4
0:37:20	27	0,5	4
0:37:30	27	0,5	4
0:37:40	27	0,5	4
0:37:50	27	0,5	4
0:38:00	27	0,5	4
0:38:10	27	0,5	4
0:38:20	27	0,5	4
0:38:30	27	0,5	4
0:38:40	27	0,5	4
0:38:50	27	0,5	4
0:39:00	27	0,5	4
0:39:10	28	0,5	4
0:39:20	27	0,5	4
0:39:30	27	0,5	4
0:39:40	27	0,5	4
0:39:50	27	0,5	4
0:40:00	27	0,5	4
0:40:10	27	0,5	4
0:40:20	27	0,5	4
0:40:30	27	0,5	4
0:40:40	28	0,5	4
0:40:50	28	0,5	4
0:41:00	28	0,5	4
0:41:10	27	0,5	4
0:41:20	28	0,5	4
0:41:30	28	0,5	4
0:41:40	28	0,5	4
0:41:50	28	0,5	4
0:42:00	28	0,5	4
0:42:10	28	0,5	4
0:42:20	28	0,6	4
0:42:30	28	0,6	4
0:42:40	28	0,7	4
0:42:50	28	0,7	4
0:43:00	28	0,7	4
0:43:10	28	0,9	4
0:43:20	28	0,9	4
0:43:30	28	0,9	4
0:43:40	28	1,0	4
0:43:50	28	1,0	4
0:44:00	28	1,0	4
0:44:10	28	1,2	4
0:44:20	28	1,2	4
0:44:30	28	1,2	4
0:44:40	28	1,2	4
0:44:50	28	1,4	4
0:45:00	28	1,4	4
0:45:10	28	1,4	4
0:45:20	28	1,4	4
0:45:30	28	1,4	5
0:45:40	28	1,7	5
0:45:50	28	1,7	5
0:46:00	28	1,7	5
0:46:10	28	1,7	5
0:46:20	28	1,7	5
0:46:30	28	2,0	5
0:46:40	28	2,0	5
0:46:50	28	2,0	5
0:47:00	28	2,0	5
0:47:10	28	2,0	5
0:47:20	28	2,0	5
0:47:30	28	2,1	5
0:47:40	28	2,1	5
0:47:50	28	2,4	4
0:48:00	28	2,4	4
0:48:10	28	2,4	4
0:48:20	28	2,4	4
0:48:30	28	2,4	4
0:48:40	28	2,4	4
0:48:50	28	2,6	4
0:49:00	28	2,6	4
0:49:10	28	2,6	4
0:49:20	28	2,6	4
0:49:30	28	2,6	4
0:49:40	28	2,9	4
0:49:50	28	2,9	4
0:50:00	28	2,9	4
0:50:10	28	2,9	4
0:50:20	28	2,9	4
0:50:30	28	2,9	4
0:50:40	28	2,9	4
0:50:50	28	3,3	4
0:51:00	28	3,3	4
0:51:10	28	3,3	4
0:51:20	28	3,3	4
0:51:30	28	3,3	4
0:51:40	28	3,3	4
0:51:50	28	3,3	4
0:52:00	28	3,6	4
0:52:10	28	3,6	4
0:52:20	28	3,6	4
0:52:30	28	3,6	4
0:52:40	28	3,6	4
0:52:50	28	3,6	4
0:53:00	28	3,9	4
0:53:10	28	3,9	4
0:53:20	28	3,9	4
0:53:30	28	3,9	5
0:53:40	28	3,9	5
0:53:50	28	3,9	5
0:54:00	28	3,9	5
0:54:10	28	4,4	4
0:54:20	28	4,3	4
0:54:30	28	4,3	5
0:54:40	28	4,3	5
0:54:50	28	4,4	5
0:55:00	28	4,4	5
0:55:10	28	4,4	5
0:55:20	28	4,4	5
0:55:30	28	4,4	5
0:55:40	28	4,5	5
0:55:50	28	4,5	5
0:56:00	28	4,6	5
0:56:10	28	4,6	5
0:56:20	28	4,7	5
0:56:30	28	4,7	5
0:56:40	28	4,8	5
0:56:50	28	4,8	5
0:57:00	28	4,9	5
0:57:10	28	4,9	5
0:57:20	28	5,0	5
0:57:30	28	5,0	5
0:57:40	28	5,1	5
0:57:50	28	5,1	5
0:58:00	28	5,2	5
0:58:10	28	5,3	5
0:58:20	28	5,3	5
0:58:30	28	5,4	5
0:58:40	28	5,4	5
0:58:50	28	5,4	5
0:59:00	28	5,5	5
0:59:10	28	5,5	5
0:59:20	28	5,6	5
0:59:30	28	5,6	5
0:59:40	28	5,6	5
0:59:50	28	5,7	5
1:00:00	29	5,7	5
1:00:10	29	5,7	5
1:00:20	29	6,0	4
1:00:30	29	6,1	4
1:00:40	29	6,1	5
1:00:50	29	6,1	5
1:01:00	29	6,1	5
1:01:10	29	6,2	5
1:01:20	29	6,2	5
1:01:30	29	6,2	5
1:01:40	29	6,2	5
1:01:50	29	6,3	5
1:02:00	29	6,3	5
1:02:10	29	6,4	5
1:02:20	29	6,4	5
1:02:30	29	6,4	5
1:02:40	29	6,8	5
1:02:50	29	6,8	5
1:03:00	29	6,8	5
1:03:10	29	6,8	5
1:03:20	29	6,8	5
1:03:30	29	6,9	5
1:03:40	29	6,9	5
1:03:50	29	6,9	5
1:04:00	29	6,9	5
1:04:10	29	7,0	5
1:04:20	29	7,0	5
1:04:30	29	7,0	5
1:04:40	30	7,1	4
1:04:50	30	7,1	5
1:05:00	30	7,5	4
1:05:10	30	7,5	4
1:05:20	30	7,5	4
1:05:30	30	7,6	4
1:05:40	30	7,6	4
1:05:50	30	7,6	5
1:06:00	30	7,6	5
1:06:10	30	7,7	5
1:06:20	30	7,7	5
1:06:30	30	7,7	5
1:06:40	30	7,7	5
1:06:50	30	7,8	5
1:07:00	30	7,8	5
1:07:10	30	7,8	5
1:07:20	30	7,9	5
1:07:30	30	7,9	5
1:07:40	30	7,9	5
1:07:50	30	8,0	5
1:08:00	30	8,4	5
1:08:10	30	8,4	5
1:08:20	30	8,4	5
1:08:30	30	8,5	5
1:08:40	30	8,5	5
1:08:50	30	8,5	5
1:09:00	30	8,5	5
1:09:10	30	8,5	5
1:09:20	30	8,6	5
1:09:30	30	8,6	5
1:09:40	30	8,6	5
1:09:50	31	8,7	5
1:10:00	31	8,7	5
1:10:10	31	8,7	5
1:10:20	31	8,8	5
1:10:30	31	8,8	5
1:10:40	31	8,8	5
1:10:50	31	8,8	5
1:11:00	31	9,3	4
1:11:10	31	9,3	4
1:11:20	31	9,3	5
1:11:30	31	9,3	4
1:11:40	31	9,4	5
1:11:50	31	9,4	5
1:12:00	31	9,4	5
1:12:10	31	9,5	5
1:12:20	31	9,5	5
1:12:30	31	9,5	5
1:12:40	31	9,6	5
1:12:50	31	9,6	5
1:13:00	31	9,6	5
1:13:10	31	9,6	5
1:13:20	31	9,7	5
1:13:30	31	9,7	5
1:13:40	31	9,7	5
1:13:50	31	9,8	4
1:14:00	31	9,8	5
1:14:10	31	9,8	5
1:14:20	31	9,8	5
1:14:30	31	10,1	5
1:14:40	31	10,2	5
1:14:50	31	10,2	5
1:15:00	32	10,2	5
1:15:10	32	10,2	5
1:15:20	32	10,3	5
1:15:30	32	10,3	5
1:15:40	32	10,3	5
1:15:50	32	10,4	5
1:16:00	32	10,4	5
1:16:10	32	10,4	5
1:16:20	32	10,4	5
1:16:30	32	10,6	5
1:16:40	32	10,6	5
1:16:50	32	10,6	5
1:17:00	32	10,7	5
1:17:10	32	10,7	5
1:17:20	32	11,0	5
1:17:30	32	11,0	5
1:17:40	32	11,0	5
1:17:50	32	11,0	4
1:18:00	32	11,1	5
1:18:10	32	11,1	5
1:18:20	32	11,1	5
1:18:30	32	11,2	5
1:18:40	32	11,2	5
1:18:50	32	11,2	5
1:19:00	32	11,3	5
1:19:10	32	11,3	5
1:19:20	32	11,4	5
1:19:30	32	11,4	5
1:19:40	32	11,4	5
1:19:50	32	11,8	5
1:20:00	32	11,8	5
1:20:10	32	11,8	5
1:20:20	32	11,8	5
1:20:30	33	11,9	5
1:20:40	33	11,9	5
1:20:50	33	11,9	5
1:21:00	33	12,0	5
1:21:10	33	12,0	5
1:21:20	33	12,0	5
1:21:30	33	12,1	5
1:21:40	33	12,1	5
1:21:50	33	12,1	5
1:22:00	33	12,1	5
1:22:10	33	12,2	5
1:22:20	33	12,2	5
1:22:30	33	12,6	5
1:22:40	33	12,6	5
1:22:50	33	12,7	5
1:23:00	33	12,7	5
1:23:10	33	12,7	5
1:23:20	33	12,7	5
1:23:30	33	12,8	5
1:23:40	33	12,8	5
1:23:50	33	12,8	5
1:24:00	33	12,9	5
1:24:10	33	12,9	5
1:24:20	33	12,9	5
1:24:30	33	13,0	5
1:24:40	33	13,0	5
1:24:50	33	13,1	5
1:25:00	33	13,1	5
1:25:10	33	13,1	5
1:25:20	33	13,2	5
1:25:30	33	13,2	5
1:25:40	34	13,2	5
1:25:50	34	13,2	5
1:26:00	34	13,3	5
1:26:10	34	13,3	5
1:26:20	34	13,4	5
1:26:30	34	13,8	4
1:26:40	34	13,8	5
1:26:50	34	13,8	4
1:27:00	34	13,8	4
1:27:10	34	13,9	5
1:27:20	34	13,9	4
1:27:30	34	13,9	4
1:27:40	34	13,9	4
1:27:50	34	13,9	4
1:28:00	34	14,0	4
1:28:10	34	14,0	4
1:28:20	34	14,0	4
1:28:30	34	14,1	4
1:28:40	34	14,1	5
1:28:50	34	14,1	4
1:29:00	34	14,2	4
1:29:10	34	14,2	5
1:29:20	34	14,2	5
1:29:30	34	14,5	5
1:29:40	34	14,5	5
1:29:50	34	14,5	5
1:30:00	34	14,5	5
1:30:10	34	14,6	5
1:30:20	34	14,6	5
1:30:30	34	14,6	5
1:30:40	34	14,7	5
1:30:50	35	14,7	5
1:31:00	35	14,7	5
1:31:10	35	14,8	5
1:31:20	35	14,9	5
1:31:30	35	14,9	5
1:31:40	35	14,9	5
1:31:50	35	15,0	5
1:32:00	35	15,2	5
1:32:10	35	15,3	5
1:32:20	35	15,3	5
1:32:30	35	15,3	5
1:32:40	35	15,3	5
1:32:50	35	15,4	5
1:33:00	35	15,4	5
1:33:10	35	15,4	5
1:33:20	35	15,5	5
1:33:30	35	15,5	5
1:33:40	35	15,5	5
1:33:50	35	15,6	5
1:34:00	35	15,6	5
1:34:10	35	15,9	5
1:34:20	35	15,9	5
1:34:30	35	15,9	5
1:34:40	35	15,9	5
1:34:50	35	16,0	5
1:35:00	35	16,0	5
1:35:10	35	16,0	5
1:35:20	35	16,0	5
1:35:30	35	16,1	5
1:35:40	35	16,1	5
1:35:50	35	16,1	5
1:36:00	35	16,2	5
1:36:10	36	16,3	5
1:36:20	36	16,3	5
1:36:30	36	16,3	5
1:36:40	36	16,5	5
1:36:50	36	16,5	5
1:37:00	36	16,6	5
1:37:10	36	16,6	5
1:37:20	36	16,6	5
1:37:30	36	16,6	5
1:37:40	36	16,8	5
1:37:50	36	16,9	5
1:38:00	36	16,9	5
1:38:10	36	16,9	5
1:38:20	36	17,0	5
1:38:30	36	17,0	5
1:38:40	36	17,0	5
1:38:50	36	17,0	5
1:39:00	36	17,1	5
1:39:10	36	17,1	5
1:39:20	36	17,2	5
1:39:30	36	17,4	5
1:39:40	36	17,4	5
1:39:50	36	17,4	5
1:40:00	36	17,5	5
1:40:10	36	17,5	5
1:40:20	36	17,5	5
1:40:30	36	17,6	5
1:40:40	36	17,6	5
1:40:50	36	17,6	5
1:41:00	36	17,7	5
1:41:10	36	17,7	5
1:41:20	36	17,9	5
1:41:30	37	17,9	5
1:41:40	37	17,9	5
1:41:50	37	17,9	5
1:42:00	37	18,0	5
1:42:10	37	18,0	5
1:42:20	37	18,0	5
1:42:30	37	18,2	5
1:42:40	37	18,2	5
1:42:50	37	18,3	5
1:43:00	37	18,3	5
1:43:10	37	18,3	5
1:43:20	37	18,3	5
1:43:30	37	18,5	5
1:43:40	37	18,5	5
1:43:50	37	18,5	5
1:44:00	37	18,6	5
1:44:10	37	18,6	5
1:44:20	37	18,8	5
1:44:30	37	18,8	5
1:44:40	37	18,8	5
1:44:50	37	18,8	5
1:45:00	37	18,9	5
1:45:10	37	18,9	5
1:45:20	37	19,4	5
1:45:30	37	19,5	5
1:45:40	37	19,5	5
1:45:50	37	19,5	5
1:46:00	37	19,5	5
1:46:10	37	19,5	5
1:46:20	37	19,6	5
1:46:30	37	19,6	5
1:46:40	38	19,6	5
1:46:50	38	19,6	5
1:47:00	38	19,7	5
1:47:10	38	19,7	5
1:47:20	38	19,7	5
1:47:30	38	19,8	5
1:47:40	38	19,8	5
1:47:50	38	19,8	5
1:48:00	38	19,9	5
1:48:10	38	19,9	5
1:48:20	38	19,9	5
1:48:30	38	20,0	5
1:48:40	38	20,0	5
1:48:50	38	20,0	5
1:49:00	38	20,1	5
1:49:10	38	20,1	5
1:49:20	38	20,2	5
1:49:30	38	20,2	5
1:49:40	38	20,2	5
1:49:50	38	20,3	5
1:50:00	38	20,3	5
1:50:10	38	20,3	5
1:50:20	38	20,4	5
1:50:30	38	20,4	5
1:50:40	38	20,7	5
1:50:50	38	20,7	5
1:51:00	38	20,8	5
1:51:10	38	20,8	5
1:51:20	38	20,8	5
1:51:30	38	20,8	5
1:51:40	38	20,9	5
1:51:50	38	20,9	5
1:52:00	38	20,9	5
1:52:10	39	20,9	5
1:52:20	39	21,0	5
1:52:30	39	21,0	5
1:52:40	39	21,1	5
1:52:50	39	21,2	5
1:53:00	39	21,3	5
1:53:10	39	21,3	5
1:53:20	39	21,3	5
1:53:30	39	21,4	5
1:53:40	39	21,4	5
1:53:50	39	21,4	5
1:54:00	39	21,4	5
1:54:10	39	21,6	5
1:54:20	39	21,6	5
1:54:30	39	21,7	5
1:54:40	39	21,7	5
1:54:50	39	21,7	5
1:55:00	39	21,7	5
1:55:10	39	21,8	5
1:55:20	39	21,8	5
1:55:30	39	21,9	5
1:55:40	39	22,0	5
1:55:50	39	22,1	5
1:56:00	39	22,1	5
1:56:10	39	22,1	5
1:56:20	39	22,1	5
1:56:30	39	22,2	5
1:56:40	39	22,3	5
1:56:50	39	22,3	5
1:57:00	39	22,4	5
1:57:10	39	22,4	5
1:57:20	40	22,4	5
1:57:30	40	22,5	5
1:57:40	40	22,7	5
1:57:50	40	22,7	5
1:58:00	40	22,7	5
1:58:10	40	22,7	5
1:58:20	40	22,8	5
1:58:30	40	22,8	5
1:58:40	40	22,8	5
1:58:50	40	22,9	5
1:59:00	40	22,9	5
1:59:10	40	22,9	5
1:59:20	40	23,2	5
1:59:30	40	23,3	5
1:59:40	40	23,3	5
1:59:50	40	23,4	5
2:00:00	40	23,4	5
2:00:10	40	23,4	5
2:00:20	40	23,4	5
2:00:30	40	23,4	5
2:00:40	40	23,5	5
2:00:50	40	23,5	5
2:01:00	40	23,5	5
2:01:10	40	23,5	5
2:01:20	40	23,6	5
2:01:30	40	23,6	5
2:01:40	40	23,9	5
2:01:50	40	23,9	5
2:02:00	40	23,9	5
2:02:10	40	24,0	5
2:02:20	40	24,0	5
2:02:30	40	24,0	5
2:02:40	40	24,0	5
2:02:50	40	24,1	5
2:03:00	41	24,1	5
2:03:10	41	24,1	5
2:03:20	41	24,2	5
2:03:30	41	24,4	5
2:03:40	41	24,5	5
2:03:50	41	24,5	5
2:04:00	41	24,6	5
2:04:10	41	24,6	5
2:04:20	41	24,6	6
2:04:30	41	24,7	6
2:04:40	41	24,7	6
2:04:50	41	24,7	6
2:05:00	41	24,8	6
2:05:10	41	24,8	6
2:05:20	41	24,8	6
2:05:30	41	24,9	6
2:05:40	41	24,9	6
2:05:50	41	24,9	6
2:06:00	41	25,0	6
2:06:10	41	25,0	6
2:06:20	41	25,2	6
2:06:30	41	25,3	6
2:06:40	41	25,3	6
2:06:50	41	25,3	6
2:07:00	41	25,4	6
2:07:10	41	25,4	6
2:07:20	41	25,4	6
2:07:30	41	25,5	7
2:07:40	41	25,5	7
2:07:50	41	25,5	7
2:08:00	41	25,6	7
2:08:10	41	25,6	7
2:08:20	41	25,7	7
2:08:30	42	25,7	7
2:08:40	42	25,8	7
2:08:50	42	25,8	7
2:09:00	42	25,8	7
2:09:10	42	26,1	7
2:09:20	42	26,1	7
2:09:30	42	26,1	7
2:09:40	42	26,1	7
2:09:50	42	26,1	7
2:10:00	42	26,2	7
2:10:10	42	26,2	7
2:10:20	42	26,2	7
2:10:30	42	26,3	7
2:10:40	42	26,3	7
2:10:50	42	26,5	7
2:11:00	42	26,5	7
2:11:10	42	26,5	7
2:11:20	42	26,6	7
2:11:30	42	26,6	7
2:11:40	42	26,6	7
2:11:50	42	26,7	7
2:12:00	42	26,7	7
2:12:10	42	26,9	7
2:12:20	42	26,9	7
2:12:30	42	26,9	7
2:12:40	42	26,9	7
2:12:50	42	27,0	7
2:13:00	42	27,0	7
2:13:10	42	27,0	7
2:13:20	42	27,1	7
2:13:30	42	27,2	7
2:13:40	42	27,2	7
2:13:50	42	27,2	7
2:14:00	43	27,3	7
2:14:10	43	27,4	7
2:14:20	43	27,4	7
2:14:30	43	27,4	7
2:14:40	43	27,5	7
2:14:50	43	27,5	7
2:15:00	43	27,6	7
2:15:10	43	27,6	7
2:15:20	43	27,7	7
2:15:30	43	27,8	7
2:15:40	43	27,8	7
2:15:50	43	27,8	7
2:16:00	43	27,8	7
2:16:10	43	27,9	7
2:16:20	43	28,0	7
2:16:30	43	28,0	7
2:16:40	43	28,0	7
2:16:50	43	28,2	7
2:17:00	43	28,2	7
2:17:10	43	28,3	7
2:17:20	43	28,3	5
2:17:30	43	28,3	5
2:17:40	43	28,3	5
2:17:50	43	28,4	5
2:18:00	43	28,5	5
2:18:10	43	28,5	5
2:18:20	43	28,6	5
2:18:30	43	28,6	5
2:18:40	43	28,6	5
2:18:50	43	28,8	5
2:19:00	43	28,9	5
2:19:10	43	28,9	5
2:19:20	43	28,9	5
2:19:30	44	28,9	5
2:19:40	44	29,0	5
2:19:50	44	29,0	5
2:20:00	44	29,1	5
2:20:10	44	29,1	5
2:20:20	44	29,1	5
2:20:30	44	29,3	5
2:20:40	44	29,3	5
2:20:50	44	29,3	5
2:21:00	44	29,3	5
2:21:10	44	29,4	5
2:21:20	44	29,4	5
2:21:30	44	29,6	5
2:21:40	44	29,6	5
2:21:50	44	29,6	5
2:22:00	44	29,6	5
2:22:10	44	29,6	5
2:22:20	44	29,8	5
2:22:30	44	29,8	5
2:22:40	44	29,8	5
2:22:50	44	29,9	5
2:23:00	44	30,0	5
2:23:10	44	30,0	5
2:23:20	44	30,0	5
2:23:30	44	30,1	5
2:23:40	44	30,1	5
2:23:50	44	30,2	5
2:24:00	44	30,2	5
2:24:10	44	30,2	5
2:24:20	44	30,4	5
2:24:30	44	30,4	5
2:24:40	44	30,5	5
2:24:50	45	30,5	5
2:25:00	45	30,5	5
2:25:10	45	30,6	5
2:25:20	45	30,6	5
2:25:30	45	30,6	5
2:25:40	45	30,7	5
2:25:50	45	30,8	5
2:26:00	45	30,8	5
2:26:10	45	30,8	5
2:26:20	45	31,0	5
2:26:30	45	31,0	5
2:26:40	45	31,0	5
2:26:50	45	31,0	5
2:27:00	45	31,1	5
2:27:10	45	31,1	5
2:27:20	45	31,2	5
2:27:30	45	31,3	5
2:27:40	45	31,3	5
2:27:50	45	31,3	5
2:28:00	45	31,4	5
2:28:10	45	31,4	5
2:28:20	45	31,5	5
2:28:30	45	31,5	5
2:28:40	45	31,5	5
2:28:50	45	31,7	5
2:29:00	45	31,7	5
2:29:10	45	31,7	5
2:29:20	45	31,8	5
2:29:30	45	31,8	5
2:29:40	45	31,9	5
2:29:50	46	31,9	5
2:30:00	46	32,0	5
2:30:10	46	32,1	5
2:30:20	46	32,1	5
2:30:30	46	32,1	5
2:30:40	46	32,1	5
2:30:50	46	32,2	5
2:31:00	46	32,3	5
2:31:10	46	32,3	5
2:31:20	46	32,3	5
2:31:30	46	32,8	5
2:31:40	46	32,8	5
2:31:50	46	32,8	5
2:32:00	46	32,8	5
2:32:10	46	32,8	5
2:32:20	46	32,9	5
2:32:30	46	32,9	5
2:32:40	46	32,9	5
2:32:50	46	33,0	5
2:33:00	46	33,0	5
2:33:10	46	33,1	5
2:33:20	46	33,1	5
2:33:30	46	33,1	5
2:33:40	46	33,1	5
2:33:50	46	33,1	5
2:34:00	46	33,2	5
2:34:10	46	33,2	5
2:34:20	46	33,2	5
2:34:30	46	33,3	5
2:34:40	46	33,3	5
2:34:50	46	33,5	5
2:35:00	46	33,5	6
2:35:10	46	33,6	6
2:35:20	46	33,6	5
2:35:30	47	33,6	6
2:35:40	47	33,6	6
2:35:50	47	33,6	5
2:36:00	47	33,8	5
2:36:10	47	33,9	5
2:36:20	47	33,9	5
2:36:30	47	33,9	5
2:36:40	47	33,9	6
2:36:50	47	34,0	6
2:37:00	47	34,0	5
2:37:10	47	34,1	5
2:37:20	47	34,1	5
2:37:30	47	34,1	6
2:37:40	47	34,3	6
2:37:50	47	34,3	5
2:38:00	47	34,4	6
2:38:10	47	34,4	6
2:38:20	47	34,4	6
2:38:30	47	34,4	6
2:38:40	47	34,5	6
2:38:50	47	34,5	6
2:39:00	47	35,1	5
2:39:10	47	35,1	5
2:39:20	47	35,1	5
2:39:30	47	35,1	5
2:39:40	47	35,2	5
2:39:50	47	35,2	5
2:40:00	47	35,2	5
2:40:10	47	35,2	5
2:40:20	47	35,3	5
2:40:30	47	35,3	5
2:40:40	48	35,3	5
2:40:50	48	35,3	5
2:41:00	48	35,4	5
2:41:10	48	35,4	5
2:41:20	48	35,4	6
2:41:30	48	35,5	6
2:41:40	48	35,5	6
2:41:50	48	35,5	6
2:42:00	48	35,5	6
2:42:10	48	35,6	6
2:42:20	48	35,6	6
2:42:30	48	35,6	6
2:42:40	48	35,6	6
2:42:50	48	35,8	6
2:43:00	48	35,8	6
2:43:10	48	35,8	6
2:43:20	48	35,8	6
2:43:30	48	35,9	6
2:43:40	48	36,0	6
2:43:50	48	36,0	6
2:44:00	48	36,1	6
2:44:10	48	36,1	6
2:44:20	48	36,1	6
2:44:30	48	36,2	6
2:44:40	48	36,2	6
2:44:50	48	36,3	6
2:45:00	48	36,4	6
2:45:10	48	36,4	6
2:45:20	48	36,4	6
2:45:30	48	36,5	6
2:45:40	48	36,5	6
2:45:50	48	36,7	6
2:46:00	48	36,7	6
2:46:10	49	36,7	6
2:46:20	49	36,7	6
2:46:30	49	36,8	6
2:46:40	49	36,8	6
2:46:50	49	36,9	6
2:47:00	49	37,0	6
2:47:10	49	37,0	6
2:47:20	49	37,0	6
2:47:30	49	37,1	6
2:47:40	49	37,1	6
2:47:50	49	37,2	6
2:48:00	49	37,2	6
2:48:10	49	37,3	6
2:48:20	49	37,3	6
2:48:30	49	37,4	6
2:48:40	49	37,5	6
2:48:50	49	37,5	6
2:49:00	49	37,5	6
2:49:10	49	37,5	6
2:49:20	49	37,6	6
2:49:30	49	37,6	6
2:49:40	49	37,7	6
2:49:50	49	37,8	6
2:50:00	49	37,8	6
2:50:10	49	37,8	6
2:50:20	49	38,0	6
2:50:30	49	38,0	6
2:50:40	49	38,0	6
2:50:50	49	38,0	6
2:51:00	49	38,1	6
2:51:10	49	38,1	6
2:51:20	49	38,2	6
2:51:30	49	38,3	6
2:51:40	50	38,3	6
2:51:50	50	38,3	6
2:52:00	50	38,4	6
2:52:10	50	38,5	6
2:52:20	50	38,5	6
2:52:30	50	38,5	6
2:52:40	50	38,5	6
2:52:50	50	38,7	6
2:53:00	50	38,7	6
2:53:10	50	38,7	6
2:53:20	50	38,7	6
2:53:30	50	38,8	6
2:53:40	50	38,8	6
2:53:50	50	38,9	6
2:54:00	50	38,9	6
2:54:10	50	38,9	6
2:54:20	50	38,9	6
2:54:30	50	39,0	6
2:54:40	50	39,0	6
2:54:50	50	39,0	6
2:55:00	50	38,9	6
2:55:10	50	38,9	6
2:55:20	50	38,9	6
2:55:30	50	38,9	6
2:55:40	50	38,9	6
2:55:50	50	38,8	6
2:56:00	50	38,9	6
2:56:10	50	38,9	6
2:56:20	50	38,9	6
2:56:30	50	39,0	6
2:56:40	50	39,0	6
2:56:50	50	38,9	6
2:57:00	50	38,9	6
2:57:10	50	38,9	6
2:57:20	50	38,9	6
2:57:30	50	38,9	6
2:57:40	50	38,8	6
2:57:50	50	38,9	6
2:58:00	50	38,9	6
2:58:10	50	38,9	6
2:58:20	50	38,9	6
2:58:30	50	38,9	6
2:58:40	50	38,8	6
2:58:50	50	39,0	6
2:59:00	50	38,9	6
2:59:10	50	38,9	6
2:59:20	50	38,9	6
2:59:30	50	38,9	6
2:59:40	50	38,9	6
2:59:50	50	38,9	6
3:00:00	50	38,9	6
3:00:10	50	38,9	6
3:00:20	50	38,9	6
3:00:30	50	38,9	6
3:00:40	50	38,9	6
3:00:50	50	38,9	6
3:01:00	50	38,9	6
3:01:10	50	38,9	6
3:01:20	50	38,9	6
3:01:30	50	38,9	6
3:01:40	50	38,9	6
3:01:50	50	38,9	6
3:02:00	50	38,9	6
3:02:10	50	38,9	6
3:02:20	50	38,9	6
3:02:30	50	38,9	6
3:02:40	50	38,9	6
3:02:50	50	38,9	6
3:03:00	50	38,9	6
3:03:10	50	38,9	6
3:03:20	50	38,9	6
3:03:30	50	38,9	6
3:03:40	50	38,9	6
3:03:50	50	38,9	6
3:04:00	50	38,9	6
3:04:10	50	38,9	6
3:04:20	50	38,9	6
3:04:30	50	38,9	6
3:04:40	50	38,9	6
3:04:50	50	38,9	6
3:05:00	50	38,9	6
3:05:10	50	38,9	6
3:05:20	50	38,9	6
3:05:30	50	38,9	6
3:05:40	50	38,9	6
3:05:50	50	38,9	6
3:06:00	50	38,9	6
3:06:10	50	38,9	6
3:06:20	50	38,9	6
3:06:30	50	38,9	6
3:06:40	50	38,9	6
3:06:50	50	38,9	6
3:07:00	50	38,9	6
3:07:10	50	38,9	6
3:07:20	50	38,9	6
3:07:30	50	38,9	6
3:07:40	50	38,9	6
3:07:50	50	38,9	6
3:08:00	50	38,9	6
3:08:10	50	38,9	6
3:08:20	50	38,9	6
3:08:30	50	38,9	6
3:08:40	50	38,9	7
3:08:50	50	38,9	7
3:09:00	50	38,9	7
3:09:10	50	38,9	7
3:09:20	50	38,9	7
3:09:30	50	38,9	7
3:09:40	50	38,9	7
3:09:50	50	38,9	7
3:10:00	50	38,9	7
3:10:10	50	38,9	7
3:10:20	50	38,9	7
3:10:30	50	38,9	7
3:10:40	50	38,9	7
3:10:50	50	38,9	7
3:11:00	50	38,9	7
3:11:10	50	38,9	7
3:11:20	50	38,9	7
3:11:30	50	38,9	7
3:11:40	50	38,9	7
3:11:50	50	38,9	7
3:12:00	50	38,9	7
3:12:10	50	38,9	7
3:12:20	50	38,9	7
3:12:30	50	38,9	7
3:12:40	50	38,9	7
3:12:50	50	38,8	7
3:13:00	50	38,9	7
3:13:10	50	38,9	7
3:13:20	50	38,9	7
3:13:30	50	38,9	7
3:13:40	50	38,9	7
3:13:50	50	38,9	7
3:14:00	50	38,9	7
3:14:10	50	38,9	7
3:14:20	50	38,9	7
3:14:30	50	38,9	7
3:14:40	50	38,9	7
3:14:50	50	38,9	7
3:15:00	50	38,9	7
3:15:10	50	38,9	7
3:15:20	50	38,9	7
3:15:30	50	38,9	7
3:15:40	50	38,9	7
3:15:50	50	38,9	7
3:16:00	50	38,9	7
3:16:10	50	38,9	7
3:16:20	50	38,9	7
3:16:30	50	38,8	7
3:16:40	50	38,9	7
3:16:50	50	38,9	7
3:17:00	50	38,9	7
3:17:10	50	38,9	7
3:17:20	50	38,9	7
3:17:30	50	38,9	8
3:17:40	50	38,9	7
3:17:50	50	38,9	7
3:18:00	50	38,9	7
3:18:10	50	38,9	7
3:18:20	50	38,9	8
3:18:30	50	38,9	8
3:18:40	50	38,9	8
3:18:50	50	38,9	8
3:19:00	50	38,9	8
3:19:10	50	39,0	8
3:19:20	50	39,0	8
3:19:30	50	39,0	8
3:19:40	50	39,0	8
3:19:50	50	39,0	8
3:20:00	50	39,0	8
3:20:10	50	39,0	8
3:20:20	50	39,0	8
3:20:30	50	38,9	8
3:20:40	50	38,9	8
3:20:50	50	38,9	8
3:21:00	50	38,9	8
3:21:10	50	39,0	8
3:21:20	50	38,9	8
3:21:30	50	38,9	8
3:21:40	50	38,9	8
3:21:50	50	38,9	8
3:22:00	50	38,9	8
3:22:10	50	38,9	8
3:22:20	50	38,9	8
3:22:30	50	38,9	8
3:22:40	50	38,9	8
3:22:50	50	38,9	8
3:23:00	50	38,9	8
3:23:10	50	38,9	8
3:23:20	50	38,9	8
3:23:30	50	38,9	8
3:23:40	50	38,9	8
3:23:50	50	38,9	8
3:24:00	50	38,9	8
3:24:10	50	38,9	8
3:24:20	50	38,9	8
3:24:30	50	38,9	8
3:24:40	50	38,9	8
3:24:50	50	38,9	8
3:25:00	50	38,9	8
3:25:10	50	38,9	8
3:25:20	50	38,9	8
3:25:30	50	38,9	8
3:25:40	50	38,9	8
3:25:50	50	38,9	8
3:26:00	50	38,9	8
3:26:10	50	38,9	8
3:26:20	50	38,9	8
3:26:30	50	38,9	8
3:26:40	50	38,9	8
3:26:50	50	38,9	8
3:27:00	50	38,9	8
3:27:10	50	38,9	8
3:27:20	50	38,9	8
3:27:30	50	38,9	8
3:27:40	50	38,9	8
3:27:50	50	39,1	8
3:28:00	50	39,1	8
3:28:10	50	39,1	8
3:28:20	50	39,1	8
3:28:30	50	39,1	8
3:28:40	50	39,1	8
3:28:50	50	39,1	8
3:29:00	50	39,1	8
3:29:10	50	39,1	8
3:29:20	50	39,1	8
3:29:30	50	39,1	8
3:29:40	50	39,1	8
3:29:50	50	39,1	8
3:30:00	50	39,1	8
3:30:10	50	39,1	8
3:30:20	50	39,1	8
3:30:30	50	39,1	8
3:30:40	50	39,1	8
3:30:50	50	39,0	8
3:31:00	50	39,0	8
3:31:10	50	39,0	8
3:31:20	50	39,0	8
3:31:30	50	39,0	8
3:31:40	50	39,0	8
3:31:50	50	39,0	8
3:32:00	50	39,0	8
3:32:10	50	39,0	8
3:32:20	50	39,0	8
3:32:30	50	39,0	8
3:32:40	50	39,0	8
3:32:50	50	39,0	8
3:33:00	50	39,0	8
3:33:10	50	39,0	8
3:33:20	50	39,0	8
3:33:30	50	39,0	8
3:33:40	50	39,0	8
3:33:50	50	39,0	8
3:34:00	50	39,0	8
3:34:10	50	39,0	8
3:34:20	50	39,0	8
3:34:30	50	39,0	8
3:34:40	50	39,0	8
3:34:50	50	39,0	8
3:35:00	50	39,0	8
3:35:10	50	39,0	8
3:35:20	50	39,0	8
3:35:30	50	39,0	8
3:35:40	50	39,0	9
3:35:50	50	39,0	9
3:36:00	50	39,0	9
3:36:10	50	39,0	9
3:36:20	50	39,0	9
3:36:30	50	39,0	9
3:36:40	50	39,0	9
3:36:50	50	39,0	9
3:37:00	50	39,0	9
3:37:10	50	39,0	9
3:37:20	50	39,0	9
3:37:30	50	39,0	9
3:37:40	50	39,0	9
3:37:50	50	39,0	9
3:38:00	50	38,9	9
3:38:10	50	38,9	9
3:38:20	50	39,0	9
3:38:30	50	38,9	9
3:38:40	50	38,9	9
3:38:50	50	38,9	9
3:39:00	50	38,9	9
3:39:10	50	38,9	9
3:39:20	50	38,9	9
3:39:30	50	38,9	9
3:39:40	50	38,9	9
3:39:50	50	38,9	9
3:40:00	50	38,9	9
3:40:10	50	38,9	9
3:40:20	50	38,9	9
3:40:30	50	38,9	9
3:40:40	50	38,9	9
3:40:50	50	38,9	9
3:41:00	50	38,9	9
3:41:10	50	38,9	9
3:41:20	50	38,9	9
3:41:30	50	38,9	9
3:41:40	50	38,9	9
3:41:50	50	38,9	9
3:42:00	50	38,9	9
3:42:10	50	38,9	9
3:42:20	50	39,0	9
3:42:30	50	39,0	9
3:42:40	50	39,0	9
3:42:50	50	39,0	9
3:43:00	50	39,0	9
3:43:10	50	39,0	9
3:43:20	50	39,0	9
3:43:30	50	38,9	9
3:43:40	50	38,9	9
3:43:50	50	38,9	9
3:44:00	50	38,9	9
3:44:10	50	38,9	9
3:44:20	50	38,9	9
3:44:30	50	38,9	9
3:44:40	50	38,9	9
3:44:50	50	38,9	9
3:45:00	50	38,9	9
3:45:10	50	38,9	9
3:45:20	50	38,9	9
3:45:30	50	38,9	9
3:45:40	50	38,9	9
3:45:50	50	38,9	9
3:46:00	50	38,9	9
3:46:10	50	38,9	9
3:46:20	50	38,9	9
3:46:30	50	38,9	9
3:46:40	50	38,9	9
3:46:50	50	38,9	9
3:47:00	50	38,9	9
3:47:10	50	38,9	9
3:47:20	50	38,9	9
3:47:30	50	38,9	9
3:47:40	50	38,9	9
3:47:50	50	38,9	9
3:48:00	50	38,9	9
3:48:10	50	38,9	9
3:48:20	50	38,9	9
3:48:30	50	38,9	9
3:48:40	50	38,9	9
3:48:50	50	38,9	9
3:49:00	50	38,9	9
3:49:10	50	38,9	9
3:49:20	50	38,9	9
3:49:30	50	38,9	9
3:49:40	50	38,9	9
3:49:50	50	38,9	9
3:50:00	50	38,9	10
3:50:10	50	38,9	10
3:50:20	50	38,8	10
3:50:30	50	38,9	10
3:50:40	50	38,9	10
3:50:50	50	38,9	10
3:51:00	50	38,9	9
3:51:10	50	38,9	10
3:51:20	50	38,9	10
3:51:30	50	38,9	10
3:51:40	50	38,9	10
3:51:50	50	38,9	10
3:52:00	50	38,9	10
3:52:10	50	38,9	10
3:52:20	50	38,9	10
3:52:30	50	38,9	10
3:52:40	50	38,9	10
3:52:50	50	38,9	10
3:53:00	50	38,9	10
3:53:10	50	38,9	10
3:53:20	50	38,9	10
3:53:30	50	38,9	10
3:53:40	50	38,9	10
3:53:50	50	38,9	10
3:54:00	50	38,9	10
3:54:10	50	38,9	10
3:54:20	50	38,9	10
3:54:30	50	38,9	10
3:54:40	50	38,9	10
3:54:50	50	38,9	10
3:55:00	50	38,9	10
3:55:10	50	38,9	10
3:55:20	50	38,9	10
3:55:30	50	38,9	10
3:55:40	50	38,9	10
3:55:50	50	38,9	10
3:56:00	50	38,9	10
3:56:10	50	38,9	10
3:56:20	50	38,9	10
3:56:30	50	38,9	10
3:56:40	50	38,9	10
3:56:50	50	38,9	10
3:57:00	50	38,9	10
3:57:10	50	38,9	10
3:57:20	50	38,9	10
3:57:30	50	38,9	10
3:57:40	50	38,9	10
3:57:50	50	38,9	10
3:58:00	50	38,9	10
3:58:10	50	38,9	10
3:58:20	50	38,9	10
3:58:30	50	39,0	10
3:58:40	50	38,9	10
3:58:50	50	38,9	10
3:59:00	50	38,9	10
3:59:10	50	38,9	10
3:59:20	50	38,9	10
3:59:30	50	38,9	10
3:59:40	50	38,9	10
3:59:50	50	38,9	10
4:00:00	50	38,9	10
4:00:10	50	38,9	10
4:00:20	50	38,9	10
4:00:30	50	38,9	10
4:00:40	50	38,9	10
4:00:50	50	38,9	10
4:01:00	50	38,9	10
4:01:10	50	38,9	10
4:01:20	50	38,9	10
4:01:30	50	38,9	10
4:01:40	50	38,9	10
4:01:50	50	38,9	10
4:02:00	50	38,9	10
4:02:10	50	38,9	10
4:02:20	50	38,9	10
4:02:30	50	38,9	10
4:02:40	50	38,9	10
4:02:50	50	38,9	10
4:03:00	50	38,9	10
4:03:10	50	38,9	10
4:03:20	50	38,9	10
4:03:30	50	38,9	10
4:03:40	50	38,9	10
4:03:50	50	38,9	10
4:04:00	50	38,9	10
4:04:10	50	38,9	10
4:04:20	50	38,9	10
4:04:30	50	38,9	10
4:04:40	50	38,9	10
4:04:50	50	38,9	10
4:05:00	50	38,9	10
4:05:10	50	38,9	10
4:05:20	50	38,9	10
4:05:30	50	38,9	10
4:05:40	50	38,9	10
4:05:50	50	38,9	10
4:06:00	50	38,9	10
4:06:10	50	38,9	10
4:06:20	50	38,9	10
4:06:30	50	38,9	10
4:06:40	50	38,9	10
4:06:50	50	38,9	10
4:07:00	50	38,9	10
4:07:10	50	38,9	10
4:07:20	50	38,9	10
4:07:30	50	38,9	10
4:07:40	50	38,9	10
4:07:50	50	38,9	10
4:08:00	50	38,9	10
4:08:10	50	38,9	10
4:08:20	50	38,9	10
4:08:30	50	38,9	10
4:08:40	50	38,9	10
4:08:50	50	38,9	10
4:09:00	50	39,0	10
4:09:10	50	39,0	10
4:09:20	50	38,9	10
4:09:30	50	38,9	10
4:09:40	50	38,9	10
4:09:50	50	38,9	10
4:10:00	50	38,9	10
4:10:10	50	38,9	10
4:10:20	50	38,9	10
4:10:30	50	38,9	10
4:10:40	50	38,9	10
4:10:50	50	38,9	10
4:11:00	50	38,9	10
4:11:10	50	38,9	11
4:11:20	50	38,9	11
4:11:30	50	38,9	11
4:11:40	50	38,9	11
4:11:50	50	38,9	11
4:12:00	50	38,9	11
4:12:10	50	38,9	11
4:12:20	50	38,9	11
4:12:30	50	38,9	11
4:12:40	50	38,9	11
4:12:50	50	38,9	11
4:13:00	50	38,9	11
4:13:10	50	38,9	11
4:13:20	50	38,9	11
4:13:30	50	38,9	11
4:13:40	50	38,9	11
4:13:50	50	38,9	11
4:14:00	50	38,9	11
4:14:10	50	38,9	11
4:14:20	50	38,9	11
4:14:30	50	38,9	11
4:14:40	50	38,9	11
4:14:50	50	38,9	11
4:15:00	50	38,9	11
4:15:10	50	38,9	11
4:15:20	50	38,9	11
4:15:30	50	38,9	11
4:15:40	50	38,9	11
4:15:50	50	38,9	11
4:16:00	50	38,9	11
4:16:10	50	38,9	11
4:16:20	50	38,9	11
4:16:30	50	38,9	11
4:16:40	50	38,9	11
4:16:50	50	38,9	11
4:17:00	50	38,9	11
4:17:10	50	38,9	11
4:17:20	50	38,8	11
4:17:30	50	38,9	11
4:17:40	50	38,9	11
4:17:50	50	38,9	11
4:18:00	50	38,9	11
4:18:10	50	39,0	11
4:18:20	50	39,0	11
4:18:30	50	38,9	11
4:18:40	50	38,9	11
4:18:50	50	38,9	11
4:19:00	50	38,9	11
4:19:10	50	38,9	11
4:19:20	50	38,9	11
4:19:30	50	38,9	11
4:19:40	50	38,9	11
4:19:50	50	38,9	11
4:20:00	50	38,9	11
4:20:10	50	38,9	11
4:20:20	50	38,9	11
4:20:30	50	38,9	11
4:20:40	50	38,9	11
4:20:50	50	38,9	11
4:21:00	50	38,9	11
4:21:10	50	38,9	11
4:21:20	50	38,9	11
4:21:30	50	38,9	11
4:21:40	50	38,9	11
4:21:50	50	38,9	11
4:22:00	50	38,9	12
4:22:10	50	38,8	12
4:22:20	50	38,9	12
4:22:30	50	38,9	12
4:22:40	50	38,9	12
4:22:50	50	38,9	12
4:23:00	50	38,9	12
4:23:10	50	38,9	12
4:23:20	50	38,9	12
4:23:30	50	38,9	12
4:23:40	50	38,9	12
4:23:50	50	38,9	12
4:24:00	50	38,9	12
4:24:10	50	38,9	12
4:24:20	50	38,9	12
4:24:30	50	38,9	12
4:24:40	50	38,9	12
4:24:50	50	38,9	12
4:25:00	50	39,0	12
4:25:10	50	39,0	12
4:25:20	50	39,0	12
4:25:30	50	39,0	12
4:25:40	50	39,0	12
4:25:50	50	39,0	12
4:26:00	50	39,0	12
4:26:10	50	39,0	12
4:26:20	50	38,9	12
4:26:30	50	38,9	12
4:26:40	50	38,9	12
4:26:50	50	38,9	12
4:27:00	50	38,9	12
4:27:10	50	38,9	12
4:27:20	50	38,9	12
4:27:30	50	38,9	12
4:27:40	50	38,9	12
4:27:50	50	38,9	12
4:28:00	50	38,9	12
4:28:10	50	38,9	12
4:28:20	50	38,9	12
4:28:30	50	38,9	12
4:28:40	50	38,9	12
4:28:50	50	38,9	12
4:29:00	50	38,9	12
4:29:10	50	38,9	12
4:29:20	50	38,9	12
4:29:30	50	38,9	12
4:29:40	50	38,9	12
4:29:50	50	38,9	12
4:30:00	50	38,9	12
4:30:10	50	38,9	12
4:30:20	50	38,9	12
4:30:30	50	38,9	12
4:30:40	50	38,9	12
4:30:50	50	38,8	12
4:31:00	50	38,8	12
4:31:10	50	38,8	12
4:31:20	50	38,9	12
4:31:30	50	38,9	12
4:31:40	50	38,9	12
4:31:50	50	38,9	12
4:32:00	50	38,9	12
4:32:10	50	38,9	12
4:32:20	50	38,9	12
4:32:30	50	38,9	12
4:32:40	50	38,9	12
4:32:50	50	38,9	12
4:33:00	50	38,9	12
4:33:10	50	38,9	12
4:33:20	50	38,9	12
4:33:30	50	38,9	12
4:33:40	50	38,9	12
4:33:50	50	38,9	12
4:34:00	50	38,9	12
4:34:10	50	38,9	12
4:34:20	50	38,9	12
4:34:30	50	38,9	12
4:34:40	50	38,9	12
4:34:50	50	38,9	12
4:35:00	50	38,9	12
4:35:10	50	38,9	12
4:35:20	50	38,9	12
4:35:30	50	38,9	12
4:35:40	50	38,9	12
4:35:50	50	38,9	12
4:36:00	50	38,9	12
4:36:10	50	38,9	12
4:36:20	50	38,9	12
4:36:30	50	38,9	12
4:36:40	50	38,9	12
4:36:50	50	38,9	12
4:37:00	50	38,9	12
4:37:10	50	38,9	12
4:37:20	50	38,9	12
4:37:30	50	38,9	12
4:37:40	50	38,9	12
4:37:50	50	38,9	12
4:38:00	50	38,9	12
4:38:10	50	38,9	12
4:38:20	50	38,9	12
4:38:30	50	38,9	12
4:38:40	50	38,9	12
4:38:50	50	38,9	12
4:39:00	50	38,9	12
4:39:10	50	38,9	12
4:39:20	50	38,9	12
4:39:30	50	38,9	12
4:39:40	50	38,9	12
4:39:50	50	38,9	12
4:40:00	50	38,9	12
4:40:10	50	38,9	12
4:40:20	50	38,9	12
4:40:30	50	38,9	12
4:40:40	50	38,9	12
4:40:50	50	38,9	12
4:41:00	50	38,9	12
4:41:10	50	38,9	12
4:41:20	50	38,9	12
4:41:30	50	38,9	12
4:41:40	50	38,9	12
4:41:50	50	38,9	12
4:42:00	50	38,9	12
4:42:10	50	38,9	12
4:42:20	50	39,0	12
4:42:30	50	39,0	12
4:42:40	50	38,9	12
4:42:50	50	39,0	12
4:43:00	50	39,0	12
4:43:10	50	38,9	12
4:43:20	50	39,0	12
4:43:30	50	39,0	12
4:43:40	50	39,0	12
4:43:50	50	39,0	12
4:44:00	50	38,9	12
4:44:10	50	38,9	12
4:44:20	50	38,9	12
4:44:30	50	38,9	12
4:44:40	50	38,9	12
4:44:50	50	38,9	12
4:45:00	50	38,9	12
4:45:10	50	38,9	12
4:45:20	50	38,9	12
4:45:30	50	38,9	12
4:45:40	50	38,9	12
4:45:50	50	38,9	12
4:46:00	50	38,9	12
4:46:10	50	38,9	12
4:46:20	50	38,9	12
4:46:30	50	38,9	12
4:46:40	50	38,9	12
4:46:50	50	38,9	12
4:47:00	50	38,9	12
4:47:10	50	38,9	12
4:47:20	50	38,9	13
4:47:30	50	38,9	13
4:47:40	50	38,9	13
4:47:50	50	38,9	13
4:48:00	50	38,9	13
4:48:10	50	38,9	13
4:48:20	50	38,9	13
4:48:30	50	38,9	13
4:48:40	50	38,9	13
4:48:50	50	38,9	13
4:49:00	50	38,9	13
4:49:10	50	38,9	13
4:49:20	50	38,9	13
4:49:30	50	38,9	13
4:49:40	50	38,9	13
4:49:50	50	38,9	13
4:50:00	50	38,9	13
4:50:10	50	38,9	13
4:50:20	50	38,9	13
4:50:30	50	38,9	13
4:50:40	50	38,9	13
4:50:50	50	38,9	13
4:51:00	50	38,9	13
4:51:10	50	38,9	13
4:51:20	50	38,9	13
4:51:30	50	38,9	13
4:51:40	50	38,9	13
4:51:50	50	38,9	13
4:52:00	50	38,9	13
4:52:10	50	38,8	13
4:52:20	50	39,0	13
4:52:30	50	39,0	13
4:52:40	50	39,0	13
4:52:50	50	39,0	13
4:53:00	50	39,0	13
4:53:10	50	39,0	13
4:53:20	50	39,0	13
4:53:30	50	39,0	13
4:53:40	50	39,0	13
4:53:50	50	39,0	13
4:54:00	50	38,9	13
4:54:10	50	38,9	13
4:54:20	50	38,9	13
4:54:30	50	38,9	13
4:54:40	50	38,9	13
4:54:50	50	38,9	13
4:55:00	50	38,9	13
4:55:10	50	38,9	13
4:55:20	50	38,9	13
4:55:30	50	38,9	13
4:55:40	50	38,9	14
4:55:50	50	38,9	14
4:56:00	50	38,9	14
4:56:10	50	38,9	14
4:56:20	50	38,9	14
4:56:30	50	38,9	14
4:56:40	50	38,9	14
4:56:50	50	38,9	14
4:57:00	50	38,9	14
4:57:10	50	38,9	14
4:57:20	50	38,9	14
4:57:30	50	38,9	14
4:57:40	50	38,9	14
4:57:50	50	38,9	14
4:58:00	50	38,9	14
4:58:10	50	38,9	14
4:58:20	50	38,9	14
4:58:30	50	38,9	14
4:58:40	50	38,9	14
4:58:50	50	38,9	14
4:59:00	50	38,9	14
4:59:10	50	38,9	14
4:59:20	50	38,9	14
4:59:30	50	38,9	14
4:59:40	50	38,9	14
4:59:50	50	38,9	14
5:00:00	50	38,9	14
5:00:10	50	38,9	14
5:00:20	50	38,9	14
5:00:30	50	38,9	14
5:00:40	50	38,9	14
5:00:50	50	38,9	14
5:01:00	50	38,9	14
5:01:10	50	38,9	14
5:01:20	50	38,9	14
5:01:30	50	38,9	14
5:01:40	50	38,9	14
5:01:50	50	38,9	14
5:02:00	50	38,9	14
5:02:10	50	38,9	14
5:02:20	50	38,9	14
5:02:30	50	38,9	14
5:02:40	50	38,9	14
5:02:50	50	38,9	14
5:03:00	50	38,9	14
5:03:10	50	38,9	14
5:03:20	50	39,0	14
5:03:30	50	39,0	14
5:03:40	50	39,0	14
5:03:50	50	39,0	14
5:04:00	50	39,0	14
5:04:10	50	39,0	14
5:04:20	50	39,0	14
5:04:30	50	38,9	14
5:04:40	50	38,9	14
5:04:50	50	38,9	14
5:05:00	50	38,9	14
5:05:10	50	38,9	14
5:05:20	50	38,9	14
5:05:30	50	38,9	14
5:05:40	50	38,9	14
5:05:50	50	38,9	14
5:06:00	50	38,9	14
5:06:10	50	38,9	14
5:06:20	50	38,9	14
5:06:30	50	38,9	14
5:06:40	50	38,9	14
5:06:50	50	38,9	14
5:07:00	50	38,9	14
5:07:10	50	38,9	14
5:07:20	50	38,9	14
5:07:30	50	38,9	14
5:07:40	50	38,9	14
5:07:50	50	38,9	14
5:08:00	50	38,9	14
5:08:10	50	38,9	14
5:08:20	50	38,9	14
5:08:30	50	38,9	14
5:08:40	50	38,9	14
5:08:50	50	38,9	14
5:09:00	50	38,9	14
5:09:10	50	38,9	14
5:09:20	50	38,9	14
5:09:30	50	38,9	14
5:09:40	50	38,9	14
5:09:50	50	38,9	14
5:10:00	50	38,9	14
5:10:10	50	38,9	14
5:10:20	50	38,9	14
5:10:30	50	38,8	15
5:10:40	50	38,9	15
5:10:50	50	38,9	15
5:11:00	50	38,9	15
5:11:10	50	38,9	15
5:11:20	50	38,9	15
5:11:30	50	38,9	15
5:11:40	50	38,9	15
5:11:50	50	38,9	15
5:12:00	50	38,9	15
5:12:10	50	38,9	15
5:12:20	50	38,9	15
5:12:30	50	38,9	15
5:12:40	50	38,9	15
5:12:50	50	38,9	15
5:13:00	50	38,9	15
5:13:10	50	38,9	15
5:13:20	50	38,9	15
5:13:30	50	38,9	15
5:13:40	50	38,9	15
5:13:50	50	38,9	15
5:14:00	50	38,8	15
5:14:10	50	38,9	15
5:14:20	50	38,9	15
5:14:30	50	38,9	15
5:14:40	50	38,9	15
5:14:50	50	38,9	15
5:15:00	50	38,9	15
5:15:10	50	38,9	15
5:15:20	50	38,9	15
5:15:30	50	38,9	15
5:15:40	50	38,9	15
5:15:50	50	38,9	15
5:16:00	50	38,9	15
5:16:10	50	38,9	15
5:16:20	50	39,0	15
5:16:30	50	39,0	15
5:16:40	50	39,0	15
5:16:50	50	39,0	15
5:17:00	50	39,0	15
5:17:10	50	39,0	15
5:17:20	50	39,0	15
5:17:30	50	39,0	15
5:17:40	50	39,0	15
5:17:50	50	39,0	15
5:18:00	50	39,0	15
5:18:10	50	39,0	15
5:18:20	50	38,9	15
5:18:30	50	38,9	15
5:18:40	50	38,9	15
5:18:50	50	38,9	15
5:19:00	50	38,9	15
5:19:10	50	38,9	15
5:19:20	50	38,9	16
5:19:30	50	38,9	16
5:19:40	50	38,9	16
5:19:50	50	38,9	16
5:20:00	50	38,9	16
5:20:10	50	38,9	16
5:20:20	50	38,9	16
5:20:30	50	38,9	16
5:20:40	50	38,9	16
5:20:50	50	38,9	16
5:21:00	50	38,9	16
5:21:10	50	38,9	16
5:21:20	50	38,9	16
5:21:30	50	38,9	16
5:21:40	50	38,9	16
5:21:50	50	38,9	16
5:22:00	50	38,9	16
5:22:10	50	38,9	16
5:22:20	50	38,9	16
5:22:30	50	38,9	16
5:22:40	50	38,9	16
5:22:50	50	38,9	16
5:23:00	50	38,9	16
5:23:10	50	38,9	16
5:23:20	50	38,9	16
5:23:30	50	38,9	16
5:23:40	50	38,9	16
5:23:50	50	38,9	16
5:24:00	50	38,9	16
5:24:10	50	38,9	16
5:24:20	50	38,9	16
5:24:30	50	38,9	16
5:24:40	50	38,9	16
5:24:50	50	38,9	16
5:25:00	50	38,9	16
5:25:10	50	38,9	16
5:25:20	50	38,9	16
5:25:30	50	38,9	16
5:25:40	50	38,9	16
5:25:50	50	38,9	17
5:26:00	50	38,9	17
5:26:10	50	38,9	17
5:26:20	50	38,9	17
5:26:30	50	38,9	17
5:26:40	50	38,9	17
5:26:50	50	38,9	17
5:27:00	50	38,9	17
5:27:10	50	38,9	17
5:27:20	50	38,9	17
5:27:30	50	38,9	17
5:27:40	50	38,9	17
5:27:50	50	38,9	17
5:28:00	50	38,9	17
5:28:10	50	38,9	17
5:28:20	50	38,9	17
5:28:30	50	38,9	17
5:28:40	50	38,9	17
5:28:50	50	38,9	17
5:29:00	50	38,8	17
5:29:10	50	38,9	17
5:29:20	50	38,9	17
5:29:30	50	38,9	17
5:29:40	50	38,9	17
5:29:50	50	38,9	17
5:30:00	50	38,9	17
5:30:10	50	38,9	17
5:30:20	50	38,9	17
5:30:30	50	38,9	17
5:30:40	50	38,9	17
5:30:50	50	38,9	17
5:31:00	50	38,9	17
5:31:10	50	38,9	18
5:31:20	50	38,9	18
5:31:30	50	38,9	18
5:31:40	50	38,9	18
5:31:50	50	38,9	18
5:32:00	50	38,9	18
5:32:10	50	38,9	18
5:32:20	50	38,9	18
5:32:30	50	38,9	18
5:32:40	50	38,9	18
5:32:50	50	38,9	18
5:33:00	50	38,9	18
5:33:10	50	38,9	18
5:33:20	50	38,9	18
5:33:30	50	38,9	18
5:33:40	50	38,9	18
5:33:50	50	38,9	18
5:34:00	50	38,9	18
5:34:10	50	38,9	18
5:34:20	50	38,9	18
5:34:30	50	38,9	18
5:34:40	50	38,9	18
5:34:50	50	38,8	18
5:35:00	50	38,8	18
5:35:10	50	38,9	18
5:35:20	50	38,8	18
5:35:30	50	38,9	18
5:35:40	50	38,9	18
5:35:50	50	38,9	18
5:36:00	50	38,9	18
5:36:10	50	38,8	18
5:36:20	50	39,0	18
5:36:30	50	39,0	18
5:36:40	50	38,9	18
5:36:50	50	38,9	18
5:37:00	50	38,9	18
5:37:10	50	38,9	18
5:37:20	50	38,9	18
5:37:30	50	38,9	18
5:37:40	50	38,9	18
5:37:50	50	38,9	18
5:38:00	50	38,9	18
5:38:10	50	38,9	18
5:38:20	50	38,9	18
5:38:30	50	38,9	18
5:38:40	50	38,9	18
5:38:50	50	38,9	18
5:39:00	50	38,9	18
5:39:10	50	38,9	18
5:39:20	50	38,9	18
5:39:30	50	38,9	18
5:39:40	50	38,9	18
5:39:50	50	38,9	18
5:40:00	50	38,9	19
5:40:10	50	38,9	19
5:40:20	50	38,9	19
5:40:30	50	38,9	19
5:40:40	50	38,9	19
5:40:50	50	38,9	19
5:41:00	50	38,9	19
5:41:10	50	38,8	19
5:41:20	50	38,9	19
5:41:30	50	38,9	19
5:41:40	50	38,9	19
5:41:50	50	38,9	19
5:42:00	50	38,9	19
5:42:10	50	38,9	19
5:42:20	50	38,9	19
5:42:30	50	38,9	19
5:42:40	50	38,9	19
5:42:50	50	38,9	19
5:43:00	50	38,9	19
5:43:10	50	39,0	19
5:43:20	50	39,0	19
5:43:30	50	38,9	19
5:43:40	50	38,9	19
5:43:50	50	38,9	19
5:44:00	50	38,9	19
5:44:10	50	38,9	19
5:44:20	50	38,9	19
5:44:30	50	39,0	19
5:44:40	50	38,9	19
5:44:50	50	38,9	19
5:45:00	50	38,9	19
5:45:10	50	38,9	19
5:45:20	50	38,9	19
5:45:30	50	38,9	19
5:45:40	50	38,9	19
5:45:50	50	38,9	19
5:46:00	50	38,9	19
5:46:10	50	38,9	19
5:46:20	50	38,9	19
5:46:30	50	38,9	19
5:46:40	50	38,9	19
5:46:50	50	38,9	19
5:47:00	50	38,9	20
5:47:10	50	38,9	20
5:47:20	50	38,9	20
5:47:30	50	38,9	20
5:47:40	50	38,9	20
5:47:50	50	38,9	20
5:48:00	50	38,9	20
5:48:10	50	38,9	20
5:48:20	50	38,9	20
5:48:30	50	38,9	20
5:48:40	50	38,9	20
5:48:50	50	38,9	20
5:49:00	50	38,9	20
5:49:10	50	38,9	20
5:49:20	50	38,9	20
5:49:30	50	38,9	20
5:49:40	50	38,9	20
5:49:50	50	38,9	20
5:50:00	50	38,9	20
5:50:10	50	38,9	20
5:50:20	50	38,9	20
5:50:30	50	38,9	20
5:50:40	50	38,9	20
5:50:50	50	38,9	20
5:51:00	50	39,0	20
5:51:10	50	39,0	20
5:51:20	50	39,0	20
5:51:30	50	39,0	20
5:51:40	50	39,0	20
5:51:50	50	38,9	20
5:52:00	50	38,9	20
5:52:10	50	38,9	20
5:52:20	50	38,9	20
5:52:30	50	38,9	20
5:52:40	50	38,9	20
5:52:50	50	38,9	20
5:53:00	50	38,9	20
5:53:10	50	38,9	20
5:53:20	50	38,9	20
5:53:30	50	38,9	20
5:53:40	50	38,9	20
5:53:50	50	38,9	20
5:54:00	50	38,9	20
5:54:10	50	38,9	20
5:54:20	50	38,9	20
5:54:30	50	38,9	20
5:54:40	50	38,9	20
5:54:50	50	38,9	20
5:55:00	50	38,9	20
5:55:10	50	38,9	20
5:55:20	50	38,9	20
5:55:30	50	38,9	20
5:55:40	50	38,9	20
5:55:50	50	38,9	20
5:56:00	50	38,9	20
5:56:10	50	38,9	20
5:56:20	50	38,9	20
5:56:30	50	38,9	20
5:56:40	50	38,9	20
5:56:50	50	38,9	20
5:57:00	50	38,9	20
5:57:10	50	38,9	20
5:57:20	50	38,9	20
5:57:30	50	38,8	20
5:57:40	50	38,9	20
5:57:50	50	38,9	20
5:58:00	50	38,9	20
5:58:10	50	38,9	21
5:58:20	50	38,9	21
5:58:30	50	38,9	21
5:58:40	50	39,0	21
5:58:50	50	39,0	21
5:59:00	50	39,0	21
5:59:10	50	39,0	21
5:59:20	50	39,0	21
5:59:30	50	39,0	21
5:59:40	50	39,0	21
5:59:50	50	39,0	21
6:00:00	50	39,0	21
6:00:10	50	39,0	21
6:00:20	50	39,0	21
6:00:30	50	39,0	21
6:00:40	50	39,0	21
6:00:50	50	39,0	21
6:01:00	50	39,0	21
6:01:10	50	38,9	21
6:01:20	50	38,9	21
6:01:30	50	38,9	21
6:01:40	50	38,9	21
6:01:50	50	39,0	21
6:02:00	50	38,9	21
6:02:10	50	38,9	21
6:02:20	50	38,9	21
6:02:30	50	38,9	21
6:02:40	50	38,9	21
6:02:50	50	38,9	21
6:03:00	50	38,9	21
6:03:10	50	38,9	21
6:03:20	50	38,9	21
6:03:30	50	38,9	21
6:03:40	50	38,9	21
6:03:50	50	38,9	21
6:04:00	50	38,9	21
6:04:10	50	38,9	21
6:04:20	50	38,9	21
6:04:30	50	38,9	21
6:04:40	50	38,9	21
6:04:50	50	38,9	21
6:05:00	50	38,9	21
6:05:10	50	38,9	21
6:05:20	50	38,9	21
6:05:30	50	38,9	21
6:05:40	50	38,9	22
6:05:50	50	38,9	21
6:06:00	50	38,9	21
6:06:10	50	38,9	21
6:06:20	50	38,9	21
6:06:30	50	38,9	21
6:06:40	50	38,9	21
6:06:50	50	38,9	21
6:07:00	50	38,9	21
6:07:10	50	38,9	22
6:07:20	50	38,9	22
6:07:30	50	38,9	22
6:07:40	50	38,9	22
6:07:50	50	38,9	22
6:08:00	50	38,9	22
6:08:10	50	39,0	22
6:08:20	50	39,0	22
6:08:30	50	38,9	22
6:08:40	50	38,9	22
6:08:50	50	39,0	22
6:09:00	50	38,9	22
6:09:10	50	38,9	22
6:09:20	50	38,9	22
6:09:30	50	38,9	22
6:09:40	50	38,9	22
6:09:50	50	38,9	22
6:10:00	50	38,9	22
6:10:10	50	38,9	22
6:10:20	50	38,9	22
6:10:30	50	38,9	22
6:10:40	50	38,9	22
6:10:50	50	38,9	22
6:11:00	50	38,9	22
6:11:10	50	38,9	22
6:11:20	50	38,9	22
6:11:30	50	38,9	22
6:11:40	50	38,9	22
6:11:50	50	38,9	22
6:12:00	50	38,9	22
6:12:10	50	38,9	22
6:12:20	50	38,9	22
6:12:30	50	38,9	23
6:12:40	50	38,9	23
6:12:50	50	38,9	23
6:13:00	50	38,9	23
6:13:10	50	38,9	23
6:13:20	50	38,9	23
6:13:30	50	38,9	23
6:13:40	50	38,9	23
6:13:50	50	38,9	23
6:14:00	50	38,9	23
6:14:10	50	38,9	23
6:14:20	50	38,9	23
6:14:30	50	38,9	23
6:14:40	50	38,9	23
6:14:50	50	38,9	23
6:15:00	50	38,9	23
6:15:10	50	38,9	23
6:15:20	50	38,9	23
6:15:30	50	38,9	23
6:15:40	50	38,9	23
6:15:50	50	38,9	23
6:16:00	50	38,9	23
6:16:10	50	38,9	23
6:16:20	50	38,9	23
6:16:30	50	38,9	23
6:16:40	50	38,9	23
6:16:50	50	38,9	23
6:17:00	50	38,9	23
6:17:10	50	38,8	23
6:17:20	50	38,9	24
6:17:30	50	38,9	24
6:17:40	50	38,9	24
6:17:50	50	38,9	24
6:18:00	50	38,9	24
6:18:10	50	38,9	24
6:18:20	50	38,9	24
6:18:30	50	38,9	24
6:18:40	50	38,9	24
6:18:50	50	38,9	24
6:19:00	50	38,9	24
6:19:10	50	38,9	24
6:19:20	50	38,9	24
6:19:30	50	39,0	24
6:19:40	50	39,0	24
6:19:50	50	38,9	24
6:20:00	50	38,9	24
6:20:10	50	38,9	24
6:20:20	50	38,9	24
6:20:30	50	38,9	24
6:20:40	50	38,9	24
6:20:50	50	38,9	24
6:21:00	50	38,9	24
6:21:10	50	38,9	24
6:21:20	50	38,9	25
6:21:30	50	38,9	25
6:21:40	50	38,9	25
6:21:50	50	38,9	25
6:22:00	50	38,9	25
6:22:10	50	38,9	25
6:22:20	50	38,9	25
6:22:30	50	38,9	25
6:22:40	50	38,9	25
6:22:50	50	38,9	25
6:23:00	50	38,9	25
6:23:10	50	38,9	25
6:23:20	50	38,9	25
6:23:30	50	38,9	25
6:23:40	50	38,9	25
6:23:50	50	38,9	25
6:24:00	50	38,9	25
6:24:10	50	38,9	25
6:24:20	50	38,9	25
6:24:30	50	38,9	25
6:24:40	50	38,9	25
6:24:50	50	38,9	25
6:25:00	50	38,9	25
6:25:10	50	38,9	26
6:25:20	50	38,9	26
6:25:30	50	38,9	26
6:25:40	50	38,9	26
6:25:50	50	38,9	26
6:26:00	50	38,9	26
6:26:10	50	38,9	26
6:26:20	50	38,9	26
6:26:30	50	38,9	26
6:26:40	50	38,9	26
6:26:50	50	39,0	26
6:27:00	50	39,0	26
6:27:10	50	39,0	26
6:27:20	50	38,9	26
6:27:30	50	39,0	26
6:27:40	50	38,9	26
6:27:50	50	38,9	26
6:28:00	50	38,9	26
6:28:10	50	38,9	26
6:28:20	50	38,9	26
6:28:30	50	38,9	26
6:28:40	50	38,9	26
6:28:50	50	38,9	26
6:29:00	50	38,9	26
6:29:10	50	38,9	26
6:29:20	50	38,9	26
6:29:30	50	38,9	26
6:29:40	50	38,9	26
6:29:50	50	38,9	26
6:30:00	50	38,9	26
6:30:10	50	38,9	26
6:30:20	50	38,9	26
6:30:30	50	38,9	26
6:30:40	50	38,9	26
6:30:50	50	38,9	26
6:31:00	50	38,9	26
6:31:10	50	38,9	26
6:31:20	50	38,9	26
6:31:30	50	38,9	26
6:31:40	50	38,9	26
6:31:50	50	38,9	26
6:32:00	50	38,9	26
6:32:10	50	38,9	26
6:32:20	50	38,9	26
6:32:30	50	38,9	26
6:32:40	50	38,9	26
6:32:50	50	38,9	26
6:33:00	50	38,9	26
6:33:10	50	38,9	26
6:33:20	50	38,9	26
6:33:30	50	38,9	26
6:33:40	50	38,9	26
6:33:50	50	38,8	26
6:34:00	50	38,9	26
6:34:10	50	38,9	26
6:34:20	50	38,9	26
6:34:30	50	38,9	26
6:34:40	50	38,9	26
6:34:50	50	38,9	26
6:35:00	50	38,9	26
6:35:10	50	38,9	26
6:35:20	50	39,0	26
6:35:30	50	39,0	26
6:35:40	50	39,0	26
6:35:50	50	39,0	27
6:36:00	50	39,0	27
6:36:10	50	39,0	27
6:36:20	50	38,9	27
6:36:30	50	39,0	27
6:36:40	50	39,0	28
6:36:50	50	39,0	28
6:37:00	50	39,0	28
6:37:10	50	39,0	28
6:37:20	50	39,0	28
6:37:30	50	39,0	28
6:37:40	50	39,0	28
6:37:50	50	39,0	28
6:38:00	50	38,9	28
6:38:10	50	38,9	28
6:38:20	50	38,9	28
6:38:30	50	38,9	28
6:38:40	50	38,9	29
6:38:50	50	38,9	29
6:39:00	50	38,9	29
6:39:10	50	38,9	29
6:39:20	50	38,9	29
6:39:30	50	38,9	29
6:39:40	50	38,9	29
6:39:50	50	38,9	30
6:40:00	50	38,9	30
6:40:10	50	38,9	30
6:40:20	50	38,9	30
6:40:30	50	38,9	30
6:40:40	50	38,9	30
6:40:50	50	38,9	30
6:41:00	50	38,9	30
6:41:10	50	38,9	30
6:41:20	50	38,9	30
6:41:30	50	38,9	30
6:41:40	50	38,9	29
6:41:50	50	38,9	29
6:42:00	50	38,9	29
6:42:10	50	38,9	30
6:42:20	50	38,9	30
6:42:30	50	38,9	30
6:42:40	50	38,9	30
6:42:50	50	38,9	30
6:43:00	50	38,9	30
6:43:10	50	38,9	30
6:43:20	50	38,9	30
6:43:30	50	38,9	30
6:43:40	50	38,9	30
6:43:50	50	38,9	30
6:44:00	50	38,9	30
6:44:10	50	38,9	31
6:44:20	50	38,9	31
6:44:30	50	38,8	31
6:44:40	50	38,9	31
6:44:50	50	38,9	31
6:45:00	50	38,9	31
6:45:10	50	38,9	31
6:45:20	50	38,9	31
6:45:30	50	38,9	31
6:45:40	50	38,9	31
6:45:50	50	38,9	31
6:46:00	50	38,9	31
6:46:10	50	38,9	31
6:46:20	50	38,9	31
6:46:30	50	38,9	31
6:46:40	50	38,9	31
6:46:50	50	38,9	31
6:47:00	50	38,9	31
6:47:10	50	38,9	32
6:47:20	50	38,9	32
6:47:30	50	38,9	32
6:47:40	50	38,9	32
6:47:50	50	38,9	32
6:48:00	50	38,9	32
6:48:10	50	38,9	31
6:48:20	50	38,9	31
6:48:30	50	38,9	32
6:48:40	50	38,9	32
6:48:50	50	38,9	32
6:49:00	50	38,9	32
6:49:10	50	38,9	32
6:49:20	50	38,9	32
6:49:30	50	38,9	32
6:49:40	50	38,9	32
6:49:50	50	38,9	32
6:50:00	50	38,9	32
6:50:10	50	38,9	32
6:50:20	50	38,9	32
6:50:30	50	38,9	32
6:50:40	50	38,9	32
6:50:50	50	38,9	32
6:51:00	50	38,9	32
6:51:10	50	38,9	32
6:51:20	50	38,9	32
6:51:30	50	38,9	32
6:51:40	50	38,9	32
6:51:50	50	38,9	32
6:52:00	50	38,9	32
6:52:10	50	38,9	32
6:52:20	50	38,9	32
6:52:30	50	38,9	32
6:52:40	50	38,9	32
6:52:50	50	38,9	32
6:53:00	50	38,9	32
6:53:10	50	38,9	32
6:53:20	50	38,9	32
6:53:30	50	38,9	32
6:53:40	50	38,9	32
6:53:50	50	38,9	32
6:54:00	50	38,9	32
6:54:10	50	38,9	32
6:54:20	50	38,9	32
6:54:30	50	38,9	32
6:54:40	50	38,9	32
6:54:50	50	38,9	32
6:55:00	50	38,9	32
6:55:10	50	38,9	32
6:55:20	50	38,9	32
6:55:30	50	38,9	32
6:55:40	50	38,9	32
6:55:50	50	38,9	32
6:56:00	50	38,9	32
6:56:10	50	38,9	32
6:56:20	50	38,9	29
6:56:30	50	38,9	-1
6:56:40	50	38,9	30
6:56:50	50	38,9	31
6:57:00	50	38,9	32
6:57:10	50	38,9	33
6:57:20	50	38,9	33
6:57:30	50	38,9	33
6:57:40	50	38,9	33
6:57:50	50	38,9	33
6:58:00	50	38,9	33
6:58:10	50	38,9	33
6:58:20	50	38,9	33
6:58:30	50	38,9	33
6:58:40	50	38,9	33
6:58:50	50	39,0	33
6:59:00	50	39,0	33
6:59:10	50	39,0	33
6:59:20	50	39,0	33
6:59:30	50	38,9	33
6:59:40	50	38,9	33
6:59:50	50	38,9	33
7:00:00	50	38,9	34
7:00:10	50	38,9	34
7:00:20	50	38,9	34
7:00:30	50	38,9	34
7:00:40	50	38,9	34
7:00:50	50	38,9	34
7:01:00	50	38,9	34
7:01:10	50	38,9	34
7:01:20	50	38,9	34
7:01:30	50	38,9	34
7:01:40	50	38,9	34
7:01:50	50	38,9	34
7:02:00	50	38,9	34
7:02:10	50	38,9	34
7:02:20	50	38,9	35
7:02:30	50	38,9	35
7:02:40	50	38,9	35
7:02:50	50	38,9	35
7:03:00	50	38,9	35
7:03:10	50	38,9	35
7:03:20	50	38,9	35
7:03:30	50	38,9	35
7:03:40	50	38,9	35
7:03:50	50	38,9	35
7:04:00	50	38,9	35
7:04:10	50	38,9	35
7:04:20	50	38,9	35
7:04:30	50	38,9	35
7:04:40	50	38,9	35
7:04:50	50	38,9	35
7:05:00	50	38,9	35
7:05:10	50	38,9	35
7:05:20	50	38,9	35
7:05:30	50	38,9	35
7:05:40	50	38,9	36
7:05:50	50	38,9	35
7:06:00	50	38,9	35
7:06:10	50	38,8	36
7:06:20	50	38,9	36
7:06:30	50	38,9	36
7:06:40	50	38,9	36
7:06:50	50	38,9	36
7:07:00	50	38,9	36
7:07:10	50	38,9	36
7:07:20	50	38,9	36
7:07:30	50	38,9	36
7:07:40	50	38,9	36
7:07:50	50	38,9	36
7:08:00	50	39,0	36
7:08:10	50	39,0	37
7:08:20	50	39,0	37
7:08:30	50	39,0	37
7:08:40	50	38,9	37
7:08:50	50	38,9	37
7:09:00	50	38,9	37
7:09:10	50	38,9	37
7:09:20	50	38,9	37
7:09:30	50	38,9	37
7:09:40	50	38,9	37
7:09:50	50	38,9	37
7:10:00	50	38,9	37
7:10:10	50	38,9	37
7:10:20	50	38,9	37
7:10:30	50	38,9	37
7:10:40	50	38,9	37
7:10:50	50	38,9	37
7:11:00	50	38,9	37
7:11:10	50	38,9	37
7:11:20	50	38,9	37
7:11:30	50	38,9	37
7:11:40	50	38,9	37
7:11:50	50	38,9	37
7:12:00	50	38,9	37
7:12:10	50	38,9	37
7:12:20	50	38,9	37
7:12:30	50	38,9	37
7:12:40	50	38,9	37
7:12:50	50	38,9	37
7:13:00	50	38,9	38
7:13:10	50	38,9	38
7:13:20	50	38,9	38
7:13:30	50	38,9	38
7:13:40	50	38,9	38
7:13:50	50	38,9	38
7:14:00	50	38,9	38
7:14:10	50	38,9	38
7:14:20	50	38,9	38
7:14:30	50	38,9	38
7:14:40	50	38,9	38
7:14:50	50	38,9	38
7:15:00	50	38,9	38
7:15:10	50	38,9	38
7:15:20	50	38,9	38
7:15:30	50	38,9	39
7:15:40	50	38,9	39
7:15:50	50	38,9	39
7:16:00	50	38,9	39
7:16:10	50	38,9	39
7:16:20	50	38,9	39
7:16:30	50	38,9	39
7:16:40	50	38,9	39
7:16:50	50	38,9	39
7:17:00	50	39,0	39
7:17:10	50	38,9	39
7:17:20	50	38,9	39
7:17:30	50	38,9	39
7:17:40	50	38,9	39
7:17:50	50	38,9	39
7:18:00	50	38,9	39
7:18:10	50	38,9	39
7:18:20	50	38,9	39
7:18:30	50	38,9	39
7:18:40	50	38,9	39
7:18:50	50	38,9	39
7:19:00	50	38,9	39
7:19:10	50	38,9	39
7:19:20	50	38,9	39
7:19:30	50	38,9	39
7:19:40	50	38,9	39
7:19:50	50	38,9	40
7:20:00	50	38,9	40
7:20:10	50	38,9	40
7:20:20	50	38,9	40
7:20:30	50	38,9	40
7:20:40	50	38,9	40
7:20:50	50	38,9	40
7:21:00	50	38,9	40
7:21:10	50	38,9	40
7:21:20	50	38,9	40
7:21:30	50	38,9	40
7:21:40	50	38,8	40
7:21:50	50	38,9	40
7:22:00	50	38,9	40
7:22:10	50	38,9	40
7:22:20	50	38,9	40
7:22:30	50	38,9	40
7:22:40	50	38,9	40
7:22:50	50	38,9	40
7:23:00	50	38,9	40
7:23:10	50	38,9	40
7:23:20	50	38,8	40
7:23:30	50	38,9	40
7:23:40	50	38,9	40
7:23:50	50	38,9	40
7:24:00	50	38,9	40
7:24:10	50	38,9	40
7:24:20	50	38,9	40
7:24:30	50	38,9	41
7:24:40	50	38,9	41
7:24:50	50	38,9	41
7:25:00	50	38,9	41
7:25:10	50	38,9	41
7:25:20	50	38,9	41
7:25:30	50	38,9	41
7:25:40	50	38,9	41
7:25:50	50	38,9	41
7:26:00	50	38,9	41
7:26:10	50	38,9	41
7:26:20	50	38,9	41
7:26:30	50	38,9	41
7:26:40	50	38,9	41
7:26:50	50	38,9	41
7:27:00	50	38,9	41
7:27:10	50	38,8	41
7:27:20	50	38,9	41
7:27:30	50	38,8	42
7:27:40	50	38,9	42
7:27:50	50	38,9	42
7:28:00	50	38,9	42
7:28:10	50	38,9	42
7:28:20	50	38,9	42
7:28:30	50	38,9	42
7:28:40	50	38,9	43
7:28:50	50	38,9	43
7:29:00	50	38,9	43
7:29:10	50	38,9	43
7:29:20	50	38,9	44
7:29:30	50	38,9	44
7:29:40	50	38,9	44
7:29:50	50	38,9	44
7:30:00	50	38,9	44
7:30:10	50	38,9	44
7:30:20	50	38,9	44
7:30:30	50	39,0	44
7:30:40	50	38,9	44
7:30:50	50	38,9	44
7:31:00	50	38,9	44
7:31:10	50	38,9	44
7:31:20	50	39,0	44
7:31:30	50	39,0	44
7:31:40	50	38,9	44
7:31:50	50	39,0	44
7:32:00	50	39,0	44
7:32:10	50	39,0	44
7:32:20	50	38,9	44
7:32:30	50	39,0	44
7:32:40	50	39,0	44
7:32:50	50	39,0	44
7:33:00	50	39,0	44
7:33:10	50	39,0	44
7:33:20	50	39,0	44
7:33:30	50	39,0	44
7:33:40	50	39,0	44
7:33:50	50	39,0	45
7:34:00	50	38,9	45
7:34:10	50	38,9	45
7:34:20	50	38,9	45
7:34:30	50	38,9	45
7:34:40	50	38,9	45
7:34:50	50	38,9	45
7:35:00	50	38,9	46
7:35:10	50	38,9	45
7:35:20	50	38,9	46
7:35:30	50	38,9	46
7:35:40	50	38,8	46
7:35:50	50	38,9	46
7:36:00	50	38,9	46
7:36:10	50	38,9	46
7:36:20	50	38,9	46
7:36:30	50	38,9	46
7:36:40	50	38,9	46
7:36:50	50	38,9	47
7:37:00	50	38,9	47
7:37:10	50	38,9	47
7:37:20	50	38,9	47
7:37:30	50	38,9	47
7:37:40	50	38,9	47
7:37:50	50	38,9	47
7:38:00	50	38,9	47
7:38:10	50	38,9	47
7:38:20	50	38,9	47
7:38:30	50	38,9	47
7:38:40	50	38,9	47
7:38:50	50	38,9	47
7:39:00	50	38,9	47
7:39:10	50	38,9	47
7:39:20	50	38,9	47
7:39:30	50	38,9	47
7:39:40	50	38,9	47
7:39:50	50	38,9	48
7:40:00	50	38,9	47
7:40:10	50	38,9	48
7:40:20	50	38,9	47
7:40:30	50	38,9	48
7:40:40	50	38,8	48
7:40:50	50	39,0	49
7:41:00	50	39,0	49
7:41:10	50	39,0	49
7:41:20	50	38,9	49
7:41:30	50	38,9	49
7:41:40	50	39,0	49
7:41:50	50	38,9	50
7:42:00	50	39,0	49
7:42:10	50	38,9	48
7:42:20	50	38,9	49
7:42:30	50	38,9	49
7:42:40	50	38,9	49
7:42:50	50	38,9	47
7:43:00	50	38,9	48
7:43:10	50	38,9	49
7:43:20	50	38,9	49
7:43:30	50	38,9	50
7:43:40	50	38,9	50
7:43:50	50	38,9	50
7:44:00	50	38,9	50
7:44:10	50	38,9	50
7:44:20	50	38,9	50
7:44:30	50	38,9	51
7:44:40	50	38,9	51
7:44:50	50	38,9	51
7:45:00	50	38,9	51
7:45:10	50	38,9	51
7:45:20	50	38,9	51
7:45:30	50	38,9	51
7:45:40	50	38,9	51
7:45:50	50	38,9	51
7:46:00	50	38,9	51
7:46:10	50	38,9	51
7:46:20	50	38,9	51
7:46:30	50	38,9	50
7:46:40	50	38,9	51
7:46:50	50	38,9	51
7:47:00	50	38,9	51
7:47:10	50	38,9	51
7:47:20	50	38,9	51
7:47:30	50	38,9	51
7:47:40	50	38,9	52
7:47:50	50	38,9	52
7:48:00	50	38,9	52
7:48:10	50	38,9	52
7:48:20	50	38,9	52
7:48:30	50	38,9	52
7:48:40	50	38,9	52
7:48:50	50	38,9	52
7:49:00	50	38,9	52
7:49:10	50	38,9	53
7:49:20	50	38,9	52
7:49:30	50	38,9	52
7:49:40	50	38,9	53
7:49:50	50	38,9	53
7:50:00	50	38,9	53
7:50:10	50	38,9	53
7:50:20	50	38,9	53
7:50:30	50	38,9	53
7:50:40	50	38,9	53
7:50:50	50	38,9	53
7:51:00	50	38,9	53
7:51:10	50	38,9	54
7:51:20	50	38,9	54
7:51:30	50	38,9	54
7:51:40	50	38,9	54
7:51:50	50	38,9	54
7:52:00	50	38,9	54
7:52:10	50	38,9	54
7:52:20	50	38,9	54
7:52:30	50	38,9	54
7:52:40	50	38,9	53
7:52:50	50	38,9	54
7:53:00	50	38,9	55
7:53:10	50	38,8	54
7:53:20	50	39,0	55
7:53:30	50	38,9	54
7:53:40	50	38,9	54
7:53:50	50	38,9	55
7:54:00	50	38,9	55
7:54:10	50	38,9	55
7:54:20	50	38,9	55
7:54:30	50	38,9	55
7:54:40	50	38,9	56
7:54:50	50	38,9	56
7:55:00	50	38,9	56
7:55:10	50	38,9	56
7:55:20	50	38,9	56
7:55:30	50	38,9	56
7:55:40	50	38,9	56
7:55:50	50	38,9	56
7:56:00	50	38,9	56
7:56:10	50	38,9	56
7:56:20	50	38,9	56
7:56:30	50	38,9	57
7:56:40	50	38,9	57
7:56:50	50	38,9	57
7:57:00	50	38,9	57
7:57:10	50	38,9	57
7:57:20	50	38,9	57
7:57:30	50	38,9	57
7:57:40	50	38,9	57
7:57:50	50	38,8	57
7:58:00	50	38,9	57
7:58:10	50	38,9	57
7:58:20	50	38,9	57
7:58:30	50	38,9	57
7:58:40	50	38,9	57
7:58:50	50	38,8	57
7:59:00	50	39,0	58
7:59:10	50	39,0	58
7:59:20	50	39,0	58
7:59:30	50	39,0	58
7:59:40	50	39,0	58
7:59:50	50	39,0	58
8:00:00	50	38,9	58
8:00:10	50	39,0	58
8:00:20	50	39,0	58
8:00:30	50	38,9	58
8:00:40	50	39,0	58
8:00:50	50	39,0	58
8:01:00	50	39,0	58
8:01:10	50	39,0	59
8:01:20	50	38,9	59
8:01:30	50	38,9	59
8:01:40	50	39,0	59
8:01:50	50	38,9	59
8:02:00	50	38,9	59
8:02:10	50	39,0	59
8:02:20	50	38,8	59
8:02:30	50	38,8	59
8:02:40	50	39,0	59
8:02:50	50	38,9	59
8:03:00	50	38,9	59
8:03:10	50	39,0	59
8:03:20	50	39,1	59
8:03:30	50	39,1	60
8:03:40	50	39,1	60
8:03:50	50	39,1	60
8:04:00	50	39,1	60
8:04:10	50	39,1	60
8:04:20	50	39,0	60
8:04:30	50	39,1	60
8:04:40	50	39,1	60
8:04:50	50	39,1	60
8:05:00	50	39,1	60
8:05:10	50	39,0	60
8:05:20	50	39,0	60
8:05:30	50	39,0	60
8:05:40	50	39,0	60
8:05:50	50	39,0	60
8:06:00	50	39,1	61
8:06:10	50	39,1	61
8:06:20	50	39,1	61
8:06:30	50	39,1	61
8:06:40	50	39,0	61
8:06:50	50	39,0	61
8:07:00	50	39,1	61
8:07:10	50	39,0	61
8:07:20	50	39,1	62
8:07:30	50	39,0	62
8:07:40	50	39,1	62
8:07:50	50	39,1	62
8:08:00	50	39,1	62
8:08:10	50	39,1	62
8:08:20	50	39,1	62
8:08:30	50	39,1	62
8:08:40	50	39,1	62
8:08:50	50	39,2	62
8:09:00	50	39,1	62
8:09:10	50	39,1	61
8:09:20	50	39,0	8
8:09:30	50	39,0	3
8:09:40	50	39,0	11
8:09:50	50	38,9	0
8:10:00	50	39,0	7
8:10:10	50	39,1	1
8:10:20	50	39,1	2
8:10:30	50	38,9	0
8:10:40	50	39,0	2
8:10:50	50	38,9	0
8:11:00	50	38,9	0
8:11:10	50	38,9	1
8:11:20	50	38,9	1
8:11:30	50	38,9	2
8:11:40	50	38,9	12
8:11:50	50	38,9	2
8:12:00	50	38,9	8
8:12:10	50	39,1	6
8:12:20	50	38,8	2
8:12:30	50	38,9	1
8:12:40	50	38,9	1
8:12:50	50	38,9	0
8:13:00	50	38,9	2
8:13:10	50	38,9	0
8:13:20	50	38,9	2
8:13:30	50	38,9	11
8:13:40	50	38,9	8
8:13:50	50	38,9	67
8:14:00	50	38,9	67
8:14:10	50	38,9	67
8:14:20	50	38,9	68
8:14:30	50	38,9	68
8:14:40	50	39,1	68
8:14:50	50	39,2	68
8:15:00	50	39,3	68
8:15:10	50	39,1	68
8:15:20	50	39,1	68
8:15:30	50	39,2	68
8:15:40	50	38,9	68
8:15:50	50	38,9	69
8:16:00	50	38,9	69
8:16:10	50	38,9	69
8:16:20	50	38,9	69
8:16:30	50	38,9	69
8:16:40	50	38,9	69
8:16:50	50	38,9	69
8:17:00	50	38,9	69
8:17:10	50	38,9	70
8:17:20	50	38,9	70
8:17:30	50	38,9	70
8:17:40	50	38,9	70
8:17:50	50	38,9	70
8:18:00	50	38,9	70
8:18:10	50	38,9	70
8:18:20	50	38,9	70
8:18:30	50	38,9	70
8:18:40	50	38,9	71
8:18:50	50	38,9	71
8:19:00	50	38,9	71
8:19:10	50	39,3	71
8:19:20	50	39,6	71
8:19:30	50	39,5	71
8:19:40	50	39,5	71
8:19:50	50	39,5	71
8:20:00	50	39,5	71
8:20:10	50	39,5	71
8:20:20	50	39,4	71
8:20:30	50	39,4	72
8:20:40	50	39,4	72
8:20:50	50	39,5	72
8:21:00	50	39,5	72
8:21:10	50	39,5	72
8:21:20	50	39,4	72
8:21:30	50	39,4	72
8:21:40	50	39,4	72
8:21:50	50	39,4	72
8:22:00	50	39,4	73
8:22:10	50	39,3	73
8:22:20	50	39,3	73
8:22:30	50	39,1	73
8:22:40	50	39,1	73
8:22:50	50	39,1	73
8:23:00	50	39,1	73
8:23:10	50	39,1	74
8:23:20	50	39,2	74
8:23:30	50	39,2	74
8:23:40	50	39,2	74
8:23:50	50	39,1	74
8:24:00	50	39,2	74
8:24:10	50	39,2	74
8:24:20	50	39,2	75
8:24:30	50	39,2	75
8:24:40	50	39,2	75
8:24:50	50	39,2	75
8:25:00	50	39,2	75
8:25:10	50	39,2	75
8:25:20	50	39,2	76
8:25:30	50	39,2	76
8:25:40	50	39,5	76
8:25:50	50	39,2	76
8:26:00	50	39,3	76
8:26:10	50	39,2	76
8:26:20	50	39,1	76
8:26:30	50	39,2	76
8:26:40	50	39,2	76
8:26:50	50	39,1	76
8:27:00	50	39,1	76
8:27:10	50	39,1	76
8:27:20	50	39,3	76
8:27:30	50	39,3	77
8:27:40	50	39,3	77
8:27:50	50	39,2	77
8:28:00	50	39,3	77
8:28:10	50	39,0	77
8:28:20	50	39,2	78
8:28:30	50	39,0	78
8:28:40	50	39,0	78
8:28:50	50	39,0	78
8:29:00	50	39,0	78
8:29:10	50	38,9	79
8:29:20	50	39,3	79
8:29:30	50	39,3	79
8:29:40	50	39,2	79
8:29:50	50	39,3	79
8:30:00	50	39,2	79
8:30:10	50	39,3	79
8:30:20	50	39,4	80
8:30:30	50	39,3	80
8:30:40	50	39,2	80
8:30:50	50	39,1	80
8:31:00	50	39,0	80
8:31:10	50	39,1	80
8:31:20	50	39,1	81
8:31:30	50	39,1	81
8:31:40	50	39,1	81
8:31:50	50	39,1	81
8:32:00	50	39,2	81
8:32:10	50	39,1	81
8:32:20	50	39,1	81
8:32:30	50	39,2	82
8:32:40	50	39,1	82
8:32:50	50	39,0	82
8:33:00	50	39,0	82
8:33:10	50	39,0	82
8:33:20	50	39,0	82
8:33:30	50	38,9	82
8:33:40	50	39,2	83
8:33:50	50	39,3	83
8:34:00	50	39,2	83
8:34:10	50	39,2	83
8:34:20	50	39,2	83
8:34:30	50	39,2	83
8:34:40	50	39,3	83
8:34:50	50	39,2	83
8:35:00	50	39,2	83
8:35:10	50	39,1	83
8:35:20	50	39,1	83
8:35:30	50	39,1	84
8:35:40	50	39,2	84
8:35:50	50	39,1	84
8:36:00	50	39,2	84
8:36:10	50	39,2	84
8:36:20	50	39,0	85
8:36:30	50	39,0	85
8:36:40	50	38,9	85
8:36:50	50	39,0	85
8:37:00	50	39,0	85
8:37:10	50	39,1	85
8:37:20	50	39,0	86
8:37:30	50	39,1	86
8:37:40	50	39,2	86
8:37:50	50	38,9	86
8:38:00	50	39,2	86
8:38:10	50	39,3	87
8:38:20	50	39,3	87
8:38:30	50	39,3	87
8:38:40	50	39,5	88
8:38:50	50	39,6	88
8:39:00	50	39,5	88
8:39:10	50	39,4	88
8:39:20	50	39,5	89
8:39:30	50	39,5	89
8:39:40	50	39,5	89
8:39:50	50	39,6	89
8:40:00	50	39,5	89
8:40:10	50	39,6	89
8:40:20	50	39,5	90
8:40:30	50	39,5	90
8:40:40	50	39,6	90
8:40:50	50	39,5	90
8:41:00	50	39,4	90
8:41:10	50	39,4	90
8:41:20	50	39,5	90
8:41:30	50	39,5	90
8:41:40	50	39,5	90
8:41:50	50	39,5	91
8:42:00	50	39,5	91
8:42:10	50	39,5	91
8:42:20	50	39,5	91
8:42:30	50	39,5	91
8:42:40	50	39,5	91
8:42:50	50	39,5	91
8:43:00	50	39,5	91
8:43:10	50	39,5	92
8:43:20	50	39,4	92
8:43:30	50	39,5	92
8:43:40	50	39,4	92
8:43:50	50	39,4	92
8:44:00	50	39,4	92
8:44:10	50	39,4	92
8:44:20	50	39,4	92
8:44:30	50	39,4	93
8:44:40	50	39,4	93
8:44:50	50	39,4	93
8:45:00	50	39,3	93
8:45:10	50	39,4	93
8:45:20	50	39,3	93
8:45:30	50	39,3	93
8:45:40	50	39,4	94
8:45:50	50	39,3	94
8:46:00	50	39,3	94
8:46:10	50	39,3	94
8:46:20	50	39,4	94
8:46:30	50	39,3	94
8:46:40	50	39,3	94
8:46:50	50	39,3	94
8:47:00	50	39,3	94
8:47:10	50	39,3	94
8:47:20	50	39,3	94
8:47:30	50	39,3	95
8:47:40	50	39,3	95
8:47:50	50	39,3	95
8:48:00	50	39,3	95
8:48:10	50	39,3	95
8:48:20	50	39,3	95
8:48:30	50	39,3	95
8:48:40	50	39,3	95
8:48:50	50	39,3	95
8:49:00	50	39,2	96
8:49:10	50	39,3	96
8:49:20	50	39,2	96
8:49:30	50	39,2	96
8:49:40	50	39,2	96
8:49:50	50	39,2	96
8:50:00	50	39,2	96
8:50:10	50	39,2	96
8:50:20	50	39,2	96
8:50:30	50	39,2	96
8:50:40	50	39,3	96
8:50:50	50	39,2	96
8:51:00	50	39,2	96
8:51:10	50	39,2	97
8:51:20	50	39,2	97
8:51:30	50	39,2	97
8:51:40	50	39,2	97
8:51:50	50	39,2	97
8:52:00	50	39,2	97
8:52:10	50	39,2	97
8:52:20	50	39,2	97
8:52:30	50	39,1	97
8:52:40	50	39,2	97
8:52:50	50	39,2	98
8:53:00	50	39,3	98
8:53:10	50	39,3	98
8:53:20	50	39,3	98
8:53:30	50	39,2	98
8:53:40	50	39,2	98
8:53:50	50	39,2	99
8:54:00	50	39,2	99
8:54:10	50	39,3	99
8:54:20	50	39,4	99
8:54:30	50	39,4	99
8:54:40	50	39,4	99
8:54:50	50	39,4	99
8:55:00	50	39,4	99
8:55:10	50	39,3	99
8:55:20	50	39,4	99
8:55:30	50	39,3	100
8:55:40	50	39,4	100
8:55:50	50	39,4	100
8:56:00	50	39,3	100
8:56:10	50	39,3	100
8:56:20	50	39,4	100
8:56:30	50	39,3	100
8:56:40	50	39,4	100
