--Test Summary--
Full Path and File Name	
Instrument Name	7222
Instrument Type	Model 7222 Consistometer
Instrument Serial Number	
Test Start Date	16.05.2019
Test Start Time	13:11:30
Test Stop Date	16.05.2019
Test Stop Time	13:59:53
Test Length	0:48:23
Final Sample Time Offset	0:48:20
Controller Schedule Name	
Sampling Period	10 seconds
Comments	MPa
Information	WellID	
Information	Customer	
Information	EngName	
Information	CementClass	
Information	CementMfr	
Information	Additives	100G+120GVVS+40ASPM+0.5SodiumCitrate+0.5Halad-413+0.1D-Air 5000
Information	Density	1500
Information	BHCT	11
Information	BHST	
Information	FluidLoss	
Information	JobType	
Calculated Value	Time_30Bc	0:33:50
Calculated Value	Time_70Bc	N/A
Calculated Value	Time_100Bc	N/A
Initial Temperature (°C)	31 °C
Final Temperature (°C)	27 °C
Initial Pressure (MPa)	0,5 MPa
Final Pressure (MPa)	20,6 MPa
Initial Consistency (Bc)	9 Bc
Final Consistency (Bc)	-0 Bc
--Data--
Time (HH:MM:SS)	Temperature (°C)	Pressure (MPa)	Consistency (Bc)
0:00:00	31	0,5	9
0:00:10	31	0,7	12
0:00:20	31	0,8	10
0:00:30	30	1,0	10
0:00:40	30	1,1	11
0:00:50	30	1,2	11
0:01:00	30	1,3	9
0:01:10	30	1,4	10
0:01:20	30	1,6	9
0:01:30	29	1,7	10
0:01:40	29	1,8	11
0:01:50	29	2,0	11
0:02:00	29	2,1	10
0:02:10	29	2,2	11
0:02:20	29	2,3	12
0:02:30	29	2,4	12
0:02:40	29	2,6	11
0:02:50	28	2,7	11
0:03:00	28	2,8	13
0:03:10	28	3,0	12
0:03:20	28	3,1	14
0:03:30	28	3,2	14
0:03:40	28	3,3	13
0:03:50	28	3,4	13
0:04:00	28	3,5	12
0:04:10	28	3,7	11
0:04:20	28	3,8	12
0:04:30	27	3,9	13
0:04:40	27	4,0	17
0:04:50	27	4,1	18
0:05:00	27	4,3	14
0:05:10	27	4,4	13
0:05:20	27	4,6	13
0:05:30	27	4,8	12
0:05:40	27	4,7	13
0:05:50	27	4,9	12
0:06:00	27	5,0	13
0:06:10	27	5,3	12
0:06:20	27	5,2	12
0:06:30	27	5,4	12
0:06:40	27	5,5	12
0:06:50	26	5,7	12
0:07:00	26	5,8	12
0:07:10	26	5,9	11
0:07:20	26	6,0	11
0:07:30	26	6,1	11
0:07:40	26	6,2	11
0:07:50	26	6,3	11
0:08:00	26	6,4	11
0:08:10	26	6,7	11
0:08:20	26	6,8	11
0:08:30	26	6,9	11
0:08:40	26	7,0	11
0:08:50	26	7,1	11
0:09:00	26	7,2	11
0:09:10	26	7,3	11
0:09:20	26	7,4	11
0:09:30	26	7,6	11
0:09:40	26	7,7	11
0:09:50	26	7,9	11
0:10:00	26	8,1	12
0:10:10	25	8,0	12
0:10:20	25	8,1	12
0:10:30	25	8,3	12
0:10:40	25	8,5	12
0:10:50	25	8,6	13
0:11:00	25	8,7	14
0:11:10	25	8,9	13
0:11:20	25	9,0	11
0:11:30	25	9,1	10
0:11:40	25	9,2	10
0:11:50	25	9,4	10
0:12:00	25	9,5	10
0:12:10	25	9,6	10
0:12:20	25	9,7	11
0:12:30	25	9,8	11
0:12:40	25	10,0	11
0:12:50	25	10,3	11
0:13:00	25	10,2	11
0:13:10	25	10,6	11
0:13:20	25	10,5	10
0:13:30	25	10,9	10
0:13:40	25	10,8	11
0:13:50	25	10,7	11
0:14:00	25	11,1	11
0:14:10	25	11,0	11
0:14:20	25	11,2	11
0:14:30	25	11,2	11
0:14:40	25	11,4	12
0:14:50	25	11,6	17
0:15:00	25	11,8	19
0:15:10	24	11,7	16
0:15:20	24	12,0	16
0:15:30	24	12,1	13
0:15:40	24	12,2	12
0:15:50	24	12,4	17
0:16:00	24	12,3	18
0:16:10	24	12,7	11
0:16:20	24	12,6	13
0:16:30	24	12,8	13
0:16:40	24	13,2	18
0:16:50	24	13,1	17
0:17:00	24	13,2	17
0:17:10	24	13,3	17
0:17:20	24	13,3	17
0:17:30	24	13,4	18
0:17:40	24	13,7	16
0:17:50	24	13,7	15
0:18:00	24	13,8	13
0:18:10	24	14,0	14
0:18:20	24	14,1	13
0:18:30	24	14,3	14
0:18:40	24	14,4	14
0:18:50	24	14,5	14
0:19:00	24	14,5	14
0:19:10	24	14,7	15
0:19:20	24	14,9	14
0:19:30	24	15,1	14
0:19:40	24	15,0	13
0:19:50	24	15,2	12
0:20:00	24	15,3	14
0:20:10	24	15,4	14
0:20:20	24	15,6	14
0:20:30	24	15,8	15
0:20:40	24	15,8	14
0:20:50	24	16,0	15
0:21:00	24	16,1	15
0:21:10	24	16,2	14
0:21:20	24	16,3	13
0:21:30	24	16,4	16
0:21:40	24	16,5	15
0:21:50	24	16,6	15
0:22:00	24	16,7	14
0:22:10	24	17,0	15
0:22:20	24	17,1	14
0:22:30	24	17,2	14
0:22:40	24	17,3	14
0:22:50	24	17,4	13
0:23:00	24	17,5	14
0:23:10	24	17,9	15
0:23:20	24	17,8	15
0:23:30	24	18,1	17
0:23:40	24	18,1	17
0:23:50	24	18,5	16
0:24:00	24	18,4	17
0:24:10	24	18,5	17
0:24:20	24	18,4	17
0:24:30	24	18,8	18
0:24:40	24	18,7	17
0:24:50	24	18,9	18
0:25:00	24	19,3	18
0:25:10	24	19,2	17
0:25:20	24	19,3	17
0:25:30	24	19,5	16
0:25:40	24	19,6	16
0:25:50	24	19,5	16
0:26:00	24	19,6	16
0:26:10	24	19,8	16
0:26:20	24	20,0	16
0:26:30	24	20,2	16
0:26:40	24	20,2	16
0:26:50	24	20,6	16
0:27:00	24	20,5	16
0:27:10	24	20,9	16
0:27:20	24	20,8	16
0:27:30	24	20,9	16
0:27:40	24	21,0	16
0:27:50	24	21,0	16
0:28:00	24	21,2	16
0:28:10	24	21,4	16
0:28:20	24	21,8	17
0:28:30	24	21,7	16
0:28:40	24	21,8	17
0:28:50	24	21,7	16
0:29:00	24	22,0	17
0:29:10	24	22,0	17
0:29:20	24	22,1	18
0:29:30	24	22,2	18
0:29:40	24	22,4	20
0:29:50	24	22,5	20
0:30:00	24	22,8	21
0:30:10	24	22,9	20
0:30:20	24	22,9	20
0:30:30	24	23,0	22
0:30:40	24	23,2	21
0:30:50	24	23,3	21
0:31:00	24	23,3	23
0:31:10	24	23,5	22
0:31:20	24	23,8	22
0:31:30	24	23,7	24
0:31:40	24	23,8	23
0:31:50	24	24,1	24
0:32:00	24	24,2	23
0:32:10	24	24,3	25
0:32:20	24	24,3	25
0:32:30	24	24,6	26
0:32:40	24	24,5	27
0:32:50	24	24,7	27
0:33:00	24	24,9	28
0:33:10	24	25,0	28
0:33:20	24	25,0	28
0:33:30	24	25,3	29
0:33:40	24	25,3	31
0:33:50	24	25,4	32
0:34:00	24	25,5	33
0:34:10	24	25,4	33
0:34:20	24	25,4	32
0:34:30	24	25,4	33
0:34:40	24	25,5	33
0:34:50	24	25,4	36
0:35:00	24	25,5	38
0:35:10	24	25,4	40
0:35:20	24	25,5	41
0:35:30	25	25,4	42
0:35:40	25	25,5	44
0:35:50	25	25,4	47
0:36:00	25	25,5	45
0:36:10	25	25,4	50
0:36:20	25	25,4	6
0:36:30	25	25,3	7
0:36:40	25	25,4	7
0:36:50	25	25,5	8
0:37:00	25	25,4	7
0:37:10	25	25,5	13
0:37:20	25	25,4	9
0:37:30	25	25,4	10
0:37:40	25	25,4	10
0:37:50	25	25,4	4
0:38:00	25	25,4	6
0:38:10	25	25,4	1
0:38:20	25	25,4	4
0:38:30	25	25,5	4
0:38:40	25	25,4	7
0:38:50	25	25,5	3
0:39:00	25	25,5	6
0:39:10	25	25,4	9
0:39:20	25	25,5	16
0:39:30	25	25,4	13
0:39:40	25	25,5	14
0:39:50	25	25,4	13
0:40:00	25	25,5	11
0:40:10	25	25,4	16
0:40:20	25	25,4	20
0:40:30	25	25,4	21
0:40:40	25	25,4	19
0:40:50	25	25,5	16
0:41:00	25	25,4	9
0:41:10	25	25,4	4
0:41:20	25	25,4	4
0:41:30	25	25,5	-0
0:41:40	26	25,4	0
0:41:50	26	25,5	0
0:42:00	26	25,4	-1
0:42:10	26	25,4	-0
0:42:20	26	25,4	-0
0:42:30	26	25,4	-0
0:42:40	26	25,4	-0
0:42:50	26	25,5	-0
0:43:00	26	25,4	-0
0:43:10	26	25,4	-0
0:43:20	26	25,5	-0
0:43:30	26	25,4	-0
0:43:40	26	25,4	-0
0:43:50	26	25,4	-0
0:44:00	26	25,5	-0
0:44:10	26	25,4	-0
0:44:20	26	25,5	-0
0:44:30	26	25,4	-0
0:44:40	26	25,4	-0
0:44:50	26	25,5	-0
0:45:00	26	25,4	-0
0:45:10	26	25,5	-0
0:45:20	26	25,4	-0
0:45:30	26	25,5	-0
0:45:40	26	25,4	-0
0:45:50	26	25,4	-0
0:46:00	26	25,4	-0
0:46:10	26	25,5	-0
0:46:20	26	25,4	-0
0:46:30	26	25,5	-0
0:46:40	26	25,4	-0
0:46:50	26	25,4	-0
0:47:00	26	25,5	-0
0:47:10	27	25,4	-0
0:47:20	27	25,4	-0
0:47:30	27	25,4	-0
0:47:40	27	25,5	-0
0:47:50	27	25,4	-0
0:48:00	27	25,4	-0
0:48:10	27	25,4	-0
0:48:20	27	20,6	-0
