--Test Summary--
Full Path and File Name	
Instrument Name	7222
Instrument Type	Model 7222 Consistometer
Instrument Serial Number	
Test Start Date	07.05.2019
Test Start Time	12:56:19
Test Stop Date	07.05.2019
Test Stop Time	15:20:49
Test Length	2:24:30
Final Sample Time Offset	2:24:30
Controller Schedule Name	
Sampling Period	10 seconds
Comments	
Information	WellID	
Information	Customer	
Information	EngName	
Information	CementClass	
Information	CementMfr	
Information	Additives	
Information	Density	
Information	BHCT	
Information	BHST	
Information	FluidLoss	
Information	JobType	
Calculated Value	Time_30Bc	1:56:20
Calculated Value	Time_70Bc	2:21:50
Calculated Value	Time_100Bc	2:24:30
Initial Temperature (°C)	27 °C
Final Temperature (°C)	76 °C
Initial Pressure (MPa)	0,7 MPa
Final Pressure (MPa)	19,6 MPa
Initial Consistency (Bc)	14 Bc
Final Consistency (Bc)	102 Bc
--Data--
Time (HH:MM:SS)	Temperature (°C)	Pressure (MPa)	Consistency (Bc)
0:00:00	27	0,7	14
0:00:10	27	0,8	14
0:00:20	27	0,9	13
0:00:30	27	1,1	15
0:00:40	27	1,2	16
0:00:50	27	1,5	16
0:01:00	27	1,6	15
0:01:10	27	1,7	15
0:01:20	27	1,9	16
0:01:30	27	2,1	19
0:01:40	27	2,2	17
0:01:50	27	2,4	17
0:02:00	27	2,5	16
0:02:10	27	2,6	17
0:02:20	27	2,8	15
0:02:30	28	2,9	16
0:02:40	28	3,1	15
0:02:50	28	3,2	15
0:03:00	28	3,3	14
0:03:10	29	3,5	15
0:03:20	29	3,6	16
0:03:30	29	3,7	16
0:03:40	29	3,8	15
0:03:50	30	4,0	15
0:04:00	30	4,1	15
0:04:10	30	4,1	15
0:04:20	31	4,1	17
0:04:30	31	4,2	19
0:04:40	31	4,2	18
0:04:50	31	4,2	18
0:05:00	32	4,2	18
0:05:10	32	4,2	18
0:05:20	32	4,2	17
0:05:30	33	4,2	17
0:05:40	33	4,2	18
0:05:50	33	4,2	18
0:06:00	33	4,3	18
0:06:10	34	4,3	19
0:06:20	34	4,4	19
0:06:30	34	4,4	20
0:06:40	35	4,4	20
0:06:50	35	4,5	21
0:07:00	35	4,5	19
0:07:10	35	4,5	18
0:07:20	36	4,6	20
0:07:30	36	4,6	19
0:07:40	36	4,6	20
0:07:50	37	4,7	22
0:08:00	37	4,7	21
0:08:10	37	4,7	20
0:08:20	37	4,8	21
0:08:30	38	4,8	22
0:08:40	38	4,9	16
0:08:50	38	4,9	17
0:09:00	38	4,9	16
0:09:10	39	5,0	16
0:09:20	39	5,0	16
0:09:30	39	5,1	15
0:09:40	39	5,1	15
0:09:50	40	5,1	15
0:10:00	40	5,2	15
0:10:10	40	5,2	15
0:10:20	41	5,3	15
0:10:30	41	5,3	15
0:10:40	41	5,4	15
0:10:50	41	5,4	15
0:11:00	42	5,5	15
0:11:10	42	5,5	14
0:11:20	42	5,6	14
0:11:30	42	5,6	15
0:11:40	43	5,7	14
0:11:50	43	5,7	14
0:12:00	43	5,8	14
0:12:10	43	5,9	14
0:12:20	44	5,9	14
0:12:30	44	6,0	14
0:12:40	44	6,0	14
0:12:50	44	6,1	14
0:13:00	45	6,2	14
0:13:10	45	6,2	14
0:13:20	45	6,3	14
0:13:30	45	6,4	14
0:13:40	46	6,5	14
0:13:50	46	6,5	14
0:14:00	46	6,6	14
0:14:10	46	6,6	14
0:14:20	47	6,7	14
0:14:30	47	6,7	15
0:14:40	47	6,8	15
0:14:50	47	6,9	16
0:15:00	48	6,9	16
0:15:10	48	7,0	16
0:15:20	48	7,0	16
0:15:30	48	7,1	16
0:15:40	49	7,2	16
0:15:50	49	7,3	16
0:16:00	49	7,3	16
0:16:10	49	7,4	16
0:16:20	49	7,5	16
0:16:30	50	7,6	16
0:16:40	50	7,7	16
0:16:50	50	7,7	16
0:17:00	50	7,8	15
0:17:10	51	7,9	15
0:17:20	51	8,0	15
0:17:30	51	8,1	15
0:17:40	51	8,2	15
0:17:50	52	8,3	15
0:18:00	52	8,4	15
0:18:10	52	8,5	15
0:18:20	52	8,6	15
0:18:30	52	8,7	15
0:18:40	53	8,8	15
0:18:50	53	8,9	15
0:19:00	53	9,0	15
0:19:10	53	9,1	15
0:19:20	54	9,2	15
0:19:30	54	9,3	15
0:19:40	54	9,4	15
0:19:50	54	9,5	15
0:20:00	55	9,6	15
0:20:10	55	9,7	15
0:20:20	55	9,8	15
0:20:30	55	9,9	15
0:20:40	56	10,0	15
0:20:50	56	10,1	15
0:21:00	56	10,2	15
0:21:10	56	10,3	15
0:21:20	57	10,4	15
0:21:30	57	10,6	15
0:21:40	57	10,7	15
0:21:50	57	10,8	15
0:22:00	57	10,9	15
0:22:10	58	11,0	15
0:22:20	58	11,1	15
0:22:30	58	11,3	15
0:22:40	58	11,4	15
0:22:50	59	11,5	15
0:23:00	59	11,6	15
0:23:10	59	11,7	15
0:23:20	59	11,8	15
0:23:30	60	12,0	15
0:23:40	60	12,1	15
0:23:50	60	12,3	15
0:24:00	60	12,4	15
0:24:10	61	12,6	15
0:24:20	61	12,7	15
0:24:30	61	12,8	15
0:24:40	61	13,0	15
0:24:50	61	13,1	15
0:25:00	62	13,3	15
0:25:10	62	13,4	15
0:25:20	62	13,5	15
0:25:30	62	13,7	15
0:25:40	63	13,8	15
0:25:50	63	13,9	15
0:26:00	63	14,1	15
0:26:10	63	14,2	15
0:26:20	64	14,4	15
0:26:30	64	14,5	15
0:26:40	64	14,7	15
0:26:50	64	14,8	15
0:27:00	65	15,0	15
0:27:10	65	15,1	15
0:27:20	65	15,3	15
0:27:30	65	15,4	15
0:27:40	65	15,7	15
0:27:50	66	15,8	15
0:28:00	66	16,0	15
0:28:10	66	16,2	15
0:28:20	66	16,4	15
0:28:30	67	16,6	15
0:28:40	67	16,7	15
0:28:50	67	16,9	15
0:29:00	67	17,1	15
0:29:10	67	17,3	16
0:29:20	68	17,5	19
0:29:30	68	17,6	18
0:29:40	68	17,8	17
0:29:50	68	18,0	16
0:30:00	69	18,2	17
0:30:10	69	18,4	17
0:30:20	69	18,5	17
0:30:30	69	18,7	17
0:30:40	70	18,8	16
0:30:50	70	19,0	17
0:31:00	70	19,1	17
0:31:10	70	19,3	17
0:31:20	71	19,5	17
0:31:30	71	19,6	17
0:31:40	71	19,8	18
0:31:50	71	20,1	18
0:32:00	72	20,4	18
0:32:10	72	20,6	18
0:32:20	72	20,8	18
0:32:30	72	21,0	18
0:32:40	73	21,2	19
0:32:50	73	21,4	19
0:33:00	73	21,5	19
0:33:10	73	21,6	19
0:33:20	74	21,7	19
0:33:30	74	21,8	19
0:33:40	74	21,9	19
0:33:50	74	22,1	19
0:34:00	75	22,2	19
0:34:10	75	22,3	19
0:34:20	75	22,5	19
0:34:30	75	22,6	19
0:34:40	76	22,8	19
0:34:50	76	22,9	20
0:35:00	76	23,0	20
0:35:10	76	23,1	20
0:35:20	77	23,1	20
0:35:30	77	23,1	20
0:35:40	77	23,1	20
0:35:50	77	23,1	20
0:36:00	77	23,0	20
0:36:10	78	22,9	20
0:36:20	78	22,8	20
0:36:30	78	22,7	20
0:36:40	78	22,6	20
0:36:50	78	22,4	20
0:37:00	78	22,3	21
0:37:10	78	22,2	21
0:37:20	78	22,0	20
0:37:30	79	21,9	20
0:37:40	79	21,7	20
0:37:50	79	21,6	21
0:38:00	79	21,5	20
0:38:10	79	21,4	20
0:38:20	79	21,3	20
0:38:30	79	21,2	20
0:38:40	79	21,1	21
0:38:50	79	21,0	21
0:39:00	79	21,0	21
0:39:10	79	20,9	21
0:39:20	79	20,8	21
0:39:30	78	20,8	21
0:39:40	78	20,7	22
0:39:50	78	20,7	22
0:40:00	78	20,7	22
0:40:10	78	20,6	22
0:40:20	78	20,6	22
0:40:30	78	20,6	21
0:40:40	78	20,6	20
0:40:50	78	20,5	20
0:41:00	78	20,5	20
0:41:10	78	20,5	19
0:41:20	78	20,5	19
0:41:30	78	20,5	19
0:41:40	78	20,4	20
0:41:50	78	20,4	19
0:42:00	78	20,3	20
0:42:10	78	20,3	20
0:42:20	78	20,3	20
0:42:30	78	20,2	20
0:42:40	78	20,2	20
0:42:50	78	20,2	19
0:43:00	77	20,3	19
0:43:10	77	20,3	19
0:43:20	77	20,3	19
0:43:30	77	20,3	19
0:43:40	77	20,3	19
0:43:50	77	20,3	18
0:44:00	77	20,4	18
0:44:10	77	20,4	18
0:44:20	77	20,4	18
0:44:30	77	20,4	18
0:44:40	77	20,4	18
0:44:50	77	20,4	18
0:45:00	77	20,4	18
0:45:10	77	20,4	18
0:45:20	77	20,4	18
0:45:30	77	20,4	18
0:45:40	77	20,4	18
0:45:50	77	20,3	18
0:46:00	77	20,3	18
0:46:10	77	20,3	18
0:46:20	77	20,3	18
0:46:30	77	20,3	18
0:46:40	77	20,3	18
0:46:50	77	20,3	18
0:47:00	77	20,3	18
0:47:10	77	20,2	19
0:47:20	77	20,3	22
0:47:30	77	20,3	27
0:47:40	77	20,2	26
0:47:50	77	20,3	28
0:48:00	77	20,3	25
0:48:10	77	20,3	24
0:48:20	77	20,2	23
0:48:30	77	20,3	22
0:48:40	77	20,3	22
0:48:50	77	20,2	22
0:49:00	77	20,2	22
0:49:10	76	20,3	21
0:49:20	76	20,3	21
0:49:30	76	20,3	21
0:49:40	76	20,3	21
0:49:50	76	20,3	21
0:50:00	76	20,3	22
0:50:10	76	20,3	22
0:50:20	76	20,3	25
0:50:30	76	20,3	23
0:50:40	76	20,3	22
0:50:50	76	20,3	22
0:51:00	76	20,3	22
0:51:10	76	20,3	22
0:51:20	76	20,3	22
0:51:30	76	20,3	22
0:51:40	76	20,3	22
0:51:50	76	20,3	24
0:52:00	76	20,2	25
0:52:10	76	20,2	25
0:52:20	76	20,3	23
0:52:30	76	20,3	22
0:52:40	76	20,3	22
0:52:50	76	20,3	21
0:53:00	76	20,3	21
0:53:10	76	20,3	20
0:53:20	76	20,3	21
0:53:30	76	20,4	20
0:53:40	76	20,3	20
0:53:50	76	20,3	20
0:54:00	76	20,4	20
0:54:10	76	20,4	20
0:54:20	76	20,4	21
0:54:30	76	20,4	21
0:54:40	76	20,4	21
0:54:50	76	20,3	22
0:55:00	76	20,3	27
0:55:10	76	20,3	25
0:55:20	76	20,3	23
0:55:30	76	20,3	24
0:55:40	76	20,3	22
0:55:50	76	20,3	21
0:56:00	76	20,3	21
0:56:10	76	20,3	21
0:56:20	76	20,3	20
0:56:30	76	20,3	21
0:56:40	76	20,3	21
0:56:50	76	20,3	21
0:57:00	76	20,3	21
0:57:10	76	20,3	21
0:57:20	76	20,2	21
0:57:30	76	20,2	21
0:57:40	76	20,3	21
0:57:50	76	20,3	21
0:58:00	76	20,2	21
0:58:10	76	20,3	21
0:58:20	76	20,3	22
0:58:30	76	20,3	22
0:58:40	76	20,2	22
0:58:50	76	20,3	22
0:59:00	76	20,2	23
0:59:10	76	20,3	22
0:59:20	76	20,3	21
0:59:30	76	20,3	21
0:59:40	76	20,3	21
0:59:50	76	20,3	21
1:00:00	76	20,3	21
1:00:10	76	20,3	21
1:00:20	76	20,3	21
1:00:30	76	20,3	20
1:00:40	76	20,3	20
1:00:50	76	20,3	19
1:01:00	76	20,3	19
1:01:10	76	20,3	19
1:01:20	76	20,3	19
1:01:30	76	20,3	19
1:01:40	76	20,3	19
1:01:50	76	20,3	19
1:02:00	76	20,3	19
1:02:10	76	20,3	19
1:02:20	76	20,3	19
1:02:30	76	20,3	19
1:02:40	76	20,3	19
1:02:50	76	20,3	19
1:03:00	76	20,3	19
1:03:10	76	20,3	19
1:03:20	76	20,3	19
1:03:30	76	20,3	19
1:03:40	76	20,3	19
1:03:50	76	20,3	20
1:04:00	76	20,3	22
1:04:10	76	20,3	21
1:04:20	76	20,3	21
1:04:30	76	20,3	20
1:04:40	76	20,3	20
1:04:50	76	20,3	20
1:05:00	76	20,3	20
1:05:10	76	20,3	20
1:05:20	76	20,3	20
1:05:30	76	20,3	20
1:05:40	76	20,3	20
1:05:50	76	20,3	20
1:06:00	76	20,3	20
1:06:10	76	20,3	20
1:06:20	76	20,3	20
1:06:30	76	20,3	20
1:06:40	76	20,2	20
1:06:50	76	20,3	20
1:07:00	76	20,3	20
1:07:10	76	20,3	20
1:07:20	76	20,3	20
1:07:30	76	20,3	20
1:07:40	76	20,2	20
1:07:50	76	20,3	20
1:08:00	76	20,2	20
1:08:10	76	20,3	20
1:08:20	76	20,3	20
1:08:30	76	20,3	20
1:08:40	76	20,3	19
1:08:50	76	20,3	20
1:09:00	76	20,3	20
1:09:10	76	20,3	20
1:09:20	76	20,3	20
1:09:30	76	20,3	20
1:09:40	76	20,3	20
1:09:50	76	20,3	20
1:10:00	76	20,3	20
1:10:10	76	20,3	20
1:10:20	76	20,3	20
1:10:30	76	20,3	20
1:10:40	76	20,3	20
1:10:50	76	20,3	20
1:11:00	76	20,3	20
1:11:10	76	20,3	20
1:11:20	76	20,2	20
1:11:30	76	20,2	20
1:11:40	76	20,2	20
1:11:50	76	20,3	20
1:12:00	76	20,2	20
1:12:10	76	20,2	20
1:12:20	76	20,2	20
1:12:30	76	20,2	20
1:12:40	76	20,2	20
1:12:50	76	20,2	21
1:13:00	76	20,2	21
1:13:10	76	20,2	21
1:13:20	76	20,2	21
1:13:30	76	20,2	21
1:13:40	76	20,2	21
1:13:50	76	20,2	21
1:14:00	76	20,2	21
1:14:10	76	20,2	21
1:14:20	76	20,2	21
1:14:30	76	20,2	21
1:14:40	76	20,2	21
1:14:50	76	20,2	21
1:15:00	76	20,2	21
1:15:10	76	20,2	21
1:15:20	76	20,2	21
1:15:30	76	20,2	21
1:15:40	76	20,2	21
1:15:50	76	20,2	21
1:16:00	76	20,2	21
1:16:10	76	20,2	21
1:16:20	76	20,2	21
1:16:30	76	20,2	21
1:16:40	76	20,2	21
1:16:50	76	20,2	21
1:17:00	76	20,2	21
1:17:10	76	20,3	21
1:17:20	76	20,3	21
1:17:30	76	20,2	20
1:17:40	76	20,3	20
1:17:50	76	20,3	20
1:18:00	76	20,3	20
1:18:10	76	20,3	20
1:18:20	76	20,2	20
1:18:30	76	20,2	20
1:18:40	76	20,2	20
1:18:50	76	20,2	20
1:19:00	76	20,2	20
1:19:10	76	20,2	20
1:19:20	76	20,2	20
1:19:30	76	20,2	20
1:19:40	76	20,2	20
1:19:50	76	20,2	20
1:20:00	76	20,2	20
1:20:10	76	20,2	20
1:20:20	76	20,2	20
1:20:30	76	20,2	20
1:20:40	76	20,2	20
1:20:50	76	20,2	20
1:21:00	76	20,2	20
1:21:10	76	20,2	20
1:21:20	76	20,2	20
1:21:30	76	20,2	20
1:21:40	76	20,2	20
1:21:50	76	20,2	20
1:22:00	76	20,2	20
1:22:10	76	20,2	20
1:22:20	76	20,2	21
1:22:30	76	20,2	25
1:22:40	76	20,2	26
1:22:50	76	20,2	22
1:23:00	76	20,2	22
1:23:10	76	20,2	22
1:23:20	76	20,2	21
1:23:30	76	20,2	21
1:23:40	76	20,2	21
1:23:50	76	20,2	21
1:24:00	76	20,2	21
1:24:10	76	20,2	21
1:24:20	76	20,2	21
1:24:30	76	20,2	21
1:24:40	76	20,2	20
1:24:50	76	20,2	20
1:25:00	76	20,2	20
1:25:10	76	20,2	20
1:25:20	76	20,2	20
1:25:30	76	20,2	20
1:25:40	76	20,2	20
1:25:50	76	20,2	20
1:26:00	76	20,2	20
1:26:10	76	20,2	21
1:26:20	76	20,2	21
1:26:30	76	20,2	20
1:26:40	76	20,2	20
1:26:50	76	20,2	20
1:27:00	76	20,2	20
1:27:10	76	20,2	20
1:27:20	76	20,1	20
1:27:30	76	20,2	20
1:27:40	76	20,2	20
1:27:50	76	20,2	20
1:28:00	76	20,2	20
1:28:10	76	20,2	20
1:28:20	76	20,2	20
1:28:30	76	20,2	20
1:28:40	76	20,2	20
1:28:50	76	20,2	20
1:29:00	76	20,2	20
1:29:10	76	20,1	20
1:29:20	76	20,2	17
1:29:30	76	20,2	17
1:29:40	76	20,1	17
1:29:50	76	20,2	17
1:30:00	76	20,2	18
1:30:10	76	20,1	18
1:30:20	76	20,1	18
1:30:30	76	20,1	18
1:30:40	76	20,2	18
1:30:50	76	20,2	18
1:31:00	76	20,2	18
1:31:10	76	20,2	18
1:31:20	76	20,2	18
1:31:30	76	20,2	18
1:31:40	76	20,2	18
1:31:50	76	20,2	18
1:32:00	76	20,1	18
1:32:10	76	20,2	18
1:32:20	76	20,1	18
1:32:30	76	20,2	18
1:32:40	76	20,2	18
1:32:50	76	20,2	18
1:33:00	76	20,1	18
1:33:10	76	20,2	18
1:33:20	76	20,1	18
1:33:30	76	20,1	18
1:33:40	76	20,1	18
1:33:50	76	20,1	18
1:34:00	76	20,1	18
1:34:10	76	20,1	18
1:34:20	76	20,1	18
1:34:30	76	20,1	18
1:34:40	76	20,1	18
1:34:50	76	20,1	24
1:35:00	76	20,1	21
1:35:10	76	20,1	21
1:35:20	76	20,1	20
1:35:30	76	20,1	20
1:35:40	76	20,1	20
1:35:50	76	20,1	20
1:36:00	76	20,1	20
1:36:10	76	20,1	19
1:36:20	76	20,1	19
1:36:30	76	20,1	19
1:36:40	76	20,1	19
1:36:50	76	20,1	19
1:37:00	76	20,1	19
1:37:10	76	20,1	19
1:37:20	76	20,1	19
1:37:30	76	20,1	19
1:37:40	76	20,1	19
1:37:50	76	20,1	19
1:38:00	76	20,1	19
1:38:10	76	20,1	19
1:38:20	76	20,1	19
1:38:30	76	20,1	19
1:38:40	76	20,1	19
1:38:50	76	20,1	19
1:39:00	76	20,1	19
1:39:10	76	20,1	19
1:39:20	76	20,1	19
1:39:30	76	20,1	19
1:39:40	76	20,1	19
1:39:50	76	20,1	19
1:40:00	76	20,1	19
1:40:10	76	20,1	19
1:40:20	76	20,1	19
1:40:30	76	20,1	19
1:40:40	76	20,1	19
1:40:50	76	20,1	19
1:41:00	76	20,1	19
1:41:10	76	20,1	19
1:41:20	76	20,1	19
1:41:30	76	20,1	19
1:41:40	76	20,1	19
1:41:50	76	20,1	19
1:42:00	76	20,1	19
1:42:10	76	20,1	19
1:42:20	76	20,1	19
1:42:30	76	20,1	19
1:42:40	76	20,1	19
1:42:50	76	20,1	19
1:43:00	76	20,1	19
1:43:10	76	20,1	19
1:43:20	76	20,1	19
1:43:30	76	20,1	19
1:43:40	76	20,1	19
1:43:50	76	20,1	19
1:44:00	76	20,1	19
1:44:10	76	20,1	19
1:44:20	76	20,1	19
1:44:30	76	20,1	19
1:44:40	76	20,1	19
1:44:50	76	20,1	19
1:45:00	76	20,1	19
1:45:10	76	20,0	19
1:45:20	76	20,0	19
1:45:30	76	20,0	19
1:45:40	76	20,0	19
1:45:50	76	20,1	19
1:46:00	76	20,0	19
1:46:10	76	20,0	19
1:46:20	76	20,0	19
1:46:30	76	20,0	19
1:46:40	76	20,0	19
1:46:50	76	20,1	19
1:47:00	76	20,0	19
1:47:10	76	20,0	19
1:47:20	76	20,1	19
1:47:30	76	20,1	19
1:47:40	76	20,1	19
1:47:50	76	20,0	19
1:48:00	76	20,1	20
1:48:10	76	20,0	20
1:48:20	76	20,0	20
1:48:30	76	20,0	20
1:48:40	76	20,0	20
1:48:50	76	20,0	20
1:49:00	76	20,0	20
1:49:10	76	20,0	20
1:49:20	76	20,0	20
1:49:30	76	20,0	20
1:49:40	76	20,0	20
1:49:50	76	20,0	20
1:50:00	76	20,0	20
1:50:10	76	20,0	20
1:50:20	76	20,0	20
1:50:30	76	20,0	20
1:50:40	76	20,0	20
1:50:50	76	20,0	20
1:51:00	76	20,0	20
1:51:10	76	20,0	24
1:51:20	76	20,0	22
1:51:30	76	20,0	35
1:51:40	76	20,0	23
1:51:50	76	20,0	25
1:52:00	76	20,0	24
1:52:10	76	20,0	23
1:52:20	76	20,0	22
1:52:30	76	20,0	22
1:52:40	76	20,0	22
1:52:50	76	20,0	21
1:53:00	76	20,0	21
1:53:10	76	20,0	21
1:53:20	76	20,0	21
1:53:30	76	20,0	21
1:53:40	76	20,0	21
1:53:50	76	20,0	21
1:54:00	76	20,0	21
1:54:10	76	20,0	21
1:54:20	76	20,0	21
1:54:30	76	20,0	21
1:54:40	76	20,0	21
1:54:50	76	20,0	21
1:55:00	76	20,0	21
1:55:10	76	20,0	21
1:55:20	76	20,0	21
1:55:30	76	20,0	21
1:55:40	76	20,0	33
1:55:50	76	20,0	24
1:56:00	76	20,0	28
1:56:10	76	20,0	31
1:56:20	76	20,0	35
1:56:30	76	20,0	29
1:56:40	76	20,0	22
1:56:50	76	20,0	22
1:57:00	76	20,0	23
1:57:10	76	20,0	24
1:57:20	76	20,0	30
1:57:30	76	20,0	25
1:57:40	76	20,0	27
1:57:50	76	20,0	27
1:58:00	76	20,0	25
1:58:10	76	20,0	25
1:58:20	76	20,0	25
1:58:30	76	19,9	25
1:58:40	76	19,9	25
1:58:50	76	19,9	26
1:59:00	76	19,9	26
1:59:10	76	19,9	26
1:59:20	76	19,9	26
1:59:30	76	19,9	26
1:59:40	76	19,9	26
1:59:50	76	19,9	26
2:00:00	76	19,9	26
2:00:10	76	19,9	27
2:00:20	76	19,9	27
2:00:30	76	19,9	27
2:00:40	76	19,9	27
2:00:50	76	19,9	27
2:01:00	76	19,9	27
2:01:10	76	19,9	27
2:01:20	76	19,9	27
2:01:30	76	19,9	27
2:01:40	76	19,9	27
2:01:50	76	19,9	27
2:02:00	76	19,9	28
2:02:10	76	19,9	28
2:02:20	76	19,9	28
2:02:30	76	19,9	28
2:02:40	76	19,9	28
2:02:50	76	19,9	28
2:03:00	76	19,9	28
2:03:10	76	19,9	28
2:03:20	76	19,9	27
2:03:30	76	19,9	27
2:03:40	76	19,9	28
2:03:50	76	19,9	28
2:04:00	76	19,9	28
2:04:10	76	19,9	28
2:04:20	76	19,9	28
2:04:30	76	19,9	29
2:04:40	76	19,9	29
2:04:50	76	19,9	30
2:05:00	76	19,9	30
2:05:10	76	19,9	30
2:05:20	76	19,9	30
2:05:30	76	19,9	30
2:05:40	76	19,9	30
2:05:50	76	19,9	29
2:06:00	76	19,9	30
2:06:10	76	19,9	30
2:06:20	76	19,9	30
2:06:30	76	19,9	30
2:06:40	76	19,9	31
2:06:50	76	19,9	31
2:07:00	76	19,9	30
2:07:10	76	19,9	30
2:07:20	76	19,9	31
2:07:30	76	19,9	31
2:07:40	76	19,8	31
2:07:50	76	19,8	31
2:08:00	76	19,9	31
2:08:10	76	19,8	32
2:08:20	76	19,9	31
2:08:30	76	19,9	31
2:08:40	76	19,9	32
2:08:50	76	19,9	32
2:09:00	76	19,8	32
2:09:10	76	19,8	32
2:09:20	76	19,8	32
2:09:30	76	19,8	32
2:09:40	76	19,8	32
2:09:50	76	19,8	32
2:10:00	76	19,8	33
2:10:10	76	19,8	33
2:10:20	76	19,8	33
2:10:30	76	19,8	33
2:10:40	76	19,8	33
2:10:50	76	19,8	35
2:11:00	76	19,8	35
2:11:10	76	19,8	37
2:11:20	76	19,7	38
2:11:30	76	19,7	47
2:11:40	76	19,8	41
2:11:50	76	19,8	41
2:12:00	76	19,8	45
2:12:10	76	19,8	39
2:12:20	76	19,8	44
2:12:30	76	19,8	40
2:12:40	76	19,8	40
2:12:50	76	19,8	40
2:13:00	76	19,8	40
2:13:10	76	19,8	39
2:13:20	76	19,9	40
2:13:30	76	19,9	42
2:13:40	76	19,9	41
2:13:50	76	19,9	40
2:14:00	76	19,9	41
2:14:10	76	19,9	41
2:14:20	76	19,9	41
2:14:30	76	19,9	41
2:14:40	76	19,8	44
2:14:50	76	19,8	44
2:15:00	76	19,8	42
2:15:10	76	19,8	44
2:15:20	76	19,8	44
2:15:30	76	19,8	44
2:15:40	76	19,8	45
2:15:50	76	19,8	45
2:16:00	76	19,8	46
2:16:10	76	19,8	46
2:16:20	76	19,8	46
2:16:30	76	19,8	46
2:16:40	76	19,8	46
2:16:50	76	19,8	46
2:17:00	76	19,8	46
2:17:10	76	19,8	46
2:17:20	76	19,8	48
2:17:30	76	19,8	51
2:17:40	76	19,8	51
2:17:50	76	19,8	51
2:18:00	76	19,8	52
2:18:10	76	19,8	53
2:18:20	76	19,8	59
2:18:30	76	19,8	57
2:18:40	76	19,8	56
2:18:50	76	19,8	55
2:19:00	76	19,8	59
2:19:10	76	19,8	57
2:19:20	76	19,8	56
2:19:30	76	19,8	59
2:19:40	76	19,8	58
2:19:50	76	19,7	62
2:20:00	76	19,7	62
2:20:10	76	19,7	65
2:20:20	76	19,7	63
2:20:30	76	19,7	64
2:20:40	76	19,7	64
2:20:50	76	19,7	64
2:21:00	76	19,7	66
2:21:10	76	19,7	67
2:21:20	76	19,7	68
2:21:30	76	19,7	69
2:21:40	76	19,7	71
2:21:50	76	19,7	71
2:22:00	76	19,7	73
2:22:10	76	19,6	74
2:22:20	76	19,6	76
2:22:30	76	19,6	77
2:22:40	76	19,6	79
2:22:50	76	19,6	80
2:23:00	76	19,6	81
2:23:10	76	19,6	84
2:23:20	76	19,6	86
2:23:30	76	19,6	87
2:23:40	76	19,6	89
2:23:50	76	19,6	90
2:24:00	76	19,6	93
2:24:10	76	19,6	94
2:24:20	76	19,6	102
2:24:30	76	19,6	102
