--Test Summary--
Full Path and File Name	
Instrument Name	7222
Instrument Type	Model 7222 Consistometer
Instrument Serial Number	
Test Start Date	04.06.2019
Test Start Time	10:42:54
Test Stop Date	04.06.2019
Test Stop Time	17:28:08
Test Length	6:45:14
Final Sample Time Offset	6:45:10
Controller Schedule Name	
Sampling Period	10 seconds
Comments	MPa15(20)
Information	WellID	
Information	Customer	
Information	EngName	
Information	CementClass	
Information	CementMfr	
Information	Additives	100I-50+15ASPM+1.2FL-2+0.25TA-100+2CaCl2
Information	Density	1450
Information	BHCT	23
Information	BHST	
Information	FluidLoss	
Information	JobType	
Calculated Value	Time_30Bc	2:22:20
Calculated Value	Time_70Bc	N/A
Calculated Value	Time_100Bc	N/A
Initial Temperature (°C)	28 °C
Final Temperature (°C)	32 °C
Initial Pressure (MPa)	0,5 MPa
Final Pressure (MPa)	14,8 MPa
Initial Consistency (Bc)	19 Bc
Final Consistency (Bc)	36 Bc
--Data--
Time (HH:MM:SS)	Temperature (°C)	Pressure (MPa)	Consistency (Bc)
0:00:00	28	0,5	19
0:00:10	28	0,7	19
0:00:20	28	0,9	20
0:00:30	28	0,9	19
0:00:40	28	1,0	19
0:00:50	28	1,1	19
0:01:00	28	1,3	19
0:01:10	28	1,5	19
0:01:20	28	1,7	19
0:01:30	28	1,5	18
0:01:40	28	1,7	19
0:01:50	28	1,9	18
0:02:00	28	2,2	18
0:02:10	28	2,0	18
0:02:20	28	2,3	18
0:02:30	28	2,4	18
0:02:40	28	2,6	18
0:02:50	28	2,8	18
0:03:00	28	2,7	18
0:03:10	28	3,0	18
0:03:20	28	2,8	18
0:03:30	28	3,1	18
0:03:40	28	3,3	18
0:03:50	28	3,2	18
0:04:00	28	3,5	18
0:04:10	28	3,7	18
0:04:20	28	3,6	18
0:04:30	28	3,8	18
0:04:40	28	4,1	18
0:04:50	28	4,0	18
0:05:00	28	4,2	18
0:05:10	28	4,4	18
0:05:20	28	4,3	18
0:05:30	28	4,4	18
0:05:40	27	4,6	18
0:05:50	27	4,7	18
0:06:00	27	5,0	18
0:06:10	27	4,8	18
0:06:20	27	5,0	18
0:06:30	27	5,3	18
0:06:40	27	5,3	19
0:06:50	27	5,6	18
0:07:00	27	5,5	18
0:07:10	27	5,7	18
0:07:20	27	6,1	18
0:07:30	27	5,9	17
0:07:40	27	6,2	17
0:07:50	27	6,1	18
0:08:00	27	6,2	17
0:08:10	27	6,5	18
0:08:20	27	6,8	17
0:08:30	27	6,6	17
0:08:40	27	7,0	17
0:08:50	27	6,8	17
0:09:00	27	7,2	17
0:09:10	27	7,0	17
0:09:20	27	7,3	17
0:09:30	27	7,2	17
0:09:40	27	7,4	17
0:09:50	27	7,7	17
0:10:00	27	7,6	17
0:10:10	27	7,9	17
0:10:20	27	8,2	17
0:10:30	27	8,1	17
0:10:40	27	8,3	17
0:10:50	27	8,2	17
0:11:00	27	8,6	17
0:11:10	27	8,5	17
0:11:20	27	8,7	17
0:11:30	27	9,0	17
0:11:40	27	8,9	17
0:11:50	27	9,1	17
0:12:00	27	9,3	17
0:12:10	27	9,2	17
0:12:20	27	9,4	17
0:12:30	27	9,6	17
0:12:40	27	9,9	17
0:12:50	27	9,8	17
0:13:00	27	10,0	17
0:13:10	27	9,9	17
0:13:20	27	10,2	17
0:13:30	27	10,4	18
0:13:40	27	10,3	17
0:13:50	27	10,5	18
0:14:00	27	10,9	18
0:14:10	27	10,7	17
0:14:20	27	11,0	18
0:14:30	27	10,9	18
0:14:40	27	11,2	18
0:14:50	27	11,1	18
0:15:00	27	11,3	18
0:15:10	27	11,7	18
0:15:20	27	11,5	18
0:15:30	27	11,7	18
0:15:40	27	11,7	17
0:15:50	27	11,9	18
0:16:00	27	12,2	18
0:16:10	27	12,1	18
0:16:20	27	12,3	18
0:16:30	27	12,6	18
0:16:40	27	12,5	18
0:16:50	27	12,7	18
0:17:00	27	12,7	18
0:17:10	27	12,8	18
0:17:20	27	13,1	18
0:17:30	27	13,0	18
0:17:40	27	13,1	19
0:17:50	27	13,3	18
0:18:00	27	13,3	17
0:18:10	27	13,5	19
0:18:20	27	13,6	17
0:18:30	27	13,8	18
0:18:40	27	14,0	21
0:18:50	27	14,0	17
0:19:00	27	14,1	21
0:19:10	27	14,3	21
0:19:20	27	14,3	18
0:19:30	27	14,4	21
0:19:40	27	14,6	19
0:19:50	27	14,8	21
0:20:00	27	14,7	21
0:20:10	27	14,7	21
0:20:20	27	14,9	22
0:20:30	27	14,8	22
0:20:40	27	14,7	21
0:20:50	27	14,7	21
0:21:00	27	14,9	19
0:21:10	27	14,8	22
0:21:20	27	14,8	24
0:21:30	27	14,8	21
0:21:40	27	14,8	22
0:21:50	27	14,7	22
0:22:00	27	14,8	19
0:22:10	27	14,8	22
0:22:20	27	14,7	22
0:22:30	27	14,8	22
0:22:40	27	14,7	22
0:22:50	27	14,9	19
0:23:00	27	14,9	22
0:23:10	27	14,8	22
0:23:20	26	14,8	22
0:23:30	27	14,8	22
0:23:40	26	14,8	22
0:23:50	26	14,8	22
0:24:00	26	14,7	22
0:24:10	26	14,9	19
0:24:20	26	14,9	22
0:24:30	26	14,9	22
0:24:40	26	14,8	19
0:24:50	26	14,8	21
0:25:00	26	14,8	22
0:25:10	26	14,7	20
0:25:20	26	14,7	22
0:25:30	26	14,8	22
0:25:40	26	14,8	18
0:25:50	26	14,7	21
0:26:00	26	14,9	21
0:26:10	26	14,9	21
0:26:20	26	14,9	21
0:26:30	26	14,8	19
0:26:40	26	14,8	21
0:26:50	26	14,8	21
0:27:00	26	14,8	20
0:27:10	26	14,7	21
0:27:20	26	14,7	21
0:27:30	26	14,8	21
0:27:40	26	14,8	21
0:27:50	26	14,8	21
0:28:00	26	14,7	21
0:28:10	26	14,7	21
0:28:20	26	14,8	21
0:28:30	26	14,8	21
0:28:40	26	14,8	21
0:28:50	26	14,8	19
0:29:00	26	14,7	21
0:29:10	26	14,7	21
0:29:20	26	14,8	19
0:29:30	26	14,8	20
0:29:40	26	14,8	21
0:29:50	26	14,8	20
0:30:00	26	14,7	19
0:30:10	26	15,0	20
0:30:20	26	14,9	20
0:30:30	26	14,9	20
0:30:40	26	14,9	18
0:30:50	26	14,9	19
0:31:00	26	14,9	20
0:31:10	26	14,9	18
0:31:20	26	14,8	18
0:31:30	26	14,8	20
0:31:40	26	14,8	19
0:31:50	26	14,8	18
0:32:00	26	14,8	20
0:32:10	26	14,8	20
0:32:20	26	14,8	19
0:32:30	26	14,7	19
0:32:40	26	14,7	20
0:32:50	26	14,8	20
0:33:00	26	14,8	17
0:33:10	26	14,8	18
0:33:20	26	14,8	19
0:33:30	26	14,8	16
0:33:40	26	14,8	19
0:33:50	26	14,8	20
0:34:00	26	14,7	18
0:34:10	26	15,0	19
0:34:20	26	14,9	18
0:34:30	26	14,9	16
0:34:40	26	14,9	19
0:34:50	26	14,9	15
0:35:00	26	14,9	17
0:35:10	26	14,9	18
0:35:20	26	14,9	15
0:35:30	26	14,9	17
0:35:40	26	14,8	18
0:35:50	26	14,8	15
0:36:00	26	14,8	18
0:36:10	26	14,8	16
0:36:20	26	14,8	16
0:36:30	26	14,8	18
0:36:40	26	14,8	15
0:36:50	26	14,8	16
0:37:00	26	14,8	19
0:37:10	26	14,8	14
0:37:20	26	14,8	16
0:37:30	26	14,7	17
0:37:40	26	14,7	15
0:37:50	26	14,7	18
0:38:00	26	14,8	15
0:38:10	26	14,8	14
0:38:20	26	14,8	17
0:38:30	26	14,8	14
0:38:40	26	14,8	15
0:38:50	26	14,8	17
0:39:00	26	14,8	14
0:39:10	26	14,8	16
0:39:20	26	14,8	16
0:39:30	26	14,8	14
0:39:40	26	14,7	17
0:39:50	26	14,7	15
0:40:00	26	15,0	15
0:40:10	26	15,0	18
0:40:20	26	15,0	14
0:40:30	26	15,0	15
0:40:40	26	15,0	18
0:40:50	26	15,0	14
0:41:00	26	15,0	17
0:41:10	26	14,9	17
0:41:20	26	14,9	14
0:41:30	26	14,9	18
0:41:40	26	14,9	15
0:41:50	27	14,9	15
0:42:00	26	14,9	18
0:42:10	26	14,9	14
0:42:20	26	14,9	15
0:42:30	26	14,9	18
0:42:40	26	14,9	14
0:42:50	26	14,9	18
0:43:00	26	14,9	17
0:43:10	26	14,9	14
0:43:20	27	14,9	18
0:43:30	27	14,9	15
0:43:40	27	14,8	15
0:43:50	26	14,8	17
0:44:00	27	14,8	14
0:44:10	27	14,8	16
0:44:20	26	14,8	17
0:44:30	26	14,8	14
0:44:40	26	14,8	17
0:44:50	26	14,8	16
0:45:00	27	14,8	14
0:45:10	27	14,8	18
0:45:20	26	14,8	15
0:45:30	26	14,8	14
0:45:40	27	14,8	17
0:45:50	27	14,8	14
0:46:00	27	14,8	16
0:46:10	27	14,8	16
0:46:20	27	14,8	14
0:46:30	27	14,8	17
0:46:40	27	14,8	16
0:46:50	27	14,8	14
0:47:00	27	14,8	17
0:47:10	27	14,8	14
0:47:20	27	14,7	15
0:47:30	26	14,8	16
0:47:40	26	14,7	14
0:47:50	27	14,7	16
0:48:00	27	14,7	16
0:48:10	27	14,8	14
0:48:20	27	14,8	17
0:48:30	27	14,8	17
0:48:40	27	14,8	14
0:48:50	27	14,8	18
0:49:00	27	14,8	14
0:49:10	27	14,8	15
0:49:20	27	14,8	15
0:49:30	27	14,8	14
0:49:40	27	14,8	16
0:49:50	27	14,8	17
0:50:00	27	14,8	14
0:50:10	27	14,8	18
0:50:20	27	14,8	16
0:50:30	27	14,7	14
0:50:40	27	14,8	18
0:50:50	27	14,7	14
0:51:00	27	14,7	15
0:51:10	27	14,7	18
0:51:20	27	14,7	14
0:51:30	27	15,0	17
0:51:40	27	15,0	18
0:51:50	27	15,0	14
0:52:00	27	15,0	18
0:52:10	27	15,0	17
0:52:20	27	15,0	14
0:52:30	27	15,0	17
0:52:40	27	15,0	15
0:52:50	27	15,0	15
0:53:00	27	15,0	18
0:53:10	27	15,0	14
0:53:20	27	15,0	16
0:53:30	27	15,0	18
0:53:40	27	15,0	14
0:53:50	27	15,0	18
0:54:00	27	15,0	17
0:54:10	27	15,0	14
0:54:20	27	15,0	18
0:54:30	27	15,0	15
0:54:40	27	15,0	16
0:54:50	27	15,0	18
0:55:00	27	15,0	14
0:55:10	27	15,0	17
0:55:20	27	15,0	18
0:55:30	27	15,0	14
0:55:40	27	15,0	18
0:55:50	27	15,0	18
0:56:00	27	14,9	14
0:56:10	27	15,0	18
0:56:20	27	14,9	15
0:56:30	27	14,9	15
0:56:40	27	14,9	18
0:56:50	27	14,9	14
0:57:00	27	14,9	18
0:57:10	27	14,9	18
0:57:20	27	14,9	14
0:57:30	27	14,9	18
0:57:40	27	14,9	18
0:57:50	27	14,9	14
0:58:00	27	14,9	18
0:58:10	27	14,9	15
0:58:20	27	14,9	15
0:58:30	27	14,9	18
0:58:40	27	14,9	15
0:58:50	27	14,9	16
0:59:00	27	14,9	18
0:59:10	27	14,9	14
0:59:20	27	14,9	18
0:59:30	27	14,9	18
0:59:40	27	14,9	14
0:59:50	27	14,9	18
1:00:00	27	14,9	17
1:00:10	27	14,9	14
1:00:20	27	14,9	18
1:00:30	27	14,9	15
1:00:40	27	14,9	16
1:00:50	27	14,9	18
1:01:00	27	14,9	15
1:01:10	27	14,9	18
1:01:20	27	14,9	18
1:01:30	27	14,9	14
1:01:40	27	14,9	18
1:01:50	27	14,9	16
1:02:00	27	14,9	14
1:02:10	27	14,9	18
1:02:20	27	14,9	16
1:02:30	27	14,9	16
1:02:40	27	14,9	18
1:02:50	27	14,9	14
1:03:00	27	14,9	18
1:03:10	27	14,9	18
1:03:20	27	14,9	14
1:03:30	27	14,9	18
1:03:40	27	14,9	17
1:03:50	27	14,9	15
1:04:00	27	14,9	17
1:04:10	27	14,9	17
1:04:20	27	14,9	16
1:04:30	27	14,9	18
1:04:40	27	14,9	16
1:04:50	27	14,9	16
1:05:00	27	14,9	18
1:05:10	27	14,9	14
1:05:20	27	14,9	17
1:05:30	27	14,9	17
1:05:40	27	14,9	15
1:05:50	27	14,9	18
1:06:00	27	14,9	17
1:06:10	27	14,9	17
1:06:20	27	14,9	18
1:06:30	27	14,9	16
1:06:40	27	14,9	16
1:06:50	27	14,9	17
1:07:00	27	14,9	15
1:07:10	27	14,9	17
1:07:20	27	14,9	16
1:07:30	27	14,9	14
1:07:40	27	14,9	18
1:07:50	27	14,9	17
1:08:00	27	14,9	16
1:08:10	27	14,9	17
1:08:20	27	14,9	15
1:08:30	27	14,9	16
1:08:40	27	14,9	18
1:08:50	27	14,9	16
1:09:00	27	14,9	17
1:09:10	27	14,9	17
1:09:20	27	14,9	17
1:09:30	27	14,9	18
1:09:40	27	14,9	17
1:09:50	27	14,9	17
1:10:00	27	14,9	18
1:10:10	27	14,9	16
1:10:20	27	14,9	17
1:10:30	27	14,9	18
1:10:40	27	14,9	17
1:10:50	27	14,9	16
1:11:00	27	14,9	18
1:11:10	27	14,9	17
1:11:20	27	14,9	18
1:11:30	27	14,9	17
1:11:40	27	14,9	17
1:11:50	27	14,9	18
1:12:00	27	14,9	17
1:12:10	27	14,9	17
1:12:20	27	14,9	17
1:12:30	27	14,9	16
1:12:40	27	14,9	16
1:12:50	27	14,9	18
1:13:00	27	14,9	17
1:13:10	27	14,9	18
1:13:20	27	14,9	18
1:13:30	27	14,9	17
1:13:40	27	14,9	17
1:13:50	27	14,9	17
1:14:00	27	14,9	17
1:14:10	27	14,9	18
1:14:20	27	14,9	17
1:14:30	27	14,9	16
1:14:40	27	14,9	18
1:14:50	27	14,9	16
1:15:00	27	14,9	16
1:15:10	27	14,9	17
1:15:20	27	14,9	17
1:15:30	27	14,9	18
1:15:40	27	14,9	17
1:15:50	27	14,9	16
1:16:00	27	14,9	18
1:16:10	27	14,9	17
1:16:20	27	14,9	16
1:16:30	27	14,9	18
1:16:40	27	14,9	17
1:16:50	27	14,9	16
1:17:00	27	14,9	18
1:17:10	27	14,9	17
1:17:20	27	14,9	18
1:17:30	27	14,9	17
1:17:40	27	14,9	16
1:17:50	27	14,9	17
1:18:00	27	14,9	18
1:18:10	27	14,9	18
1:18:20	27	14,9	17
1:18:30	27	14,9	17
1:18:40	27	14,9	18
1:18:50	27	14,9	17
1:19:00	27	14,9	18
1:19:10	27	14,9	16
1:19:20	27	14,9	16
1:19:30	27	14,9	18
1:19:40	27	14,9	17
1:19:50	27	14,9	17
1:20:00	27	14,9	18
1:20:10	27	14,9	17
1:20:20	27	14,9	18
1:20:30	27	14,9	17
1:20:40	27	14,9	16
1:20:50	27	14,9	18
1:21:00	27	14,9	17
1:21:10	27	14,9	18
1:21:20	27	14,9	18
1:21:30	27	14,9	17
1:21:40	27	14,9	18
1:21:50	27	14,9	17
1:22:00	27	14,9	18
1:22:10	27	14,9	17
1:22:20	27	14,9	17
1:22:30	27	14,9	18
1:22:40	27	15,0	16
1:22:50	27	14,9	16
1:23:00	27	14,9	18
1:23:10	27	14,9	17
1:23:20	27	14,9	16
1:23:30	27	14,9	17
1:23:40	27	14,9	17
1:23:50	27	14,9	18
1:24:00	27	14,9	18
1:24:10	27	15,0	19
1:24:20	27	14,9	17
1:24:30	27	14,9	17
1:24:40	27	14,9	18
1:24:50	27	14,9	17
1:25:00	27	14,9	16
1:25:10	27	14,9	17
1:25:20	27	14,9	16
1:25:30	27	14,9	18
1:25:40	27	14,9	17
1:25:50	27	14,9	16
1:26:00	27	14,9	18
1:26:10	27	15,0	18
1:26:20	27	15,0	18
1:26:30	27	15,0	18
1:26:40	27	15,0	16
1:26:50	27	15,0	18
1:27:00	27	15,0	18
1:27:10	27	15,0	18
1:27:20	27	15,0	17
1:27:30	27	15,0	17
1:27:40	27	15,0	19
1:27:50	27	15,0	18
1:28:00	27	15,0	19
1:28:10	27	15,0	19
1:28:20	27	15,0	19
1:28:30	27	15,0	20
1:28:40	27	15,0	18
1:28:50	28	15,0	19
1:29:00	28	15,0	20
1:29:10	28	15,0	19
1:29:20	28	15,0	21
1:29:30	28	15,0	19
1:29:40	28	15,0	20
1:29:50	28	15,0	21
1:30:00	28	15,0	19
1:30:10	28	15,0	21
1:30:20	28	15,0	19
1:30:30	28	15,0	19
1:30:40	28	15,0	21
1:30:50	28	15,0	19
1:31:00	28	15,0	19
1:31:10	28	15,0	20
1:31:20	28	15,0	19
1:31:30	28	15,0	21
1:31:40	28	15,0	19
1:31:50	28	15,0	19
1:32:00	28	15,0	20
1:32:10	28	15,0	19
1:32:20	28	15,0	20
1:32:30	28	15,0	19
1:32:40	28	15,0	18
1:32:50	28	15,0	21
1:33:00	28	15,0	20
1:33:10	28	15,0	21
1:33:20	28	15,0	20
1:33:30	28	15,0	20
1:33:40	28	15,0	21
1:33:50	28	15,0	20
1:34:00	28	15,0	21
1:34:10	28	15,0	19
1:34:20	28	15,0	20
1:34:30	28	15,0	22
1:34:40	28	15,0	20
1:34:50	28	15,0	20
1:35:00	28	15,0	21
1:35:10	28	15,0	20
1:35:20	28	15,0	21
1:35:30	28	15,0	20
1:35:40	28	15,0	20
1:35:50	28	15,0	21
1:36:00	28	15,0	21
1:36:10	28	15,0	22
1:36:20	28	15,0	20
1:36:30	28	15,0	20
1:36:40	28	15,0	22
1:36:50	28	15,0	21
1:37:00	28	15,0	22
1:37:10	28	15,0	21
1:37:20	28	15,0	19
1:37:30	28	15,0	22
1:37:40	28	15,0	21
1:37:50	28	15,0	21
1:38:00	28	15,0	21
1:38:10	28	15,0	20
1:38:20	28	15,0	22
1:38:30	28	15,0	21
1:38:40	28	15,0	20
1:38:50	28	15,0	21
1:39:00	28	15,0	21
1:39:10	28	15,0	21
1:39:20	28	15,0	20
1:39:30	28	15,0	19
1:39:40	28	15,0	22
1:39:50	28	15,0	21
1:40:00	28	15,0	21
1:40:10	28	15,0	21
1:40:20	28	15,0	20
1:40:30	28	15,0	22
1:40:40	28	15,0	21
1:40:50	28	15,0	21
1:41:00	28	15,0	21
1:41:10	28	15,0	20
1:41:20	28	15,0	21
1:41:30	28	15,0	21
1:41:40	28	15,0	21
1:41:50	28	15,0	22
1:42:00	28	15,0	21
1:42:10	28	15,0	21
1:42:20	28	15,0	22
1:42:30	28	15,0	21
1:42:40	28	15,0	23
1:42:50	28	15,0	22
1:43:00	28	15,0	22
1:43:10	28	15,0	22
1:43:20	28	15,0	21
1:43:30	28	15,0	24
1:43:40	28	15,0	22
1:43:50	28	15,0	23
1:44:00	28	15,0	22
1:44:10	28	15,0	21
1:44:20	28	15,0	23
1:44:30	28	15,0	22
1:44:40	28	15,0	22
1:44:50	28	15,0	22
1:45:00	28	15,0	22
1:45:10	28	15,0	23
1:45:20	28	15,0	22
1:45:30	28	15,0	21
1:45:40	28	15,0	22
1:45:50	28	15,0	22
1:46:00	28	15,0	22
1:46:10	28	15,0	22
1:46:20	28	15,1	21
1:46:30	28	15,1	22
1:46:40	28	15,1	22
1:46:50	28	15,1	22
1:47:00	28	15,1	22
1:47:10	28	15,1	21
1:47:20	28	15,1	22
1:47:30	28	15,1	21
1:47:40	28	15,1	21
1:47:50	28	15,1	21
1:48:00	28	15,1	21
1:48:10	28	15,1	23
1:48:20	28	15,1	22
1:48:30	28	15,1	20
1:48:40	28	15,1	22
1:48:50	28	15,1	21
1:49:00	28	15,1	23
1:49:10	28	15,1	21
1:49:20	28	15,1	20
1:49:30	28	15,1	22
1:49:40	28	15,1	21
1:49:50	28	15,1	21
1:50:00	28	15,1	21
1:50:10	28	15,1	21
1:50:20	28	15,1	23
1:50:30	28	15,1	21
1:50:40	28	15,1	21
1:50:50	28	15,1	21
1:51:00	28	15,1	21
1:51:10	28	15,1	22
1:51:20	28	15,1	22
1:51:30	28	15,1	21
1:51:40	28	15,1	22
1:51:50	28	15,1	21
1:52:00	28	15,1	24
1:52:10	28	15,1	23
1:52:20	28	15,1	21
1:52:30	28	15,1	23
1:52:40	28	15,1	22
1:52:50	28	15,1	24
1:53:00	28	15,1	23
1:53:10	28	15,1	22
1:53:20	28	15,1	23
1:53:30	28	15,1	23
1:53:40	28	15,1	22
1:53:50	28	15,1	23
1:54:00	28	15,1	21
1:54:10	28	15,1	23
1:54:20	28	15,1	22
1:54:30	28	15,1	23
1:54:40	28	15,1	23
1:54:50	28	15,1	22
1:55:00	28	15,1	23
1:55:10	28	15,1	22
1:55:20	28	15,1	23
1:55:30	28	15,1	22
1:55:40	28	15,1	22
1:55:50	28	15,1	23
1:56:00	28	15,1	22
1:56:10	28	15,1	22
1:56:20	28	15,1	22
1:56:30	28	15,1	22
1:56:40	28	15,1	23
1:56:50	28	15,1	22
1:57:00	28	15,1	21
1:57:10	28	15,1	22
1:57:20	28	15,1	21
1:57:30	28	15,1	22
1:57:40	28	15,1	21
1:57:50	28	15,1	21
1:58:00	28	15,1	21
1:58:10	28	15,1	21
1:58:20	28	15,1	21
1:58:30	28	15,1	21
1:58:40	28	15,1	21
1:58:50	28	15,1	21
1:59:00	28	15,1	21
1:59:10	28	15,1	21
1:59:20	28	15,1	21
1:59:30	28	15,1	21
1:59:40	28	15,1	22
1:59:50	28	15,1	21
2:00:00	28	15,1	21
2:00:10	28	15,1	21
2:00:20	28	15,1	21
2:00:30	28	15,1	21
2:00:40	28	15,1	21
2:00:50	28	15,2	21
2:01:00	28	15,2	21
2:01:10	28	15,2	21
2:01:20	28	15,1	21
2:01:30	28	15,2	21
2:01:40	28	15,2	21
2:01:50	28	15,2	21
2:02:00	28	15,2	21
2:02:10	28	15,2	21
2:02:20	28	15,2	21
2:02:30	28	15,2	21
2:02:40	28	15,2	21
2:02:50	28	15,2	21
2:03:00	28	15,2	21
2:03:10	28	15,2	21
2:03:20	28	15,2	21
2:03:30	28	15,2	21
2:03:40	28	15,2	21
2:03:50	28	15,2	21
2:04:00	28	15,2	21
2:04:10	28	15,2	21
2:04:20	28	15,2	21
2:04:30	28	15,2	21
2:04:40	28	15,2	21
2:04:50	28	15,2	21
2:05:00	28	15,2	21
2:05:10	28	15,2	21
2:05:20	28	15,2	21
2:05:30	28	15,2	21
2:05:40	28	15,2	21
2:05:50	28	15,2	21
2:06:00	28	15,2	21
2:06:10	28	15,2	21
2:06:20	28	15,2	21
2:06:30	28	15,2	21
2:06:40	28	15,2	21
2:06:50	28	15,2	21
2:07:00	28	15,2	21
2:07:10	28	15,2	21
2:07:20	28	15,2	21
2:07:30	28	15,2	21
2:07:40	28	15,2	21
2:07:50	28	15,2	21
2:08:00	28	15,2	21
2:08:10	28	15,2	21
2:08:20	28	15,2	21
2:08:30	28	15,2	21
2:08:40	28	15,2	21
2:08:50	28	15,2	21
2:09:00	28	15,2	21
2:09:10	28	15,2	21
2:09:20	28	15,2	21
2:09:30	28	15,2	21
2:09:40	28	15,2	21
2:09:50	28	15,2	21
2:10:00	28	15,2	21
2:10:10	28	15,2	21
2:10:20	28	15,2	21
2:10:30	28	15,2	21
2:10:40	28	15,2	21
2:10:50	28	15,2	21
2:11:00	28	15,2	21
2:11:10	28	15,2	21
2:11:20	28	15,2	21
2:11:30	28	15,2	22
2:11:40	28	15,3	22
2:11:50	28	15,3	22
2:12:00	28	15,3	22
2:12:10	28	15,3	22
2:12:20	28	15,3	22
2:12:30	28	15,3	22
2:12:40	28	15,3	22
2:12:50	28	15,2	22
2:13:00	28	15,2	22
2:13:10	28	15,2	22
2:13:20	28	15,2	22
2:13:30	28	15,2	22
2:13:40	28	15,2	22
2:13:50	28	15,2	22
2:14:00	28	15,2	22
2:14:10	28	15,2	22
2:14:20	28	15,2	22
2:14:30	28	15,2	22
2:14:40	28	15,2	22
2:14:50	28	15,2	22
2:15:00	28	15,2	22
2:15:10	28	15,2	22
2:15:20	28	15,2	22
2:15:30	28	15,3	25
2:15:40	28	15,2	26
2:15:50	28	15,2	28
2:16:00	28	15,2	26
2:16:10	28	15,2	27
2:16:20	28	15,2	26
2:16:30	28	15,2	26
2:16:40	28	15,3	28
2:16:50	28	15,2	26
2:17:00	29	15,2	26
2:17:10	28	15,3	28
2:17:20	28	15,3	26
2:17:30	29	15,3	28
2:17:40	29	15,3	27
2:17:50	29	15,3	27
2:18:00	29	15,3	27
2:18:10	29	15,3	27
2:18:20	29	15,3	29
2:18:30	29	15,3	28
2:18:40	29	15,3	28
2:18:50	29	15,3	29
2:19:00	29	15,3	28
2:19:10	29	15,3	29
2:19:20	29	15,3	28
2:19:30	29	15,3	28
2:19:40	29	15,3	29
2:19:50	29	15,3	29
2:20:00	29	15,3	29
2:20:10	29	15,3	29
2:20:20	29	15,3	28
2:20:30	29	15,3	30
2:20:40	29	15,3	29
2:20:50	29	15,3	29
2:21:00	29	15,3	30
2:21:10	29	15,3	29
2:21:20	29	15,3	30
2:21:30	29	15,3	30
2:21:40	29	15,3	28
2:21:50	29	15,3	30
2:22:00	29	15,3	30
2:22:10	29	15,3	30
2:22:20	29	15,3	30
2:22:30	29	15,3	29
2:22:40	29	15,3	30
2:22:50	29	15,3	28
2:23:00	29	15,3	30
2:23:10	29	15,3	30
2:23:20	29	15,3	28
2:23:30	29	15,3	30
2:23:40	29	15,3	30
2:23:50	29	15,3	30
2:24:00	29	15,3	31
2:24:10	29	15,3	29
2:24:20	29	15,3	30
2:24:30	29	15,3	30
2:24:40	29	15,3	31
2:24:50	29	15,3	31
2:25:00	29	15,3	31
2:25:10	29	15,3	31
2:25:20	29	15,3	31
2:25:30	29	15,3	31
2:25:40	29	15,3	31
2:25:50	29	15,3	31
2:26:00	29	15,3	31
2:26:10	29	15,3	31
2:26:20	29	15,3	31
2:26:30	29	15,3	31
2:26:40	29	15,3	31
2:26:50	29	15,3	31
2:27:00	29	15,3	31
2:27:10	29	15,3	31
2:27:20	29	15,3	31
2:27:30	29	15,3	31
2:27:40	29	15,3	31
2:27:50	29	15,3	31
2:28:00	29	15,3	31
2:28:10	29	15,3	30
2:28:20	29	15,3	31
2:28:30	29	15,3	31
2:28:40	29	15,3	31
2:28:50	29	15,3	31
2:29:00	29	15,3	31
2:29:10	29	15,3	31
2:29:20	29	15,3	31
2:29:30	29	15,3	31
2:29:40	29	15,3	31
2:29:50	29	15,3	31
2:30:00	29	15,3	31
2:30:10	29	15,3	31
2:30:20	29	15,3	31
2:30:30	29	15,3	31
2:30:40	29	15,3	31
2:30:50	29	15,3	31
2:31:00	29	15,3	31
2:31:10	29	15,3	31
2:31:20	29	15,3	31
2:31:30	29	15,3	31
2:31:40	29	15,3	31
2:31:50	29	15,3	31
2:32:00	29	15,3	31
2:32:10	29	15,3	31
2:32:20	29	15,3	31
2:32:30	29	15,3	31
2:32:40	29	15,3	31
2:32:50	29	15,3	31
2:33:00	29	15,3	31
2:33:10	29	15,3	31
2:33:20	29	15,3	31
2:33:30	29	15,3	31
2:33:40	29	15,3	31
2:33:50	29	15,3	31
2:34:00	29	15,3	31
2:34:10	29	15,3	31
2:34:20	29	15,3	31
2:34:30	29	15,3	31
2:34:40	29	15,3	31
2:34:50	29	15,3	31
2:35:00	29	15,3	31
2:35:10	29	15,3	31
2:35:20	29	15,3	31
2:35:30	29	15,3	31
2:35:40	29	15,3	31
2:35:50	29	15,3	30
2:36:00	29	15,3	30
2:36:10	29	15,3	31
2:36:20	29	15,3	31
2:36:30	29	15,3	30
2:36:40	29	15,3	30
2:36:50	29	15,3	30
2:37:00	29	15,3	31
2:37:10	29	15,3	31
2:37:20	29	15,3	30
2:37:30	29	15,3	30
2:37:40	29	15,3	30
2:37:50	29	15,3	30
2:38:00	29	15,3	30
2:38:10	29	15,3	30
2:38:20	29	15,3	30
2:38:30	29	15,3	30
2:38:40	29	15,3	30
2:38:50	29	15,3	30
2:39:00	29	15,3	31
2:39:10	29	15,3	31
2:39:20	29	15,3	31
2:39:30	29	15,3	31
2:39:40	29	15,3	31
2:39:50	29	15,3	30
2:40:00	29	15,4	31
2:40:10	29	15,3	31
2:40:20	29	15,4	30
2:40:30	29	15,3	31
2:40:40	29	15,4	30
2:40:50	29	15,4	31
2:41:00	29	15,4	31
2:41:10	29	15,4	31
2:41:20	29	15,4	30
2:41:30	29	15,4	30
2:41:40	29	15,4	30
2:41:50	29	15,3	29
2:42:00	29	15,4	30
2:42:10	29	15,3	30
2:42:20	29	15,3	30
2:42:30	29	15,3	30
2:42:40	29	15,3	30
2:42:50	29	15,4	30
2:43:00	29	15,4	29
2:43:10	29	15,4	30
2:43:20	29	15,4	30
2:43:30	29	15,4	29
2:43:40	29	15,4	30
2:43:50	29	15,4	30
2:44:00	29	15,4	30
2:44:10	29	15,3	30
2:44:20	29	15,4	30
2:44:30	29	15,4	29
2:44:40	29	15,4	30
2:44:50	29	15,4	30
2:45:00	29	15,4	29
2:45:10	29	15,4	29
2:45:20	29	15,4	29
2:45:30	29	15,4	30
2:45:40	29	15,4	29
2:45:50	29	15,4	29
2:46:00	29	15,4	29
2:46:10	29	15,4	29
2:46:20	29	15,4	29
2:46:30	29	15,4	29
2:46:40	29	15,4	29
2:46:50	29	15,4	29
2:47:00	29	15,3	29
2:47:10	29	15,4	30
2:47:20	29	15,4	29
2:47:30	29	15,4	29
2:47:40	29	15,4	28
2:47:50	29	15,4	29
2:48:00	29	15,4	29
2:48:10	29	15,4	29
2:48:20	29	15,4	29
2:48:30	29	15,4	29
2:48:40	29	15,4	29
2:48:50	29	15,4	29
2:49:00	29	15,4	29
2:49:10	29	15,4	29
2:49:20	29	15,4	29
2:49:30	29	15,4	28
2:49:40	29	15,4	29
2:49:50	29	15,4	29
2:50:00	29	15,4	29
2:50:10	29	15,4	29
2:50:20	29	15,4	29
2:50:30	29	15,4	29
2:50:40	29	15,4	28
2:50:50	29	15,4	28
2:51:00	29	15,4	29
2:51:10	29	15,4	28
2:51:20	29	15,4	28
2:51:30	29	15,4	28
2:51:40	29	15,4	28
2:51:50	29	15,4	29
2:52:00	29	15,4	28
2:52:10	29	15,4	28
2:52:20	29	15,4	28
2:52:30	29	15,4	28
2:52:40	29	15,4	28
2:52:50	29	15,4	27
2:53:00	29	15,4	27
2:53:10	29	15,4	27
2:53:20	29	15,4	28
2:53:30	29	15,4	28
2:53:40	29	15,4	27
2:53:50	29	15,4	27
2:54:00	29	15,4	28
2:54:10	29	15,4	27
2:54:20	29	15,4	28
2:54:30	29	15,4	27
2:54:40	29	15,4	27
2:54:50	29	15,4	28
2:55:00	29	15,4	27
2:55:10	29	15,4	28
2:55:20	29	15,4	27
2:55:30	29	15,4	27
2:55:40	29	15,4	27
2:55:50	29	15,4	27
2:56:00	29	15,4	27
2:56:10	29	15,4	26
2:56:20	29	15,4	26
2:56:30	29	15,4	27
2:56:40	29	15,4	26
2:56:50	29	15,4	26
2:57:00	29	15,4	27
2:57:10	29	15,4	27
2:57:20	29	15,4	27
2:57:30	29	15,4	27
2:57:40	29	15,4	26
2:57:50	29	15,4	27
2:58:00	29	15,3	26
2:58:10	29	15,3	26
2:58:20	29	15,3	26
2:58:30	29	15,3	27
2:58:40	29	15,3	27
2:58:50	29	15,4	27
2:59:00	29	15,4	26
2:59:10	29	15,3	26
2:59:20	29	15,3	26
2:59:30	29	15,3	27
2:59:40	29	15,3	26
2:59:50	29	15,3	25
3:00:00	29	15,3	26
3:00:10	29	15,3	26
3:00:20	29	15,4	26
3:00:30	29	15,3	26
3:00:40	29	15,3	25
3:00:50	29	15,3	25
3:01:00	29	15,3	25
3:01:10	29	15,3	26
3:01:20	29	15,3	25
3:01:30	29	15,3	25
3:01:40	29	15,3	25
3:01:50	29	15,3	25
3:02:00	29	15,3	25
3:02:10	29	15,3	25
3:02:20	29	15,3	25
3:02:30	29	15,3	25
3:02:40	29	15,3	25
3:02:50	29	15,3	25
3:03:00	29	15,3	25
3:03:10	29	15,3	25
3:03:20	29	15,3	26
3:03:30	29	15,3	26
3:03:40	30	15,3	25
3:03:50	29	15,3	25
3:04:00	30	15,3	25
3:04:10	29	15,3	25
3:04:20	29	15,3	24
3:04:30	29	15,3	25
3:04:40	29	15,3	25
3:04:50	29	15,3	25
3:05:00	30	15,3	24
3:05:10	30	15,3	25
3:05:20	30	15,3	25
3:05:30	30	15,3	25
3:05:40	30	15,3	26
3:05:50	29	15,3	24
3:06:00	30	15,3	25
3:06:10	29	15,3	25
3:06:20	30	15,3	26
3:06:30	30	15,3	26
3:06:40	30	15,3	25
3:06:50	30	15,3	25
3:07:00	30	15,3	25
3:07:10	30	15,3	25
3:07:20	30	15,3	26
3:07:30	30	15,3	25
3:07:40	30	15,3	25
3:07:50	30	15,3	25
3:08:00	30	15,3	25
3:08:10	30	15,3	25
3:08:20	30	15,3	24
3:08:30	30	15,3	24
3:08:40	30	15,3	25
3:08:50	30	15,3	25
3:09:00	30	15,3	24
3:09:10	30	15,3	24
3:09:20	30	15,3	25
3:09:30	30	15,3	25
3:09:40	30	15,3	24
3:09:50	30	15,3	25
3:10:00	30	15,3	24
3:10:10	30	15,3	25
3:10:20	30	15,3	25
3:10:30	30	15,3	24
3:10:40	30	15,3	23
3:10:50	30	15,3	23
3:11:00	30	15,3	25
3:11:10	30	15,3	24
3:11:20	30	15,3	23
3:11:30	30	15,3	25
3:11:40	30	15,3	24
3:11:50	30	15,3	26
3:12:00	30	15,3	25
3:12:10	30	15,3	23
3:12:20	30	15,3	24
3:12:30	30	15,3	24
3:12:40	30	15,3	24
3:12:50	30	15,3	23
3:13:00	30	15,3	24
3:13:10	30	15,3	23
3:13:20	30	15,3	24
3:13:30	30	15,3	23
3:13:40	30	15,3	23
3:13:50	30	15,3	22
3:14:00	30	15,3	24
3:14:10	30	15,3	24
3:14:20	30	15,3	23
3:14:30	30	15,3	24
3:14:40	30	15,3	24
3:14:50	30	15,3	25
3:15:00	30	15,3	24
3:15:10	30	15,3	23
3:15:20	30	15,3	24
3:15:30	30	15,3	24
3:15:40	30	15,3	25
3:15:50	30	15,3	24
3:16:00	30	15,3	24
3:16:10	30	15,3	24
3:16:20	30	15,3	24
3:16:30	30	15,3	23
3:16:40	30	15,3	23
3:16:50	30	15,3	23
3:17:00	30	15,3	24
3:17:10	30	15,3	23
3:17:20	30	15,3	23
3:17:30	30	15,3	24
3:17:40	30	15,3	23
3:17:50	30	15,3	24
3:18:00	30	15,3	24
3:18:10	30	15,3	24
3:18:20	30	15,3	24
3:18:30	30	15,3	23
3:18:40	30	15,3	22
3:18:50	30	15,3	23
3:19:00	30	15,3	23
3:19:10	30	15,3	24
3:19:20	30	15,3	23
3:19:30	30	15,3	24
3:19:40	30	15,3	23
3:19:50	30	15,3	22
3:20:00	30	15,3	23
3:20:10	30	15,3	22
3:20:20	30	15,3	22
3:20:30	30	15,3	22
3:20:40	30	15,3	22
3:20:50	30	15,3	24
3:21:00	30	15,3	22
3:21:10	30	15,3	24
3:21:20	30	15,3	23
3:21:30	30	15,3	22
3:21:40	30	15,3	23
3:21:50	30	15,3	23
3:22:00	30	15,3	23
3:22:10	30	15,3	23
3:22:20	30	15,3	22
3:22:30	30	15,3	24
3:22:40	30	15,3	23
3:22:50	30	15,3	23
3:23:00	30	15,3	24
3:23:10	30	15,2	22
3:23:20	30	15,3	23
3:23:30	30	15,2	24
3:23:40	30	15,2	23
3:23:50	30	15,2	24
3:24:00	30	15,2	24
3:24:10	30	15,2	24
3:24:20	30	15,2	24
3:24:30	30	15,2	23
3:24:40	30	15,2	25
3:24:50	30	15,2	24
3:25:00	30	15,2	24
3:25:10	30	15,2	25
3:25:20	30	15,2	23
3:25:30	30	15,2	24
3:25:40	30	15,2	25
3:25:50	30	15,2	23
3:26:00	30	15,2	25
3:26:10	30	15,2	24
3:26:20	30	15,2	25
3:26:30	30	15,2	25
3:26:40	30	15,2	23
3:26:50	30	15,2	24
3:27:00	30	15,2	24
3:27:10	30	15,2	25
3:27:20	30	15,2	24
3:27:30	30	15,2	23
3:27:40	30	15,2	24
3:27:50	30	15,2	24
3:28:00	30	15,2	24
3:28:10	30	15,2	24
3:28:20	30	15,2	23
3:28:30	30	15,2	24
3:28:40	30	15,2	24
3:28:50	30	15,2	24
3:29:00	30	15,2	24
3:29:10	30	15,2	23
3:29:20	30	15,2	24
3:29:30	30	15,2	24
3:29:40	30	15,2	23
3:29:50	30	15,2	24
3:30:00	30	15,2	23
3:30:10	30	15,2	25
3:30:20	30	15,2	24
3:30:30	30	15,2	23
3:30:40	30	15,2	24
3:30:50	30	15,2	24
3:31:00	30	15,2	25
3:31:10	30	15,2	25
3:31:20	30	15,2	23
3:31:30	30	15,2	24
3:31:40	30	15,2	23
3:31:50	30	15,2	24
3:32:00	30	15,2	24
3:32:10	30	15,2	23
3:32:20	30	15,2	24
3:32:30	30	15,2	24
3:32:40	30	15,2	24
3:32:50	30	15,2	24
3:33:00	30	15,2	23
3:33:10	30	15,2	24
3:33:20	30	15,2	24
3:33:30	30	15,2	23
3:33:40	30	15,2	25
3:33:50	30	15,2	24
3:34:00	30	15,2	25
3:34:10	30	15,2	25
3:34:20	30	15,2	23
3:34:30	30	15,2	24
3:34:40	30	15,2	24
3:34:50	30	15,2	25
3:35:00	30	15,2	24
3:35:10	30	15,2	23
3:35:20	30	15,2	24
3:35:30	30	15,2	24
3:35:40	30	15,2	25
3:35:50	30	15,2	25
3:36:00	30	15,2	23
3:36:10	30	15,1	23
3:36:20	30	15,2	24
3:36:30	30	15,1	24
3:36:40	30	15,1	24
3:36:50	30	15,1	24
3:37:00	30	15,1	24
3:37:10	30	15,1	24
3:37:20	30	15,1	24
3:37:30	30	15,1	24
3:37:40	30	15,1	23
3:37:50	30	15,1	24
3:38:00	30	15,1	25
3:38:10	30	15,1	24
3:38:20	30	15,1	25
3:38:30	30	15,1	24
3:38:40	30	15,1	25
3:38:50	30	15,1	24
3:39:00	30	15,1	23
3:39:10	30	15,1	24
3:39:20	30	15,1	24
3:39:30	30	15,1	25
3:39:40	30	15,1	24
3:39:50	30	15,1	24
3:40:00	30	15,1	24
3:40:10	30	15,1	24
3:40:20	30	15,1	25
3:40:30	30	15,1	25
3:40:40	30	15,1	24
3:40:50	30	15,1	24
3:41:00	30	15,1	25
3:41:10	30	15,1	25
3:41:20	30	15,1	25
3:41:30	30	15,1	24
3:41:40	30	15,1	24
3:41:50	30	15,1	25
3:42:00	30	15,1	25
3:42:10	30	15,1	25
3:42:20	30	15,1	24
3:42:30	30	15,1	24
3:42:40	30	15,1	25
3:42:50	30	15,1	24
3:43:00	30	15,1	25
3:43:10	30	15,1	24
3:43:20	30	15,1	23
3:43:30	30	15,1	25
3:43:40	30	15,1	23
3:43:50	30	15,1	25
3:44:00	30	15,1	24
3:44:10	30	15,1	25
3:44:20	30	15,1	25
3:44:30	30	15,1	24
3:44:40	31	15,1	25
3:44:50	30	15,1	25
3:45:00	31	15,1	24
3:45:10	31	15,1	25
3:45:20	31	15,1	24
3:45:30	31	15,1	24
3:45:40	31	15,1	25
3:45:50	31	15,1	25
3:46:00	31	15,1	25
3:46:10	31	15,1	24
3:46:20	31	15,1	24
3:46:30	31	15,1	25
3:46:40	31	15,1	24
3:46:50	31	15,0	25
3:47:00	31	15,1	24
3:47:10	31	15,0	24
3:47:20	31	15,0	25
3:47:30	31	15,0	24
3:47:40	31	15,0	25
3:47:50	31	15,0	24
3:48:00	31	15,0	25
3:48:10	31	15,0	24
3:48:20	31	15,0	24
3:48:30	31	15,0	24
3:48:40	31	15,0	24
3:48:50	31	15,0	25
3:49:00	31	15,0	25
3:49:10	31	15,0	24
3:49:20	31	15,0	24
3:49:30	31	15,0	25
3:49:40	31	15,0	25
3:49:50	31	15,0	25
3:50:00	31	15,0	24
3:50:10	31	15,0	24
3:50:20	31	15,0	25
3:50:30	31	15,0	24
3:50:40	31	15,0	24
3:50:50	31	15,0	24
3:51:00	31	15,0	24
3:51:10	31	15,0	25
3:51:20	31	15,0	23
3:51:30	31	15,0	25
3:51:40	31	15,0	24
3:51:50	31	15,0	25
3:52:00	31	15,0	25
3:52:10	31	15,0	23
3:52:20	31	15,0	25
3:52:30	31	15,0	24
3:52:40	31	15,0	24
3:52:50	31	15,0	25
3:53:00	31	15,0	24
3:53:10	31	15,0	25
3:53:20	31	15,0	24
3:53:30	31	15,0	25
3:53:40	31	15,0	25
3:53:50	31	15,0	24
3:54:00	31	15,0	24
3:54:10	31	15,0	24
3:54:20	31	15,0	24
3:54:30	31	15,0	25
3:54:40	31	15,0	24
3:54:50	31	15,0	24
3:55:00	31	15,0	25
3:55:10	31	15,0	25
3:55:20	31	15,0	25
3:55:30	31	15,0	24
3:55:40	31	15,0	25
3:55:50	31	15,0	24
3:56:00	31	15,0	24
3:56:10	31	14,9	25
3:56:20	31	14,9	25
3:56:30	31	14,9	25
3:56:40	31	14,9	25
3:56:50	31	14,9	24
3:57:00	31	14,9	24
3:57:10	31	14,9	25
3:57:20	31	14,9	25
3:57:30	31	14,9	25
3:57:40	31	14,9	24
3:57:50	31	14,9	24
3:58:00	31	14,9	25
3:58:10	31	14,9	24
3:58:20	31	14,9	25
3:58:30	31	14,9	24
3:58:40	31	14,9	25
3:58:50	31	14,9	25
3:59:00	31	14,9	24
3:59:10	31	14,9	25
3:59:20	31	14,9	24
3:59:30	31	14,9	25
3:59:40	31	14,9	25
3:59:50	31	14,9	24
4:00:00	31	14,9	24
4:00:10	31	14,9	24
4:00:20	31	14,9	25
4:00:30	31	14,9	25
4:00:40	31	14,9	24
4:00:50	31	14,9	24
4:01:00	31	14,9	24
4:01:10	31	14,9	24
4:01:20	31	14,9	25
4:01:30	31	14,9	24
4:01:40	31	14,9	24
4:01:50	31	14,9	25
4:02:00	31	14,9	23
4:02:10	31	14,9	25
4:02:20	31	14,9	24
4:02:30	31	14,9	25
4:02:40	31	14,9	25
4:02:50	31	14,9	24
4:03:00	31	14,9	25
4:03:10	31	14,9	25
4:03:20	31	14,9	24
4:03:30	31	14,9	25
4:03:40	31	14,9	24
4:03:50	31	14,9	24
4:04:00	31	14,9	24
4:04:10	31	14,9	24
4:04:20	31	14,9	24
4:04:30	31	14,9	24
4:04:40	31	14,9	25
4:04:50	31	14,9	25
4:05:00	31	14,9	23
4:05:10	31	14,9	25
4:05:20	31	14,8	24
4:05:30	31	14,9	25
4:05:40	31	14,9	25
4:05:50	31	14,9	24
4:06:00	31	14,8	25
4:06:10	31	14,8	24
4:06:20	31	14,8	24
4:06:30	31	14,8	24
4:06:40	31	14,8	24
4:06:50	31	14,8	24
4:07:00	31	14,8	24
4:07:10	31	14,8	25
4:07:20	31	14,8	25
4:07:30	31	14,8	24
4:07:40	31	14,8	25
4:07:50	31	14,8	25
4:08:00	31	14,8	25
4:08:10	31	14,8	24
4:08:20	31	14,8	24
4:08:30	31	14,8	24
4:08:40	31	14,8	24
4:08:50	31	14,8	24
4:09:00	31	14,8	24
4:09:10	31	14,8	24
4:09:20	31	14,8	24
4:09:30	31	14,8	24
4:09:40	31	14,8	24
4:09:50	31	14,8	24
4:10:00	31	14,8	24
4:10:10	31	14,8	23
4:10:20	31	14,8	23
4:10:30	31	14,8	23
4:10:40	31	14,8	23
4:10:50	31	14,8	23
4:11:00	31	14,8	24
4:11:10	31	14,8	24
4:11:20	31	14,8	23
4:11:30	31	14,8	23
4:11:40	31	14,8	23
4:11:50	31	14,8	23
4:12:00	31	14,8	23
4:12:10	31	14,8	23
4:12:20	31	14,8	23
4:12:30	31	14,8	23
4:12:40	31	14,8	24
4:12:50	31	14,8	23
4:13:00	31	14,8	23
4:13:10	31	14,8	23
4:13:20	31	14,8	23
4:13:30	31	14,8	23
4:13:40	31	14,7	23
4:13:50	31	14,8	23
4:14:00	31	14,7	24
4:14:10	31	14,7	23
4:14:20	31	14,8	23
4:14:30	31	14,7	23
4:14:40	31	14,7	23
4:14:50	31	14,7	23
4:15:00	31	14,7	23
4:15:10	31	14,7	23
4:15:20	31	14,7	23
4:15:30	31	14,7	23
4:15:40	31	15,0	23
4:15:50	31	15,0	23
4:16:00	31	15,0	23
4:16:10	31	15,0	23
4:16:20	31	15,0	23
4:16:30	31	15,0	23
4:16:40	31	15,0	23
4:16:50	31	15,0	23
4:17:00	31	15,0	23
4:17:10	31	15,0	23
4:17:20	31	15,0	23
4:17:30	31	15,0	23
4:17:40	31	15,0	23
4:17:50	31	15,0	23
4:18:00	31	15,0	23
4:18:10	31	15,0	23
4:18:20	31	15,0	23
4:18:30	31	15,0	23
4:18:40	31	15,0	23
4:18:50	31	15,0	23
4:19:00	31	15,0	23
4:19:10	31	15,0	23
4:19:20	31	15,0	23
4:19:30	31	15,0	23
4:19:40	31	15,0	23
4:19:50	31	15,0	23
4:20:00	31	15,0	23
4:20:10	31	15,0	23
4:20:20	31	14,9	23
4:20:30	31	15,0	23
4:20:40	31	14,9	23
4:20:50	31	14,9	23
4:21:00	31	14,9	23
4:21:10	31	14,9	23
4:21:20	31	14,9	23
4:21:30	31	14,9	23
4:21:40	31	14,9	23
4:21:50	31	14,9	23
4:22:00	31	14,9	23
4:22:10	31	14,9	23
4:22:20	31	14,9	23
4:22:30	31	14,9	23
4:22:40	31	14,9	23
4:22:50	31	14,9	23
4:23:00	31	14,9	23
4:23:10	31	14,9	23
4:23:20	31	14,9	23
4:23:30	31	14,9	23
4:23:40	31	14,9	23
4:23:50	31	14,9	23
4:24:00	31	14,9	23
4:24:10	31	14,9	23
4:24:20	31	14,9	23
4:24:30	31	14,9	23
4:24:40	31	14,9	23
4:24:50	31	14,9	23
4:25:00	31	14,9	23
4:25:10	31	14,9	23
4:25:20	31	14,9	23
4:25:30	31	14,9	23
4:25:40	31	14,9	23
4:25:50	31	14,9	23
4:26:00	31	14,9	24
4:26:10	31	14,9	23
4:26:20	31	14,9	24
4:26:30	31	14,9	24
4:26:40	31	14,9	24
4:26:50	31	14,9	24
4:27:00	31	14,9	24
4:27:10	31	14,9	24
4:27:20	31	14,9	24
4:27:30	31	14,9	24
4:27:40	31	14,9	24
4:27:50	31	14,9	24
4:28:00	31	14,9	24
4:28:10	31	14,8	24
4:28:20	31	14,8	24
4:28:30	31	14,8	24
4:28:40	31	14,8	24
4:28:50	31	14,8	24
4:29:00	31	14,8	24
4:29:10	31	14,8	24
4:29:20	31	14,8	24
4:29:30	31	14,8	24
4:29:40	31	14,8	24
4:29:50	31	14,8	24
4:30:00	31	14,8	24
4:30:10	31	14,8	24
4:30:20	31	14,8	24
4:30:30	31	14,8	24
4:30:40	31	14,8	24
4:30:50	31	14,8	24
4:31:00	31	14,8	24
4:31:10	31	14,8	24
4:31:20	31	14,8	24
4:31:30	31	14,8	24
4:31:40	31	14,8	24
4:31:50	31	14,8	24
4:32:00	31	14,8	24
4:32:10	31	14,8	24
4:32:20	31	14,8	24
4:32:30	31	14,8	24
4:32:40	31	14,8	24
4:32:50	31	14,8	24
4:33:00	31	14,8	24
4:33:10	31	14,8	24
4:33:20	31	14,8	24
4:33:30	31	14,8	24
4:33:40	31	14,8	24
4:33:50	31	14,8	24
4:34:00	31	14,8	24
4:34:10	31	14,8	24
4:34:20	31	14,8	24
4:34:30	31	14,8	25
4:34:40	31	14,8	25
4:34:50	31	14,8	25
4:35:00	31	14,8	25
4:35:10	31	14,8	25
4:35:20	31	14,8	25
4:35:30	31	14,8	25
4:35:40	31	14,8	25
4:35:50	31	14,8	25
4:36:00	31	14,8	27
4:36:10	31	14,8	26
4:36:20	31	14,8	26
4:36:30	31	14,8	26
4:36:40	31	14,8	26
4:36:50	31	14,7	26
4:37:00	31	14,7	26
4:37:10	31	14,7	26
4:37:20	31	14,7	26
4:37:30	31	14,7	27
4:37:40	31	14,7	26
4:37:50	31	14,8	27
4:38:00	31	14,8	27
4:38:10	31	14,8	29
4:38:20	31	14,8	30
4:38:30	31	14,8	29
4:38:40	31	14,8	29
4:38:50	31	14,8	29
4:39:00	31	14,8	28
4:39:10	31	14,8	29
4:39:20	31	14,8	28
4:39:30	31	14,8	28
4:39:40	31	14,8	29
4:39:50	31	14,8	29
4:40:00	31	14,8	29
4:40:10	31	14,8	29
4:40:20	31	14,7	29
4:40:30	31	14,7	30
4:40:40	31	14,7	29
4:40:50	31	14,7	29
4:41:00	31	15,1	29
4:41:10	31	15,1	29
4:41:20	31	15,1	31
4:41:30	31	15,1	29
4:41:40	31	15,1	29
4:41:50	31	15,1	30
4:42:00	31	15,1	30
4:42:10	31	15,1	31
4:42:20	31	15,1	29
4:42:30	31	15,0	30
4:42:40	31	15,0	31
4:42:50	31	15,0	30
4:43:00	31	15,0	30
4:43:10	31	15,0	30
4:43:20	31	15,0	30
4:43:30	31	15,0	32
4:43:40	31	15,0	30
4:43:50	31	15,0	30
4:44:00	31	15,0	30
4:44:10	31	15,0	30
4:44:20	31	15,0	32
4:44:30	31	15,0	30
4:44:40	31	15,0	31
4:44:50	31	15,0	31
4:45:00	31	15,0	30
4:45:10	31	15,0	32
4:45:20	31	15,0	30
4:45:30	31	15,0	31
4:45:40	31	15,0	31
4:45:50	31	15,0	31
4:46:00	31	15,0	32
4:46:10	31	15,0	31
4:46:20	31	15,0	31
4:46:30	31	15,0	32
4:46:40	31	15,0	31
4:46:50	31	15,0	32
4:47:00	31	15,0	31
4:47:10	31	15,0	31
4:47:20	31	15,0	33
4:47:30	31	15,0	31
4:47:40	31	15,0	31
4:47:50	31	15,0	31
4:48:00	31	15,0	31
4:48:10	31	15,0	32
4:48:20	31	15,0	31
4:48:30	31	15,0	31
4:48:40	31	14,9	31
4:48:50	31	14,9	31
4:49:00	31	14,9	32
4:49:10	31	15,0	31
4:49:20	31	15,0	31
4:49:30	31	14,9	31
4:49:40	31	14,9	31
4:49:50	31	14,9	32
4:50:00	31	14,9	31
4:50:10	31	14,9	31
4:50:20	32	14,9	32
4:50:30	31	14,9	31
4:50:40	31	14,9	31
4:50:50	32	14,9	31
4:51:00	31	14,9	31
4:51:10	31	14,9	32
4:51:20	31	14,9	31
4:51:30	31	14,9	31
4:51:40	31	14,9	31
4:51:50	31	14,9	31
4:52:00	32	14,9	32
4:52:10	31	14,9	31
4:52:20	31	14,9	31
4:52:30	31	14,9	31
4:52:40	32	14,9	31
4:52:50	31	14,9	32
4:53:00	32	14,9	31
4:53:10	31	14,9	30
4:53:20	31	14,9	32
4:53:30	31	14,9	31
4:53:40	32	14,9	31
4:53:50	32	14,9	30
4:54:00	32	14,9	30
4:54:10	32	14,9	32
4:54:20	32	14,9	31
4:54:30	32	14,9	31
4:54:40	32	14,9	30
4:54:50	32	14,9	30
4:55:00	32	14,9	32
4:55:10	32	14,9	30
4:55:20	32	14,9	30
4:55:30	32	14,9	30
4:55:40	32	14,9	30
4:55:50	32	14,9	32
4:56:00	32	14,9	30
4:56:10	32	14,9	30
4:56:20	32	14,9	30
4:56:30	32	14,9	30
4:56:40	32	14,9	31
4:56:50	32	14,8	30
4:57:00	32	14,8	30
4:57:10	32	14,8	31
4:57:20	32	14,8	30
4:57:30	32	14,8	30
4:57:40	32	14,8	30
4:57:50	32	14,8	30
4:58:00	32	14,8	32
4:58:10	32	14,8	30
4:58:20	32	14,8	30
4:58:30	32	14,8	31
4:58:40	32	14,8	30
4:58:50	32	14,8	30
4:59:00	32	14,8	30
4:59:10	32	14,8	30
4:59:20	32	14,8	32
4:59:30	32	14,8	30
4:59:40	32	14,8	30
4:59:50	32	14,8	30
5:00:00	32	14,8	30
5:00:10	32	14,8	31
5:00:20	32	14,8	30
5:00:30	32	14,8	30
5:00:40	32	14,8	32
5:00:50	32	14,8	30
5:01:00	32	14,8	30
5:01:10	32	14,8	30
5:01:20	32	14,8	30
5:01:30	32	14,8	31
5:01:40	32	14,8	30
5:01:50	32	14,8	30
5:02:00	32	14,8	32
5:02:10	32	14,8	30
5:02:20	32	14,8	30
5:02:30	32	14,8	30
5:02:40	32	14,8	30
5:02:50	32	14,8	31
5:03:00	32	14,8	30
5:03:10	32	14,8	30
5:03:20	32	14,8	30
5:03:30	32	14,8	30
5:03:40	32	14,8	30
5:03:50	32	14,8	30
5:04:00	32	14,8	30
5:04:10	32	14,8	31
5:04:20	32	14,8	30
5:04:30	32	14,8	30
5:04:40	32	14,8	30
5:04:50	32	14,8	30
5:05:00	32	14,8	32
5:05:10	32	14,8	30
5:05:20	32	14,8	30
5:05:30	32	14,8	30
5:05:40	32	14,7	30
5:05:50	32	14,7	30
5:06:00	32	14,7	30
5:06:10	32	14,7	30
5:06:20	32	14,7	31
5:06:30	32	14,7	30
5:06:40	32	15,1	30
5:06:50	32	15,1	30
5:07:00	32	15,1	30
5:07:10	32	15,1	32
5:07:20	32	15,1	30
5:07:30	32	15,1	30
5:07:40	32	15,1	30
5:07:50	32	15,1	30
5:08:00	32	15,1	31
5:08:10	32	15,1	30
5:08:20	32	15,1	30
5:08:30	32	15,1	30
5:08:40	32	15,1	30
5:08:50	32	15,0	30
5:09:00	32	15,1	30
5:09:10	32	15,0	30
5:09:20	32	15,0	31
5:09:30	32	15,0	30
5:09:40	32	15,0	30
5:09:50	32	15,0	30
5:10:00	32	15,0	30
5:10:10	32	15,0	32
5:10:20	32	15,0	30
5:10:30	32	15,0	30
5:10:40	32	15,0	30
5:10:50	32	15,0	30
5:11:00	32	15,0	31
5:11:10	32	15,0	30
5:11:20	32	15,0	30
5:11:30	32	15,0	30
5:11:40	32	15,0	30
5:11:50	32	15,0	31
5:12:00	32	15,0	30
5:12:10	32	15,0	30
5:12:20	32	15,0	30
5:12:30	32	15,0	30
5:12:40	32	15,0	30
5:12:50	32	15,0	30
5:13:00	32	15,0	30
5:13:10	32	15,0	31
5:13:20	32	15,0	30
5:13:30	32	15,0	30
5:13:40	32	15,0	30
5:13:50	32	15,0	30
5:14:00	32	15,0	32
5:14:10	32	15,0	30
5:14:20	32	15,0	30
5:14:30	32	15,0	30
5:14:40	32	15,0	30
5:14:50	32	15,0	32
5:15:00	32	15,0	30
5:15:10	32	15,0	30
5:15:20	32	15,0	30
5:15:30	32	15,0	30
5:15:40	32	15,0	31
5:15:50	32	15,0	30
5:16:00	32	15,0	30
5:16:10	32	14,9	30
5:16:20	32	14,9	30
5:16:30	32	14,9	30
5:16:40	32	14,9	30
5:16:50	32	14,9	30
5:17:00	32	14,9	32
5:17:10	32	14,9	30
5:17:20	32	14,9	30
5:17:30	32	14,9	30
5:17:40	32	14,9	30
5:17:50	32	14,9	32
5:18:00	32	14,9	30
5:18:10	32	14,9	30
5:18:20	32	14,9	30
5:18:30	32	14,9	30
5:18:40	32	14,9	32
5:18:50	32	14,9	30
5:19:00	32	14,9	30
5:19:10	32	14,9	30
5:19:20	32	14,9	30
5:19:30	32	14,9	30
5:19:40	32	14,9	30
5:19:50	32	14,9	30
5:20:00	32	14,9	32
5:20:10	32	14,9	31
5:20:20	32	14,9	30
5:20:30	32	14,9	31
5:20:40	32	14,9	30
5:20:50	32	14,9	32
5:21:00	32	14,9	30
5:21:10	32	14,9	30
5:21:20	32	14,9	30
5:21:30	32	14,9	30
5:21:40	32	14,9	32
5:21:50	32	14,9	31
5:22:00	32	14,9	30
5:22:10	32	14,9	30
5:22:20	32	14,9	30
5:22:30	32	14,9	31
5:22:40	32	14,9	31
5:22:50	32	14,9	30
5:23:00	32	14,9	31
5:23:10	32	14,9	30
5:23:20	32	14,8	31
5:23:30	32	14,8	31
5:23:40	32	14,8	30
5:23:50	32	14,8	31
5:24:00	32	14,8	31
5:24:10	32	14,8	30
5:24:20	32	14,8	31
5:24:30	32	14,8	30
5:24:40	32	14,8	32
5:24:50	32	14,8	31
5:25:00	32	14,8	30
5:25:10	32	14,8	31
5:25:20	32	14,8	30
5:25:30	32	14,8	32
5:25:40	32	14,8	31
5:25:50	32	14,8	30
5:26:00	32	14,8	30
5:26:10	32	14,8	31
5:26:20	32	14,8	31
5:26:30	32	14,8	31
5:26:40	32	14,8	30
5:26:50	32	14,8	31
5:27:00	32	14,8	30
5:27:10	32	14,8	31
5:27:20	32	14,8	31
5:27:30	32	14,8	30
5:27:40	32	14,8	31
5:27:50	32	14,8	30
5:28:00	32	14,8	30
5:28:10	32	14,8	31
5:28:20	32	14,8	30
5:28:30	32	14,8	32
5:28:40	32	14,8	30
5:28:50	32	14,8	30
5:29:00	32	14,8	30
5:29:10	32	14,8	30
5:29:20	32	14,8	31
5:29:30	32	14,8	30
5:29:40	32	14,8	30
5:29:50	32	14,8	30
5:30:00	32	14,8	31
5:30:10	32	14,8	31
5:30:20	32	14,8	31
5:30:30	32	14,8	30
5:30:40	32	14,8	30
5:30:50	32	14,8	31
5:31:00	32	14,8	31
5:31:10	32	14,8	31
5:31:20	32	14,8	31
5:31:30	32	14,8	31
5:31:40	32	14,8	31
5:31:50	32	14,8	31
5:32:00	32	14,8	31
5:32:10	32	14,8	31
5:32:20	32	14,8	32
5:32:30	32	14,7	31
5:32:40	32	14,7	30
5:32:50	32	14,7	31
5:33:00	32	14,7	31
5:33:10	32	14,7	32
5:33:20	32	14,7	31
5:33:30	32	14,7	31
5:33:40	32	14,7	31
5:33:50	32	14,7	31
5:34:00	32	14,7	32
5:34:10	32	14,7	31
5:34:20	32	15,0	31
5:34:30	32	15,0	32
5:34:40	32	15,0	31
5:34:50	32	15,0	32
5:35:00	32	15,0	32
5:35:10	32	15,0	31
5:35:20	32	15,0	32
5:35:30	32	15,0	31
5:35:40	32	15,0	31
5:35:50	32	14,9	32
5:36:00	32	14,9	31
5:36:10	32	14,9	33
5:36:20	32	14,9	31
5:36:30	32	14,9	32
5:36:40	32	14,9	32
5:36:50	32	14,9	32
5:37:00	32	14,9	35
5:37:10	32	14,9	33
5:37:20	32	14,9	33
5:37:30	32	14,9	34
5:37:40	32	14,9	34
5:37:50	32	14,9	38
5:38:00	32	14,9	34
5:38:10	32	14,9	34
5:38:20	32	14,9	33
5:38:30	32	14,9	33
5:38:40	32	14,9	35
5:38:50	32	14,9	33
5:39:00	32	14,9	33
5:39:10	32	14,9	33
5:39:20	32	14,9	33
5:39:30	32	14,9	35
5:39:40	32	14,9	33
5:39:50	32	14,9	33
5:40:00	32	14,9	34
5:40:10	32	14,9	33
5:40:20	32	14,9	33
5:40:30	32	14,9	33
5:40:40	32	14,9	33
5:40:50	32	14,9	35
5:41:00	32	14,9	33
5:41:10	32	14,9	33
5:41:20	32	14,9	33
5:41:30	32	14,9	33
5:41:40	32	14,9	35
5:41:50	32	14,9	33
5:42:00	32	14,9	33
5:42:10	32	14,8	33
5:42:20	32	14,8	33
5:42:30	32	14,8	35
5:42:40	32	14,8	33
5:42:50	32	14,8	33
5:43:00	32	14,8	33
5:43:10	32	14,8	33
5:43:20	32	14,8	35
5:43:30	32	14,8	33
5:43:40	32	14,8	33
5:43:50	32	14,8	33
5:44:00	32	14,8	33
5:44:10	32	14,8	34
5:44:20	32	14,8	33
5:44:30	32	14,8	33
5:44:40	32	14,8	34
5:44:50	32	14,8	33
5:45:00	32	14,8	34
5:45:10	32	14,8	33
5:45:20	32	14,8	33
5:45:30	32	14,8	35
5:45:40	32	14,8	33
5:45:50	32	14,8	33
5:46:00	32	14,8	33
5:46:10	32	14,8	33
5:46:20	32	14,8	35
5:46:30	32	14,8	33
5:46:40	32	14,8	33
5:46:50	32	14,8	33
5:47:00	32	14,8	33
5:47:10	32	14,8	35
5:47:20	32	14,8	33
5:47:30	32	14,8	33
5:47:40	32	14,8	33
5:47:50	32	14,8	33
5:48:00	32	14,8	35
5:48:10	32	14,8	33
5:48:20	32	14,8	33
5:48:30	32	14,8	35
5:48:40	32	14,8	34
5:48:50	32	14,8	35
5:49:00	32	14,8	33
5:49:10	32	14,8	33
5:49:20	32	14,8	35
5:49:30	32	14,8	33
5:49:40	32	14,8	34
5:49:50	32	14,8	33
5:50:00	32	14,8	33
5:50:10	32	14,8	36
5:50:20	32	14,8	34
5:50:30	32	14,8	33
5:50:40	32	14,8	34
5:50:50	32	14,8	34
5:51:00	32	14,8	36
5:51:10	32	14,8	34
5:51:20	32	14,7	34
5:51:30	32	14,8	34
5:51:40	32	14,7	34
5:51:50	32	14,7	34
5:52:00	32	14,7	34
5:52:10	32	14,7	34
5:52:20	32	14,7	35
5:52:30	32	14,7	34
5:52:40	32	14,8	35
5:52:50	32	14,8	35
5:53:00	32	14,8	35
5:53:10	32	14,8	35
5:53:20	32	14,8	35
5:53:30	32	14,8	34
5:53:40	32	14,8	34
5:53:50	32	14,8	34
5:54:00	32	14,8	34
5:54:10	32	14,8	34
5:54:20	32	14,8	34
5:54:30	32	14,8	34
5:54:40	32	14,8	33
5:54:50	32	14,8	35
5:55:00	32	14,8	35
5:55:10	32	14,8	34
5:55:20	32	14,8	34
5:55:30	32	14,8	34
5:55:40	32	14,8	35
5:55:50	32	14,8	34
5:56:00	32	14,8	34
5:56:10	32	14,8	33
5:56:20	32	14,8	34
5:56:30	32	14,8	34
5:56:40	32	14,8	34
5:56:50	32	14,8	34
5:57:00	32	14,8	34
5:57:10	32	14,8	34
5:57:20	32	14,8	34
5:57:30	32	14,8	34
5:57:40	32	14,8	34
5:57:50	32	14,8	33
5:58:00	32	14,8	34
5:58:10	32	14,8	33
5:58:20	32	14,8	33
5:58:30	32	14,8	34
5:58:40	32	14,8	34
5:58:50	32	14,8	34
5:59:00	32	14,8	34
5:59:10	32	14,8	33
5:59:20	32	14,7	34
5:59:30	32	14,7	33
5:59:40	32	14,7	34
5:59:50	32	14,7	34
6:00:00	32	14,7	33
6:00:10	32	14,7	34
6:00:20	32	14,7	33
6:00:30	32	14,7	34
6:00:40	32	14,7	34
6:00:50	32	14,9	34
6:01:00	32	14,9	34
6:01:10	32	14,9	34
6:01:20	32	14,9	34
6:01:30	32	14,9	34
6:01:40	32	14,9	33
6:01:50	32	14,9	34
6:02:00	32	14,9	34
6:02:10	32	14,9	34
6:02:20	32	14,9	34
6:02:30	32	14,9	34
6:02:40	32	14,9	34
6:02:50	32	14,9	34
6:03:00	32	14,9	34
6:03:10	32	14,9	34
6:03:20	32	14,9	34
6:03:30	32	14,9	34
6:03:40	32	14,9	33
6:03:50	32	14,8	33
6:04:00	32	14,8	33
6:04:10	32	14,8	33
6:04:20	32	14,9	33
6:04:30	32	14,8	33
6:04:40	32	14,8	33
6:04:50	32	14,8	33
6:05:00	32	14,8	34
6:05:10	32	14,8	34
6:05:20	32	14,8	33
6:05:30	32	14,8	33
6:05:40	32	14,8	34
6:05:50	32	14,8	33
6:06:00	32	14,8	34
6:06:10	32	14,8	33
6:06:20	32	14,8	33
6:06:30	32	14,8	34
6:06:40	32	14,8	33
6:06:50	32	14,8	34
6:07:00	32	14,8	34
6:07:10	32	14,8	34
6:07:20	32	14,8	34
6:07:30	32	14,8	34
6:07:40	32	14,8	34
6:07:50	32	14,8	34
6:08:00	32	14,8	33
6:08:10	32	14,8	34
6:08:20	32	14,8	34
6:08:30	32	14,8	34
6:08:40	32	14,8	34
6:08:50	32	14,8	34
6:09:00	32	14,8	34
6:09:10	32	14,8	34
6:09:20	32	14,8	34
6:09:30	32	14,8	34
6:09:40	32	14,8	34
6:09:50	32	14,8	34
6:10:00	32	14,8	34
6:10:10	32	14,8	34
6:10:20	32	14,8	34
6:10:30	32	14,8	34
6:10:40	32	14,8	34
6:10:50	32	14,8	34
6:11:00	32	14,8	34
6:11:10	32	14,8	35
6:11:20	32	14,8	34
6:11:30	32	14,8	34
6:11:40	32	14,8	34
6:11:50	32	14,8	34
6:12:00	32	14,8	34
6:12:10	32	14,8	34
6:12:20	32	14,8	34
6:12:30	32	14,8	34
6:12:40	32	14,8	34
6:12:50	32	14,8	34
6:13:00	32	14,8	34
6:13:10	32	14,8	34
6:13:20	32	14,8	34
6:13:30	32	14,8	34
6:13:40	32	14,7	34
6:13:50	32	14,7	34
6:14:00	32	14,7	34
6:14:10	32	14,7	34
6:14:20	32	14,7	34
6:14:30	32	14,7	34
6:14:40	32	14,7	34
6:14:50	32	14,7	34
6:15:00	32	14,7	34
6:15:10	32	14,7	34
6:15:20	32	14,8	34
6:15:30	32	14,8	34
6:15:40	32	14,8	34
6:15:50	32	14,8	34
6:16:00	32	14,8	34
6:16:10	32	14,8	34
6:16:20	32	14,8	34
6:16:30	32	14,8	34
6:16:40	32	14,8	34
6:16:50	32	14,8	34
6:17:00	32	14,8	34
6:17:10	32	14,8	34
6:17:20	32	14,8	34
6:17:30	32	14,8	34
6:17:40	32	14,8	34
6:17:50	32	14,8	34
6:18:00	32	14,8	34
6:18:10	32	14,8	34
6:18:20	32	14,8	34
6:18:30	32	14,8	34
6:18:40	32	14,8	34
6:18:50	32	14,8	34
6:19:00	32	14,8	34
6:19:10	32	14,8	35
6:19:20	32	14,8	34
6:19:30	32	14,8	34
6:19:40	32	14,7	35
6:19:50	32	14,7	34
6:20:00	32	14,7	34
6:20:10	32	14,7	34
6:20:20	32	14,7	34
6:20:30	32	14,7	35
6:20:40	32	14,7	34
6:20:50	32	14,7	35
6:21:00	32	14,7	35
6:21:10	32	15,0	34
6:21:20	32	15,0	35
6:21:30	32	15,0	34
6:21:40	32	15,0	34
6:21:50	32	15,0	35
6:22:00	32	15,0	35
6:22:10	32	15,0	35
6:22:20	32	15,0	35
6:22:30	32	15,0	35
6:22:40	32	15,0	35
6:22:50	32	15,0	35
6:23:00	32	15,0	35
6:23:10	32	15,0	34
6:23:20	32	15,0	34
6:23:30	32	15,0	34
6:23:40	32	15,0	34
6:23:50	32	15,0	34
6:24:00	32	15,0	35
6:24:10	32	15,0	35
6:24:20	32	15,0	35
6:24:30	32	15,0	35
6:24:40	32	15,0	35
6:24:50	32	15,0	35
6:25:00	32	15,0	35
6:25:10	32	15,0	35
6:25:20	32	15,0	35
6:25:30	32	15,0	35
6:25:40	32	15,0	35
6:25:50	32	15,0	36
6:26:00	32	15,0	35
6:26:10	32	15,0	35
6:26:20	32	15,0	35
6:26:30	32	15,0	35
6:26:40	32	15,0	35
6:26:50	32	15,0	35
6:27:00	32	15,0	35
6:27:10	32	15,0	35
6:27:20	32	15,0	35
6:27:30	32	15,0	35
6:27:40	32	14,9	35
6:27:50	32	15,0	35
6:28:00	32	14,9	36
6:28:10	32	14,9	36
6:28:20	32	14,9	35
6:28:30	32	14,9	36
6:28:40	32	14,9	36
6:28:50	32	14,9	36
6:29:00	32	14,9	36
6:29:10	32	14,9	35
6:29:20	32	14,9	35
6:29:30	32	14,9	35
6:29:40	32	14,9	36
6:29:50	32	14,9	36
6:30:00	32	14,9	35
6:30:10	32	14,9	35
6:30:20	32	14,9	36
6:30:30	32	14,9	36
6:30:40	32	14,9	36
6:30:50	32	14,9	35
6:31:00	32	14,9	35
6:31:10	32	14,9	36
6:31:20	32	14,9	35
6:31:30	32	14,9	36
6:31:40	32	14,9	35
6:31:50	32	14,9	35
6:32:00	32	14,9	35
6:32:10	32	14,9	35
6:32:20	32	14,9	35
6:32:30	32	14,9	35
6:32:40	32	14,9	35
6:32:50	32	14,9	35
6:33:00	32	14,9	35
6:33:10	32	14,9	35
6:33:20	32	14,9	35
6:33:30	32	14,9	36
6:33:40	32	14,9	35
6:33:50	32	14,9	35
6:34:00	32	14,9	35
6:34:10	32	14,9	35
6:34:20	32	14,9	35
6:34:30	32	14,9	35
6:34:40	32	14,9	35
6:34:50	32	14,9	35
6:35:00	32	14,9	35
6:35:10	32	14,9	36
6:35:20	32	14,9	35
6:35:30	32	14,9	35
6:35:40	32	14,9	35
6:35:50	32	14,9	35
6:36:00	32	14,8	36
6:36:10	32	14,8	35
6:36:20	32	14,8	35
6:36:30	32	14,8	35
6:36:40	32	14,8	35
6:36:50	32	14,8	35
6:37:00	32	14,8	35
6:37:10	32	14,8	35
6:37:20	32	14,8	35
6:37:30	32	14,8	35
6:37:40	32	14,8	36
6:37:50	32	14,8	35
6:38:00	32	14,8	36
6:38:10	32	14,8	36
6:38:20	32	14,8	36
6:38:30	32	14,8	36
6:38:40	32	14,8	36
6:38:50	32	14,8	36
6:39:00	32	14,8	36
6:39:10	32	14,8	36
6:39:20	32	14,8	36
6:39:30	32	14,8	36
6:39:40	32	14,8	36
6:39:50	32	14,8	36
6:40:00	32	14,8	36
6:40:10	32	14,8	36
6:40:20	32	14,8	36
6:40:30	32	14,8	36
6:40:40	32	14,8	36
6:40:50	32	14,8	36
6:41:00	32	14,8	36
6:41:10	32	14,8	36
6:41:20	32	14,8	37
6:41:30	32	14,8	35
6:41:40	32	14,8	36
6:41:50	32	14,8	36
6:42:00	32	14,8	36
6:42:10	33	14,8	36
6:42:20	32	14,8	35
6:42:30	32	14,8	36
6:42:40	32	14,8	36
6:42:50	32	14,8	35
6:43:00	32	14,8	36
6:43:10	32	14,8	35
6:43:20	32	14,8	36
6:43:30	32	14,8	36
6:43:40	32	14,8	36
6:43:50	33	14,8	36
6:44:00	32	14,8	36
6:44:10	32	14,8	36
6:44:20	32	14,8	36
6:44:30	32	14,8	36
6:44:40	32	14,8	37
6:44:50	32	14,8	36
6:45:00	32	14,8	35
6:45:10	32	14,8	36
