--Test Summary--
Full Path and File Name	
Instrument Name	7222
Instrument Type	Model 7222 Consistometer
Instrument Serial Number	
Test Start Date	11.02.2019
Test Start Time	13:09:13
Test Stop Date	11.02.2019
Test Stop Time	15:56:03
Test Length	2:46:50
Final Sample Time Offset	2:46:50
Controller Schedule Name	
Sampling Period	10 seconds
Comments	
Information	WellID	
Information	Customer	
Information	EngName	
Information	CementClass	
Information	CementMfr	
Information	Additives	
Information	Density	
Information	BHCT	
Information	BHST	
Information	FluidLoss	
Information	JobType	
Calculated Value	Time_30Bc	2:38:10
Calculated Value	Time_70Bc	2:46:50
Initial Temperature (°C)	23 °C
Final Temperature (°C)	76 °C
Initial Pressure (MPa)	0,5 MPa
Final Pressure (MPa)	28,0 MPa
Initial Consistency (Bc)	14 Bc
Final Consistency (Bc)	72 Bc
--Data--
Time (HH:MM:SS)	Temperature (°C)	Pressure (MPa)	Consistency (Bc)
0:00:00	23	0,5	14
0:00:10	23	0,5	14
0:00:20	23	0,5	14
0:00:30	23	0,5	14
0:00:40	23	0,5	14
0:00:50	23	0,5	14
0:01:00	23	0,5	14
0:01:10	23	0,5	14
0:01:20	23	0,5	14
0:01:30	23	0,5	14
0:01:40	22	0,5	14
0:01:50	22	0,5	14
0:02:00	22	0,5	14
0:02:10	22	0,5	12
0:02:20	22	0,5	12
0:02:30	-1073	0,6	4
0:02:40	22	0,6	4
0:02:50	22	0,6	4
0:03:00	22	0,5	2
0:03:10	22	0,5	11
0:03:20	22	0,5	11
0:03:30	22	0,5	12
0:03:40	22	0,5	12
0:03:50	22	0,5	12
0:04:00	22	0,5	12
0:04:10	22	0,5	12
0:04:20	22	0,5	12
0:04:30	22	0,5	12
0:04:40	22	0,5	12
0:04:50	22	0,5	12
0:05:00	22	2,8	15
0:05:10	22	2,8	15
0:05:20	22	2,8	15
0:05:30	22	2,8	15
0:05:40	22	2,8	15
0:05:50	22	2,8	15
0:06:00	22	2,9	15
0:06:10	22	3,3	15
0:06:20	22	3,3	12
0:06:30	22	3,3	12
0:06:40	22	3,6	12
0:06:50	22	3,5	12
0:07:00	22	3,8	13
0:07:10	22	3,8	13
0:07:20	22	3,9	13
0:07:30	22	4,0	13
0:07:40	22	4,2	14
0:07:50	22	4,4	14
0:08:00	22	4,6	14
0:08:10	22	4,9	15
0:08:20	22	5,3	15
0:08:30	22	5,6	14
0:08:40	22	5,8	15
0:08:50	23	5,9	15
0:09:00	23	6,0	15
0:09:10	23	6,0	15
0:09:20	23	6,1	15
0:09:30	23	6,3	15
0:09:40	23	6,4	15
0:09:50	23	6,6	15
0:10:00	24	6,6	15
0:10:10	24	6,8	15
0:10:20	24	7,0	15
0:10:30	24	7,0	15
0:10:40	25	7,1	15
0:10:50	25	7,2	15
0:11:00	25	7,4	15
0:11:10	26	7,4	15
0:11:20	26	7,6	15
0:11:30	26	7,6	15
0:11:40	26	7,8	15
0:11:50	27	8,0	15
0:12:00	27	8,0	15
0:12:10	27	8,2	15
0:12:20	28	8,1	15
0:12:30	28	8,3	15
0:12:40	28	8,5	15
0:12:50	28	8,4	15
0:13:00	29	8,7	15
0:13:10	29	8,7	15
0:13:20	29	8,9	15
0:13:30	29	9,1	15
0:13:40	30	9,1	15
0:13:50	30	9,3	15
0:14:00	30	9,3	15
0:14:10	31	9,5	15
0:14:20	31	9,4	15
0:14:30	31	9,7	15
0:14:40	31	9,9	15
0:14:50	32	9,8	15
0:15:00	32	10,0	15
0:15:10	32	10,2	15
0:15:20	32	10,1	15
0:15:30	33	10,3	15
0:15:40	33	10,5	15
0:15:50	33	10,7	15
0:16:00	33	10,6	15
0:16:10	34	10,8	15
0:16:20	34	11,0	15
0:16:30	34	10,9	15
0:16:40	34	11,1	15
0:16:50	35	11,3	15
0:17:00	35	11,2	15
0:17:10	35	11,4	15
0:17:20	35	11,6	15
0:17:30	36	11,5	15
0:17:40	36	11,7	15
0:17:50	36	11,9	15
0:18:00	36	12,1	15
0:18:10	37	12,3	15
0:18:20	37	12,2	15
0:18:30	37	12,4	15
0:18:40	37	12,3	15
0:18:50	38	12,5	15
0:19:00	38	12,7	15
0:19:10	38	12,9	15
0:19:20	38	12,7	15
0:19:30	39	13,0	15
0:19:40	39	13,2	15
0:19:50	39	13,4	15
0:20:00	39	13,3	15
0:20:10	39	13,5	15
0:20:20	40	13,7	15
0:20:30	40	13,6	15
0:20:40	40	13,8	15
0:20:50	40	14,0	15
0:21:00	41	13,9	15
0:21:10	41	14,2	15
0:21:20	41	14,4	15
0:21:30	41	14,3	15
0:21:40	42	14,5	15
0:21:50	42	14,8	15
0:22:00	42	14,6	15
0:22:10	42	14,8	15
0:22:20	43	15,0	15
0:22:30	43	15,0	15
0:22:40	43	15,2	15
0:22:50	43	15,4	15
0:23:00	44	15,2	15
0:23:10	44	15,4	15
0:23:20	44	15,6	14
0:23:30	44	15,7	14
0:23:40	44	15,9	14
0:23:50	45	16,1	14
0:24:00	45	15,9	15
0:24:10	45	16,1	15
0:24:20	45	16,3	15
0:24:30	46	16,6	15
0:24:40	46	16,3	15
0:24:50	46	16,6	14
0:25:00	46	16,8	14
0:25:10	47	17,1	14
0:25:20	47	16,9	14
0:25:30	47	17,0	14
0:25:40	47	17,1	14
0:25:50	47	17,3	14
0:26:00	48	17,5	14
0:26:10	48	17,7	14
0:26:20	48	17,5	14
0:26:30	48	17,7	14
0:26:40	49	18,0	14
0:26:50	49	18,2	14
0:27:00	49	17,9	14
0:27:10	49	18,1	14
0:27:20	49	18,3	14
0:27:30	50	18,5	14
0:27:40	50	18,7	14
0:27:50	50	18,5	13
0:28:00	50	18,7	13
0:28:10	51	18,8	13
0:28:20	51	19,0	13
0:28:30	51	19,2	13
0:28:40	51	19,4	13
0:28:50	51	19,0	13
0:29:00	52	19,3	13
0:29:10	52	19,6	13
0:29:20	52	19,8	13
0:29:30	52	19,6	13
0:29:40	53	19,8	13
0:29:50	53	20,0	13
0:30:00	53	20,2	13
0:30:10	53	20,3	13
0:30:20	54	20,5	13
0:30:30	54	20,7	13
0:30:40	54	20,3	13
0:30:50	54	20,5	13
0:31:00	54	20,6	13
0:31:10	55	20,8	13
0:31:20	55	20,9	13
0:31:30	55	21,1	13
0:31:40	55	21,5	13
0:31:50	56	21,1	14
0:32:00	56	21,3	14
0:32:10	56	21,6	14
0:32:20	56	21,8	14
0:32:30	56	22,0	14
0:32:40	57	21,7	14
0:32:50	57	21,9	14
0:33:00	57	22,1	14
0:33:10	57	22,3	14
0:33:20	58	22,5	14
0:33:30	58	22,7	14
0:33:40	58	22,2	14
0:33:50	58	22,5	14
0:34:00	58	22,8	14
0:34:10	59	22,9	14
0:34:20	59	23,1	14
0:34:30	59	23,3	14
0:34:40	59	22,8	13
0:34:50	60	23,0	13
0:35:00	60	23,2	13
0:35:10	60	23,5	13
0:35:20	60	23,7	13
0:35:30	61	23,9	13
0:35:40	61	24,3	13
0:35:50	61	23,8	13
0:36:00	61	23,9	13
0:36:10	61	24,1	13
0:36:20	62	24,4	13
0:36:30	62	24,6	13
0:36:40	62	24,8	13
0:36:50	62	25,0	13
0:37:00	63	25,1	13
0:37:10	63	24,6	13
0:37:20	63	24,8	13
0:37:30	63	25,0	13
0:37:40	64	25,3	13
0:37:50	64	25,6	13
0:38:00	64	25,8	13
0:38:10	64	25,5	13
0:38:20	64	25,8	14
0:38:30	65	25,9	13
0:38:40	65	26,0	13
0:38:50	65	26,3	13
0:39:00	65	26,5	13
0:39:10	66	26,6	13
0:39:20	66	26,3	13
0:39:30	66	26,5	13
0:39:40	66	26,7	13
0:39:50	66	26,9	13
0:40:00	67	27,1	13
0:40:10	67	26,6	13
0:40:20	67	26,8	13
0:40:30	67	27,0	13
0:40:40	68	27,2	13
0:40:50	68	27,4	13
0:41:00	68	27,6	13
0:41:10	68	27,8	13
0:41:20	68	28,0	13
0:41:30	69	28,2	13
0:41:40	69	27,7	13
0:41:50	69	28,0	13
0:42:00	69	28,2	13
0:42:10	70	28,2	13
0:42:20	70	28,4	13
0:42:30	70	28,8	13
0:42:40	70	28,2	13
0:42:50	70	28,4	13
0:43:00	71	28,6	13
0:43:10	71	28,8	13
0:43:20	71	28,2	13
0:43:30	71	28,5	13
0:43:40	72	28,7	13
0:43:50	72	28,0	13
0:44:00	72	28,3	13
0:44:10	72	28,7	13
0:44:20	73	28,2	13
0:44:30	73	28,5	13
0:44:40	73	28,6	13
0:44:50	73	28,9	13
0:45:00	73	28,3	13
0:45:10	74	28,5	13
0:45:20	74	28,6	13
0:45:30	74	28,7	13
0:45:40	74	28,8	13
0:45:50	75	28,1	13
0:46:00	75	28,2	13
0:46:10	75	28,4	13
0:46:20	75	28,7	13
0:46:30	76	28,7	12
0:46:40	76	28,2	13
0:46:50	76	28,5	13
0:47:00	76	28,6	13
0:47:10	76	28,7	13
0:47:20	77	28,8	13
0:47:30	77	28,8	13
0:47:40	77	28,2	14
0:47:50	77	28,3	14
0:48:00	77	28,3	14
0:48:10	78	28,4	14
0:48:20	78	28,3	14
0:48:30	78	28,2	14
0:48:40	78	28,3	14
0:48:50	78	28,1	13
0:49:00	78	28,0	13
0:49:10	78	28,0	13
0:49:20	78	28,0	13
0:49:30	78	28,0	13
0:49:40	78	27,9	13
0:49:50	78	27,8	13
0:50:00	79	27,8	13
0:50:10	79	27,9	13
0:50:20	79	27,8	13
0:50:30	79	27,8	12
0:50:40	79	27,8	12
0:50:50	79	27,8	12
0:51:00	79	27,7	12
0:51:10	79	27,8	12
0:51:20	79	27,8	12
0:51:30	78	27,8	12
0:51:40	78	27,8	12
0:51:50	78	28,1	12
0:52:00	78	28,1	12
0:52:10	78	28,0	12
0:52:20	78	27,9	12
0:52:30	78	27,9	12
0:52:40	78	27,9	12
0:52:50	78	28,0	12
0:53:00	78	28,0	12
0:53:10	78	28,0	12
0:53:20	78	27,9	12
0:53:30	78	27,9	12
0:53:40	78	27,8	12
0:53:50	78	27,8	12
0:54:00	78	27,8	12
0:54:10	78	27,8	12
0:54:20	78	28,2	12
0:54:30	78	28,2	12
0:54:40	78	28,2	12
0:54:50	78	28,1	12
0:55:00	78	28,2	12
0:55:10	78	28,1	12
0:55:20	78	28,1	12
0:55:30	78	28,2	12
0:55:40	78	28,1	12
0:55:50	78	28,1	12
0:56:00	78	28,1	12
0:56:10	77	28,1	12
0:56:20	77	28,1	12
0:56:30	77	28,1	12
0:56:40	77	28,0	13
0:56:50	77	28,0	13
0:57:00	77	28,0	13
0:57:10	77	28,0	13
0:57:20	77	28,0	13
0:57:30	77	28,0	13
0:57:40	77	28,0	13
0:57:50	77	28,0	13
0:58:00	77	28,0	12
0:58:10	77	28,0	12
0:58:20	77	28,0	12
0:58:30	77	28,0	12
0:58:40	77	28,1	12
0:58:50	77	28,1	12
0:59:00	77	28,1	12
0:59:10	77	28,1	12
0:59:20	77	27,9	12
0:59:30	77	27,9	12
0:59:40	77	28,1	12
0:59:50	77	28,0	12
1:00:00	77	28,0	12
1:00:10	77	28,0	12
1:00:20	77	28,0	12
1:00:30	77	28,0	12
1:00:40	77	28,0	12
1:00:50	77	28,0	12
1:01:00	77	28,1	12
1:01:10	77	28,1	12
1:01:20	77	28,2	12
1:01:30	77	28,1	12
1:01:40	77	28,1	12
1:01:50	77	28,1	12
1:02:00	77	28,1	12
1:02:10	77	28,1	12
1:02:20	77	28,1	12
1:02:30	77	28,1	12
1:02:40	77	28,1	12
1:02:50	77	28,1	12
1:03:00	77	28,1	12
1:03:10	77	28,1	12
1:03:20	77	28,1	12
1:03:30	77	28,1	12
1:03:40	77	28,1	12
1:03:50	77	28,2	12
1:04:00	77	28,1	12
1:04:10	77	28,1	12
1:04:20	77	28,2	12
1:04:30	77	28,2	12
1:04:40	77	28,2	12
1:04:50	77	28,2	12
1:05:00	77	28,2	12
1:05:10	77	28,2	12
1:05:20	77	28,2	12
1:05:30	77	28,3	12
1:05:40	77	28,3	12
1:05:50	77	28,3	12
1:06:00	77	28,3	12
1:06:10	76	28,3	12
1:06:20	76	28,0	12
1:06:30	76	28,1	12
1:06:40	76	28,1	12
1:06:50	76	28,3	12
1:07:00	76	28,2	12
1:07:10	76	28,3	12
1:07:20	76	28,3	12
1:07:30	76	28,3	12
1:07:40	76	28,3	12
1:07:50	76	28,3	12
1:08:00	76	28,3	12
1:08:10	76	28,3	12
1:08:20	76	28,3	12
1:08:30	76	28,3	12
1:08:40	76	28,3	12
1:08:50	76	28,4	13
1:09:00	76	28,3	13
1:09:10	76	28,4	13
1:09:20	76	28,5	13
1:09:30	76	28,5	13
1:09:40	76	28,5	13
1:09:50	76	28,5	13
1:10:00	76	28,5	13
1:10:10	76	28,5	13
1:10:20	76	28,4	13
1:10:30	76	28,5	13
1:10:40	76	28,5	13
1:10:50	76	28,4	13
1:11:00	76	28,4	13
1:11:10	76	28,4	13
1:11:20	76	28,4	13
1:11:30	76	28,4	13
1:11:40	76	28,5	13
1:11:50	76	28,4	13
1:12:00	76	28,5	13
1:12:10	76	28,5	13
1:12:20	76	28,5	13
1:12:30	76	28,5	13
1:12:40	76	28,5	13
1:12:50	76	28,5	13
1:13:00	76	28,5	13
1:13:10	76	28,5	13
1:13:20	76	28,5	13
1:13:30	76	28,5	13
1:13:40	76	28,5	13
1:13:50	76	28,6	13
1:14:00	76	28,5	13
1:14:10	76	28,6	13
1:14:20	76	28,6	13
1:14:30	76	28,6	13
1:14:40	76	28,6	13
1:14:50	76	28,6	13
1:15:00	76	28,6	13
1:15:10	76	28,6	13
1:15:20	76	28,6	13
1:15:30	76	28,5	13
1:15:40	76	28,6	13
1:15:50	76	28,6	13
1:16:00	76	28,6	13
1:16:10	76	28,6	13
1:16:20	76	28,6	13
1:16:30	76	28,5	13
1:16:40	76	28,6	13
1:16:50	76	28,6	13
1:17:00	76	28,6	13
1:17:10	76	28,6	13
1:17:20	76	28,6	13
1:17:30	76	28,6	13
1:17:40	76	28,6	13
1:17:50	76	28,6	13
1:18:00	76	28,6	13
1:18:10	76	28,6	13
1:18:20	76	28,6	13
1:18:30	76	28,6	13
1:18:40	76	28,7	13
1:18:50	76	28,7	13
1:19:00	76	28,7	13
1:19:10	76	28,7	13
1:19:20	76	28,7	13
1:19:30	76	28,7	13
1:19:40	76	28,7	13
1:19:50	76	28,7	13
1:20:00	76	28,7	13
1:20:10	76	28,7	13
1:20:20	76	28,7	13
1:20:30	76	28,7	13
1:20:40	76	28,7	13
1:20:50	76	28,7	13
1:21:00	76	28,7	13
1:21:10	76	28,7	13
1:21:20	76	28,7	13
1:21:30	76	28,8	13
1:21:40	76	28,7	13
1:21:50	76	28,8	13
1:22:00	76	28,7	13
1:22:10	76	28,7	13
1:22:20	76	28,8	13
1:22:30	76	28,7	13
1:22:40	76	28,7	13
1:22:50	76	28,8	13
1:23:00	76	28,8	13
1:23:10	76	28,1	13
1:23:20	76	28,1	13
1:23:30	76	28,2	13
1:23:40	76	28,2	13
1:23:50	76	28,2	13
1:24:00	76	28,2	13
1:24:10	76	28,2	13
1:24:20	76	28,2	13
1:24:30	76	28,2	13
1:24:40	76	28,2	13
1:24:50	76	28,2	13
1:25:00	76	28,2	13
1:25:10	76	28,2	13
1:25:20	76	28,2	13
1:25:30	76	28,2	13
1:25:40	76	28,2	13
1:25:50	76	28,2	13
1:26:00	76	28,2	13
1:26:10	76	28,2	13
1:26:20	76	28,2	13
1:26:30	76	28,1	13
1:26:40	76	28,2	13
1:26:50	76	28,2	13
1:27:00	76	28,2	13
1:27:10	76	28,2	13
1:27:20	76	28,2	13
1:27:30	76	28,2	13
1:27:40	76	28,3	13
1:27:50	76	28,2	13
1:28:00	76	28,2	13
1:28:10	76	28,3	13
1:28:20	76	28,2	13
1:28:30	76	28,2	13
1:28:40	76	28,2	13
1:28:50	76	28,2	13
1:29:00	76	28,3	13
1:29:10	76	28,3	13
1:29:20	76	28,3	13
1:29:30	76	28,2	13
1:29:40	76	28,2	13
1:29:50	76	28,3	13
1:30:00	76	28,3	13
1:30:10	76	28,3	13
1:30:20	76	28,2	13
1:30:30	76	28,3	13
1:30:40	76	28,2	13
1:30:50	76	28,2	13
1:31:00	76	28,2	13
1:31:10	76	28,2	13
1:31:20	76	28,1	13
1:31:30	76	28,2	13
1:31:40	76	28,2	13
1:31:50	76	28,2	13
1:32:00	76	28,2	13
1:32:10	76	28,3	13
1:32:20	76	28,2	13
1:32:30	76	28,2	13
1:32:40	76	28,3	13
1:32:50	76	28,3	13
1:33:00	76	28,3	13
1:33:10	76	28,3	13
1:33:20	76	28,3	13
1:33:30	76	28,3	13
1:33:40	76	28,2	13
1:33:50	76	28,3	13
1:34:00	76	28,3	13
1:34:10	76	28,3	12
1:34:20	76	28,3	13
1:34:30	76	28,3	12
1:34:40	76	28,3	13
1:34:50	76	28,3	13
1:35:00	76	28,3	12
1:35:10	76	28,3	13
1:35:20	76	28,3	13
1:35:30	76	28,4	13
1:35:40	76	28,4	13
1:35:50	76	28,4	13
1:36:00	76	28,4	13
1:36:10	76	28,4	13
1:36:20	76	28,4	13
1:36:30	76	28,4	13
1:36:40	76	28,3	13
1:36:50	76	28,3	13
1:37:00	76	28,3	13
1:37:10	76	28,2	13
1:37:20	76	28,2	13
1:37:30	76	28,2	13
1:37:40	76	28,2	13
1:37:50	76	28,2	13
1:38:00	76	28,2	13
1:38:10	76	28,2	13
1:38:20	76	28,2	13
1:38:30	76	28,2	13
1:38:40	76	28,2	13
1:38:50	76	28,1	13
1:39:00	76	28,1	13
1:39:10	76	28,1	13
1:39:20	76	28,1	13
1:39:30	76	28,0	13
1:39:40	76	28,2	13
1:39:50	76	28,1	13
1:40:00	76	28,1	13
1:40:10	76	28,0	13
1:40:20	76	28,1	13
1:40:30	76	28,1	13
1:40:40	76	28,1	13
1:40:50	76	28,1	13
1:41:00	76	28,1	13
1:41:10	76	28,1	13
1:41:20	76	28,2	13
1:41:30	76	28,2	13
1:41:40	76	28,2	13
1:41:50	76	28,2	13
1:42:00	76	28,2	13
1:42:10	76	28,2	13
1:42:20	76	28,2	13
1:42:30	76	28,2	12
1:42:40	76	28,2	12
1:42:50	76	28,2	12
1:43:00	76	28,2	12
1:43:10	76	28,2	12
1:43:20	76	28,2	12
1:43:30	76	28,2	12
1:43:40	76	28,2	12
1:43:50	76	28,2	12
1:44:00	76	28,2	12
1:44:10	76	28,2	12
1:44:20	76	28,2	12
1:44:30	76	28,2	12
1:44:40	76	28,1	12
1:44:50	76	28,1	13
1:45:00	76	28,3	13
1:45:10	76	28,2	13
1:45:20	76	28,3	13
1:45:30	76	28,3	13
1:45:40	76	28,3	13
1:45:50	76	28,3	13
1:46:00	76	28,2	13
1:46:10	76	28,3	13
1:46:20	76	28,3	13
1:46:30	76	28,3	13
1:46:40	76	28,3	13
1:46:50	76	28,3	13
1:47:00	76	28,3	13
1:47:10	76	28,3	13
1:47:20	76	28,3	13
1:47:30	76	28,4	13
1:47:40	76	28,4	13
1:47:50	76	28,3	13
1:48:00	76	28,3	13
1:48:10	76	28,3	13
1:48:20	76	28,3	13
1:48:30	76	28,3	13
1:48:40	76	28,3	13
1:48:50	76	28,3	13
1:49:00	76	28,4	13
1:49:10	76	28,4	13
1:49:20	76	28,3	13
1:49:30	76	28,3	13
1:49:40	76	28,3	13
1:49:50	76	28,3	13
1:50:00	76	28,2	13
1:50:10	76	28,2	13
1:50:20	76	28,2	13
1:50:30	76	28,2	13
1:50:40	76	28,2	13
1:50:50	76	28,2	13
1:51:00	76	28,2	13
1:51:10	76	28,2	13
1:51:20	76	28,2	13
1:51:30	76	28,3	13
1:51:40	76	28,3	13
1:51:50	76	28,2	13
1:52:00	76	28,2	13
1:52:10	76	28,2	13
1:52:20	76	28,3	13
1:52:30	76	28,3	13
1:52:40	76	28,3	13
1:52:50	76	28,3	13
1:53:00	76	28,3	13
1:53:10	76	28,3	13
1:53:20	76	28,3	13
1:53:30	76	28,3	13
1:53:40	76	28,3	13
1:53:50	76	28,4	13
1:54:00	76	28,4	13
1:54:10	76	28,4	13
1:54:20	76	28,4	13
1:54:30	76	28,4	13
1:54:40	76	28,4	13
1:54:50	76	28,4	13
1:55:00	76	28,4	13
1:55:10	76	28,4	13
1:55:20	76	28,4	13
1:55:30	76	28,4	13
1:55:40	76	28,4	13
1:55:50	76	28,4	13
1:56:00	76	28,5	13
1:56:10	76	28,5	13
1:56:20	76	28,4	13
1:56:30	76	28,4	13
1:56:40	76	28,5	13
1:56:50	76	28,5	13
1:57:00	76	28,5	13
1:57:10	76	28,5	13
1:57:20	76	28,5	13
1:57:30	76	28,5	13
1:57:40	76	28,6	13
1:57:50	76	28,6	13
1:58:00	76	28,5	13
1:58:10	76	28,4	13
1:58:20	76	28,5	13
1:58:30	76	28,5	13
1:58:40	76	28,5	13
1:58:50	76	28,6	13
1:59:00	76	28,6	13
1:59:10	76	28,5	13
1:59:20	76	28,5	13
1:59:30	76	28,5	13
1:59:40	76	28,5	13
1:59:50	76	28,5	13
2:00:00	76	28,4	13
2:00:10	76	28,6	13
2:00:20	76	28,6	13
2:00:30	76	28,6	13
2:00:40	76	28,7	13
2:00:50	76	28,6	13
2:01:00	76	28,6	13
2:01:10	76	28,6	13
2:01:20	76	28,6	13
2:01:30	76	28,6	13
2:01:40	76	28,6	13
2:01:50	76	28,6	13
2:02:00	76	28,7	13
2:02:10	76	28,7	13
2:02:20	76	28,8	13
2:02:30	76	28,7	13
2:02:40	76	28,7	13
2:02:50	76	28,7	13
2:03:00	76	28,7	13
2:03:10	76	28,8	13
2:03:20	76	28,7	13
2:03:30	76	28,7	13
2:03:40	76	28,7	13
2:03:50	76	28,7	13
2:04:00	76	28,7	13
2:04:10	76	28,7	13
2:04:20	76	28,7	13
2:04:30	76	28,7	13
2:04:40	76	28,7	13
2:04:50	76	28,6	13
2:05:00	76	28,7	13
2:05:10	76	28,7	13
2:05:20	76	28,7	13
2:05:30	76	28,7	13
2:05:40	76	28,7	13
2:05:50	76	28,7	13
2:06:00	76	28,7	13
2:06:10	76	28,8	13
2:06:20	76	28,8	13
2:06:30	76	28,8	13
2:06:40	76	28,1	12
2:06:50	76	28,1	12
2:07:00	76	28,1	12
2:07:10	76	28,1	12
2:07:20	76	28,2	12
2:07:30	76	28,2	12
2:07:40	76	28,2	12
2:07:50	76	28,2	12
2:08:00	76	28,2	12
2:08:10	76	28,2	12
2:08:20	76	28,2	12
2:08:30	76	28,2	12
2:08:40	76	28,2	12
2:08:50	76	28,2	12
2:09:00	76	28,2	12
2:09:10	76	28,2	12
2:09:20	76	28,2	12
2:09:30	76	28,1	12
2:09:40	76	28,2	11
2:09:50	76	28,2	11
2:10:00	76	28,2	11
2:10:10	76	28,2	11
2:10:20	76	28,2	11
2:10:30	76	28,2	11
2:10:40	76	28,2	11
2:10:50	76	28,2	11
2:11:00	76	28,2	11
2:11:10	76	28,2	11
2:11:20	76	28,2	11
2:11:30	76	28,2	11
2:11:40	76	28,2	11
2:11:50	76	28,2	11
2:12:00	76	28,2	11
2:12:10	76	28,2	11
2:12:20	76	28,2	11
2:12:30	76	28,2	11
2:12:40	76	28,2	11
2:12:50	76	28,2	11
2:13:00	76	28,2	11
2:13:10	76	28,2	11
2:13:20	76	28,2	11
2:13:30	76	28,2	11
2:13:40	76	28,2	11
2:13:50	76	28,2	11
2:14:00	76	28,2	11
2:14:10	76	28,2	11
2:14:20	76	28,2	11
2:14:30	76	28,1	11
2:14:40	76	28,2	12
2:14:50	76	28,2	12
2:15:00	76	28,2	12
2:15:10	76	28,2	11
2:15:20	76	28,2	11
2:15:30	76	28,2	11
2:15:40	76	28,3	11
2:15:50	76	28,3	11
2:16:00	76	28,3	11
2:16:10	76	28,2	11
2:16:20	76	28,2	11
2:16:30	76	28,2	11
2:16:40	76	28,2	11
2:16:50	76	28,2	11
2:17:00	76	28,2	11
2:17:10	76	28,2	11
2:17:20	76	28,2	11
2:17:30	76	28,2	11
2:17:40	76	28,2	11
2:17:50	76	28,2	11
2:18:00	76	28,3	11
2:18:10	76	28,2	11
2:18:20	76	28,3	11
2:18:30	76	28,0	11
2:18:40	76	28,1	11
2:18:50	76	28,2	11
2:19:00	76	28,2	11
2:19:10	76	28,1	11
2:19:20	76	28,1	11
2:19:30	76	28,1	11
2:19:40	76	28,0	11
2:19:50	76	28,1	11
2:20:00	76	28,1	11
2:20:10	76	28,1	11
2:20:20	76	28,0	12
2:20:30	76	28,1	12
2:20:40	76	27,9	12
2:20:50	76	27,9	12
2:21:00	76	27,9	12
2:21:10	76	27,9	12
2:21:20	76	28,0	12
2:21:30	76	27,9	12
2:21:40	76	27,9	12
2:21:50	76	27,9	12
2:22:00	76	27,9	12
2:22:10	76	28,0	12
2:22:20	76	28,0	12
2:22:30	76	28,0	12
2:22:40	76	28,0	12
2:22:50	76	28,0	12
2:23:00	76	28,0	12
2:23:10	76	28,0	12
2:23:20	76	28,0	12
2:23:30	76	28,1	12
2:23:40	76	28,0	12
2:23:50	76	28,1	12
2:24:00	76	28,1	12
2:24:10	76	28,1	12
2:24:20	76	28,1	12
2:24:30	76	28,0	12
2:24:40	76	28,0	12
2:24:50	76	28,1	12
2:25:00	76	28,1	12
2:25:10	76	28,0	13
2:25:20	76	28,1	13
2:25:30	76	28,1	13
2:25:40	76	28,1	13
2:25:50	76	28,1	13
2:26:00	76	28,1	13
2:26:10	76	28,1	14
2:26:20	76	28,1	14
2:26:30	76	28,1	14
2:26:40	76	28,1	14
2:26:50	76	28,0	14
2:27:00	76	27,9	14
2:27:10	76	28,0	14
2:27:20	76	28,0	14
2:27:30	76	28,1	15
2:27:40	76	28,0	15
2:27:50	76	28,0	15
2:28:00	76	28,0	15
2:28:10	76	28,1	15
2:28:20	76	28,0	15
2:28:30	76	28,0	15
2:28:40	76	28,0	15
2:28:50	76	28,0	16
2:29:00	76	28,0	16
2:29:10	76	28,1	17
2:29:20	76	28,0	17
2:29:30	76	28,0	17
2:29:40	76	28,0	17
2:29:50	76	28,1	18
2:30:00	76	28,0	18
2:30:10	76	28,0	19
2:30:20	76	28,0	19
2:30:30	76	28,1	19
2:30:40	76	28,0	19
2:30:50	76	28,0	19
2:31:00	76	28,0	19
2:31:10	76	28,0	20
2:31:20	76	28,0	20
2:31:30	76	28,0	20
2:31:40	76	27,9	20
2:31:50	76	27,9	20
2:32:00	76	27,9	20
2:32:10	76	27,9	20
2:32:20	76	27,9	20
2:32:30	76	27,8	21
2:32:40	76	27,8	21
2:32:50	76	27,9	21
2:33:00	76	27,9	21
2:33:10	76	27,9	22
2:33:20	76	27,9	22
2:33:30	76	27,9	22
2:33:40	76	27,8	23
2:33:50	76	27,8	23
2:34:00	76	27,8	23
2:34:10	76	27,9	23
2:34:20	76	27,9	24
2:34:30	76	27,9	24
2:34:40	76	27,9	24
2:34:50	76	27,9	24
2:35:00	76	28,0	25
2:35:10	76	27,9	25
2:35:20	76	27,9	25
2:35:30	76	28,0	25
2:35:40	76	28,0	25
2:35:50	76	28,1	26
2:36:00	76	28,1	26
2:36:10	76	28,1	26
2:36:20	76	28,1	26
2:36:30	76	28,0	27
2:36:40	76	28,0	28
2:36:50	76	28,1	28
2:37:00	76	28,1	28
2:37:10	76	27,9	29
2:37:20	76	27,9	28
2:37:30	76	28,0	28
2:37:40	76	27,9	29
2:37:50	76	27,9	30
2:38:00	76	28,0	30
2:38:10	76	28,0	31
2:38:20	76	27,9	31
2:38:30	76	27,9	31
2:38:40	76	27,9	32
2:38:50	76	27,9	33
2:39:00	76	27,9	33
2:39:10	76	27,9	33
2:39:20	76	27,9	33
2:39:30	76	27,9	34
2:39:40	76	27,9	34
2:39:50	76	27,9	35
2:40:00	76	27,9	35
2:40:10	76	27,9	35
2:40:20	76	27,9	35
2:40:30	76	27,9	36
2:40:40	76	27,9	37
2:40:50	76	27,8	37
2:41:00	76	28,2	37
2:41:10	76	28,2	38
2:41:20	76	28,2	39
2:41:30	76	28,2	40
2:41:40	76	28,2	40
2:41:50	76	28,2	40
2:42:00	76	28,2	41
2:42:10	76	28,2	42
2:42:20	76	28,2	43
2:42:30	76	28,2	43
2:42:40	76	28,3	44
2:42:50	76	28,2	44
2:43:00	76	28,2	45
2:43:10	76	28,2	45
2:43:20	76	28,2	45
2:43:30	76	28,2	46
2:43:40	76	28,2	48
2:43:50	76	28,1	49
2:44:00	76	28,1	50
2:44:10	76	28,1	52
2:44:20	76	28,1	53
2:44:30	76	28,1	53
2:44:40	76	28,1	54
2:44:50	76	28,1	56
2:45:00	76	28,1	57
2:45:10	76	28,1	57
2:45:20	76	28,1	59
2:45:30	76	28,1	61
2:45:40	76	28,1	62
2:45:50	76	28,1	63
2:46:00	76	28,0	64
2:46:10	76	28,0	65
2:46:20	76	28,0	68
2:46:30	76	28,0	69
2:46:40	76	28,0	70
2:46:50	76	28,0	72
