--Test Summary--
Full Path and File Name	
Instrument Name	7322
Instrument Type	Model 7322 Consistometer - Variable Speed
Instrument Serial Number	
Test Start Date	10.12.2019
Test Start Time	10:01:45
Test Stop Date	10.12.2019
Test Stop Time	10:57:29
Test Length	0:55:44
Final Sample Time Offset	0:55:44
Controller Schedule Name	
Sampling Period	1 second
Comments	
Information	WellID	
Information	Customer	
Information	EngName	
Information	CementClass	G
Information	CementMfr	—ÛıÓÈ ÀÓ„
Information	Additives	100G+100GVVS-16+5CaO+0.1LK
Information	Density	1850
Information	BHCT	15
Information	BHST	0
Information	FluidLoss	
Information	JobType	
Calculated Value	Time_30Bc	0:53:22
Calculated Value	Time_70Bc	0:55:17
Calculated Value	Time_100Bc	0:55:44
Initial Temperature (∞C)	24 ∞C
Final Temperature (∞C)	18 ∞C
Initial Pressure (MPa)	0,9 MPa
Final Pressure (MPa)	1,1 MPa
Initial Consistency (Bc)	12 Bc
Final Consistency (Bc)	105 Bc
Initial Wall Temperature (∞C)	19 ∞C
Final Wall Temperature (∞C)	15 ∞C
Initial Motor Speed (RPM)	150 RPM
Final Motor Speed (RPM)	31 RPM
--Data--
Time (HH:MM:SS)	Temperature (∞C)	Pressure (MPa)	Consistency (Bc)	Wall Temperature (∞C)	Motor Speed (RPM)
0:00:00	24	0,9	12	19	150
0:00:01	24	0,9	12	18	150
0:00:02	24	0,9	12	19	150
0:00:03	24	0,9	12	18	150
0:00:04	24	0,9	12	19	150
0:00:05	24	0,9	12	18	150
0:00:06	24	0,9	12	18	150
0:00:07	24	0,9	12	18	150
0:00:08	24	0,9	12	18	150
0:00:09	24	0,9	12	18	150
0:00:10	24	0,9	12	18	150
0:00:11	24	0,9	12	18	150
0:00:12	24	0,9	13	19	150
0:00:13	24	0,9	13	18	150
0:00:14	24	0,9	13	18	150
0:00:15	24	0,9	13	18	150
0:00:16	24	0,9	13	18	150
0:00:17	24	0,9	13	18	150
0:00:18	24	0,9	13	18	150
0:00:19	24	0,9	13	18	150
0:00:20	24	0,9	13	18	150
0:00:21	24	0,9	13	18	150
0:00:22	24	0,9	13	18	150
0:00:23	24	0,9	13	18	150
0:00:24	23	0,9	13	18	150
0:00:25	23	0,9	13	18	150
0:00:26	23	0,9	13	18	150
0:00:27	23	0,9	13	18	150
0:00:28	23	0,9	13	18	150
0:00:29	23	0,9	13	18	150
0:00:30	23	0,9	13	18	150
0:00:31	23	0,9	13	18	150
0:00:32	23	0,9	13	18	150
0:00:33	23	0,9	13	18	150
0:00:34	23	0,9	13	18	150
0:00:35	23	0,9	13	18	150
0:00:36	23	0,9	13	18	150
0:00:37	23	0,9	13	18	150
0:00:38	23	0,9	13	18	150
0:00:39	23	0,9	13	18	150
0:00:40	23	0,9	13	18	150
0:00:41	23	0,9	13	18	150
0:00:42	23	0,9	13	18	150
0:00:43	23	0,9	13	18	150
0:00:44	23	0,9	13	18	150
0:00:45	23	0,9	13	18	150
0:00:46	23	0,9	13	18	150
0:00:47	23	0,9	13	18	150
0:00:48	23	0,9	13	18	150
0:00:49	23	0,9	13	18	150
0:00:50	23	0,9	13	18	150
0:00:51	23	0,9	13	18	150
0:00:52	23	0,9	13	18	150
0:00:53	23	0,9	13	18	150
0:00:54	23	0,9	13	18	150
0:00:55	23	0,9	13	18	150
0:00:56	23	0,9	13	18	150
0:00:57	23	0,9	13	18	150
0:00:58	23	0,9	13	18	150
0:00:59	23	0,9	13	18	150
0:01:00	23	0,9	13	18	150
0:01:01	23	0,9	13	18	150
0:01:02	23	0,9	13	18	150
0:01:03	23	0,9	13	18	150
0:01:04	23	0,9	13	18	150
0:01:05	23	0,9	13	18	150
0:01:06	23	0,9	13	18	150
0:01:07	23	0,9	13	18	150
0:01:08	23	0,9	13	18	150
0:01:09	23	0,9	13	18	150
0:01:10	23	0,9	13	18	150
0:01:11	23	0,9	13	18	150
0:01:12	23	0,9	13	18	150
0:01:13	23	0,9	13	18	150
0:01:14	23	0,9	13	18	150
0:01:15	23	0,9	13	18	150
0:01:16	23	0,9	13	18	150
0:01:17	23	0,9	13	18	150
0:01:18	23	0,9	13	18	150
0:01:19	23	0,9	13	18	150
0:01:20	23	0,9	13	18	150
0:01:21	23	0,9	13	18	150
0:01:22	23	0,9	13	18	150
0:01:23	23	0,9	13	18	150
0:01:24	23	0,9	13	18	150
0:01:25	23	0,9	13	18	150
0:01:26	23	0,9	13	18	150
0:01:27	23	0,9	13	18	150
0:01:28	23	0,9	13	18	150
0:01:29	23	0,9	13	18	150
0:01:30	23	0,9	13	18	150
0:01:31	23	0,9	13	18	150
0:01:32	23	0,9	13	18	150
0:01:33	23	0,9	13	18	150
0:01:34	23	0,9	13	18	150
0:01:35	23	0,9	13	18	150
0:01:36	23	0,9	13	18	150
0:01:37	23	0,9	13	18	150
0:01:38	23	0,9	13	18	150
0:01:39	23	0,9	13	18	150
0:01:40	23	0,9	13	18	150
0:01:41	23	0,9	13	18	150
0:01:42	23	0,9	13	18	150
0:01:43	23	0,9	13	18	150
0:01:44	23	0,9	13	18	150
0:01:45	23	0,9	13	18	150
0:01:46	23	0,9	13	18	150
0:01:47	23	0,9	13	18	150
0:01:48	23	0,9	13	18	150
0:01:49	23	0,9	13	18	150
0:01:50	23	0,9	13	18	150
0:01:51	23	0,9	13	18	150
0:01:52	23	0,9	13	18	150
0:01:53	23	0,9	13	18	150
0:01:54	23	1,0	13	18	150
0:01:55	23	1,0	13	18	150
0:01:56	23	1,0	13	18	150
0:01:57	23	1,0	13	18	150
0:01:58	23	1,0	13	18	150
0:01:59	23	1,0	13	18	150
0:02:00	23	1,0	12	18	150
0:02:01	23	1,0	12	18	150
0:02:02	23	1,0	12	18	150
0:02:03	23	1,0	12	18	150
0:02:04	23	1,0	12	18	150
0:02:05	23	1,0	12	18	150
0:02:06	23	1,0	12	18	150
0:02:07	23	1,0	12	18	150
0:02:08	23	1,0	12	18	150
0:02:09	23	1,0	12	18	150
0:02:10	23	1,0	12	18	150
0:02:11	23	1,0	12	18	150
0:02:12	23	1,0	12	18	150
0:02:13	23	1,0	12	18	150
0:02:14	23	1,0	12	18	150
0:02:15	23	1,0	12	18	150
0:02:16	23	1,0	12	18	150
0:02:17	23	1,0	12	18	150
0:02:18	23	1,0	12	18	150
0:02:19	23	1,0	12	18	150
0:02:20	23	1,0	12	18	150
0:02:21	23	1,0	12	18	150
0:02:22	23	1,0	12	18	150
0:02:23	22	1,0	12	18	150
0:02:24	22	1,0	12	18	150
0:02:25	22	1,0	12	18	150
0:02:26	22	1,0	12	18	150
0:02:27	22	1,0	12	18	150
0:02:28	22	0,9	12	18	150
0:02:29	22	0,9	12	18	150
0:02:30	22	0,9	12	18	150
0:02:31	22	0,9	12	18	150
0:02:32	22	0,9	12	18	150
0:02:33	22	0,9	12	18	150
0:02:34	22	0,9	12	18	150
0:02:35	22	0,9	12	18	150
0:02:36	22	0,9	12	18	150
0:02:37	22	0,9	12	18	150
0:02:38	22	0,9	12	18	150
0:02:39	22	0,9	12	18	150
0:02:40	22	0,9	12	18	150
0:02:41	22	0,9	12	18	150
0:02:42	22	0,9	12	18	150
0:02:43	22	0,9	12	18	150
0:02:44	22	0,9	12	18	150
0:02:45	22	0,9	12	18	150
0:02:46	22	0,9	12	18	150
0:02:47	22	0,9	12	18	150
0:02:48	22	0,9	12	18	150
0:02:49	22	0,9	12	18	150
0:02:50	22	0,9	12	18	150
0:02:51	22	0,9	12	18	150
0:02:52	22	0,9	12	18	150
0:02:53	22	0,9	12	18	150
0:02:54	22	0,9	12	18	150
0:02:55	22	0,9	12	18	150
0:02:56	22	0,9	12	18	150
0:02:57	22	0,9	12	18	150
0:02:58	22	0,9	12	18	150
0:02:59	22	0,9	12	18	150
0:03:00	22	0,9	12	18	150
0:03:01	22	0,9	12	18	150
0:03:02	22	0,9	12	18	150
0:03:03	22	0,9	12	18	150
0:03:04	22	0,9	12	18	150
0:03:05	22	0,9	12	18	150
0:03:06	22	0,9	12	18	150
0:03:07	22	0,9	12	18	150
0:03:08	22	0,9	12	18	150
0:03:09	22	0,9	12	18	150
0:03:10	22	0,9	12	18	150
0:03:11	22	1,0	12	18	150
0:03:12	22	1,0	12	18	150
0:03:13	22	1,1	12	18	150
0:03:14	22	1,1	12	18	150
0:03:15	22	1,1	12	18	150
0:03:16	22	1,1	12	18	150
0:03:17	22	1,1	12	18	150
0:03:18	22	1,1	12	18	150
0:03:19	22	1,1	12	18	150
0:03:20	22	1,1	12	18	150
0:03:21	22	1,1	12	18	150
0:03:22	22	1,1	12	18	150
0:03:23	22	1,0	12	18	150
0:03:24	22	1,0	12	18	150
0:03:25	22	1,0	12	18	150
0:03:26	22	1,0	12	18	150
0:03:27	22	1,0	12	18	150
0:03:28	22	1,0	12	18	150
0:03:29	22	1,0	12	18	150
0:03:30	22	1,0	12	18	150
0:03:31	22	1,0	12	18	150
0:03:32	22	1,0	12	18	150
0:03:33	22	1,0	12	18	150
0:03:34	22	1,0	12	18	150
0:03:35	22	1,0	12	18	150
0:03:36	22	1,0	12	18	150
0:03:37	22	1,0	12	18	150
0:03:38	22	1,0	12	18	150
0:03:39	22	1,0	12	18	150
0:03:40	22	1,0	12	18	150
0:03:41	22	1,0	12	18	150
0:03:42	22	1,0	12	18	150
0:03:43	22	1,0	12	18	150
0:03:44	22	1,0	12	18	150
0:03:45	22	1,0	12	18	150
0:03:46	22	1,0	12	18	150
0:03:47	22	1,0	12	18	150
0:03:48	22	1,0	12	18	150
0:03:49	22	1,0	12	18	150
0:03:50	22	1,0	12	18	150
0:03:51	22	1,0	12	18	150
0:03:52	22	1,0	12	18	150
0:03:53	22	1,0	12	18	150
0:03:54	22	1,0	12	18	150
0:03:55	22	1,0	12	18	150
0:03:56	22	1,0	12	18	150
0:03:57	22	1,0	12	18	150
0:03:58	22	1,0	12	18	150
0:03:59	22	1,0	12	18	150
0:04:00	22	1,0	12	18	150
0:04:01	22	1,0	12	18	150
0:04:02	22	1,0	12	18	150
0:04:03	22	1,0	12	18	150
0:04:04	22	1,0	12	18	150
0:04:05	22	1,0	12	18	150
0:04:06	22	0,9	12	18	150
0:04:07	22	0,9	12	18	150
0:04:08	22	0,9	12	18	150
0:04:09	22	0,9	12	18	150
0:04:10	22	0,9	12	18	150
0:04:11	22	0,9	12	18	150
0:04:12	22	0,9	12	18	150
0:04:13	22	0,9	12	18	150
0:04:14	22	0,9	12	18	150
0:04:15	22	0,9	12	18	150
0:04:16	22	0,9	12	18	150
0:04:17	22	0,9	12	18	150
0:04:18	22	0,9	12	18	150
0:04:19	22	0,9	12	18	150
0:04:20	22	0,9	12	18	150
0:04:21	22	0,9	12	18	150
0:04:22	22	0,9	12	18	150
0:04:23	22	0,9	12	18	150
0:04:24	22	0,9	12	18	150
0:04:25	22	0,9	12	18	150
0:04:26	22	0,9	12	18	150
0:04:27	22	0,9	12	18	150
0:04:28	22	0,9	12	18	150
0:04:29	22	0,9	12	18	150
0:04:30	22	0,9	12	18	150
0:04:31	21	0,9	12	18	150
0:04:32	21	0,9	12	18	150
0:04:33	22	0,9	12	18	150
0:04:34	21	0,9	12	18	150
0:04:35	21	0,9	12	18	150
0:04:36	21	0,9	12	18	150
0:04:37	21	0,9	12	18	150
0:04:38	21	0,9	12	18	150
0:04:39	21	0,9	12	18	150
0:04:40	21	0,9	12	18	150
0:04:41	21	0,9	12	18	150
0:04:42	21	0,9	12	18	150
0:04:43	21	0,9	12	17	150
0:04:44	21	0,9	12	18	150
0:04:45	21	1,0	12	18	150
0:04:46	21	1,0	12	18	150
0:04:47	21	1,1	12	17	150
0:04:48	21	1,1	12	18	150
0:04:49	21	1,1	12	18	150
0:04:50	21	1,1	12	18	150
0:04:51	21	1,1	12	18	150
0:04:52	21	1,1	12	18	150
0:04:53	21	1,1	12	18	150
0:04:54	21	1,1	12	18	150
0:04:55	21	1,1	12	18	150
0:04:56	21	1,1	12	18	150
0:04:57	21	1,1	12	18	150
0:04:58	21	1,1	12	18	150
0:04:59	21	1,1	12	18	150
0:05:00	21	1,1	12	18	150
0:05:01	21	1,1	12	18	150
0:05:02	21	1,1	12	18	150
0:05:03	21	1,1	12	18	150
0:05:04	21	1,0	12	18	150
0:05:05	21	1,1	12	18	150
0:05:06	21	1,0	12	18	150
0:05:07	21	1,0	12	18	150
0:05:08	21	1,0	12	18	150
0:05:09	21	1,0	12	18	150
0:05:10	21	1,0	12	17	150
0:05:11	21	1,0	12	18	150
0:05:12	21	1,0	12	18	150
0:05:13	21	1,0	12	18	150
0:05:14	21	1,0	12	18	150
0:05:15	21	1,0	12	17	150
0:05:16	21	1,0	12	18	150
0:05:17	21	1,0	12	18	150
0:05:18	21	1,0	12	18	150
0:05:19	21	1,0	12	18	150
0:05:20	21	1,0	12	17	150
0:05:21	21	1,0	12	18	150
0:05:22	21	1,0	12	18	150
0:05:23	21	1,0	12	18	150
0:05:24	21	1,0	12	17	150
0:05:25	21	1,0	12	18	150
0:05:26	21	1,0	12	18	150
0:05:27	21	1,0	12	18	150
0:05:28	21	1,0	12	17	150
0:05:29	21	1,0	12	18	150
0:05:30	21	1,0	12	18	150
0:05:31	21	1,0	12	17	150
0:05:32	21	1,0	12	17	150
0:05:33	21	1,0	12	17	150
0:05:34	21	1,0	12	18	150
0:05:35	21	1,0	12	17	150
0:05:36	21	1,0	12	18	150
0:05:37	21	1,0	12	17	150
0:05:38	21	1,0	12	17	150
0:05:39	21	1,0	12	17	150
0:05:40	21	1,0	12	18	150
0:05:41	21	1,0	12	17	150
0:05:42	21	1,0	12	17	150
0:05:43	21	1,0	12	17	150
0:05:44	21	1,0	12	18	150
0:05:45	21	1,0	12	18	150
0:05:46	21	1,0	12	17	150
0:05:47	21	1,0	12	17	150
0:05:48	21	1,0	12	17	150
0:05:49	21	1,0	12	18	150
0:05:50	21	1,0	12	17	150
0:05:51	21	1,0	12	17	150
0:05:52	21	1,0	12	17	150
0:05:53	21	0,9	12	17	150
0:05:54	21	0,9	12	18	150
0:05:55	21	0,9	12	17	150
0:05:56	21	0,9	12	17	150
0:05:57	21	0,9	12	17	150
0:05:58	21	0,9	12	18	150
0:05:59	21	0,9	12	17	150
0:06:00	21	0,9	12	18	150
0:06:01	21	0,9	12	17	150
0:06:02	21	0,9	12	17	150
0:06:03	21	0,9	12	17	150
0:06:04	21	0,9	12	17	150
0:06:05	21	0,9	12	17	150
0:06:06	21	0,9	12	17	150
0:06:07	21	0,9	12	17	150
0:06:08	21	0,9	12	17	150
0:06:09	21	0,9	12	17	150
0:06:10	21	0,9	12	17	150
0:06:11	21	0,9	12	17	150
0:06:12	21	0,9	12	17	150
0:06:13	21	0,9	12	17	150
0:06:14	21	0,9	12	17	150
0:06:15	21	0,9	12	17	150
0:06:16	21	0,9	12	17	150
0:06:17	21	0,9	12	17	150
0:06:18	21	0,9	12	17	150
0:06:19	21	0,9	12	17	150
0:06:20	21	0,9	12	17	150
0:06:21	21	0,9	12	17	150
0:06:22	21	0,9	12	17	150
0:06:23	21	0,9	12	18	150
0:06:24	21	0,9	12	18	150
0:06:25	21	0,9	12	17	150
0:06:26	21	0,9	12	17	150
0:06:27	21	0,9	12	17	150
0:06:28	21	0,9	12	17	150
0:06:29	21	1,0	12	17	150
0:06:30	21	1,1	12	17	150
0:06:31	21	1,1	12	18	150
0:06:32	21	1,1	12	17	150
0:06:33	21	1,1	12	17	150
0:06:34	21	1,1	12	17	150
0:06:35	21	1,1	12	17	150
0:06:36	21	1,1	12	18	150
0:06:37	21	1,1	12	17	150
0:06:38	21	1,1	12	18	150
0:06:39	21	1,1	12	17	150
0:06:40	21	1,1	12	17	150
0:06:41	21	1,1	12	17	150
0:06:42	21	1,1	12	17	150
0:06:43	21	1,1	12	17	150
0:06:44	21	1,1	12	17	150
0:06:45	21	1,1	12	17	150
0:06:46	21	1,1	12	17	150
0:06:47	21	1,1	12	17	150
0:06:48	21	1,1	12	17	150
0:06:49	21	1,1	12	17	150
0:06:50	21	1,1	12	17	150
0:06:51	21	1,1	12	17	150
0:06:52	21	1,1	12	17	150
0:06:53	21	1,1	12	17	150
0:06:54	21	1,1	12	17	150
0:06:55	21	1,1	12	17	150
0:06:56	21	1,1	12	17	150
0:06:57	21	1,1	12	17	150
0:06:58	21	1,1	12	17	150
0:06:59	21	1,1	12	17	150
0:07:00	21	1,1	12	17	150
0:07:01	21	1,1	12	17	150
0:07:02	21	1,1	12	17	150
0:07:03	21	1,0	12	17	150
0:07:04	21	1,0	12	17	150
0:07:05	21	1,0	12	17	150
0:07:06	21	1,0	12	17	150
0:07:07	21	1,0	12	17	150
0:07:08	21	1,0	12	17	150
0:07:09	21	1,0	12	17	150
0:07:10	21	1,0	12	17	150
0:07:11	21	1,0	12	17	150
0:07:12	21	1,0	12	17	150
0:07:13	21	1,0	12	17	150
0:07:14	21	1,0	12	17	150
0:07:15	20	1,0	12	17	150
0:07:16	20	1,0	12	17	150
0:07:17	20	1,0	12	17	150
0:07:18	20	1,0	12	17	150
0:07:19	20	1,0	12	17	150
0:07:20	20	1,0	12	17	150
0:07:21	20	1,0	12	17	150
0:07:22	20	1,0	12	17	150
0:07:23	20	1,0	12	17	150
0:07:24	20	1,0	12	17	150
0:07:25	20	1,0	12	17	150
0:07:26	20	1,0	12	17	150
0:07:27	20	1,0	12	17	150
0:07:28	20	1,0	12	17	150
0:07:29	20	1,0	12	17	150
0:07:30	20	1,0	12	17	150
0:07:31	20	1,0	12	17	150
0:07:32	20	1,0	12	17	150
0:07:33	20	1,0	12	17	150
0:07:34	20	1,0	12	17	150
0:07:35	20	1,0	12	17	150
0:07:36	20	1,0	12	17	150
0:07:37	20	1,0	12	17	150
0:07:38	20	1,0	12	17	150
0:07:39	20	1,0	12	17	150
0:07:40	20	1,0	12	17	150
0:07:41	20	1,0	12	17	150
0:07:42	20	1,0	12	17	150
0:07:43	20	1,0	12	17	150
0:07:44	20	1,0	12	17	150
0:07:45	20	1,0	12	17	150
0:07:46	20	1,0	12	17	150
0:07:47	20	1,0	12	17	150
0:07:48	20	1,0	12	17	150
0:07:49	20	1,0	12	17	150
0:07:50	20	1,0	12	17	150
0:07:51	20	1,0	12	17	150
0:07:52	20	1,0	12	17	150
0:07:53	20	1,0	12	17	150
0:07:54	20	1,0	12	17	150
0:07:55	20	1,0	12	17	150
0:07:56	20	1,0	12	17	150
0:07:57	20	1,0	12	17	150
0:07:58	20	1,0	12	17	150
0:07:59	20	0,9	12	17	150
0:08:00	20	0,9	12	17	150
0:08:01	20	0,9	12	17	150
0:08:02	20	0,9	12	17	150
0:08:03	20	0,9	12	17	150
0:08:04	20	0,9	12	17	150
0:08:05	20	0,9	12	17	150
0:08:06	20	0,9	12	17	150
0:08:07	20	0,9	12	17	150
0:08:08	20	0,9	12	17	150
0:08:09	20	0,9	12	17	150
0:08:10	20	0,9	12	17	150
0:08:11	20	0,9	12	17	150
0:08:12	20	0,9	12	17	150
0:08:13	20	0,9	12	17	150
0:08:14	20	0,9	12	17	150
0:08:15	20	0,9	12	17	150
0:08:16	20	0,9	12	17	150
0:08:17	20	0,9	12	17	150
0:08:18	20	0,9	12	17	150
0:08:19	20	0,9	12	17	150
0:08:20	20	0,9	12	17	150
0:08:21	20	0,9	12	17	150
0:08:22	20	0,9	12	17	150
0:08:23	20	0,9	12	17	150
0:08:24	20	0,9	12	17	150
0:08:25	20	0,9	12	17	150
0:08:26	20	0,9	12	17	150
0:08:27	20	1,0	12	17	150
0:08:28	20	1,0	12	17	150
0:08:29	20	1,0	12	17	150
0:08:30	20	1,0	12	17	150
0:08:31	20	1,0	12	17	150
0:08:32	20	1,0	12	17	150
0:08:33	20	1,0	12	17	150
0:08:34	20	1,0	12	17	150
0:08:35	20	1,0	12	17	150
0:08:36	20	1,0	12	17	150
0:08:37	20	1,0	12	17	150
0:08:38	20	1,0	12	17	150
0:08:39	20	1,0	12	17	150
0:08:40	20	1,0	12	17	150
0:08:41	20	1,0	12	17	150
0:08:42	20	1,0	12	17	150
0:08:43	20	1,0	12	17	150
0:08:44	20	1,0	12	17	150
0:08:45	20	1,0	12	17	150
0:08:46	20	1,0	12	17	150
0:08:47	20	1,0	12	17	150
0:08:48	20	1,0	12	17	150
0:08:49	20	1,0	12	17	150
0:08:50	20	1,0	12	17	150
0:08:51	20	1,0	12	17	150
0:08:52	20	1,0	12	17	150
0:08:53	20	1,0	12	17	150
0:08:54	20	1,0	12	17	150
0:08:55	20	1,0	12	17	150
0:08:56	20	1,0	12	17	150
0:08:57	20	0,9	12	17	150
0:08:58	20	0,9	12	17	150
0:08:59	20	0,9	12	17	150
0:09:00	20	0,9	12	17	150
0:09:01	20	0,9	12	17	150
0:09:02	20	0,9	12	17	150
0:09:03	20	0,9	12	17	150
0:09:04	20	0,9	12	17	150
0:09:05	20	0,9	12	17	150
0:09:06	20	0,9	12	17	150
0:09:07	20	0,9	12	17	150
0:09:08	20	0,9	12	17	150
0:09:09	20	0,9	12	17	150
0:09:10	20	0,9	12	17	150
0:09:11	20	0,9	12	17	150
0:09:12	20	0,9	12	17	150
0:09:13	20	0,9	12	17	150
0:09:14	20	0,9	12	17	150
0:09:15	20	0,9	12	17	150
0:09:16	20	0,9	12	17	150
0:09:17	20	0,9	12	17	150
0:09:18	20	0,9	12	17	150
0:09:19	20	0,9	12	17	150
0:09:20	20	1,0	12	17	150
0:09:21	20	1,1	12	17	150
0:09:22	20	1,1	12	17	150
0:09:23	20	1,1	12	17	150
0:09:24	20	1,1	12	17	150
0:09:25	20	1,1	12	17	150
0:09:26	20	1,1	12	17	150
0:09:27	20	1,1	12	17	150
0:09:28	20	1,1	12	17	150
0:09:29	20	1,1	12	17	150
0:09:30	20	1,1	12	17	150
0:09:31	20	1,1	12	17	150
0:09:32	20	1,1	12	17	150
0:09:33	20	1,1	12	17	150
0:09:34	20	1,1	12	17	150
0:09:35	20	1,1	12	17	150
0:09:36	20	1,1	12	17	150
0:09:37	20	1,1	12	17	150
0:09:38	20	1,1	12	17	150
0:09:39	20	1,1	12	17	150
0:09:40	20	1,1	12	17	150
0:09:41	20	1,1	12	17	150
0:09:42	20	1,1	12	17	150
0:09:43	20	1,0	12	17	150
0:09:44	20	1,0	12	17	150
0:09:45	20	1,0	12	17	150
0:09:46	20	1,0	12	17	150
0:09:47	20	1,0	12	17	150
0:09:48	20	1,0	12	17	150
0:09:49	20	1,0	12	17	150
0:09:50	20	1,0	12	17	150
0:09:51	20	1,0	12	17	150
0:09:52	20	1,0	12	17	150
0:09:53	20	1,0	12	17	150
0:09:54	20	1,0	12	17	150
0:09:55	20	1,0	12	17	150
0:09:56	20	1,0	12	17	150
0:09:57	20	1,0	12	17	150
0:09:58	20	1,0	12	17	150
0:09:59	20	1,0	12	17	150
0:10:00	20	1,0	12	17	150
0:10:01	20	1,0	12	17	150
0:10:02	20	1,0	12	17	150
0:10:03	20	1,0	12	17	150
0:10:04	20	1,0	12	17	150
0:10:05	20	1,0	12	17	150
0:10:06	20	1,0	12	17	150
0:10:07	20	1,0	12	17	150
0:10:08	20	1,0	12	17	150
0:10:09	20	1,0	12	17	150
0:10:10	20	1,0	12	17	150
0:10:11	20	1,0	12	17	150
0:10:12	20	1,0	12	17	150
0:10:13	20	1,0	12	17	150
0:10:14	20	1,0	12	17	150
0:10:15	20	1,0	12	17	150
0:10:16	20	1,0	12	17	150
0:10:17	20	1,0	12	17	150
0:10:18	20	1,0	12	17	150
0:10:19	20	1,0	12	17	150
0:10:20	20	1,0	12	17	150
0:10:21	20	1,0	12	17	150
0:10:22	20	1,0	12	17	150
0:10:23	20	1,0	12	17	150
0:10:24	20	1,0	12	17	150
0:10:25	20	1,0	12	17	150
0:10:26	20	1,0	12	17	150
0:10:27	20	1,0	12	17	150
0:10:28	20	1,0	12	17	150
0:10:29	20	1,0	12	17	150
0:10:30	20	1,0	12	17	150
0:10:31	20	1,0	12	17	150
0:10:32	20	1,0	12	17	150
0:10:33	20	1,0	12	17	150
0:10:34	20	1,0	12	17	150
0:10:35	20	1,0	12	17	150
0:10:36	20	1,0	12	17	150
0:10:37	20	1,0	12	17	150
0:10:38	20	1,0	12	17	150
0:10:39	20	1,0	12	17	150
0:10:40	20	1,0	12	17	150
0:10:41	20	1,0	12	17	150
0:10:42	20	1,0	12	17	150
0:10:43	20	1,0	12	17	150
0:10:44	20	1,0	12	17	150
0:10:45	20	1,0	12	17	150
0:10:46	20	1,0	12	17	150
0:10:47	20	1,0	12	17	150
0:10:48	19	1,0	12	17	150
0:10:49	20	0,9	12	17	150
0:10:50	20	1,0	12	17	150
0:10:51	20	0,9	12	17	150
0:10:52	20	0,9	12	17	150
0:10:53	20	0,9	12	17	150
0:10:54	20	0,9	12	17	150
0:10:55	20	0,9	12	17	150
0:10:56	19	0,9	12	17	150
0:10:57	19	0,9	12	17	150
0:10:58	19	0,9	12	17	150
0:10:59	19	0,9	12	17	150
0:11:00	19	0,9	12	17	150
0:11:01	19	0,9	12	17	150
0:11:02	19	1,0	12	17	150
0:11:03	19	1,0	12	17	150
0:11:04	19	1,1	12	17	150
0:11:05	19	1,1	12	17	150
0:11:06	19	1,1	12	17	150
0:11:07	19	1,1	12	17	150
0:11:08	19	1,1	12	17	150
0:11:09	19	1,1	12	17	150
0:11:10	19	1,1	12	17	150
0:11:11	19	1,1	12	17	150
0:11:12	19	1,1	12	17	150
0:11:13	19	1,1	12	17	150
0:11:14	19	1,1	12	17	150
0:11:15	19	1,0	12	17	150
0:11:16	19	1,0	12	17	150
0:11:17	19	1,0	12	17	150
0:11:18	19	1,0	12	17	150
0:11:19	19	1,0	12	17	150
0:11:20	19	1,0	12	17	150
0:11:21	19	1,0	12	17	150
0:11:22	19	1,0	12	17	150
0:11:23	19	1,0	12	17	150
0:11:24	19	1,0	12	17	150
0:11:25	19	1,0	12	17	150
0:11:26	19	1,0	12	17	150
0:11:27	19	1,0	12	17	150
0:11:28	19	1,0	12	17	150
0:11:29	19	1,0	12	17	150
0:11:30	19	1,0	12	17	150
0:11:31	19	1,0	12	17	150
0:11:32	19	1,0	12	17	150
0:11:33	19	1,0	12	17	150
0:11:34	19	1,0	12	17	150
0:11:35	19	1,0	12	17	150
0:11:36	19	1,0	12	17	150
0:11:37	19	1,0	12	17	150
0:11:38	19	1,0	12	17	150
0:11:39	19	1,0	12	17	150
0:11:40	19	1,0	12	17	150
0:11:41	19	1,0	12	17	150
0:11:42	19	1,0	12	17	150
0:11:43	19	1,0	12	17	150
0:11:44	19	1,0	12	17	150
0:11:45	19	1,0	12	17	150
0:11:46	19	1,0	12	17	150
0:11:47	19	1,0	12	17	150
0:11:48	19	1,0	12	17	150
0:11:49	19	1,0	12	17	150
0:11:50	19	1,0	12	17	150
0:11:51	19	1,0	12	17	150
0:11:52	19	1,0	12	17	150
0:11:53	19	1,0	12	17	150
0:11:54	19	1,0	12	17	150
0:11:55	19	1,0	12	17	150
0:11:56	19	1,0	12	17	150
0:11:57	19	1,0	12	17	150
0:11:58	19	1,0	12	17	150
0:11:59	19	1,0	12	17	150
0:12:00	19	1,0	12	17	150
0:12:01	19	1,0	12	17	150
0:12:02	19	1,0	12	17	150
0:12:03	19	1,0	12	17	150
0:12:04	19	1,0	12	17	150
0:12:05	19	1,0	12	17	150
0:12:06	19	1,0	12	17	150
0:12:07	19	1,0	12	17	150
0:12:08	19	1,0	12	17	150
0:12:09	19	1,0	12	17	150
0:12:10	19	1,0	12	17	150
0:12:11	19	1,0	12	17	150
0:12:12	19	1,0	12	17	150
0:12:13	19	1,0	12	17	150
0:12:14	19	1,0	12	17	150
0:12:15	19	1,0	12	17	150
0:12:16	19	1,0	12	17	150
0:12:17	19	1,0	12	17	150
0:12:18	19	1,0	12	17	150
0:12:19	19	1,0	12	17	150
0:12:20	19	1,0	12	17	150
0:12:21	19	0,9	12	17	150
0:12:22	19	0,9	12	17	150
0:12:23	19	0,9	12	17	150
0:12:24	19	0,9	12	17	150
0:12:25	19	1,0	12	17	150
0:12:26	19	1,0	12	17	150
0:12:27	19	1,1	12	17	150
0:12:28	19	1,1	12	17	150
0:12:29	19	1,1	12	17	150
0:12:30	19	1,1	12	17	150
0:12:31	19	1,1	12	17	150
0:12:32	19	1,1	12	17	150
0:12:33	19	1,1	12	17	150
0:12:34	19	1,1	12	17	150
0:12:35	19	1,1	12	17	150
0:12:36	19	1,1	12	17	150
0:12:37	19	1,1	12	17	150
0:12:38	19	1,1	12	17	150
0:12:39	19	1,1	12	17	150
0:12:40	19	1,1	12	17	150
0:12:41	19	1,1	12	17	150
0:12:42	19	1,1	12	17	150
0:12:43	19	1,1	12	17	150
0:12:44	19	1,1	12	17	150
0:12:45	19	1,1	12	17	150
0:12:46	19	1,1	12	17	150
0:12:47	19	1,1	12	17	150
0:12:48	19	1,1	12	17	150
0:12:49	19	1,1	12	17	150
0:12:50	19	1,1	12	17	150
0:12:51	19	1,1	12	17	150
0:12:52	19	1,1	12	17	150
0:12:53	19	1,0	12	17	150
0:12:54	19	1,0	12	17	150
0:12:55	19	1,0	12	17	150
0:12:56	19	1,0	12	17	150
0:12:57	19	1,0	12	17	150
0:12:58	19	1,0	12	17	150
0:12:59	19	1,0	12	17	150
0:13:00	19	1,0	12	17	150
0:13:01	19	1,0	12	17	150
0:13:02	19	1,0	12	17	150
0:13:03	19	1,0	12	17	150
0:13:04	19	1,0	12	17	150
0:13:05	19	1,0	12	17	150
0:13:06	19	1,0	12	17	150
0:13:07	19	1,0	12	17	150
0:13:08	19	1,0	12	17	150
0:13:09	19	1,0	12	17	150
0:13:10	19	1,0	12	17	150
0:13:11	19	1,0	12	17	150
0:13:12	19	1,0	12	17	150
0:13:13	19	1,0	12	17	150
0:13:14	19	1,0	12	17	150
0:13:15	19	1,0	12	17	150
0:13:16	19	1,0	12	17	150
0:13:17	19	1,0	12	17	150
0:13:18	19	1,0	12	17	150
0:13:19	19	1,0	12	17	150
0:13:20	19	1,0	12	17	150
0:13:21	19	1,0	12	17	150
0:13:22	19	1,0	12	17	150
0:13:23	19	1,0	12	17	150
0:13:24	19	1,0	12	17	150
0:13:25	19	1,0	12	17	150
0:13:26	19	1,0	12	17	150
0:13:27	19	1,0	12	17	150
0:13:28	19	1,0	12	17	150
0:13:29	19	1,0	12	17	150
0:13:30	19	1,0	12	17	150
0:13:31	19	1,0	12	17	150
0:13:32	19	1,0	12	17	150
0:13:33	19	1,0	12	17	150
0:13:34	19	1,0	12	17	150
0:13:35	19	1,0	12	17	150
0:13:36	19	1,0	12	17	150
0:13:37	19	1,0	12	17	150
0:13:38	19	1,0	12	17	150
0:13:39	19	1,0	12	17	150
0:13:40	19	1,0	12	17	150
0:13:41	19	1,0	12	17	150
0:13:42	19	1,0	12	17	150
0:13:43	19	1,0	12	17	150
0:13:44	19	1,0	12	17	150
0:13:45	19	1,0	12	17	150
0:13:46	19	1,0	12	17	150
0:13:47	19	1,0	12	17	150
0:13:48	19	1,0	12	17	150
0:13:49	19	1,0	12	17	150
0:13:50	19	1,0	12	17	150
0:13:51	19	1,0	12	17	150
0:13:52	19	1,0	12	17	150
0:13:53	19	1,0	12	17	150
0:13:54	19	1,0	12	17	150
0:13:55	19	1,0	12	17	150
0:13:56	19	1,0	12	17	150
0:13:57	19	1,0	12	17	150
0:13:58	19	1,0	12	17	150
0:13:59	19	1,2	12	17	150
0:14:00	19	1,2	12	17	150
0:14:01	19	1,2	12	17	150
0:14:02	19	1,2	12	17	150
0:14:03	19	1,2	12	17	150
0:14:04	19	1,2	12	17	150
0:14:05	19	1,2	12	17	150
0:14:06	19	1,2	12	17	150
0:14:07	19	1,2	12	17	150
0:14:08	19	1,2	12	17	150
0:14:09	19	1,2	12	17	150
0:14:10	19	1,2	12	17	150
0:14:11	19	1,2	12	17	150
0:14:12	19	1,2	12	17	150
0:14:13	19	1,2	12	17	150
0:14:14	19	1,2	12	17	150
0:14:15	19	1,2	12	17	150
0:14:16	19	1,2	12	17	150
0:14:17	19	1,2	12	17	150
0:14:18	19	1,2	12	17	150
0:14:19	19	1,2	12	17	150
0:14:20	19	1,2	12	17	150
0:14:21	19	1,2	12	17	150
0:14:22	19	1,2	12	17	150
0:14:23	19	1,2	12	17	150
0:14:24	19	1,2	12	17	150
0:14:25	19	1,2	12	17	150
0:14:26	19	1,2	12	17	150
0:14:27	19	1,2	12	17	150
0:14:28	19	1,2	12	17	150
0:14:29	19	1,2	12	17	150
0:14:30	19	1,2	12	17	150
0:14:31	19	1,2	12	17	150
0:14:32	19	1,2	12	17	150
0:14:33	19	1,2	12	17	150
0:14:34	19	1,2	12	17	150
0:14:35	19	1,2	12	17	150
0:14:36	19	1,2	12	17	150
0:14:37	19	1,2	12	17	150
0:14:38	19	1,2	12	17	150
0:14:39	19	1,2	12	17	150
0:14:40	19	1,2	12	17	150
0:14:41	19	1,2	12	17	150
0:14:42	19	1,2	12	17	150
0:14:43	19	1,2	12	17	150
0:14:44	19	1,2	12	17	150
0:14:45	19	1,2	12	17	150
0:14:46	19	1,2	12	17	150
0:14:47	19	1,2	12	17	150
0:14:48	19	1,2	12	17	150
0:14:49	19	1,2	12	17	150
0:14:50	19	1,2	12	17	150
0:14:51	19	1,2	12	17	150
0:14:52	19	1,2	12	17	150
0:14:53	19	1,2	12	17	150
0:14:54	19	1,2	12	17	150
0:14:55	19	1,1	12	17	150
0:14:56	19	1,1	12	17	150
0:14:57	19	1,1	12	17	150
0:14:58	19	1,1	12	17	150
0:14:59	19	1,1	12	17	150
0:15:00	19	1,1	12	17	150
0:15:01	19	1,1	12	17	150
0:15:02	19	1,1	12	17	150
0:15:03	19	1,1	12	17	150
0:15:04	19	1,1	12	17	150
0:15:05	19	1,1	12	17	150
0:15:06	19	1,1	12	17	150
0:15:07	19	1,1	12	17	150
0:15:08	19	1,1	12	17	150
0:15:09	19	1,1	12	17	150
0:15:10	19	1,1	12	17	150
0:15:11	19	1,1	12	17	150
0:15:12	19	1,1	12	17	150
0:15:13	19	1,1	12	17	150
0:15:14	19	1,1	12	17	150
0:15:15	19	1,1	12	17	150
0:15:16	19	1,1	12	17	150
0:15:17	19	1,1	12	17	150
0:15:18	19	1,1	12	17	150
0:15:19	19	1,1	12	17	150
0:15:20	19	1,1	12	17	150
0:15:21	19	1,1	12	17	150
0:15:22	19	1,1	12	17	150
0:15:23	19	1,1	12	16	150
0:15:24	19	1,1	12	17	150
0:15:25	19	1,1	12	17	150
0:15:26	19	1,1	12	17	150
0:15:27	19	1,1	12	17	150
0:15:28	19	1,1	12	17	150
0:15:29	19	1,1	12	17	150
0:15:30	19	1,1	12	17	150
0:15:31	19	1,1	12	17	150
0:15:32	19	1,1	12	17	150
0:15:33	19	1,1	12	17	150
0:15:34	19	1,1	12	17	150
0:15:35	19	1,1	12	17	150
0:15:36	19	1,1	12	17	150
0:15:37	19	1,1	12	17	150
0:15:38	19	1,1	12	17	150
0:15:39	19	1,1	12	17	150
0:15:40	19	1,1	12	16	150
0:15:41	19	1,1	12	17	150
0:15:42	19	1,1	12	17	150
0:15:43	19	1,1	12	17	150
0:15:44	19	1,1	12	17	150
0:15:45	19	1,1	12	17	150
0:15:46	19	1,1	12	17	150
0:15:47	19	1,1	12	17	150
0:15:48	19	1,1	12	17	150
0:15:49	19	1,1	12	17	150
0:15:50	19	1,1	12	17	150
0:15:51	19	1,1	12	17	150
0:15:52	19	1,1	12	17	150
0:15:53	19	1,1	12	17	150
0:15:54	19	1,1	12	17	150
0:15:55	19	1,1	12	17	150
0:15:56	19	1,1	12	17	150
0:15:57	19	1,1	12	17	150
0:15:58	19	1,1	12	17	150
0:15:59	19	1,1	12	17	150
0:16:00	19	1,1	12	17	150
0:16:01	19	1,1	12	16	150
0:16:02	18	1,1	12	16	150
0:16:03	19	1,1	12	17	150
0:16:04	18	1,1	12	17	150
0:16:05	18	1,1	12	17	150
0:16:06	18	1,0	12	17	150
0:16:07	19	1,0	12	17	150
0:16:08	18	1,0	12	17	150
0:16:09	18	1,0	12	16	150
0:16:10	18	1,0	12	17	150
0:16:11	18	1,0	12	16	150
0:16:12	18	1,0	12	17	150
0:16:13	18	1,0	12	17	150
0:16:14	18	1,0	12	17	150
0:16:15	18	1,0	12	17	150
0:16:16	18	1,0	12	17	150
0:16:17	18	1,0	12	17	150
0:16:18	18	1,0	12	17	150
0:16:19	18	1,0	12	17	150
0:16:20	18	1,0	12	16	150
0:16:21	18	1,0	12	17	150
0:16:22	18	1,0	12	16	150
0:16:23	18	1,0	12	16	150
0:16:24	18	1,0	12	17	150
0:16:25	18	1,0	12	17	150
0:16:26	18	1,0	12	17	150
0:16:27	18	1,0	12	16	150
0:16:28	18	1,0	12	17	150
0:16:29	18	1,0	12	16	150
0:16:30	18	1,0	12	17	150
0:16:31	18	1,0	12	17	150
0:16:32	18	1,0	12	16	150
0:16:33	18	1,0	12	16	150
0:16:34	18	1,0	12	16	150
0:16:35	18	1,0	12	17	150
0:16:36	18	1,0	12	16	150
0:16:37	18	1,0	12	16	150
0:16:38	18	1,0	12	17	150
0:16:39	18	1,0	12	16	150
0:16:40	18	1,0	12	16	150
0:16:41	18	1,0	12	17	150
0:16:42	18	1,0	12	17	150
0:16:43	18	1,0	12	17	150
0:16:44	18	1,0	12	17	150
0:16:45	18	1,0	12	17	150
0:16:46	18	1,0	12	17	150
0:16:47	18	1,0	12	17	150
0:16:48	18	1,0	12	17	150
0:16:49	18	1,0	12	16	150
0:16:50	18	1,0	12	16	150
0:16:51	18	1,0	12	16	150
0:16:52	18	1,0	12	17	150
0:16:53	18	1,0	12	17	150
0:16:54	18	1,0	12	16	150
0:16:55	18	1,0	12	16	150
0:16:56	18	1,0	12	16	150
0:16:57	18	1,0	12	16	150
0:16:58	18	1,0	12	16	150
0:16:59	18	1,0	12	16	150
0:17:00	18	1,0	12	16	150
0:17:01	18	1,0	12	17	150
0:17:02	18	1,0	12	16	150
0:17:03	18	1,0	12	17	150
0:17:04	18	1,0	12	16	150
0:17:05	18	1,0	12	16	150
0:17:06	18	1,0	12	16	150
0:17:07	18	1,0	12	16	150
0:17:08	18	1,0	12	16	150
0:17:09	18	1,0	12	16	150
0:17:10	18	1,0	12	16	150
0:17:11	18	1,0	12	16	150
0:17:12	18	1,0	12	16	150
0:17:13	18	1,0	12	16	150
0:17:14	18	1,0	12	16	150
0:17:15	18	1,0	12	16	150
0:17:16	18	1,0	12	16	150
0:17:17	18	1,0	12	16	150
0:17:18	18	1,0	12	16	150
0:17:19	18	1,0	12	16	150
0:17:20	18	1,0	12	16	150
0:17:21	18	1,0	12	16	150
0:17:22	18	1,0	12	17	150
0:17:23	18	1,0	12	16	150
0:17:24	18	1,0	12	16	150
0:17:25	18	1,0	12	16	150
0:17:26	18	1,0	12	16	150
0:17:27	18	1,0	12	16	150
0:17:28	18	1,0	12	16	150
0:17:29	18	1,0	12	16	150
0:17:30	18	1,0	12	16	150
0:17:31	18	1,0	12	16	150
0:17:32	18	1,0	12	16	150
0:17:33	18	1,0	12	16	150
0:17:34	18	1,2	12	16	150
0:17:35	18	1,2	12	16	150
0:17:36	18	1,2	12	16	150
0:17:37	18	1,2	12	16	150
0:17:38	18	1,2	12	16	150
0:17:39	18	1,2	12	16	150
0:17:40	18	1,2	12	16	150
0:17:41	18	1,2	12	16	150
0:17:42	18	1,2	12	16	150
0:17:43	18	1,2	12	16	150
0:17:44	18	1,2	12	16	150
0:17:45	18	1,2	12	16	150
0:17:46	18	1,2	12	16	150
0:17:47	18	1,2	12	16	150
0:17:48	18	1,2	12	16	150
0:17:49	18	1,2	12	16	150
0:17:50	18	1,2	12	16	150
0:17:51	18	1,2	12	16	150
0:17:52	18	1,2	12	16	150
0:17:53	18	1,2	12	16	150
0:17:54	18	1,2	12	16	150
0:17:55	18	1,2	12	16	150
0:17:56	18	1,2	12	16	150
0:17:57	18	1,2	12	16	150
0:17:58	18	1,2	12	16	150
0:17:59	18	1,2	12	16	150
0:18:00	18	1,2	12	16	150
0:18:01	18	1,2	12	16	150
0:18:02	18	1,2	12	16	150
0:18:03	18	1,2	12	16	150
0:18:04	18	1,2	12	16	150
0:18:05	18	1,2	12	16	150
0:18:06	18	1,2	12	16	150
0:18:07	18	1,2	12	16	150
0:18:08	18	1,2	12	16	150
0:18:09	18	1,2	12	16	150
0:18:10	18	1,2	12	16	150
0:18:11	18	1,2	12	16	150
0:18:12	18	1,2	12	16	150
0:18:13	18	1,2	12	16	150
0:18:14	18	1,2	12	16	150
0:18:15	18	1,2	12	16	150
0:18:16	18	1,2	12	16	150
0:18:17	18	1,2	12	16	150
0:18:18	18	1,2	12	16	150
0:18:19	18	1,2	12	16	150
0:18:20	18	1,2	12	16	150
0:18:21	18	1,2	12	16	150
0:18:22	18	1,2	12	16	150
0:18:23	18	1,2	12	16	150
0:18:24	18	1,2	12	16	150
0:18:25	18	1,2	12	16	150
0:18:26	18	1,2	12	16	150
0:18:27	18	1,2	12	16	150
0:18:28	18	1,2	12	16	150
0:18:29	18	1,2	12	16	150
0:18:30	18	1,2	12	16	150
0:18:31	18	1,2	12	16	150
0:18:32	18	1,2	12	16	150
0:18:33	18	1,2	12	16	150
0:18:34	18	1,2	12	16	150
0:18:35	18	1,2	12	16	150
0:18:36	18	1,2	12	16	150
0:18:37	18	1,2	12	16	150
0:18:38	18	1,1	12	16	150
0:18:39	18	1,1	12	16	150
0:18:40	18	1,2	12	16	150
0:18:41	18	1,1	12	16	150
0:18:42	18	1,1	12	16	150
0:18:43	18	1,1	12	16	150
0:18:44	18	1,1	12	16	150
0:18:45	18	1,1	12	16	150
0:18:46	18	1,1	12	16	150
0:18:47	18	1,1	12	16	150
0:18:48	18	1,1	12	16	150
0:18:49	18	1,1	12	16	150
0:18:50	18	1,1	12	16	150
0:18:51	18	1,1	12	16	150
0:18:52	18	1,1	12	16	150
0:18:53	18	1,1	12	16	150
0:18:54	18	1,1	12	16	150
0:18:55	18	1,1	12	16	150
0:18:56	18	1,1	12	16	150
0:18:57	18	1,1	12	16	150
0:18:58	18	1,1	12	16	150
0:18:59	18	1,1	12	16	150
0:19:00	18	1,1	12	16	150
0:19:01	18	1,1	12	16	150
0:19:02	18	1,1	12	16	150
0:19:03	18	1,1	12	16	150
0:19:04	18	1,1	12	16	150
0:19:05	18	1,1	12	16	150
0:19:06	18	1,1	12	16	150
0:19:07	18	1,1	12	16	150
0:19:08	18	1,1	12	16	150
0:19:09	18	1,1	12	16	150
0:19:10	18	1,1	12	16	150
0:19:11	18	1,1	12	16	150
0:19:12	18	1,1	12	16	150
0:19:13	18	1,1	12	16	150
0:19:14	18	1,1	12	16	150
0:19:15	18	1,1	12	16	150
0:19:16	18	1,1	12	16	150
0:19:17	18	1,1	12	16	150
0:19:18	18	1,1	12	16	150
0:19:19	18	1,1	12	16	150
0:19:20	18	1,1	12	16	150
0:19:21	18	1,1	12	16	150
0:19:22	18	1,1	12	16	150
0:19:23	18	1,1	12	16	150
0:19:24	18	1,1	12	16	150
0:19:25	18	1,1	12	16	150
0:19:26	18	1,1	12	16	150
0:19:27	18	1,1	12	16	150
0:19:28	18	1,1	12	16	150
0:19:29	18	1,1	12	16	150
0:19:30	18	1,1	12	16	150
0:19:31	18	1,1	12	16	150
0:19:32	18	1,1	12	16	150
0:19:33	18	1,1	12	16	150
0:19:34	18	1,1	12	16	150
0:19:35	18	1,1	12	16	150
0:19:36	18	1,1	12	16	150
0:19:37	18	1,1	12	16	150
0:19:38	18	1,1	12	16	150
0:19:39	18	1,1	12	16	150
0:19:40	18	1,1	12	16	150
0:19:41	18	1,1	12	16	150
0:19:42	18	1,1	12	16	150
0:19:43	18	1,1	12	16	150
0:19:44	18	1,1	12	16	150
0:19:45	18	1,1	12	16	150
0:19:46	18	1,1	12	16	150
0:19:47	18	1,1	12	16	150
0:19:48	18	1,1	12	16	150
0:19:49	18	1,1	12	16	150
0:19:50	18	1,1	12	16	150
0:19:51	18	1,1	12	16	150
0:19:52	18	1,1	12	16	150
0:19:53	18	1,1	12	16	150
0:19:54	18	1,1	12	16	150
0:19:55	18	1,1	12	16	150
0:19:56	18	1,1	12	16	150
0:19:57	18	1,1	12	16	150
0:19:58	18	1,1	12	16	150
0:19:59	18	1,0	12	16	150
0:20:00	18	1,0	12	16	150
0:20:01	18	1,0	12	16	150
0:20:02	18	1,0	12	16	150
0:20:03	18	1,0	12	16	150
0:20:04	18	1,0	12	16	150
0:20:05	18	1,0	12	16	150
0:20:06	18	1,0	12	16	150
0:20:07	18	1,0	12	16	150
0:20:08	18	1,0	12	16	150
0:20:09	18	1,0	12	16	150
0:20:10	18	1,0	12	16	150
0:20:11	18	1,0	12	16	150
0:20:12	18	1,0	12	16	150
0:20:13	18	1,0	12	16	150
0:20:14	18	1,0	12	16	150
0:20:15	18	1,0	12	16	150
0:20:16	18	1,0	12	16	150
0:20:17	18	1,0	12	16	150
0:20:18	18	1,0	12	16	150
0:20:19	18	1,0	12	16	150
0:20:20	18	1,0	12	16	150
0:20:21	18	1,0	12	16	150
0:20:22	18	1,0	12	16	150
0:20:23	18	1,0	12	16	150
0:20:24	18	1,0	12	16	150
0:20:25	18	1,0	12	16	150
0:20:26	18	1,0	12	16	150
0:20:27	18	1,0	12	16	150
0:20:28	18	1,0	12	16	150
0:20:29	18	1,0	12	16	150
0:20:30	18	1,0	12	16	150
0:20:31	18	1,0	12	16	150
0:20:32	18	1,0	12	16	150
0:20:33	18	1,0	12	16	150
0:20:34	18	1,0	12	16	150
0:20:35	18	1,0	12	16	150
0:20:36	18	1,0	12	16	150
0:20:37	18	1,0	12	16	150
0:20:38	18	1,0	12	16	150
0:20:39	18	1,0	12	16	150
0:20:40	18	1,0	12	16	150
0:20:41	18	1,0	12	16	150
0:20:42	18	1,0	12	16	150
0:20:43	18	1,0	12	16	150
0:20:44	18	1,0	12	16	150
0:20:45	18	1,0	12	16	150
0:20:46	18	1,0	12	16	150
0:20:47	18	1,0	12	16	150
0:20:48	18	1,0	12	16	150
0:20:49	18	1,0	12	16	150
0:20:50	18	1,0	12	16	150
0:20:51	18	1,0	12	16	150
0:20:52	18	1,0	12	16	150
0:20:53	18	1,0	12	16	150
0:20:54	18	1,0	12	16	150
0:20:55	18	1,0	12	16	150
0:20:56	18	1,0	12	16	150
0:20:57	18	1,0	12	16	150
0:20:58	18	1,0	12	16	150
0:20:59	18	1,0	12	16	150
0:21:00	18	1,0	12	16	150
0:21:01	18	1,0	12	16	150
0:21:02	18	1,0	12	16	150
0:21:03	18	1,0	12	16	150
0:21:04	18	1,0	12	16	150
0:21:05	18	1,0	12	16	150
0:21:06	18	1,0	12	16	150
0:21:07	18	1,0	12	16	150
0:21:08	18	1,0	12	16	150
0:21:09	18	1,0	12	16	150
0:21:10	18	1,0	12	16	150
0:21:11	18	1,0	12	16	150
0:21:12	18	1,0	12	16	150
0:21:13	18	1,0	12	16	150
0:21:14	18	1,0	12	16	150
0:21:15	18	1,0	12	16	150
0:21:16	18	1,0	12	16	150
0:21:17	18	1,0	12	16	150
0:21:18	18	1,0	12	16	150
0:21:19	18	1,0	12	16	150
0:21:20	18	1,0	12	16	150
0:21:21	18	1,0	12	16	150
0:21:22	18	1,0	12	16	150
0:21:23	18	1,0	12	16	150
0:21:24	18	1,0	12	16	150
0:21:25	18	1,0	12	16	150
0:21:26	18	1,0	12	16	150
0:21:27	18	1,0	12	16	150
0:21:28	18	1,0	12	16	150
0:21:29	18	1,0	12	16	150
0:21:30	18	1,0	12	16	150
0:21:31	18	1,0	12	16	150
0:21:32	18	1,0	12	16	150
0:21:33	18	1,0	12	16	150
0:21:34	18	1,0	12	16	150
0:21:35	18	1,0	12	16	150
0:21:36	18	1,0	12	16	150
0:21:37	18	1,0	12	16	150
0:21:38	18	1,0	12	16	150
0:21:39	18	1,0	12	16	150
0:21:40	18	1,0	12	16	150
0:21:41	18	1,0	12	16	150
0:21:42	18	1,0	12	16	150
0:21:43	18	1,0	12	16	150
0:21:44	18	1,0	12	16	150
0:21:45	18	1,0	12	16	150
0:21:46	18	1,0	12	16	150
0:21:47	18	1,0	12	16	150
0:21:48	18	1,0	12	16	150
0:21:49	18	1,0	12	16	150
0:21:50	18	1,0	12	16	150
0:21:51	18	1,0	12	16	150
0:21:52	18	1,0	12	16	150
0:21:53	18	1,1	12	16	150
0:21:54	18	1,2	12	16	150
0:21:55	18	1,2	13	16	150
0:21:56	18	1,2	13	16	150
0:21:57	18	1,2	13	16	150
0:21:58	18	1,2	13	16	150
0:21:59	18	1,2	13	16	150
0:22:00	18	1,2	13	16	150
0:22:01	18	1,2	13	16	150
0:22:02	18	1,2	13	16	150
0:22:03	18	1,2	13	16	150
0:22:04	18	1,2	13	16	150
0:22:05	18	1,2	13	16	150
0:22:06	18	1,2	13	16	150
0:22:07	18	1,2	13	16	150
0:22:08	18	1,2	13	16	150
0:22:09	18	1,2	13	16	150
0:22:10	18	1,2	13	16	150
0:22:11	18	1,2	13	16	150
0:22:12	18	1,2	13	16	150
0:22:13	18	1,2	13	16	150
0:22:14	18	1,2	13	16	150
0:22:15	18	1,2	13	16	150
0:22:16	18	1,2	13	16	150
0:22:17	18	1,2	13	16	150
0:22:18	18	1,2	13	16	150
0:22:19	18	1,2	13	16	150
0:22:20	18	1,2	13	16	150
0:22:21	18	1,2	13	16	150
0:22:22	18	1,2	13	16	150
0:22:23	18	1,2	13	16	150
0:22:24	18	1,2	13	16	150
0:22:25	18	1,2	13	16	150
0:22:26	18	1,2	13	16	150
0:22:27	18	1,2	13	16	150
0:22:28	18	1,2	13	16	150
0:22:29	18	1,2	13	16	150
0:22:30	18	1,2	13	16	150
0:22:31	18	1,2	13	16	150
0:22:32	18	1,2	13	16	150
0:22:33	18	1,2	13	16	150
0:22:34	18	1,2	13	16	150
0:22:35	18	1,2	13	16	150
0:22:36	18	1,2	13	16	150
0:22:37	18	1,2	13	16	150
0:22:38	18	1,2	13	16	150
0:22:39	18	1,2	13	16	150
0:22:40	18	1,2	13	16	150
0:22:41	18	1,2	13	16	150
0:22:42	18	1,2	13	16	150
0:22:43	18	1,2	13	16	150
0:22:44	18	1,2	13	16	150
0:22:45	18	1,2	13	16	150
0:22:46	18	1,2	13	16	150
0:22:47	18	1,2	13	16	150
0:22:48	18	1,2	13	16	150
0:22:49	18	1,2	13	16	150
0:22:50	18	1,2	13	16	150
0:22:51	18	1,2	13	16	150
0:22:52	18	1,2	13	16	150
0:22:53	18	1,2	13	16	150
0:22:54	18	1,2	13	16	150
0:22:55	18	1,2	13	16	150
0:22:56	18	1,2	13	16	150
0:22:57	18	1,2	13	16	150
0:22:58	18	1,2	13	16	150
0:22:59	18	1,2	13	16	150
0:23:00	18	1,2	13	16	150
0:23:01	18	1,2	13	16	150
0:23:02	18	1,2	13	16	150
0:23:03	18	1,1	13	16	150
0:23:04	18	1,1	13	16	150
0:23:05	18	1,1	13	16	150
0:23:06	18	1,1	13	16	150
0:23:07	18	1,1	13	16	150
0:23:08	18	1,1	13	16	150
0:23:09	18	1,1	13	16	150
0:23:10	18	1,1	13	16	150
0:23:11	18	1,1	13	16	150
0:23:12	18	1,1	13	16	150
0:23:13	18	1,1	13	16	150
0:23:14	18	1,1	13	16	150
0:23:15	18	1,1	13	16	150
0:23:16	18	1,1	13	16	150
0:23:17	18	1,1	13	16	150
0:23:18	18	1,1	13	16	150
0:23:19	18	1,1	13	16	150
0:23:20	18	1,1	13	16	150
0:23:21	18	1,1	13	16	150
0:23:22	18	1,1	13	16	150
0:23:23	18	1,1	13	16	150
0:23:24	18	1,1	13	16	150
0:23:25	18	1,1	13	16	150
0:23:26	18	1,1	13	16	150
0:23:27	18	1,1	13	16	150
0:23:28	18	1,1	13	16	150
0:23:29	18	1,1	13	16	150
0:23:30	18	1,1	13	16	150
0:23:31	18	1,1	13	16	150
0:23:32	18	1,1	13	16	150
0:23:33	18	1,1	13	16	150
0:23:34	18	1,1	13	16	150
0:23:35	18	1,1	13	16	150
0:23:36	18	1,1	13	16	150
0:23:37	18	1,1	13	16	150
0:23:38	18	1,1	13	16	150
0:23:39	18	1,1	13	16	150
0:23:40	18	1,1	13	16	150
0:23:41	18	1,1	13	16	150
0:23:42	18	1,1	13	16	150
0:23:43	18	1,1	13	16	150
0:23:44	18	1,1	13	16	150
0:23:45	18	1,1	13	16	150
0:23:46	18	1,1	13	16	150
0:23:47	18	1,1	13	16	150
0:23:48	18	1,1	13	16	150
0:23:49	18	1,1	13	16	150
0:23:50	18	1,1	13	16	150
0:23:51	18	1,1	13	16	150
0:23:52	18	1,1	13	16	150
0:23:53	18	1,1	13	16	150
0:23:54	18	1,1	13	16	150
0:23:55	18	1,1	13	16	150
0:23:56	18	1,1	13	16	150
0:23:57	18	1,1	13	16	150
0:23:58	18	1,1	13	16	150
0:23:59	18	1,1	13	16	150
0:24:00	18	1,1	13	16	150
0:24:01	18	1,1	13	16	150
0:24:02	18	1,1	13	16	150
0:24:03	18	1,1	13	16	150
0:24:04	18	1,1	13	16	150
0:24:05	18	1,1	13	16	150
0:24:06	18	1,1	13	16	150
0:24:07	18	1,1	13	16	150
0:24:08	18	1,1	13	16	150
0:24:09	18	1,1	13	16	150
0:24:10	18	1,1	13	16	150
0:24:11	18	1,1	13	16	150
0:24:12	18	1,1	13	16	150
0:24:13	18	1,1	13	16	150
0:24:14	18	1,1	13	16	150
0:24:15	18	1,1	13	16	150
0:24:16	18	1,1	13	16	150
0:24:17	18	1,1	13	16	150
0:24:18	18	1,1	13	16	150
0:24:19	18	1,1	13	16	150
0:24:20	18	1,1	13	16	150
0:24:21	18	1,1	13	16	150
0:24:22	18	1,1	13	16	150
0:24:23	18	1,1	13	16	150
0:24:24	18	1,1	13	16	150
0:24:25	18	1,1	13	16	150
0:24:26	18	1,1	13	16	150
0:24:27	18	1,1	13	16	150
0:24:28	18	1,1	13	16	150
0:24:29	18	1,1	13	16	150
0:24:30	18	1,1	13	16	150
0:24:31	18	1,0	13	16	150
0:24:32	18	1,0	13	16	150
0:24:33	18	1,0	13	16	150
0:24:34	18	1,0	13	16	150
0:24:35	18	1,0	13	16	150
0:24:36	18	1,0	13	16	150
0:24:37	18	1,0	13	16	150
0:24:38	18	1,0	13	16	150
0:24:39	18	1,0	13	16	150
0:24:40	18	1,0	13	16	150
0:24:41	18	1,0	13	16	150
0:24:42	18	1,0	13	16	150
0:24:43	18	1,0	13	16	150
0:24:44	18	1,0	13	16	150
0:24:45	18	1,0	13	16	150
0:24:46	18	1,0	13	16	150
0:24:47	18	1,0	13	16	150
0:24:48	18	1,0	13	16	150
0:24:49	18	1,0	13	16	150
0:24:50	18	1,0	13	16	150
0:24:51	18	1,0	13	16	150
0:24:52	18	1,0	13	16	150
0:24:53	18	1,0	13	16	150
0:24:54	18	1,0	13	16	150
0:24:55	17	1,0	13	16	150
0:24:56	17	1,0	13	16	150
0:24:57	18	1,0	13	16	150
0:24:58	18	1,0	13	16	150
0:24:59	17	1,0	13	16	150
0:25:00	17	1,0	13	16	150
0:25:01	17	1,0	13	16	150
0:25:02	17	1,0	13	16	150
0:25:03	17	1,0	13	16	150
0:25:04	17	1,0	13	16	150
0:25:05	17	1,0	13	16	150
0:25:06	17	1,0	13	16	150
0:25:07	17	1,0	13	16	150
0:25:08	17	1,0	13	16	150
0:25:09	17	1,0	13	16	150
0:25:10	17	1,0	13	16	150
0:25:11	17	1,0	13	16	150
0:25:12	17	1,0	13	16	150
0:25:13	17	1,0	13	16	150
0:25:14	17	1,0	13	16	150
0:25:15	17	1,0	13	16	150
0:25:16	18	1,0	13	16	150
0:25:17	17	1,0	13	16	150
0:25:18	17	1,0	13	16	150
0:25:19	17	1,0	13	16	150
0:25:20	17	1,0	13	16	150
0:25:21	17	1,0	13	16	150
0:25:22	17	1,0	13	16	150
0:25:23	17	1,0	13	16	150
0:25:24	17	1,0	13	16	150
0:25:25	17	1,0	13	16	150
0:25:26	17	1,0	13	16	150
0:25:27	17	1,0	13	16	150
0:25:28	17	1,0	13	16	150
0:25:29	17	1,0	13	16	150
0:25:30	17	1,0	13	16	150
0:25:31	17	1,0	13	16	150
0:25:32	17	1,0	13	16	150
0:25:33	17	1,0	13	16	150
0:25:34	17	1,0	13	16	150
0:25:35	17	1,0	13	16	150
0:25:36	17	1,0	13	16	150
0:25:37	17	1,0	13	16	150
0:25:38	17	1,0	13	16	150
0:25:39	17	1,0	13	16	150
0:25:40	17	1,0	13	16	150
0:25:41	17	1,0	13	16	150
0:25:42	17	1,0	13	16	150
0:25:43	17	1,0	13	16	150
0:25:44	17	1,0	13	16	150
0:25:45	17	1,0	13	16	150
0:25:46	17	1,0	13	16	150
0:25:47	17	1,0	13	16	150
0:25:48	17	1,0	13	16	150
0:25:49	17	1,0	13	16	150
0:25:50	17	1,0	13	16	150
0:25:51	17	1,0	13	16	150
0:25:52	17	1,0	13	16	150
0:25:53	17	1,0	13	16	150
0:25:54	17	1,0	13	16	150
0:25:55	17	1,0	13	16	150
0:25:56	17	1,0	13	16	150
0:25:57	17	1,0	13	16	150
0:25:58	17	1,0	13	16	150
0:25:59	17	1,0	13	16	150
0:26:00	17	1,0	13	16	150
0:26:01	17	1,0	13	16	150
0:26:02	17	1,0	13	16	150
0:26:03	17	1,0	13	16	150
0:26:04	17	1,0	13	16	150
0:26:05	17	1,0	13	16	150
0:26:06	17	1,0	13	16	150
0:26:07	17	1,0	13	16	150
0:26:08	17	1,0	13	16	150
0:26:09	17	1,0	13	16	150
0:26:10	17	1,0	13	16	150
0:26:11	17	1,0	13	16	150
0:26:12	17	1,0	13	16	150
0:26:13	17	1,0	13	16	150
0:26:14	17	1,0	13	16	150
0:26:15	17	1,0	13	16	150
0:26:16	17	1,0	13	16	150
0:26:17	17	1,0	13	16	150
0:26:18	17	1,0	13	16	150
0:26:19	17	1,0	13	16	150
0:26:20	17	1,0	13	16	150
0:26:21	17	1,0	13	16	150
0:26:22	17	1,1	13	16	150
0:26:23	17	1,2	13	16	150
0:26:24	17	1,2	13	16	150
0:26:25	17	1,3	13	16	150
0:26:26	17	1,3	13	16	150
0:26:27	17	1,3	13	16	150
0:26:28	17	1,3	13	16	150
0:26:29	17	1,3	13	16	150
0:26:30	17	1,3	13	16	150
0:26:31	17	1,3	13	16	150
0:26:32	17	1,3	13	16	150
0:26:33	17	1,3	13	16	150
0:26:34	17	1,3	13	16	150
0:26:35	17	1,3	13	16	150
0:26:36	17	1,3	13	16	150
0:26:37	17	1,3	13	16	150
0:26:38	17	1,2	13	16	150
0:26:39	17	1,2	13	16	150
0:26:40	17	1,2	13	16	150
0:26:41	17	1,2	13	16	150
0:26:42	17	1,2	13	16	150
0:26:43	17	1,2	13	16	150
0:26:44	17	1,2	13	16	150
0:26:45	17	1,2	13	16	150
0:26:46	17	1,2	13	16	150
0:26:47	17	1,2	13	16	150
0:26:48	17	1,2	13	16	150
0:26:49	17	1,2	13	16	150
0:26:50	17	1,2	13	16	150
0:26:51	17	1,2	13	16	150
0:26:52	17	1,2	13	16	150
0:26:53	17	1,2	13	16	150
0:26:54	17	1,2	13	16	150
0:26:55	17	1,2	13	16	150
0:26:56	17	1,2	13	16	150
0:26:57	17	1,2	13	16	150
0:26:58	17	1,2	13	16	150
0:26:59	17	1,2	13	16	150
0:27:00	17	1,2	13	16	150
0:27:01	17	1,2	13	16	150
0:27:02	17	1,2	13	16	150
0:27:03	17	1,2	13	16	150
0:27:04	17	1,2	13	16	150
0:27:05	17	1,2	13	16	150
0:27:06	17	1,2	13	16	150
0:27:07	17	1,2	13	16	150
0:27:08	17	1,2	13	16	150
0:27:09	17	1,2	13	16	150
0:27:10	17	1,2	13	16	150
0:27:11	17	1,2	13	16	150
0:27:12	17	1,2	13	16	150
0:27:13	17	1,2	13	16	150
0:27:14	17	1,2	13	16	150
0:27:15	17	1,2	13	16	150
0:27:16	17	1,2	13	16	150
0:27:17	17	1,2	13	16	150
0:27:18	17	1,2	13	16	150
0:27:19	17	1,2	13	16	150
0:27:20	17	1,2	13	16	150
0:27:21	17	1,2	13	16	150
0:27:22	17	1,2	13	16	150
0:27:23	17	1,2	13	16	150
0:27:24	17	1,2	13	16	150
0:27:25	17	1,2	13	16	150
0:27:26	17	1,2	13	16	150
0:27:27	17	1,2	13	16	150
0:27:28	17	1,2	13	16	150
0:27:29	17	1,2	13	16	150
0:27:30	17	1,2	13	16	150
0:27:31	17	1,2	13	16	150
0:27:32	17	1,2	13	16	150
0:27:33	17	1,2	13	16	150
0:27:34	17	1,2	13	16	150
0:27:35	17	1,2	13	16	150
0:27:36	17	1,2	13	16	150
0:27:37	17	1,2	13	16	150
0:27:38	17	1,2	13	16	150
0:27:39	17	1,2	13	16	150
0:27:40	17	1,2	13	16	150
0:27:41	17	1,2	13	16	150
0:27:42	17	1,2	13	16	150
0:27:43	17	1,2	13	16	150
0:27:44	17	1,2	13	16	150
0:27:45	17	1,2	13	16	150
0:27:46	17	1,2	13	16	150
0:27:47	17	1,2	13	16	150
0:27:48	17	1,2	13	16	150
0:27:49	17	1,2	13	16	150
0:27:50	17	1,2	13	16	150
0:27:51	17	1,2	13	16	150
0:27:52	17	1,2	13	16	150
0:27:53	17	1,2	13	16	150
0:27:54	17	1,1	13	16	150
0:27:55	17	1,1	13	16	150
0:27:56	17	1,1	13	16	150
0:27:57	17	1,1	13	16	150
0:27:58	17	1,1	13	16	150
0:27:59	17	1,1	13	16	150
0:28:00	17	1,1	13	16	150
0:28:01	17	1,1	13	16	150
0:28:02	17	1,1	13	16	150
0:28:03	17	1,1	13	16	150
0:28:04	17	1,1	13	16	150
0:28:05	17	1,1	13	16	150
0:28:06	17	1,1	13	16	150
0:28:07	17	1,1	13	16	150
0:28:08	17	1,1	13	16	150
0:28:09	17	1,1	13	16	150
0:28:10	17	1,1	13	16	150
0:28:11	17	1,1	13	16	150
0:28:12	17	1,1	13	16	150
0:28:13	17	1,1	13	16	150
0:28:14	17	1,1	13	16	150
0:28:15	17	1,1	13	16	150
0:28:16	17	1,1	13	16	150
0:28:17	17	1,1	13	16	150
0:28:18	17	1,1	13	16	150
0:28:19	17	1,1	13	16	150
0:28:20	17	1,1	13	16	150
0:28:21	17	1,1	13	16	150
0:28:22	17	1,1	13	16	150
0:28:23	17	1,1	13	16	150
0:28:24	17	1,1	13	16	150
0:28:25	17	1,1	13	16	150
0:28:26	17	1,1	13	16	150
0:28:27	17	1,1	13	16	150
0:28:28	17	1,1	13	16	150
0:28:29	17	1,1	13	16	150
0:28:30	17	1,1	13	16	150
0:28:31	17	1,1	13	16	150
0:28:32	17	1,1	13	16	150
0:28:33	17	1,1	13	16	150
0:28:34	17	1,1	13	16	150
0:28:35	17	1,1	13	16	150
0:28:36	17	1,1	13	16	150
0:28:37	17	1,1	13	16	150
0:28:38	17	1,1	13	16	150
0:28:39	17	1,1	13	16	150
0:28:40	17	1,1	13	16	150
0:28:41	17	1,1	13	16	150
0:28:42	17	1,1	13	16	150
0:28:43	17	1,1	13	16	150
0:28:44	17	1,1	13	16	150
0:28:45	17	1,1	13	16	150
0:28:46	17	1,1	13	16	150
0:28:47	17	1,1	13	16	150
0:28:48	17	1,1	13	16	150
0:28:49	17	1,1	13	16	150
0:28:50	17	1,1	13	16	150
0:28:51	17	1,1	13	16	150
0:28:52	17	1,1	13	16	150
0:28:53	17	1,1	13	16	150
0:28:54	17	1,1	13	16	150
0:28:55	17	1,1	13	16	150
0:28:56	17	1,1	13	16	150
0:28:57	17	1,1	13	16	150
0:28:58	17	1,1	13	16	150
0:28:59	17	1,1	13	16	150
0:29:00	17	1,1	13	16	150
0:29:01	17	1,1	13	16	150
0:29:02	17	1,1	13	16	150
0:29:03	17	1,1	13	16	150
0:29:04	17	1,1	13	16	150
0:29:05	17	1,1	13	16	150
0:29:06	17	1,1	13	16	150
0:29:07	17	1,1	13	16	150
0:29:08	17	1,1	13	16	150
0:29:09	17	1,1	13	16	150
0:29:10	17	1,1	13	16	150
0:29:11	17	1,1	13	16	150
0:29:12	17	1,1	13	16	150
0:29:13	17	1,1	13	16	150
0:29:14	17	1,1	13	16	150
0:29:15	17	1,1	13	16	150
0:29:16	17	1,1	13	16	150
0:29:17	17	1,1	13	16	150
0:29:18	17	1,1	13	16	150
0:29:19	17	1,1	13	16	150
0:29:20	17	1,1	13	16	150
0:29:21	17	1,1	13	16	150
0:29:22	17	1,1	13	16	150
0:29:23	17	1,1	13	16	150
0:29:24	17	1,1	13	16	150
0:29:25	17	1,1	13	16	150
0:29:26	17	1,1	13	16	150
0:29:27	17	1,1	13	16	150
0:29:28	17	1,1	13	16	150
0:29:29	17	1,1	13	16	150
0:29:30	17	1,0	13	16	150
0:29:31	17	1,0	13	16	150
0:29:32	17	1,0	13	16	150
0:29:33	17	1,0	13	16	150
0:29:34	17	1,0	13	16	150
0:29:35	17	1,0	13	16	150
0:29:36	17	1,0	13	16	150
0:29:37	17	1,0	13	16	150
0:29:38	17	1,0	13	16	150
0:29:39	17	1,0	13	16	150
0:29:40	17	1,0	13	16	150
0:29:41	17	1,0	13	16	150
0:29:42	17	1,0	13	16	150
0:29:43	17	1,0	13	16	150
0:29:44	17	1,0	13	16	150
0:29:45	17	1,0	13	16	150
0:29:46	17	1,0	13	16	150
0:29:47	17	1,0	13	16	150
0:29:48	17	1,0	13	16	150
0:29:49	17	1,0	13	16	150
0:29:50	17	1,0	13	16	150
0:29:51	17	1,0	13	16	150
0:29:52	17	1,0	13	16	150
0:29:53	17	1,0	13	16	150
0:29:54	17	1,0	13	16	150
0:29:55	17	1,0	13	16	150
0:29:56	17	1,0	13	16	150
0:29:57	17	1,0	13	16	150
0:29:58	17	1,0	13	16	150
0:29:59	17	1,0	13	16	150
0:30:00	17	1,0	13	16	150
0:30:01	17	1,0	13	16	150
0:30:02	17	1,0	13	16	150
0:30:03	17	1,0	13	16	150
0:30:04	17	1,0	13	16	150
0:30:05	17	1,0	13	16	150
0:30:06	17	1,0	13	16	150
0:30:07	17	1,0	13	16	150
0:30:08	17	1,0	13	16	150
0:30:09	17	1,0	13	16	150
0:30:10	17	1,0	13	16	150
0:30:11	17	1,0	13	16	150
0:30:12	17	1,0	13	16	150
0:30:13	17	1,0	13	16	150
0:30:14	17	1,0	13	16	150
0:30:15	17	1,0	13	16	150
0:30:16	17	1,0	13	16	150
0:30:17	17	1,0	13	16	150
0:30:18	17	1,0	13	16	150
0:30:19	17	1,0	13	16	150
0:30:20	17	1,0	13	16	150
0:30:21	17	1,0	13	16	150
0:30:22	17	1,0	13	16	150
0:30:23	17	1,0	13	16	150
0:30:24	17	1,0	13	16	150
0:30:25	17	1,0	13	16	150
0:30:26	17	1,0	13	16	150
0:30:27	17	1,0	13	16	150
0:30:28	17	1,0	13	16	150
0:30:29	17	1,0	13	16	150
0:30:30	17	1,0	13	16	150
0:30:31	17	1,0	13	16	150
0:30:32	17	1,0	13	16	150
0:30:33	17	1,0	13	16	150
0:30:34	17	1,0	13	16	150
0:30:35	17	1,0	13	16	150
0:30:36	17	1,0	13	16	150
0:30:37	17	1,0	13	16	150
0:30:38	17	1,0	13	16	150
0:30:39	17	1,0	13	16	150
0:30:40	17	1,0	13	16	150
0:30:41	17	1,0	13	16	150
0:30:42	17	1,0	13	16	150
0:30:43	17	1,0	13	16	150
0:30:44	17	1,0	13	16	150
0:30:45	17	1,0	13	16	150
0:30:46	17	1,0	13	16	150
0:30:47	17	1,1	13	16	150
0:30:48	17	1,1	13	16	150
0:30:49	17	1,1	13	16	150
0:30:50	17	1,1	13	16	150
0:30:51	17	1,2	13	16	150
0:30:52	17	1,2	14	16	150
0:30:53	17	1,2	14	16	150
0:30:54	17	1,1	13	16	150
0:30:55	17	1,1	13	16	150
0:30:56	17	1,2	14	16	150
0:30:57	17	1,1	14	16	150
0:30:58	17	1,1	14	16	150
0:30:59	17	1,1	14	16	150
0:31:00	17	1,1	14	16	150
0:31:01	17	1,1	14	16	150
0:31:02	17	1,1	14	16	150
0:31:03	17	1,1	14	16	150
0:31:04	17	1,1	14	16	150
0:31:05	17	1,1	14	16	150
0:31:06	17	1,1	14	16	150
0:31:07	17	1,1	14	15	150
0:31:08	17	1,1	14	16	150
0:31:09	17	1,1	14	16	150
0:31:10	17	1,1	14	16	150
0:31:11	17	1,1	14	16	150
0:31:12	17	1,1	14	16	150
0:31:13	17	1,1	14	16	150
0:31:14	17	1,1	14	16	150
0:31:15	17	1,1	14	16	150
0:31:16	17	1,1	14	16	150
0:31:17	17	1,1	14	16	150
0:31:18	17	1,1	14	16	150
0:31:19	17	1,1	14	16	150
0:31:20	17	1,1	14	16	150
0:31:21	17	1,1	14	16	150
0:31:22	17	1,1	14	16	150
0:31:23	17	1,1	14	16	150
0:31:24	17	1,1	14	16	150
0:31:25	17	1,1	14	16	150
0:31:26	17	1,1	14	15	150
0:31:27	17	1,1	14	16	150
0:31:28	17	1,1	14	16	150
0:31:29	17	1,1	14	16	150
0:31:30	17	1,1	14	16	150
0:31:31	17	1,1	14	16	150
0:31:32	17	1,1	14	16	150
0:31:33	17	1,1	14	16	150
0:31:34	17	1,1	14	15	150
0:31:35	17	1,1	14	16	150
0:31:36	17	1,1	14	16	150
0:31:37	17	1,1	14	16	150
0:31:38	17	1,1	14	16	150
0:31:39	17	1,1	14	16	150
0:31:40	17	1,1	14	16	150
0:31:41	17	1,1	14	16	150
0:31:42	17	1,1	14	16	150
0:31:43	17	1,1	14	16	150
0:31:44	17	1,1	14	15	150
0:31:45	17	1,1	14	16	150
0:31:46	17	1,1	14	16	150
0:31:47	17	1,1	14	15	150
0:31:48	17	1,1	14	16	150
0:31:49	17	1,1	14	16	150
0:31:50	17	1,1	14	16	150
0:31:51	17	1,1	14	15	150
0:31:52	17	1,1	14	16	150
0:31:53	17	1,1	14	15	150
0:31:54	17	1,1	14	16	150
0:31:55	17	1,1	14	15	150
0:31:56	17	1,1	14	16	150
0:31:57	17	1,1	14	16	150
0:31:58	17	1,1	14	16	150
0:31:59	17	1,1	14	16	150
0:32:00	17	1,1	14	16	150
0:32:01	17	1,1	14	16	150
0:32:02	17	1,1	14	16	150
0:32:03	17	1,1	14	15	150
0:32:04	17	1,1	14	15	150
0:32:05	17	1,1	14	15	150
0:32:06	17	1,1	14	16	150
0:32:07	17	1,1	14	16	150
0:32:08	17	1,1	14	16	150
0:32:09	17	1,1	14	16	150
0:32:10	17	1,1	14	16	150
0:32:11	17	1,1	14	15	150
0:32:12	17	1,1	14	16	150
0:32:13	17	1,1	14	16	150
0:32:14	17	1,1	14	16	150
0:32:15	17	1,1	14	16	150
0:32:16	17	1,1	14	16	150
0:32:17	17	1,1	14	15	150
0:32:18	17	1,1	14	16	150
0:32:19	17	1,1	14	16	150
0:32:20	17	1,1	14	16	150
0:32:21	17	1,0	14	16	150
0:32:22	17	1,0	14	16	150
0:32:23	17	1,1	14	16	150
0:32:24	17	1,0	14	15	150
0:32:25	17	1,0	14	16	150
0:32:26	17	1,0	14	15	150
0:32:27	17	1,0	14	15	150
0:32:28	17	1,0	14	16	150
0:32:29	17	1,0	14	16	150
0:32:30	17	1,0	14	16	150
0:32:31	17	1,0	14	16	150
0:32:32	17	1,0	14	16	150
0:32:33	17	1,0	14	16	150
0:32:34	17	1,0	14	16	150
0:32:35	17	1,0	14	15	150
0:32:36	17	1,0	14	16	150
0:32:37	17	1,0	14	16	150
0:32:38	17	1,0	14	15	150
0:32:39	17	1,0	14	15	150
0:32:40	17	1,0	14	16	150
0:32:41	17	1,0	14	16	150
0:32:42	17	1,0	14	15	150
0:32:43	17	1,0	14	16	150
0:32:44	17	1,0	14	15	150
0:32:45	17	1,0	14	16	150
0:32:46	17	1,0	14	16	150
0:32:47	17	1,0	14	16	150
0:32:48	17	1,0	14	15	150
0:32:49	17	1,0	14	15	150
0:32:50	17	1,0	14	15	150
0:32:51	17	1,0	14	16	150
0:32:52	17	1,0	14	16	150
0:32:53	17	1,0	14	16	150
0:32:54	17	1,0	14	16	150
0:32:55	17	1,0	14	15	150
0:32:56	17	1,0	14	16	150
0:32:57	17	1,0	14	15	150
0:32:58	17	1,0	14	16	150
0:32:59	17	1,0	14	15	150
0:33:00	17	1,0	14	15	150
0:33:01	17	1,0	14	16	150
0:33:02	17	1,0	14	16	150
0:33:03	17	1,0	14	15	150
0:33:04	17	1,0	14	16	150
0:33:05	17	1,0	14	16	150
0:33:06	17	1,0	14	16	150
0:33:07	17	1,0	14	15	150
0:33:08	17	1,0	14	15	150
0:33:09	17	1,0	14	15	150
0:33:10	17	1,0	14	15	150
0:33:11	17	1,0	14	15	150
0:33:12	17	1,0	14	15	150
0:33:13	17	1,0	14	16	150
0:33:14	17	1,0	14	15	150
0:33:15	17	1,0	14	15	150
0:33:16	17	1,0	14	16	150
0:33:17	17	1,0	14	15	150
0:33:18	17	1,0	14	16	150
0:33:19	17	1,0	14	15	150
0:33:20	17	1,0	14	16	150
0:33:21	17	1,0	14	15	150
0:33:22	17	1,0	14	16	150
0:33:23	17	1,0	14	15	150
0:33:24	17	1,0	14	16	150
0:33:25	17	1,0	14	16	150
0:33:26	17	1,0	14	15	150
0:33:27	17	1,0	14	16	150
0:33:28	17	1,0	14	15	150
0:33:29	17	1,0	14	16	150
0:33:30	17	1,0	14	15	150
0:33:31	17	1,0	14	16	150
0:33:32	17	1,0	14	15	150
0:33:33	17	1,0	14	16	150
0:33:34	17	1,0	14	16	150
0:33:35	17	1,0	14	15	150
0:33:36	17	1,0	14	15	150
0:33:37	17	1,0	14	15	150
0:33:38	17	1,0	14	15	150
0:33:39	17	1,0	14	15	150
0:33:40	17	1,0	14	15	150
0:33:41	17	1,0	14	16	150
0:33:42	17	1,1	14	15	150
0:33:43	17	1,2	14	15	150
0:33:44	17	1,2	14	15	150
0:33:45	17	1,2	14	16	150
0:33:46	17	1,2	14	16	150
0:33:47	17	1,2	14	15	150
0:33:48	17	1,2	14	15	150
0:33:49	17	1,2	14	16	150
0:33:50	17	1,2	14	15	150
0:33:51	17	1,2	14	16	150
0:33:52	17	1,2	14	16	150
0:33:53	17	1,2	14	15	150
0:33:54	17	1,2	14	15	150
0:33:55	17	1,2	14	16	150
0:33:56	17	1,2	14	15	150
0:33:57	17	1,2	14	15	150
0:33:58	17	1,2	14	15	150
0:33:59	17	1,2	14	16	150
0:34:00	17	1,2	14	15	150
0:34:01	17	1,2	14	15	150
0:34:02	17	1,2	14	16	150
0:34:03	17	1,2	14	15	150
0:34:04	17	1,2	14	16	150
0:34:05	17	1,2	14	15	150
0:34:06	17	1,2	14	16	150
0:34:07	17	1,2	14	15	150
0:34:08	17	1,2	14	15	150
0:34:09	17	1,2	14	15	150
0:34:10	17	1,2	14	15	150
0:34:11	17	1,2	14	15	150
0:34:12	17	1,2	14	15	150
0:34:13	17	1,2	14	15	150
0:34:14	17	1,1	14	15	150
0:34:15	17	1,1	14	15	150
0:34:16	17	1,1	14	15	150
0:34:17	17	1,1	14	15	150
0:34:18	17	1,1	14	15	150
0:34:19	17	1,2	14	15	150
0:34:20	17	1,1	14	15	150
0:34:21	17	1,1	14	15	150
0:34:22	17	1,1	14	15	150
0:34:23	17	1,1	14	15	150
0:34:24	17	1,1	14	15	150
0:34:25	17	1,1	14	15	150
0:34:26	17	1,1	14	15	150
0:34:27	17	1,1	14	15	150
0:34:28	17	1,1	14	15	150
0:34:29	17	1,1	14	15	150
0:34:30	17	1,1	14	16	150
0:34:31	17	1,1	14	15	150
0:34:32	17	1,1	14	15	150
0:34:33	17	1,1	14	15	150
0:34:34	17	1,1	14	15	150
0:34:35	17	1,1	14	16	150
0:34:36	17	1,1	14	15	150
0:34:37	17	1,1	14	15	150
0:34:38	17	1,1	14	15	150
0:34:39	17	1,1	14	15	150
0:34:40	17	1,1	14	15	150
0:34:41	17	1,1	14	15	150
0:34:42	17	1,1	14	15	150
0:34:43	17	1,1	14	15	150
0:34:44	17	1,1	14	16	150
0:34:45	17	1,1	14	15	150
0:34:46	17	1,1	14	16	150
0:34:47	17	1,1	14	15	150
0:34:48	17	1,1	14	15	150
0:34:49	17	1,1	14	15	150
0:34:50	17	1,1	14	15	150
0:34:51	17	1,1	14	15	150
0:34:52	17	1,1	14	16	150
0:34:53	17	1,1	14	15	150
0:34:54	17	1,1	14	15	150
0:34:55	17	1,1	14	15	150
0:34:56	17	1,1	14	15	150
0:34:57	17	1,1	14	15	150
0:34:58	17	1,1	14	15	150
0:34:59	17	1,1	14	15	150
0:35:00	17	1,1	14	15	150
0:35:01	17	1,1	14	15	150
0:35:02	17	1,1	14	15	150
0:35:03	17	1,1	14	16	150
0:35:04	17	1,1	14	15	150
0:35:05	17	1,1	14	15	150
0:35:06	17	1,1	14	15	150
0:35:07	17	1,1	14	15	150
0:35:08	17	1,1	14	16	150
0:35:09	17	1,1	14	15	150
0:35:10	17	1,1	14	15	150
0:35:11	17	1,1	14	15	150
0:35:12	17	1,1	14	15	150
0:35:13	17	1,1	14	15	150
0:35:14	17	1,1	14	16	150
0:35:15	17	1,1	14	15	150
0:35:16	17	1,1	14	15	150
0:35:17	17	1,1	14	15	150
0:35:18	17	1,1	14	15	150
0:35:19	17	1,1	14	15	150
0:35:20	17	1,1	14	15	150
0:35:21	17	1,1	14	15	150
0:35:22	17	1,1	14	15	150
0:35:23	17	1,1	14	15	150
0:35:24	17	1,1	14	15	150
0:35:25	17	1,1	14	15	150
0:35:26	17	1,1	14	15	150
0:35:27	17	1,1	14	15	150
0:35:28	17	1,1	14	15	150
0:35:29	17	1,1	14	15	150
0:35:30	17	1,1	14	15	150
0:35:31	17	1,1	14	15	150
0:35:32	17	1,1	14	16	150
0:35:33	17	1,1	14	15	150
0:35:34	17	1,1	14	15	150
0:35:35	17	1,1	14	15	150
0:35:36	17	1,1	14	15	150
0:35:37	17	1,1	14	15	150
0:35:38	17	1,1	14	15	150
0:35:39	17	1,1	14	15	150
0:35:40	17	1,1	14	15	150
0:35:41	17	1,1	14	15	150
0:35:42	17	1,1	14	15	150
0:35:43	17	1,1	14	15	150
0:35:44	17	1,1	14	15	150
0:35:45	17	1,1	14	15	150
0:35:46	17	1,1	14	15	150
0:35:47	17	1,1	14	15	150
0:35:48	17	1,1	14	15	150
0:35:49	17	1,1	14	15	150
0:35:50	17	1,1	14	15	150
0:35:51	17	1,1	14	15	150
0:35:52	17	1,0	14	15	150
0:35:53	17	1,0	14	15	150
0:35:54	17	1,0	14	15	150
0:35:55	17	1,0	14	15	150
0:35:56	17	1,0	14	15	150
0:35:57	17	1,0	14	15	150
0:35:58	17	1,0	14	15	150
0:35:59	17	1,0	14	15	150
0:36:00	17	1,0	14	15	150
0:36:01	17	1,0	14	15	150
0:36:02	17	1,0	14	15	150
0:36:03	17	1,0	14	15	150
0:36:04	17	1,0	14	15	150
0:36:05	17	1,0	14	15	150
0:36:06	17	1,0	14	15	150
0:36:07	17	1,0	14	15	150
0:36:08	17	1,0	14	15	150
0:36:09	17	1,0	14	15	150
0:36:10	17	1,0	14	15	150
0:36:11	17	1,0	14	15	150
0:36:12	17	1,0	14	15	150
0:36:13	17	1,0	14	15	150
0:36:14	17	1,0	14	15	150
0:36:15	17	1,0	14	15	150
0:36:16	17	1,0	14	15	150
0:36:17	17	1,0	14	15	150
0:36:18	17	1,0	14	15	150
0:36:19	17	1,0	14	15	150
0:36:20	17	1,0	14	15	150
0:36:21	17	1,0	14	15	150
0:36:22	17	1,0	14	15	150
0:36:23	17	1,0	14	15	150
0:36:24	17	1,0	14	15	150
0:36:25	17	1,0	14	15	150
0:36:26	17	1,0	14	15	150
0:36:27	17	1,0	14	15	150
0:36:28	17	1,0	14	15	150
0:36:29	17	1,0	14	15	150
0:36:30	17	1,0	14	15	150
0:36:31	17	1,0	15	15	150
0:36:32	17	1,0	15	15	150
0:36:33	17	1,0	15	15	150
0:36:34	17	1,0	15	15	150
0:36:35	17	1,0	15	15	150
0:36:36	17	1,0	15	15	150
0:36:37	17	1,0	15	15	150
0:36:38	17	1,0	15	15	150
0:36:39	17	1,0	15	15	150
0:36:40	17	1,0	15	15	150
0:36:41	17	1,0	15	15	150
0:36:42	17	1,0	15	15	150
0:36:43	17	1,0	15	15	150
0:36:44	17	1,0	15	15	150
0:36:45	17	1,0	15	15	150
0:36:46	17	1,0	15	15	150
0:36:47	17	1,0	15	15	150
0:36:48	17	1,0	15	15	150
0:36:49	17	1,0	15	15	150
0:36:50	17	1,0	15	15	150
0:36:51	17	1,0	15	15	150
0:36:52	17	1,0	15	15	150
0:36:53	17	1,0	15	15	150
0:36:54	17	1,0	15	15	150
0:36:55	17	1,0	15	15	150
0:36:56	17	1,0	15	15	150
0:36:57	17	1,0	15	15	150
0:36:58	17	1,0	15	15	150
0:36:59	17	1,0	15	15	150
0:37:00	17	1,0	15	15	150
0:37:01	17	1,0	15	15	150
0:37:02	17	1,0	15	15	150
0:37:03	17	1,0	15	15	150
0:37:04	17	1,0	15	15	150
0:37:05	17	1,0	15	15	150
0:37:06	17	1,0	15	15	150
0:37:07	17	1,0	15	15	150
0:37:08	17	1,0	15	15	150
0:37:09	17	1,0	15	15	150
0:37:10	17	1,1	15	15	150
0:37:11	17	1,2	15	15	150
0:37:12	17	1,3	15	15	150
0:37:13	17	1,3	15	15	150
0:37:14	17	1,3	15	15	150
0:37:15	17	1,3	15	15	150
0:37:16	17	1,3	15	15	150
0:37:17	17	1,3	15	15	150
0:37:18	17	1,3	15	15	150
0:37:19	17	1,3	15	15	150
0:37:20	17	1,3	15	15	150
0:37:21	17	1,3	15	15	150
0:37:22	17	1,3	15	15	150
0:37:23	17	1,3	15	15	150
0:37:24	17	1,3	15	15	150
0:37:25	17	1,3	15	15	150
0:37:26	17	1,3	15	15	150
0:37:27	17	1,3	15	15	150
0:37:28	17	1,3	15	15	150
0:37:29	17	1,3	15	15	150
0:37:30	17	1,3	15	15	150
0:37:31	17	1,3	15	15	150
0:37:32	17	1,3	15	15	150
0:37:33	17	1,3	15	15	150
0:37:34	17	1,3	15	15	150
0:37:35	17	1,3	15	15	150
0:37:36	17	1,2	15	15	150
0:37:37	17	1,2	15	15	150
0:37:38	17	1,2	15	15	150
0:37:39	17	1,2	15	15	150
0:37:40	17	1,2	15	15	150
0:37:41	17	1,2	15	15	150
0:37:42	17	1,2	15	15	150
0:37:43	17	1,2	15	15	150
0:37:44	17	1,2	15	15	150
0:37:45	17	1,2	15	15	150
0:37:46	17	1,2	15	15	150
0:37:47	17	1,2	15	15	150
0:37:48	17	1,2	15	15	150
0:37:49	17	1,2	15	15	150
0:37:50	17	1,2	15	15	150
0:37:51	17	1,2	15	15	150
0:37:52	17	1,2	15	15	150
0:37:53	17	1,2	15	15	150
0:37:54	17	1,2	15	15	150
0:37:55	17	1,2	15	15	150
0:37:56	17	1,2	15	15	150
0:37:57	17	1,2	15	15	150
0:37:58	17	1,2	15	15	150
0:37:59	17	1,2	15	15	150
0:38:00	17	1,2	15	15	150
0:38:01	17	1,2	15	15	150
0:38:02	17	1,2	15	15	150
0:38:03	17	1,2	15	15	150
0:38:04	17	1,2	15	15	150
0:38:05	17	1,2	15	15	150
0:38:06	17	1,2	15	15	150
0:38:07	17	1,2	15	15	150
0:38:08	17	1,2	15	15	150
0:38:09	17	1,2	15	15	150
0:38:10	17	1,2	15	15	150
0:38:11	17	1,2	15	15	150
0:38:12	17	1,2	15	15	150
0:38:13	17	1,2	15	15	150
0:38:14	17	1,2	15	15	150
0:38:15	17	1,2	15	15	150
0:38:16	17	1,2	15	15	150
0:38:17	17	1,2	15	15	150
0:38:18	17	1,2	15	15	150
0:38:19	17	1,2	15	15	150
0:38:20	17	1,2	15	15	150
0:38:21	17	1,2	15	15	150
0:38:22	17	1,2	15	15	150
0:38:23	17	1,2	15	15	150
0:38:24	17	1,2	15	15	150
0:38:25	17	1,2	15	15	150
0:38:26	17	1,2	15	15	150
0:38:27	17	1,2	15	15	150
0:38:28	17	1,2	15	15	150
0:38:29	17	1,2	15	15	150
0:38:30	17	1,2	15	15	150
0:38:31	17	1,2	15	15	150
0:38:32	17	1,2	15	15	150
0:38:33	17	1,2	15	15	150
0:38:34	17	1,2	15	15	150
0:38:35	17	1,2	15	15	150
0:38:36	17	1,2	15	15	150
0:38:37	17	1,2	15	15	150
0:38:38	17	1,2	15	15	150
0:38:39	17	1,2	15	15	150
0:38:40	17	1,2	15	15	150
0:38:41	17	1,2	15	15	150
0:38:42	17	1,2	15	15	150
0:38:43	17	1,2	15	15	150
0:38:44	17	1,2	15	15	150
0:38:45	17	1,2	15	15	150
0:38:46	17	1,2	15	15	150
0:38:47	17	1,2	15	15	150
0:38:48	17	1,2	15	15	150
0:38:49	17	1,2	15	15	150
0:38:50	17	1,2	15	15	150
0:38:51	17	1,2	15	15	150
0:38:52	17	1,2	15	15	150
0:38:53	17	1,2	15	15	150
0:38:54	17	1,2	15	15	150
0:38:55	17	1,2	15	15	150
0:38:56	17	1,2	15	15	150
0:38:57	17	1,2	15	15	150
0:38:58	17	1,2	15	15	150
0:38:59	17	1,2	15	15	150
0:39:00	17	1,2	15	15	150
0:39:01	17	1,2	15	15	150
0:39:02	17	1,2	15	15	150
0:39:03	17	1,1	15	15	150
0:39:04	17	1,1	15	15	150
0:39:05	17	1,1	15	15	150
0:39:06	17	1,1	15	15	150
0:39:07	17	1,1	15	15	150
0:39:08	17	1,1	15	15	150
0:39:09	17	1,1	15	15	150
0:39:10	17	1,1	15	15	150
0:39:11	17	1,1	15	15	150
0:39:12	17	1,1	15	15	150
0:39:13	17	1,1	15	15	150
0:39:14	17	1,1	15	15	150
0:39:15	17	1,1	15	15	150
0:39:16	17	1,1	15	15	150
0:39:17	17	1,1	15	15	150
0:39:18	17	1,1	15	15	150
0:39:19	17	1,1	15	15	150
0:39:20	17	1,1	15	15	150
0:39:21	17	1,1	15	15	150
0:39:22	17	1,1	15	15	150
0:39:23	17	1,1	15	15	150
0:39:24	17	1,1	15	15	150
0:39:25	17	1,1	15	15	150
0:39:26	17	1,1	15	15	150
0:39:27	17	1,1	15	15	150
0:39:28	17	1,1	16	15	150
0:39:29	17	1,1	16	15	150
0:39:30	17	1,1	16	15	150
0:39:31	17	1,1	16	15	150
0:39:32	17	1,1	16	15	150
0:39:33	17	1,1	16	15	150
0:39:34	17	1,1	16	15	150
0:39:35	17	1,1	16	15	150
0:39:36	17	1,1	16	15	150
0:39:37	17	1,1	16	15	150
0:39:38	17	1,1	16	15	150
0:39:39	17	1,1	16	15	150
0:39:40	17	1,1	16	15	150
0:39:41	17	1,1	16	15	150
0:39:42	17	1,1	16	15	150
0:39:43	17	1,1	16	15	150
0:39:44	17	1,1	16	15	150
0:39:45	17	1,1	16	15	150
0:39:46	17	1,1	16	15	150
0:39:47	17	1,1	16	15	150
0:39:48	17	1,1	16	15	150
0:39:49	17	1,1	16	15	150
0:39:50	17	1,1	16	15	150
0:39:51	17	1,1	16	15	150
0:39:52	17	1,1	16	15	150
0:39:53	17	1,1	16	15	150
0:39:54	17	1,1	16	15	150
0:39:55	17	1,1	16	15	150
0:39:56	17	1,1	16	15	150
0:39:57	17	1,1	16	15	150
0:39:58	17	1,1	16	15	150
0:39:59	17	1,1	16	15	150
0:40:00	17	1,1	16	15	150
0:40:01	17	1,1	16	15	150
0:40:02	17	1,1	16	15	150
0:40:03	17	1,1	16	15	150
0:40:04	17	1,1	16	15	150
0:40:05	17	1,1	16	15	150
0:40:06	17	1,1	16	15	150
0:40:07	17	1,1	16	15	150
0:40:08	17	1,1	16	15	150
0:40:09	17	1,1	16	15	150
0:40:10	17	1,1	16	15	150
0:40:11	17	1,1	16	15	150
0:40:12	17	1,1	16	15	150
0:40:13	17	1,1	16	15	150
0:40:14	17	1,1	16	15	150
0:40:15	17	1,1	16	15	150
0:40:16	17	1,1	16	15	150
0:40:17	17	1,1	16	15	150
0:40:18	17	1,1	16	15	150
0:40:19	17	1,1	16	15	150
0:40:20	17	1,1	16	15	150
0:40:21	17	1,1	16	15	150
0:40:22	17	1,1	16	15	150
0:40:23	17	1,1	16	15	150
0:40:24	17	1,1	16	15	150
0:40:25	17	1,1	16	15	150
0:40:26	17	1,1	16	15	150
0:40:27	17	1,1	16	15	150
0:40:28	17	1,1	16	15	150
0:40:29	17	1,1	16	15	150
0:40:30	17	1,1	16	15	150
0:40:31	17	1,1	16	15	150
0:40:32	17	1,1	16	15	150
0:40:33	17	1,1	16	15	150
0:40:34	17	1,1	16	15	150
0:40:35	17	1,1	16	15	150
0:40:36	17	1,1	16	15	150
0:40:37	17	1,1	16	15	150
0:40:38	17	1,1	16	15	150
0:40:39	17	1,0	16	15	150
0:40:40	17	1,0	16	15	150
0:40:41	17	1,0	16	15	150
0:40:42	17	1,0	16	15	150
0:40:43	17	1,0	16	15	150
0:40:44	17	1,0	16	15	150
0:40:45	17	1,0	16	15	150
0:40:46	17	1,0	16	15	150
0:40:47	17	1,0	16	15	150
0:40:48	17	1,0	16	15	150
0:40:49	17	1,0	16	15	150
0:40:50	17	1,0	16	15	150
0:40:51	17	1,0	16	15	150
0:40:52	17	1,0	16	15	150
0:40:53	17	1,0	16	15	150
0:40:54	17	1,0	16	15	150
0:40:55	17	1,0	16	15	150
0:40:56	17	1,0	16	15	150
0:40:57	17	1,0	16	15	150
0:40:58	17	1,0	16	15	150
0:40:59	17	1,0	16	15	150
0:41:00	17	1,0	16	15	150
0:41:01	17	1,0	16	15	150
0:41:02	17	1,0	16	15	150
0:41:03	17	1,0	16	15	150
0:41:04	17	1,0	16	15	150
0:41:05	17	1,0	16	15	150
0:41:06	17	1,0	16	15	150
0:41:07	17	1,0	16	15	150
0:41:08	17	1,0	16	15	150
0:41:09	17	1,0	16	15	150
0:41:10	17	1,0	16	15	150
0:41:11	17	1,0	16	15	150
0:41:12	17	1,0	16	15	150
0:41:13	17	1,0	16	15	150
0:41:14	17	1,0	16	15	150
0:41:15	17	1,0	16	15	150
0:41:16	17	1,0	16	15	150
0:41:17	17	1,0	16	15	150
0:41:18	17	1,0	16	15	150
0:41:19	17	1,0	16	15	150
0:41:20	17	1,0	16	15	150
0:41:21	17	1,0	16	15	150
0:41:22	17	1,0	16	15	150
0:41:23	17	1,0	16	15	150
0:41:24	17	1,0	16	15	150
0:41:25	17	1,0	16	15	150
0:41:26	17	1,0	16	15	150
0:41:27	17	1,0	16	15	150
0:41:28	17	1,0	16	15	150
0:41:29	17	1,0	16	15	150
0:41:30	17	1,0	16	15	150
0:41:31	17	1,0	16	15	150
0:41:32	17	1,0	16	15	150
0:41:33	17	1,0	16	15	150
0:41:34	17	1,0	16	15	150
0:41:35	17	1,0	16	15	150
0:41:36	17	1,0	16	15	150
0:41:37	17	1,0	16	15	150
0:41:38	17	1,0	16	15	150
0:41:39	17	1,0	16	15	150
0:41:40	17	1,0	16	15	150
0:41:41	17	1,0	16	15	150
0:41:42	17	1,0	16	15	150
0:41:43	17	1,0	16	15	150
0:41:44	17	1,0	16	15	150
0:41:45	17	1,0	16	15	150
0:41:46	17	1,0	16	15	150
0:41:47	17	1,0	16	15	150
0:41:48	17	1,0	16	15	150
0:41:49	17	1,0	16	15	150
0:41:50	17	1,0	16	15	150
0:41:51	17	1,0	16	15	150
0:41:52	17	1,0	16	15	150
0:41:53	17	1,0	16	15	150
0:41:54	17	1,0	16	15	150
0:41:55	17	1,0	16	15	150
0:41:56	17	1,0	16	15	150
0:41:57	17	1,0	16	15	150
0:41:58	17	1,0	16	15	150
0:41:59	17	1,1	16	15	150
0:42:00	17	1,1	16	15	150
0:42:01	17	1,1	16	15	150
0:42:02	17	1,1	17	15	150
0:42:03	17	1,1	17	15	150
0:42:04	17	1,1	17	15	150
0:42:05	17	1,1	17	15	150
0:42:06	17	1,1	17	15	150
0:42:07	17	1,1	17	15	150
0:42:08	17	1,1	17	15	150
0:42:09	17	1,1	17	15	150
0:42:10	17	1,1	17	15	150
0:42:11	17	1,1	17	15	150
0:42:12	17	1,1	17	15	150
0:42:13	17	1,1	17	15	150
0:42:14	17	1,1	17	15	150
0:42:15	17	1,1	17	15	150
0:42:16	17	1,1	17	15	150
0:42:17	17	1,1	17	15	150
0:42:18	17	1,1	17	15	150
0:42:19	17	1,1	17	15	150
0:42:20	17	1,1	17	15	150
0:42:21	17	1,1	17	15	150
0:42:22	17	1,1	17	15	150
0:42:23	17	1,1	17	15	150
0:42:24	17	1,1	17	15	150
0:42:25	17	1,1	17	15	150
0:42:26	17	1,1	17	15	150
0:42:27	17	1,1	17	15	150
0:42:28	17	1,1	17	15	150
0:42:29	17	1,1	17	15	150
0:42:30	17	1,1	17	15	150
0:42:31	17	1,1	17	15	150
0:42:32	17	1,1	17	15	150
0:42:33	17	1,1	17	15	150
0:42:34	17	1,1	17	15	150
0:42:35	17	1,1	17	15	150
0:42:36	17	1,1	17	15	150
0:42:37	17	1,1	17	15	150
0:42:38	17	1,1	17	15	150
0:42:39	17	1,1	17	15	150
0:42:40	17	1,1	17	15	150
0:42:41	17	1,1	17	15	150
0:42:42	17	1,1	17	15	150
0:42:43	17	1,1	17	15	150
0:42:44	17	1,1	17	15	150
0:42:45	17	1,1	17	15	150
0:42:46	17	1,1	17	15	150
0:42:47	17	1,1	17	15	150
0:42:48	17	1,1	17	15	150
0:42:49	17	1,1	17	15	150
0:42:50	17	1,1	17	15	150
0:42:51	17	1,1	17	15	150
0:42:52	17	1,1	17	15	150
0:42:53	17	1,1	17	15	150
0:42:54	17	1,1	17	15	150
0:42:55	17	1,1	17	15	150
0:42:56	17	1,1	17	15	150
0:42:57	17	1,1	17	15	150
0:42:58	17	1,1	17	15	150
0:42:59	17	1,1	17	15	150
0:43:00	17	1,1	17	15	150
0:43:01	17	1,1	17	15	150
0:43:02	17	1,1	17	15	150
0:43:03	17	1,1	17	15	150
0:43:04	17	1,0	17	15	150
0:43:05	17	1,0	17	15	150
0:43:06	17	1,0	17	15	150
0:43:07	17	1,0	17	15	150
0:43:08	17	1,0	17	15	150
0:43:09	17	1,0	17	15	150
0:43:10	17	1,0	17	15	150
0:43:11	17	1,0	17	15	150
0:43:12	17	1,0	17	15	150
0:43:13	17	1,0	17	15	150
0:43:14	17	1,0	17	15	150
0:43:15	17	1,0	17	15	150
0:43:16	17	1,0	17	15	150
0:43:17	16	1,0	17	15	150
0:43:18	17	1,0	17	15	150
0:43:19	17	1,0	17	15	150
0:43:20	17	1,0	17	15	150
0:43:21	17	1,0	17	15	150
0:43:22	17	1,0	17	15	150
0:43:23	17	1,0	17	15	150
0:43:24	16	1,0	17	15	150
0:43:25	17	1,0	17	15	150
0:43:26	16	1,0	17	15	150
0:43:27	17	1,0	17	15	150
0:43:28	17	1,0	17	15	150
0:43:29	17	1,0	17	15	150
0:43:30	17	1,0	17	15	150
0:43:31	17	1,0	17	15	150
0:43:32	17	1,0	17	15	150
0:43:33	17	1,0	17	15	150
0:43:34	17	1,0	17	15	150
0:43:35	17	1,0	17	15	150
0:43:36	17	1,0	17	15	150
0:43:37	17	1,0	17	15	150
0:43:38	17	1,0	17	15	150
0:43:39	17	1,0	17	15	150
0:43:40	17	1,0	17	15	150
0:43:41	17	1,0	17	15	150
0:43:42	17	1,0	17	15	150
0:43:43	17	1,0	17	15	150
0:43:44	17	1,0	17	15	150
0:43:45	17	1,0	17	15	150
0:43:46	17	1,0	17	15	150
0:43:47	17	1,0	17	15	150
0:43:48	17	1,0	17	15	150
0:43:49	17	1,0	17	15	150
0:43:50	16	1,0	17	15	150
0:43:51	17	1,0	17	15	150
0:43:52	17	1,0	17	15	150
0:43:53	17	1,0	17	15	150
0:43:54	17	1,0	17	15	150
0:43:55	17	1,0	17	15	150
0:43:56	17	1,0	17	15	150
0:43:57	17	1,0	17	15	150
0:43:58	17	1,0	17	15	150
0:43:59	17	1,0	17	15	150
0:44:00	17	1,0	17	15	150
0:44:01	17	1,0	17	15	150
0:44:02	17	1,0	17	15	150
0:44:03	17	1,0	17	15	150
0:44:04	17	1,0	17	15	150
0:44:05	17	1,0	17	15	150
0:44:06	17	1,0	17	15	150
0:44:07	16	1,0	17	15	150
0:44:08	17	1,0	17	15	150
0:44:09	17	1,0	17	15	150
0:44:10	17	1,0	17	15	150
0:44:11	17	1,0	17	15	150
0:44:12	17	1,0	17	15	150
0:44:13	17	1,0	17	15	150
0:44:14	17	1,0	17	15	150
0:44:15	16	1,0	17	15	150
0:44:16	16	1,0	17	15	150
0:44:17	16	1,1	17	15	150
0:44:18	17	1,2	17	15	150
0:44:19	17	1,2	17	15	150
0:44:20	17	1,2	17	15	150
0:44:21	17	1,2	17	15	150
0:44:22	17	1,2	17	15	150
0:44:23	17	1,2	17	15	150
0:44:24	17	1,2	18	15	150
0:44:25	17	1,2	18	15	150
0:44:26	17	1,2	18	15	150
0:44:27	17	1,2	18	15	150
0:44:28	17	1,2	18	15	150
0:44:29	17	1,2	18	15	150
0:44:30	17	1,2	18	15	150
0:44:31	17	1,2	18	15	150
0:44:32	16	1,2	18	15	150
0:44:33	16	1,2	18	15	150
0:44:34	17	1,2	18	15	150
0:44:35	17	1,2	18	15	150
0:44:36	17	1,2	18	15	150
0:44:37	17	1,2	18	15	150
0:44:38	17	1,2	18	15	150
0:44:39	17	1,2	18	15	150
0:44:40	17	1,2	18	15	150
0:44:41	17	1,2	18	15	150
0:44:42	16	1,2	18	15	150
0:44:43	16	1,2	18	15	150
0:44:44	17	1,2	18	15	150
0:44:45	16	1,2	18	15	150
0:44:46	17	1,2	18	15	150
0:44:47	17	1,2	18	15	150
0:44:48	17	1,2	18	15	150
0:44:49	16	1,2	18	15	150
0:44:50	16	1,2	18	15	150
0:44:51	16	1,1	18	15	150
0:44:52	17	1,1	18	15	150
0:44:53	17	1,1	18	15	150
0:44:54	16	1,1	18	15	150
0:44:55	17	1,1	18	15	150
0:44:56	17	1,1	18	15	150
0:44:57	17	1,1	18	15	150
0:44:58	16	1,1	18	15	150
0:44:59	16	1,1	18	15	150
0:45:00	17	1,1	18	15	150
0:45:01	17	1,1	18	15	150
0:45:02	16	1,1	18	15	150
0:45:03	17	1,1	18	15	150
0:45:04	16	1,1	18	15	150
0:45:05	16	1,1	18	15	150
0:45:06	16	1,1	18	15	150
0:45:07	16	1,1	18	15	150
0:45:08	16	1,1	18	15	150
0:45:09	17	1,1	18	15	150
0:45:10	17	1,1	18	15	150
0:45:11	16	1,1	18	15	150
0:45:12	16	1,1	18	15	150
0:45:13	16	1,1	18	15	150
0:45:14	17	1,1	18	15	150
0:45:15	16	1,1	18	15	150
0:45:16	16	1,1	18	15	150
0:45:17	16	1,1	18	15	150
0:45:18	17	1,1	19	15	150
0:45:19	16	1,1	19	15	150
0:45:20	16	1,1	19	15	150
0:45:21	16	1,1	19	15	150
0:45:22	17	1,1	19	15	150
0:45:23	16	1,1	19	15	150
0:45:24	16	1,1	19	15	150
0:45:25	16	1,1	19	15	150
0:45:26	16	1,1	19	15	150
0:45:27	17	1,1	19	15	150
0:45:28	16	1,1	19	15	150
0:45:29	16	1,1	19	15	150
0:45:30	16	1,1	19	15	150
0:45:31	16	1,1	19	15	150
0:45:32	16	1,1	19	15	150
0:45:33	16	1,1	19	15	150
0:45:34	16	1,1	19	15	150
0:45:35	16	1,1	19	15	150
0:45:36	17	1,1	19	15	150
0:45:37	17	1,1	19	15	150
0:45:38	17	1,1	19	15	150
0:45:39	16	1,1	19	15	150
0:45:40	16	1,1	19	15	150
0:45:41	16	1,1	19	15	150
0:45:42	16	1,1	19	15	150
0:45:43	17	1,1	19	15	150
0:45:44	16	1,1	19	15	150
0:45:45	17	1,1	19	15	150
0:45:46	17	1,1	19	15	150
0:45:47	16	1,1	19	15	150
0:45:48	17	1,1	19	15	150
0:45:49	16	1,1	19	15	150
0:45:50	16	1,1	19	15	150
0:45:51	16	1,1	19	15	150
0:45:52	16	1,1	19	15	150
0:45:53	16	1,1	19	15	150
0:45:54	17	1,1	19	15	150
0:45:55	17	1,1	19	15	150
0:45:56	16	1,1	19	15	150
0:45:57	16	1,1	19	15	150
0:45:58	16	1,1	19	15	150
0:45:59	16	1,1	19	15	150
0:46:00	17	1,1	19	15	150
0:46:01	17	1,1	19	15	150
0:46:02	17	1,1	19	15	150
0:46:03	16	1,1	19	15	150
0:46:04	16	1,1	19	15	150
0:46:05	17	1,1	19	15	150
0:46:06	17	1,1	19	15	150
0:46:07	17	1,1	19	15	150
0:46:08	16	1,1	19	15	150
0:46:09	17	1,1	19	15	150
0:46:10	17	1,1	19	15	150
0:46:11	17	1,1	19	15	150
0:46:12	17	1,0	19	15	150
0:46:13	17	1,0	19	15	150
0:46:14	17	1,0	19	15	150
0:46:15	16	1,0	19	15	150
0:46:16	17	1,0	19	15	150
0:46:17	16	1,0	19	15	150
0:46:18	16	1,0	19	15	150
0:46:19	17	1,0	19	15	150
0:46:20	17	1,0	19	15	150
0:46:21	16	1,0	19	15	150
0:46:22	16	1,0	19	15	150
0:46:23	16	1,0	19	15	150
0:46:24	16	1,0	19	15	150
0:46:25	16	1,0	19	15	150
0:46:26	16	1,0	19	15	150
0:46:27	16	1,0	19	15	150
0:46:28	16	1,0	19	15	150
0:46:29	17	1,0	19	15	150
0:46:30	17	1,0	19	15	150
0:46:31	17	1,0	19	15	150
0:46:32	17	1,0	19	15	150
0:46:33	16	1,0	19	15	150
0:46:34	17	1,0	19	15	150
0:46:35	17	1,0	19	15	150
0:46:36	16	1,0	19	15	150
0:46:37	17	1,0	19	15	150
0:46:38	17	1,0	19	15	150
0:46:39	16	1,0	19	15	150
0:46:40	17	1,0	19	15	150
0:46:41	17	1,0	20	15	150
0:46:42	16	1,0	20	15	150
0:46:43	16	1,0	20	15	150
0:46:44	16	1,0	20	15	150
0:46:45	16	1,0	20	15	150
0:46:46	16	1,0	20	15	150
0:46:47	16	1,0	20	15	150
0:46:48	16	1,0	20	15	150
0:46:49	17	1,0	20	15	150
0:46:50	17	1,0	20	15	150
0:46:51	17	1,0	20	15	150
0:46:52	17	1,0	20	15	150
0:46:53	17	1,0	20	15	150
0:46:54	16	1,0	20	15	150
0:46:55	17	1,0	20	15	150
0:46:56	16	1,0	20	15	150
0:46:57	17	1,0	20	15	150
0:46:58	16	1,0	20	15	150
0:46:59	16	1,0	20	15	150
0:47:00	16	1,0	20	15	150
0:47:01	17	1,0	20	15	150
0:47:02	17	1,0	20	15	150
0:47:03	17	1,0	20	15	150
0:47:04	16	1,0	20	15	150
0:47:05	16	1,0	20	15	150
0:47:06	17	1,0	20	15	150
0:47:07	17	1,0	20	15	150
0:47:08	17	1,0	20	15	150
0:47:09	16	1,0	20	15	150
0:47:10	16	1,0	20	15	150
0:47:11	16	1,0	20	15	150
0:47:12	16	1,0	20	15	150
0:47:13	16	1,0	20	15	150
0:47:14	16	1,0	20	15	150
0:47:15	16	1,0	20	15	150
0:47:16	16	1,0	20	15	150
0:47:17	16	1,0	20	15	150
0:47:18	17	1,0	20	15	150
0:47:19	17	1,0	20	15	150
0:47:20	17	1,0	20	15	150
0:47:21	17	1,1	20	15	150
0:47:22	17	1,3	20	15	150
0:47:23	17	1,3	20	15	150
0:47:24	17	1,3	20	15	150
0:47:25	16	1,3	20	15	150
0:47:26	16	1,3	20	15	150
0:47:27	17	1,3	20	15	150
0:47:28	17	1,3	20	15	150
0:47:29	17	1,3	20	15	150
0:47:30	16	1,3	20	15	150
0:47:31	17	1,3	20	15	150
0:47:32	17	1,3	20	15	150
0:47:33	17	1,3	20	15	150
0:47:34	17	1,3	20	15	150
0:47:35	17	1,3	20	15	150
0:47:36	16	1,3	20	15	150
0:47:37	16	1,3	20	15	150
0:47:38	16	1,3	20	15	150
0:47:39	16	1,3	20	15	150
0:47:40	16	1,3	20	15	150
0:47:41	17	1,3	20	15	150
0:47:42	17	1,3	20	15	150
0:47:43	17	1,3	20	15	150
0:47:44	17	1,3	20	15	150
0:47:45	16	1,3	20	15	150
0:47:46	17	1,3	20	15	150
0:47:47	17	1,3	20	15	150
0:47:48	17	1,3	20	15	150
0:47:49	17	1,3	20	15	150
0:47:50	17	1,3	20	15	150
0:47:51	17	1,3	20	15	150
0:47:52	17	1,3	20	15	150
0:47:53	17	1,3	20	15	150
0:47:54	16	1,3	20	15	150
0:47:55	17	1,3	20	15	150
0:47:56	17	1,3	20	15	150
0:47:57	17	1,3	20	15	150
0:47:58	17	1,3	20	15	150
0:47:59	17	1,3	20	15	150
0:48:00	17	1,3	20	15	150
0:48:01	17	1,3	20	15	150
0:48:02	17	1,3	20	15	150
0:48:03	16	1,3	20	15	150
0:48:04	16	1,3	20	15	150
0:48:05	16	1,3	20	15	150
0:48:06	16	1,3	20	15	150
0:48:07	16	1,3	20	15	150
0:48:08	17	1,3	20	15	150
0:48:09	17	1,3	20	15	150
0:48:10	17	1,3	20	15	150
0:48:11	16	1,3	20	15	150
0:48:12	17	1,3	20	15	150
0:48:13	17	1,3	20	15	150
0:48:14	17	1,2	20	15	150
0:48:15	17	1,2	20	15	150
0:48:16	17	1,2	20	15	150
0:48:17	17	1,2	20	15	150
0:48:18	17	1,2	20	15	150
0:48:19	17	1,2	20	15	150
0:48:20	17	1,2	20	15	150
0:48:21	16	1,2	20	15	150
0:48:22	17	1,2	20	15	150
0:48:23	17	1,2	20	15	150
0:48:24	17	1,2	20	15	150
0:48:25	17	1,2	20	15	150
0:48:26	17	1,2	20	15	150
0:48:27	17	1,2	20	15	150
0:48:28	17	1,2	20	15	150
0:48:29	17	1,2	20	15	150
0:48:30	17	1,2	20	15	150
0:48:31	17	1,2	20	15	150
0:48:32	17	1,2	20	15	150
0:48:33	17	1,2	20	15	150
0:48:34	17	1,2	20	15	150
0:48:35	17	1,2	20	15	150
0:48:36	17	1,2	20	15	150
0:48:37	17	1,2	20	15	150
0:48:38	17	1,2	20	15	150
0:48:39	17	1,2	20	15	150
0:48:40	17	1,2	20	15	150
0:48:41	17	1,2	20	15	150
0:48:42	17	1,2	20	15	150
0:48:43	17	1,2	20	15	150
0:48:44	17	1,2	20	15	150
0:48:45	17	1,2	20	15	150
0:48:46	17	1,2	20	15	150
0:48:47	17	1,2	20	15	150
0:48:48	17	1,2	20	15	150
0:48:49	17	1,2	20	15	150
0:48:50	17	1,2	20	15	150
0:48:51	17	1,2	20	15	150
0:48:52	17	1,2	20	15	150
0:48:53	17	1,2	20	15	150
0:48:54	17	1,2	20	15	150
0:48:55	17	1,2	20	15	150
0:48:56	17	1,2	20	15	150
0:48:57	17	1,2	20	15	150
0:48:58	17	1,2	20	15	150
0:48:59	17	1,2	20	15	150
0:49:00	17	1,2	20	15	150
0:49:01	17	1,2	20	15	150
0:49:02	17	1,2	20	15	150
0:49:03	17	1,2	20	15	150
0:49:04	17	1,2	20	15	150
0:49:05	17	1,2	20	15	150
0:49:06	17	1,2	20	15	150
0:49:07	17	1,2	20	15	150
0:49:08	17	1,2	20	15	150
0:49:09	17	1,2	20	15	150
0:49:10	17	1,2	20	15	150
0:49:11	17	1,2	20	15	150
0:49:12	17	1,2	20	15	150
0:49:13	17	1,2	20	15	150
0:49:14	17	1,2	20	15	150
0:49:15	17	1,2	20	15	150
0:49:16	17	1,2	20	15	150
0:49:17	17	1,2	20	15	150
0:49:18	17	1,2	20	15	150
0:49:19	17	1,2	20	15	150
0:49:20	17	1,2	20	15	150
0:49:21	17	1,2	20	15	150
0:49:22	17	1,2	20	15	150
0:49:23	17	1,1	20	15	150
0:49:24	17	1,1	20	15	150
0:49:25	17	1,1	20	15	150
0:49:26	17	1,1	20	15	150
0:49:27	17	1,1	20	15	150
0:49:28	17	1,1	20	15	150
0:49:29	17	1,1	20	15	150
0:49:30	17	1,1	20	15	150
0:49:31	17	1,1	20	15	150
0:49:32	17	1,1	20	15	150
0:49:33	17	1,1	21	15	150
0:49:34	17	1,1	21	15	150
0:49:35	17	1,1	21	15	150
0:49:36	17	1,1	21	15	150
0:49:37	17	1,1	21	15	150
0:49:38	17	1,1	21	15	150
0:49:39	17	1,1	21	15	150
0:49:40	17	1,1	21	15	150
0:49:41	17	1,1	21	15	150
0:49:42	17	1,1	21	15	150
0:49:43	17	1,1	21	15	150
0:49:44	17	1,1	21	15	150
0:49:45	17	1,1	21	15	150
0:49:46	17	1,1	21	15	150
0:49:47	17	1,1	21	15	150
0:49:48	17	1,1	21	15	150
0:49:49	17	1,1	21	15	150
0:49:50	17	1,1	21	15	150
0:49:51	17	1,1	21	15	150
0:49:52	17	1,1	21	15	150
0:49:53	17	1,1	21	15	150
0:49:54	17	1,1	21	15	150
0:49:55	17	1,1	21	15	150
0:49:56	17	1,1	21	15	150
0:49:57	17	1,1	21	15	150
0:49:58	17	1,1	21	15	150
0:49:59	17	1,1	21	15	150
0:50:00	17	1,1	21	15	150
0:50:01	17	1,1	21	15	150
0:50:02	17	1,1	21	15	150
0:50:03	17	1,1	21	15	150
0:50:04	17	1,1	21	15	150
0:50:05	17	1,1	21	15	150
0:50:06	17	1,1	21	15	150
0:50:07	17	1,1	21	15	150
0:50:08	17	1,1	21	15	150
0:50:09	17	1,1	21	15	150
0:50:10	17	1,1	21	15	150
0:50:11	17	1,1	21	15	150
0:50:12	17	1,1	21	15	150
0:50:13	17	1,1	21	15	150
0:50:14	17	1,1	21	15	150
0:50:15	17	1,1	21	15	150
0:50:16	17	1,1	21	15	150
0:50:17	17	1,1	21	15	150
0:50:18	17	1,1	21	15	150
0:50:19	17	1,1	21	15	150
0:50:20	17	1,1	21	15	150
0:50:21	17	1,1	21	15	150
0:50:22	17	1,1	21	15	150
0:50:23	17	1,1	21	15	150
0:50:24	17	1,1	21	15	150
0:50:25	17	1,1	21	15	150
0:50:26	17	1,1	21	15	150
0:50:27	17	1,1	21	15	150
0:50:28	17	1,0	21	15	150
0:50:29	17	1,1	21	15	150
0:50:30	17	1,0	21	15	150
0:50:31	17	1,0	21	15	150
0:50:32	17	1,0	21	15	150
0:50:33	17	1,0	21	15	150
0:50:34	17	1,0	21	15	150
0:50:35	17	1,0	21	15	150
0:50:36	17	1,0	21	15	150
0:50:37	17	1,0	21	15	150
0:50:38	17	1,0	21	15	150
0:50:39	17	1,0	21	15	150
0:50:40	17	1,0	21	15	150
0:50:41	17	1,0	21	15	150
0:50:42	17	1,0	21	15	150
0:50:43	17	1,0	22	15	150
0:50:44	17	1,0	22	15	150
0:50:45	17	1,0	22	15	150
0:50:46	17	1,0	22	15	150
0:50:47	17	1,0	22	15	150
0:50:48	17	1,0	22	15	150
0:50:49	17	1,0	22	15	150
0:50:50	17	1,0	22	15	150
0:50:51	17	1,0	22	15	150
0:50:52	17	1,0	22	15	150
0:50:53	17	1,0	22	15	150
0:50:54	17	1,0	22	15	150
0:50:55	17	1,0	22	15	150
0:50:56	17	1,0	22	15	150
0:50:57	17	1,0	22	15	150
0:50:58	17	1,0	22	15	150
0:50:59	17	1,0	23	15	150
0:51:00	17	1,0	23	15	150
0:51:01	17	1,0	23	15	150
0:51:02	17	1,0	23	15	150
0:51:03	17	1,0	23	15	150
0:51:04	17	1,0	23	15	150
0:51:05	17	1,0	23	15	150
0:51:06	17	1,0	23	15	150
0:51:07	17	1,0	23	15	150
0:51:08	17	1,0	23	15	150
0:51:09	17	1,0	23	15	150
0:51:10	17	1,0	23	15	150
0:51:11	17	1,0	24	15	150
0:51:12	17	1,0	24	15	150
0:51:13	17	1,0	24	15	150
0:51:14	17	1,0	24	15	150
0:51:15	17	1,0	24	15	150
0:51:16	17	1,0	24	15	150
0:51:17	17	1,0	24	15	150
0:51:18	17	1,0	25	15	150
0:51:19	17	1,0	25	15	150
0:51:20	17	1,0	25	15	150
0:51:21	17	1,0	25	15	150
0:51:22	17	1,0	25	15	150
0:51:23	17	1,0	25	15	150
0:51:24	17	1,0	25	15	150
0:51:25	17	1,0	25	15	150
0:51:26	17	1,0	25	15	150
0:51:27	17	1,0	25	15	150
0:51:28	17	1,0	25	15	150
0:51:29	17	1,0	25	15	150
0:51:30	17	1,0	25	15	150
0:51:31	17	1,0	25	15	150
0:51:32	17	1,0	25	15	150
0:51:33	17	1,0	25	15	150
0:51:34	17	1,0	25	15	150
0:51:35	17	1,0	25	15	150
0:51:36	17	1,2	25	15	150
0:51:37	17	1,3	25	15	150
0:51:38	17	1,3	25	15	150
0:51:39	17	1,3	25	15	150
0:51:40	17	1,3	25	15	150
0:51:41	17	1,3	25	15	150
0:51:42	17	1,3	25	15	150
0:51:43	17	1,3	25	15	150
0:51:44	17	1,3	26	15	150
0:51:45	17	1,3	26	15	150
0:51:46	17	1,3	26	15	150
0:51:47	17	1,3	26	15	150
0:51:48	17	1,3	26	15	150
0:51:49	17	1,3	26	15	150
0:51:50	17	1,3	26	15	150
0:51:51	17	1,3	26	15	150
0:51:52	17	1,3	26	15	150
0:51:53	17	1,3	26	15	150
0:51:54	17	1,3	26	15	150
0:51:55	17	1,3	26	15	150
0:51:56	17	1,3	26	15	150
0:51:57	17	1,3	26	15	150
0:51:58	17	1,3	26	15	150
0:51:59	17	1,3	26	15	150
0:52:00	17	1,3	26	15	150
0:52:01	17	1,3	26	15	150
0:52:02	17	1,3	26	15	150
0:52:03	17	1,3	26	15	150
0:52:04	17	1,3	26	15	150
0:52:05	17	1,3	26	15	150
0:52:06	17	1,3	26	15	150
0:52:07	17	1,3	26	15	150
0:52:08	17	1,3	26	15	150
0:52:09	17	1,3	26	15	150
0:52:10	17	1,2	26	15	150
0:52:11	17	1,2	26	15	150
0:52:12	17	1,2	26	15	150
0:52:13	17	1,2	26	15	150
0:52:14	17	1,2	26	15	150
0:52:15	17	1,2	27	15	150
0:52:16	17	1,2	27	15	150
0:52:17	17	1,2	27	15	150
0:52:18	17	1,2	27	15	150
0:52:19	17	1,2	27	15	150
0:52:20	17	1,2	27	15	150
0:52:21	17	1,2	27	15	150
0:52:22	17	1,2	27	15	150
0:52:23	17	1,2	27	15	150
0:52:24	17	1,2	27	15	150
0:52:25	17	1,2	27	15	150
0:52:26	17	1,2	27	15	150
0:52:27	17	1,2	27	15	150
0:52:28	17	1,2	27	15	150
0:52:29	17	1,2	27	15	150
0:52:30	17	1,2	27	15	150
0:52:31	17	1,2	27	15	150
0:52:32	17	1,2	27	15	150
0:52:33	17	1,2	27	15	150
0:52:34	17	1,2	27	15	150
0:52:35	17	1,2	28	15	150
0:52:36	17	1,2	28	15	150
0:52:37	17	1,2	28	15	150
0:52:38	17	1,2	28	15	150
0:52:39	17	1,2	28	15	150
0:52:40	17	1,2	28	15	150
0:52:41	17	1,2	28	15	150
0:52:42	17	1,2	28	15	150
0:52:43	17	1,2	28	15	150
0:52:44	17	1,2	28	15	150
0:52:45	17	1,2	28	15	150
0:52:46	17	1,2	28	15	150
0:52:47	17	1,2	28	15	150
0:52:48	17	1,2	28	15	150
0:52:49	17	1,2	28	15	150
0:52:50	17	1,2	28	15	150
0:52:51	17	1,2	28	15	150
0:52:52	17	1,2	28	15	150
0:52:53	17	1,2	28	15	150
0:52:54	17	1,2	28	15	150
0:52:55	17	1,2	28	15	150
0:52:56	17	1,2	28	15	150
0:52:57	17	1,2	28	15	150
0:52:58	17	1,2	28	15	150
0:52:59	17	1,2	28	15	150
0:53:00	17	1,1	28	15	150
0:53:01	17	1,1	28	15	150
0:53:02	17	1,1	28	15	150
0:53:03	17	1,1	28	15	150
0:53:04	17	1,1	29	15	150
0:53:05	17	1,1	29	15	150
0:53:06	17	1,1	29	15	150
0:53:07	17	1,1	29	15	150
0:53:08	17	1,1	29	15	150
0:53:09	17	1,1	29	15	150
0:53:10	17	1,1	29	15	150
0:53:11	17	1,1	29	15	150
0:53:12	17	1,1	30	15	150
0:53:13	17	1,1	30	15	150
0:53:14	17	1,1	30	15	150
0:53:15	17	1,1	30	15	150
0:53:16	17	1,1	30	15	150
0:53:17	17	1,1	30	15	150
0:53:18	17	1,1	30	15	150
0:53:19	17	1,1	30	15	150
0:53:20	17	1,1	30	15	150
0:53:21	17	1,1	30	15	150
0:53:22	17	1,1	30	15	150
0:53:23	17	1,1	31	15	150
0:53:24	17	1,1	31	15	150
0:53:25	17	1,1	31	15	150
0:53:26	17	1,1	31	15	150
0:53:27	17	1,1	31	15	150
0:53:28	17	1,1	31	15	150
0:53:29	17	1,1	31	15	150
0:53:30	17	1,1	31	15	150
0:53:31	17	1,1	31	15	150
0:53:32	17	1,1	31	15	150
0:53:33	17	1,1	32	15	150
0:53:34	17	1,1	32	15	150
0:53:35	17	1,1	32	15	150
0:53:36	17	1,1	32	15	150
0:53:37	17	1,1	32	15	150
0:53:38	17	1,1	32	15	150
0:53:39	17	1,1	32	15	150
0:53:40	17	1,1	32	15	150
0:53:41	17	1,1	32	15	150
0:53:42	17	1,1	32	15	150
0:53:43	17	1,1	32	15	150
0:53:44	17	1,0	32	15	150
0:53:45	17	1,0	32	15	150
0:53:46	17	1,0	32	15	150
0:53:47	17	1,0	32	15	150
0:53:48	17	1,0	33	15	150
0:53:49	17	1,0	33	15	150
0:53:50	17	1,0	33	15	150
0:53:51	17	1,0	33	15	150
0:53:52	17	1,0	33	15	150
0:53:53	17	1,0	33	15	150
0:53:54	17	1,0	33	15	150
0:53:55	17	1,0	33	15	150
0:53:56	17	1,0	33	15	150
0:53:57	17	1,0	33	15	150
0:53:58	17	1,0	33	15	150
0:53:59	17	1,0	34	15	150
0:54:00	17	1,0	34	15	150
0:54:01	17	1,0	34	15	150
0:54:02	17	1,0	34	15	150
0:54:03	17	1,0	34	15	150
0:54:04	17	1,0	34	15	150
0:54:05	17	1,0	34	15	150
0:54:06	17	1,0	34	15	150
0:54:07	17	1,0	34	15	150
0:54:08	17	1,0	35	15	150
0:54:09	17	1,0	35	15	150
0:54:10	17	1,0	35	15	150
0:54:11	17	1,0	35	15	150
0:54:12	17	1,0	35	15	150
0:54:13	17	1,0	35	15	150
0:54:14	17	1,0	35	15	150
0:54:15	17	1,0	35	15	150
0:54:16	17	1,0	35	15	150
0:54:17	17	1,0	36	15	150
0:54:18	17	1,0	36	15	150
0:54:19	17	1,0	36	15	150
0:54:20	17	1,0	36	15	150
0:54:21	17	1,0	36	15	150
0:54:22	17	1,1	36	15	150
0:54:23	17	1,1	37	15	150
0:54:24	17	1,1	37	15	150
0:54:25	17	1,1	37	15	150
0:54:26	17	1,1	37	15	150
0:54:27	17	1,1	37	15	150
0:54:28	17	1,1	38	15	150
0:54:29	17	1,1	38	15	150
0:54:30	17	1,1	38	15	150
0:54:31	17	1,1	38	15	150
0:54:32	17	1,1	38	15	150
0:54:33	17	1,1	39	15	150
0:54:34	17	1,1	39	15	150
0:54:35	17	1,1	39	15	150
0:54:36	17	1,0	39	15	150
0:54:37	17	1,0	39	15	150
0:54:38	17	1,0	40	15	150
0:54:39	17	1,0	40	15	150
0:54:40	17	1,0	40	15	150
0:54:41	17	1,0	40	15	150
0:54:42	17	1,0	41	15	150
0:54:43	17	1,0	41	15	150
0:54:44	17	1,0	41	15	150
0:54:45	17	1,0	42	15	150
0:54:46	17	1,0	42	15	150
0:54:47	17	1,0	42	15	150
0:54:48	17	1,0	43	15	150
0:54:49	17	1,0	44	15	150
0:54:50	17	1,0	44	15	150
0:54:51	17	1,0	45	15	150
0:54:52	17	1,0	45	15	150
0:54:53	17	1,0	46	15	150
0:54:54	17	1,0	47	15	150
0:54:55	17	1,0	47	15	150
0:54:56	17	1,0	48	15	150
0:54:57	17	1,0	49	15	150
0:54:58	17	1,0	50	15	150
0:54:59	17	1,0	51	15	150
0:55:00	17	0,9	52	15	150
0:55:01	17	0,9	54	15	150
0:55:02	17	1,0	55	15	150
0:55:03	17	1,1	57	15	150
0:55:04	17	1,2	58	15	150
0:55:05	17	1,2	59	15	150
0:55:06	17	1,1	61	15	150
0:55:07	17	1,1	63	15	150
0:55:08	18	1,1	64	15	150
0:55:09	18	1,1	66	15	150
0:55:10	18	1,1	68	15	150
0:55:11	18	1,1	69	15	150
0:55:12	18	1,1	71	15	150
0:55:13	18	1,1	72	15	150
0:55:14	18	1,1	73	15	150
0:55:15	18	1,0	74	15	150
0:55:16	18	1,0	76	15	150
0:55:17	18	1,0	77	15	150
0:55:18	18	1,0	78	15	150
0:55:19	18	1,0	79	15	150
0:55:20	18	1,0	80	15	150
0:55:21	18	1,0	82	15	150
0:55:22	18	1,0	83	15	150
0:55:23	18	0,9	85	15	150
0:55:24	18	0,9	86	15	150
0:55:25	18	0,9	87	15	150
0:55:26	18	0,9	88	15	150
0:55:27	18	1,1	89	15	150
0:55:28	18	1,2	90	15	150
0:55:29	18	1,2	91	15	150
0:55:30	18	1,2	91	15	150
0:55:31	18	1,2	93	15	150
0:55:32	18	1,2	93	15	150
0:55:33	18	1,2	94	15	150
0:55:34	18	1,2	95	15	150
0:55:35	18	1,2	96	15	150
0:55:36	18	1,2	98	15	150
0:55:37	18	1,2	99	15	150
0:55:38	18	1,1	100	15	150
0:55:39	18	1,1	101	15	150
0:55:40	18	1,1	102	15	150
0:55:41	18	1,1	102	15	150
0:55:42	18	1,1	104	15	150
0:55:43	18	1,1	105	15	150
0:55:44	18	1,1	105	15	31
