--Test Summary--
Full Path and File Name	
Instrument Name	7222
Instrument Type	Model 7222 Consistometer
Instrument Serial Number	
Test Start Date	17.01.2020
Test Start Time	10:37:18
Test Stop Date	17.01.2020
Test Stop Time	15:58:03
Test Length	5:20:45
Final Sample Time Offset	5:20:40
Controller Schedule Name	
Sampling Period	10 seconds
Comments	
Information	WellID	
Information	Customer	
Information	EngName	
Information	CementClass	I-50
Information	CementMfr	
Information	Additives	100I-50+20ASPM+0.6CFL-450+0.3CD-301+0.5SMS
Information	Density	1420
Information	BHCT	25
Information	BHST	
Information	FluidLoss	
Information	JobType	
Calculated Value	Time_30Bc	N/A
Calculated Value	Time_70Bc	N/A
Initial Temperature (°C)	23 °C
Final Temperature (°C)	28 °C
Initial Pressure (MPa)	0,5 MPa
Final Pressure (MPa)	15,7 MPa
Initial Consistency (Bc)	19 Bc
Final Consistency (Bc)	21 Bc
--Data--
Time (HH:MM:SS)	Temperature (°C)	Pressure (MPa)	Consistency (Bc)
0:00:00	23	0,5	19
0:00:10	23	0,5	19
0:00:20	23	0,6	22
0:00:30	23	0,7	22
0:00:40	23	0,8	17
0:00:50	23	0,8	19
0:01:00	23	0,9	17
0:01:10	23	0,9	18
0:01:20	22	1,1	21
0:01:30	22	1,1	18
0:01:40	22	1,2	17
0:01:50	22	1,3	18
0:02:00	22	1,4	23
0:02:10	22	1,6	18
0:02:20	22	1,6	24
0:02:30	22	1,6	22
0:02:40	22	1,7	23
0:02:50	22	1,8	20
0:03:00	22	1,9	18
0:03:10	22	1,9	17
0:03:20	22	2,0	17
0:03:30	22	2,1	17
0:03:40	22	2,2	18
0:03:50	22	2,3	20
0:04:00	22	2,5	20
0:04:10	22	2,5	22
0:04:20	22	2,5	23
0:04:30	22	2,7	20
0:04:40	22	2,7	19
0:04:50	22	2,9	18
0:05:00	22	2,8	17
0:05:10	22	3,0	17
0:05:20	22	3,2	17
0:05:30	22	3,2	19
0:05:40	22	3,4	17
0:05:50	22	3,3	18
0:06:00	22	3,5	18
0:06:10	22	3,5	17
0:06:20	22	3,7	17
0:06:30	22	3,6	17
0:06:40	22	3,6	17
0:06:50	22	3,8	19
0:07:00	22	3,8	21
0:07:10	22	4,0	20
0:07:20	22	4,0	17
0:07:30	22	4,1	18
0:07:40	22	4,3	18
0:07:50	22	4,3	20
0:08:00	22	4,4	23
0:08:10	22	4,4	22
0:08:20	22	4,5	23
0:08:30	22	4,5	24
0:08:40	22	4,6	29
0:08:50	22	4,8	32
0:09:00	22	4,8	23
0:09:10	22	4,9	21
0:09:20	22	5,1	20
0:09:30	22	5,0	19
0:09:40	22	5,2	19
0:09:50	22	5,2	19
0:10:00	22	5,3	19
0:10:10	22	5,5	19
0:10:20	22	5,4	20
0:10:30	22	5,6	20
0:10:40	22	5,7	20
0:10:50	22	5,6	20
0:11:00	22	5,8	23
0:11:10	22	5,9	27
0:11:20	22	5,9	28
0:11:30	22	6,0	26
0:11:40	22	6,1	25
0:11:50	22	6,1	23
0:12:00	22	6,2	21
0:12:10	22	6,3	21
0:12:20	22	6,5	20
0:12:30	22	6,4	19
0:12:40	22	6,5	19
0:12:50	22	6,7	21
0:13:00	22	6,7	25
0:13:10	22	6,8	26
0:13:20	22	6,9	26
0:13:30	22	7,0	27
0:13:40	22	7,1	25
0:13:50	22	7,1	24
0:14:00	22	7,3	27
0:14:10	22	7,3	27
0:14:20	22	7,4	29
0:14:30	22	7,4	22
0:14:40	22	7,5	19
0:14:50	22	7,7	19
0:15:00	22	7,7	18
0:15:10	22	7,9	18
0:15:20	22	7,8	24
0:15:30	22	7,9	25
0:15:40	22	8,1	21
0:15:50	22	8,0	19
0:16:00	22	8,2	24
0:16:10	22	8,3	27
0:16:20	22	8,4	27
0:16:30	22	8,4	23
0:16:40	22	8,5	22
0:16:50	22	8,6	21
0:17:00	22	8,6	22
0:17:10	22	8,7	20
0:17:20	22	8,9	20
0:17:30	22	8,9	20
0:17:40	22	9,0	20
0:17:50	22	9,1	20
0:18:00	22	9,1	19
0:18:10	22	9,2	19
0:18:20	22	9,3	26
0:18:30	22	9,4	28
0:18:40	22	9,5	29
0:18:50	22	9,6	27
0:19:00	22	9,7	25
0:19:10	22	9,6	27
0:19:20	22	9,8	32
0:19:30	22	9,9	24
0:19:40	22	9,9	25
0:19:50	22	10,0	26
0:20:00	22	10,1	24
0:20:10	22	10,2	29
0:20:20	22	10,2	27
0:20:30	22	10,3	25
0:20:40	22	10,4	25
0:20:50	22	10,4	25
0:21:00	22	10,5	29
0:21:10	22	10,7	22
0:21:20	22	10,8	27
0:21:30	22	10,8	27
0:21:40	22	10,9	28
0:21:50	22	10,9	24
0:22:00	22	11,0	30
0:22:10	22	11,1	30
0:22:20	22	11,2	26
0:22:30	22	11,2	26
0:22:40	22	11,4	21
0:22:50	22	11,5	33
0:23:00	22	11,5	27
0:23:10	22	11,7	28
0:23:20	22	11,7	29
0:23:30	22	11,9	27
0:23:40	22	11,9	19
0:23:50	22	11,9	21
0:24:00	22	12,0	18
0:24:10	22	12,1	17
0:24:20	22	12,1	17
0:24:30	22	12,2	17
0:24:40	22	12,3	17
0:24:50	22	12,4	20
0:25:00	22	12,5	20
0:25:10	22	12,6	16
0:25:20	22	12,6	17
0:25:30	22	12,8	17
0:25:40	22	12,8	19
0:25:50	22	12,9	19
0:26:00	22	13,0	22
0:26:10	22	13,1	22
0:26:20	22	13,3	20
0:26:30	22	13,2	25
0:26:40	22	13,4	23
0:26:50	22	13,5	21
0:27:00	22	13,4	20
0:27:10	22	13,6	18
0:27:20	22	13,7	17
0:27:30	22	13,7	17
0:27:40	22	13,8	18
0:27:50	22	13,9	24
0:28:00	22	14,3	25
0:28:10	22	14,2	23
0:28:20	22	14,1	22
0:28:30	22	14,2	27
0:28:40	22	14,6	27
0:28:50	22	14,5	25
0:29:00	22	14,4	22
0:29:10	22	14,5	20
0:29:20	22	15,0	21
0:29:30	22	14,9	25
0:29:40	22	14,8	23
0:29:50	22	14,8	25
0:30:00	22	14,7	27
0:30:10	22	14,8	20
0:30:20	22	14,7	21
0:30:30	22	14,8	25
0:30:40	22	14,8	20
0:30:50	22	14,7	23
0:31:00	22	14,7	20
0:31:10	22	14,8	20
0:31:20	22	14,8	18
0:31:30	22	14,7	18
0:31:40	22	14,8	20
0:31:50	22	14,8	24
0:32:00	22	14,8	23
0:32:10	22	14,8	19
0:32:20	22	14,7	19
0:32:30	22	14,8	20
0:32:40	22	14,7	18
0:32:50	22	15,2	20
0:33:00	22	15,2	19
0:33:10	22	15,1	19
0:33:20	22	15,1	18
0:33:30	22	15,1	21
0:33:40	22	15,1	25
0:33:50	22	15,0	24
0:34:00	22	15,0	27
0:34:10	22	15,0	19
0:34:20	22	15,0	27
0:34:30	22	15,0	28
0:34:40	22	14,9	24
0:34:50	22	14,9	22
0:35:00	22	14,9	18
0:35:10	22	14,9	19
0:35:20	22	14,9	18
0:35:30	22	14,9	17
0:35:40	22	14,9	17
0:35:50	22	14,9	17
0:36:00	22	14,9	17
0:36:10	22	14,8	22
0:36:20	22	15,0	20
0:36:30	22	15,0	22
0:36:40	22	15,0	20
0:36:50	22	15,0	21
0:37:00	22	15,0	23
0:37:10	22	15,0	20
0:37:20	22	15,0	18
0:37:30	22	14,9	17
0:37:40	22	14,9	16
0:37:50	22	14,9	18
0:38:00	22	14,9	17
0:38:10	22	14,9	16
0:38:20	22	14,9	16
0:38:30	22	14,9	16
0:38:40	22	14,9	16
0:38:50	22	14,9	16
0:39:00	22	14,9	17
0:39:10	22	14,9	16
0:39:20	22	14,9	30
0:39:30	22	14,8	23
0:39:40	22	14,9	18
0:39:50	22	14,8	24
0:40:00	22	14,8	21
0:40:10	22	14,8	21
0:40:20	22	14,8	19
0:40:30	22	14,8	18
0:40:40	22	14,8	20
0:40:50	22	14,8	17
0:41:00	22	14,8	19
0:41:10	22	14,8	18
0:41:20	22	14,8	19
0:41:30	22	14,8	17
0:41:40	22	14,8	16
0:41:50	22	14,8	20
0:42:00	22	14,8	21
0:42:10	22	14,8	20
0:42:20	22	14,8	18
0:42:30	22	14,8	19
0:42:40	22	14,8	17
0:42:50	22	14,8	17
0:43:00	22	14,8	18
0:43:10	22	14,8	18
0:43:20	22	14,7	18
0:43:30	22	14,7	17
0:43:40	22	14,7	17
0:43:50	22	14,7	19
0:44:00	22	14,7	23
0:44:10	22	14,7	19
0:44:20	22	14,7	20
0:44:30	22	14,9	26
0:44:40	22	14,9	26
0:44:50	22	14,9	26
0:45:00	22	14,9	20
0:45:10	22	14,8	25
0:45:20	22	14,8	18
0:45:30	22	14,8	18
0:45:40	22	14,8	20
0:45:50	22	14,8	23
0:46:00	22	14,8	19
0:46:10	22	14,8	18
0:46:20	22	14,8	17
0:46:30	22	14,8	25
0:46:40	22	14,8	18
0:46:50	22	14,8	17
0:47:00	22	14,8	17
0:47:10	22	14,8	17
0:47:20	22	14,8	17
0:47:30	22	14,8	17
0:47:40	22	14,8	17
0:47:50	22	14,8	18
0:48:00	22	14,8	18
0:48:10	22	14,8	20
0:48:20	22	14,8	23
0:48:30	22	14,8	21
0:48:40	22	14,8	24
0:48:50	22	14,8	25
0:49:00	22	14,8	22
0:49:10	22	14,8	21
0:49:20	22	14,8	20
0:49:30	22	14,8	20
0:49:40	22	14,8	20
0:49:50	22	14,8	20
0:50:00	22	14,8	20
0:50:10	22	14,8	20
0:50:20	22	14,8	20
0:50:30	22	14,8	20
0:50:40	22	14,8	19
0:50:50	22	14,8	20
0:51:00	22	14,7	19
0:51:10	22	14,8	19
0:51:20	22	14,8	19
0:51:30	22	14,8	19
0:51:40	22	14,8	19
0:51:50	22	14,8	19
0:52:00	22	14,8	19
0:52:10	22	14,8	19
0:52:20	22	14,8	19
0:52:30	22	14,7	19
0:52:40	22	14,7	19
0:52:50	22	14,7	19
0:53:00	22	14,7	19
0:53:10	22	14,7	19
0:53:20	22	14,8	19
0:53:30	22	14,7	25
0:53:40	22	14,7	20
0:53:50	22	14,7	20
0:54:00	22	14,7	19
0:54:10	22	14,7	18
0:54:20	22	14,7	18
0:54:30	22	14,7	18
0:54:40	22	14,7	19
0:54:50	22	14,7	18
0:55:00	22	14,7	18
0:55:10	22	14,7	17
0:55:20	22	14,7	18
0:55:30	22	14,7	20
0:55:40	22	14,7	22
0:55:50	22	14,7	19
0:56:00	22	14,7	18
0:56:10	22	14,7	18
0:56:20	22	14,7	18
0:56:30	22	14,8	18
0:56:40	22	14,8	18
0:56:50	22	14,8	18
0:57:00	22	14,8	18
0:57:10	22	14,8	18
0:57:20	22	14,7	18
0:57:30	22	14,7	18
0:57:40	22	14,7	18
0:57:50	22	14,8	18
0:58:00	22	14,8	17
0:58:10	22	14,8	17
0:58:20	22	14,8	17
0:58:30	22	14,8	17
0:58:40	22	14,8	17
0:58:50	22	14,8	17
0:59:00	22	14,8	17
0:59:10	22	14,8	17
0:59:20	22	14,8	17
0:59:30	22	14,8	17
0:59:40	22	14,8	17
0:59:50	22	14,8	17
1:00:00	22	14,8	17
1:00:10	22	14,8	17
1:00:20	22	14,7	17
1:00:30	22	14,7	17
1:00:40	22	14,7	17
1:00:50	22	15,2	17
1:01:00	22	15,2	17
1:01:10	22	15,2	17
1:01:20	22	15,2	17
1:01:30	22	15,2	17
1:01:40	22	15,1	17
1:01:50	22	15,2	17
1:02:00	22	15,2	17
1:02:10	22	15,2	17
1:02:20	22	15,2	17
1:02:30	22	15,2	17
1:02:40	22	15,2	17
1:02:50	23	15,2	17
1:03:00	22	15,2	17
1:03:10	22	15,1	17
1:03:20	22	15,2	17
1:03:30	22	15,2	17
1:03:40	22	15,2	17
1:03:50	23	15,2	17
1:04:00	22	15,2	17
1:04:10	22	15,2	17
1:04:20	23	15,2	17
1:04:30	23	15,2	17
1:04:40	22	15,2	17
1:04:50	22	15,2	17
1:05:00	23	15,2	17
1:05:10	23	15,2	17
1:05:20	23	15,2	17
1:05:30	23	15,2	17
1:05:40	23	15,2	18
1:05:50	23	15,3	18
1:06:00	23	15,4	18
1:06:10	23	15,4	18
1:06:20	23	15,4	18
1:06:30	23	15,4	17
1:06:40	23	15,4	17
1:06:50	23	15,4	18
1:07:00	23	15,4	18
1:07:10	23	15,4	17
1:07:20	23	15,4	19
1:07:30	23	15,4	26
1:07:40	23	15,5	22
1:07:50	23	15,6	21
1:08:00	23	15,6	21
1:08:10	23	15,5	19
1:08:20	23	15,5	18
1:08:30	23	15,5	18
1:08:40	23	15,5	18
1:08:50	23	15,5	18
1:09:00	23	15,6	18
1:09:10	23	15,6	18
1:09:20	23	15,6	18
1:09:30	23	15,6	18
1:09:40	23	15,6	18
1:09:50	23	15,6	18
1:10:00	23	15,6	18
1:10:10	23	15,6	19
1:10:20	23	15,6	28
1:10:30	23	15,6	21
1:10:40	23	15,6	20
1:10:50	23	15,6	19
1:11:00	23	15,6	19
1:11:10	23	15,6	18
1:11:20	23	15,6	18
1:11:30	23	15,6	18
1:11:40	23	15,6	18
1:11:50	23	15,6	18
1:12:00	23	15,6	18
1:12:10	23	15,6	18
1:12:20	23	15,6	18
1:12:30	23	15,6	18
1:12:40	23	15,6	18
1:12:50	23	15,6	18
1:13:00	23	15,6	18
1:13:10	23	15,6	17
1:13:20	23	15,6	17
1:13:30	23	15,6	17
1:13:40	23	15,6	17
1:13:50	23	15,6	17
1:14:00	23	15,6	17
1:14:10	23	15,6	17
1:14:20	23	15,6	17
1:14:30	23	15,6	17
1:14:40	23	15,6	17
1:14:50	23	15,6	17
1:15:00	23	15,6	17
1:15:10	23	15,6	17
1:15:20	23	15,6	17
1:15:30	23	15,6	17
1:15:40	23	15,6	17
1:15:50	23	15,6	17
1:16:00	23	15,6	17
1:16:10	23	15,6	17
1:16:20	23	15,6	17
1:16:30	23	15,6	17
1:16:40	23	15,6	17
1:16:50	23	15,6	17
1:17:00	23	15,6	17
1:17:10	23	15,6	17
1:17:20	23	15,6	17
1:17:30	23	15,6	17
1:17:40	23	15,6	17
1:17:50	23	15,6	17
1:18:00	23	15,6	17
1:18:10	23	15,6	17
1:18:20	23	15,6	17
1:18:30	23	15,6	17
1:18:40	23	15,6	17
1:18:50	23	15,6	17
1:19:00	23	15,6	17
1:19:10	23	15,6	17
1:19:20	23	15,6	17
1:19:30	23	15,6	17
1:19:40	23	15,6	17
1:19:50	23	15,6	17
1:20:00	23	15,6	17
1:20:10	23	15,6	17
1:20:20	23	15,6	17
1:20:30	23	15,6	17
1:20:40	23	15,6	17
1:20:50	23	15,6	17
1:21:00	23	15,6	17
1:21:10	23	15,6	17
1:21:20	23	15,6	17
1:21:30	23	15,6	17
1:21:40	23	15,6	17
1:21:50	23	15,6	17
1:22:00	23	15,6	17
1:22:10	23	15,6	17
1:22:20	23	15,6	17
1:22:30	23	15,6	17
1:22:40	23	15,6	17
1:22:50	23	15,6	17
1:23:00	23	15,6	17
1:23:10	23	15,6	17
1:23:20	23	15,6	17
1:23:30	23	15,6	17
1:23:40	23	15,7	17
1:23:50	23	15,7	17
1:24:00	23	15,7	17
1:24:10	23	15,7	17
1:24:20	23	15,7	17
1:24:30	23	15,7	17
1:24:40	23	15,7	17
1:24:50	23	15,7	17
1:25:00	23	15,7	17
1:25:10	23	15,7	17
1:25:20	23	15,7	17
1:25:30	23	15,7	17
1:25:40	23	15,7	17
1:25:50	23	15,7	17
1:26:00	23	15,7	17
1:26:10	23	15,7	17
1:26:20	23	15,7	17
1:26:30	23	15,7	17
1:26:40	23	15,7	17
1:26:50	23	15,7	17
1:27:00	23	15,6	17
1:27:10	23	15,6	17
1:27:20	23	15,6	17
1:27:30	23	15,5	17
1:27:40	23	15,2	17
1:27:50	23	15,3	17
1:28:00	23	15,0	17
1:28:10	23	15,0	17
1:28:20	23	15,0	17
1:28:30	23	15,0	17
1:28:40	23	15,0	17
1:28:50	23	15,5	17
1:29:00	23	15,6	17
1:29:10	23	15,6	17
1:29:20	23	15,7	17
1:29:30	23	15,7	17
1:29:40	23	15,7	17
1:29:50	23	15,7	17
1:30:00	23	15,7	17
1:30:10	23	15,7	17
1:30:20	23	15,7	17
1:30:30	23	15,7	17
1:30:40	23	15,7	17
1:30:50	23	15,7	17
1:31:00	23	15,7	17
1:31:10	23	15,7	17
1:31:20	23	15,7	17
1:31:30	23	15,7	17
1:31:40	23	15,7	17
1:31:50	23	15,7	17
1:32:00	23	15,7	17
1:32:10	23	15,7	17
1:32:20	23	15,5	17
1:32:30	23	15,5	17
1:32:40	23	15,6	17
1:32:50	23	15,6	17
1:33:00	23	15,6	17
1:33:10	23	15,6	17
1:33:20	23	15,6	17
1:33:30	23	15,6	17
1:33:40	23	15,6	17
1:33:50	23	15,6	17
1:34:00	23	15,6	17
1:34:10	23	15,6	17
1:34:20	23	15,6	17
1:34:30	23	15,6	17
1:34:40	23	15,6	17
1:34:50	23	15,6	17
1:35:00	23	15,6	17
1:35:10	23	15,6	17
1:35:20	23	15,6	17
1:35:30	23	15,6	17
1:35:40	23	15,6	17
1:35:50	23	15,6	17
1:36:00	23	15,6	17
1:36:10	23	15,6	17
1:36:20	23	15,6	17
1:36:30	23	15,6	17
1:36:40	23	15,6	17
1:36:50	23	15,6	17
1:37:00	23	15,6	17
1:37:10	23	15,6	17
1:37:20	23	15,6	17
1:37:30	23	15,6	17
1:37:40	23	15,6	17
1:37:50	23	15,6	17
1:38:00	23	15,6	17
1:38:10	23	15,6	17
1:38:20	23	15,5	17
1:38:30	23	15,3	17
1:38:40	23	15,3	17
1:38:50	23	15,1	17
1:39:00	23	15,1	17
1:39:10	23	15,1	17
1:39:20	23	15,1	17
1:39:30	23	15,1	17
1:39:40	23	15,1	17
1:39:50	23	15,1	17
1:40:00	23	15,1	17
1:40:10	23	15,1	17
1:40:20	23	15,1	17
1:40:30	23	15,1	17
1:40:40	23	15,1	17
1:40:50	23	15,2	17
1:41:00	23	15,3	17
1:41:10	23	15,2	17
1:41:20	23	15,2	17
1:41:30	23	15,3	17
1:41:40	23	15,3	17
1:41:50	23	15,2	17
1:42:00	23	15,2	17
1:42:10	23	15,3	17
1:42:20	23	15,1	17
1:42:30	24	15,1	17
1:42:40	23	15,1	17
1:42:50	24	15,1	17
1:43:00	23	15,1	17
1:43:10	23	15,1	17
1:43:20	23	15,1	17
1:43:30	24	15,1	17
1:43:40	24	15,1	17
1:43:50	24	15,1	17
1:44:00	24	15,1	17
1:44:10	24	15,1	17
1:44:20	24	15,1	17
1:44:30	24	15,1	17
1:44:40	24	15,2	17
1:44:50	24	15,2	17
1:45:00	24	15,2	17
1:45:10	24	15,1	17
1:45:20	24	15,1	17
1:45:30	24	15,2	17
1:45:40	24	15,2	17
1:45:50	24	15,2	17
1:46:00	24	15,2	17
1:46:10	24	15,2	17
1:46:20	24	15,2	17
1:46:30	24	15,2	17
1:46:40	24	15,2	17
1:46:50	24	15,2	17
1:47:00	24	15,2	17
1:47:10	24	15,2	17
1:47:20	24	15,2	17
1:47:30	24	15,2	17
1:47:40	24	15,2	17
1:47:50	24	15,2	17
1:48:00	24	15,2	17
1:48:10	24	15,2	17
1:48:20	24	15,3	17
1:48:30	24	15,4	17
1:48:40	24	15,2	17
1:48:50	24	15,2	17
1:49:00	24	15,2	17
1:49:10	24	15,3	17
1:49:20	24	15,2	17
1:49:30	24	15,2	17
1:49:40	24	15,2	17
1:49:50	24	15,2	17
1:50:00	24	15,3	17
1:50:10	24	15,2	17
1:50:20	24	15,2	17
1:50:30	24	15,2	17
1:50:40	24	15,2	17
1:50:50	24	15,2	17
1:51:00	24	15,2	17
1:51:10	24	15,2	17
1:51:20	24	15,2	17
1:51:30	24	15,2	17
1:51:40	24	15,2	17
1:51:50	24	15,2	17
1:52:00	24	15,2	17
1:52:10	24	15,2	17
1:52:20	24	15,2	17
1:52:30	24	15,2	17
1:52:40	24	15,1	18
1:52:50	24	15,0	18
1:53:00	24	15,1	18
1:53:10	24	15,0	18
1:53:20	24	14,9	18
1:53:30	24	14,8	18
1:53:40	24	14,7	18
1:53:50	24	14,7	19
1:54:00	24	14,7	18
1:54:10	24	14,7	19
1:54:20	24	14,7	18
1:54:30	24	14,7	18
1:54:40	24	14,7	18
1:54:50	24	14,7	18
1:55:00	24	14,7	18
1:55:10	24	14,7	18
1:55:20	24	14,7	18
1:55:30	24	14,7	18
1:55:40	24	14,7	18
1:55:50	24	14,7	18
1:56:00	24	14,7	18
1:56:10	24	14,8	18
1:56:20	24	14,8	19
1:56:30	24	15,0	24
1:56:40	24	15,0	22
1:56:50	24	15,0	22
1:57:00	24	15,0	21
1:57:10	24	15,0	20
1:57:20	24	15,0	21
1:57:30	24	15,0	22
1:57:40	24	15,0	21
1:57:50	24	15,0	20
1:58:00	24	15,0	19
1:58:10	24	15,0	19
1:58:20	24	15,0	19
1:58:30	24	15,0	18
1:58:40	24	15,0	18
1:58:50	24	15,0	18
1:59:00	24	15,0	18
1:59:10	24	15,0	18
1:59:20	24	15,1	18
1:59:30	24	15,1	17
1:59:40	24	15,1	17
1:59:50	24	15,1	17
2:00:00	24	15,1	17
2:00:10	24	15,2	17
2:00:20	24	15,2	17
2:00:30	24	15,3	17
2:00:40	24	15,3	17
2:00:50	24	15,3	17
2:01:00	24	15,4	28
2:01:10	24	15,4	26
2:01:20	24	15,4	24
2:01:30	24	15,4	21
2:01:40	24	15,4	19
2:01:50	24	15,4	18
2:02:00	24	15,4	20
2:02:10	24	15,4	18
2:02:20	24	15,4	22
2:02:30	24	15,4	19
2:02:40	24	15,4	19
2:02:50	24	15,4	18
2:03:00	24	15,4	17
2:03:10	24	15,4	17
2:03:20	24	15,4	17
2:03:30	24	15,5	19
2:03:40	24	15,5	17
2:03:50	24	15,4	17
2:04:00	24	15,5	17
2:04:10	24	15,5	17
2:04:20	24	15,5	17
2:04:30	24	15,5	17
2:04:40	24	15,5	17
2:04:50	24	15,5	17
2:05:00	24	15,5	17
2:05:10	24	15,5	17
2:05:20	24	15,5	17
2:05:30	24	15,5	17
2:05:40	24	15,5	17
2:05:50	24	15,5	17
2:06:00	24	15,5	17
2:06:10	24	15,5	17
2:06:20	24	15,5	17
2:06:30	24	15,5	17
2:06:40	24	15,5	17
2:06:50	24	15,6	17
2:07:00	24	15,6	17
2:07:10	24	15,6	17
2:07:20	24	15,6	17
2:07:30	24	15,6	17
2:07:40	24	15,6	17
2:07:50	24	15,6	17
2:08:00	24	15,6	17
2:08:10	24	15,6	17
2:08:20	24	15,6	17
2:08:30	24	15,6	17
2:08:40	24	15,6	17
2:08:50	24	15,6	17
2:09:00	24	15,6	17
2:09:10	24	15,6	17
2:09:20	24	15,6	17
2:09:30	24	15,6	16
2:09:40	24	15,6	17
2:09:50	24	15,6	17
2:10:00	24	15,7	17
2:10:10	24	15,7	16
2:10:20	24	15,7	17
2:10:30	24	15,7	17
2:10:40	24	15,7	16
2:10:50	24	15,7	16
2:11:00	24	15,7	17
2:11:10	24	15,7	16
2:11:20	24	15,7	17
2:11:30	24	15,7	16
2:11:40	24	15,7	16
2:11:50	24	15,8	16
2:12:00	24	15,3	17
2:12:10	24	15,3	17
2:12:20	24	15,3	17
2:12:30	24	15,4	17
2:12:40	24	15,4	17
2:12:50	24	15,4	17
2:13:00	24	15,4	16
2:13:10	24	15,4	16
2:13:20	24	15,4	17
2:13:30	24	15,4	17
2:13:40	24	15,4	16
2:13:50	24	15,4	16
2:14:00	24	15,4	16
2:14:10	24	15,4	17
2:14:20	24	15,4	16
2:14:30	24	15,4	16
2:14:40	24	15,4	16
2:14:50	24	15,4	16
2:15:00	24	15,4	16
2:15:10	24	15,4	16
2:15:20	24	15,4	16
2:15:30	24	15,4	16
2:15:40	24	15,4	17
2:15:50	24	15,5	17
2:16:00	24	15,4	16
2:16:10	24	15,5	17
2:16:20	24	15,5	16
2:16:30	24	15,5	16
2:16:40	24	15,5	16
2:16:50	24	15,5	16
2:17:00	24	15,5	16
2:17:10	24	15,5	16
2:17:20	24	15,5	16
2:17:30	24	15,5	16
2:17:40	24	15,5	16
2:17:50	24	15,5	16
2:18:00	24	15,5	16
2:18:10	24	15,5	17
2:18:20	24	15,5	16
2:18:30	24	15,5	16
2:18:40	24	15,5	17
2:18:50	24	15,5	17
2:19:00	24	15,5	16
2:19:10	24	15,5	16
2:19:20	24	15,5	16
2:19:30	24	15,5	16
2:19:40	24	15,5	16
2:19:50	24	15,5	16
2:20:00	24	15,5	16
2:20:10	24	15,5	17
2:20:20	24	15,5	16
2:20:30	24	15,5	16
2:20:40	24	15,5	16
2:20:50	24	15,5	16
2:21:00	24	15,5	16
2:21:10	24	15,5	16
2:21:20	25	15,5	16
2:21:30	24	15,5	17
2:21:40	25	15,5	16
2:21:50	24	15,5	16
2:22:00	25	15,5	16
2:22:10	25	15,5	16
2:22:20	25	15,5	17
2:22:30	25	15,5	17
2:22:40	25	15,5	17
2:22:50	25	15,5	17
2:23:00	25	15,5	17
2:23:10	25	15,5	17
2:23:20	25	15,5	16
2:23:30	25	15,4	16
2:23:40	25	15,4	17
2:23:50	25	15,4	17
2:24:00	25	15,4	17
2:24:10	25	15,4	17
2:24:20	25	15,4	17
2:24:30	25	15,3	17
2:24:40	25	15,3	17
2:24:50	25	15,3	17
2:25:00	25	15,2	17
2:25:10	25	15,2	17
2:25:20	25	15,2	17
2:25:30	25	15,1	17
2:25:40	25	15,0	17
2:25:50	24	7,9	21
2:26:00	24	3,5	26
2:26:10	24	1,6	22
2:26:20	24	0,7	26
2:26:30	24	0,4	26
2:26:40	24	0,2	24
2:26:50	24	0,1	23
2:27:00	24	0,1	22
2:27:10	24	0,0	22
2:27:20	24	0,0	22
2:27:30	24	0,0	22
2:27:40	24	-0,0	22
2:27:50	24	-0,0	21
2:28:00	24	-0,0	21
2:28:10	24	-0,0	21
2:28:20	24	-0,1	21
2:28:30	24	-0,1	21
2:28:40	24	-0,1	22
2:28:50	24	-0,1	21
2:29:00	24	-0,1	21
2:29:10	24	-0,1	21
2:29:20	24	-0,1	22
2:29:30	24	-0,1	20
2:29:40	24	-0,1	19
2:29:50	24	-0,1	19
2:30:00	24	-0,1	19
2:30:10	24	-0,1	19
2:30:20	24	-0,1	19
2:30:30	24	-0,1	18
2:30:40	24	-0,1	18
2:30:50	24	-0,1	18
2:31:00	24	-0,1	18
2:31:10	24	-0,1	18
2:31:20	24	-0,1	18
2:31:30	24	-0,1	18
2:31:40	24	-0,1	18
2:31:50	24	-0,1	18
2:32:00	24	-0,1	18
2:32:10	24	-0,1	18
2:32:20	24	-0,1	18
2:32:30	24	-0,1	18
2:32:40	24	-0,1	18
2:32:50	24	-0,1	18
2:33:00	24	-0,1	18
2:33:10	24	-0,1	17
2:33:20	24	-0,1	17
2:33:30	24	-0,1	17
2:33:40	24	-0,1	17
2:33:50	24	-0,1	17
2:34:00	24	-0,1	17
2:34:10	24	-0,1	17
2:34:20	24	-0,1	17
2:34:30	24	-0,1	17
2:34:40	25	-0,1	17
2:34:50	25	-0,1	17
2:35:00	25	-0,1	17
2:35:10	25	-0,1	17
2:35:20	25	-0,1	17
2:35:30	25	-0,1	17
2:35:40	25	-0,1	17
2:35:50	25	-0,1	17
2:36:00	25	-0,1	17
2:36:10	25	-0,1	17
2:36:20	25	-0,1	17
2:36:30	25	-0,1	17
2:36:40	25	-0,1	17
2:36:50	25	-0,1	17
2:37:00	25	-0,1	16
2:37:10	25	-0,1	16
2:37:20	25	-0,1	16
2:37:30	25	-0,1	16
2:37:40	25	-0,1	16
2:37:50	25	-0,1	16
2:38:00	25	-0,1	16
2:38:10	25	-0,1	16
2:38:20	25	-0,1	16
2:38:30	25	-0,1	15
2:38:40	25	-0,1	14
2:38:50	25	-0,1	14
2:39:00	25	-0,1	13
2:39:10	25	-0,1	13
2:39:20	25	-0,1	13
2:39:30	25	-0,1	13
2:39:40	25	-0,1	13
2:39:50	25	-0,1	12
2:40:00	25	-0,1	12
2:40:10	25	-0,1	12
2:40:20	25	-0,1	12
2:40:30	25	-0,1	12
2:40:40	25	-0,1	12
2:40:50	25	-0,1	12
2:41:00	25	-0,1	12
2:41:10	25	-0,1	12
2:41:20	25	-0,1	12
2:41:30	25	-0,1	12
2:41:40	25	-0,1	12
2:41:50	25	-0,1	12
2:42:00	25	-0,1	12
2:42:10	25	-0,1	12
2:42:20	25	-0,1	12
2:42:30	25	-0,0	12
2:42:40	25	8,1	13
2:42:50	25	15,3	19
2:43:00	25	15,1	18
2:43:10	25	15,0	20
2:43:20	25	14,9	18
2:43:30	25	14,8	18
2:43:40	25	14,8	17
2:43:50	25	14,7	16
2:44:00	25	14,9	16
2:44:10	25	14,9	16
2:44:20	25	14,9	17
2:44:30	25	14,8	17
2:44:40	25	14,8	15
2:44:50	25	14,8	16
2:45:00	25	14,8	19
2:45:10	25	14,7	19
2:45:20	25	14,9	17
2:45:30	25	14,9	18
2:45:40	25	14,9	17
2:45:50	25	14,9	16
2:46:00	25	14,8	16
2:46:10	25	14,8	16
2:46:20	25	14,8	16
2:46:30	25	14,8	16
2:46:40	25	14,8	15
2:46:50	25	14,8	16
2:47:00	25	14,8	15
2:47:10	25	14,8	15
2:47:20	25	14,8	15
2:47:30	25	14,8	15
2:47:40	25	14,8	15
2:47:50	25	14,8	15
2:48:00	25	14,8	16
2:48:10	25	14,8	16
2:48:20	25	14,8	15
2:48:30	25	14,8	15
2:48:40	25	14,7	15
2:48:50	25	14,8	16
2:49:00	25	14,7	15
2:49:10	25	14,7	16
2:49:20	25	14,8	15
2:49:30	25	14,9	15
2:49:40	25	14,9	15
2:49:50	25	14,9	15
2:50:00	25	14,9	16
2:50:10	25	14,9	15
2:50:20	25	14,9	16
2:50:30	25	14,9	16
2:50:40	25	14,9	15
2:50:50	25	14,9	16
2:51:00	25	14,9	16
2:51:10	25	14,9	15
2:51:20	25	14,9	15
2:51:30	25	14,9	16
2:51:40	25	14,9	15
2:51:50	25	14,9	16
2:52:00	25	14,9	15
2:52:10	25	14,9	15
2:52:20	25	14,9	16
2:52:30	25	14,9	15
2:52:40	25	14,9	16
2:52:50	25	14,9	15
2:53:00	25	14,9	15
2:53:10	25	14,9	15
2:53:20	25	14,9	15
2:53:30	25	14,9	15
2:53:40	25	14,9	15
2:53:50	25	14,9	16
2:54:00	25	14,9	16
2:54:10	25	14,9	16
2:54:20	25	14,9	16
2:54:30	25	14,9	16
2:54:40	25	14,9	16
2:54:50	25	14,9	16
2:55:00	25	14,9	16
2:55:10	25	14,9	16
2:55:20	25	14,9	17
2:55:30	25	14,9	17
2:55:40	25	14,9	17
2:55:50	25	14,9	17
2:56:00	25	14,9	17
2:56:10	25	14,9	17
2:56:20	26	14,9	17
2:56:30	25	14,9	17
2:56:40	25	14,9	17
2:56:50	25	14,9	17
2:57:00	25	14,9	17
2:57:10	25	14,9	17
2:57:20	26	14,9	16
2:57:30	26	14,9	16
2:57:40	26	14,9	16
2:57:50	26	14,9	16
2:58:00	26	14,9	16
2:58:10	26	14,9	16
2:58:20	26	14,9	16
2:58:30	26	14,9	16
2:58:40	26	14,9	17
2:58:50	26	14,9	17
2:59:00	26	14,9	17
2:59:10	26	14,9	17
2:59:20	26	14,9	17
2:59:30	26	14,9	17
2:59:40	26	14,9	17
2:59:50	26	14,9	17
3:00:00	25	14,9	17
3:00:10	26	14,9	17
3:00:20	26	14,9	18
3:00:30	26	14,9	18
3:00:40	26	14,9	18
3:00:50	26	14,9	18
3:01:00	26	14,9	18
3:01:10	26	14,9	17
3:01:20	26	14,9	17
3:01:30	26	14,9	17
3:01:40	26	14,9	17
3:01:50	26	14,9	17
3:02:00	26	14,9	17
3:02:10	26	14,9	17
3:02:20	26	15,0	17
3:02:30	26	14,9	17
3:02:40	26	14,9	17
3:02:50	26	15,0	17
3:03:00	26	14,9	17
3:03:10	26	14,9	17
3:03:20	26	15,0	17
3:03:30	26	15,0	17
3:03:40	26	15,0	17
3:03:50	26	14,9	17
3:04:00	26	15,0	17
3:04:10	26	15,0	17
3:04:20	26	15,0	17
3:04:30	26	15,0	17
3:04:40	26	15,0	17
3:04:50	26	15,0	17
3:05:00	26	15,0	17
3:05:10	26	15,0	17
3:05:20	26	15,0	17
3:05:30	26	15,0	17
3:05:40	26	15,0	17
3:05:50	26	15,0	17
3:06:00	26	15,0	17
3:06:10	26	15,0	17
3:06:20	26	15,0	17
3:06:30	26	15,0	16
3:06:40	26	15,0	17
3:06:50	26	15,0	17
3:07:00	26	15,0	16
3:07:10	26	15,0	16
3:07:20	26	15,0	16
3:07:30	26	15,0	16
3:07:40	26	15,0	16
3:07:50	26	15,0	16
3:08:00	26	15,0	16
3:08:10	26	15,0	16
3:08:20	26	15,0	16
3:08:30	26	15,0	16
3:08:40	26	15,0	16
3:08:50	26	14,9	16
3:09:00	26	14,9	17
3:09:10	26	15,0	17
3:09:20	26	15,0	17
3:09:30	26	15,0	17
3:09:40	26	15,0	17
3:09:50	26	14,9	17
3:10:00	26	15,0	17
3:10:10	26	15,0	17
3:10:20	26	15,0	17
3:10:30	26	15,0	17
3:10:40	26	14,9	17
3:10:50	26	14,9	17
3:11:00	26	15,0	17
3:11:10	26	15,0	17
3:11:20	26	14,9	17
3:11:30	26	14,9	17
3:11:40	26	15,0	17
3:11:50	26	15,0	17
3:12:00	26	15,0	17
3:12:10	26	15,0	17
3:12:20	26	15,0	17
3:12:30	26	15,0	17
3:12:40	26	15,0	17
3:12:50	26	15,0	17
3:13:00	26	15,0	17
3:13:10	26	14,9	17
3:13:20	26	15,0	17
3:13:30	26	15,0	17
3:13:40	26	15,0	17
3:13:50	26	15,0	17
3:14:00	26	15,0	17
3:14:10	26	15,0	17
3:14:20	26	15,0	17
3:14:30	26	15,0	17
3:14:40	26	15,0	17
3:14:50	26	15,0	17
3:15:00	26	15,0	17
3:15:10	26	15,0	17
3:15:20	26	15,0	17
3:15:30	26	15,0	17
3:15:40	26	15,0	17
3:15:50	26	15,0	17
3:16:00	26	15,0	17
3:16:10	26	15,0	17
3:16:20	26	15,0	17
3:16:30	26	15,0	17
3:16:40	26	15,0	17
3:16:50	26	15,0	17
3:17:00	26	15,0	17
3:17:10	26	15,0	17
3:17:20	26	15,0	17
3:17:30	26	15,0	17
3:17:40	26	15,0	17
3:17:50	26	15,0	17
3:18:00	26	15,0	17
3:18:10	26	15,0	17
3:18:20	26	15,0	17
3:18:30	26	15,0	18
3:18:40	26	15,0	18
3:18:50	26	15,0	18
3:19:00	26	15,0	17
3:19:10	26	15,0	18
3:19:20	26	15,0	18
3:19:30	26	15,0	18
3:19:40	26	15,0	18
3:19:50	26	15,1	18
3:20:00	26	15,0	18
3:20:10	26	15,0	18
3:20:20	26	15,0	18
3:20:30	26	15,1	18
3:20:40	26	15,1	18
3:20:50	26	15,1	18
3:21:00	26	15,1	18
3:21:10	26	15,1	18
3:21:20	26	15,1	18
3:21:30	26	15,1	18
3:21:40	26	15,1	18
3:21:50	26	15,1	18
3:22:00	26	15,1	18
3:22:10	26	15,1	18
3:22:20	26	15,1	18
3:22:30	26	15,1	18
3:22:40	26	15,1	18
3:22:50	26	15,1	18
3:23:00	26	15,1	18
3:23:10	26	15,1	18
3:23:20	26	15,0	18
3:23:30	26	15,1	18
3:23:40	26	15,1	18
3:23:50	26	15,1	18
3:24:00	26	15,1	18
3:24:10	26	15,1	18
3:24:20	26	15,1	18
3:24:30	26	15,1	18
3:24:40	26	15,1	18
3:24:50	26	15,1	18
3:25:00	26	15,2	18
3:25:10	26	15,2	18
3:25:20	26	15,2	18
3:25:30	26	15,2	18
3:25:40	26	15,2	18
3:25:50	26	15,3	18
3:26:00	26	15,3	18
3:26:10	26	15,3	18
3:26:20	26	15,3	18
3:26:30	26	15,3	18
3:26:40	26	15,3	18
3:26:50	26	15,3	18
3:27:00	26	15,3	18
3:27:10	26	15,3	18
3:27:20	26	15,2	18
3:27:30	26	15,3	18
3:27:40	26	15,3	18
3:27:50	26	15,3	18
3:28:00	26	15,2	18
3:28:10	26	15,2	18
3:28:20	26	15,2	18
3:28:30	26	15,2	18
3:28:40	26	15,2	18
3:28:50	26	15,2	18
3:29:00	26	15,3	18
3:29:10	26	15,2	18
3:29:20	26	15,2	18
3:29:30	26	15,3	18
3:29:40	26	15,3	18
3:29:50	26	15,3	18
3:30:00	26	15,3	18
3:30:10	26	15,2	18
3:30:20	26	15,3	18
3:30:30	26	15,3	18
3:30:40	26	15,3	18
3:30:50	26	15,3	18
3:31:00	26	15,3	18
3:31:10	26	15,3	18
3:31:20	26	15,3	18
3:31:30	26	15,3	18
3:31:40	26	15,3	18
3:31:50	26	15,3	18
3:32:00	26	15,2	18
3:32:10	26	15,3	18
3:32:20	26	15,2	18
3:32:30	26	15,3	18
3:32:40	26	15,3	18
3:32:50	26	15,3	18
3:33:00	26	15,3	18
3:33:10	26	15,4	18
3:33:20	26	15,4	18
3:33:30	26	15,4	18
3:33:40	26	15,4	18
3:33:50	26	15,4	18
3:34:00	26	15,3	18
3:34:10	26	15,4	18
3:34:20	26	15,4	18
3:34:30	26	15,3	18
3:34:40	26	15,3	18
3:34:50	26	15,2	18
3:35:00	26	15,2	18
3:35:10	26	15,0	18
3:35:20	26	15,0	18
3:35:30	26	15,0	18
3:35:40	26	15,0	18
3:35:50	26	15,0	18
3:36:00	26	14,9	18
3:36:10	26	14,9	18
3:36:20	26	15,0	18
3:36:30	26	15,0	18
3:36:40	26	14,9	18
3:36:50	26	14,9	18
3:37:00	26	14,9	18
3:37:10	26	14,9	18
3:37:20	26	14,9	18
3:37:30	26	14,9	18
3:37:40	26	14,9	18
3:37:50	26	14,9	18
3:38:00	26	15,0	18
3:38:10	26	14,9	18
3:38:20	26	14,9	18
3:38:30	26	15,0	18
3:38:40	26	15,0	18
3:38:50	26	15,0	18
3:39:00	26	15,0	18
3:39:10	26	15,0	18
3:39:20	26	15,0	18
3:39:30	26	15,0	18
3:39:40	26	15,0	18
3:39:50	26	15,0	18
3:40:00	26	15,0	18
3:40:10	26	15,0	18
3:40:20	26	15,0	18
3:40:30	26	15,0	18
3:40:40	26	15,0	18
3:40:50	26	15,0	18
3:41:00	26	15,0	18
3:41:10	26	15,0	18
3:41:20	26	15,0	18
3:41:30	26	15,0	18
3:41:40	26	15,0	18
3:41:50	26	15,0	18
3:42:00	26	15,0	18
3:42:10	26	15,0	18
3:42:20	26	15,0	18
3:42:30	26	15,0	18
3:42:40	26	15,0	18
3:42:50	26	15,0	18
3:43:00	26	15,0	18
3:43:10	26	15,0	18
3:43:20	26	15,0	18
3:43:30	26	15,0	19
3:43:40	26	15,0	19
3:43:50	26	15,0	19
3:44:00	26	15,0	19
3:44:10	26	15,0	19
3:44:20	26	15,0	19
3:44:30	26	15,0	19
3:44:40	26	15,0	19
3:44:50	26	15,0	19
3:45:00	26	15,0	19
3:45:10	26	15,0	19
3:45:20	26	15,0	19
3:45:30	26	15,0	19
3:45:40	26	15,0	19
3:45:50	26	15,0	19
3:46:00	26	15,0	19
3:46:10	26	15,0	19
3:46:20	26	15,0	19
3:46:30	26	15,1	19
3:46:40	26	15,0	19
3:46:50	26	15,0	19
3:47:00	26	15,0	19
3:47:10	26	15,0	18
3:47:20	26	15,1	18
3:47:30	26	15,1	18
3:47:40	26	15,1	18
3:47:50	26	15,7	18
3:48:00	26	15,6	18
3:48:10	26	15,6	18
3:48:20	26	15,7	18
3:48:30	26	15,6	18
3:48:40	26	15,7	18
3:48:50	26	15,6	18
3:49:00	26	15,6	18
3:49:10	26	15,6	18
3:49:20	26	15,6	18
3:49:30	26	15,7	18
3:49:40	26	15,7	18
3:49:50	26	15,7	18
3:50:00	26	15,7	18
3:50:10	26	15,7	18
3:50:20	26	15,7	21
3:50:30	26	15,7	20
3:50:40	26	15,7	21
3:50:50	26	15,7	20
3:51:00	26	15,7	20
3:51:10	26	15,7	19
3:51:20	26	15,7	19
3:51:30	26	15,7	19
3:51:40	27	15,7	19
3:51:50	27	15,7	19
3:52:00	26	15,7	19
3:52:10	27	15,5	19
3:52:20	27	15,6	19
3:52:30	26	15,6	19
3:52:40	26	15,5	19
3:52:50	27	15,3	19
3:53:00	27	15,5	19
3:53:10	27	15,6	20
3:53:20	27	15,7	19
3:53:30	27	15,7	19
3:53:40	27	15,6	19
3:53:50	27	15,6	19
3:54:00	27	15,7	19
3:54:10	27	15,7	21
3:54:20	27	15,7	20
3:54:30	27	15,7	19
3:54:40	27	15,7	19
3:54:50	27	15,5	19
3:55:00	27	15,5	19
3:55:10	27	15,5	19
3:55:20	27	15,5	19
3:55:30	27	15,5	23
3:55:40	27	15,5	22
3:55:50	27	15,5	21
3:56:00	27	15,5	21
3:56:10	27	15,5	20
3:56:20	27	15,5	20
3:56:30	27	15,5	20
3:56:40	27	15,5	20
3:56:50	27	15,5	20
3:57:00	27	15,5	20
3:57:10	27	15,5	20
3:57:20	27	15,5	25
3:57:30	27	15,5	25
3:57:40	27	15,5	22
3:57:50	27	15,5	21
3:58:00	27	15,5	20
3:58:10	27	15,4	20
3:58:20	27	15,5	19
3:58:30	27	15,5	19
3:58:40	27	15,4	19
3:58:50	27	15,4	19
3:59:00	27	15,4	19
3:59:10	27	15,4	19
3:59:20	27	15,3	19
3:59:30	27	15,4	19
3:59:40	27	15,4	19
3:59:50	27	15,3	19
4:00:00	27	15,3	19
4:00:10	27	15,2	19
4:00:20	27	15,3	19
4:00:30	27	15,3	19
4:00:40	27	15,3	19
4:00:50	27	15,4	18
4:01:00	27	15,2	18
4:01:10	27	15,3	18
4:01:20	27	15,3	18
4:01:30	27	15,4	18
4:01:40	27	15,4	19
4:01:50	27	15,4	19
4:02:00	27	15,2	19
4:02:10	27	15,3	18
4:02:20	27	15,5	18
4:02:30	27	15,6	18
4:02:40	27	15,6	18
4:02:50	27	15,6	18
4:03:00	27	15,6	18
4:03:10	27	15,6	18
4:03:20	27	15,6	18
4:03:30	27	15,6	19
4:03:40	27	15,6	19
4:03:50	27	15,6	18
4:04:00	27	15,6	18
4:04:10	27	15,7	18
4:04:20	27	15,7	18
4:04:30	27	15,7	24
4:04:40	27	15,7	21
4:04:50	27	15,7	20
4:05:00	27	15,7	19
4:05:10	27	15,6	19
4:05:20	27	15,6	19
4:05:30	27	15,5	19
4:05:40	27	15,4	19
4:05:50	27	15,3	19
4:06:00	27	15,3	19
4:06:10	27	15,3	19
4:06:20	27	15,3	19
4:06:30	27	15,2	19
4:06:40	27	15,2	19
4:06:50	27	15,1	18
4:07:00	27	15,1	18
4:07:10	27	15,1	18
4:07:20	27	15,1	18
4:07:30	27	15,0	18
4:07:40	27	14,9	18
4:07:50	27	15,0	18
4:08:00	27	15,0	18
4:08:10	27	15,0	18
4:08:20	27	15,0	18
4:08:30	27	15,0	18
4:08:40	27	14,9	18
4:08:50	27	14,9	18
4:09:00	27	14,9	18
4:09:10	27	14,9	18
4:09:20	27	15,0	18
4:09:30	27	15,0	18
4:09:40	27	15,0	18
4:09:50	27	15,0	18
4:10:00	27	15,0	18
4:10:10	27	15,0	18
4:10:20	27	15,1	18
4:10:30	27	15,1	18
4:10:40	27	15,1	18
4:10:50	27	15,1	18
4:11:00	27	15,1	18
4:11:10	27	15,1	18
4:11:20	27	15,1	18
4:11:30	27	15,1	18
4:11:40	27	15,1	19
4:11:50	27	15,1	19
4:12:00	27	15,1	18
4:12:10	27	15,1	18
4:12:20	27	15,1	18
4:12:30	27	15,1	18
4:12:40	27	15,1	18
4:12:50	27	15,1	19
4:13:00	27	15,1	18
4:13:10	27	15,1	18
4:13:20	27	15,1	18
4:13:30	27	15,2	18
4:13:40	27	15,2	18
4:13:50	27	15,2	18
4:14:00	27	15,2	18
4:14:10	27	15,2	18
4:14:20	27	15,2	18
4:14:30	27	15,2	18
4:14:40	27	15,2	18
4:14:50	27	15,2	18
4:15:00	27	15,2	18
4:15:10	27	15,2	18
4:15:20	27	15,2	18
4:15:30	27	15,2	18
4:15:40	27	15,2	18
4:15:50	27	15,2	18
4:16:00	27	15,2	18
4:16:10	27	15,2	18
4:16:20	27	15,2	18
4:16:30	27	15,2	18
4:16:40	27	15,2	18
4:16:50	27	15,2	18
4:17:00	27	15,2	18
4:17:10	27	15,2	18
4:17:20	27	15,2	18
4:17:30	27	15,2	18
4:17:40	27	15,2	18
4:17:50	27	15,2	18
4:18:00	27	15,2	18
4:18:10	27	15,2	18
4:18:20	27	15,2	18
4:18:30	27	15,2	18
4:18:40	27	15,2	18
4:18:50	27	15,2	18
4:19:00	27	15,2	18
4:19:10	27	15,2	19
4:19:20	27	15,2	19
4:19:30	27	15,2	19
4:19:40	27	15,2	19
4:19:50	27	15,2	19
4:20:00	27	15,2	19
4:20:10	27	15,2	18
4:20:20	27	15,2	19
4:20:30	27	15,2	19
4:20:40	27	15,2	19
4:20:50	27	15,2	19
4:21:00	27	15,2	19
4:21:10	27	15,2	19
4:21:20	27	15,2	19
4:21:30	27	15,3	19
4:21:40	27	15,2	19
4:21:50	27	15,3	19
4:22:00	27	15,3	19
4:22:10	27	15,3	19
4:22:20	27	15,3	19
4:22:30	27	15,3	19
4:22:40	27	15,3	19
4:22:50	27	15,3	19
4:23:00	27	15,3	19
4:23:10	27	15,3	19
4:23:20	27	15,3	19
4:23:30	27	15,3	19
4:23:40	27	15,3	19
4:23:50	27	15,3	19
4:24:00	27	15,3	19
4:24:10	27	15,3	19
4:24:20	27	15,3	19
4:24:30	27	15,3	19
4:24:40	27	15,3	19
4:24:50	27	15,3	19
4:25:00	27	15,3	19
4:25:10	27	15,3	19
4:25:20	27	15,3	19
4:25:30	27	15,3	18
4:25:40	27	15,3	19
4:25:50	27	15,3	19
4:26:00	27	15,3	19
4:26:10	27	15,3	19
4:26:20	27	15,3	19
4:26:30	27	15,3	19
4:26:40	27	15,3	19
4:26:50	27	15,3	19
4:27:00	27	15,3	18
4:27:10	27	15,3	18
4:27:20	27	15,3	19
4:27:30	27	15,3	19
4:27:40	27	15,3	19
4:27:50	27	15,3	19
4:28:00	27	15,3	18
4:28:10	27	15,3	18
4:28:20	27	15,3	19
4:28:30	27	15,3	19
4:28:40	27	15,3	18
4:28:50	27	15,3	18
4:29:00	27	15,3	18
4:29:10	27	15,3	18
4:29:20	27	15,3	19
4:29:30	27	15,3	18
4:29:40	27	15,3	18
4:29:50	27	15,3	19
4:30:00	27	15,3	18
4:30:10	27	15,3	18
4:30:20	27	15,3	19
4:30:30	27	15,3	19
4:30:40	27	15,3	19
4:30:50	27	15,3	19
4:31:00	27	15,3	19
4:31:10	27	15,3	19
4:31:20	27	15,3	19
4:31:30	27	15,3	19
4:31:40	27	15,3	19
4:31:50	27	15,3	19
4:32:00	27	15,3	19
4:32:10	27	15,3	19
4:32:20	27	15,4	19
4:32:30	27	15,4	19
4:32:40	27	15,3	19
4:32:50	27	15,3	19
4:33:00	27	15,4	19
4:33:10	27	15,4	19
4:33:20	27	15,4	19
4:33:30	27	15,4	19
4:33:40	27	15,4	19
4:33:50	27	15,4	19
4:34:00	27	15,4	19
4:34:10	27	15,4	19
4:34:20	27	15,4	19
4:34:30	27	15,4	19
4:34:40	27	15,4	19
4:34:50	27	15,4	19
4:35:00	27	15,4	19
4:35:10	27	15,4	19
4:35:20	27	15,4	19
4:35:30	27	15,4	19
4:35:40	27	15,4	19
4:35:50	27	15,4	19
4:36:00	27	15,4	19
4:36:10	27	15,4	19
4:36:20	27	15,4	19
4:36:30	27	15,4	19
4:36:40	27	15,4	19
4:36:50	27	15,4	19
4:37:00	27	15,4	19
4:37:10	27	15,4	19
4:37:20	27	15,4	19
4:37:30	27	15,4	19
4:37:40	27	15,4	19
4:37:50	27	15,4	19
4:38:00	27	15,4	20
4:38:10	27	15,4	29
4:38:20	27	15,4	24
4:38:30	27	15,4	25
4:38:40	27	15,4	22
4:38:50	27	15,4	23
4:39:00	27	15,4	23
4:39:10	27	15,4	22
4:39:20	27	15,4	22
4:39:30	27	15,4	21
4:39:40	27	15,4	30
4:39:50	27	15,4	25
4:40:00	27	15,4	24
4:40:10	27	15,4	25
4:40:20	27	15,4	24
4:40:30	27	15,4	23
4:40:40	27	15,4	23
4:40:50	27	15,4	20
4:41:00	27	15,4	20
4:41:10	27	15,4	20
4:41:20	27	15,4	20
4:41:30	27	15,4	20
4:41:40	27	15,4	20
4:41:50	27	15,4	20
4:42:00	27	15,4	20
4:42:10	27	15,4	20
4:42:20	27	15,4	20
4:42:30	27	15,4	20
4:42:40	27	15,4	20
4:42:50	27	15,4	20
4:43:00	27	15,4	20
4:43:10	27	15,4	20
4:43:20	28	15,4	19
4:43:30	27	15,4	19
4:43:40	27	15,4	19
4:43:50	28	15,4	19
4:44:00	27	15,4	19
4:44:10	28	15,4	19
4:44:20	27	15,4	19
4:44:30	28	15,4	19
4:44:40	27	15,4	19
4:44:50	28	15,4	19
4:45:00	28	15,4	19
4:45:10	27	15,5	19
4:45:20	28	15,5	19
4:45:30	28	15,5	19
4:45:40	28	15,5	19
4:45:50	28	15,5	19
4:46:00	28	15,5	19
4:46:10	28	15,5	19
4:46:20	28	15,5	19
4:46:30	28	15,5	19
4:46:40	28	15,5	19
4:46:50	28	15,5	19
4:47:00	28	15,5	25
4:47:10	28	15,5	25
4:47:20	28	15,5	23
4:47:30	28	15,5	22
4:47:40	28	15,5	21
4:47:50	28	15,5	26
4:48:00	28	15,5	22
4:48:10	28	15,5	23
4:48:20	28	15,5	22
4:48:30	28	15,5	21
4:48:40	28	15,5	20
4:48:50	28	15,5	20
4:49:00	28	15,5	20
4:49:10	28	15,5	20
4:49:20	28	15,5	20
4:49:30	28	15,5	28
4:49:40	28	15,5	23
4:49:50	28	15,5	21
4:50:00	28	15,5	21
4:50:10	28	15,5	26
4:50:20	28	15,5	23
4:50:30	28	15,5	23
4:50:40	28	15,5	21
4:50:50	28	15,5	21
4:51:00	28	15,5	21
4:51:10	28	15,5	20
4:51:20	28	15,5	20
4:51:30	28	15,5	20
4:51:40	28	15,5	21
4:51:50	28	15,5	20
4:52:00	28	15,5	20
4:52:10	28	15,5	20
4:52:20	28	15,5	20
4:52:30	28	15,5	20
4:52:40	28	15,5	20
4:52:50	28	15,5	20
4:53:00	28	15,5	20
4:53:10	28	15,5	20
4:53:20	28	15,5	20
4:53:30	28	15,5	20
4:53:40	28	15,5	19
4:53:50	28	15,5	19
4:54:00	28	15,5	19
4:54:10	28	15,5	19
4:54:20	28	15,5	19
4:54:30	28	15,5	19
4:54:40	28	15,5	19
4:54:50	28	15,5	19
4:55:00	28	15,5	19
4:55:10	28	15,5	19
4:55:20	28	15,5	19
4:55:30	28	15,5	19
4:55:40	28	15,5	19
4:55:50	28	15,5	19
4:56:00	28	15,5	19
4:56:10	28	15,5	19
4:56:20	28	15,5	19
4:56:30	28	15,5	19
4:56:40	28	15,5	19
4:56:50	28	15,5	19
4:57:00	28	15,5	19
4:57:10	28	15,5	19
4:57:20	28	15,5	19
4:57:30	28	15,5	19
4:57:40	28	15,5	19
4:57:50	28	15,5	19
4:58:00	28	15,5	19
4:58:10	28	15,5	19
4:58:20	28	15,5	19
4:58:30	28	15,5	19
4:58:40	28	15,5	20
4:58:50	28	15,5	20
4:59:00	28	15,5	20
4:59:10	28	15,5	20
4:59:20	28	15,5	20
4:59:30	28	15,5	19
4:59:40	28	15,5	19
4:59:50	28	15,5	19
5:00:00	28	15,5	19
5:00:10	28	15,5	19
5:00:20	28	15,5	20
5:00:30	28	15,5	19
5:00:40	28	15,5	19
5:00:50	28	15,5	20
5:01:00	28	15,5	19
5:01:10	28	15,5	19
5:01:20	28	15,5	19
5:01:30	28	15,5	19
5:01:40	28	15,5	19
5:01:50	28	15,5	19
5:02:00	28	15,5	19
5:02:10	28	15,5	19
5:02:20	28	15,5	20
5:02:30	28	15,5	20
5:02:40	28	15,5	20
5:02:50	28	15,6	20
5:03:00	28	15,6	20
5:03:10	28	15,6	20
5:03:20	28	15,6	20
5:03:30	28	15,6	20
5:03:40	28	15,6	20
5:03:50	28	15,6	20
5:04:00	28	15,6	20
5:04:10	28	15,6	20
5:04:20	28	15,6	20
5:04:30	28	15,6	20
5:04:40	28	15,6	20
5:04:50	28	15,6	20
5:05:00	28	15,6	20
5:05:10	28	15,6	20
5:05:20	28	15,6	20
5:05:30	28	15,6	20
5:05:40	28	15,6	20
5:05:50	28	15,6	23
5:06:00	28	15,6	21
5:06:10	28	15,6	21
5:06:20	28	15,6	21
5:06:30	28	15,6	21
5:06:40	28	15,6	20
5:06:50	28	15,6	20
5:07:00	28	15,6	20
5:07:10	28	15,6	20
5:07:20	28	15,6	20
5:07:30	28	15,6	20
5:07:40	28	15,6	20
5:07:50	28	15,6	20
5:08:00	28	15,6	20
5:08:10	28	15,6	20
5:08:20	28	15,6	20
5:08:30	28	15,6	20
5:08:40	28	15,6	20
5:08:50	28	15,6	20
5:09:00	28	15,6	20
5:09:10	28	15,6	20
5:09:20	28	15,6	20
5:09:30	28	15,6	20
5:09:40	28	15,6	20
5:09:50	28	15,6	20
5:10:00	28	15,6	20
5:10:10	28	15,6	20
5:10:20	28	15,6	20
5:10:30	28	15,6	20
5:10:40	28	15,6	20
5:10:50	28	15,6	20
5:11:00	28	15,6	20
5:11:10	28	15,6	20
5:11:20	28	15,6	20
5:11:30	28	15,6	20
5:11:40	28	15,6	20
5:11:50	28	15,6	20
5:12:00	28	15,6	20
5:12:10	28	15,6	20
5:12:20	28	15,6	24
5:12:30	28	15,6	23
5:12:40	28	15,6	22
5:12:50	28	15,6	21
5:13:00	28	15,6	21
5:13:10	28	15,6	21
5:13:20	28	15,6	21
5:13:30	28	15,6	20
5:13:40	28	15,6	21
5:13:50	28	15,6	21
5:14:00	28	15,6	21
5:14:10	28	15,6	20
5:14:20	28	15,6	20
5:14:30	28	15,6	20
5:14:40	28	15,6	20
5:14:50	28	15,6	20
5:15:00	28	15,6	20
5:15:10	28	15,6	20
5:15:20	28	15,6	20
5:15:30	28	15,6	20
5:15:40	28	15,6	20
5:15:50	28	15,6	20
5:16:00	28	15,6	20
5:16:10	28	15,6	20
5:16:20	28	15,6	20
5:16:30	28	15,6	20
5:16:40	28	15,6	20
5:16:50	28	15,6	20
5:17:00	28	15,6	20
5:17:10	28	15,6	20
5:17:20	28	15,6	20
5:17:30	28	15,6	20
5:17:40	28	15,6	20
5:17:50	28	15,7	20
5:18:00	28	15,6	20
5:18:10	28	15,6	20
5:18:20	28	15,6	20
5:18:30	28	15,6	20
5:18:40	28	15,7	20
5:18:50	28	15,7	21
5:19:00	28	15,7	21
5:19:10	28	15,7	21
5:19:20	28	15,7	21
5:19:30	28	15,7	21
5:19:40	28	15,7	21
5:19:50	28	15,7	21
5:20:00	28	15,7	21
5:20:10	28	15,7	21
5:20:20	28	15,7	21
5:20:30	28	15,7	21
5:20:40	28	15,7	21
