--Test Summary--
Full Path and File Name	
Instrument Name	7222#1
Instrument Type	Model 7222 Consistometer
Instrument Serial Number	113
Test Start Date	19.08.2005
Test Start Time	1:29:04
Test Stop Date	19.08.2005
Test Stop Time	10:01:04
Test Length	8:32:00
Final Sample Time Offset	8:32:00
Controller Schedule Name	
Sampling Period	60 seconds
Comments	
Information	WellID	
Information	Customer	
Information	CementClass	
Information	CementMfr	
Information	Additives	
Information	Density	
Information	BHCT	
Information	BHST	
Information	FluidLoss	
Information	JobType	
Calculated Value	30Bc - TT	6:45:00
Calculated Value	70Bc - TT	8:32:00
Calculated Value	100Bc - TT	N/A
Initial Temperature (°C)	27 °C
Final Temperature (°C)	55 °C
Initial Pressure (MPa)	1,5 MPa
Final Pressure (MPa)	45,2 MPa
Initial Consistency (Bc)	9 Bc
Final Consistency (Bc)	71 Bc
--Data--
Time (HH:MM:SS)	Temperature (°C)	Pressure (MPa)	Consistency (Bc)
0:00:00	27	1,5	9
0:01:00	27	2,0	10
0:02:00	27	2,3	12
0:03:00	27	2,4	14
0:04:00	27	2,6	13
0:05:00	27	2,9	13
0:06:00	27	3,0	14
0:07:00	27	3,1	13
0:08:00	27	3,4	13
0:09:00	28	3,6	13
0:10:00	28	3,9	12
0:11:00	28	3,9	12
0:12:00	29	4,3	12
0:13:00	29	4,4	13
0:14:00	29	4,7	15
0:15:00	29	4,7	12
0:16:00	30	5,0	10
0:17:00	30	5,1	10
0:18:00	30	5,3	10
0:19:00	30	5,4	10
0:20:00	30	5,6	10
0:21:00	30	5,9	10
0:22:00	30	5,9	10
0:23:00	30	6,2	12
0:24:00	30	6,2	10
0:25:00	30	6,4	10
0:26:00	30	6,7	8
0:27:00	31	7,0	10
0:28:00	31	7,0	10
0:29:00	31	7,5	10
0:30:00	31	7,4	10
0:31:00	31	7,8	13
0:32:00	31	7,9	12
0:33:00	31	8,1	15
0:34:00	31	8,2	13
0:35:00	31	8,3	15
0:36:00	31	8,7	12
0:37:00	32	8,8	11
0:38:00	32	9,1	13
0:39:00	32	9,1	11
0:40:00	32	9,2	11
0:41:00	32	9,6	13
0:42:00	32	9,6	12
0:43:00	32	9,9	12
0:44:00	33	9,9	12
0:45:00	33	10,4	10
0:46:00	33	10,4	10
0:47:00	33	10,7	10
0:48:00	33	10,8	9
0:49:00	33	10,8	9
0:50:00	33	11,3	10
0:51:00	33	11,4	11
0:52:00	33	11,7	10
0:53:00	34	11,6	10
0:54:00	34	11,9	10
0:55:00	34	12,3	10
0:56:00	34	12,3	11
0:57:00	34	12,5	10
0:58:00	34	12,5	11
0:59:00	34	12,9	15
1:00:00	34	12,9	11
1:01:00	35	13,2	12
1:02:00	35	13,5	10
1:03:00	35	13,5	12
1:04:00	35	13,6	16
1:05:00	35	14,0	18
1:06:00	35	13,9	12
1:07:00	35	14,4	11
1:08:00	35	14,4	10
1:09:00	36	14,7	9
1:10:00	36	14,7	10
1:11:00	36	15,2	9
1:12:00	36	15,2	10
1:13:00	36	15,2	10
1:14:00	36	15,5	11
1:15:00	36	15,6	10
1:16:00	36	16,1	10
1:17:00	36	16,1	10
1:18:00	37	16,2	9
1:19:00	37	16,5	12
1:20:00	37	16,6	14
1:21:00	37	16,7	14
1:22:00	37	17,1	16
1:23:00	37	17,1	22
1:24:00	37	17,6	16
1:25:00	37	17,6	17
1:26:00	37	17,7	16
1:27:00	37	17,7	16
1:28:00	38	18,1	18
1:29:00	38	18,2	16
1:30:00	38	18,4	16
1:31:00	38	18,9	19
1:32:00	38	19,0	16
1:33:00	38	19,0	17
1:34:00	38	19,1	14
1:35:00	38	19,5	15
1:36:00	39	19,5	15
1:37:00	39	19,6	13
1:38:00	39	20,1	15
1:39:00	39	20,2	14
1:40:00	39	20,3	13
1:41:00	39	20,3	13
1:42:00	39	20,9	13
1:43:00	39	20,9	12
1:44:00	39	21,0	13
1:45:00	40	21,1	12
1:46:00	40	21,3	19
1:47:00	40	21,4	15
1:48:00	40	21,9	12
1:49:00	40	22,1	11
1:50:00	40	22,2	12
1:51:00	40	22,2	25
1:52:00	40	22,6	15
1:53:00	41	22,7	11
1:54:00	41	22,8	11
1:55:00	41	23,2	17
1:56:00	41	23,2	10
1:57:00	41	23,6	11
1:58:00	41	23,7	11
1:59:00	41	23,7	11
2:00:00	41	24,1	14
2:01:00	41	24,1	19
2:02:00	42	24,4	13
2:03:00	42	24,4	12
2:04:00	42	24,9	13
2:05:00	42	24,9	13
2:06:00	42	25,0	13
2:07:00	42	25,3	12
2:08:00	42	25,4	13
2:09:00	42	25,8	13
2:10:00	42	25,9	14
2:11:00	43	25,9	12
2:12:00	43	26,0	12
2:13:00	43	26,3	15
2:14:00	43	26,7	16
2:15:00	43	26,8	18
2:16:00	43	26,8	16
2:17:00	43	26,9	15
2:18:00	43	27,3	13
2:19:00	43	27,3	15
2:20:00	44	27,5	19
2:21:00	44	27,9	17
2:22:00	44	28,0	18
2:23:00	44	28,1	16
2:24:00	44	28,2	21
2:25:00	44	28,6	17
2:26:00	44	28,7	24
2:27:00	44	28,8	18
2:28:00	45	29,2	21
2:29:00	45	29,2	19
2:30:00	45	29,3	23
2:31:00	45	29,5	16
2:32:00	45	30,0	16
2:33:00	45	30,0	27
2:34:00	45	30,0	24
2:35:00	45	30,6	18
2:36:00	45	30,6	17
2:37:00	46	30,6	18
2:38:00	46	30,7	18
2:39:00	46	31,1	17
2:40:00	46	31,2	19
2:41:00	46	31,4	18
2:42:00	46	31,5	17
2:43:00	46	32,0	19
2:44:00	46	32,1	17
2:45:00	47	32,2	17
2:46:00	47	32,2	24
2:47:00	47	32,4	18
2:48:00	47	32,7	26
2:49:00	47	32,7	22
2:50:00	47	33,0	24
2:51:00	47	33,2	18
2:52:00	47	33,6	19
2:53:00	47	33,6	16
2:54:00	47	33,7	20
2:55:00	48	34,2	18
2:56:00	48	34,3	20
2:57:00	48	34,4	18
2:58:00	48	34,4	21
2:59:00	48	34,9	21
3:00:00	48	35,0	22
3:01:00	48	35,1	17
3:02:00	48	35,3	17
3:03:00	49	35,3	16
3:04:00	49	35,8	18
3:05:00	49	35,8	19
3:06:00	49	36,0	16
3:07:00	49	36,0	16
3:08:00	49	36,2	17
3:09:00	49	36,7	12
3:10:00	49	36,8	13
3:11:00	49	36,9	14
3:12:00	50	37,0	14
3:13:00	50	37,5	19
3:14:00	50	37,5	19
3:15:00	50	37,7	19
3:16:00	50	37,7	20
3:17:00	50	38,2	19
3:18:00	50	38,3	18
3:19:00	50	38,4	18
3:20:00	51	38,5	17
3:21:00	51	38,5	17
3:22:00	51	39,1	18
3:23:00	51	39,2	21
3:24:00	51	39,3	20
3:25:00	51	39,4	18
3:26:00	51	39,7	21
3:27:00	51	39,7	23
3:28:00	52	40,0	20
3:29:00	52	40,0	21
3:30:00	52	40,2	20
3:31:00	52	40,6	21
3:32:00	52	40,7	20
3:33:00	52	40,8	22
3:34:00	52	41,0	13
3:35:00	52	41,6	13
3:36:00	52	41,6	14
3:37:00	53	41,7	14
3:38:00	53	41,7	14
3:39:00	53	41,9	14
3:40:00	53	42,1	14
3:41:00	53	42,4	14
3:42:00	53	42,5	14
3:43:00	53	42,5	14
3:44:00	53	42,8	15
3:45:00	53	43,0	14
3:46:00	54	43,5	14
3:47:00	54	43,5	15
3:48:00	54	43,5	15
3:49:00	54	43,7	15
3:50:00	54	43,8	17
3:51:00	54	44,4	21
3:52:00	54	44,5	17
3:53:00	54	44,6	14
3:54:00	54	44,6	24
3:55:00	55	44,8	16
3:56:00	55	45,4	21
3:57:00	55	45,4	16
3:58:00	55	45,3	13
3:59:00	55	45,4	14
4:00:00	55	45,3	14
4:01:00	55	45,3	16
4:02:00	55	45,2	15
4:03:00	55	45,1	16
4:04:00	55	45,0	15
4:05:00	55	45,1	15
4:06:00	55	45,0	15
4:07:00	55	45,0	14
4:08:00	55	45,3	15
4:09:00	55	45,3	14
4:10:00	55	45,3	14
4:11:00	55	45,3	14
4:12:00	55	45,3	18
4:13:00	55	45,3	18
4:14:00	55	45,3	17
4:15:00	55	45,2	18
4:16:00	55	45,3	18
4:17:00	55	45,3	21
4:18:00	55	45,3	19
4:19:00	55	45,3	15
4:20:00	55	45,3	17
4:21:00	55	45,3	17
4:22:00	55	45,2	17
4:23:00	55	45,3	16
4:24:00	55	45,2	15
4:25:00	55	45,3	15
4:26:00	55	45,3	15
4:27:00	55	45,2	14
4:28:00	55	45,2	14
4:29:00	55	45,2	14
4:30:00	55	45,2	14
4:31:00	55	45,3	14
4:32:00	55	45,2	14
4:33:00	55	45,2	14
4:34:00	55	45,2	14
4:35:00	55	45,1	14
4:36:00	55	45,1	14
4:37:00	55	45,2	14
4:38:00	55	45,1	14
4:39:00	55	45,1	14
4:40:00	55	45,1	14
4:41:00	55	45,0	14
4:42:00	55	45,1	14
4:43:00	55	45,0	14
4:44:00	55	45,0	14
4:45:00	55	45,1	14
4:46:00	55	45,1	14
4:47:00	55	45,1	14
4:48:00	55	45,0	14
4:49:00	55	45,0	14
4:50:00	55	45,0	14
4:51:00	55	45,0	14
4:52:00	55	45,0	14
4:53:00	55	45,0	14
4:54:00	55	45,1	14
4:55:00	55	45,0	14
4:56:00	55	45,0	14
4:57:00	55	45,1	14
4:58:00	55	45,0	17
4:59:00	55	45,4	14
5:00:00	55	45,3	15
5:01:00	55	45,3	15
5:02:00	55	45,3	15
5:03:00	55	45,3	14
5:04:00	55	45,2	15
5:05:00	55	45,2	19
5:06:00	55	45,3	16
5:07:00	55	45,2	18
5:08:00	55	45,2	15
5:09:00	55	45,3	15
5:10:00	55	45,2	15
5:11:00	55	45,2	15
5:12:00	55	45,2	14
5:13:00	55	45,1	15
5:14:00	55	45,1	15
5:15:00	55	45,1	14
5:16:00	55	45,1	15
5:17:00	55	45,1	15
5:18:00	55	45,1	15
5:19:00	55	45,0	16
5:20:00	55	45,0	16
5:21:00	55	45,0	16
5:22:00	55	45,0	16
5:23:00	55	45,0	16
5:24:00	55	45,0	16
5:25:00	55	45,0	16
5:26:00	55	45,0	16
5:27:00	55	45,0	16
5:28:00	55	45,0	16
5:29:00	55	45,4	16
5:30:00	55	45,3	16
5:31:00	55	45,3	16
5:32:00	55	45,2	16
5:33:00	55	45,3	31
5:34:00	55	45,2	20
5:35:00	55	45,2	20
5:36:00	55	45,2	19
5:37:00	55	45,2	23
5:38:00	55	45,2	20
5:39:00	55	45,2	22
5:40:00	55	45,1	20
5:41:00	55	45,1	19
5:42:00	55	45,0	22
5:43:00	55	45,1	20
5:44:00	55	45,0	24
5:45:00	55	45,0	25
5:46:00	55	45,0	20
5:47:00	55	45,0	22
5:48:00	55	45,1	19
5:49:00	55	45,0	21
5:50:00	55	45,1	17
5:51:00	55	44,9	17
5:52:00	55	45,3	17
5:53:00	55	45,2	39
5:54:00	55	45,2	23
5:55:00	55	45,1	20
5:56:00	55	45,2	20
5:57:00	55	45,1	21
5:58:00	55	45,1	22
5:59:00	55	45,1	22
6:00:00	55	45,1	26
6:01:00	55	45,1	27
6:02:00	55	45,1	25
6:03:00	55	45,0	26
6:04:00	55	45,4	25
6:05:00	55	45,3	38
6:06:00	55	45,3	28
6:07:00	55	45,3	56
6:08:00	55	45,3	20
6:09:00	55	45,3	20
6:10:00	55	45,2	20
6:11:00	55	45,1	20
6:12:00	55	45,1	21
6:13:00	55	45,1	21
6:14:00	55	45,1	21
6:15:00	55	45,0	21
6:16:00	55	45,0	21
6:17:00	55	45,2	21
6:18:00	55	45,1	22
6:19:00	55	45,1	25
6:20:00	55	45,2	28
6:21:00	55	45,1	26
6:22:00	55	45,1	32
6:23:00	55	45,1	25
6:24:00	55	45,0	23
6:25:00	55	45,3	22
6:26:00	55	45,2	22
6:27:00	55	45,2	23
6:28:00	55	45,1	23
6:29:00	55	45,2	23
6:30:00	55	45,1	23
6:31:00	55	45,1	23
6:32:00	55	45,0	23
6:33:00	55	45,1	23
6:34:00	55	45,0	23
6:35:00	55	45,0	23
6:36:00	55	44,9	23
6:37:00	55	45,0	24
6:38:00	55	45,0	25
6:39:00	55	45,3	25
6:40:00	55	45,3	27
6:41:00	55	45,3	25
6:42:00	55	45,3	26
6:43:00	55	45,2	26
6:44:00	55	45,3	48
6:45:00	55	45,2	33
6:46:00	55	45,2	49
6:47:00	55	45,2	36
6:48:00	55	45,1	28
6:49:00	55	45,1	28
6:50:00	55	45,1	28
6:51:00	55	45,0	28
6:52:00	55	45,1	28
6:53:00	55	45,0	28
6:54:00	55	45,0	28
6:55:00	55	45,1	28
6:56:00	55	45,0	28
6:57:00	55	45,0	28
6:58:00	55	45,3	28
6:59:00	55	45,4	28
7:00:00	55	45,4	28
7:01:00	55	45,2	28
7:02:00	55	45,3	29
7:03:00	55	45,2	29
7:04:00	55	45,2	28
7:05:00	55	45,2	28
7:06:00	55	45,2	29
7:07:00	55	45,2	31
7:08:00	55	45,2	34
7:09:00	55	45,1	37
7:10:00	55	45,2	61
7:11:00	55	45,1	55
7:12:00	55	45,1	42
7:13:00	55	45,1	56
7:14:00	55	45,0	48
7:15:00	55	45,0	47
7:16:00	55	45,0	37
7:17:00	55	45,1	47
7:18:00	55	45,0	40
7:19:00	55	45,0	42
7:20:00	55	45,1	41
7:21:00	55	45,0	39
7:22:00	55	45,4	45
7:23:00	55	45,3	45
7:24:00	55	45,2	48
7:25:00	55	45,2	45
7:26:00	55	45,1	39
7:27:00	55	45,1	37
7:28:00	55	45,2	37
7:29:00	55	45,1	37
7:30:00	55	45,1	37
7:31:00	55	45,0	37
7:32:00	55	45,0	39
7:33:00	55	45,0	47
7:34:00	55	45,1	42
7:35:00	55	45,1	42
7:36:00	55	45,0	41
7:37:00	55	44,9	41
7:38:00	55	45,4	42
7:39:00	55	45,3	42
7:40:00	55	45,3	42
7:41:00	55	45,3	43
7:42:00	55	45,2	43
7:43:00	55	45,2	43
7:44:00	55	45,2	43
7:45:00	55	45,1	44
7:46:00	55	45,1	44
7:47:00	55	45,1	46
7:48:00	55	45,1	45
7:49:00	55	45,0	46
7:50:00	55	45,0	46
7:51:00	55	45,1	46
7:52:00	55	45,1	47
7:53:00	55	45,1	47
7:54:00	55	45,1	48
7:55:00	55	45,0	48
7:56:00	55	45,4	48
7:57:00	55	45,3	50
7:58:00	55	45,2	50
7:59:00	55	45,2	50
8:00:00	55	45,2	51
8:01:00	55	45,2	51
8:02:00	55	45,1	51
8:03:00	55	45,1	52
8:04:00	55	45,1	52
8:05:00	55	45,0	54
8:06:00	55	45,0	54
8:07:00	55	45,0	55
8:08:00	55	45,1	55
8:09:00	55	45,0	56
8:10:00	55	45,0	56
8:11:00	55	45,0	57
8:12:00	55	45,0	57
8:13:00	55	45,0	58
8:14:00	55	45,2	59
8:15:00	55	45,1	60
8:16:00	55	45,1	60
8:17:00	55	45,0	60
8:18:00	55	45,2	61
8:19:00	55	45,1	62
8:20:00	55	45,1	63
8:21:00	55	45,0	63
8:22:00	55	45,0	63
8:23:00	55	45,1	64
8:24:00	55	45,0	64
8:25:00	55	45,0	65
8:26:00	55	45,0	65
8:27:00	55	45,3	66
8:28:00	55	45,4	67
8:29:00	55	45,3	68
8:30:00	55	45,2	69
8:31:00	55	45,2	71
8:32:00	55	45,2	71
