--Test Summary--
Full Path and File Name	
Instrument Name	7222#1
Instrument Type	Model 7222 Consistometer
Instrument Serial Number	113
Test Start Date	02.08.2005
Test Start Time	3:21:51
Test Stop Date	02.08.2005
Test Stop Time	9:48:51
Test Length	6:27:00
Final Sample Time Offset	6:27:00
Controller Schedule Name	
Sampling Period	60 seconds
Comments	MPa: 49.2(131min), T: 60C(131min), field water, Inzerey cement, dry-blending
Information	WellID	255
Information	Customer	LUKoil-Sever
Information	CementClass	PCT-I-G
Information	CementMfr	Duckerhoff
Information	Additives	1.25%Gel+1.25%SMS+0.42%R-7
Information	Density	1500
Information	BHCT	60
Information	BHST	78
Information	FluidLoss	
Information	JobType	244.5 mm Intrmdt. csg.
Calculated Value	30Bc - TT	6:00:00
Calculated Value	70Bc - TT	6:27:00
Calculated Value	100Bc - TT	N/A
Initial Temperature (°C)	26 °C
Final Temperature (°C)	60 °C
Initial Pressure (MPa)	1,1 MPa
Final Pressure (MPa)	49,2 MPa
Initial Consistency (Bc)	4 Bc
Final Consistency (Bc)	80 Bc
--Data--
Time (HH:MM:SS)	Temperature (°C)	Pressure (MPa)	Consistency (Bc)
0:00:00	26	1,1	4
0:01:00	25	2,2	7
0:02:00	25	2,5	6
0:03:00	25	2,9	6
0:04:00	25	3,4	8
0:05:00	25	3,9	6
0:06:00	26	4,4	6
0:07:00	26	5,0	5
0:08:00	26	5,3	6
0:09:00	27	5,7	6
0:10:00	27	6,2	6
0:11:00	28	6,4	7
0:12:00	28	6,7	6
0:13:00	29	6,9	6
0:14:00	29	7,0	6
0:15:00	30	7,3	6
0:16:00	30	7,6	7
0:17:00	30	8,1	8
0:18:00	31	8,2	7
0:19:00	31	8,7	8
0:20:00	31	9,0	8
0:21:00	32	9,5	8
0:22:00	32	9,7	8
0:23:00	32	10,2	10
0:24:00	32	10,4	8
0:25:00	32	10,8	8
0:26:00	33	11,0	7
0:27:00	33	11,6	8
0:28:00	33	11,8	8
0:29:00	33	12,6	10
0:30:00	33	12,8	10
0:31:00	34	13,0	9
0:32:00	34	13,2	8
0:33:00	34	13,8	9
0:34:00	34	14,0	8
0:35:00	35	14,7	10
0:36:00	35	14,9	8
0:37:00	35	15,1	10
0:38:00	36	15,7	7
0:39:00	36	15,9	8
0:40:00	36	16,2	9
0:41:00	36	16,8	9
0:42:00	37	17,0	10
0:43:00	37	17,2	8
0:44:00	37	17,7	10
0:45:00	37	18,4	13
0:46:00	38	18,5	9
0:47:00	38	18,7	9
0:48:00	38	19,2	11
0:49:00	38	19,5	11
0:50:00	39	20,1	10
0:51:00	39	20,3	11
0:52:00	39	20,5	11
0:53:00	39	21,0	10
0:54:00	40	21,2	10
0:55:00	40	21,8	9
0:56:00	40	21,9	10
0:57:00	41	22,7	12
0:58:00	41	22,9	10
0:59:00	41	23,1	10
1:00:00	41	23,6	12
1:01:00	42	23,8	10
1:02:00	42	24,4	12
1:03:00	42	24,6	9
1:04:00	42	24,8	9
1:05:00	43	25,3	9
1:06:00	43	25,6	8
1:07:00	43	26,2	9
1:08:00	43	26,3	9
1:09:00	44	26,6	9
1:10:00	44	27,3	10
1:11:00	44	27,6	9
1:12:00	44	27,8	9
1:13:00	45	28,3	9
1:14:00	45	28,4	9
1:15:00	45	29,0	12
1:16:00	46	29,2	9
1:17:00	46	29,8	9
1:18:00	46	30,0	9
1:19:00	46	30,5	9
1:20:00	47	30,7	9
1:21:00	47	30,9	9
1:22:00	47	31,5	8
1:23:00	47	31,7	8
1:24:00	48	32,3	8
1:25:00	48	32,5	8
1:26:00	48	32,8	8
1:27:00	48	33,3	9
1:28:00	49	33,6	9
1:29:00	49	33,8	8
1:30:00	49	34,3	9
1:31:00	49	34,8	11
1:32:00	50	35,0	10
1:33:00	50	35,2	11
1:34:00	50	35,9	11
1:35:00	50	36,2	10
1:36:00	51	36,4	11
1:37:00	51	36,7	10
1:38:00	51	37,3	11
1:39:00	51	37,5	13
1:40:00	52	38,1	12
1:41:00	52	38,3	11
1:42:00	52	38,6	10
1:43:00	52	38,9	10
1:44:00	53	39,5	10
1:45:00	53	39,7	8
1:46:00	53	39,9	8
1:47:00	53	40,3	8
1:48:00	54	40,9	11
1:49:00	54	41,1	8
1:50:00	54	41,4	13
1:51:00	55	42,0	8
1:52:00	55	42,2	7
1:53:00	55	42,5	7
1:54:00	55	42,8	7
1:55:00	56	43,4	6
1:56:00	56	43,7	6
1:57:00	56	44,0	6
1:58:00	56	44,6	7
1:59:00	57	44,8	6
2:00:00	57	45,1	6
2:01:00	57	45,4	6
2:02:00	57	45,9	7
2:03:00	58	46,1	8
2:04:00	58	46,6	8
2:05:00	58	47,1	16
2:06:00	58	47,3	11
2:07:00	59	47,6	10
2:08:00	59	48,0	11
2:09:00	59	48,3	9
2:10:00	59	48,6	11
2:11:00	60	49,2	14
2:12:00	60	49,3	11
2:13:00	60	49,3	11
2:14:00	60	49,2	10
2:15:00	60	49,4	10
2:16:00	60	49,3	11
2:17:00	60	49,2	11
2:18:00	60	49,3	11
2:19:00	60	49,5	11
2:20:00	60	49,3	11
2:21:00	60	49,3	11
2:22:00	60	49,2	11
2:23:00	60	49,2	11
2:24:00	60	49,5	10
2:25:00	60	49,5	10
2:26:00	60	49,4	10
2:27:00	60	49,4	11
2:28:00	60	49,4	11
2:29:00	60	49,4	11
2:30:00	60	49,5	11
2:31:00	60	49,5	11
2:32:00	60	49,4	11
2:33:00	60	49,4	11
2:34:00	60	49,4	10
2:35:00	60	49,5	11
2:36:00	60	49,5	10
2:37:00	60	49,4	10
2:38:00	60	49,5	11
2:39:00	60	49,5	11
2:40:00	60	49,5	11
2:41:00	60	49,5	11
2:42:00	60	49,5	11
2:43:00	60	49,5	11
2:44:00	60	49,5	10
2:45:00	60	49,5	11
2:46:00	60	49,5	10
2:47:00	60	49,5	11
2:48:00	60	49,5	10
2:49:00	60	49,4	10
2:50:00	60	49,5	10
2:51:00	60	49,5	11
2:52:00	60	49,5	10
2:53:00	60	49,4	11
2:54:00	60	49,5	10
2:55:00	60	49,4	11
2:56:00	60	49,4	10
2:57:00	60	49,4	10
2:58:00	60	49,4	11
2:59:00	60	49,3	10
3:00:00	60	49,4	10
3:01:00	60	49,3	10
3:02:00	60	49,3	10
3:03:00	60	49,4	10
3:04:00	60	49,3	10
3:05:00	60	49,3	10
3:06:00	60	49,4	10
3:07:00	60	49,4	10
3:08:00	60	49,4	10
3:09:00	60	49,3	10
3:10:00	60	49,3	10
3:11:00	60	49,3	10
3:12:00	60	49,4	10
3:13:00	60	49,3	10
3:14:00	60	49,4	10
3:15:00	60	49,3	10
3:16:00	60	49,3	10
3:17:00	60	49,3	10
3:18:00	60	49,3	10
3:19:00	60	49,3	10
3:20:00	60	49,3	10
3:21:00	60	49,3	10
3:22:00	60	49,2	10
3:23:00	60	49,2	10
3:24:00	60	49,3	10
3:25:00	60	49,3	10
3:26:00	60	49,2	10
3:27:00	60	49,2	10
3:28:00	60	49,2	10
3:29:00	60	49,3	10
3:30:00	60	49,3	10
3:31:00	60	49,2	10
3:32:00	60	49,2	10
3:33:00	60	49,2	10
3:34:00	60	49,2	10
3:35:00	60	49,2	10
3:36:00	60	49,3	10
3:37:00	60	49,3	10
3:38:00	60	49,3	10
3:39:00	60	49,3	10
3:40:00	60	49,2	10
3:41:00	60	49,3	10
3:42:00	60	49,2	10
3:43:00	60	49,3	10
3:44:00	60	49,3	10
3:45:00	60	49,2	10
3:46:00	60	49,3	10
3:47:00	60	49,3	10
3:48:00	60	49,2	10
3:49:00	60	49,2	10
3:50:00	60	49,3	10
3:51:00	60	49,2	10
3:52:00	60	49,2	10
3:53:00	60	49,2	10
3:54:00	60	49,2	10
3:55:00	60	49,2	10
3:56:00	60	49,2	10
3:57:00	60	49,5	10
3:58:00	60	49,5	10
3:59:00	60	49,5	10
4:00:00	60	49,6	10
4:01:00	60	49,6	10
4:02:00	60	49,5	10
4:03:00	60	49,6	10
4:04:00	60	49,5	10
4:05:00	60	49,5	10
4:06:00	60	49,6	10
4:07:00	60	49,5	10
4:08:00	60	49,5	10
4:09:00	60	49,5	10
4:10:00	60	49,5	10
4:11:00	60	49,5	10
4:12:00	60	49,5	10
4:13:00	60	49,4	10
4:14:00	60	49,5	10
4:15:00	60	49,4	10
4:16:00	60	49,5	10
4:17:00	60	49,4	10
4:18:00	60	49,4	10
4:19:00	60	49,5	10
4:20:00	60	49,4	10
4:21:00	60	49,5	10
4:22:00	60	49,5	10
4:23:00	60	49,4	10
4:24:00	60	49,4	10
4:25:00	60	49,3	10
4:26:00	60	49,4	10
4:27:00	60	49,4	10
4:28:00	60	49,3	10
4:29:00	60	49,4	10
4:30:00	60	49,4	10
4:31:00	60	49,3	10
4:32:00	60	49,3	10
4:33:00	60	49,3	10
4:34:00	60	49,4	10
4:35:00	60	49,3	10
4:36:00	60	49,3	10
4:37:00	60	49,3	10
4:38:00	59	49,3	10
4:39:00	60	49,3	10
4:40:00	60	49,3	10
4:41:00	60	49,3	11
4:42:00	60	49,3	11
4:43:00	60	49,2	11
4:44:00	60	49,3	11
4:45:00	60	49,2	11
4:46:00	60	49,3	11
4:47:00	60	49,3	11
4:48:00	60	49,2	11
4:49:00	60	49,3	11
4:50:00	60	49,2	11
4:51:00	60	49,6	12
4:52:00	60	49,6	12
4:53:00	60	49,5	12
4:54:00	60	49,5	12
4:55:00	60	49,5	12
4:56:00	60	49,4	12
4:57:00	60	49,4	12
4:58:00	60	49,4	12
4:59:00	60	49,4	12
5:00:00	60	49,4	12
5:01:00	60	49,4	12
5:02:00	60	49,3	12
5:03:00	60	49,4	12
5:04:00	59	49,4	12
5:05:00	60	49,3	12
5:06:00	60	49,3	12
5:07:00	60	49,3	12
5:08:00	60	49,3	12
5:09:00	60	49,3	12
5:10:00	60	49,2	12
5:11:00	60	49,3	12
5:12:00	60	49,3	12
5:13:00	60	49,3	12
5:14:00	60	49,3	12
5:15:00	60	49,6	12
5:16:00	60	49,5	13
5:17:00	60	49,5	12
5:18:00	60	49,5	13
5:19:00	60	49,5	13
5:20:00	60	49,4	13
5:21:00	60	49,4	13
5:22:00	60	49,4	13
5:23:00	60	49,3	13
5:24:00	60	49,3	13
5:25:00	60	49,2	13
5:26:00	60	49,2	13
5:27:00	60	49,3	13
5:28:00	60	49,2	13
5:29:00	60	49,5	15
5:30:00	60	49,4	15
5:31:00	60	49,3	17
5:32:00	60	49,3	20
5:33:00	60	49,3	17
5:34:00	60	49,2	18
5:35:00	60	49,3	17
5:36:00	60	49,2	16
5:37:00	60	49,3	15
5:38:00	60	49,2	16
5:39:00	60	49,6	16
5:40:00	60	49,5	16
5:41:00	60	49,4	16
5:42:00	60	49,4	15
5:43:00	60	49,3	14
5:44:00	60	49,3	14
5:45:00	60	49,2	17
5:46:00	59	49,3	12
5:47:00	59	49,4	17
5:48:00	59	49,4	12
5:49:00	59	49,4	12
5:50:00	59	49,6	13
5:51:00	59	49,6	12
5:52:00	59	49,8	30
5:53:00	59	49,9	-3
5:54:00	59	50,0	27
5:55:00	59	50,0	27
5:56:00	59	50,0	27
5:57:00	59	50,0	28
5:58:00	59	49,9	28
5:59:00	60	49,8	35
6:00:00	60	49,8	33
6:01:00	60	49,7	31
6:02:00	60	49,5	39
6:03:00	60	49,4	35
6:04:00	60	49,4	35
6:05:00	60	49,3	35
6:06:00	60	49,2	34
6:07:00	60	49,3	35
6:08:00	60	49,3	34
6:09:00	60	49,6	36
6:10:00	60	49,5	37
6:11:00	60	49,5	38
6:12:00	60	49,4	38
6:13:00	59	49,3	39
6:14:00	60	49,3	43
6:15:00	59	49,2	42
6:16:00	60	49,2	45
6:17:00	60	49,2	43
6:18:00	60	49,2	43
6:19:00	60	49,6	46
6:20:00	60	49,5	-1
6:21:00	60	49,4	51
6:22:00	60	49,3	61
6:23:00	60	49,2	56
6:24:00	60	49,2	59
6:25:00	60	49,2	54
6:26:00	60	49,5	86
6:27:00	60	49,2	80
