--Test Summary--
Full Path and File Name	
Instrument Name	4262R
Instrument Type	Model 4262 Twin Cell UCA
Instrument Serial Number	111R
Test Start Date	15.11.2005
Test Start Time	4:24:03
Test Stop Date	18.11.2005
Test Stop Time	3:58:37
Test Length	71:34:34
Final Sample Time Offset	71:33:00
Controller Schedule Name	
Sampling Period	60 seconds
Comments	MPa: 40 (96), T: 50(96), all additivites - premix, field water
Information	WellID	111
Information	Customer	Dragon
Information	CementClass	G
Information	CementMfr	Duckerhoff
Information	Additives	1.464%LX-200+0.4%RPM+0.05%LTR-100
Information	Density	1940
Information	BHCT	50
Information	BHST	65
Information	FluidLoss	
Information	JobType	Research
Calculated Value	CS_50	9:24:00
Calculated Value	CS_500	13:02:00
Calculated Value	CS_Time8h	0,03 MPa
Calculated Value	CS_Time16h	7,29 MPa
Calculated Value	CS_Time24h	12,80 MPa
Calculated Value	CS_Time48h	18,43 MPa
Calculated Value	CS_Time72h	N/A
Calculated Curve	Compressive Strength	Compressive strength type B (more than 14 lb/gal)
Initial Temperature (°C)	23 °C
Final Temperature (°C)	63 °C
Initial Transit Time (microsec/in)	16,02 microsec/in
Final Transit Time (microsec/in)	8,25 microsec/in
Initial Compressive Strength (MPa)	0,00 MPa
Final Compressive Strength (MPa)	21,36 MPa
--Data--
Time (HH:MM:SS)	Temperature (°C)	Transit Time (microsec/in)	Compressive Strength (MPa)
0:00:00	23	16,02	0,00
0:01:00	23	16,02	0,00
0:02:00	23	16,02	0,00
0:03:00	24	16,02	0,00
0:04:00	23	16,03	0,00
0:05:00	24	16,04	0,00
0:06:00	24	16,05	0,00
0:07:00	24	16,06	0,00
0:08:00	24	16,08	0,00
0:09:00	25	16,09	0,00
0:10:00	25	16,11	0,00
0:11:00	25	16,14	0,00
0:12:00	26	16,16	0,00
0:13:00	26	16,17	0,00
0:14:00	26	16,19	0,00
0:15:00	26	16,20	0,00
0:16:00	27	16,21	0,00
0:17:00	27	16,23	0,00
0:18:00	27	16,23	0,00
0:19:00	27	16,23	0,00
0:20:00	28	16,23	0,00
0:21:00	29	16,23	0,00
0:22:00	28	16,23	0,00
0:23:00	29	16,22	0,00
0:24:00	29	16,22	0,00
0:25:00	30	16,21	0,00
0:26:00	30	16,21	0,00
0:27:00	30	16,20	0,00
0:28:00	31	16,20	0,00
0:29:00	31	16,20	0,00
0:30:00	31	16,19	0,00
0:31:00	31	16,19	0,00
0:32:00	32	16,18	0,00
0:33:00	32	16,17	0,00
0:34:00	32	16,17	0,00
0:35:00	33	16,17	0,00
0:36:00	33	16,16	0,00
0:37:00	33	16,16	0,00
0:38:00	33	16,15	0,00
0:39:00	34	16,15	0,00
0:40:00	34	16,15	0,00
0:41:00	34	16,14	0,00
0:42:00	35	16,14	0,00
0:43:00	35	16,14	0,00
0:44:00	35	16,14	0,00
0:45:00	36	16,14	0,00
0:46:00	35	16,14	0,00
0:47:00	36	16,14	0,00
0:48:00	36	16,13	0,00
0:49:00	37	16,13	0,00
0:50:00	37	16,13	0,00
0:51:00	37	16,13	0,00
0:52:00	37	16,13	0,00
0:53:00	37	16,12	0,00
0:54:00	38	16,12	0,00
0:55:00	38	16,12	0,00
0:56:00	39	16,12	0,00
0:57:00	39	16,12	0,00
0:58:00	39	16,12	0,00
0:59:00	39	16,12	0,00
1:00:00	40	16,11	0,00
1:01:00	40	16,12	0,00
1:02:00	40	16,11	0,00
1:03:00	40	16,11	0,00
1:04:00	41	16,11	0,00
1:05:00	41	16,11	0,00
1:06:00	41	16,11	0,00
1:07:00	42	16,11	0,00
1:08:00	42	16,11	0,00
1:09:00	42	16,11	0,00
1:10:00	42	16,11	0,00
1:11:00	43	16,11	0,00
1:12:00	43	16,11	0,00
1:13:00	43	16,11	0,00
1:14:00	43	16,11	0,00
1:15:00	44	16,11	0,00
1:16:00	44	16,10	0,00
1:17:00	44	16,10	0,00
1:18:00	45	16,10	0,00
1:19:00	45	16,11	0,00
1:20:00	45	16,11	0,00
1:21:00	45	16,11	0,00
1:22:00	46	16,11	0,00
1:23:00	46	16,11	0,00
1:24:00	46	16,11	0,00
1:25:00	46	16,11	0,00
1:26:00	47	16,11	0,00
1:27:00	47	16,11	0,00
1:28:00	48	16,11	0,00
1:29:00	47	16,11	0,00
1:30:00	48	16,11	0,00
1:31:00	48	16,11	0,00
1:32:00	48	16,12	0,00
1:33:00	49	16,12	0,00
1:34:00	49	16,11	0,00
1:35:00	49	16,12	0,00
1:36:00	50	16,12	0,00
1:37:00	50	16,11	0,00
1:38:00	50	16,11	0,00
1:39:00	50	16,12	0,00
1:40:00	50	16,12	0,00
1:41:00	50	16,12	0,00
1:42:00	50	16,12	0,00
1:43:00	51	16,12	0,00
1:44:00	51	16,11	0,00
1:45:00	51	16,12	0,00
1:46:00	51	16,12	0,00
1:47:00	51	16,12	0,00
1:48:00	51	16,13	0,00
1:49:00	51	16,13	0,00
1:50:00	51	16,12	0,00
1:51:00	51	16,12	0,00
1:52:00	51	16,13	0,00
1:53:00	51	16,12	0,00
1:54:00	51	16,13	0,00
1:55:00	51	16,12	0,00
1:56:00	51	16,13	0,00
1:57:00	51	16,12	0,00
1:58:00	51	16,12	0,00
1:59:00	51	16,12	0,00
2:00:00	51	16,12	0,00
2:01:00	51	16,12	0,00
2:02:00	51	16,13	0,00
2:03:00	51	16,13	0,00
2:04:00	51	16,13	0,00
2:05:00	51	16,13	0,00
2:06:00	51	16,13	0,00
2:07:00	51	16,13	0,00
2:08:00	51	16,13	0,00
2:09:00	52	16,13	0,00
2:10:00	51	16,12	0,00
2:11:00	52	16,13	0,00
2:12:00	51	16,13	0,00
2:13:00	52	16,13	0,00
2:14:00	52	16,13	0,00
2:15:00	52	16,13	0,00
2:16:00	52	16,14	0,00
2:17:00	52	16,13	0,00
2:18:00	52	16,13	0,00
2:19:00	52	16,13	0,00
2:20:00	52	16,14	0,00
2:21:00	52	16,14	0,00
2:22:00	52	16,14	0,00
2:23:00	52	16,14	0,00
2:24:00	52	16,13	0,00
2:25:00	52	16,13	0,00
2:26:00	52	16,14	0,00
2:27:00	52	16,13	0,00
2:28:00	52	16,14	0,00
2:29:00	52	16,14	0,00
2:30:00	52	16,14	0,00
2:31:00	52	16,14	0,00
2:32:00	52	16,14	0,00
2:33:00	52	16,14	0,00
2:34:00	52	16,14	0,00
2:35:00	53	16,14	0,00
2:36:00	53	16,14	0,00
2:37:00	53	16,14	0,00
2:38:00	53	16,14	0,00
2:39:00	53	16,14	0,00
2:40:00	53	16,14	0,00
2:41:00	53	16,14	0,00
2:42:00	53	16,14	0,00
2:43:00	53	16,14	0,00
2:44:00	53	16,14	0,00
2:45:00	53	16,14	0,00
2:46:00	53	16,14	0,00
2:47:00	53	16,14	0,00
2:48:00	53	16,14	0,00
2:49:00	53	16,14	0,00
2:50:00	53	16,14	0,00
2:51:00	53	16,14	0,00
2:52:00	53	16,14	0,00
2:53:00	54	16,15	0,00
2:54:00	54	16,14	0,00
2:55:00	54	16,15	0,00
2:56:00	54	16,15	0,00
2:57:00	54	16,14	0,00
2:58:00	54	16,14	0,00
2:59:00	54	16,14	0,00
3:00:00	54	16,15	0,00
3:01:00	54	16,15	0,00
3:02:00	54	16,15	0,00
3:03:00	54	16,15	0,00
3:04:00	54	16,15	0,00
3:05:00	55	16,16	0,00
3:06:00	54	16,16	0,00
3:07:00	54	16,16	0,00
3:08:00	54	16,15	0,00
3:09:00	54	16,16	0,00
3:10:00	55	16,15	0,00
3:11:00	54	16,16	0,00
3:12:00	55	16,15	0,00
3:13:00	55	16,16	0,00
3:14:00	55	16,16	0,00
3:15:00	55	16,16	0,00
3:16:00	55	16,16	0,00
3:17:00	55	16,16	0,00
3:18:00	55	16,16	0,00
3:19:00	55	16,16	0,00
3:20:00	55	16,15	0,00
3:21:00	55	16,15	0,00
3:22:00	55	16,15	0,00
3:23:00	55	16,16	0,00
3:24:00	55	16,16	0,00
3:25:00	55	16,16	0,00
3:26:00	55	16,16	0,00
3:27:00	55	16,16	0,00
3:28:00	56	16,15	0,00
3:29:00	56	16,16	0,00
3:30:00	56	16,16	0,00
3:31:00	56	16,17	0,00
3:32:00	55	16,16	0,00
3:33:00	56	16,17	0,00
3:34:00	56	16,16	0,00
3:35:00	56	16,16	0,00
3:36:00	56	16,16	0,00
3:37:00	56	16,16	0,00
3:38:00	56	16,16	0,00
3:39:00	56	16,17	0,00
3:40:00	56	16,17	0,00
3:41:00	56	16,17	0,00
3:42:00	56	16,17	0,00
3:43:00	56	16,17	0,00
3:44:00	57	16,17	0,00
3:45:00	57	16,17	0,00
3:46:00	56	16,17	0,00
3:47:00	57	16,17	0,00
3:48:00	57	16,17	0,00
3:49:00	57	16,17	0,00
3:50:00	57	16,17	0,00
3:51:00	57	16,17	0,00
3:52:00	57	16,17	0,00
3:53:00	57	16,17	0,00
3:54:00	57	16,17	0,00
3:55:00	57	16,17	0,00
3:56:00	57	16,17	0,00
3:57:00	57	16,17	0,00
3:58:00	57	16,17	0,00
3:59:00	57	16,17	0,00
4:00:00	57	16,18	0,00
4:01:00	57	16,17	0,00
4:02:00	57	16,17	0,00
4:03:00	57	16,17	0,00
4:04:00	58	16,17	0,00
4:05:00	57	16,17	0,00
4:06:00	58	16,17	0,00
4:07:00	58	16,17	0,00
4:08:00	58	16,18	0,00
4:09:00	58	16,17	0,00
4:10:00	58	16,17	0,00
4:11:00	58	16,17	0,00
4:12:00	58	16,17	0,00
4:13:00	58	16,18	0,00
4:14:00	58	16,18	0,00
4:15:00	59	16,18	0,00
4:16:00	58	16,18	0,00
4:17:00	58	16,18	0,00
4:18:00	58	16,18	0,00
4:19:00	59	16,18	0,00
4:20:00	59	16,17	0,00
4:21:00	58	16,18	0,00
4:22:00	59	16,18	0,00
4:23:00	59	16,18	0,00
4:24:00	59	16,18	0,00
4:25:00	59	16,18	0,00
4:26:00	59	16,18	0,00
4:27:00	59	16,18	0,00
4:28:00	59	16,18	0,00
4:29:00	59	16,18	0,00
4:30:00	59	16,18	0,00
4:31:00	59	16,19	0,00
4:32:00	59	16,18	0,00
4:33:00	59	16,19	0,00
4:34:00	59	16,18	0,00
4:35:00	60	16,18	0,00
4:36:00	60	16,18	0,00
4:37:00	59	16,19	0,00
4:38:00	60	16,19	0,00
4:39:00	60	16,19	0,00
4:40:00	59	16,18	0,00
4:41:00	60	16,19	0,00
4:42:00	60	16,19	0,00
4:43:00	60	16,18	0,00
4:44:00	60	16,18	0,00
4:45:00	60	16,18	0,00
4:46:00	60	16,18	0,00
4:47:00	60	16,19	0,00
4:48:00	60	16,18	0,00
4:49:00	60	16,18	0,00
4:50:00	60	16,19	0,00
4:51:00	60	16,18	0,00
4:52:00	60	16,18	0,00
4:53:00	60	16,18	0,00
4:54:00	60	16,18	0,00
4:55:00	60	16,18	0,00
4:56:00	61	16,18	0,00
4:57:00	61	16,18	0,00
4:58:00	60	16,18	0,00
4:59:00	61	16,18	0,00
5:00:00	61	16,18	0,00
5:01:00	61	16,19	0,00
5:02:00	61	16,19	0,00
5:03:00	61	16,18	0,00
5:04:00	61	16,19	0,00
5:05:00	61	16,18	0,00
5:06:00	61	16,19	0,00
5:07:00	61	16,19	0,00
5:08:00	61	16,19	0,00
5:09:00	61	16,19	0,00
5:10:00	61	16,19	0,00
5:11:00	61	16,19	0,00
5:12:00	62	16,19	0,00
5:13:00	62	16,19	0,00
5:14:00	62	16,19	0,00
5:15:00	62	16,19	0,00
5:16:00	62	16,19	0,00
5:17:00	62	16,19	0,00
5:18:00	62	16,19	0,00
5:19:00	62	16,19	0,00
5:20:00	62	16,19	0,00
5:21:00	62	16,19	0,00
5:22:00	62	16,19	0,00
5:23:00	62	16,18	0,00
5:24:00	62	16,19	0,00
5:25:00	63	16,19	0,00
5:26:00	62	16,19	0,00
5:27:00	62	16,19	0,00
5:28:00	62	16,19	0,00
5:29:00	62	16,19	0,00
5:30:00	63	16,19	0,00
5:31:00	63	16,18	0,00
5:32:00	63	16,19	0,00
5:33:00	63	16,18	0,00
5:34:00	63	16,18	0,00
5:35:00	63	16,18	0,00
5:36:00	63	16,18	0,00
5:37:00	63	16,18	0,00
5:38:00	63	16,18	0,00
5:39:00	63	16,18	0,00
5:40:00	63	16,18	0,00
5:41:00	63	16,18	0,00
5:42:00	63	16,18	0,00
5:43:00	63	16,18	0,00
5:44:00	63	16,18	0,00
5:45:00	63	16,18	0,00
5:46:00	63	16,18	0,00
5:47:00	63	16,18	0,00
5:48:00	63	16,18	0,00
5:49:00	63	16,18	0,00
5:50:00	63	16,18	0,00
5:51:00	63	16,18	0,00
5:52:00	63	16,18	0,00
5:53:00	63	16,18	0,00
5:54:00	63	16,18	0,00
5:55:00	63	16,18	0,00
5:56:00	63	16,18	0,00
5:57:00	63	16,17	0,00
5:58:00	63	16,17	0,00
5:59:00	63	16,17	0,00
6:00:00	63	16,17	0,00
6:01:00	63	16,18	0,00
6:02:00	63	16,17	0,00
6:03:00	63	16,17	0,00
6:04:00	63	16,17	0,00
6:05:00	63	16,17	0,00
6:06:00	63	16,17	0,00
6:07:00	63	16,17	0,00
6:08:00	63	16,17	0,00
6:09:00	63	16,17	0,00
6:10:00	63	16,17	0,00
6:11:00	63	16,17	0,00
6:12:00	63	16,17	0,00
6:13:00	63	16,17	0,00
6:14:00	63	16,17	0,00
6:15:00	63	16,17	0,00
6:16:00	63	16,17	0,00
6:17:00	63	16,17	0,00
6:18:00	63	16,17	0,00
6:19:00	62	16,16	0,00
6:20:00	63	16,17	0,00
6:21:00	63	16,17	0,00
6:22:00	63	16,17	0,00
6:23:00	62	16,16	0,00
6:24:00	63	16,16	0,00
6:25:00	63	16,16	0,00
6:26:00	63	16,16	0,00
6:27:00	62	16,16	0,00
6:28:00	63	16,16	0,00
6:29:00	63	16,16	0,00
6:30:00	63	16,16	0,00
6:31:00	63	16,16	0,00
6:32:00	63	16,15	0,00
6:33:00	63	16,15	0,00
6:34:00	63	16,15	0,00
6:35:00	63	16,15	0,00
6:36:00	63	16,15	0,00
6:37:00	63	16,15	0,00
6:38:00	63	16,14	0,00
6:39:00	63	16,14	0,00
6:40:00	63	16,14	0,00
6:41:00	63	16,14	0,00
6:42:00	63	16,14	0,00
6:43:00	63	16,14	0,00
6:44:00	63	16,14	0,00
6:45:00	62	16,14	0,00
6:46:00	63	16,14	0,00
6:47:00	63	16,14	0,00
6:48:00	63	16,14	0,00
6:49:00	63	16,14	0,00
6:50:00	63	16,13	0,00
6:51:00	63	16,13	0,00
6:52:00	63	16,13	0,00
6:53:00	63	16,13	0,00
6:54:00	63	16,13	0,00
6:55:00	63	16,13	0,00
6:56:00	62	16,12	0,00
6:57:00	63	16,12	0,00
6:58:00	63	16,12	0,00
6:59:00	63	16,11	0,00
7:00:00	63	16,11	0,00
7:01:00	63	16,11	0,00
7:02:00	63	16,11	0,00
7:03:00	63	16,11	0,00
7:04:00	63	16,11	0,00
7:05:00	63	16,11	0,00
7:06:00	63	16,11	0,00
7:07:00	63	16,11	0,00
7:08:00	62	16,11	0,00
7:09:00	63	16,10	0,00
7:10:00	63	16,09	0,00
7:11:00	63	16,10	0,00
7:12:00	63	16,09	0,00
7:13:00	63	16,09	0,00
7:14:00	63	16,08	0,00
7:15:00	63	16,08	0,00
7:16:00	63	16,09	0,00
7:17:00	63	16,08	0,00
7:18:00	63	16,08	0,00
7:19:00	63	16,08	0,00
7:20:00	63	16,08	0,00
7:21:00	63	16,08	0,00
7:22:00	63	16,08	0,00
7:23:00	63	16,07	0,00
7:24:00	63	16,07	0,00
7:25:00	63	16,06	0,00
7:26:00	62	16,06	0,00
7:27:00	63	16,06	0,00
7:28:00	63	16,06	0,00
7:29:00	63	16,05	0,00
7:30:00	63	16,05	0,00
7:31:00	63	16,05	0,00
7:32:00	63	16,05	0,00
7:33:00	63	16,05	0,00
7:34:00	63	16,04	0,00
7:35:00	63	16,04	0,00
7:36:00	63	16,04	0,00
7:37:00	63	16,03	0,00
7:38:00	63	16,02	0,00
7:39:00	63	16,02	0,00
7:40:00	63	16,02	0,00
7:41:00	63	16,02	0,00
7:42:00	63	16,01	0,00
7:43:00	63	16,01	0,00
7:44:00	63	16,00	0,01
7:45:00	63	16,00	0,01
7:46:00	63	16,00	0,01
7:47:00	63	16,00	0,01
7:48:00	63	15,99	0,01
7:49:00	63	15,99	0,01
7:50:00	63	15,98	0,01
7:51:00	63	15,98	0,01
7:52:00	63	15,98	0,01
7:53:00	63	15,97	0,02
7:54:00	63	15,97	0,02
7:55:00	63	15,96	0,02
7:56:00	63	15,96	0,02
7:57:00	63	15,95	0,02
7:58:00	63	15,95	0,02
7:59:00	63	15,94	0,03
8:00:00	63	15,93	0,03
8:01:00	63	15,93	0,03
8:02:00	63	15,93	0,03
8:03:00	63	15,93	0,03
8:04:00	62	15,92	0,03
8:05:00	63	15,91	0,03
8:06:00	63	15,90	0,04
8:07:00	63	15,90	0,04
8:08:00	63	15,90	0,04
8:09:00	63	15,89	0,04
8:10:00	63	15,89	0,04
8:11:00	63	15,87	0,05
8:12:00	63	15,87	0,05
8:13:00	63	15,86	0,05
8:14:00	63	15,86	0,05
8:15:00	63	15,85	0,05
8:16:00	63	15,84	0,06
8:17:00	63	15,83	0,06
8:18:00	63	15,83	0,06
8:19:00	63	15,82	0,06
8:20:00	63	15,81	0,07
8:21:00	63	15,81	0,07
8:22:00	62	15,79	0,07
8:23:00	63	15,78	0,08
8:24:00	63	15,77	0,08
8:25:00	63	15,76	0,08
8:26:00	63	15,76	0,08
8:27:00	62	15,75	0,09
8:28:00	63	15,74	0,09
8:29:00	63	15,73	0,09
8:30:00	63	15,72	0,10
8:31:00	63	15,72	0,10
8:32:00	63	15,71	0,10
8:33:00	63	15,69	0,11
8:34:00	63	15,69	0,11
8:35:00	63	15,68	0,11
8:36:00	63	15,67	0,11
8:37:00	63	15,66	0,12
8:38:00	63	15,65	0,12
8:39:00	63	15,63	0,13
8:40:00	63	15,63	0,13
8:41:00	63	15,62	0,13
8:42:00	63	15,60	0,14
8:43:00	63	15,60	0,14
8:44:00	63	15,59	0,14
8:45:00	63	15,57	0,15
8:46:00	63	15,57	0,15
8:47:00	63	15,55	0,16
8:48:00	62	15,54	0,16
8:49:00	62	15,53	0,16
8:50:00	63	15,52	0,17
8:51:00	62	15,51	0,17
8:52:00	62	15,50	0,17
8:53:00	63	15,48	0,18
8:54:00	63	15,47	0,18
8:55:00	63	15,46	0,19
8:56:00	63	15,45	0,19
8:57:00	63	15,43	0,20
8:58:00	63	15,42	0,20
8:59:00	63	15,41	0,21
9:00:00	63	15,40	0,21
9:01:00	63	15,39	0,21
9:02:00	63	15,37	0,22
9:03:00	62	15,36	0,22
9:04:00	63	15,35	0,23
9:05:00	63	15,33	0,24
9:06:00	63	15,32	0,24
9:07:00	63	15,30	0,25
9:08:00	63	15,30	0,25
9:09:00	63	15,27	0,26
9:10:00	63	15,26	0,27
9:11:00	63	15,24	0,27
9:12:00	63	15,23	0,28
9:13:00	63	15,22	0,28
9:14:00	63	15,20	0,29
9:15:00	63	15,18	0,30
9:16:00	63	15,18	0,30
9:17:00	63	15,15	0,31
9:18:00	62	15,14	0,31
9:19:00	63	15,12	0,32
9:20:00	62	15,11	0,33
9:21:00	63	15,09	0,33
9:22:00	63	15,09	0,34
9:23:00	63	15,07	0,34
9:24:00	63	15,05	0,35
9:25:00	63	15,04	0,35
9:26:00	63	15,02	0,36
9:27:00	62	15,00	0,37
9:28:00	63	14,98	0,38
9:29:00	63	14,97	0,39
9:30:00	63	14,95	0,39
9:31:00	62	14,94	0,40
9:32:00	63	14,92	0,41
9:33:00	63	14,91	0,41
9:34:00	63	14,89	0,42
9:35:00	63	14,88	0,43
9:36:00	63	14,86	0,43
9:37:00	63	14,84	0,45
9:38:00	63	14,82	0,45
9:39:00	63	14,81	0,46
9:40:00	62	14,79	0,47
9:41:00	63	14,78	0,47
9:42:00	63	14,76	0,48
9:43:00	63	14,74	0,49
9:44:00	63	14,73	0,50
9:45:00	63	14,71	0,51
9:46:00	63	14,69	0,52
9:47:00	63	14,67	0,53
9:48:00	63	14,65	0,54
9:49:00	63	14,64	0,54
9:50:00	63	14,62	0,55
9:51:00	63	14,60	0,56
9:52:00	63	14,58	0,57
9:53:00	63	14,57	0,58
9:54:00	62	14,55	0,59
9:55:00	63	14,53	0,60
9:56:00	63	14,51	0,61
9:57:00	63	14,49	0,62
9:58:00	63	14,48	0,62
9:59:00	63	14,46	0,64
10:00:00	63	14,44	0,64
10:01:00	63	14,43	0,65
10:02:00	63	14,41	0,66
10:03:00	63	14,39	0,67
10:04:00	63	14,37	0,69
10:05:00	63	14,35	0,69
10:06:00	63	14,34	0,70
10:07:00	63	14,32	0,71
10:08:00	63	14,30	0,72
10:09:00	62	14,28	0,73
10:10:00	63	14,27	0,74
10:11:00	63	14,25	0,75
10:12:00	63	14,23	0,76
10:13:00	63	14,22	0,77
10:14:00	63	14,19	0,78
10:15:00	63	14,19	0,79
10:16:00	63	14,16	0,80
10:17:00	63	14,14	0,82
10:18:00	63	14,12	0,83
10:19:00	63	14,10	0,84
10:20:00	63	14,09	0,85
10:21:00	63	14,07	0,86
10:22:00	63	14,06	0,87
10:23:00	63	14,04	0,88
10:24:00	63	14,02	0,89
10:25:00	63	14,01	0,90
10:26:00	63	13,98	0,92
10:27:00	63	13,97	0,92
10:28:00	63	13,95	0,93
10:29:00	63	13,94	0,94
10:30:00	63	13,92	0,95
10:31:00	63	13,91	0,96
10:32:00	63	13,89	0,98
10:33:00	63	13,87	0,99
10:34:00	63	13,85	1,01
10:35:00	63	13,83	1,02
10:36:00	63	13,82	1,03
10:37:00	63	13,80	1,04
10:38:00	63	13,78	1,05
10:39:00	63	13,77	1,06
10:40:00	63	13,75	1,08
10:41:00	63	13,73	1,09
10:42:00	63	13,71	1,10
10:43:00	63	13,69	1,12
10:44:00	63	13,68	1,13
10:45:00	62	13,66	1,14
10:46:00	63	13,65	1,15
10:47:00	63	13,63	1,16
10:48:00	63	13,61	1,18
10:49:00	63	13,59	1,19
10:50:00	63	13,58	1,20
10:51:00	63	13,56	1,21
10:52:00	63	13,54	1,23
10:53:00	63	13,53	1,24
10:54:00	63	13,51	1,25
10:55:00	63	13,50	1,26
10:56:00	63	13,48	1,28
10:57:00	63	13,47	1,29
10:58:00	63	13,45	1,31
10:59:00	63	13,44	1,31
11:00:00	63	13,41	1,33
11:01:00	63	13,40	1,34
11:02:00	63	13,39	1,36
11:03:00	63	13,37	1,37
11:04:00	63	13,36	1,38
11:05:00	63	13,34	1,39
11:06:00	63	13,32	1,41
11:07:00	63	13,30	1,42
11:08:00	62	13,30	1,43
11:09:00	63	13,27	1,45
11:10:00	62	13,27	1,46
11:11:00	63	13,24	1,48
11:12:00	63	13,23	1,49
11:13:00	62	13,21	1,50
11:14:00	63	13,20	1,52
11:15:00	63	13,18	1,54
11:16:00	63	13,17	1,54
11:17:00	63	13,15	1,56
11:18:00	63	13,13	1,58
11:19:00	63	13,12	1,58
11:20:00	62	13,11	1,60
11:21:00	63	13,09	1,61
11:22:00	62	13,08	1,63
11:23:00	63	13,06	1,64
11:24:00	63	13,05	1,66
11:25:00	63	13,03	1,67
11:26:00	63	13,01	1,69
11:27:00	63	13,00	1,70
11:28:00	63	12,99	1,71
11:29:00	62	12,97	1,73
11:30:00	63	12,96	1,74
11:31:00	63	12,94	1,76
11:32:00	63	12,93	1,77
11:33:00	63	12,91	1,79
11:34:00	63	12,89	1,81
11:35:00	63	12,88	1,82
11:36:00	63	12,87	1,83
11:37:00	63	12,85	1,85
11:38:00	63	12,84	1,87
11:39:00	63	12,82	1,88
11:40:00	63	12,81	1,90
11:41:00	63	12,79	1,91
11:42:00	63	12,78	1,93
11:43:00	63	12,76	1,95
11:44:00	63	12,75	1,96
11:45:00	63	12,73	1,98
11:46:00	62	12,72	1,99
11:47:00	63	12,70	2,01
11:48:00	63	12,69	2,03
11:49:00	63	12,67	2,04
11:50:00	63	12,66	2,06
11:51:00	63	12,64	2,08
11:52:00	63	12,63	2,10
11:53:00	63	12,62	2,10
11:54:00	63	12,61	2,12
11:55:00	63	12,59	2,14
11:56:00	63	12,57	2,16
11:57:00	63	12,57	2,17
11:58:00	63	12,54	2,19
11:59:00	62	12,54	2,20
12:00:00	63	12,52	2,23
12:01:00	63	12,51	2,24
12:02:00	63	12,49	2,26
12:03:00	63	12,48	2,27
12:04:00	63	12,46	2,29
12:05:00	63	12,45	2,31
12:06:00	63	12,44	2,32
12:07:00	63	12,43	2,34
12:08:00	63	12,41	2,36
12:09:00	63	12,39	2,38
12:10:00	63	12,38	2,40
12:11:00	62	12,36	2,42
12:12:00	63	12,35	2,43
12:13:00	63	12,34	2,44
12:14:00	62	12,33	2,46
12:15:00	63	12,31	2,48
12:16:00	62	12,30	2,49
12:17:00	62	12,29	2,51
12:18:00	63	12,27	2,53
12:19:00	63	12,26	2,55
12:20:00	63	12,25	2,56
12:21:00	63	12,24	2,58
12:22:00	63	12,22	2,61
12:23:00	63	12,21	2,63
12:24:00	63	12,20	2,64
12:25:00	63	12,19	2,66
12:26:00	63	12,17	2,68
12:27:00	63	12,16	2,70
12:28:00	63	12,15	2,71
12:29:00	63	12,13	2,73
12:30:00	63	12,12	2,75
12:31:00	63	12,11	2,76
12:32:00	63	12,09	2,79
12:33:00	63	12,09	2,80
12:34:00	63	12,07	2,82
12:35:00	63	12,04	2,88
12:36:00	63	12,03	2,89
12:37:00	63	12,01	2,91
12:38:00	63	12,00	2,92
12:39:00	63	11,99	2,94
12:40:00	63	11,97	2,97
12:41:00	63	11,97	2,98
12:42:00	63	11,95	3,00
12:43:00	63	11,94	3,03
12:44:00	63	11,93	3,04
12:45:00	63	11,91	3,06
12:46:00	63	11,90	3,08
12:47:00	63	11,89	3,11
12:48:00	63	11,87	3,13
12:49:00	63	11,86	3,16
12:50:00	63	11,84	3,18
12:51:00	63	11,83	3,19
12:52:00	63	11,82	3,22
12:53:00	63	11,81	3,23
12:54:00	63	11,80	3,26
12:55:00	63	11,79	3,27
12:56:00	63	11,77	3,30
12:57:00	63	11,76	3,32
12:58:00	63	11,75	3,33
12:59:00	63	11,73	3,37
13:00:00	63	11,72	3,39
13:01:00	63	11,71	3,41
13:02:00	63	11,70	3,43
13:03:00	63	11,68	3,45
13:04:00	63	11,68	3,47
13:05:00	63	11,66	3,49
13:06:00	63	11,65	3,51
13:07:00	63	11,64	3,53
13:08:00	63	11,63	3,55
13:09:00	63	11,61	3,57
13:10:00	63	11,61	3,59
13:11:00	63	11,60	3,60
13:12:00	63	11,58	3,64
13:13:00	63	11,57	3,66
13:14:00	63	11,56	3,67
13:15:00	63	11,55	3,70
13:16:00	62	11,54	3,71
13:17:00	63	11,52	3,74
13:18:00	63	11,51	3,77
13:19:00	62	11,50	3,79
13:20:00	62	11,49	3,81
13:21:00	63	11,48	3,83
13:22:00	63	11,47	3,84
13:23:00	63	11,46	3,87
13:24:00	63	11,45	3,89
13:25:00	63	11,43	3,92
13:26:00	63	11,42	3,95
13:27:00	63	11,41	3,96
13:28:00	63	11,40	3,99
13:29:00	63	11,39	4,01
13:30:00	63	11,38	4,03
13:31:00	63	11,37	4,06
13:32:00	63	11,36	4,07
13:33:00	63	11,34	4,10
13:34:00	63	11,34	4,12
13:35:00	63	11,32	4,15
13:36:00	63	11,32	4,17
13:37:00	63	11,31	4,18
13:38:00	63	11,29	4,21
13:39:00	63	11,29	4,23
13:40:00	63	11,27	4,26
13:41:00	63	11,26	4,28
13:42:00	63	11,25	4,30
13:43:00	62	11,25	4,31
13:44:00	62	11,23	4,35
13:45:00	63	11,23	4,36
13:46:00	63	11,22	4,38
13:47:00	63	11,20	4,41
13:48:00	63	11,20	4,43
13:49:00	63	11,18	4,46
13:50:00	63	11,17	4,48
13:51:00	63	11,16	4,50
13:52:00	63	11,16	4,51
13:53:00	63	11,14	4,55
13:54:00	63	11,14	4,57
13:55:00	63	11,13	4,58
13:56:00	63	11,12	4,60
13:57:00	63	11,11	4,64
13:58:00	63	11,10	4,65
13:59:00	63	11,09	4,67
14:00:00	63	11,08	4,69
14:01:00	63	11,07	4,73
14:02:00	63	11,06	4,74
14:03:00	63	11,05	4,76
14:04:00	63	11,04	4,80
14:05:00	63	11,03	4,82
14:06:00	63	11,02	4,84
14:07:00	63	11,02	4,85
14:08:00	62	11,01	4,87
14:09:00	63	11,00	4,89
14:10:00	62	10,99	4,91
14:11:00	63	10,98	4,95
14:12:00	63	10,96	4,99
14:13:00	63	10,95	5,00
14:14:00	63	10,95	5,02
14:15:00	63	10,93	5,06
14:16:00	63	10,93	5,06
14:17:00	63	10,92	5,10
14:18:00	63	10,91	5,12
14:19:00	63	10,89	5,16
14:20:00	62	10,89	5,16
14:21:00	63	10,89	5,18
14:22:00	63	10,88	5,20
14:23:00	63	10,87	5,22
14:24:00	62	10,86	5,24
14:25:00	63	10,85	5,28
14:26:00	63	10,84	5,30
14:27:00	62	10,84	5,32
14:28:00	63	10,83	5,34
14:29:00	63	10,82	5,36
14:30:00	62	10,81	5,38
14:31:00	63	10,80	5,40
14:32:00	63	10,80	5,42
14:33:00	63	10,79	5,44
14:34:00	63	10,78	5,46
14:35:00	62	10,77	5,49
14:36:00	63	10,76	5,53
14:37:00	63	10,75	5,55
14:38:00	63	10,75	5,57
14:39:00	63	10,74	5,59
14:40:00	62	10,73	5,61
14:41:00	63	10,72	5,63
14:42:00	63	10,71	5,66
14:43:00	63	10,71	5,68
14:44:00	63	10,70	5,70
14:45:00	63	10,69	5,72
14:46:00	63	10,69	5,74
14:47:00	63	10,68	5,76
14:48:00	63	10,67	5,79
14:49:00	63	10,66	5,81
14:50:00	63	10,66	5,83
14:51:00	63	10,65	5,85
14:52:00	63	10,64	5,88
14:53:00	62	10,63	5,90
14:54:00	62	10,63	5,92
14:55:00	63	10,63	5,92
14:56:00	63	10,61	5,97
14:57:00	63	10,60	5,99
14:58:00	63	10,60	5,99
14:59:00	63	10,59	6,01
15:00:00	63	10,58	6,06
15:01:00	63	10,57	6,08
15:02:00	62	10,56	6,11
15:03:00	63	10,56	6,11
15:04:00	63	10,55	6,15
15:05:00	63	10,55	6,15
15:06:00	63	10,54	6,18
15:07:00	63	10,54	6,20
15:08:00	63	10,53	6,22
15:09:00	63	10,52	6,25
15:10:00	63	10,52	6,25
15:11:00	63	10,50	6,30
15:12:00	62	10,50	6,32
15:13:00	63	10,50	6,32
15:14:00	63	10,48	6,37
15:15:00	63	10,48	6,37
15:16:00	63	10,48	6,37
15:17:00	63	10,47	6,42
15:18:00	63	10,46	6,44
15:19:00	63	10,45	6,47
15:20:00	63	10,45	6,49
15:21:00	63	10,44	6,52
15:22:00	63	10,43	6,54
15:23:00	63	10,42	6,57
15:24:00	62	10,42	6,57
15:25:00	63	10,41	6,59
15:26:00	63	10,41	6,62
15:27:00	62	10,40	6,64
15:28:00	63	10,39	6,67
15:29:00	63	10,39	6,70
15:30:00	63	10,39	6,70
15:31:00	63	10,38	6,72
15:32:00	63	10,37	6,75
15:33:00	63	10,37	6,75
15:34:00	63	10,36	6,77
15:35:00	63	10,36	6,80
15:36:00	63	10,35	6,83
15:37:00	63	10,35	6,83
15:38:00	63	10,33	6,88
15:39:00	63	10,32	6,91
15:40:00	63	10,32	6,91
15:41:00	63	10,32	6,93
15:42:00	63	10,31	6,96
15:43:00	63	10,31	6,96
15:44:00	63	10,30	6,99
15:45:00	63	10,30	7,01
15:46:00	63	10,30	7,01
15:47:00	63	10,29	7,04
15:48:00	63	10,28	7,07
15:49:00	63	10,28	7,07
15:50:00	63	10,27	7,09
15:51:00	63	10,27	7,12
15:52:00	63	10,26	7,15
15:53:00	63	10,26	7,15
15:54:00	63	10,25	7,18
15:55:00	63	10,24	7,21
15:56:00	63	10,24	7,21
15:57:00	63	10,23	7,23
15:58:00	63	10,23	7,26
15:59:00	63	10,22	7,29
16:00:00	63	10,22	7,29
16:01:00	63	10,21	7,32
16:02:00	63	10,21	7,35
16:03:00	63	10,21	7,35
16:04:00	63	10,20	7,37
16:05:00	63	10,19	7,40
16:06:00	63	10,19	7,40
16:07:00	63	10,18	7,43
16:08:00	63	10,18	7,46
16:09:00	63	10,18	7,46
16:10:00	63	10,17	7,49
16:11:00	63	10,16	7,52
16:12:00	63	10,16	7,52
16:13:00	63	10,15	7,55
16:14:00	63	10,15	7,55
16:15:00	63	10,14	7,58
16:16:00	63	10,14	7,58
16:17:00	63	10,14	7,61
16:18:00	63	10,13	7,64
16:19:00	63	10,12	7,67
16:20:00	63	10,12	7,67
16:21:00	63	10,11	7,70
16:22:00	63	10,11	7,70
16:23:00	63	10,11	7,73
16:24:00	63	10,10	7,76
16:25:00	63	10,10	7,76
16:26:00	63	10,09	7,79
16:27:00	63	10,09	7,79
16:28:00	63	10,09	7,82
16:29:00	63	10,08	7,85
16:30:00	63	10,08	7,85
16:31:00	63	10,07	7,88
16:32:00	63	10,07	7,88
16:33:00	63	10,06	7,91
16:34:00	63	10,06	7,91
16:35:00	63	10,05	7,94
16:36:00	63	10,05	7,94
16:37:00	63	10,05	7,97
16:38:00	63	10,04	8,00
16:39:00	63	10,04	8,00
16:40:00	63	10,03	8,03
16:41:00	63	10,02	8,06
16:42:00	63	10,02	8,06
16:43:00	63	10,02	8,10
16:44:00	63	10,02	8,10
16:45:00	63	10,02	8,10
16:46:00	63	10,01	8,13
16:47:00	63	10,01	8,13
16:48:00	63	10,00	8,16
16:49:00	63	10,00	8,19
16:50:00	63	10,00	8,19
16:51:00	63	9,99	8,22
16:52:00	63	9,99	8,22
16:53:00	63	9,98	8,25
16:54:00	63	9,98	8,25
16:55:00	63	9,97	8,29
16:56:00	63	9,97	8,29
16:57:00	63	9,96	8,32
16:58:00	63	9,96	8,32
16:59:00	63	9,96	8,35
17:00:00	63	9,96	8,35
17:01:00	63	9,95	8,38
17:02:00	63	9,95	8,38
17:03:00	63	9,94	8,42
17:04:00	63	9,94	8,42
17:05:00	63	9,94	8,42
17:06:00	63	9,93	8,48
17:07:00	63	9,93	8,48
17:08:00	63	9,92	8,52
17:09:00	63	9,92	8,52
17:10:00	63	9,92	8,52
17:11:00	63	9,91	8,55
17:12:00	63	9,91	8,58
17:13:00	63	9,91	8,58
17:14:00	63	9,91	8,58
17:15:00	63	9,90	8,62
17:16:00	63	9,90	8,62
17:17:00	63	9,89	8,65
17:18:00	63	9,88	8,69
17:19:00	63	9,88	8,69
17:20:00	63	9,88	8,69
17:21:00	63	9,88	8,72
17:22:00	63	9,88	8,72
17:23:00	63	9,88	8,72
17:24:00	63	9,87	8,75
17:25:00	63	9,87	8,75
17:26:00	63	9,86	8,79
17:27:00	63	9,86	8,79
17:28:00	63	9,85	8,82
17:29:00	63	9,85	8,82
17:30:00	63	9,85	8,82
17:31:00	63	9,84	8,86
17:32:00	63	9,84	8,86
17:33:00	63	9,84	8,89
17:34:00	63	9,84	8,89
17:35:00	63	9,83	8,93
17:36:00	63	9,83	8,93
17:37:00	63	9,83	8,93
17:38:00	63	9,83	8,93
17:39:00	63	9,82	8,96
17:40:00	63	9,82	8,96
17:41:00	63	9,82	9,00
17:42:00	63	9,80	9,07
17:43:00	63	9,80	9,07
17:44:00	63	9,80	9,07
17:45:00	63	9,79	9,10
17:46:00	63	9,79	9,10
17:47:00	63	9,79	9,14
17:48:00	63	9,79	9,14
17:49:00	63	9,79	9,14
17:50:00	63	9,79	9,14
17:51:00	63	9,78	9,18
17:52:00	63	9,77	9,21
17:53:00	63	9,77	9,21
17:54:00	63	9,77	9,21
17:55:00	63	9,76	9,25
17:56:00	63	9,76	9,25
17:57:00	63	9,76	9,25
17:58:00	63	9,75	9,29
17:59:00	63	9,75	9,29
18:00:00	63	9,75	9,32
18:01:00	63	9,75	9,32
18:02:00	63	9,74	9,36
18:03:00	63	9,74	9,36
18:04:00	63	9,74	9,36
18:05:00	63	9,73	9,40
18:06:00	63	9,73	9,43
18:07:00	63	9,72	9,47
18:08:00	63	9,72	9,47
18:09:00	63	9,72	9,47
18:10:00	63	9,72	9,47
18:11:00	63	9,71	9,51
18:12:00	62	9,71	9,51
18:13:00	62	9,71	9,51
18:14:00	63	9,70	9,55
18:15:00	63	9,70	9,55
18:16:00	63	9,70	9,55
18:17:00	63	9,70	9,58
18:18:00	63	9,70	9,58
18:19:00	63	9,70	9,58
18:20:00	63	9,69	9,62
18:21:00	63	9,69	9,62
18:22:00	63	9,68	9,66
18:23:00	63	9,67	9,70
18:24:00	63	9,67	9,70
18:25:00	63	9,67	9,70
18:26:00	63	9,67	9,70
18:27:00	63	9,67	9,70
18:28:00	63	9,67	9,70
18:29:00	63	9,66	9,74
18:30:00	63	9,66	9,74
18:31:00	63	9,67	9,70
18:32:00	63	9,66	9,74
18:33:00	63	9,66	9,78
18:34:00	63	9,65	9,81
18:35:00	63	9,65	9,81
18:36:00	63	9,65	9,81
18:37:00	63	9,64	9,85
18:38:00	63	9,64	9,85
18:39:00	63	9,64	9,85
18:40:00	63	9,64	9,89
18:41:00	63	9,63	9,93
18:42:00	63	9,62	9,97
18:43:00	63	9,62	9,97
18:44:00	63	9,62	9,97
18:45:00	63	9,62	9,97
18:46:00	63	9,61	10,01
18:47:00	63	9,61	10,01
18:48:00	63	9,61	10,01
18:49:00	63	9,61	10,05
18:50:00	63	9,61	10,05
18:51:00	63	9,61	10,05
18:52:00	63	9,61	10,05
18:53:00	63	9,60	10,09
18:54:00	63	9,60	10,09
18:55:00	63	9,60	10,09
18:56:00	63	9,59	10,13
18:57:00	63	9,59	10,13
18:58:00	63	9,59	10,13
18:59:00	63	9,58	10,17
19:00:00	63	9,58	10,17
19:01:00	63	9,58	10,17
19:02:00	63	9,57	10,21
19:03:00	63	9,57	10,21
19:04:00	63	9,57	10,21
19:05:00	63	9,57	10,21
19:06:00	63	9,57	10,21
19:07:00	63	9,57	10,25
19:08:00	63	9,57	10,25
19:09:00	63	9,56	10,29
19:10:00	63	9,56	10,29
19:11:00	63	9,56	10,29
19:12:00	63	9,56	10,29
19:13:00	63	9,55	10,34
19:14:00	63	9,55	10,34
19:15:00	63	9,55	10,34
19:16:00	63	9,54	10,38
19:17:00	63	9,54	10,38
19:18:00	63	9,54	10,38
19:19:00	63	9,54	10,38
19:20:00	63	9,54	10,42
19:21:00	63	9,54	10,42
19:22:00	63	9,54	10,42
19:23:00	63	9,54	10,42
19:24:00	63	9,53	10,46
19:25:00	63	9,53	10,46
19:26:00	63	9,53	10,46
19:27:00	63	9,53	10,46
19:28:00	63	9,52	10,50
19:29:00	63	9,52	10,50
19:30:00	63	9,52	10,50
19:31:00	63	9,52	10,54
19:32:00	63	9,52	10,54
19:33:00	63	9,51	10,59
19:34:00	63	9,51	10,59
19:35:00	63	9,51	10,59
19:36:00	63	9,51	10,59
19:37:00	63	9,50	10,63
19:38:00	63	9,50	10,63
19:39:00	63	9,50	10,63
19:40:00	63	9,50	10,63
19:41:00	63	9,50	10,63
19:42:00	63	9,50	10,63
19:43:00	63	9,50	10,63
19:44:00	63	9,50	10,63
19:45:00	63	9,49	10,67
19:46:00	62	9,50	10,63
19:47:00	63	9,50	10,63
19:48:00	63	9,49	10,67
19:49:00	63	9,49	10,67
19:50:00	63	9,49	10,67
19:51:00	63	9,48	10,71
19:52:00	63	9,48	10,71
19:53:00	63	9,48	10,71
19:54:00	63	9,48	10,71
19:55:00	62	9,48	10,71
19:56:00	63	9,48	10,76
19:57:00	63	9,48	10,76
19:58:00	63	9,48	10,76
19:59:00	63	9,48	10,76
20:00:00	63	9,47	10,80
20:01:00	63	9,47	10,80
20:02:00	63	9,47	10,80
20:03:00	63	9,46	10,84
20:04:00	62	9,46	10,84
20:05:00	63	9,46	10,84
20:06:00	63	9,46	10,84
20:07:00	63	9,45	10,89
20:08:00	63	9,45	10,89
20:09:00	63	9,45	10,89
20:10:00	63	9,45	10,93
20:11:00	63	9,45	10,93
20:12:00	62	9,45	10,93
20:13:00	63	9,44	10,97
20:14:00	63	9,44	10,97
20:15:00	63	9,44	10,97
20:16:00	62	9,44	10,97
20:17:00	62	9,44	10,97
20:18:00	63	9,44	10,97
20:19:00	63	9,43	11,02
20:20:00	63	9,43	11,02
20:21:00	63	9,43	11,02
20:22:00	63	9,43	11,06
20:23:00	63	9,43	11,06
20:24:00	63	9,43	11,06
20:25:00	63	9,43	11,06
20:26:00	62	9,43	11,06
20:27:00	63	9,43	11,06
20:28:00	63	9,42	11,11
20:29:00	62	9,42	11,11
20:30:00	62	9,42	11,11
20:31:00	63	9,42	11,11
20:32:00	63	9,41	11,15
20:33:00	63	9,41	11,15
20:34:00	63	9,41	11,15
20:35:00	63	9,41	11,15
20:36:00	63	9,41	11,15
20:37:00	63	9,40	11,20
20:38:00	63	9,40	11,20
20:39:00	63	9,40	11,20
20:40:00	63	9,40	11,20
20:41:00	63	9,39	11,24
20:42:00	63	9,39	11,24
20:43:00	63	9,39	11,24
20:44:00	63	9,39	11,29
20:45:00	63	9,39	11,24
20:46:00	63	9,39	11,29
20:47:00	63	9,39	11,29
20:48:00	63	9,39	11,29
20:49:00	63	9,38	11,33
20:50:00	63	9,38	11,33
20:51:00	63	9,38	11,33
20:52:00	63	9,38	11,33
20:53:00	62	9,38	11,33
20:54:00	63	9,37	11,38
20:55:00	63	9,37	11,38
20:56:00	63	9,37	11,38
20:57:00	63	9,36	11,43
20:58:00	63	9,37	11,38
20:59:00	63	9,36	11,43
21:00:00	63	9,36	11,43
21:01:00	63	9,36	11,43
21:02:00	63	9,36	11,43
21:03:00	63	9,36	11,47
21:04:00	62	9,36	11,47
21:05:00	63	9,36	11,47
21:06:00	63	9,36	11,47
21:07:00	63	9,35	11,52
21:08:00	63	9,35	11,52
21:09:00	62	9,35	11,52
21:10:00	63	9,35	11,52
21:11:00	63	9,35	11,52
21:12:00	63	9,34	11,56
21:13:00	63	9,34	11,56
21:14:00	63	9,34	11,56
21:15:00	63	9,34	11,56
21:16:00	63	9,34	11,56
21:17:00	63	9,34	11,61
21:18:00	63	9,34	11,61
21:19:00	63	9,34	11,61
21:20:00	63	9,34	11,61
21:21:00	63	9,34	11,61
21:22:00	63	9,33	11,66
21:23:00	63	9,33	11,66
21:24:00	63	9,33	11,66
21:25:00	63	9,33	11,66
21:26:00	63	9,33	11,66
21:27:00	62	9,32	11,71
21:28:00	63	9,32	11,71
21:29:00	63	9,32	11,71
21:30:00	62	9,32	11,71
21:31:00	63	9,32	11,71
21:32:00	63	9,31	11,75
21:33:00	63	9,31	11,75
21:34:00	63	9,32	11,71
21:35:00	63	9,31	11,75
21:36:00	63	9,31	11,75
21:37:00	63	9,30	11,80
21:38:00	63	9,30	11,80
21:39:00	63	9,30	11,80
21:40:00	63	9,30	11,80
21:41:00	62	9,30	11,80
21:42:00	63	9,30	11,80
21:43:00	63	9,30	11,80
21:44:00	63	9,30	11,80
21:45:00	63	9,30	11,85
21:46:00	62	9,30	11,85
21:47:00	63	9,30	11,85
21:48:00	63	9,30	11,85
21:49:00	63	9,29	11,90
21:50:00	63	9,29	11,90
21:51:00	63	9,29	11,90
21:52:00	63	9,29	11,90
21:53:00	63	9,29	11,90
21:54:00	63	9,29	11,90
21:55:00	63	9,29	11,90
21:56:00	63	9,28	11,94
21:57:00	63	9,28	11,94
21:58:00	63	9,28	11,94
21:59:00	63	9,28	11,94
22:00:00	63	9,28	11,94
22:01:00	63	9,27	11,99
22:02:00	63	9,28	11,94
22:03:00	63	9,27	11,99
22:04:00	63	9,27	11,99
22:05:00	63	9,27	11,99
22:06:00	63	9,27	11,99
22:07:00	63	9,27	12,04
22:08:00	63	9,27	12,04
22:09:00	63	9,27	12,04
22:10:00	62	9,27	12,04
22:11:00	63	9,27	12,04
22:12:00	63	9,27	12,04
22:13:00	63	9,27	12,04
22:14:00	63	9,26	12,09
22:15:00	63	9,26	12,09
22:16:00	63	9,26	12,09
22:17:00	63	9,26	12,09
22:18:00	63	9,26	12,09
22:19:00	63	9,26	12,09
22:20:00	63	9,25	12,14
22:21:00	63	9,25	12,14
22:22:00	62	9,25	12,14
22:23:00	63	9,25	12,14
22:24:00	63	9,25	12,14
22:25:00	63	9,25	12,14
22:26:00	63	9,25	12,19
22:27:00	63	9,25	12,14
22:28:00	62	9,25	12,19
22:29:00	63	9,25	12,19
22:30:00	63	9,25	12,19
22:31:00	62	9,24	12,24
22:32:00	62	9,24	12,24
22:33:00	63	9,25	12,19
22:34:00	63	9,24	12,24
22:35:00	63	9,24	12,24
22:36:00	63	9,24	12,24
22:37:00	63	9,24	12,24
22:38:00	63	9,24	12,24
22:39:00	63	9,23	12,29
22:40:00	63	9,24	12,24
22:41:00	62	9,24	12,24
22:42:00	63	9,23	12,29
22:43:00	63	9,23	12,29
22:44:00	62	9,23	12,29
22:45:00	63	9,23	12,29
22:46:00	63	9,22	12,34
22:47:00	63	9,22	12,34
22:48:00	63	9,22	12,34
22:49:00	63	9,22	12,34
22:50:00	63	9,22	12,34
22:51:00	63	9,22	12,34
22:52:00	63	9,22	12,34
22:53:00	62	9,21	12,39
22:54:00	63	9,21	12,39
22:55:00	63	9,21	12,39
22:56:00	63	9,21	12,39
22:57:00	63	9,21	12,39
22:58:00	63	9,21	12,39
22:59:00	63	9,21	12,44
23:00:00	63	9,21	12,44
23:01:00	63	9,21	12,44
23:02:00	63	9,21	12,44
23:03:00	63	9,21	12,44
23:04:00	63	9,21	12,44
23:05:00	63	9,21	12,44
23:06:00	63	9,20	12,49
23:07:00	63	9,20	12,49
23:08:00	63	9,20	12,49
23:09:00	63	9,20	12,49
23:10:00	63	9,20	12,49
23:11:00	63	9,20	12,49
23:12:00	62	9,20	12,49
23:13:00	63	9,20	12,49
23:14:00	63	9,19	12,54
23:15:00	62	9,19	12,54
23:16:00	63	9,19	12,54
23:17:00	63	9,19	12,54
23:18:00	63	9,19	12,54
23:19:00	63	9,19	12,54
23:20:00	62	9,19	12,54
23:21:00	63	9,19	12,59
23:22:00	62	9,19	12,59
23:23:00	62	9,19	12,59
23:24:00	63	9,19	12,59
23:25:00	63	9,19	12,59
23:26:00	63	9,19	12,59
23:27:00	63	9,19	12,59
23:28:00	63	9,19	12,59
23:29:00	63	9,19	12,59
23:30:00	63	9,18	12,64
23:31:00	63	9,18	12,64
23:32:00	63	9,18	12,64
23:33:00	63	9,18	12,64
23:34:00	63	9,18	12,64
23:35:00	63	9,18	12,64
23:36:00	62	9,18	12,64
23:37:00	62	9,17	12,70
23:38:00	63	9,17	12,70
23:39:00	63	9,17	12,70
23:40:00	63	9,17	12,70
23:41:00	62	9,17	12,70
23:42:00	63	9,17	12,70
23:43:00	63	9,17	12,70
23:44:00	63	9,17	12,70
23:45:00	62	9,16	12,75
23:46:00	63	9,16	12,75
23:47:00	62	9,16	12,75
23:48:00	63	9,16	12,75
23:49:00	63	9,16	12,75
23:50:00	63	9,16	12,75
23:51:00	62	9,16	12,75
23:52:00	63	9,16	12,75
23:53:00	63	9,16	12,75
23:54:00	63	9,16	12,75
23:55:00	63	9,16	12,75
23:56:00	63	9,16	12,75
23:57:00	63	9,16	12,80
23:58:00	63	9,16	12,80
23:59:00	62	9,16	12,80
24:00:00	63	9,16	12,80
24:01:00	63	9,16	12,80
24:02:00	63	9,16	12,80
24:03:00	63	9,15	12,85
24:04:00	63	9,15	12,85
24:05:00	63	9,15	12,85
24:06:00	63	9,15	12,85
24:07:00	63	9,15	12,85
24:08:00	63	9,15	12,85
24:09:00	63	9,15	12,85
24:10:00	63	9,15	12,85
24:11:00	62	9,15	12,85
24:12:00	63	9,15	12,85
24:13:00	63	9,14	12,91
24:14:00	63	9,14	12,91
24:15:00	63	9,14	12,91
24:16:00	63	9,14	12,91
24:17:00	63	9,14	12,91
24:18:00	62	9,14	12,91
24:19:00	63	9,14	12,91
24:20:00	63	9,14	12,91
24:21:00	63	9,13	12,96
24:22:00	62	9,13	12,96
24:23:00	63	9,13	12,96
24:24:00	63	9,13	12,96
24:25:00	62	9,13	12,96
24:26:00	63	9,13	12,96
24:27:00	62	9,13	12,96
24:28:00	62	9,13	12,96
24:29:00	63	9,13	13,01
24:30:00	63	9,13	12,96
24:31:00	62	9,13	13,01
24:32:00	63	9,13	13,01
24:33:00	63	9,13	13,01
24:34:00	63	9,13	13,01
24:35:00	63	9,13	13,01
24:36:00	63	9,13	13,01
24:37:00	63	9,12	13,07
24:38:00	63	9,13	13,01
24:39:00	62	9,13	13,01
24:40:00	63	9,13	13,01
24:41:00	62	9,12	13,07
24:42:00	63	9,12	13,07
24:43:00	63	9,12	13,07
24:44:00	63	9,12	13,07
24:45:00	62	9,12	13,07
24:46:00	63	9,12	13,07
24:47:00	62	9,12	13,07
24:48:00	63	9,11	13,12
24:49:00	63	9,12	13,07
24:50:00	62	9,12	13,07
24:51:00	63	9,11	13,12
24:52:00	63	9,11	13,12
24:53:00	63	9,11	13,12
24:54:00	63	9,11	13,12
24:55:00	63	9,11	13,12
24:56:00	63	9,11	13,12
24:57:00	63	9,11	13,12
24:58:00	63	9,11	13,12
24:59:00	63	9,11	13,12
25:00:00	63	9,10	13,17
25:01:00	63	9,10	13,17
25:02:00	63	9,10	13,17
25:03:00	63	9,10	13,17
25:04:00	63	9,10	13,17
25:05:00	63	9,09	13,23
25:06:00	62	9,10	13,17
25:07:00	63	9,10	13,17
25:08:00	62	9,10	13,17
25:09:00	63	9,09	13,23
25:10:00	62	9,10	13,17
25:11:00	62	9,10	13,17
25:12:00	63	9,09	13,23
25:13:00	63	9,09	13,28
25:14:00	62	9,09	13,23
25:15:00	63	9,09	13,23
25:16:00	63	9,09	13,23
25:17:00	63	9,09	13,23
25:18:00	63	9,09	13,28
25:19:00	63	9,09	13,28
25:20:00	63	9,09	13,28
25:21:00	63	9,09	13,28
25:22:00	63	9,09	13,28
25:23:00	63	9,09	13,28
25:24:00	63	9,09	13,28
25:25:00	63	9,09	13,28
25:26:00	63	9,09	13,28
25:27:00	63	9,09	13,28
25:28:00	63	9,08	13,34
25:29:00	63	9,09	13,28
25:30:00	63	9,08	13,34
25:31:00	63	9,08	13,34
25:32:00	63	9,08	13,34
25:33:00	63	9,08	13,34
25:34:00	63	9,08	13,34
25:35:00	63	9,08	13,34
25:36:00	63	9,08	13,34
25:37:00	63	9,08	13,34
25:38:00	63	9,08	13,34
25:39:00	63	9,08	13,34
25:40:00	63	9,07	13,39
25:41:00	63	9,07	13,39
25:42:00	63	9,07	13,39
25:43:00	62	9,07	13,39
25:44:00	63	9,07	13,39
25:45:00	62	9,07	13,39
25:46:00	63	9,07	13,39
25:47:00	62	9,07	13,39
25:48:00	63	9,07	13,39
25:49:00	63	9,07	13,39
25:50:00	63	9,07	13,39
25:51:00	62	9,06	13,45
25:52:00	63	9,06	13,45
25:53:00	62	9,06	13,45
25:54:00	63	9,06	13,45
25:55:00	62	9,06	13,45
25:56:00	63	9,06	13,45
25:57:00	63	9,06	13,45
25:58:00	63	9,06	13,45
25:59:00	63	9,06	13,45
26:00:00	62	9,06	13,45
26:01:00	62	9,06	13,50
26:02:00	63	9,06	13,50
26:03:00	63	9,06	13,50
26:04:00	63	9,06	13,50
26:05:00	63	9,06	13,50
26:06:00	63	9,06	13,50
26:07:00	63	9,05	13,56
26:08:00	63	9,05	13,56
26:09:00	63	9,05	13,56
26:10:00	63	9,05	13,56
26:11:00	63	9,05	13,56
26:12:00	63	9,05	13,56
26:13:00	63	9,05	13,56
26:14:00	63	9,04	13,61
26:15:00	63	9,04	13,61
26:16:00	63	9,04	13,61
26:17:00	63	9,04	13,61
26:18:00	62	9,04	13,61
26:19:00	63	9,04	13,61
26:20:00	63	9,04	13,61
26:21:00	62	9,04	13,61
26:22:00	63	9,04	13,61
26:23:00	63	9,04	13,61
26:24:00	63	9,04	13,67
26:25:00	62	9,04	13,67
26:26:00	63	9,04	13,67
26:27:00	63	9,04	13,61
26:28:00	63	9,04	13,67
26:29:00	62	9,04	13,67
26:30:00	62	9,04	13,67
26:31:00	62	9,04	13,67
26:32:00	63	9,04	13,67
26:33:00	62	9,04	13,67
26:34:00	63	9,04	13,67
26:35:00	63	9,04	13,67
26:36:00	63	9,04	13,67
26:37:00	63	9,04	13,67
26:38:00	63	9,04	13,67
26:39:00	62	9,04	13,67
26:40:00	63	9,04	13,67
26:41:00	62	9,04	13,67
26:42:00	62	9,03	13,73
26:43:00	63	9,03	13,73
26:44:00	62	9,03	13,73
26:45:00	63	9,03	13,73
26:46:00	63	9,03	13,73
26:47:00	63	9,03	13,73
26:48:00	63	9,03	13,73
26:49:00	63	9,03	13,73
26:50:00	63	9,03	13,73
26:51:00	63	9,03	13,73
26:52:00	63	9,03	13,73
26:53:00	63	9,02	13,78
26:54:00	63	9,02	13,78
26:55:00	63	9,03	13,73
26:56:00	63	9,02	13,78
26:57:00	63	9,02	13,78
26:58:00	63	9,02	13,78
26:59:00	63	9,02	13,78
27:00:00	62	9,02	13,78
27:01:00	63	9,02	13,78
27:02:00	63	9,02	13,78
27:03:00	63	9,02	13,78
27:04:00	63	9,01	13,84
27:05:00	63	9,02	13,78
27:06:00	63	9,01	13,84
27:07:00	63	9,01	13,84
27:08:00	63	9,02	13,78
27:09:00	63	9,01	13,84
27:10:00	63	9,01	13,84
27:11:00	63	9,01	13,84
27:12:00	63	9,01	13,84
27:13:00	62	9,01	13,84
27:14:00	62	9,01	13,84
27:15:00	63	9,01	13,84
27:16:00	63	9,00	13,90
27:17:00	63	9,01	13,84
27:18:00	63	9,00	13,90
27:19:00	63	9,00	13,90
27:20:00	63	9,00	13,90
27:21:00	63	9,00	13,90
27:22:00	63	9,00	13,90
27:23:00	62	9,00	13,90
27:24:00	63	9,00	13,90
27:25:00	62	9,00	13,90
27:26:00	63	9,00	13,95
27:27:00	63	9,00	13,90
27:28:00	63	9,00	13,95
27:29:00	63	9,00	13,95
27:30:00	63	9,00	13,95
27:31:00	63	9,00	13,95
27:32:00	63	9,00	13,95
27:33:00	62	9,00	13,95
27:34:00	63	9,00	13,95
27:35:00	63	9,00	13,95
27:36:00	63	8,99	14,01
27:37:00	63	8,99	14,01
27:38:00	63	8,99	14,01
27:39:00	63	9,00	13,95
27:40:00	63	8,99	14,01
27:41:00	62	8,99	14,01
27:42:00	63	8,99	14,01
27:43:00	63	8,99	14,01
27:44:00	63	8,99	14,01
27:45:00	63	8,99	14,01
27:46:00	63	8,99	14,01
27:47:00	63	8,99	14,01
27:48:00	63	8,99	14,01
27:49:00	63	8,99	14,01
27:50:00	63	8,98	14,07
27:51:00	63	8,99	14,01
27:52:00	63	8,98	14,07
27:53:00	63	8,98	14,07
27:54:00	63	8,98	14,07
27:55:00	63	8,98	14,07
27:56:00	63	8,98	14,07
27:57:00	63	8,98	14,07
27:58:00	63	8,98	14,07
27:59:00	63	8,98	14,07
28:00:00	63	8,98	14,07
28:01:00	63	8,97	14,13
28:02:00	63	8,97	14,13
28:03:00	63	8,97	14,13
28:04:00	63	8,97	14,13
28:05:00	63	8,97	14,13
28:06:00	63	8,97	14,13
28:07:00	63	8,97	14,13
28:08:00	63	8,97	14,13
28:09:00	63	8,97	14,19
28:10:00	63	8,97	14,19
28:11:00	62	8,96	14,25
28:12:00	63	8,96	14,25
28:13:00	62	8,96	14,25
28:14:00	63	8,96	14,25
28:15:00	63	8,96	14,25
28:16:00	62	8,96	14,25
28:17:00	63	8,95	14,31
28:18:00	63	8,96	14,25
28:19:00	63	8,96	14,25
28:20:00	63	8,95	14,31
28:21:00	62	8,95	14,31
28:22:00	63	8,95	14,31
28:23:00	62	8,95	14,31
28:24:00	62	8,95	14,31
28:25:00	63	8,95	14,31
28:26:00	63	8,95	14,31
28:27:00	63	8,95	14,31
28:28:00	63	8,95	14,31
28:29:00	63	8,95	14,31
28:30:00	63	8,95	14,31
28:31:00	63	8,95	14,31
28:32:00	63	8,95	14,31
28:33:00	63	8,95	14,31
28:34:00	63	8,95	14,31
28:35:00	63	8,95	14,36
28:36:00	62	8,95	14,36
28:37:00	63	8,95	14,36
28:38:00	63	8,95	14,36
28:39:00	63	8,95	14,36
28:40:00	63	8,95	14,36
28:41:00	63	8,95	14,36
28:42:00	63	8,95	14,36
28:43:00	63	8,94	14,42
28:44:00	63	8,95	14,36
28:45:00	63	8,94	14,42
28:46:00	63	8,94	14,42
28:47:00	63	8,94	14,42
28:48:00	62	8,94	14,42
28:49:00	63	8,94	14,42
28:50:00	63	8,94	14,42
28:51:00	62	8,94	14,42
28:52:00	63	8,94	14,42
28:53:00	63	8,94	14,42
28:54:00	62	8,94	14,42
28:55:00	63	8,94	14,42
28:56:00	63	8,94	14,42
28:57:00	63	8,94	14,42
28:58:00	63	8,93	14,48
28:59:00	62	8,93	14,48
29:00:00	62	8,93	14,48
29:01:00	62	8,93	14,48
29:02:00	62	8,93	14,48
29:03:00	62	8,93	14,48
29:04:00	63	8,93	14,48
29:05:00	63	8,94	14,42
29:06:00	62	8,93	14,48
29:07:00	63	8,93	14,48
29:08:00	62	8,93	14,48
29:09:00	62	8,93	14,48
29:10:00	62	8,93	14,48
29:11:00	63	8,92	14,54
29:12:00	62	8,92	14,54
29:13:00	62	8,92	14,54
29:14:00	62	8,92	14,54
29:15:00	63	8,92	14,54
29:16:00	63	8,92	14,54
29:17:00	63	8,92	14,54
29:18:00	63	8,92	14,54
29:19:00	62	8,92	14,54
29:20:00	63	8,92	14,54
29:21:00	63	8,92	14,54
29:22:00	63	8,92	14,54
29:23:00	63	8,91	14,61
29:24:00	62	8,91	14,61
29:25:00	63	8,91	14,61
29:26:00	62	8,91	14,61
29:27:00	62	8,91	14,61
29:28:00	63	8,91	14,61
29:29:00	63	8,91	14,61
29:30:00	63	8,91	14,61
29:31:00	63	8,91	14,61
29:32:00	63	8,91	14,61
29:33:00	62	8,91	14,61
29:34:00	62	8,91	14,61
29:35:00	62	8,91	14,61
29:36:00	63	8,91	14,67
29:37:00	62	8,91	14,61
29:38:00	62	8,91	14,67
29:39:00	62	8,91	14,61
29:40:00	63	8,91	14,67
29:41:00	62	8,91	14,67
29:42:00	62	8,91	14,67
29:43:00	63	8,91	14,67
29:44:00	62	8,91	14,67
29:45:00	62	8,91	14,67
29:46:00	63	8,91	14,67
29:47:00	63	8,91	14,67
29:48:00	62	8,91	14,67
29:49:00	63	8,91	14,67
29:50:00	63	8,91	14,67
29:51:00	63	8,90	14,73
29:52:00	62	8,90	14,73
29:53:00	63	8,90	14,73
29:54:00	63	8,90	14,73
29:55:00	62	8,91	14,67
29:56:00	63	8,90	14,73
29:57:00	63	8,90	14,73
29:58:00	63	8,90	14,73
29:59:00	63	8,90	14,73
30:00:00	63	8,90	14,73
30:01:00	63	8,90	14,73
30:02:00	63	8,90	14,73
30:03:00	63	8,90	14,73
30:04:00	62	8,89	14,79
30:05:00	63	8,89	14,79
30:06:00	63	8,89	14,79
30:07:00	63	8,89	14,79
30:08:00	62	8,89	14,79
30:09:00	62	8,89	14,79
30:10:00	63	8,89	14,79
30:11:00	63	8,89	14,79
30:12:00	63	8,89	14,79
30:13:00	63	8,89	14,79
30:14:00	63	8,89	14,79
30:15:00	63	8,89	14,79
30:16:00	62	8,89	14,79
30:17:00	63	8,89	14,79
30:18:00	63	8,89	14,79
30:19:00	62	8,89	14,79
30:20:00	62	8,89	14,79
30:21:00	63	8,89	14,79
30:22:00	62	8,89	14,79
30:23:00	63	8,89	14,79
30:24:00	63	8,89	14,79
30:25:00	62	8,89	14,79
30:26:00	63	8,89	14,79
30:27:00	63	8,89	14,85
30:28:00	62	8,89	14,85
30:29:00	63	8,89	14,85
30:30:00	62	8,89	14,85
30:31:00	62	8,89	14,85
30:32:00	63	8,89	14,85
30:33:00	63	8,89	14,85
30:34:00	63	8,89	14,85
30:35:00	63	8,89	14,85
30:36:00	63	8,89	14,85
30:37:00	62	8,89	14,85
30:38:00	62	8,89	14,85
30:39:00	62	8,89	14,85
30:40:00	63	8,89	14,85
30:41:00	63	8,89	14,85
30:42:00	62	8,89	14,85
30:43:00	63	8,89	14,85
30:44:00	63	8,89	14,85
30:45:00	63	8,88	14,91
30:46:00	62	8,88	14,91
30:47:00	62	8,89	14,85
30:48:00	62	8,88	14,91
30:49:00	62	8,88	14,91
30:50:00	63	8,88	14,91
30:51:00	62	8,88	14,91
30:52:00	63	8,88	14,91
30:53:00	63	8,88	14,91
30:54:00	63	8,88	14,91
30:55:00	63	8,89	14,85
30:56:00	63	8,87	14,97
30:57:00	63	8,87	14,97
30:58:00	63	8,86	15,04
30:59:00	63	8,87	14,97
31:00:00	63	8,87	14,97
31:01:00	63	8,87	14,97
31:02:00	63	8,86	15,04
31:03:00	62	8,86	15,04
31:04:00	63	8,86	15,04
31:05:00	63	8,86	15,04
31:06:00	62	8,86	15,04
31:07:00	63	8,86	15,04
31:08:00	63	8,86	15,04
31:09:00	63	8,86	15,04
31:10:00	63	8,86	15,04
31:11:00	63	8,86	15,04
31:12:00	63	8,86	15,04
31:13:00	62	8,86	15,04
31:14:00	62	8,86	15,04
31:15:00	63	8,86	15,04
31:16:00	62	8,86	15,10
31:17:00	62	8,86	15,04
31:18:00	62	8,86	15,10
31:19:00	63	8,86	15,10
31:20:00	63	8,86	15,04
31:21:00	63	8,86	15,10
31:22:00	63	8,86	15,04
31:23:00	63	8,86	15,04
31:24:00	63	8,86	15,10
31:25:00	62	8,86	15,10
31:26:00	63	8,86	15,10
31:27:00	63	8,86	15,10
31:28:00	63	8,86	15,10
31:29:00	63	8,86	15,10
31:30:00	63	8,86	15,10
31:31:00	63	8,86	15,10
31:32:00	62	8,86	15,10
31:33:00	63	8,86	15,10
31:34:00	62	8,86	15,10
31:35:00	63	8,85	15,16
31:36:00	63	8,86	15,10
31:37:00	62	8,86	15,10
31:38:00	63	8,86	15,10
31:39:00	63	8,85	15,16
31:40:00	63	8,86	15,10
31:41:00	63	8,86	15,10
31:42:00	63	8,86	15,10
31:43:00	63	8,85	15,16
31:44:00	63	8,85	15,16
31:45:00	63	8,85	15,16
31:46:00	62	8,85	15,16
31:47:00	62	8,85	15,16
31:48:00	63	8,85	15,16
31:49:00	62	8,84	15,23
31:50:00	63	8,84	15,23
31:51:00	63	8,84	15,23
31:52:00	62	8,84	15,23
31:53:00	62	8,84	15,23
31:54:00	62	8,84	15,23
31:55:00	63	8,84	15,23
31:56:00	63	8,84	15,23
31:57:00	63	8,84	15,23
31:58:00	63	8,84	15,23
31:59:00	63	8,84	15,23
32:00:00	62	8,84	15,23
32:01:00	62	8,84	15,23
32:02:00	62	8,83	15,29
32:03:00	63	8,84	15,23
32:04:00	62	8,84	15,23
32:05:00	62	8,84	15,23
32:06:00	63	8,83	15,29
32:07:00	63	8,83	15,29
32:08:00	63	8,84	15,23
32:09:00	62	8,83	15,29
32:10:00	63	8,83	15,29
32:11:00	62	8,83	15,29
32:12:00	62	8,83	15,29
32:13:00	63	8,83	15,29
32:14:00	62	8,83	15,29
32:15:00	62	8,83	15,29
32:16:00	62	8,83	15,29
32:17:00	63	8,83	15,29
32:18:00	63	8,83	15,29
32:19:00	63	8,83	15,29
32:20:00	63	8,83	15,29
32:21:00	63	8,83	15,29
32:22:00	63	8,83	15,29
32:23:00	63	8,83	15,29
32:24:00	62	8,82	15,35
32:25:00	63	8,82	15,35
32:26:00	62	8,82	15,35
32:27:00	63	8,82	15,35
32:28:00	62	8,82	15,35
32:29:00	63	8,82	15,42
32:30:00	62	8,82	15,42
32:31:00	62	8,82	15,42
32:32:00	63	8,82	15,42
32:33:00	63	8,82	15,42
32:34:00	63	8,82	15,42
32:35:00	63	8,82	15,42
32:36:00	63	8,82	15,42
32:37:00	63	8,82	15,42
32:38:00	62	8,82	15,42
32:39:00	63	8,81	15,48
32:40:00	63	8,81	15,48
32:41:00	62	8,82	15,42
32:42:00	63	8,81	15,48
32:43:00	62	8,82	15,42
32:44:00	62	8,81	15,48
32:45:00	63	8,82	15,42
32:46:00	62	8,82	15,42
32:47:00	62	8,82	15,42
32:48:00	62	8,81	15,48
32:49:00	63	8,81	15,48
32:50:00	63	8,81	15,48
32:51:00	62	8,81	15,48
32:52:00	63	8,81	15,48
32:53:00	62	8,81	15,48
32:54:00	63	8,81	15,48
32:55:00	63	8,81	15,48
32:56:00	63	8,80	15,55
32:57:00	63	8,80	15,55
32:58:00	62	8,80	15,55
32:59:00	62	8,80	15,55
33:00:00	63	8,80	15,55
33:01:00	63	8,80	15,55
33:02:00	63	8,80	15,55
33:03:00	63	8,80	15,55
33:04:00	63	8,80	15,55
33:05:00	62	8,80	15,55
33:06:00	63	8,80	15,55
33:07:00	63	8,80	15,55
33:08:00	62	8,80	15,55
33:09:00	62	8,80	15,55
33:10:00	62	8,80	15,55
33:11:00	63	8,80	15,55
33:12:00	63	8,80	15,61
33:13:00	63	8,80	15,61
33:14:00	63	8,80	15,61
33:15:00	63	8,80	15,61
33:16:00	62	8,80	15,61
33:17:00	62	8,80	15,61
33:18:00	62	8,80	15,61
33:19:00	62	8,80	15,61
33:20:00	62	8,80	15,61
33:21:00	62	8,80	15,61
33:22:00	62	8,80	15,61
33:23:00	63	8,80	15,61
33:24:00	63	8,80	15,61
33:25:00	62	8,80	15,61
33:26:00	63	8,80	15,61
33:27:00	62	8,80	15,61
33:28:00	62	8,80	15,61
33:29:00	63	8,80	15,61
33:30:00	63	8,80	15,61
33:31:00	62	8,80	15,61
33:32:00	62	8,80	15,61
33:33:00	62	8,80	15,61
33:34:00	62	8,80	15,61
33:35:00	63	8,80	15,61
33:36:00	62	8,80	15,61
33:37:00	63	8,80	15,61
33:38:00	63	8,80	15,61
33:39:00	63	8,80	15,61
33:40:00	63	8,80	15,61
33:41:00	63	8,80	15,61
33:42:00	62	8,80	15,61
33:43:00	63	8,78	15,75
33:44:00	63	8,78	15,75
33:45:00	63	8,78	15,75
33:46:00	63	8,78	15,75
33:47:00	63	8,78	15,75
33:48:00	63	8,78	15,75
33:49:00	63	8,78	15,75
33:50:00	63	8,78	15,75
33:51:00	63	8,78	15,75
33:52:00	63	8,78	15,75
33:53:00	63	8,78	15,75
33:54:00	62	8,78	15,75
33:55:00	63	8,77	15,81
33:56:00	63	8,78	15,75
33:57:00	62	8,77	15,81
33:58:00	63	8,78	15,75
33:59:00	63	8,78	15,75
34:00:00	62	8,78	15,75
34:01:00	63	8,77	15,81
34:02:00	62	8,77	15,81
34:03:00	63	8,78	15,75
34:04:00	63	8,77	15,81
34:05:00	63	8,77	15,81
34:06:00	62	8,77	15,81
34:07:00	63	8,77	15,81
34:08:00	62	8,77	15,81
34:09:00	62	8,77	15,81
34:10:00	63	8,77	15,88
34:11:00	63	8,77	15,81
34:12:00	63	8,77	15,81
34:13:00	62	8,77	15,88
34:14:00	63	8,77	15,81
34:15:00	62	8,77	15,81
34:16:00	63	8,77	15,81
34:17:00	63	8,77	15,81
34:18:00	63	8,77	15,88
34:19:00	63	8,77	15,88
34:20:00	62	8,77	15,81
34:21:00	62	8,77	15,88
34:22:00	63	8,77	15,88
34:23:00	63	8,77	15,88
34:24:00	62	8,77	15,88
34:25:00	63	8,77	15,88
34:26:00	63	8,77	15,88
34:27:00	63	8,77	15,88
34:28:00	63	8,77	15,88
34:29:00	63	8,77	15,88
34:30:00	63	8,77	15,88
34:31:00	62	8,76	15,95
34:32:00	63	8,77	15,88
34:33:00	62	8,77	15,88
34:34:00	62	8,77	15,88
34:35:00	63	8,77	15,88
34:36:00	62	8,77	15,88
34:37:00	63	8,76	15,95
34:38:00	63	8,76	15,95
34:39:00	63	8,76	15,95
34:40:00	63	8,76	15,95
34:41:00	62	8,76	15,95
34:42:00	63	8,76	15,95
34:43:00	63	8,76	15,95
34:44:00	63	8,75	16,01
34:45:00	62	8,75	16,01
34:46:00	62	8,75	16,01
34:47:00	63	8,75	16,01
34:48:00	62	8,75	16,01
34:49:00	62	8,75	16,01
34:50:00	62	8,75	16,01
34:51:00	63	8,75	16,01
34:52:00	63	8,75	16,01
34:53:00	63	8,75	16,01
34:54:00	62	8,75	16,01
34:55:00	63	8,75	16,01
34:56:00	63	8,75	16,01
34:57:00	63	8,75	16,01
34:58:00	63	8,75	16,01
34:59:00	63	8,75	16,01
35:00:00	63	8,75	16,01
35:01:00	62	8,75	16,01
35:02:00	63	8,75	16,01
35:03:00	63	8,75	16,01
35:04:00	63	8,75	16,01
35:05:00	63	8,75	16,01
35:06:00	63	8,75	16,01
35:07:00	63	8,75	16,01
35:08:00	63	8,75	16,01
35:09:00	63	8,75	16,01
35:10:00	63	8,75	16,01
35:11:00	63	8,75	16,01
35:12:00	63	8,75	16,01
35:13:00	63	8,75	16,01
35:14:00	62	8,74	16,08
35:15:00	63	8,75	16,01
35:16:00	62	8,74	16,08
35:17:00	62	8,74	16,08
35:18:00	62	8,74	16,08
35:19:00	63	8,74	16,08
35:20:00	62	8,74	16,08
35:21:00	63	8,74	16,08
35:22:00	63	8,74	16,08
35:23:00	63	8,74	16,08
35:24:00	63	8,74	16,08
35:25:00	63	8,74	16,08
35:26:00	63	8,74	16,08
35:27:00	62	8,74	16,08
35:28:00	63	8,74	16,08
35:29:00	63	8,74	16,08
35:30:00	63	8,74	16,08
35:31:00	63	8,74	16,08
35:32:00	63	8,74	16,08
35:33:00	62	8,74	16,08
35:34:00	63	8,74	16,08
35:35:00	63	8,73	16,15
35:36:00	63	8,74	16,08
35:37:00	63	8,74	16,08
35:38:00	63	8,74	16,08
35:39:00	63	8,74	16,08
35:40:00	62	8,74	16,08
35:41:00	63	8,74	16,08
35:42:00	63	8,74	16,08
35:43:00	63	8,73	16,15
35:44:00	63	8,74	16,08
35:45:00	63	8,74	16,08
35:46:00	62	8,73	16,15
35:47:00	62	8,73	16,15
35:48:00	62	8,73	16,15
35:49:00	62	8,73	16,15
35:50:00	63	8,73	16,15
35:51:00	62	8,73	16,15
35:52:00	62	8,73	16,15
35:53:00	63	8,73	16,15
35:54:00	62	8,73	16,15
35:55:00	62	8,73	16,15
35:56:00	62	8,73	16,15
35:57:00	63	8,73	16,15
35:58:00	63	8,73	16,15
35:59:00	63	8,73	16,22
36:00:00	62	8,73	16,15
36:01:00	62	8,73	16,22
36:02:00	63	8,73	16,22
36:03:00	63	8,73	16,22
36:04:00	62	8,73	16,22
36:05:00	63	8,73	16,22
36:06:00	63	8,73	16,22
36:07:00	62	8,73	16,22
36:08:00	63	8,73	16,22
36:09:00	63	8,73	16,22
36:10:00	63	8,73	16,22
36:11:00	62	8,73	16,22
36:12:00	62	8,73	16,22
36:13:00	62	8,72	16,29
36:14:00	63	8,73	16,22
36:15:00	62	8,72	16,29
36:16:00	62	8,72	16,29
36:17:00	63	8,72	16,29
36:18:00	63	8,72	16,29
36:19:00	63	8,72	16,29
36:20:00	63	8,72	16,29
36:21:00	63	8,72	16,29
36:22:00	63	8,72	16,29
36:23:00	62	8,72	16,29
36:24:00	63	8,72	16,29
36:25:00	63	8,72	16,29
36:26:00	62	8,72	16,29
36:27:00	62	8,72	16,29
36:28:00	62	8,72	16,29
36:29:00	62	8,72	16,29
36:30:00	63	8,72	16,29
36:31:00	63	8,72	16,29
36:32:00	62	8,71	16,35
36:33:00	62	8,72	16,29
36:34:00	62	8,71	16,35
36:35:00	63	8,72	16,29
36:36:00	63	8,71	16,35
36:37:00	63	8,71	16,35
36:38:00	62	8,71	16,35
36:39:00	63	8,72	16,29
36:40:00	62	8,71	16,35
36:41:00	63	8,71	16,35
36:42:00	62	8,71	16,35
36:43:00	62	8,71	16,35
36:44:00	63	8,71	16,35
36:45:00	63	8,71	16,35
36:46:00	63	8,71	16,42
36:47:00	63	8,71	16,35
36:48:00	63	8,71	16,35
36:49:00	63	8,71	16,42
36:50:00	62	8,71	16,35
36:51:00	62	8,71	16,35
36:52:00	62	8,71	16,42
36:53:00	62	8,71	16,42
36:54:00	63	8,71	16,42
36:55:00	63	8,71	16,42
36:56:00	63	8,71	16,42
36:57:00	62	8,71	16,42
36:58:00	63	8,71	16,42
36:59:00	62	8,71	16,42
37:00:00	63	8,71	16,42
37:01:00	62	8,71	16,42
37:02:00	62	8,71	16,42
37:03:00	63	8,71	16,42
37:04:00	62	8,71	16,42
37:05:00	63	8,71	16,42
37:06:00	63	8,71	16,42
37:07:00	62	8,71	16,42
37:08:00	62	8,71	16,42
37:09:00	63	8,71	16,42
37:10:00	62	8,71	16,42
37:11:00	63	8,71	16,42
37:12:00	63	8,71	16,42
37:13:00	63	8,71	16,42
37:14:00	62	8,71	16,42
37:15:00	62	8,70	16,49
37:16:00	63	8,71	16,42
37:17:00	63	8,71	16,42
37:18:00	62	8,70	16,49
37:19:00	63	8,70	16,49
37:20:00	62	8,70	16,49
37:21:00	62	8,70	16,49
37:22:00	62	8,70	16,49
37:23:00	63	8,70	16,49
37:24:00	63	8,70	16,49
37:25:00	63	8,70	16,49
37:26:00	62	8,70	16,49
37:27:00	62	8,70	16,49
37:28:00	63	8,70	16,49
37:29:00	63	8,70	16,49
37:30:00	63	8,70	16,49
37:31:00	62	8,70	16,49
37:32:00	63	8,70	16,49
37:33:00	63	8,69	16,56
37:34:00	62	8,70	16,49
37:35:00	63	8,70	16,49
37:36:00	63	8,69	16,56
37:37:00	62	8,69	16,56
37:38:00	63	8,69	16,56
37:39:00	62	8,69	16,56
37:40:00	62	8,69	16,56
37:41:00	63	8,69	16,56
37:42:00	63	8,69	16,56
37:43:00	63	8,69	16,56
37:44:00	62	8,69	16,56
37:45:00	63	8,69	16,56
37:46:00	63	8,69	16,56
37:47:00	62	8,68	16,63
37:48:00	63	8,69	16,56
37:49:00	63	8,69	16,56
37:50:00	63	8,68	16,63
37:51:00	63	8,69	16,56
37:52:00	63	8,69	16,56
37:53:00	62	8,68	16,63
37:54:00	62	8,69	16,56
37:55:00	62	8,68	16,63
37:56:00	62	8,68	16,63
37:57:00	63	8,68	16,63
37:58:00	63	8,68	16,63
37:59:00	63	8,68	16,63
38:00:00	62	8,68	16,63
38:01:00	62	8,69	16,56
38:02:00	62	8,68	16,63
38:03:00	63	8,68	16,63
38:04:00	62	8,68	16,63
38:05:00	63	8,68	16,63
38:06:00	63	8,68	16,63
38:07:00	63	8,68	16,63
38:08:00	63	8,68	16,63
38:09:00	62	8,68	16,63
38:10:00	63	8,68	16,63
38:11:00	62	8,68	16,63
38:12:00	63	8,68	16,63
38:13:00	63	8,68	16,63
38:14:00	63	8,68	16,63
38:15:00	63	8,68	16,63
38:16:00	63	8,68	16,63
38:17:00	63	8,68	16,63
38:18:00	63	8,68	16,70
38:19:00	63	8,68	16,70
38:20:00	63	8,68	16,70
38:21:00	62	8,68	16,70
38:22:00	63	8,68	16,70
38:23:00	62	8,68	16,70
38:24:00	63	8,68	16,70
38:25:00	62	8,68	16,70
38:26:00	63	8,68	16,70
38:27:00	63	8,68	16,70
38:28:00	62	8,68	16,70
38:29:00	62	8,68	16,70
38:30:00	62	8,68	16,70
38:31:00	63	8,68	16,70
38:32:00	63	8,68	16,70
38:33:00	63	8,68	16,70
38:34:00	63	8,68	16,70
38:35:00	63	8,68	16,70
38:36:00	62	8,68	16,70
38:37:00	63	8,68	16,70
38:38:00	63	8,68	16,70
38:39:00	63	8,68	16,70
38:40:00	62	8,68	16,70
38:41:00	63	8,68	16,70
38:42:00	63	8,68	16,70
38:43:00	63	8,67	16,78
38:44:00	63	8,67	16,78
38:45:00	63	8,67	16,78
38:46:00	62	8,67	16,78
38:47:00	63	8,67	16,78
38:48:00	63	8,67	16,78
38:49:00	63	8,67	16,78
38:50:00	63	8,67	16,78
38:51:00	62	8,67	16,78
38:52:00	63	8,66	16,85
38:53:00	63	8,67	16,78
38:54:00	63	8,66	16,85
38:55:00	63	8,66	16,85
38:56:00	63	8,66	16,85
38:57:00	63	8,66	16,85
38:58:00	63	8,66	16,85
38:59:00	63	8,66	16,85
39:00:00	62	8,66	16,85
39:01:00	63	8,66	16,85
39:02:00	63	8,66	16,85
39:03:00	63	8,66	16,85
39:04:00	63	8,66	16,85
39:05:00	63	8,66	16,85
39:06:00	63	8,66	16,85
39:07:00	63	8,65	16,92
39:08:00	62	8,66	16,85
39:09:00	63	8,66	16,85
39:10:00	63	8,66	16,85
39:11:00	63	8,66	16,85
39:12:00	63	8,65	16,92
39:13:00	63	8,65	16,92
39:14:00	63	8,65	16,92
39:15:00	63	8,66	16,85
39:16:00	63	8,65	16,92
39:17:00	63	8,65	16,92
39:18:00	63	8,65	16,92
39:19:00	63	8,65	16,92
39:20:00	63	8,65	16,92
39:21:00	63	8,65	16,92
39:22:00	63	8,65	16,92
39:23:00	63	8,65	16,92
39:24:00	63	8,66	16,85
39:25:00	62	8,66	16,85
39:26:00	62	8,66	16,85
39:27:00	63	8,65	16,92
39:28:00	62	8,65	16,92
39:29:00	63	8,65	16,92
39:30:00	62	8,65	16,92
39:31:00	63	8,65	16,92
39:32:00	62	8,65	16,92
39:33:00	63	8,65	16,92
39:34:00	63	8,65	16,92
39:35:00	62	8,65	16,92
39:36:00	62	8,65	16,92
39:37:00	63	8,65	16,92
39:38:00	63	8,65	16,92
39:39:00	63	8,64	16,99
39:40:00	63	8,65	16,92
39:41:00	63	8,64	16,99
39:42:00	63	8,64	16,99
39:43:00	63	8,64	16,99
39:44:00	63	8,64	16,99
39:45:00	63	8,64	16,99
39:46:00	63	8,65	16,92
39:47:00	63	8,64	16,99
39:48:00	63	8,64	16,99
39:49:00	63	8,64	16,99
39:50:00	63	8,64	16,99
39:51:00	63	8,64	16,99
39:52:00	62	8,64	16,99
39:53:00	63	8,64	16,99
39:54:00	63	8,64	16,99
39:55:00	63	8,64	16,99
39:56:00	63	8,64	16,99
39:57:00	63	8,64	16,99
39:58:00	62	8,64	16,99
39:59:00	63	8,64	17,06
40:00:00	63	8,64	16,99
40:01:00	62	8,64	17,06
40:02:00	63	8,64	16,99
40:03:00	63	8,64	17,06
40:04:00	63	8,64	17,06
40:05:00	63	8,64	17,06
40:06:00	63	8,64	17,06
40:07:00	63	8,64	17,06
40:08:00	62	8,64	17,06
40:09:00	63	8,64	17,06
40:10:00	63	8,64	17,06
40:11:00	63	8,64	17,06
40:12:00	63	8,64	17,06
40:13:00	63	8,64	17,06
40:14:00	63	8,64	17,06
40:15:00	63	8,64	17,06
40:16:00	63	8,64	17,06
40:17:00	63	8,64	17,06
40:18:00	63	8,64	17,06
40:19:00	62	8,64	17,06
40:20:00	63	8,64	17,06
40:21:00	63	8,64	17,06
40:22:00	62	8,64	17,06
40:23:00	63	8,64	17,06
40:24:00	62	8,64	17,06
40:25:00	63	8,64	17,06
40:26:00	63	8,64	17,06
40:27:00	63	8,64	17,06
40:28:00	63	8,63	17,14
40:29:00	63	8,63	17,14
40:30:00	62	8,63	17,14
40:31:00	63	8,63	17,14
40:32:00	62	8,63	17,14
40:33:00	62	8,63	17,14
40:34:00	63	8,63	17,14
40:35:00	63	8,63	17,14
40:36:00	63	8,63	17,14
40:37:00	63	8,63	17,14
40:38:00	63	8,63	17,14
40:39:00	62	8,63	17,14
40:40:00	62	8,63	17,14
40:41:00	63	8,63	17,14
40:42:00	62	8,63	17,14
40:43:00	63	8,63	17,14
40:44:00	63	8,63	17,14
40:45:00	62	8,63	17,14
40:46:00	63	8,63	17,14
40:47:00	63	8,63	17,14
40:48:00	62	8,63	17,14
40:49:00	63	8,63	17,14
40:50:00	63	8,62	17,21
40:51:00	63	8,63	17,14
40:52:00	63	8,63	17,14
40:53:00	63	8,63	17,14
40:54:00	62	8,63	17,14
40:55:00	63	8,63	17,14
40:56:00	63	8,63	17,14
40:57:00	62	8,63	17,14
40:58:00	63	8,62	17,21
40:59:00	63	8,62	17,21
41:00:00	62	8,63	17,14
41:01:00	63	8,62	17,21
41:02:00	63	8,62	17,21
41:03:00	63	8,62	17,21
41:04:00	62	8,62	17,21
41:05:00	63	8,61	17,28
41:06:00	62	8,62	17,21
41:07:00	63	8,62	17,21
41:08:00	62	8,62	17,21
41:09:00	62	8,62	17,21
41:10:00	63	8,62	17,21
41:11:00	62	8,62	17,21
41:12:00	63	8,62	17,21
41:13:00	63	8,62	17,21
41:14:00	63	8,62	17,21
41:15:00	63	8,62	17,21
41:16:00	63	8,62	17,21
41:17:00	63	8,61	17,28
41:18:00	63	8,61	17,28
41:19:00	63	8,61	17,28
41:20:00	63	8,62	17,21
41:21:00	63	8,61	17,28
41:22:00	63	8,61	17,28
41:23:00	63	8,61	17,28
41:24:00	63	8,61	17,28
41:25:00	63	8,61	17,28
41:26:00	63	8,61	17,28
41:27:00	62	8,61	17,28
41:28:00	63	8,61	17,28
41:29:00	63	8,61	17,28
41:30:00	63	8,61	17,28
41:31:00	63	8,61	17,28
41:32:00	63	8,61	17,28
41:33:00	62	8,61	17,28
41:34:00	63	8,61	17,28
41:35:00	63	8,61	17,28
41:36:00	63	8,61	17,28
41:37:00	63	8,61	17,28
41:38:00	63	8,61	17,36
41:39:00	63	8,61	17,28
41:40:00	63	8,61	17,28
41:41:00	63	8,61	17,36
41:42:00	63	8,61	17,36
41:43:00	63	8,61	17,28
41:44:00	63	8,61	17,36
41:45:00	63	8,61	17,36
41:46:00	63	8,61	17,36
41:47:00	63	8,61	17,36
41:48:00	62	8,61	17,36
41:49:00	63	8,61	17,36
41:50:00	63	8,61	17,36
41:51:00	63	8,61	17,36
41:52:00	63	8,61	17,36
41:53:00	62	8,61	17,36
41:54:00	63	8,61	17,36
41:55:00	62	8,61	17,36
41:56:00	63	8,60	17,43
41:57:00	63	8,60	17,43
41:58:00	62	8,60	17,43
41:59:00	62	8,60	17,43
42:00:00	63	8,60	17,43
42:01:00	62	8,61	17,36
42:02:00	62	8,61	17,36
42:03:00	62	8,60	17,43
42:04:00	62	8,60	17,43
42:05:00	63	8,60	17,43
42:06:00	62	8,60	17,43
42:07:00	62	8,60	17,43
42:08:00	62	8,60	17,43
42:09:00	63	8,60	17,43
42:10:00	62	8,59	17,50
42:11:00	62	8,59	17,50
42:12:00	62	8,59	17,50
42:13:00	62	8,59	17,50
42:14:00	63	8,59	17,50
42:15:00	63	8,59	17,50
42:16:00	62	8,59	17,50
42:17:00	63	8,59	17,50
42:18:00	63	8,59	17,50
42:19:00	63	8,59	17,50
42:20:00	62	8,60	17,43
42:21:00	62	8,60	17,43
42:22:00	63	8,60	17,43
42:23:00	63	8,59	17,50
42:24:00	62	8,59	17,50
42:25:00	63	8,59	17,50
42:26:00	63	8,60	17,43
42:27:00	63	8,59	17,50
42:28:00	62	8,59	17,50
42:29:00	63	8,59	17,50
42:30:00	63	8,59	17,50
42:31:00	63	8,59	17,50
42:32:00	63	8,59	17,50
42:33:00	62	8,59	17,50
42:34:00	62	8,59	17,50
42:35:00	63	8,59	17,50
42:36:00	63	8,59	17,50
42:37:00	63	8,59	17,50
42:38:00	63	8,59	17,50
42:39:00	63	8,59	17,50
42:40:00	63	8,59	17,50
42:41:00	63	8,59	17,50
42:42:00	63	8,59	17,50
42:43:00	63	8,59	17,50
42:44:00	63	8,59	17,50
42:45:00	63	8,59	17,50
42:46:00	63	8,59	17,50
42:47:00	63	8,59	17,58
42:48:00	63	8,59	17,50
42:49:00	63	8,59	17,58
42:50:00	63	8,59	17,58
42:51:00	63	8,59	17,50
42:52:00	63	8,59	17,58
42:53:00	63	8,59	17,50
42:54:00	63	8,59	17,58
42:55:00	63	8,59	17,58
42:56:00	63	8,59	17,50
42:57:00	63	8,59	17,58
42:58:00	63	8,59	17,58
42:59:00	63	8,59	17,58
43:00:00	63	8,59	17,58
43:01:00	63	8,59	17,58
43:02:00	63	8,59	17,58
43:03:00	63	8,59	17,58
43:04:00	63	8,59	17,58
43:05:00	63	8,59	17,58
43:06:00	63	8,59	17,58
43:07:00	63	8,59	17,58
43:08:00	63	8,58	17,65
43:09:00	63	8,58	17,65
43:10:00	63	8,58	17,65
43:11:00	63	8,58	17,65
43:12:00	63	8,58	17,65
43:13:00	63	8,58	17,65
43:14:00	63	8,58	17,65
43:15:00	63	8,57	17,73
43:16:00	63	8,57	17,73
43:17:00	63	8,57	17,73
43:18:00	63	8,57	17,73
43:19:00	63	8,56	17,81
43:20:00	63	8,56	17,81
43:21:00	63	8,56	17,81
43:22:00	63	8,57	17,73
43:23:00	63	8,57	17,73
43:24:00	63	8,57	17,73
43:25:00	63	8,57	17,73
43:26:00	63	8,57	17,73
43:27:00	63	8,56	17,81
43:28:00	63	8,57	17,73
43:29:00	63	8,57	17,73
43:30:00	63	8,57	17,73
43:31:00	63	8,57	17,73
43:32:00	63	8,56	17,81
43:33:00	63	8,56	17,81
43:34:00	63	8,56	17,81
43:35:00	63	8,56	17,81
43:36:00	63	8,56	17,81
43:37:00	63	8,56	17,81
43:38:00	63	8,56	17,81
43:39:00	63	8,56	17,81
43:40:00	63	8,55	17,88
43:41:00	63	8,56	17,81
43:42:00	63	8,55	17,88
43:43:00	63	8,55	17,88
43:44:00	63	8,55	17,88
43:45:00	63	8,56	17,81
43:46:00	63	8,56	17,81
43:47:00	63	8,56	17,81
43:48:00	63	8,56	17,81
43:49:00	63	8,56	17,81
43:50:00	63	8,55	17,88
43:51:00	63	8,55	17,88
43:52:00	63	8,55	17,88
43:53:00	63	8,55	17,88
43:54:00	63	8,55	17,88
43:55:00	63	8,55	17,88
43:56:00	63	8,55	17,88
43:57:00	63	8,56	17,81
43:58:00	63	8,55	17,88
43:59:00	63	8,56	17,81
44:00:00	63	8,55	17,88
44:01:00	63	8,55	17,88
44:02:00	63	8,55	17,88
44:03:00	63	8,55	17,88
44:04:00	63	8,55	17,88
44:05:00	63	8,55	17,88
44:06:00	63	8,55	17,88
44:07:00	63	8,55	17,88
44:08:00	63	8,55	17,88
44:09:00	63	8,55	17,88
44:10:00	63	8,55	17,88
44:11:00	63	8,55	17,88
44:12:00	63	8,55	17,88
44:13:00	63	8,55	17,88
44:14:00	63	8,55	17,88
44:15:00	63	8,55	17,88
44:16:00	63	8,55	17,88
44:17:00	63	8,55	17,88
44:18:00	63	8,55	17,88
44:19:00	63	8,55	17,88
44:20:00	63	8,55	17,88
44:21:00	63	8,55	17,88
44:22:00	63	8,55	17,88
44:23:00	63	8,55	17,88
44:24:00	63	8,55	17,88
44:25:00	63	8,55	17,88
44:26:00	63	8,55	17,88
44:27:00	62	8,56	17,81
44:28:00	63	8,56	17,81
44:29:00	63	8,55	17,88
44:30:00	63	8,55	17,88
44:31:00	63	8,55	17,88
44:32:00	63	8,55	17,88
44:33:00	63	8,55	17,88
44:34:00	63	8,55	17,88
44:35:00	63	8,55	17,88
44:36:00	63	8,55	17,88
44:37:00	63	8,55	17,88
44:38:00	63	8,55	17,88
44:39:00	63	8,55	17,88
44:40:00	63	8,55	17,88
44:41:00	63	8,55	17,88
44:42:00	63	8,55	17,88
44:43:00	63	8,55	17,88
44:44:00	63	8,55	17,88
44:45:00	63	8,55	17,88
44:46:00	63	8,55	17,88
44:47:00	63	8,55	17,88
44:48:00	63	8,55	17,88
44:49:00	63	8,55	17,88
44:50:00	63	8,55	17,88
44:51:00	63	8,55	17,88
44:52:00	63	8,55	17,88
44:53:00	63	8,55	17,88
44:54:00	63	8,55	17,88
44:55:00	63	8,55	17,88
44:56:00	63	8,55	17,96
44:57:00	63	8,55	17,96
44:58:00	63	8,55	17,88
44:59:00	63	8,55	17,96
45:00:00	63	8,55	17,96
45:01:00	63	8,55	17,96
45:02:00	63	8,55	17,96
45:03:00	63	8,55	17,96
45:04:00	63	8,55	17,96
45:05:00	63	8,55	17,96
45:06:00	63	8,55	17,96
45:07:00	63	8,55	17,96
45:08:00	63	8,55	17,96
45:09:00	63	8,55	17,96
45:10:00	63	8,55	17,96
45:11:00	63	8,55	17,96
45:12:00	63	8,55	17,96
45:13:00	63	8,55	17,96
45:14:00	63	8,55	17,96
45:15:00	63	8,55	17,96
45:16:00	63	8,55	17,96
45:17:00	63	8,55	17,96
45:18:00	63	8,54	18,04
45:19:00	63	8,54	18,04
45:20:00	63	8,54	18,04
45:21:00	63	8,54	18,04
45:22:00	63	8,54	18,04
45:23:00	63	8,54	18,04
45:24:00	63	8,54	18,04
45:25:00	63	8,54	18,04
45:26:00	63	8,54	18,04
45:27:00	63	8,54	18,04
45:28:00	63	8,54	18,04
45:29:00	63	8,55	17,96
45:30:00	63	8,55	17,96
45:31:00	63	8,55	17,96
45:32:00	63	8,54	18,04
45:33:00	63	8,54	18,04
45:34:00	63	8,54	18,04
45:35:00	63	8,54	18,04
45:36:00	63	8,54	18,04
45:37:00	63	8,54	18,04
45:38:00	63	8,54	18,04
45:39:00	63	8,54	18,04
45:40:00	63	8,54	18,04
45:41:00	63	8,54	18,04
45:42:00	63	8,54	18,04
45:43:00	63	8,54	18,04
45:44:00	63	8,54	18,04
45:45:00	63	8,54	18,04
45:46:00	63	8,54	18,04
45:47:00	63	8,54	18,04
45:48:00	63	8,54	18,04
45:49:00	63	8,53	18,11
45:50:00	63	8,54	18,04
45:51:00	63	8,53	18,11
45:52:00	63	8,53	18,11
45:53:00	63	8,53	18,11
45:54:00	63	8,53	18,11
45:55:00	63	8,53	18,11
45:56:00	63	8,53	18,11
45:57:00	63	8,53	18,11
45:58:00	63	8,54	18,04
45:59:00	62	8,53	18,11
46:00:00	63	8,53	18,11
46:01:00	63	8,53	18,11
46:02:00	63	8,53	18,11
46:03:00	63	8,53	18,11
46:04:00	63	8,53	18,11
46:05:00	63	8,53	18,11
46:06:00	63	8,53	18,11
46:07:00	63	8,53	18,11
46:08:00	63	8,53	18,11
46:09:00	63	8,52	18,19
46:10:00	63	8,53	18,11
46:11:00	63	8,53	18,11
46:12:00	62	8,53	18,11
46:13:00	63	8,53	18,11
46:14:00	63	8,53	18,11
46:15:00	62	8,53	18,11
46:16:00	63	8,53	18,11
46:17:00	63	8,53	18,11
46:18:00	63	8,53	18,11
46:19:00	62	8,53	18,11
46:20:00	62	8,52	18,19
46:21:00	63	8,53	18,11
46:22:00	63	8,53	18,11
46:23:00	62	8,53	18,11
46:24:00	63	8,53	18,11
46:25:00	63	8,53	18,11
46:26:00	63	8,52	18,19
46:27:00	63	8,52	18,19
46:28:00	63	8,52	18,19
46:29:00	63	8,52	18,19
46:30:00	62	8,52	18,19
46:31:00	63	8,52	18,19
46:32:00	63	8,52	18,19
46:33:00	63	8,52	18,19
46:34:00	63	8,52	18,19
46:35:00	63	8,52	18,19
46:36:00	63	8,52	18,19
46:37:00	63	8,52	18,19
46:38:00	62	8,52	18,19
46:39:00	62	8,52	18,19
46:40:00	63	8,52	18,19
46:41:00	63	8,52	18,19
46:42:00	62	8,52	18,19
46:43:00	63	8,52	18,19
46:44:00	63	8,52	18,19
46:45:00	63	8,52	18,19
46:46:00	63	8,52	18,19
46:47:00	62	8,52	18,19
46:48:00	63	8,52	18,19
46:49:00	63	8,52	18,19
46:50:00	63	8,52	18,19
46:51:00	63	8,52	18,19
46:52:00	62	8,52	18,19
46:53:00	63	8,52	18,27
46:54:00	63	8,52	18,27
46:55:00	63	8,52	18,27
46:56:00	63	8,52	18,27
46:57:00	63	8,51	18,35
46:58:00	63	8,52	18,27
46:59:00	62	8,52	18,27
47:00:00	63	8,52	18,27
47:01:00	63	8,52	18,27
47:02:00	62	8,52	18,27
47:03:00	63	8,52	18,27
47:04:00	62	8,52	18,27
47:05:00	63	8,52	18,27
47:06:00	63	8,52	18,27
47:07:00	63	8,52	18,27
47:08:00	63	8,52	18,27
47:09:00	62	8,52	18,27
47:10:00	63	8,52	18,27
47:11:00	63	8,52	18,27
47:12:00	63	8,52	18,27
47:13:00	63	8,52	18,27
47:14:00	63	8,52	18,27
47:15:00	63	8,52	18,27
47:16:00	62	8,52	18,19
47:17:00	63	8,52	18,27
47:18:00	63	8,51	18,35
47:19:00	63	8,51	18,35
47:20:00	63	8,51	18,35
47:21:00	62	8,51	18,35
47:22:00	63	8,51	18,35
47:23:00	63	8,51	18,35
47:24:00	63	8,52	18,27
47:25:00	62	8,51	18,35
47:26:00	62	8,52	18,27
47:27:00	63	8,51	18,35
47:28:00	62	8,51	18,35
47:29:00	63	8,52	18,27
47:30:00	63	8,51	18,35
47:31:00	63	8,51	18,35
47:32:00	63	8,51	18,35
47:33:00	63	8,51	18,35
47:34:00	63	8,51	18,35
47:35:00	63	8,51	18,35
47:36:00	63	8,51	18,35
47:37:00	63	8,51	18,35
47:38:00	63	8,51	18,35
47:39:00	63	8,52	18,27
47:40:00	63	8,50	18,43
47:41:00	63	8,51	18,35
47:42:00	63	8,50	18,43
47:43:00	63	8,50	18,43
47:44:00	63	8,50	18,43
47:45:00	63	8,50	18,43
47:46:00	62	8,50	18,43
47:47:00	63	8,50	18,43
47:48:00	63	8,50	18,43
47:49:00	63	8,50	18,43
47:50:00	63	8,50	18,43
47:51:00	63	8,50	18,43
47:52:00	63	8,50	18,43
47:53:00	62	8,50	18,43
47:54:00	63	8,50	18,43
47:55:00	63	8,50	18,43
47:56:00	62	8,50	18,43
47:57:00	63	8,50	18,43
47:58:00	63	8,50	18,43
47:59:00	63	8,50	18,43
48:00:00	63	8,50	18,43
48:01:00	63	8,50	18,43
48:02:00	63	8,50	18,43
48:03:00	62	8,50	18,43
48:04:00	63	8,50	18,43
48:05:00	63	8,50	18,51
48:06:00	63	8,50	18,43
48:07:00	62	8,50	18,51
48:08:00	63	8,50	18,51
48:09:00	63	8,50	18,43
48:10:00	63	8,50	18,43
48:11:00	63	8,50	18,51
48:12:00	63	8,50	18,51
48:13:00	63	8,50	18,51
48:14:00	62	8,50	18,51
48:15:00	63	8,50	18,51
48:16:00	63	8,50	18,51
48:17:00	63	8,50	18,51
48:18:00	62	8,50	18,51
48:19:00	62	8,50	18,51
48:20:00	63	8,50	18,51
48:21:00	63	8,50	18,51
48:22:00	62	8,50	18,51
48:23:00	63	8,50	18,51
48:24:00	63	8,50	18,51
48:25:00	63	8,50	18,51
48:26:00	63	8,50	18,51
48:27:00	63	8,50	18,51
48:28:00	63	8,50	18,43
48:29:00	62	8,49	18,59
48:30:00	63	8,50	18,51
48:31:00	63	8,50	18,51
48:32:00	62	8,50	18,51
48:33:00	63	8,50	18,51
48:34:00	62	8,49	18,59
48:35:00	63	8,50	18,51
48:36:00	63	8,50	18,51
48:37:00	63	8,49	18,59
48:38:00	63	8,49	18,59
48:39:00	63	8,49	18,59
48:40:00	63	8,49	18,59
48:41:00	63	8,49	18,59
48:42:00	63	8,49	18,59
48:43:00	63	8,49	18,59
48:44:00	63	8,49	18,59
48:45:00	63	8,50	18,51
48:46:00	62	8,49	18,59
48:47:00	62	8,49	18,59
48:48:00	63	8,49	18,59
48:49:00	63	8,49	18,59
48:50:00	63	8,49	18,59
48:51:00	63	8,49	18,59
48:52:00	62	8,50	18,51
48:53:00	63	8,49	18,59
48:54:00	63	8,49	18,59
48:55:00	63	8,49	18,59
48:56:00	63	8,49	18,59
48:57:00	63	8,49	18,59
48:58:00	62	8,48	18,67
48:59:00	63	8,49	18,59
49:00:00	63	8,49	18,59
49:01:00	63	8,49	18,59
49:02:00	62	8,49	18,59
49:03:00	63	8,49	18,59
49:04:00	63	8,49	18,59
49:05:00	62	8,49	18,59
49:06:00	63	8,48	18,67
49:07:00	63	8,49	18,59
49:08:00	63	8,49	18,59
49:09:00	62	8,49	18,59
49:10:00	63	8,49	18,59
49:11:00	63	8,49	18,59
49:12:00	63	8,49	18,59
49:13:00	63	8,49	18,59
49:14:00	63	8,49	18,59
49:15:00	63	8,49	18,59
49:16:00	63	8,49	18,59
49:17:00	62	8,49	18,59
49:18:00	63	8,48	18,67
49:19:00	63	8,48	18,67
49:20:00	63	8,48	18,67
49:21:00	63	8,48	18,67
49:22:00	62	8,48	18,67
49:23:00	63	8,48	18,67
49:24:00	63	8,48	18,67
49:25:00	62	8,48	18,67
49:26:00	63	8,48	18,67
49:27:00	63	8,48	18,67
49:28:00	62	8,48	18,67
49:29:00	63	8,48	18,67
49:30:00	62	8,48	18,67
49:31:00	63	8,48	18,67
49:32:00	63	8,48	18,67
49:33:00	62	8,48	18,67
49:34:00	62	8,48	18,67
49:35:00	63	8,48	18,67
49:36:00	63	8,48	18,67
49:37:00	63	8,48	18,67
49:38:00	63	8,48	18,67
49:39:00	62	8,48	18,67
49:40:00	62	8,48	18,67
49:41:00	63	8,47	18,75
49:42:00	63	8,48	18,67
49:43:00	63	8,47	18,75
49:44:00	63	8,47	18,75
49:45:00	63	8,48	18,67
49:46:00	63	8,48	18,67
49:47:00	62	8,47	18,75
49:48:00	63	8,48	18,67
49:49:00	63	8,48	18,67
49:50:00	63	8,47	18,75
49:51:00	63	8,48	18,67
49:52:00	62	8,48	18,67
49:53:00	62	8,48	18,67
49:54:00	63	8,48	18,67
49:55:00	63	8,47	18,75
49:56:00	62	8,48	18,67
49:57:00	62	8,47	18,75
49:58:00	63	8,47	18,75
49:59:00	63	8,48	18,67
50:00:00	63	8,47	18,75
50:01:00	63	8,47	18,75
50:02:00	63	8,47	18,75
50:03:00	63	8,47	18,75
50:04:00	63	8,47	18,75
50:05:00	63	8,47	18,75
50:06:00	63	8,47	18,75
50:07:00	63	8,47	18,75
50:08:00	62	8,47	18,75
50:09:00	63	8,47	18,75
50:10:00	63	8,47	18,75
50:11:00	63	8,47	18,75
50:12:00	63	8,47	18,75
50:13:00	63	8,46	18,83
50:14:00	63	8,47	18,75
50:15:00	62	8,46	18,83
50:16:00	63	8,47	18,75
50:17:00	63	8,47	18,75
50:18:00	63	8,47	18,75
50:19:00	62	8,47	18,75
50:20:00	63	8,47	18,75
50:21:00	62	8,47	18,75
50:22:00	63	8,46	18,83
50:23:00	62	8,46	18,83
50:24:00	63	8,46	18,83
50:25:00	62	8,46	18,83
50:26:00	62	8,46	18,83
50:27:00	63	8,46	18,83
50:28:00	62	8,46	18,83
50:29:00	63	8,46	18,83
50:30:00	63	8,46	18,83
50:31:00	63	8,46	18,83
50:32:00	62	8,46	18,83
50:33:00	63	8,46	18,83
50:34:00	63	8,46	18,83
50:35:00	63	8,46	18,83
50:36:00	63	8,46	18,83
50:37:00	63	8,46	18,83
50:38:00	63	8,46	18,83
50:39:00	62	8,46	18,83
50:40:00	63	8,46	18,83
50:41:00	63	8,46	18,83
50:42:00	63	8,46	18,83
50:43:00	62	8,46	18,83
50:44:00	63	8,46	18,91
50:45:00	63	8,46	18,91
50:46:00	62	8,46	18,91
50:47:00	63	8,46	18,91
50:48:00	63	8,46	18,91
50:49:00	62	8,46	18,91
50:50:00	63	8,46	18,91
50:51:00	63	8,46	18,83
50:52:00	63	8,46	18,83
50:53:00	63	8,46	18,83
50:54:00	63	8,46	18,83
50:55:00	62	8,46	18,91
50:56:00	63	8,46	18,91
50:57:00	63	8,46	18,91
50:58:00	63	8,46	18,91
50:59:00	62	8,46	18,83
51:00:00	63	8,46	18,91
51:01:00	63	8,46	18,83
51:02:00	63	8,46	18,83
51:03:00	63	8,46	18,91
51:04:00	63	8,46	18,91
51:05:00	63	8,46	18,91
51:06:00	63	8,46	18,91
51:07:00	63	8,45	18,99
51:08:00	63	8,46	18,91
51:09:00	62	8,46	18,91
51:10:00	63	8,46	18,91
51:11:00	62	8,46	18,91
51:12:00	62	8,46	18,91
51:13:00	63	8,46	18,91
51:14:00	63	8,46	18,91
51:15:00	63	8,46	18,91
51:16:00	63	8,46	18,91
51:17:00	62	8,46	18,91
51:18:00	63	8,46	18,91
51:19:00	63	8,46	18,91
51:20:00	63	8,46	18,91
51:21:00	62	8,46	18,83
51:22:00	63	8,45	18,99
51:23:00	63	8,45	18,99
51:24:00	63	8,45	18,99
51:25:00	63	8,45	18,99
51:26:00	62	8,45	18,99
51:27:00	63	8,45	18,99
51:28:00	63	8,45	18,99
51:29:00	63	8,45	18,99
51:30:00	63	8,45	18,99
51:31:00	63	8,45	18,99
51:32:00	62	8,45	18,99
51:33:00	63	8,45	18,99
51:34:00	63	8,45	18,99
51:35:00	63	8,44	19,07
51:36:00	62	8,44	19,07
51:37:00	63	8,45	18,99
51:38:00	63	8,45	18,99
51:39:00	63	8,45	18,99
51:40:00	63	8,45	18,99
51:41:00	62	8,45	18,99
51:42:00	63	8,45	18,99
51:43:00	63	8,45	18,99
51:44:00	63	8,44	19,07
51:45:00	63	8,44	19,07
51:46:00	63	8,44	19,07
51:47:00	62	8,44	19,07
51:48:00	62	8,44	19,07
51:49:00	63	8,44	19,07
51:50:00	63	8,44	19,07
51:51:00	63	8,44	19,07
51:52:00	63	8,44	19,07
51:53:00	63	8,44	19,07
51:54:00	62	8,44	19,07
51:55:00	63	8,44	19,07
51:56:00	62	8,44	19,07
51:57:00	62	8,44	19,07
51:58:00	62	8,44	19,07
51:59:00	63	8,44	19,07
52:00:00	63	8,44	19,07
52:01:00	62	8,44	19,07
52:02:00	63	8,44	19,07
52:03:00	63	8,44	19,07
52:04:00	62	8,44	19,07
52:05:00	63	8,44	19,07
52:06:00	63	8,44	19,07
52:07:00	62	8,44	19,07
52:08:00	63	8,44	19,07
52:09:00	63	8,44	19,07
52:10:00	62	8,44	19,07
52:11:00	63	8,44	19,07
52:12:00	62	8,44	19,07
52:13:00	62	8,44	19,07
52:14:00	63	8,43	19,16
52:15:00	63	8,43	19,16
52:16:00	63	8,43	19,16
52:17:00	63	8,43	19,16
52:18:00	62	8,43	19,16
52:19:00	63	8,43	19,16
52:20:00	63	8,43	19,16
52:21:00	63	8,43	19,16
52:22:00	63	8,43	19,16
52:23:00	63	8,43	19,16
52:24:00	62	8,43	19,16
52:25:00	63	8,43	19,16
52:26:00	63	8,43	19,16
52:27:00	63	8,43	19,16
52:28:00	62	8,43	19,16
52:29:00	62	8,43	19,16
52:30:00	63	8,43	19,16
52:31:00	63	8,43	19,16
52:32:00	63	8,43	19,16
52:33:00	63	8,44	19,07
52:34:00	62	8,43	19,16
52:35:00	63	8,44	19,07
52:36:00	63	8,43	19,16
52:37:00	63	8,43	19,16
52:38:00	63	8,44	19,07
52:39:00	62	8,43	19,16
52:40:00	62	8,43	19,16
52:41:00	63	8,43	19,16
52:42:00	63	8,43	19,16
52:43:00	62	8,43	19,16
52:44:00	63	8,43	19,16
52:45:00	63	8,43	19,16
52:46:00	63	8,43	19,16
52:47:00	62	8,43	19,16
52:48:00	63	8,43	19,16
52:49:00	63	8,43	19,16
52:50:00	63	8,43	19,16
52:51:00	63	8,43	19,16
52:52:00	63	8,43	19,16
52:53:00	63	8,43	19,16
52:54:00	62	8,43	19,16
52:55:00	63	8,43	19,16
52:56:00	63	8,43	19,24
52:57:00	63	8,43	19,16
52:58:00	63	8,43	19,24
52:59:00	62	8,43	19,16
53:00:00	62	8,43	19,16
53:01:00	63	8,43	19,16
53:02:00	63	8,43	19,16
53:03:00	63	8,43	19,24
53:04:00	63	8,43	19,16
53:05:00	63	8,43	19,16
53:06:00	63	8,43	19,16
53:07:00	62	8,43	19,16
53:08:00	62	8,43	19,16
53:09:00	63	8,43	19,16
53:10:00	63	8,43	19,16
53:11:00	62	8,43	19,24
53:12:00	63	8,43	19,24
53:13:00	63	8,43	19,24
53:14:00	63	8,43	19,24
53:15:00	62	8,43	19,24
53:16:00	62	8,43	19,24
53:17:00	63	8,43	19,24
53:18:00	63	8,43	19,24
53:19:00	62	8,43	19,24
53:20:00	63	8,43	19,24
53:21:00	63	8,43	19,24
53:22:00	62	8,42	19,32
53:23:00	62	8,42	19,32
53:24:00	63	8,42	19,32
53:25:00	62	8,43	19,24
53:26:00	63	8,43	19,24
53:27:00	63	8,43	19,24
53:28:00	63	8,43	19,24
53:29:00	63	8,43	19,24
53:30:00	63	8,43	19,24
53:31:00	63	8,43	19,24
53:32:00	63	8,42	19,32
53:33:00	62	8,43	19,24
53:34:00	62	8,43	19,24
53:35:00	63	8,43	19,24
53:36:00	63	8,42	19,32
53:37:00	63	8,43	19,24
53:38:00	63	8,42	19,32
53:39:00	63	8,42	19,32
53:40:00	62	8,43	19,24
53:41:00	62	8,43	19,24
53:42:00	63	8,42	19,32
53:43:00	63	8,42	19,32
53:44:00	62	8,42	19,32
53:45:00	63	8,42	19,32
53:46:00	63	8,42	19,32
53:47:00	63	8,42	19,32
53:48:00	63	8,42	19,32
53:49:00	62	8,42	19,32
53:50:00	63	8,42	19,32
53:51:00	63	8,42	19,32
53:52:00	63	8,42	19,32
53:53:00	62	8,42	19,32
53:54:00	63	8,42	19,32
53:55:00	63	8,42	19,32
53:56:00	62	8,42	19,32
53:57:00	63	8,42	19,32
53:58:00	63	8,42	19,32
53:59:00	63	8,42	19,32
54:00:00	63	8,42	19,32
54:01:00	63	8,42	19,32
54:02:00	62	8,41	19,41
54:03:00	63	8,41	19,41
54:04:00	62	8,42	19,32
54:05:00	63	8,42	19,32
54:06:00	63	8,42	19,32
54:07:00	63	8,42	19,32
54:08:00	63	8,42	19,32
54:09:00	63	8,42	19,32
54:10:00	62	8,42	19,32
54:11:00	63	8,42	19,32
54:12:00	62	8,42	19,32
54:13:00	62	8,42	19,32
54:14:00	62	8,41	19,41
54:15:00	63	8,41	19,41
54:16:00	62	8,41	19,41
54:17:00	63	8,42	19,32
54:18:00	62	8,42	19,32
54:19:00	63	8,41	19,41
54:20:00	63	8,41	19,41
54:21:00	63	8,41	19,41
54:22:00	62	8,41	19,41
54:23:00	63	8,41	19,41
54:24:00	63	8,42	19,32
54:25:00	63	8,41	19,41
54:26:00	63	8,41	19,41
54:27:00	63	8,41	19,41
54:28:00	63	8,41	19,41
54:29:00	63	8,41	19,41
54:30:00	62	8,41	19,41
54:31:00	63	8,41	19,41
54:32:00	63	8,41	19,41
54:33:00	62	8,41	19,41
54:34:00	63	8,41	19,41
54:35:00	63	8,41	19,41
54:36:00	62	8,41	19,41
54:37:00	63	8,41	19,41
54:38:00	63	8,41	19,41
54:39:00	63	8,41	19,41
54:40:00	62	8,41	19,41
54:41:00	63	8,41	19,41
54:42:00	62	8,41	19,41
54:43:00	63	8,41	19,41
54:44:00	63	8,41	19,41
54:45:00	62	8,41	19,41
54:46:00	63	8,41	19,49
54:47:00	63	8,41	19,49
54:48:00	63	8,41	19,49
54:49:00	63	8,41	19,49
54:50:00	63	8,41	19,49
54:51:00	63	8,41	19,49
54:52:00	62	8,41	19,49
54:53:00	62	8,41	19,49
54:54:00	62	8,41	19,49
54:55:00	63	8,41	19,49
54:56:00	63	8,41	19,49
54:57:00	63	8,41	19,49
54:58:00	62	8,41	19,49
54:59:00	63	8,41	19,49
55:00:00	63	8,41	19,49
55:01:00	63	8,41	19,49
55:02:00	63	8,41	19,49
55:03:00	63	8,41	19,49
55:04:00	63	8,41	19,49
55:05:00	62	8,41	19,49
55:06:00	63	8,41	19,49
55:07:00	63	8,41	19,49
55:08:00	63	8,41	19,49
55:09:00	63	8,40	19,58
55:10:00	63	8,41	19,49
55:11:00	63	8,41	19,49
55:12:00	63	8,41	19,49
55:13:00	63	8,41	19,49
55:14:00	62	8,41	19,49
55:15:00	62	8,40	19,58
55:16:00	63	8,41	19,49
55:17:00	63	8,41	19,49
55:18:00	63	8,41	19,49
55:19:00	63	8,41	19,49
55:20:00	63	8,41	19,49
55:21:00	62	8,41	19,49
55:22:00	62	8,40	19,58
55:23:00	63	8,40	19,58
55:24:00	62	8,41	19,49
55:25:00	63	8,41	19,49
55:26:00	63	8,40	19,58
55:27:00	63	8,41	19,49
55:28:00	63	8,41	19,49
55:29:00	63	8,41	19,49
55:30:00	63	8,40	19,58
55:31:00	63	8,41	19,49
55:32:00	63	8,40	19,58
55:33:00	62	8,40	19,58
55:34:00	63	8,40	19,58
55:35:00	63	8,40	19,58
55:36:00	63	8,40	19,58
55:37:00	63	8,40	19,58
55:38:00	63	8,40	19,58
55:39:00	62	8,40	19,58
55:40:00	63	8,40	19,58
55:41:00	62	8,40	19,58
55:42:00	63	8,40	19,58
55:43:00	63	8,40	19,58
55:44:00	63	8,40	19,58
55:45:00	63	8,41	19,49
55:46:00	63	8,41	19,49
55:47:00	63	8,40	19,58
55:48:00	63	8,41	19,49
55:49:00	63	8,40	19,58
55:50:00	63	8,40	19,58
55:51:00	63	8,40	19,58
55:52:00	63	8,39	19,66
55:53:00	63	8,40	19,58
55:54:00	63	8,40	19,58
55:55:00	63	8,40	19,58
55:56:00	63	8,40	19,58
55:57:00	63	8,40	19,58
55:58:00	62	8,40	19,58
55:59:00	63	8,40	19,58
56:00:00	62	8,40	19,58
56:01:00	63	8,40	19,58
56:02:00	62	8,39	19,66
56:03:00	62	8,39	19,66
56:04:00	63	8,40	19,58
56:05:00	63	8,40	19,58
56:06:00	62	8,40	19,58
56:07:00	63	8,40	19,58
56:08:00	63	8,40	19,58
56:09:00	62	8,39	19,66
56:10:00	63	8,40	19,58
56:11:00	63	8,40	19,58
56:12:00	63	8,40	19,58
56:13:00	62	8,40	19,58
56:14:00	62	8,40	19,58
56:15:00	63	8,40	19,58
56:16:00	63	8,40	19,58
56:17:00	62	8,39	19,66
56:18:00	63	8,39	19,66
56:19:00	63	8,40	19,58
56:20:00	62	8,40	19,58
56:21:00	62	8,40	19,58
56:22:00	62	8,40	19,58
56:23:00	62	8,39	19,66
56:24:00	63	8,40	19,58
56:25:00	62	8,40	19,58
56:26:00	62	8,40	19,58
56:27:00	63	8,40	19,58
56:28:00	62	8,40	19,58
56:29:00	63	8,39	19,66
56:30:00	63	8,39	19,66
56:31:00	63	8,39	19,66
56:32:00	63	8,39	19,66
56:33:00	63	8,39	19,66
56:34:00	63	8,39	19,66
56:35:00	62	8,39	19,66
56:36:00	62	8,39	19,66
56:37:00	63	8,39	19,66
56:38:00	63	8,39	19,66
56:39:00	62	8,38	19,75
56:40:00	63	8,39	19,66
56:41:00	63	8,39	19,66
56:42:00	63	8,39	19,66
56:43:00	63	8,38	19,75
56:44:00	63	8,39	19,66
56:45:00	63	8,38	19,75
56:46:00	63	8,39	19,66
56:47:00	63	8,39	19,66
56:48:00	63	8,39	19,66
56:49:00	63	8,39	19,66
56:50:00	63	8,39	19,66
56:51:00	62	8,39	19,66
56:52:00	63	8,39	19,66
56:53:00	63	8,39	19,66
56:54:00	63	8,39	19,66
56:55:00	63	8,38	19,75
56:56:00	63	8,38	19,75
56:57:00	63	8,39	19,66
56:58:00	63	8,38	19,75
56:59:00	62	8,38	19,75
57:00:00	63	8,38	19,75
57:01:00	63	8,38	19,75
57:02:00	63	8,39	19,66
57:03:00	63	8,39	19,66
57:04:00	63	8,38	19,75
57:05:00	63	8,38	19,75
57:06:00	63	8,38	19,75
57:07:00	63	8,38	19,75
57:08:00	63	8,38	19,75
57:09:00	62	8,38	19,75
57:10:00	63	8,39	19,66
57:11:00	62	8,39	19,66
57:12:00	63	8,38	19,75
57:13:00	63	8,38	19,75
57:14:00	62	8,38	19,75
57:15:00	63	8,38	19,75
57:16:00	63	8,38	19,75
57:17:00	62	8,38	19,75
57:18:00	62	8,38	19,75
57:19:00	63	8,38	19,75
57:20:00	63	8,38	19,75
57:21:00	63	8,38	19,75
57:22:00	63	8,38	19,75
57:23:00	63	8,38	19,75
57:24:00	62	8,38	19,75
57:25:00	62	8,38	19,83
57:26:00	62	8,38	19,75
57:27:00	63	8,38	19,75
57:28:00	63	8,38	19,75
57:29:00	62	8,38	19,83
57:30:00	63	8,38	19,83
57:31:00	63	8,38	19,75
57:32:00	63	8,38	19,75
57:33:00	62	8,38	19,75
57:34:00	62	8,38	19,75
57:35:00	63	8,38	19,75
57:36:00	63	8,38	19,83
57:37:00	63	8,38	19,83
57:38:00	62	8,38	19,75
57:39:00	63	8,38	19,83
57:40:00	63	8,38	19,75
57:41:00	62	8,38	19,75
57:42:00	62	8,38	19,75
57:43:00	62	8,38	19,75
57:44:00	63	8,38	19,75
57:45:00	63	8,38	19,75
57:46:00	63	8,38	19,75
57:47:00	63	8,38	19,83
57:48:00	63	8,38	19,83
57:49:00	63	8,38	19,83
57:50:00	63	8,38	19,75
57:51:00	62	8,38	19,75
57:52:00	62	8,38	19,83
57:53:00	63	8,38	19,83
57:54:00	62	8,38	19,83
57:55:00	63	8,38	19,83
57:56:00	63	8,37	19,92
57:57:00	62	8,38	19,83
57:58:00	62	8,38	19,83
57:59:00	62	8,38	19,83
58:00:00	62	8,38	19,83
58:01:00	63	8,38	19,83
58:02:00	63	8,38	19,83
58:03:00	62	8,38	19,83
58:04:00	63	8,37	19,92
58:05:00	62	8,38	19,83
58:06:00	63	8,38	19,83
58:07:00	63	8,38	19,83
58:08:00	62	8,38	19,83
58:09:00	62	8,37	19,92
58:10:00	62	8,37	19,92
58:11:00	63	8,37	19,92
58:12:00	63	8,37	19,92
58:13:00	63	8,37	19,92
58:14:00	63	8,37	19,92
58:15:00	63	8,37	19,92
58:16:00	63	8,37	19,92
58:17:00	63	8,37	19,92
58:18:00	63	8,37	19,92
58:19:00	62	8,37	19,92
58:20:00	62	8,37	19,92
58:21:00	63	8,37	19,92
58:22:00	63	8,37	19,92
58:23:00	63	8,38	19,83
58:24:00	62	8,38	19,83
58:25:00	63	8,37	19,92
58:26:00	62	8,37	19,92
58:27:00	63	8,38	19,83
58:28:00	63	8,37	19,92
58:29:00	62	8,37	19,92
58:30:00	62	8,37	19,92
58:31:00	62	8,37	19,92
58:32:00	63	8,38	19,83
58:33:00	63	8,37	19,92
58:34:00	63	8,37	19,92
58:35:00	63	8,37	19,92
58:36:00	63	8,37	19,92
58:37:00	63	8,38	19,83
58:38:00	62	8,38	19,83
58:39:00	62	8,38	19,83
58:40:00	63	8,37	19,92
58:41:00	63	8,37	19,92
58:42:00	63	8,37	19,92
58:43:00	62	8,37	19,92
58:44:00	62	8,37	19,92
58:45:00	62	8,36	20,01
58:46:00	63	8,37	19,92
58:47:00	63	8,37	19,92
58:48:00	63	8,37	19,92
58:49:00	62	8,37	19,92
58:50:00	63	8,36	20,01
58:51:00	63	8,37	19,92
58:52:00	63	8,36	20,01
58:53:00	63	8,36	20,01
58:54:00	62	8,37	19,92
58:55:00	62	8,37	19,92
58:56:00	62	8,36	20,01
58:57:00	63	8,37	19,92
58:58:00	62	8,37	19,92
58:59:00	62	8,37	19,92
59:00:00	63	8,37	19,92
59:01:00	63	8,36	20,01
59:02:00	63	8,36	20,01
59:03:00	63	8,36	20,01
59:04:00	63	8,37	19,92
59:05:00	63	8,37	19,92
59:06:00	63	8,37	19,92
59:07:00	62	8,36	20,01
59:08:00	63	8,37	19,92
59:09:00	62	8,37	19,92
59:10:00	63	8,37	19,92
59:11:00	63	8,37	19,92
59:12:00	62	8,36	20,01
59:13:00	63	8,36	20,01
59:14:00	63	8,36	20,01
59:15:00	63	8,36	20,01
59:16:00	63	8,36	20,01
59:17:00	62	8,36	20,01
59:18:00	62	8,37	19,92
59:19:00	63	8,37	19,92
59:20:00	62	8,36	20,01
59:21:00	63	8,36	20,01
59:22:00	63	8,36	20,01
59:23:00	63	8,36	20,01
59:24:00	62	8,36	20,01
59:25:00	63	8,36	20,01
59:26:00	63	8,35	20,09
59:27:00	63	8,36	20,01
59:28:00	63	8,36	20,01
59:29:00	63	8,36	20,01
59:30:00	62	8,36	20,01
59:31:00	63	8,36	20,01
59:32:00	63	8,36	20,01
59:33:00	63	8,36	20,01
59:34:00	63	8,36	20,01
59:35:00	63	8,36	20,01
59:36:00	63	8,36	20,01
59:37:00	63	8,35	20,09
59:38:00	63	8,35	20,09
59:39:00	63	8,35	20,09
59:40:00	62	8,35	20,09
59:41:00	63	8,35	20,09
59:42:00	63	8,36	20,01
59:43:00	63	8,36	20,01
59:44:00	62	8,36	20,01
59:45:00	63	8,35	20,09
59:46:00	63	8,36	20,01
59:47:00	63	8,35	20,09
59:48:00	63	8,35	20,09
59:49:00	63	8,35	20,09
59:50:00	63	8,36	20,01
59:51:00	63	8,35	20,09
59:52:00	62	8,36	20,01
59:53:00	62	8,36	20,01
59:54:00	63	8,35	20,09
59:55:00	62	8,35	20,09
59:56:00	63	8,35	20,09
59:57:00	63	8,35	20,09
59:58:00	63	8,36	20,01
59:59:00	63	8,36	20,01
60:00:00	63	8,35	20,09
60:01:00	63	8,35	20,09
60:02:00	63	8,35	20,09
60:03:00	62	8,35	20,09
60:04:00	62	8,35	20,09
60:05:00	63	8,35	20,09
60:06:00	63	8,35	20,09
60:07:00	63	8,35	20,09
60:08:00	63	8,34	20,18
60:09:00	63	8,35	20,09
60:10:00	63	8,35	20,09
60:11:00	63	8,35	20,09
60:12:00	63	8,35	20,09
60:13:00	62	8,35	20,09
60:14:00	62	8,35	20,09
60:15:00	63	8,35	20,09
60:16:00	63	8,35	20,09
60:17:00	63	8,35	20,09
60:18:00	62	8,35	20,09
60:19:00	62	8,35	20,09
60:20:00	63	8,35	20,09
60:21:00	63	8,35	20,09
60:22:00	62	8,35	20,09
60:23:00	63	8,35	20,09
60:24:00	62	8,35	20,09
60:25:00	62	8,35	20,09
60:26:00	62	8,35	20,09
60:27:00	63	8,35	20,09
60:28:00	62	8,35	20,09
60:29:00	63	8,35	20,09
60:30:00	63	8,35	20,09
60:31:00	63	8,35	20,09
60:32:00	63	8,35	20,09
60:33:00	62	8,35	20,09
60:34:00	63	8,35	20,09
60:35:00	63	8,34	20,18
60:36:00	63	8,35	20,09
60:37:00	62	8,35	20,09
60:38:00	63	8,35	20,09
60:39:00	63	8,35	20,09
60:40:00	62	8,35	20,09
60:41:00	63	8,34	20,18
60:42:00	62	8,34	20,18
60:43:00	62	8,34	20,18
60:44:00	63	8,34	20,18
60:45:00	63	8,34	20,18
60:46:00	62	8,34	20,18
60:47:00	62	8,34	20,18
60:48:00	63	8,34	20,18
60:49:00	62	8,34	20,27
60:50:00	63	8,34	20,18
60:51:00	63	8,34	20,27
60:52:00	62	8,34	20,27
60:53:00	63	8,34	20,27
60:54:00	62	8,34	20,27
60:55:00	63	8,34	20,27
60:56:00	62	8,34	20,27
60:57:00	62	8,34	20,18
60:58:00	63	8,34	20,27
60:59:00	63	8,34	20,27
61:00:00	63	8,34	20,27
61:01:00	63	8,34	20,27
61:02:00	63	8,34	20,27
61:03:00	63	8,34	20,18
61:04:00	63	8,34	20,18
61:05:00	63	8,34	20,27
61:06:00	63	8,34	20,27
61:07:00	62	8,34	20,27
61:08:00	62	8,34	20,27
61:09:00	63	8,34	20,27
61:10:00	63	8,34	20,27
61:11:00	62	8,34	20,27
61:12:00	62	8,34	20,27
61:13:00	62	8,34	20,27
61:14:00	63	8,34	20,27
61:15:00	63	8,34	20,27
61:16:00	62	8,34	20,27
61:17:00	63	8,34	20,27
61:18:00	63	8,34	20,18
61:19:00	63	8,34	20,18
61:20:00	63	8,34	20,27
61:21:00	63	8,34	20,27
61:22:00	63	8,34	20,27
61:23:00	62	8,34	20,27
61:24:00	63	8,34	20,27
61:25:00	63	8,33	20,36
61:26:00	63	8,33	20,36
61:27:00	63	8,33	20,36
61:28:00	63	8,34	20,27
61:29:00	62	8,34	20,27
61:30:00	63	8,33	20,36
61:31:00	63	8,33	20,36
61:32:00	62	8,34	20,27
61:33:00	63	8,34	20,27
61:34:00	63	8,33	20,36
61:35:00	63	8,34	20,27
61:36:00	62	8,34	20,27
61:37:00	62	8,33	20,36
61:38:00	62	8,33	20,36
61:39:00	62	8,33	20,36
61:40:00	62	8,33	20,36
61:41:00	63	8,34	20,27
61:42:00	63	8,33	20,36
61:43:00	63	8,33	20,36
61:44:00	62	8,34	20,27
61:45:00	63	8,33	20,36
61:46:00	63	8,33	20,36
61:47:00	63	8,34	20,27
61:48:00	62	8,34	20,27
61:49:00	63	8,33	20,36
61:50:00	63	8,33	20,36
61:51:00	63	8,33	20,36
61:52:00	62	8,33	20,36
61:53:00	63	8,33	20,36
61:54:00	62	8,33	20,36
61:55:00	63	8,33	20,36
61:56:00	63	8,34	20,27
61:57:00	62	8,34	20,27
61:58:00	63	8,34	20,27
61:59:00	62	8,34	20,27
62:00:00	63	8,34	20,27
62:01:00	63	8,33	20,36
62:02:00	63	8,33	20,36
62:03:00	63	8,34	20,27
62:04:00	63	8,34	20,27
62:05:00	62	8,33	20,36
62:06:00	63	8,33	20,36
62:07:00	63	8,33	20,36
62:08:00	63	8,33	20,36
62:09:00	62	8,33	20,36
62:10:00	63	8,33	20,36
62:11:00	63	8,33	20,36
62:12:00	62	8,33	20,36
62:13:00	62	8,33	20,36
62:14:00	63	8,33	20,36
62:15:00	63	8,33	20,36
62:16:00	62	8,33	20,36
62:17:00	62	8,33	20,36
62:18:00	63	8,33	20,36
62:19:00	63	8,33	20,36
62:20:00	63	8,33	20,36
62:21:00	63	8,33	20,36
62:22:00	63	8,33	20,36
62:23:00	63	8,33	20,36
62:24:00	62	8,33	20,36
62:25:00	62	8,33	20,36
62:26:00	63	8,33	20,36
62:27:00	63	8,33	20,36
62:28:00	62	8,33	20,36
62:29:00	63	8,33	20,36
62:30:00	63	8,33	20,36
62:31:00	62	8,32	20,45
62:32:00	63	8,32	20,45
62:33:00	62	8,32	20,45
62:34:00	63	8,32	20,45
62:35:00	63	8,32	20,45
62:36:00	63	8,33	20,36
62:37:00	62	8,32	20,45
62:38:00	63	8,33	20,36
62:39:00	63	8,33	20,36
62:40:00	63	8,33	20,36
62:41:00	63	8,33	20,36
62:42:00	63	8,33	20,36
62:43:00	63	8,33	20,36
62:44:00	62	8,33	20,36
62:45:00	63	8,32	20,45
62:46:00	62	8,32	20,45
62:47:00	62	8,33	20,36
62:48:00	62	8,33	20,36
62:49:00	63	8,32	20,45
62:50:00	63	8,32	20,45
62:51:00	63	8,32	20,45
62:52:00	63	8,32	20,45
62:53:00	63	8,32	20,45
62:54:00	63	8,32	20,45
62:55:00	63	8,32	20,45
62:56:00	62	8,32	20,45
62:57:00	63	8,32	20,45
62:58:00	62	8,32	20,45
62:59:00	62	8,32	20,45
63:00:00	63	8,32	20,45
63:01:00	63	8,32	20,45
63:02:00	63	8,32	20,45
63:03:00	62	8,32	20,45
63:04:00	63	8,32	20,45
63:05:00	62	8,32	20,45
63:06:00	62	8,32	20,45
63:07:00	63	8,32	20,45
63:08:00	63	8,32	20,54
63:09:00	63	8,32	20,45
63:10:00	63	8,32	20,45
63:11:00	63	8,32	20,45
63:12:00	63	8,32	20,45
63:13:00	63	8,32	20,45
63:14:00	63	8,32	20,45
63:15:00	63	8,32	20,45
63:16:00	63	8,32	20,45
63:17:00	63	8,32	20,45
63:18:00	62	8,32	20,45
63:19:00	63	8,32	20,45
63:20:00	62	8,32	20,45
63:21:00	62	8,32	20,45
63:22:00	63	8,32	20,45
63:23:00	63	8,32	20,45
63:24:00	63	8,32	20,45
63:25:00	62	8,32	20,45
63:26:00	62	8,32	20,54
63:27:00	63	8,32	20,54
63:28:00	63	8,32	20,54
63:29:00	63	8,32	20,54
63:30:00	63	8,32	20,54
63:31:00	63	8,32	20,54
63:32:00	63	8,32	20,54
63:33:00	62	8,32	20,54
63:34:00	63	8,32	20,54
63:35:00	62	8,32	20,54
63:36:00	63	8,32	20,54
63:37:00	62	8,32	20,54
63:38:00	63	8,32	20,54
63:39:00	63	8,32	20,54
63:40:00	63	8,32	20,54
63:41:00	62	8,32	20,54
63:42:00	63	8,32	20,54
63:43:00	63	8,32	20,54
63:44:00	63	8,32	20,54
63:45:00	63	8,32	20,54
63:46:00	63	8,32	20,54
63:47:00	62	8,32	20,54
63:48:00	62	8,32	20,54
63:49:00	62	8,32	20,54
63:50:00	62	8,32	20,54
63:51:00	63	8,32	20,54
63:52:00	62	8,32	20,54
63:53:00	63	8,32	20,54
63:54:00	62	8,32	20,54
63:55:00	63	8,32	20,54
63:56:00	63	8,32	20,54
63:57:00	63	8,32	20,54
63:58:00	63	8,32	20,54
63:59:00	63	8,32	20,54
64:00:00	63	8,32	20,54
64:01:00	62	8,32	20,54
64:02:00	63	8,32	20,54
64:03:00	63	8,32	20,54
64:04:00	63	8,32	20,54
64:05:00	63	8,31	20,63
64:06:00	63	8,31	20,63
64:07:00	62	8,32	20,54
64:08:00	63	8,31	20,63
64:09:00	63	8,32	20,54
64:10:00	63	8,31	20,63
64:11:00	63	8,31	20,63
64:12:00	63	8,32	20,54
64:13:00	63	8,31	20,63
64:14:00	62	8,32	20,54
64:15:00	62	8,31	20,63
64:16:00	62	8,31	20,63
64:17:00	63	8,31	20,63
64:18:00	63	8,31	20,63
64:19:00	63	8,32	20,54
64:20:00	62	8,31	20,63
64:21:00	63	8,31	20,63
64:22:00	62	8,32	20,54
64:23:00	63	8,31	20,63
64:24:00	63	8,31	20,63
64:25:00	63	8,31	20,63
64:26:00	63	8,32	20,54
64:27:00	62	8,31	20,63
64:28:00	63	8,31	20,63
64:29:00	63	8,31	20,63
64:30:00	62	8,32	20,54
64:31:00	63	8,31	20,63
64:32:00	62	8,31	20,63
64:33:00	62	8,31	20,63
64:34:00	62	8,31	20,63
64:35:00	63	8,31	20,63
64:36:00	63	8,31	20,63
64:37:00	63	8,31	20,63
64:38:00	62	8,32	20,54
64:39:00	63	8,32	20,54
64:40:00	63	8,32	20,54
64:41:00	63	8,31	20,63
64:42:00	63	8,31	20,63
64:43:00	63	8,31	20,63
64:44:00	63	8,31	20,63
64:45:00	62	8,31	20,63
64:46:00	63	8,31	20,63
64:47:00	63	8,31	20,63
64:48:00	62	8,31	20,63
64:49:00	62	8,31	20,63
64:50:00	63	8,31	20,63
64:51:00	63	8,31	20,63
64:52:00	63	8,31	20,63
64:53:00	62	8,31	20,63
64:54:00	62	8,31	20,63
64:55:00	63	8,31	20,63
64:56:00	63	8,31	20,63
64:57:00	63	8,31	20,63
64:58:00	63	8,31	20,63
64:59:00	63	8,31	20,63
65:00:00	63	8,31	20,63
65:01:00	62	8,31	20,63
65:02:00	62	8,31	20,63
65:03:00	63	8,31	20,63
65:04:00	63	8,31	20,63
65:05:00	63	8,31	20,63
65:06:00	62	8,31	20,63
65:07:00	62	8,31	20,63
65:08:00	63	8,31	20,63
65:09:00	63	8,30	20,72
65:10:00	63	8,31	20,63
65:11:00	63	8,31	20,63
65:12:00	63	8,31	20,63
65:13:00	63	8,31	20,63
65:14:00	62	8,31	20,63
65:15:00	63	8,30	20,72
65:16:00	63	8,30	20,72
65:17:00	63	8,31	20,63
65:18:00	63	8,31	20,63
65:19:00	63	8,31	20,63
65:20:00	62	8,31	20,63
65:21:00	63	8,31	20,63
65:22:00	63	8,30	20,72
65:23:00	63	8,30	20,72
65:24:00	62	8,30	20,72
65:25:00	63	8,30	20,72
65:26:00	62	8,30	20,72
65:27:00	63	8,30	20,72
65:28:00	63	8,30	20,72
65:29:00	63	8,30	20,72
65:30:00	63	8,30	20,72
65:31:00	63	8,30	20,72
65:32:00	62	8,30	20,72
65:33:00	63	8,30	20,72
65:34:00	62	8,30	20,72
65:35:00	63	8,30	20,72
65:36:00	63	8,30	20,72
65:37:00	63	8,30	20,72
65:38:00	63	8,30	20,72
65:39:00	63	8,30	20,72
65:40:00	63	8,30	20,72
65:41:00	63	8,30	20,72
65:42:00	62	8,30	20,72
65:43:00	63	8,30	20,72
65:44:00	63	8,30	20,72
65:45:00	63	8,30	20,72
65:46:00	63	8,30	20,72
65:47:00	63	8,30	20,72
65:48:00	63	8,30	20,72
65:49:00	62	8,30	20,72
65:50:00	63	8,30	20,72
65:51:00	63	8,30	20,72
65:52:00	63	8,30	20,72
65:53:00	63	8,30	20,72
65:54:00	63	8,30	20,72
65:55:00	63	8,30	20,72
65:56:00	62	8,30	20,72
65:57:00	63	8,30	20,72
65:58:00	63	8,30	20,72
65:59:00	63	8,30	20,72
66:00:00	63	8,30	20,72
66:01:00	62	8,30	20,72
66:02:00	63	8,30	20,72
66:03:00	63	8,29	20,81
66:04:00	63	8,30	20,72
66:05:00	63	8,29	20,81
66:06:00	63	8,29	20,81
66:07:00	63	8,30	20,72
66:08:00	63	8,30	20,72
66:09:00	62	8,30	20,72
66:10:00	63	8,29	20,81
66:11:00	63	8,29	20,81
66:12:00	63	8,29	20,81
66:13:00	63	8,29	20,81
66:14:00	63	8,29	20,81
66:15:00	62	8,29	20,81
66:16:00	63	8,30	20,72
66:17:00	63	8,29	20,81
66:18:00	63	8,29	20,81
66:19:00	63	8,29	20,81
66:20:00	62	8,29	20,81
66:21:00	63	8,29	20,81
66:22:00	63	8,29	20,81
66:23:00	63	8,29	20,81
66:24:00	63	8,29	20,81
66:25:00	63	8,29	20,81
66:26:00	63	8,29	20,81
66:27:00	63	8,29	20,81
66:28:00	63	8,29	20,81
66:29:00	63	8,29	20,81
66:30:00	63	8,29	20,81
66:31:00	62	8,29	20,81
66:32:00	63	8,29	20,81
66:33:00	63	8,29	20,81
66:34:00	63	8,29	20,81
66:35:00	62	8,29	20,81
66:36:00	63	8,29	20,81
66:37:00	63	8,29	20,81
66:38:00	63	8,29	20,81
66:39:00	63	8,29	20,81
66:40:00	63	8,29	20,81
66:41:00	62	8,29	20,81
66:42:00	62	8,29	20,81
66:43:00	62	8,29	20,81
66:44:00	63	8,29	20,90
66:45:00	63	8,29	20,81
66:46:00	63	8,29	20,81
66:47:00	63	8,29	20,81
66:48:00	63	8,29	20,90
66:49:00	62	8,29	20,90
66:50:00	63	8,29	20,90
66:51:00	62	8,29	20,90
66:52:00	62	8,29	20,81
66:53:00	63	8,29	20,90
66:54:00	63	8,29	20,81
66:55:00	63	8,29	20,90
66:56:00	62	8,29	20,90
66:57:00	63	8,29	20,90
66:58:00	62	8,29	20,90
66:59:00	63	8,29	20,90
67:00:00	62	8,29	20,90
67:01:00	63	8,29	20,90
67:02:00	63	8,29	20,90
67:03:00	63	8,29	20,90
67:04:00	62	8,29	20,81
67:05:00	63	8,29	20,90
67:06:00	63	8,29	20,90
67:07:00	63	8,29	20,81
67:08:00	62	8,29	20,90
67:09:00	63	8,29	20,90
67:10:00	63	8,29	20,90
67:11:00	63	8,29	20,90
67:12:00	63	8,29	20,81
67:13:00	63	8,29	20,90
67:14:00	63	8,29	20,90
67:15:00	63	8,29	20,90
67:16:00	63	8,29	20,90
67:17:00	63	8,29	20,90
67:18:00	63	8,29	20,90
67:19:00	63	8,29	20,90
67:20:00	63	8,29	20,90
67:21:00	63	8,29	20,81
67:22:00	63	8,29	20,90
67:23:00	63	8,29	20,90
67:24:00	63	8,29	20,90
67:25:00	63	8,29	20,90
67:26:00	63	8,29	20,90
67:27:00	63	8,29	20,90
67:28:00	62	8,29	20,90
67:29:00	63	8,29	20,90
67:30:00	63	8,29	20,90
67:31:00	63	8,29	20,90
67:32:00	62	8,29	20,90
67:33:00	63	8,29	20,90
67:34:00	63	8,29	20,90
67:35:00	63	8,29	20,90
67:36:00	63	8,29	20,90
67:37:00	63	8,29	20,90
67:38:00	63	8,28	20,99
67:39:00	63	8,29	20,90
67:40:00	63	8,29	20,90
67:41:00	62	8,29	20,90
67:42:00	63	8,29	20,90
67:43:00	63	8,29	20,90
67:44:00	63	8,29	20,90
67:45:00	63	8,29	20,90
67:46:00	62	8,29	20,90
67:47:00	63	8,29	20,90
67:48:00	63	8,29	20,90
67:49:00	62	8,29	20,90
67:50:00	62	8,29	20,90
67:51:00	63	8,29	20,90
67:52:00	63	8,29	20,90
67:53:00	63	8,28	20,99
67:54:00	63	8,28	20,99
67:55:00	63	8,28	20,99
67:56:00	63	8,28	20,99
67:57:00	63	8,29	20,90
67:58:00	62	8,28	20,99
67:59:00	63	8,28	20,99
68:00:00	63	8,28	20,99
68:01:00	63	8,29	20,90
68:02:00	62	8,29	20,90
68:03:00	63	8,28	20,99
68:04:00	63	8,28	20,99
68:05:00	63	8,28	20,99
68:06:00	63	8,28	20,99
68:07:00	63	8,28	20,99
68:08:00	63	8,28	20,99
68:09:00	63	8,28	20,99
68:10:00	63	8,28	20,99
68:11:00	62	8,28	20,99
68:12:00	62	8,28	20,99
68:13:00	63	8,28	20,99
68:14:00	63	8,28	20,99
68:15:00	63	8,28	20,99
68:16:00	63	8,28	20,99
68:17:00	63	8,28	20,99
68:18:00	63	8,28	20,99
68:19:00	62	8,28	20,99
68:20:00	63	8,28	20,99
68:21:00	63	8,28	20,99
68:22:00	63	8,28	20,99
68:23:00	63	8,28	20,99
68:24:00	63	8,28	20,99
68:25:00	62	8,28	20,99
68:26:00	63	8,28	20,99
68:27:00	63	8,28	20,99
68:28:00	63	8,28	20,99
68:29:00	63	8,28	20,99
68:30:00	63	8,28	20,99
68:31:00	62	8,27	21,08
68:32:00	63	8,28	20,99
68:33:00	62	8,28	20,99
68:34:00	63	8,28	20,99
68:35:00	63	8,28	20,99
68:36:00	63	8,28	20,99
68:37:00	62	8,28	20,99
68:38:00	63	8,28	20,99
68:39:00	63	8,28	20,99
68:40:00	62	8,28	20,99
68:41:00	63	8,28	20,99
68:42:00	63	8,28	20,99
68:43:00	63	8,28	20,99
68:44:00	63	8,28	20,99
68:45:00	63	8,27	21,08
68:46:00	63	8,27	21,08
68:47:00	62	8,27	21,08
68:48:00	62	8,27	21,08
68:49:00	63	8,27	21,08
68:50:00	63	8,27	21,08
68:51:00	63	8,27	21,08
68:52:00	63	8,27	21,08
68:53:00	63	8,27	21,08
68:54:00	62	8,27	21,08
68:55:00	63	8,27	21,08
68:56:00	63	8,27	21,08
68:57:00	63	8,27	21,08
68:58:00	63	8,27	21,08
68:59:00	63	8,27	21,08
69:00:00	63	8,27	21,08
69:01:00	63	8,27	21,08
69:02:00	63	8,27	21,08
69:03:00	63	8,27	21,08
69:04:00	63	8,27	21,08
69:05:00	63	8,27	21,08
69:06:00	63	8,27	21,08
69:07:00	62	8,27	21,08
69:08:00	62	8,27	21,08
69:09:00	63	8,27	21,08
69:10:00	63	8,27	21,08
69:11:00	63	8,27	21,08
69:12:00	62	8,27	21,08
69:13:00	62	8,27	21,08
69:14:00	62	8,27	21,08
69:15:00	63	8,27	21,08
69:16:00	63	8,26	21,18
69:17:00	63	8,27	21,08
69:18:00	62	8,26	21,18
69:19:00	62	8,26	21,18
69:20:00	62	8,26	21,18
69:21:00	62	8,27	21,08
69:22:00	62	8,26	21,18
69:23:00	63	8,26	21,18
69:24:00	62	8,26	21,18
69:25:00	63	8,26	21,18
69:26:00	62	8,27	21,08
69:27:00	62	8,26	21,18
69:28:00	62	8,26	21,18
69:29:00	63	8,26	21,18
69:30:00	62	8,26	21,18
69:31:00	63	8,26	21,18
69:32:00	62	8,26	21,18
69:33:00	63	8,26	21,18
69:34:00	62	8,26	21,18
69:35:00	62	8,25	21,27
69:36:00	63	8,25	21,27
69:37:00	62	8,25	21,27
69:38:00	62	8,26	21,18
69:39:00	62	8,25	21,27
69:40:00	62	8,25	21,27
69:41:00	63	8,25	21,27
69:42:00	63	8,25	21,27
69:43:00	62	8,25	21,27
69:44:00	63	8,25	21,27
69:45:00	63	8,25	21,27
69:46:00	63	8,25	21,27
69:47:00	62	8,25	21,27
69:48:00	62	8,25	21,27
69:49:00	62	8,25	21,27
69:50:00	62	8,25	21,27
69:51:00	62	8,25	21,27
69:52:00	63	8,25	21,36
69:53:00	63	8,25	21,27
69:54:00	63	8,25	21,27
69:55:00	62	8,25	21,27
69:56:00	63	8,25	21,27
69:57:00	63	8,25	21,27
69:58:00	63	8,26	21,18
69:59:00	63	8,25	21,27
70:00:00	63	8,25	21,27
70:01:00	63	8,25	21,27
70:02:00	63	8,25	21,27
70:03:00	63	8,25	21,27
70:04:00	63	8,25	21,27
70:05:00	63	8,25	21,27
70:06:00	63	8,25	21,27
70:07:00	63	8,25	21,27
70:08:00	63	8,25	21,27
70:09:00	63	8,25	21,27
70:10:00	63	8,25	21,27
70:11:00	63	8,25	21,27
70:12:00	63	8,25	21,27
70:13:00	63	8,25	21,27
70:14:00	63	8,25	21,27
70:15:00	63	8,25	21,27
70:16:00	63	8,25	21,27
70:17:00	63	8,25	21,27
70:18:00	63	8,25	21,27
70:19:00	63	8,25	21,27
70:20:00	63	8,25	21,27
70:21:00	63	8,25	21,27
70:22:00	63	8,25	21,27
70:23:00	63	8,25	21,27
70:24:00	63	8,25	21,27
70:25:00	63	8,25	21,27
70:26:00	63	8,25	21,27
70:27:00	63	8,25	21,27
70:28:00	63	8,25	21,27
70:29:00	63	8,25	21,27
70:30:00	63	8,25	21,27
70:31:00	63	8,25	21,27
70:32:00	62	8,25	21,27
70:33:00	62	8,25	21,27
70:34:00	63	8,25	21,27
70:35:00	63	8,25	21,27
70:36:00	63	8,25	21,27
70:37:00	63	8,25	21,27
70:38:00	63	8,25	21,27
70:39:00	63	8,25	21,27
70:40:00	63	8,25	21,27
70:41:00	63	8,25	21,27
70:42:00	63	8,25	21,27
70:43:00	63	8,25	21,27
70:44:00	63	8,25	21,27
70:45:00	63	8,25	21,27
70:46:00	63	8,25	21,27
70:47:00	63	8,25	21,27
70:48:00	63	8,25	21,27
70:49:00	63	8,25	21,27
70:50:00	63	8,25	21,27
70:51:00	63	8,26	21,18
70:52:00	63	8,25	21,27
70:53:00	63	8,25	21,27
70:54:00	63	8,25	21,27
70:55:00	63	8,25	21,27
70:56:00	63	8,25	21,27
70:57:00	63	8,25	21,27
70:58:00	63	8,25	21,27
70:59:00	63	8,25	21,27
71:00:00	63	8,25	21,27
71:01:00	63	8,25	21,27
71:02:00	63	8,25	21,27
71:03:00	63	8,25	21,27
71:04:00	63	8,25	21,27
71:05:00	63	8,26	21,18
71:06:00	63	8,25	21,27
71:07:00	63	8,25	21,27
71:08:00	63	8,25	21,27
71:09:00	63	8,25	21,27
71:10:00	63	8,25	21,27
71:11:00	63	8,25	21,27
71:12:00	63	8,25	21,36
71:13:00	63	8,25	21,36
71:14:00	63	8,25	21,27
71:15:00	63	8,25	21,27
71:16:00	63	8,25	21,27
71:17:00	63	8,25	21,27
71:18:00	63	8,25	21,36
71:19:00	63	8,25	21,27
71:20:00	63	8,25	21,36
71:21:00	63	8,25	21,36
71:22:00	63	8,25	21,27
71:23:00	63	8,25	21,27
71:24:00	63	8,25	21,36
71:25:00	63	8,25	21,27
71:26:00	62	8,25	21,36
71:27:00	63	8,25	21,36
71:28:00	63	8,25	21,27
71:29:00	63	8,25	21,36
71:30:00	63	8,25	21,36
71:31:00	63	8,25	21,27
71:32:00	63	8,25	21,36
71:33:00	63	8,25	21,36
