--Test Summary--
Full Path and File Name	
Instrument Name	4262L
Instrument Type	Model 4262 Twin Cell UCA
Instrument Serial Number	111L
Test Start Date	04.06.2005
Test Start Time	3:03:26
Test Stop Date	06.06.2005
Test Stop Time	19:59:11
Test Length	64:55:45
Final Sample Time Offset	64:55:00
Controller Schedule Name	
Sampling Period	60 seconds
Comments	T: 70(80), 87(240)
Information	WellID	1
Information	Customer	Tjub-Karagan
Information	CementClass	PCT-I-G
Information	CementMfr	Duckerhoff
Information	Additives	0.7%FL+0.4%RPM+0.2%SMS+0.%LTR
Information	Density	1600
Information	BHCT	70
Information	BHST	87
Information	FluidLoss	
Information	JobType	178 mm csg lead slurry
Calculated Value	CS_50	1:39:00
Calculated Value	CS_500	N/A
Calculated Value	CS_Time8h	1,54 MPa
Calculated Value	CS_Time16h	2,12 MPa
Calculated Value	CS_Time24h	2,52 MPa
Calculated Value	CS_Time48h	3,08 MPa
Calculated Value	CS_Time72h	N/A
Calculated Curve	Compressive Strength	Compressive strength type A (less than 14 lb/gal)
Initial Temperature (°C)	24 °C
Final Temperature (°C)	86 °C
Initial Transit Time (microsec/in)	18,54 microsec/in
Final Transit Time (microsec/in)	12,82 microsec/in
Initial Compressive Strength (MPa)	0,00 MPa
Final Compressive Strength (MPa)	3,29 MPa
--Data--
Time (HH:MM:SS)	Temperature (°C)	Transit Time (microsec/in)	Compressive Strength (MPa)
0:00:00	24	18,54	0,00
0:01:00	24	18,56	0,00
0:02:00	24	18,57	0,00
0:03:00	24	18,59	0,00
0:04:00	24	18,61	0,00
0:05:00	24		
0:06:00	25		
0:07:00	25		
0:08:00	26		
0:09:00	26	19,72	0,00
0:10:00	26	19,71	0,00
0:11:00	27	19,71	0,00
0:12:00	27	19,71	0,00
0:13:00	28		
0:14:00	29	18,64	0,00
0:15:00	30	18,63	0,00
0:16:00	30	18,63	0,00
0:17:00	31		
0:18:00	32		
0:19:00	32		
0:20:00	33	18,57	0,00
0:21:00	34	18,57	0,00
0:22:00	34		
0:23:00	35		
0:24:00	36	18,53	0,00
0:25:00	36		
0:26:00	37		
0:27:00	38	18,48	0,01
0:28:00	38	18,48	0,01
0:29:00	39	18,47	0,01
0:30:00	39	18,45	0,02
0:31:00	40	18,44	0,02
0:32:00	40	18,43	0,02
0:33:00	41		
0:34:00	42	18,41	0,02
0:35:00	42	18,40	0,03
0:36:00	43		
0:37:00	44	18,38	0,03
0:38:00	45	18,37	0,03
0:39:00	45	18,36	0,03
0:40:00	46	18,35	0,04
0:41:00	46	18,34	0,04
0:42:00	47	18,33	0,04
0:43:00	48	18,33	0,04
0:44:00	48	18,32	0,04
0:45:00	49	18,31	0,04
0:46:00	49	18,30	0,04
0:47:00	50	18,30	0,05
0:48:00	51	18,29	0,05
0:49:00	51	18,28	0,05
0:50:00	52	17,23	0,29
0:51:00	53	17,22	0,30
0:52:00	53		
0:53:00	53	17,21	0,30
0:54:00	54	17,21	0,30
0:55:00	55	17,20	0,30
0:56:00	55	17,19	0,30
0:57:00	56	17,19	0,31
0:58:00	57	17,19	0,31
0:59:00	57		
1:00:00	58	17,18	0,31
1:01:00	58	17,17	0,31
1:02:00	59	17,16	0,31
1:03:00	59	17,16	0,31
1:04:00	60	17,16	0,31
1:05:00	61	17,16	0,31
1:06:00	61	17,16	0,31
1:07:00	62	17,16	0,31
1:08:00	62	17,15	0,32
1:09:00	63	17,15	0,32
1:10:00	64	17,14	0,32
1:11:00	64	17,14	0,32
1:12:00	65	17,14	0,32
1:13:00	65	17,14	0,32
1:14:00	66	17,14	0,32
1:15:00	66	17,13	0,32
1:16:00	67	17,13	0,32
1:17:00	68	17,13	0,32
1:18:00	68	17,13	0,32
1:19:00	69	17,13	0,32
1:20:00	70	17,13	0,32
1:21:00	70	17,13	0,32
1:22:00	70	17,13	0,32
1:23:00	71	17,13	0,32
1:24:00	71	17,13	0,32
1:25:00	72	17,13	0,32
1:26:00	72	17,13	0,32
1:27:00	72	17,13	0,32
1:28:00	72	17,13	0,32
1:29:00	72	17,13	0,32
1:30:00	72	17,13	0,32
1:31:00	73	17,13	0,32
1:32:00	73	17,12	0,32
1:33:00	73	17,12	0,32
1:34:00	73	17,11	0,33
1:35:00	73	17,11	0,33
1:36:00	73	17,10	0,33
1:37:00	73	17,10	0,33
1:38:00	73	16,09	0,67
1:39:00	73	16,08	0,68
1:40:00	73	16,08	0,68
1:41:00	72	16,08	0,68
1:42:00	72		
1:43:00	72	16,07	0,68
1:44:00	72	16,07	0,68
1:45:00	72	16,05	0,69
1:46:00	72	16,05	0,69
1:47:00	72	16,04	0,70
1:48:00	72	16,03	0,70
1:49:00	72	16,02	0,70
1:50:00	72	16,02	0,70
1:51:00	72	16,01	0,71
1:52:00	72	16,00	0,71
1:53:00	72	15,99	0,71
1:54:00	72	15,99	0,72
1:55:00	72		
1:56:00	72	15,97	0,72
1:57:00	72	15,96	0,73
1:58:00	72	15,96	0,73
1:59:00	72	15,95	0,73
2:00:00	72	15,94	0,74
2:01:00	72	15,93	0,74
2:02:00	72	15,93	0,74
2:03:00	72	15,92	0,75
2:04:00	72	15,91	0,75
2:05:00	73	15,90	0,75
2:06:00	73	15,90	0,75
2:07:00	73	15,89	0,76
2:08:00	73	15,88	0,76
2:09:00	73	15,87	0,77
2:10:00	73	15,86	0,77
2:11:00	73	15,86	0,77
2:12:00	73	15,85	0,77
2:13:00	73	15,84	0,78
2:14:00	73	15,81	0,79
2:15:00	73	15,81	0,79
2:16:00	73	15,80	0,80
2:17:00	73	15,80	0,80
2:18:00	73	15,78	0,80
2:19:00	73	15,78	0,80
2:20:00	73	15,78	0,81
2:21:00	74	15,77	0,81
2:22:00	74	15,76	0,81
2:23:00	74	15,75	0,82
2:24:00	74	15,75	0,82
2:25:00	74	15,74	0,82
2:26:00	74	15,73	0,83
2:27:00	74	15,72	0,83
2:28:00	74	15,72	0,84
2:29:00	74	15,71	0,84
2:30:00	74	15,70	0,84
2:31:00	74	15,69	0,85
2:32:00	74	15,69	0,85
2:33:00	74	15,69	0,85
2:34:00	74	15,67	0,86
2:35:00	74	15,67	0,86
2:36:00	75	15,66	0,86
2:37:00	75	15,66	0,86
2:38:00	75	15,65	0,87
2:39:00	75	15,64	0,87
2:40:00	75	15,63	0,87
2:41:00	75	15,63	0,88
2:42:00	75	15,63	0,88
2:43:00	75	15,62	0,88
2:44:00	75	15,61	0,88
2:45:00	75	15,60	0,89
2:46:00	75	15,60	0,89
2:47:00	75	15,59	0,90
2:48:00	75	15,59	0,90
2:49:00	75	15,57	0,90
2:50:00	76	15,57	0,90
2:51:00	76	15,57	0,91
2:52:00	76	15,56	0,91
2:53:00	75	15,55	0,91
2:54:00	76	15,54	0,92
2:55:00	76	15,54	0,92
2:56:00	76	15,53	0,92
2:57:00	76	15,53	0,92
2:58:00	76	15,52	0,93
2:59:00	76	15,52	0,93
3:00:00	76	15,51	0,93
3:01:00	76	15,51	0,94
3:02:00	76	15,50	0,94
3:03:00	77	15,50	0,94
3:04:00	76	15,48	0,95
3:05:00	76	15,48	0,95
3:06:00	77	15,48	0,95
3:07:00	77	15,47	0,95
3:08:00	77	15,46	0,96
3:09:00	77	15,45	0,96
3:10:00	77	15,45	0,96
3:11:00	77	15,45	0,97
3:12:00	77	15,44	0,97
3:13:00	77	15,44	0,97
3:14:00	77	15,43	0,97
3:15:00	77	15,42	0,98
3:16:00	77	15,42	0,98
3:17:00	77	15,41	0,98
3:18:00	77	15,41	0,98
3:19:00	78	15,40	0,99
3:20:00	77	15,39	0,99
3:21:00	77	15,39	1,00
3:22:00	78	15,38	1,00
3:23:00	78	15,38	1,00
3:24:00	78	15,37	1,00
3:25:00	78	15,36	1,01
3:26:00	78	15,36	1,01
3:27:00	78	15,35	1,02
3:28:00	78	15,35	1,02
3:29:00	78	15,34	1,02
3:30:00	78	15,34	1,02
3:31:00	78	15,33	1,02
3:32:00	78	15,33	1,03
3:33:00	78	15,33	1,03
3:34:00	79	15,32	1,03
3:35:00	79	15,31	1,04
3:36:00	79	15,30	1,04
3:37:00	79	15,30	1,04
3:38:00	79	15,30	1,04
3:39:00	79	15,29	1,05
3:40:00	79	15,28	1,05
3:41:00	79	15,28	1,05
3:42:00	79	15,27	1,06
3:43:00	79	15,27	1,06
3:44:00	79	15,27	1,06
3:45:00	79	15,26	1,06
3:46:00	79	15,25	1,07
3:47:00	79	15,24	1,07
3:48:00	80	15,24	1,07
3:49:00	80	15,24	1,08
3:50:00	80	15,23	1,08
3:51:00	80	15,23	1,08
3:52:00	80	15,22	1,08
3:53:00	80	15,21	1,09
3:54:00	80	15,21	1,09
3:55:00	80	15,21	1,09
3:56:00	80	15,20	1,10
3:57:00	80	15,20	1,10
3:58:00	80	15,19	1,10
3:59:00	80	15,19	1,10
4:00:00	80	15,18	1,11
4:01:00	81	15,18	1,11
4:02:00	80	15,18	1,11
4:03:00	81	15,17	1,11
4:04:00	81	15,16	1,12
4:05:00	81	15,15	1,12
4:06:00	81	15,15	1,12
4:07:00	81	15,15	1,13
4:08:00	81	15,15	1,13
4:09:00	81	15,14	1,13
4:10:00	81	15,13	1,13
4:11:00	81	15,12	1,14
4:12:00	81	15,12	1,14
4:13:00	81	15,12	1,14
4:14:00	81	15,12	1,14
4:15:00	82	15,11	1,15
4:16:00	82	15,11	1,15
4:17:00	82	15,10	1,15
4:18:00	81	15,09	1,16
4:19:00	82	15,09	1,16
4:20:00	82	15,09	1,16
4:21:00	82	15,09	1,16
4:22:00	82	15,09	1,16
4:23:00	82	15,08	1,16
4:24:00	82	15,08	1,16
4:25:00	82	15,07	1,17
4:26:00	82	15,07	1,17
4:27:00	83	15,06	1,17
4:28:00	83	15,06	1,17
4:29:00	83	15,06	1,18
4:30:00	82	15,06	1,18
4:31:00	83	15,05	1,18
4:32:00	83	15,04	1,19
4:33:00	83	15,04	1,19
4:34:00	83	15,04	1,19
4:35:00	83	15,03	1,19
4:36:00	83	15,03	1,19
4:37:00	83	15,03	1,20
4:38:00	83	15,03	1,20
4:39:00	83	15,02	1,20
4:40:00	83	15,02	1,20
4:41:00	83	15,02	1,20
4:42:00	83	15,01	1,20
4:43:00	84	15,00	1,21
4:44:00	83	15,00	1,21
4:45:00	84	15,00	1,21
4:46:00	84	15,00	1,21
4:47:00	84	15,00	1,21
4:48:00	84	14,99	1,22
4:49:00	84	14,99	1,22
4:50:00	84	14,98	1,22
4:51:00	84	14,98	1,22
4:52:00	84	14,97	1,23
4:53:00	84	14,97	1,23
4:54:00	84	14,97	1,23
4:55:00	84	14,97	1,23
4:56:00	84	14,97	1,23
4:57:00	84	14,96	1,24
4:58:00	85	14,96	1,24
4:59:00	85	14,95	1,24
5:00:00	84	14,95	1,24
5:01:00	84	14,95	1,24
5:02:00	85	14,94	1,25
5:03:00	85	14,94	1,25
5:04:00	85	14,94	1,25
5:05:00	85	14,94	1,25
5:06:00	85	14,93	1,25
5:07:00	85	14,93	1,25
5:08:00	85	14,92	1,26
5:09:00	85	14,92	1,26
5:10:00	85	14,92	1,26
5:11:00	85	14,91	1,26
5:12:00	85	14,91	1,26
5:13:00	86	14,91	1,27
5:14:00	86	14,91	1,27
5:15:00	86	14,91	1,27
5:16:00	86	14,90	1,27
5:17:00	86	14,90	1,27
5:18:00	86	14,89	1,28
5:19:00	86	14,89	1,28
5:20:00	86	14,89	1,28
5:21:00	86	14,88	1,28
5:22:00	86	14,88	1,28
5:23:00	86	14,88	1,28
5:24:00	86	14,88	1,29
5:25:00	86	14,88	1,29
5:26:00	86	14,87	1,29
5:27:00	86	14,87	1,29
5:28:00	86	14,87	1,29
5:29:00	86	14,86	1,30
5:30:00	86	14,86	1,30
5:31:00	86	14,85	1,30
5:32:00	86	14,85	1,30
5:33:00	86	14,85	1,30
5:34:00	86	14,85	1,31
5:35:00	86	14,85	1,31
5:36:00	87	14,85	1,31
5:37:00	86	14,84	1,31
5:38:00	86	14,84	1,31
5:39:00	86	14,83	1,32
5:40:00	86	14,83	1,32
5:41:00	86	14,82	1,32
5:42:00	86	14,82	1,32
5:43:00	86	14,82	1,32
5:44:00	86	14,82	1,32
5:45:00	86	14,82	1,32
5:46:00	87	14,82	1,32
5:47:00	86	14,82	1,32
5:48:00	86	14,81	1,33
5:49:00	86	14,80	1,33
5:50:00	86	14,80	1,33
5:51:00	86	14,80	1,33
5:52:00	86	14,79	1,34
5:53:00	86	14,79	1,34
5:54:00	86	14,79	1,34
5:55:00	86	14,79	1,34
5:56:00	86	14,79	1,34
5:57:00	86	14,78	1,35
5:58:00	86	14,78	1,35
5:59:00	86	14,78	1,35
6:00:00	86	14,78	1,35
6:01:00	86	14,77	1,35
6:02:00	86	14,77	1,35
6:03:00	86	14,76	1,36
6:04:00	86	14,76	1,36
6:05:00	86	14,76	1,36
6:06:00	86	14,76	1,36
6:07:00	86	14,76	1,36
6:08:00	86	14,75	1,37
6:09:00	86	14,75	1,37
6:10:00	86	14,75	1,37
6:11:00	86	14,74	1,37
6:12:00	86	14,74	1,37
6:13:00	86	14,74	1,37
6:14:00	86	14,73	1,38
6:15:00	86	14,73	1,38
6:16:00	86	14,73	1,38
6:17:00	86	14,73	1,38
6:18:00	86	14,73	1,38
6:19:00	86	14,73	1,38
6:20:00	86	14,72	1,39
6:21:00	86	14,72	1,39
6:22:00	86	14,71	1,39
6:23:00	86	14,71	1,39
6:24:00	86	14,71	1,39
6:25:00	86	14,70	1,40
6:26:00	86	14,70	1,40
6:27:00	86	14,70	1,40
6:28:00	86	14,70	1,40
6:29:00	86	14,70	1,40
6:30:00	86	14,70	1,40
6:31:00	86	14,70	1,40
6:32:00	86	14,69	1,41
6:33:00	86	14,69	1,41
6:34:00	86	14,69	1,41
6:35:00	86	14,68	1,41
6:36:00	86	14,68	1,41
6:37:00	86	14,68	1,41
6:38:00	86	14,67	1,42
6:39:00	86	14,67	1,42
6:40:00	86	14,67	1,42
6:41:00	86	14,67	1,42
6:42:00	86	14,67	1,42
6:43:00	86	14,67	1,42
6:44:00	86	14,66	1,43
6:45:00	86	14,66	1,43
6:46:00	86	14,66	1,43
6:47:00	86	14,66	1,43
6:48:00	86	14,65	1,43
6:49:00	86	14,65	1,43
6:50:00	86	14,65	1,43
6:51:00	86	14,65	1,43
6:52:00	86	14,64	1,44
6:53:00	86	14,64	1,44
6:54:00	86	14,64	1,44
6:55:00	86	14,64	1,44
6:56:00	86	14,64	1,44
6:57:00	86	14,63	1,45
6:58:00	86	14,63	1,45
6:59:00	86	14,63	1,45
7:00:00	86	14,62	1,45
7:01:00	86	14,62	1,45
7:02:00	86	14,62	1,45
7:03:00	86	14,62	1,45
7:04:00	86	14,61	1,46
7:05:00	86	14,61	1,46
7:06:00	86	14,61	1,46
7:07:00	86	14,61	1,46
7:08:00	86	14,61	1,46
7:09:00	86	14,61	1,46
7:10:00	86	14,61	1,46
7:11:00	86	14,61	1,46
7:12:00	86	14,60	1,47
7:13:00	86	14,60	1,47
7:14:00	86	14,60	1,47
7:15:00	86	14,60	1,47
7:16:00	86	14,59	1,48
7:17:00	86	14,59	1,48
7:18:00	86	14,59	1,48
7:19:00	86	14,58	1,48
7:20:00	86	14,58	1,48
7:21:00	86	14,58	1,48
7:22:00	86	14,58	1,49
7:23:00	86	14,58	1,49
7:24:00	86	14,58	1,49
7:25:00	86	14,58	1,49
7:26:00	86	14,58	1,49
7:27:00	86	14,57	1,49
7:28:00	86	14,57	1,49
7:29:00	86	14,57	1,49
7:30:00	86	14,56	1,50
7:31:00	86	14,56	1,50
7:32:00	86	14,56	1,50
7:33:00	86	14,55	1,50
7:34:00	86	14,55	1,50
7:35:00	86	14,55	1,50
7:36:00	86	14,55	1,51
7:37:00	86	14,55	1,51
7:38:00	86	14,55	1,51
7:39:00	86	14,55	1,51
7:40:00	86	14,55	1,51
7:41:00	86	14,55	1,51
7:42:00	86	14,54	1,51
7:43:00	86	14,53	1,52
7:44:00	86	14,53	1,52
7:45:00	86	14,52	1,52
7:46:00	86	14,52	1,52
7:47:00	86	14,52	1,52
7:48:00	86	14,52	1,52
7:49:00	86	14,52	1,53
7:50:00	86	14,52	1,53
7:51:00	86	14,52	1,53
7:52:00	86	14,52	1,53
7:53:00	86	14,52	1,53
7:54:00	86	14,51	1,53
7:55:00	86	14,51	1,53
7:56:00	86	14,51	1,53
7:57:00	86	14,51	1,53
7:58:00	86	14,50	1,54
7:59:00	86	14,50	1,54
8:00:00	86	14,50	1,54
8:01:00	86	14,49	1,54
8:02:00	86	14,50	1,54
8:03:00	86	14,49	1,54
8:04:00	86	14,49	1,54
8:05:00	86	14,49	1,55
8:06:00	86	14,49	1,54
8:07:00	86	14,49	1,55
8:08:00	86	14,49	1,55
8:09:00	86	14,49	1,55
8:10:00	86	14,48	1,56
8:11:00	86	14,48	1,56
8:12:00	86	14,48	1,56
8:13:00	86	14,48	1,56
8:14:00	86	14,47	1,56
8:15:00	86	14,47	1,56
8:16:00	86	14,47	1,56
8:17:00	86	14,47	1,56
8:18:00	86	14,46	1,57
8:19:00	86	14,46	1,57
8:20:00	86	14,46	1,57
8:21:00	86	14,46	1,57
8:22:00	86	14,46	1,57
8:23:00	86	14,46	1,57
8:24:00	86	14,46	1,57
8:25:00	86	14,46	1,57
8:26:00	86	14,45	1,58
8:27:00	86	14,45	1,58
8:28:00	86	14,45	1,58
8:29:00	86	14,45	1,58
8:30:00	86	14,45	1,58
8:31:00	86	14,44	1,58
8:32:00	86	14,43	1,59
8:33:00	86	14,43	1,59
8:34:00	86	14,43	1,59
8:35:00	86	14,43	1,59
8:36:00	86	14,42	1,60
8:37:00	86	14,42	1,60
8:38:00	86	14,42	1,60
8:39:00	86	14,42	1,60
8:40:00	86	14,42	1,60
8:41:00	86	14,41	1,61
8:42:00	86	14,41	1,61
8:43:00	86	14,41	1,61
8:44:00	86	14,41	1,61
8:45:00	86	14,41	1,61
8:46:00	86	14,40	1,61
8:47:00	86	14,40	1,61
8:48:00	86	14,40	1,61
8:49:00	86	14,40	1,61
8:50:00	86	14,40	1,61
8:51:00	86	14,40	1,62
8:52:00	86	14,40	1,62
8:53:00	86	14,40	1,62
8:54:00	86	14,40	1,62
8:55:00	86	14,40	1,62
8:56:00	86	14,39	1,62
8:57:00	86	14,39	1,62
8:58:00	86	14,39	1,62
8:59:00	86	14,38	1,63
9:00:00	86	14,38	1,63
9:01:00	86	14,38	1,63
9:02:00	86	14,38	1,63
9:03:00	86	14,38	1,63
9:04:00	86	14,38	1,63
9:05:00	86	14,38	1,63
9:06:00	86	14,38	1,63
9:07:00	86	14,37	1,64
9:08:00	86	14,37	1,64
9:09:00	86	14,37	1,64
9:10:00	86	14,37	1,64
9:11:00	86	14,36	1,65
9:12:00	86	14,36	1,65
9:13:00	86	14,36	1,65
9:14:00	86	14,36	1,65
9:15:00	86	14,35	1,65
9:16:00	86	14,35	1,65
9:17:00	86	14,35	1,65
9:18:00	86	14,35	1,65
9:19:00	86	14,34	1,66
9:20:00	86	14,34	1,66
9:21:00	86	14,34	1,66
9:22:00	86	14,34	1,66
9:23:00	86	14,34	1,66
9:24:00	86	14,34	1,66
9:25:00	86	14,33	1,67
9:26:00	86	14,33	1,67
9:27:00	86	14,33	1,67
9:28:00	86	14,33	1,67
9:29:00	86	14,32	1,67
9:30:00	86	14,32	1,67
9:31:00	86	14,32	1,67
9:32:00	86	14,32	1,67
9:33:00	86	14,32	1,67
9:34:00	86	14,32	1,67
9:35:00	86	14,32	1,67
9:36:00	86	14,32	1,67
9:37:00	86	14,31	1,68
9:38:00	86	14,31	1,68
9:39:00	86	14,31	1,68
9:40:00	86	14,31	1,68
9:41:00	86	14,31	1,69
9:42:00	86	14,31	1,68
9:43:00	86	14,31	1,69
9:44:00	86	14,31	1,69
9:45:00	86	14,31	1,69
9:46:00	86	14,31	1,69
9:47:00	86	14,31	1,69
9:48:00	86	14,31	1,69
9:49:00	86	14,30	1,69
9:50:00	86	14,30	1,69
9:51:00	86	14,30	1,69
9:52:00	86	14,30	1,69
9:53:00	86	14,29	1,70
9:54:00	86	14,29	1,70
9:55:00	86	14,29	1,70
9:56:00	86	14,29	1,70
9:57:00	86	14,29	1,70
9:58:00	86	14,29	1,70
9:59:00	86	14,29	1,70
10:00:00	86	14,28	1,70
10:01:00	86	14,28	1,70
10:02:00	86	14,28	1,70
10:03:00	86	14,28	1,71
10:04:00	86	14,28	1,71
10:05:00	86	14,28	1,71
10:06:00	86	14,28	1,71
10:07:00	86	14,28	1,71
10:08:00	86	14,27	1,72
10:09:00	86	14,27	1,72
10:10:00	86	14,27	1,72
10:11:00	86	14,27	1,72
10:12:00	86	14,27	1,72
10:13:00	86	14,27	1,72
10:14:00	86	14,26	1,72
10:15:00	86	14,26	1,72
10:16:00	86	14,25	1,73
10:17:00	86	14,26	1,72
10:18:00	86	14,25	1,73
10:19:00	86	14,25	1,73
10:20:00	86	14,25	1,73
10:21:00	86	14,25	1,73
10:22:00	86	14,25	1,73
10:23:00	86	14,25	1,73
10:24:00	86	14,25	1,73
10:25:00	86	14,25	1,73
10:26:00	86	14,24	1,74
10:27:00	86	14,24	1,74
10:28:00	86	14,24	1,74
10:29:00	86	14,24	1,74
10:30:00	86	14,24	1,74
10:31:00	86	14,23	1,74
10:32:00	86	14,23	1,74
10:33:00	86	14,23	1,74
10:34:00	86	14,23	1,74
10:35:00	86	14,23	1,74
10:36:00	86	14,22	1,75
10:37:00	86	14,22	1,75
10:38:00	86	14,22	1,75
10:39:00	86	14,22	1,75
10:40:00	86	14,22	1,75
10:41:00	86	14,22	1,75
10:42:00	86	14,22	1,76
10:43:00	86	14,22	1,76
10:44:00	86	14,22	1,76
10:45:00	86	14,22	1,76
10:46:00	86	14,22	1,76
10:47:00	86	14,21	1,76
10:48:00	86	14,21	1,76
10:49:00	86	14,21	1,76
10:50:00	86	14,21	1,76
10:51:00	86	14,20	1,77
10:52:00	86	14,20	1,77
10:53:00	86	14,20	1,77
10:54:00	86	14,20	1,77
10:55:00	86	14,20	1,77
10:56:00	86	14,20	1,77
10:57:00	86	14,19	1,78
10:58:00	86	14,19	1,78
10:59:00	86	14,19	1,78
11:00:00	86	14,19	1,78
11:01:00	86	14,19	1,78
11:02:00	86	14,19	1,78
11:03:00	86	14,19	1,78
11:04:00	86	14,19	1,78
11:05:00	86	14,19	1,78
11:06:00	86	14,19	1,78
11:07:00	86	14,18	1,79
11:08:00	86	14,18	1,79
11:09:00	86	14,18	1,79
11:10:00	86	14,18	1,79
11:11:00	86	14,18	1,79
11:12:00	86	14,18	1,79
11:13:00	86	14,17	1,79
11:14:00	86	14,17	1,79
11:15:00	86	14,16	1,81
11:16:00	86	14,16	1,81
11:17:00	86	14,16	1,81
11:18:00	86	14,16	1,81
11:19:00	86	14,16	1,81
11:20:00	86	14,16	1,81
11:21:00	86	14,15	1,81
11:22:00	86	14,15	1,81
11:23:00	86	14,15	1,81
11:24:00	86	14,15	1,81
11:25:00	86	14,14	1,82
11:26:00	86	14,14	1,82
11:27:00	86	14,14	1,82
11:28:00	86	14,14	1,82
11:29:00	86	14,14	1,82
11:30:00	86	14,13	1,82
11:31:00	86	14,13	1,82
11:32:00	86	14,13	1,82
11:33:00	86	14,13	1,82
11:34:00	86	14,13	1,83
11:35:00	86	14,13	1,83
11:36:00	86	14,13	1,83
11:37:00	86	14,13	1,83
11:38:00	86	14,13	1,83
11:39:00	86	14,12	1,84
11:40:00	86	14,12	1,84
11:41:00	86	14,12	1,84
11:42:00	86	14,12	1,84
11:43:00	86	14,11	1,84
11:44:00	86	14,11	1,84
11:45:00	86	14,11	1,84
11:46:00	86	14,11	1,84
11:47:00	86	14,11	1,84
11:48:00	86	14,10	1,85
11:49:00	86	14,10	1,85
11:50:00	86	14,10	1,85
11:51:00	86	14,10	1,85
11:52:00	86	14,10	1,85
11:53:00	86	14,10	1,85
11:54:00	86	14,10	1,85
11:55:00	86	14,10	1,86
11:56:00	86	14,10	1,86
11:57:00	86	14,10	1,86
11:58:00	86	14,10	1,86
11:59:00	86	14,10	1,86
12:00:00	86	14,09	1,86
12:01:00	86	14,09	1,86
12:02:00	86	14,09	1,86
12:03:00	86	14,09	1,86
12:04:00	86	14,09	1,86
12:05:00	86	14,09	1,86
12:06:00	86	14,08	1,87
12:07:00	86	14,08	1,87
12:08:00	86	14,08	1,87
12:09:00	86	14,08	1,87
12:10:00	86	14,08	1,87
12:11:00	86	14,08	1,87
12:12:00	86	14,08	1,87
12:13:00	86	14,07	1,88
12:14:00	86	14,07	1,88
12:15:00	86	14,07	1,88
12:16:00	86	14,07	1,88
12:17:00	86	14,07	1,88
12:18:00	86	14,07	1,88
12:19:00	86	14,07	1,88
12:20:00	86	14,07	1,88
12:21:00	86	14,07	1,88
12:22:00	86	14,07	1,88
12:23:00	86	14,07	1,88
12:24:00	86	14,07	1,88
12:25:00	86	14,06	1,89
12:26:00	86	14,06	1,89
12:27:00	86	14,06	1,89
12:28:00	86	14,06	1,89
12:29:00	86	14,06	1,89
12:30:00	86	14,06	1,89
12:31:00	86	14,05	1,89
12:32:00	86	14,05	1,89
12:33:00	86	14,05	1,89
12:34:00	86	14,05	1,89
12:35:00	86	14,05	1,89
12:36:00	86	14,05	1,89
12:37:00	86	14,05	1,89
12:38:00	86	14,04	1,90
12:39:00	86	14,05	1,89
12:40:00	86	14,04	1,90
12:41:00	86	14,04	1,90
12:42:00	86	14,04	1,90
12:43:00	86	14,04	1,90
12:44:00	86	14,03	1,91
12:45:00	86	14,03	1,91
12:46:00	86	14,03	1,91
12:47:00	86	14,03	1,91
12:48:00	86	14,02	1,92
12:49:00	86	14,02	1,92
12:50:00	86	14,02	1,92
12:51:00	86	14,02	1,92
12:52:00	86	14,01	1,93
12:53:00	86	14,01	1,93
12:54:00	86	14,01	1,93
12:55:00	86	14,01	1,93
12:56:00	86	14,01	1,93
12:57:00	86	14,01	1,93
12:58:00	86	14,01	1,93
12:59:00	86	14,01	1,93
13:00:00	86	14,01	1,93
13:01:00	86	14,01	1,93
13:02:00	86	14,01	1,93
13:03:00	86	14,01	1,93
13:04:00	86	14,00	1,94
13:05:00	86	14,01	1,93
13:06:00	86	14,00	1,94
13:07:00	86	14,00	1,94
13:08:00	86	14,00	1,94
13:09:00	86	14,00	1,94
13:10:00	86	14,00	1,94
13:11:00	86	14,00	1,94
13:12:00	86	14,00	1,94
13:13:00	86	14,00	1,94
13:14:00	86	13,99	1,95
13:15:00	86	13,99	1,95
13:16:00	86	13,99	1,95
13:17:00	86	13,99	1,95
13:18:00	86	13,99	1,95
13:19:00	86	13,99	1,95
13:20:00	86	13,99	1,95
13:21:00	86	13,99	1,95
13:22:00	86	13,99	1,95
13:23:00	86	13,99	1,95
13:24:00	86	13,98	1,95
13:25:00	86	13,98	1,95
13:26:00	86	13,98	1,95
13:27:00	86	13,98	1,95
13:28:00	86	13,98	1,96
13:29:00	86	13,98	1,95
13:30:00	86	13,98	1,96
13:31:00	86	13,98	1,96
13:32:00	86	13,98	1,96
13:33:00	86	13,98	1,96
13:34:00	86	13,97	1,97
13:35:00	86	13,96	1,97
13:36:00	86	13,96	1,97
13:37:00	86	13,95	1,98
13:38:00	86	13,96	1,97
13:39:00	86	13,96	1,97
13:40:00	86	13,96	1,97
13:41:00	86	13,95	1,98
13:42:00	86	13,95	1,98
13:43:00	86	13,95	1,98
13:44:00	86	13,95	1,98
13:45:00	86	13,95	1,98
13:46:00	86	13,95	1,99
13:47:00	86	13,95	1,99
13:48:00	86	13,95	1,99
13:49:00	86	13,95	1,99
13:50:00	86	13,95	1,99
13:51:00	86	13,95	1,99
13:52:00	86	13,95	1,99
13:53:00	86	13,95	1,99
13:54:00	86	13,94	1,99
13:55:00	86	13,94	1,99
13:56:00	86	13,94	1,99
13:57:00	86	13,94	1,99
13:58:00	86	13,94	1,99
13:59:00	86	13,94	1,99
14:00:00	86	13,94	1,99
14:01:00	86	13,93	2,00
14:02:00	86	13,93	2,00
14:03:00	86	13,93	2,00
14:04:00	86	13,93	2,00
14:05:00	86	13,93	2,00
14:06:00	86	13,93	2,00
14:07:00	86	13,93	2,00
14:08:00	86	13,93	2,00
14:09:00	86	13,92	2,01
14:10:00	86	13,92	2,01
14:11:00	86	13,92	2,01
14:12:00	86	13,92	2,01
14:13:00	86	13,92	2,01
14:14:00	86	13,92	2,01
14:15:00	86	13,92	2,01
14:16:00	86	13,92	2,01
14:17:00	86	13,92	2,01
14:18:00	86	13,92	2,01
14:19:00	86	13,92	2,01
14:20:00	86	13,92	2,01
14:21:00	86	13,92	2,01
14:22:00	86	13,92	2,01
14:23:00	86	13,91	2,02
14:24:00	86	13,91	2,02
14:25:00	86	13,91	2,02
14:26:00	86	13,91	2,02
14:27:00	86	13,91	2,02
14:28:00	86	13,90	2,03
14:29:00	86	13,90	2,03
14:30:00	86	13,90	2,03
14:31:00	86	13,90	2,03
14:32:00	86	13,90	2,03
14:33:00	86	13,90	2,03
14:34:00	86	13,90	2,03
14:35:00	86	13,90	2,03
14:36:00	86	13,90	2,03
14:37:00	86	13,89	2,03
14:38:00	86	13,89	2,03
14:39:00	86	13,89	2,03
14:40:00	86	13,89	2,03
14:41:00	86	13,89	2,03
14:42:00	86	13,89	2,03
14:43:00	86	13,89	2,03
14:44:00	86	13,89	2,03
14:45:00	86	13,88	2,05
14:46:00	86	13,87	2,06
14:47:00	86	13,88	2,05
14:48:00	86	13,88	2,05
14:49:00	86	13,88	2,05
14:50:00	86	13,87	2,06
14:51:00	86	13,87	2,06
14:52:00	86	13,87	2,06
14:53:00	86	13,87	2,06
14:54:00	86	13,86	2,06
14:55:00	86	13,87	2,06
14:56:00	86	13,86	2,06
14:57:00	86	13,86	2,06
14:58:00	86	13,86	2,06
14:59:00	86	13,86	2,06
15:00:00	86	13,86	2,06
15:01:00	86	13,86	2,06
15:02:00	86	13,86	2,07
15:03:00	86	13,86	2,07
15:04:00	86	13,86	2,07
15:05:00	86	13,86	2,07
15:06:00	86	13,86	2,07
15:07:00	86	13,85	2,08
15:08:00	86	13,85	2,08
15:09:00	86	13,85	2,08
15:10:00	86	13,85	2,08
15:11:00	86	13,85	2,08
15:12:00	86	13,85	2,08
15:13:00	86	13,85	2,08
15:14:00	86	13,84	2,08
15:15:00	86	13,84	2,08
15:16:00	86	13,84	2,08
15:17:00	86	13,84	2,08
15:18:00	86	13,84	2,08
15:19:00	86	13,83	2,09
15:20:00	86	13,84	2,08
15:21:00	86	13,84	2,08
15:22:00	86	13,84	2,08
15:23:00	86	13,83	2,09
15:24:00	86	13,83	2,09
15:25:00	86	13,83	2,09
15:26:00	86	13,83	2,09
15:27:00	86	13,83	2,09
15:28:00	86	13,83	2,09
15:29:00	86	13,83	2,10
15:30:00	86	13,83	2,10
15:31:00	86	13,83	2,10
15:32:00	86	13,83	2,10
15:33:00	86	13,83	2,10
15:34:00	86	13,83	2,10
15:35:00	86	13,83	2,10
15:36:00	86	13,83	2,10
15:37:00	86	13,83	2,10
15:38:00	86	13,82	2,10
15:39:00	86	13,82	2,10
15:40:00	86	13,82	2,10
15:41:00	86	13,82	2,10
15:42:00	86	13,82	2,10
15:43:00	86	13,82	2,10
15:44:00	86	13,82	2,10
15:45:00	86	13,82	2,10
15:46:00	86	13,82	2,10
15:47:00	86	13,82	2,10
15:48:00	86	13,82	2,10
15:49:00	86	13,81	2,11
15:50:00	86	13,82	2,10
15:51:00	86	13,81	2,11
15:52:00	86	13,81	2,11
15:53:00	86	13,81	2,11
15:54:00	86	13,81	2,11
15:55:00	86	13,81	2,11
15:56:00	86	13,80	2,12
15:57:00	86	13,80	2,12
15:58:00	86	13,80	2,12
15:59:00	86	13,80	2,12
16:00:00	86	13,80	2,12
16:01:00	86	13,80	2,12
16:02:00	86	13,80	2,12
16:03:00	86	13,80	2,12
16:04:00	86	13,80	2,13
16:05:00	86	13,80	2,13
16:06:00	86	13,80	2,13
16:07:00	86	13,80	2,13
16:08:00	86	13,80	2,13
16:09:00	86	13,80	2,13
16:10:00	86	13,80	2,13
16:11:00	86	13,80	2,13
16:12:00	86	13,79	2,13
16:13:00	86	13,79	2,13
16:14:00	86	13,79	2,13
16:15:00	86	13,79	2,13
16:16:00	86	13,79	2,13
16:17:00	86	13,79	2,13
16:18:00	86	13,79	2,13
16:19:00	86	13,79	2,13
16:20:00	86	13,79	2,13
16:21:00	86	13,78	2,14
16:22:00	86	13,78	2,14
16:23:00	86	13,78	2,14
16:24:00	86	13,78	2,14
16:25:00	86	13,78	2,14
16:26:00	86	13,78	2,14
16:27:00	86	13,77	2,15
16:28:00	86	13,77	2,15
16:29:00	86	13,77	2,15
16:30:00	86	13,77	2,15
16:31:00	86	13,77	2,15
16:32:00	86	13,77	2,15
16:33:00	86	13,77	2,15
16:34:00	86	13,77	2,15
16:35:00	86	13,77	2,15
16:36:00	86	13,77	2,15
16:37:00	86	13,77	2,15
16:38:00	86	13,77	2,16
16:39:00	86	13,77	2,16
16:40:00	86	13,77	2,16
16:41:00	86	13,77	2,16
16:42:00	86	13,77	2,16
16:43:00	86	13,77	2,16
16:44:00	86	13,76	2,16
16:45:00	86	13,76	2,16
16:46:00	86	13,77	2,16
16:47:00	86	13,76	2,16
16:48:00	86	13,76	2,16
16:49:00	86	13,76	2,16
16:50:00	86	13,76	2,16
16:51:00	86	13,75	2,18
16:52:00	86	13,75	2,18
16:53:00	86	13,75	2,18
16:54:00	86	13,75	2,18
16:55:00	86	13,75	2,18
16:56:00	86	13,75	2,18
16:57:00	86	13,75	2,18
16:58:00	86	13,74	2,18
16:59:00	86	13,74	2,18
17:00:00	86	13,74	2,18
17:01:00	86	13,74	2,18
17:02:00	86	13,74	2,18
17:03:00	86	13,74	2,18
17:04:00	86	13,74	2,18
17:05:00	86	13,73	2,19
17:06:00	86	13,73	2,19
17:07:00	86	13,73	2,19
17:08:00	86	13,73	2,19
17:09:00	86	13,73	2,19
17:10:00	86	13,73	2,19
17:11:00	86	13,73	2,19
17:12:00	86	13,73	2,19
17:13:00	86	13,72	2,20
17:14:00	86	13,72	2,20
17:15:00	86	13,72	2,20
17:16:00	86	13,72	2,20
17:17:00	86	13,72	2,20
17:18:00	86	13,72	2,20
17:19:00	86	13,72	2,20
17:20:00	86	13,72	2,20
17:21:00	86	13,72	2,20
17:22:00	86	13,71	2,21
17:23:00	86	13,71	2,21
17:24:00	86	13,71	2,21
17:25:00	86	13,71	2,21
17:26:00	86	13,71	2,21
17:27:00	86	13,71	2,21
17:28:00	86	13,71	2,21
17:29:00	86	13,71	2,21
17:30:00	86	13,71	2,21
17:31:00	86	13,71	2,21
17:32:00	86	13,71	2,21
17:33:00	86	13,71	2,21
17:34:00	86	13,71	2,21
17:35:00	86	13,71	2,21
17:36:00	86	13,71	2,21
17:37:00	86	13,71	2,21
17:38:00	86	13,70	2,22
17:39:00	86	13,70	2,22
17:40:00	86	13,70	2,22
17:41:00	86	13,70	2,22
17:42:00	86	13,70	2,22
17:43:00	86	13,70	2,22
17:44:00	86	13,70	2,22
17:45:00	86	13,69	2,23
17:46:00	86	13,69	2,23
17:47:00	86	13,69	2,23
17:48:00	86	13,69	2,23
17:49:00	86	13,69	2,23
17:50:00	86	13,69	2,23
17:51:00	86	13,69	2,23
17:52:00	86	13,69	2,23
17:53:00	86	13,69	2,23
17:54:00	86	13,69	2,23
17:55:00	86	13,68	2,24
17:56:00	86	13,68	2,24
17:57:00	86	13,68	2,24
17:58:00	86	13,68	2,24
17:59:00	86	13,68	2,24
18:00:00	86	13,68	2,24
18:01:00	86	13,68	2,24
18:02:00	86	13,68	2,24
18:03:00	86	13,68	2,24
18:04:00	86	13,68	2,24
18:05:00	86	13,68	2,24
18:06:00	86	13,68	2,24
18:07:00	86	13,68	2,24
18:08:00	86	13,68	2,24
18:09:00	86	13,68	2,24
18:10:00	86	13,68	2,24
18:11:00	86	13,68	2,24
18:12:00	86	13,68	2,24
18:13:00	86	13,67	2,25
18:14:00	86	13,67	2,25
18:15:00	86	13,67	2,25
18:16:00	86	13,67	2,25
18:17:00	86	13,67	2,25
18:18:00	86	13,67	2,25
18:19:00	86	13,67	2,25
18:20:00	86	13,67	2,25
18:21:00	86	13,67	2,25
18:22:00	86	13,67	2,25
18:23:00	86	13,66	2,26
18:24:00	86	13,66	2,26
18:25:00	86	13,66	2,26
18:26:00	86	13,66	2,26
18:27:00	86	13,66	2,26
18:28:00	86	13,66	2,26
18:29:00	86	13,66	2,26
18:30:00	86	13,66	2,26
18:31:00	86	13,66	2,26
18:32:00	86	13,66	2,26
18:33:00	86	13,66	2,27
18:34:00	86	13,66	2,27
18:35:00	86	13,66	2,27
18:36:00	86	13,66	2,27
18:37:00	86	13,66	2,27
18:38:00	86	13,66	2,27
18:39:00	86	13,66	2,27
18:40:00	86	13,66	2,27
18:41:00	86	13,65	2,27
18:42:00	86	13,65	2,27
18:43:00	86	13,65	2,27
18:44:00	86	13,65	2,27
18:45:00	86	13,65	2,27
18:46:00	86	13,65	2,27
18:47:00	86	13,65	2,27
18:48:00	86	13,65	2,27
18:49:00	86	13,65	2,27
18:50:00	86	13,65	2,27
18:51:00	86	13,65	2,27
18:52:00	86	13,65	2,27
18:53:00	86	13,64	2,28
18:54:00	86	13,64	2,28
18:55:00	86	13,64	2,28
18:56:00	86	13,64	2,28
18:57:00	86	13,64	2,28
18:58:00	86	13,64	2,28
18:59:00	86	13,64	2,28
19:00:00	86	13,64	2,28
19:01:00	86	13,64	2,28
19:02:00	86	13,64	2,28
19:03:00	86	13,63	2,29
19:04:00	86	13,64	2,28
19:05:00	86	13,63	2,29
19:06:00	86	13,63	2,29
19:07:00	86	13,63	2,29
19:08:00	86	13,63	2,29
19:09:00	86	13,63	2,29
19:10:00	86	13,63	2,29
19:11:00	86	13,63	2,29
19:12:00	86	13,63	2,29
19:13:00	86	13,63	2,30
19:14:00	86	13,63	2,30
19:15:00	86	13,63	2,30
19:16:00	86	13,63	2,29
19:17:00	86	13,63	2,30
19:18:00	86	13,63	2,30
19:19:00	86	13,63	2,30
19:20:00	86	13,63	2,30
19:21:00	86	13,63	2,30
19:22:00	86	13,63	2,30
19:23:00	86	13,63	2,30
19:24:00	86	13,63	2,30
19:25:00	86	13,62	2,30
19:26:00	86	13,61	2,31
19:27:00	86	13,61	2,31
19:28:00	86	13,61	2,31
19:29:00	86	13,61	2,31
19:30:00	86	13,61	2,31
19:31:00	86	13,60	2,32
19:32:00	86	13,60	2,32
19:33:00	86	13,60	2,32
19:34:00	86	13,60	2,32
19:35:00	86	13,60	2,32
19:36:00	86	13,60	2,32
19:37:00	86	13,60	2,32
19:38:00	86	13,60	2,32
19:39:00	86	13,60	2,32
19:40:00	86	13,59	2,33
19:41:00	86	13,59	2,33
19:42:00	86	13,59	2,33
19:43:00	86	13,59	2,33
19:44:00	86	13,59	2,33
19:45:00	86	13,59	2,33
19:46:00	86	13,59	2,33
19:47:00	86	13,59	2,33
19:48:00	86	13,59	2,34
19:49:00	86	13,59	2,34
19:50:00	86	13,59	2,34
19:51:00	86	13,59	2,34
19:52:00	86	13,59	2,34
19:53:00	86	13,59	2,34
19:54:00	86	13,59	2,34
19:55:00	86	13,59	2,34
19:56:00	86	13,59	2,34
19:57:00	86	13,59	2,34
19:58:00	86	13,58	2,34
19:59:00	86	13,58	2,34
20:00:00	86	13,58	2,34
20:01:00	86	13,58	2,34
20:02:00	86	13,58	2,34
20:03:00	86	13,58	2,34
20:04:00	86	13,58	2,34
20:05:00	86	13,58	2,34
20:06:00	86	13,58	2,34
20:07:00	86	13,58	2,34
20:08:00	86	13,58	2,34
20:09:00	86	13,58	2,34
20:10:00	86	13,58	2,34
20:11:00	86	13,57	2,35
20:12:00	86	13,57	2,35
20:13:00	86	13,57	2,35
20:14:00	86	13,57	2,35
20:15:00	86	13,57	2,35
20:16:00	86	13,57	2,35
20:17:00	86	13,57	2,35
20:18:00	86	13,57	2,35
20:19:00	86	13,57	2,35
20:20:00	86	13,57	2,35
20:21:00	86	13,57	2,35
20:22:00	86	13,57	2,35
20:23:00	86	13,57	2,35
20:24:00	86	13,57	2,35
20:25:00	86	13,57	2,35
20:26:00	86	13,57	2,36
20:27:00	86	13,57	2,36
20:28:00	86	13,57	2,36
20:29:00	86	13,57	2,36
20:30:00	86	13,57	2,36
20:31:00	86	13,57	2,36
20:32:00	86	13,57	2,36
20:33:00	86	13,57	2,36
20:34:00	86	13,57	2,36
20:35:00	86	13,57	2,36
20:36:00	86	13,56	2,37
20:37:00	86	13,56	2,37
20:38:00	86	13,56	2,37
20:39:00	86	13,56	2,37
20:40:00	86	13,56	2,37
20:41:00	86	13,56	2,37
20:42:00	86	13,56	2,37
20:43:00	86	13,56	2,37
20:44:00	86	13,56	2,37
20:45:00	86	13,56	2,37
20:46:00	86	13,56	2,37
20:47:00	86	13,56	2,37
20:48:00	86	13,55	2,38
20:49:00	86	13,55	2,38
20:50:00	86	13,55	2,38
20:51:00	86	13,55	2,38
20:52:00	86	13,55	2,38
20:53:00	86	13,55	2,38
20:54:00	86	13,55	2,38
20:55:00	86	13,55	2,38
20:56:00	86	13,55	2,38
20:57:00	86	13,55	2,38
20:58:00	86	13,54	2,38
20:59:00	86	13,54	2,38
21:00:00	86	13,54	2,38
21:01:00	86	13,54	2,38
21:02:00	86	13,54	2,38
21:03:00	86	13,54	2,38
21:04:00	86	13,54	2,38
21:05:00	86	13,54	2,38
21:06:00	86	13,54	2,38
21:07:00	86	13,54	2,38
21:08:00	86	13,54	2,39
21:09:00	86	13,54	2,38
21:10:00	86	13,54	2,39
21:11:00	86	13,54	2,39
21:12:00	86	13,54	2,39
21:13:00	86	13,54	2,39
21:14:00	86	13,54	2,39
21:15:00	86	13,54	2,39
21:16:00	86	13,54	2,39
21:17:00	86	13,54	2,39
21:18:00	86	13,54	2,39
21:19:00	86	13,54	2,39
21:20:00	86	13,54	2,39
21:21:00	86	13,54	2,39
21:22:00	86	13,54	2,39
21:23:00	86	13,53	2,40
21:24:00	86	13,53	2,40
21:25:00	86	13,53	2,40
21:26:00	86	13,53	2,40
21:27:00	86	13,53	2,40
21:28:00	86	13,53	2,40
21:29:00	86	13,53	2,40
21:30:00	86	13,53	2,40
21:31:00	86	13,53	2,40
21:32:00	86	13,52	2,41
21:33:00	86	13,52	2,41
21:34:00	86	13,52	2,41
21:35:00	86	13,52	2,41
21:36:00	86	13,52	2,41
21:37:00	86	13,52	2,41
21:38:00	86	13,52	2,41
21:39:00	86	13,52	2,41
21:40:00	86	13,52	2,41
21:41:00	86	13,52	2,41
21:42:00	86	13,52	2,41
21:43:00	86	13,52	2,41
21:44:00	86	13,51	2,41
21:45:00	86	13,52	2,41
21:46:00	86	13,52	2,41
21:47:00	86	13,51	2,41
21:48:00	86	13,50	2,43
21:49:00	86	13,50	2,42
21:50:00	86	13,50	2,42
21:51:00	86	13,50	2,43
21:52:00	86	13,50	2,43
21:53:00	86	13,50	2,43
21:54:00	86	13,50	2,43
21:55:00	86	13,50	2,43
21:56:00	86	13,50	2,43
21:57:00	86	13,50	2,43
21:58:00	86	13,50	2,43
21:59:00	86	13,50	2,43
22:00:00	86	13,50	2,43
22:01:00	86	13,50	2,43
22:02:00	86	13,49	2,44
22:03:00	86	13,49	2,44
22:04:00	86	13,49	2,44
22:05:00	86	13,49	2,44
22:06:00	86	13,49	2,44
22:07:00	86	13,49	2,44
22:08:00	86	13,49	2,44
22:09:00	86	13,49	2,44
22:10:00	86	13,49	2,44
22:11:00	86	13,49	2,44
22:12:00	86	13,49	2,44
22:13:00	86	13,48	2,45
22:14:00	86	13,49	2,44
22:15:00	86	13,48	2,45
22:16:00	86	13,48	2,45
22:17:00	86	13,48	2,45
22:18:00	86	13,48	2,45
22:19:00	86	13,48	2,45
22:20:00	86	13,48	2,45
22:21:00	86	13,48	2,45
22:22:00	86	13,48	2,45
22:23:00	86	13,48	2,45
22:24:00	86	13,47	2,46
22:25:00	86	13,47	2,46
22:26:00	86	13,47	2,46
22:27:00	86	13,47	2,46
22:28:00	86	13,47	2,46
22:29:00	86	13,47	2,46
22:30:00	86	13,47	2,46
22:31:00	86	13,47	2,46
22:32:00	86	13,47	2,46
22:33:00	86	13,47	2,46
22:34:00	86	13,47	2,46
22:35:00	86	13,47	2,46
22:36:00	86	13,47	2,46
22:37:00	86	13,47	2,46
22:38:00	86	13,47	2,46
22:39:00	86	13,47	2,46
22:40:00	86	13,47	2,46
22:41:00	86	13,47	2,46
22:42:00	86	13,47	2,46
22:43:00	86	13,47	2,46
22:44:00	86	13,47	2,46
22:45:00	86	13,47	2,46
22:46:00	86	13,47	2,46
22:47:00	86	13,46	2,47
22:48:00	86	13,46	2,47
22:49:00	86	13,47	2,46
22:50:00	86	13,46	2,47
22:51:00	86	13,46	2,47
22:52:00	86	13,46	2,47
22:53:00	86	13,46	2,47
22:54:00	86	13,46	2,47
22:55:00	86	13,46	2,47
22:56:00	86	13,46	2,47
22:57:00	86	13,46	2,47
22:58:00	86	13,46	2,47
22:59:00	86	13,45	2,48
23:00:00	86	13,46	2,47
23:01:00	86	13,45	2,48
23:02:00	86	13,45	2,48
23:03:00	86	13,45	2,48
23:04:00	86	13,45	2,48
23:05:00	86	13,45	2,48
23:06:00	86	13,45	2,48
23:07:00	86	13,45	2,48
23:08:00	86	13,45	2,48
23:09:00	86	13,45	2,48
23:10:00	86	13,45	2,49
23:11:00	86	13,45	2,49
23:12:00	86	13,45	2,48
23:13:00	86	13,45	2,48
23:14:00	86	13,45	2,49
23:15:00	86	13,45	2,49
23:16:00	86	13,45	2,49
23:17:00	86	13,45	2,49
23:18:00	86	13,45	2,49
23:19:00	86	13,45	2,49
23:20:00	86	13,45	2,49
23:21:00	86	13,45	2,49
23:22:00	86	13,45	2,49
23:23:00	86	13,45	2,49
23:24:00	86	13,44	2,50
23:25:00	86	13,44	2,50
23:26:00	86	13,44	2,50
23:27:00	86	13,44	2,50
23:28:00	86	13,44	2,50
23:29:00	86	13,44	2,50
23:30:00	86	13,44	2,50
23:31:00	86	13,44	2,50
23:32:00	86	13,44	2,50
23:33:00	86	13,44	2,50
23:34:00	86	13,44	2,50
23:35:00	86	13,44	2,50
23:36:00	86	13,43	2,51
23:37:00	86	13,43	2,51
23:38:00	86	13,43	2,51
23:39:00	86	13,43	2,51
23:40:00	86	13,43	2,51
23:41:00	86	13,43	2,51
23:42:00	86	13,43	2,51
23:43:00	86	13,43	2,51
23:44:00	86	13,43	2,51
23:45:00	86	13,43	2,51
23:46:00	86	13,43	2,51
23:47:00	86	13,43	2,51
23:48:00	86	13,42	2,51
23:49:00	86	13,42	2,51
23:50:00	86	13,43	2,51
23:51:00	86	13,42	2,51
23:52:00	86	13,42	2,51
23:53:00	86	13,42	2,51
23:54:00	86	13,42	2,51
23:55:00	86	13,42	2,51
23:56:00	86	13,41	2,52
23:57:00	86	13,41	2,52
23:58:00	86	13,41	2,52
23:59:00	86	13,41	2,52
24:00:00	86	13,41	2,52
24:01:00	86	13,42	2,51
24:02:00	86	13,41	2,52
24:03:00	86	13,42	2,51
24:04:00	86	13,41	2,52
24:05:00	86	13,41	2,52
24:06:00	86	13,41	2,52
24:07:00	86	13,41	2,52
24:08:00	86	13,41	2,53
24:09:00	86	13,41	2,52
24:10:00	86	13,41	2,52
24:11:00	86	13,41	2,52
24:12:00	86	13,41	2,52
24:13:00	86	13,41	2,52
24:14:00	86	13,41	2,52
24:15:00	86	13,41	2,52
24:16:00	86	13,41	2,52
24:17:00	86	13,41	2,53
24:18:00	86	13,41	2,52
24:19:00	86	13,41	2,53
24:20:00	86	13,41	2,53
24:21:00	86	13,41	2,53
24:22:00	86	13,41	2,53
24:23:00	86	13,41	2,53
24:24:00	86	13,41	2,53
24:25:00	86	13,41	2,53
24:26:00	86	13,41	2,53
24:27:00	86	13,40	2,54
24:28:00	86	13,40	2,54
24:29:00	86	13,40	2,54
24:30:00	86	13,40	2,54
24:31:00	86	13,40	2,54
24:32:00	86	13,40	2,54
24:33:00	86	13,40	2,54
24:34:00	86	13,40	2,54
24:35:00	86	13,40	2,54
24:36:00	86	13,40	2,54
24:37:00	86	13,40	2,54
24:38:00	86	13,40	2,54
24:39:00	86	13,40	2,54
24:40:00	86	13,40	2,54
24:41:00	86	13,40	2,54
24:42:00	86	13,40	2,54
24:43:00	86	13,39	2,55
24:44:00	86	13,40	2,54
24:45:00	86	13,39	2,55
24:46:00	86	13,39	2,55
24:47:00	86	13,39	2,55
24:48:00	86	13,39	2,55
24:49:00	86	13,39	2,55
24:50:00	86	13,39	2,55
24:51:00	86	13,39	2,55
24:52:00	86	13,39	2,55
24:53:00	86	13,39	2,55
24:54:00	86	13,39	2,55
24:55:00	86	13,39	2,55
24:56:00	86	13,39	2,55
24:57:00	86	13,39	2,55
24:58:00	86	13,39	2,55
24:59:00	86	13,38	2,56
25:00:00	86	13,39	2,55
25:01:00	86	13,39	2,55
25:02:00	86	13,38	2,56
25:03:00	86	13,38	2,56
25:04:00	86	13,38	2,56
25:05:00	86	13,38	2,56
25:06:00	86	13,38	2,56
25:07:00	86	13,38	2,56
25:08:00	86	13,38	2,56
25:09:00	86	13,38	2,56
25:10:00	86	13,38	2,56
25:11:00	86	13,38	2,56
25:12:00	86	13,38	2,56
25:13:00	86	13,38	2,56
25:14:00	86	13,38	2,56
25:15:00	86	13,38	2,56
25:16:00	86	13,38	2,56
25:17:00	86	13,38	2,56
25:18:00	86	13,38	2,56
25:19:00	86	13,38	2,56
25:20:00	86	13,38	2,56
25:21:00	86	13,38	2,56
25:22:00	86	13,38	2,56
25:23:00	86	13,38	2,56
25:24:00	86	13,38	2,56
25:25:00	86	13,37	2,57
25:26:00	86	13,37	2,57
25:27:00	86	13,38	2,56
25:28:00	86	13,38	2,56
25:29:00	86	13,38	2,56
25:30:00	86	13,37	2,57
25:31:00	86	13,37	2,57
25:32:00	86	13,37	2,57
25:33:00	86	13,37	2,57
25:34:00	86	13,37	2,57
25:35:00	86	13,37	2,57
25:36:00	86	13,37	2,57
25:37:00	86	13,37	2,57
25:38:00	86	13,37	2,57
25:39:00	86	13,37	2,57
25:40:00	86	13,37	2,57
25:41:00	86	13,37	2,57
25:42:00	86	13,37	2,57
25:43:00	86	13,37	2,57
25:44:00	86	13,37	2,57
25:45:00	86	13,37	2,57
25:46:00	86	13,37	2,57
25:47:00	86	13,37	2,57
25:48:00	86	13,37	2,57
25:49:00	86	13,37	2,57
25:50:00	86	13,36	2,58
25:51:00	86	13,36	2,58
25:52:00	86	13,36	2,58
25:53:00	86	13,36	2,58
25:54:00	86	13,36	2,58
25:55:00	86	13,36	2,58
25:56:00	86	13,36	2,58
25:57:00	86	13,36	2,58
25:58:00	86	13,36	2,58
25:59:00	86	13,36	2,58
26:00:00	86	13,36	2,58
26:01:00	86	13,36	2,58
26:02:00	86	13,36	2,58
26:03:00	86	13,36	2,58
26:04:00	86	13,36	2,58
26:05:00	86	13,36	2,58
26:06:00	86	13,36	2,59
26:07:00	86	13,36	2,58
26:08:00	86	13,36	2,58
26:09:00	86	13,36	2,59
26:10:00	86	13,36	2,59
26:11:00	86	13,36	2,59
26:12:00	86	13,36	2,59
26:13:00	86	13,36	2,59
26:14:00	86	13,36	2,59
26:15:00	86	13,36	2,59
26:16:00	86	13,36	2,59
26:17:00	86	13,36	2,59
26:18:00	86	13,36	2,59
26:19:00	86	13,36	2,59
26:20:00	86	13,36	2,59
26:21:00	86	13,36	2,59
26:22:00	86	13,36	2,59
26:23:00	86	13,36	2,59
26:24:00	86	13,36	2,59
26:25:00	86	13,36	2,59
26:26:00	86	13,35	2,60
26:27:00	86	13,35	2,60
26:28:00	86	13,35	2,60
26:29:00	86	13,35	2,60
26:30:00	86	13,35	2,60
26:31:00	86	13,35	2,60
26:32:00	86	13,35	2,60
26:33:00	86	13,35	2,60
26:34:00	86	13,35	2,60
26:35:00	86	13,35	2,60
26:36:00	86	13,35	2,60
26:37:00	86	13,35	2,60
26:38:00	86	13,35	2,60
26:39:00	86	13,35	2,60
26:40:00	86	13,35	2,60
26:41:00	86	13,34	2,61
26:42:00	86	13,33	2,62
26:43:00	86	13,33	2,62
26:44:00	86	13,33	2,62
26:45:00	86	13,33	2,62
26:46:00	86	13,33	2,62
26:47:00	86	13,33	2,62
26:48:00	86	13,33	2,62
26:49:00	86	13,33	2,62
26:50:00	86	13,33	2,62
26:51:00	86	13,33	2,62
26:52:00	86	13,33	2,62
26:53:00	86	13,33	2,62
26:54:00	86	13,33	2,62
26:55:00	86	13,33	2,62
26:56:00	86	13,33	2,62
26:57:00	86	13,33	2,62
26:58:00	86	13,32	2,62
26:59:00	86	13,32	2,62
27:00:00	86	13,32	2,62
27:01:00	86	13,32	2,62
27:02:00	86	13,32	2,62
27:03:00	86	13,32	2,62
27:04:00	86	13,32	2,62
27:05:00	86	13,32	2,62
27:06:00	86	13,32	2,62
27:07:00	86	13,32	2,62
27:08:00	86	13,32	2,62
27:09:00	86	13,32	2,62
27:10:00	86	13,32	2,62
27:11:00	86	13,32	2,62
27:12:00	86	13,32	2,62
27:13:00	86	13,32	2,63
27:14:00	86	13,32	2,62
27:15:00	86	13,32	2,63
27:16:00	86	13,32	2,63
27:17:00	86	13,32	2,63
27:18:00	86	13,32	2,63
27:19:00	86	13,32	2,63
27:20:00	86	13,32	2,63
27:21:00	86	13,32	2,63
27:22:00	86	13,32	2,63
27:23:00	86	13,32	2,63
27:24:00	86	13,32	2,63
27:25:00	86	13,32	2,63
27:26:00	86	13,32	2,63
27:27:00	86	13,32	2,63
27:28:00	86	13,32	2,63
27:29:00	86	13,32	2,63
27:30:00	86	13,32	2,63
27:31:00	86	13,31	2,64
27:32:00	86	13,31	2,64
27:33:00	86	13,31	2,64
27:34:00	86	13,31	2,64
27:35:00	86	13,31	2,64
27:36:00	86	13,31	2,64
27:37:00	86	13,31	2,64
27:38:00	86	13,31	2,64
27:39:00	86	13,31	2,64
27:40:00	86	13,31	2,64
27:41:00	86	13,31	2,64
27:42:00	86	13,31	2,64
27:43:00	86	13,31	2,64
27:44:00	86	13,31	2,64
27:45:00	86	13,30	2,65
27:46:00	86	13,31	2,64
27:47:00	86	13,30	2,65
27:48:00	86	13,30	2,65
27:49:00	86	13,30	2,65
27:50:00	86	13,30	2,65
27:51:00	86	13,30	2,65
27:52:00	86	13,30	2,65
27:53:00	86	13,30	2,65
27:54:00	86	13,30	2,65
27:55:00	86	13,30	2,65
27:56:00	86	13,30	2,65
27:57:00	86	13,30	2,65
27:58:00	86	13,30	2,65
27:59:00	86	13,30	2,65
28:00:00	86	13,30	2,65
28:01:00	86	13,29	2,66
28:02:00	86	13,30	2,65
28:03:00	86	13,30	2,65
28:04:00	86	13,29	2,66
28:05:00	86	13,29	2,66
28:06:00	86	13,29	2,66
28:07:00	86	13,29	2,66
28:08:00	86	13,29	2,66
28:09:00	86	13,29	2,66
28:10:00	86	13,29	2,66
28:11:00	86	13,29	2,66
28:12:00	86	13,29	2,66
28:13:00	86	13,29	2,66
28:14:00	86	13,29	2,66
28:15:00	86	13,29	2,67
28:16:00	86	13,29	2,66
28:17:00	86	13,29	2,67
28:18:00	86	13,29	2,66
28:19:00	86	13,29	2,67
28:20:00	86	13,29	2,67
28:21:00	86	13,29	2,66
28:22:00	86	13,29	2,67
28:23:00	86	13,29	2,67
28:24:00	86	13,29	2,67
28:25:00	86	13,29	2,67
28:26:00	86	13,29	2,67
28:27:00	86	13,29	2,67
28:28:00	86	13,29	2,67
28:29:00	86	13,29	2,67
28:30:00	86	13,29	2,67
28:31:00	86	13,29	2,67
28:32:00	86	13,29	2,67
28:33:00	86	13,29	2,67
28:34:00	86	13,28	2,68
28:35:00	86	13,29	2,67
28:36:00	86	13,29	2,67
28:37:00	86	13,29	2,67
28:38:00	86	13,28	2,68
28:39:00	86	13,28	2,68
28:40:00	86	13,28	2,68
28:41:00	86	13,28	2,68
28:42:00	86	13,28	2,68
28:43:00	86	13,28	2,68
28:44:00	86	13,28	2,68
28:45:00	86	13,28	2,68
28:46:00	86	13,28	2,68
28:47:00	86	13,28	2,68
28:48:00	86	13,28	2,68
28:49:00	86	13,28	2,68
28:50:00	86	13,28	2,68
28:51:00	86	13,28	2,68
28:52:00	86	13,28	2,68
28:53:00	86	13,28	2,68
28:54:00	86	13,28	2,68
28:55:00	86	13,28	2,68
28:56:00	86	13,27	2,69
28:57:00	86	13,27	2,69
28:58:00	86	13,27	2,69
28:59:00	86	13,27	2,69
29:00:00	86	13,27	2,69
29:01:00	86	13,27	2,69
29:02:00	86	13,27	2,69
29:03:00	86	13,27	2,69
29:04:00	86	13,27	2,69
29:05:00	86	13,27	2,69
29:06:00	86	13,27	2,69
29:07:00	86	13,27	2,69
29:08:00	86	13,27	2,69
29:09:00	86	13,27	2,69
29:10:00	86	13,27	2,69
29:11:00	86	13,27	2,69
29:12:00	86	13,27	2,69
29:13:00	86	13,27	2,70
29:14:00	86	13,27	2,70
29:15:00	86	13,27	2,69
29:16:00	86	13,27	2,70
29:17:00	86	13,27	2,70
29:18:00	86	13,27	2,70
29:19:00	86	13,27	2,70
29:20:00	86	13,27	2,70
29:21:00	86	13,27	2,70
29:22:00	86	13,27	2,70
29:23:00	86	13,27	2,70
29:24:00	86	13,27	2,70
29:25:00	86	13,27	2,70
29:26:00	86	13,27	2,70
29:27:00	86	13,27	2,70
29:28:00	86	13,27	2,70
29:29:00	86	13,27	2,70
29:30:00	86	13,26	2,70
29:31:00	86	13,27	2,70
29:32:00	86	13,26	2,70
29:33:00	86	13,26	2,70
29:34:00	86	13,27	2,70
29:35:00	86	13,26	2,70
29:36:00	86	13,26	2,70
29:37:00	86	13,26	2,70
29:38:00	86	13,26	2,70
29:39:00	86	13,26	2,70
29:40:00	86	13,26	2,70
29:41:00	86	13,26	2,70
29:42:00	86	13,26	2,70
29:43:00	86	13,26	2,70
29:44:00	86	13,26	2,70
29:45:00	86	13,26	2,70
29:46:00	86	13,26	2,70
29:47:00	86	13,26	2,70
29:48:00	86	13,26	2,70
29:49:00	86	13,26	2,70
29:50:00	86	13,25	2,71
29:51:00	86	13,25	2,71
29:52:00	86	13,25	2,71
29:53:00	86	13,25	2,71
29:54:00	86	13,25	2,71
29:55:00	86	13,25	2,71
29:56:00	86	13,25	2,71
29:57:00	86	13,25	2,71
29:58:00	86	13,25	2,71
29:59:00	86	13,25	2,71
30:00:00	86	13,25	2,71
30:01:00	86	13,25	2,71
30:02:00	86	13,25	2,71
30:03:00	86	13,25	2,71
30:04:00	86	13,25	2,71
30:05:00	86	13,25	2,71
30:06:00	86	13,24	2,72
30:07:00	86	13,25	2,71
30:08:00	86	13,24	2,72
30:09:00	86	13,24	2,72
30:10:00	86	13,25	2,71
30:11:00	86	13,24	2,72
30:12:00	86	13,24	2,72
30:13:00	86	13,24	2,72
30:14:00	86	13,24	2,72
30:15:00	86	13,24	2,72
30:16:00	86	13,24	2,72
30:17:00	86	13,24	2,72
30:18:00	86	13,24	2,72
30:19:00	86	13,24	2,72
30:20:00	86	13,24	2,72
30:21:00	86	13,24	2,72
30:22:00	86	13,23	2,73
30:23:00	86	13,24	2,72
30:24:00	86	13,24	2,72
30:25:00	86	13,24	2,72
30:26:00	86	13,24	2,72
30:27:00	86	13,23	2,73
30:28:00	86	13,23	2,73
30:29:00	86	13,23	2,73
30:30:00	86	13,23	2,73
30:31:00	86	13,24	2,72
30:32:00	86	13,23	2,73
30:33:00	86	13,23	2,73
30:34:00	86	13,23	2,73
30:35:00	86	13,23	2,73
30:36:00	86	13,23	2,73
30:37:00	86	13,23	2,73
30:38:00	86	13,23	2,73
30:39:00	86	13,23	2,73
30:40:00	86	13,23	2,73
30:41:00	86	13,23	2,73
30:42:00	86	13,23	2,73
30:43:00	86	13,23	2,73
30:44:00	86	13,23	2,73
30:45:00	86	13,23	2,73
30:46:00	86	13,23	2,73
30:47:00	86	13,23	2,73
30:48:00	86	13,23	2,73
30:49:00	86	13,23	2,74
30:50:00	86	13,23	2,73
30:51:00	86	13,23	2,73
30:52:00	86	13,23	2,73
30:53:00	86	13,23	2,74
30:54:00	86	13,23	2,74
30:55:00	86	13,23	2,74
30:56:00	86	13,23	2,74
30:57:00	86	13,23	2,74
30:58:00	86	13,23	2,74
30:59:00	86	13,23	2,74
31:00:00	86	13,23	2,74
31:01:00	86	13,23	2,74
31:02:00	86	13,23	2,74
31:03:00	86	13,23	2,74
31:04:00	86	13,23	2,74
31:05:00	86	13,23	2,74
31:06:00	86	13,23	2,74
31:07:00	86	13,23	2,74
31:08:00	86	13,23	2,74
31:09:00	86	13,23	2,74
31:10:00	86	13,23	2,74
31:11:00	86	13,23	2,74
31:12:00	86	13,23	2,74
31:13:00	86	13,23	2,74
31:14:00	86	13,23	2,74
31:15:00	86	13,23	2,74
31:16:00	86	13,23	2,74
31:17:00	86	13,22	2,75
31:18:00	86	13,22	2,75
31:19:00	86	13,22	2,75
31:20:00	86	13,22	2,75
31:21:00	86	13,22	2,75
31:22:00	86	13,22	2,75
31:23:00	86	13,22	2,75
31:24:00	86	13,22	2,75
31:25:00	86	13,22	2,75
31:26:00	86	13,22	2,75
31:27:00	86	13,22	2,75
31:28:00	86	13,22	2,75
31:29:00	86	13,22	2,75
31:30:00	86	13,22	2,75
31:31:00	86	13,22	2,75
31:32:00	86	13,22	2,75
31:33:00	86	13,22	2,75
31:34:00	86	13,22	2,75
31:35:00	86	13,22	2,75
31:36:00	86	13,22	2,75
31:37:00	86	13,22	2,75
31:38:00	86	13,22	2,75
31:39:00	86	13,22	2,75
31:40:00	86	13,21	2,76
31:41:00	86	13,21	2,76
31:42:00	86	13,22	2,75
31:43:00	86	13,22	2,75
31:44:00	86	13,21	2,76
31:45:00	86	13,22	2,75
31:46:00	86	13,21	2,76
31:47:00	86	13,21	2,76
31:48:00	86	13,21	2,76
31:49:00	86	13,21	2,76
31:50:00	86	13,21	2,76
31:51:00	86	13,21	2,76
31:52:00	86	13,21	2,76
31:53:00	86	13,21	2,76
31:54:00	86	13,21	2,76
31:55:00	86	13,21	2,76
31:56:00	86	13,21	2,76
31:57:00	86	13,21	2,76
31:58:00	86	13,21	2,76
31:59:00	86	13,21	2,76
32:00:00	86	13,21	2,76
32:01:00	86	13,21	2,76
32:02:00	86	13,21	2,76
32:03:00	86	13,21	2,76
32:04:00	86	13,21	2,76
32:05:00	86	13,21	2,76
32:06:00	86	13,21	2,76
32:07:00	86	13,21	2,76
32:08:00	86	13,21	2,76
32:09:00	86	13,21	2,76
32:10:00	86	13,20	2,77
32:11:00	86	13,21	2,76
32:12:00	86	13,20	2,77
32:13:00	86	13,20	2,77
32:14:00	86	13,21	2,76
32:15:00	86	13,20	2,77
32:16:00	86	13,21	2,76
32:17:00	86	13,21	2,76
32:18:00	86	13,20	2,77
32:19:00	86	13,20	2,77
32:20:00	86	13,21	2,76
32:21:00	86	13,20	2,77
32:22:00	86	13,20	2,77
32:23:00	86	13,20	2,77
32:24:00	86	13,21	2,76
32:25:00	86	13,20	2,77
32:26:00	86	13,20	2,77
32:27:00	86	13,20	2,77
32:28:00	86	13,20	2,77
32:29:00	86	13,20	2,77
32:30:00	86	13,20	2,77
32:31:00	86	13,20	2,77
32:32:00	86	13,20	2,77
32:33:00	86	13,20	2,77
32:34:00	86	13,20	2,77
32:35:00	86	13,20	2,77
32:36:00	86	13,20	2,78
32:37:00	86	13,20	2,77
32:38:00	86	13,20	2,77
32:39:00	86	13,20	2,77
32:40:00	86	13,20	2,77
32:41:00	86	13,20	2,77
32:42:00	86	13,20	2,78
32:43:00	86	13,20	2,78
32:44:00	86	13,20	2,78
32:45:00	86	13,20	2,78
32:46:00	86	13,20	2,77
32:47:00	86	13,20	2,78
32:48:00	86	13,20	2,78
32:49:00	86	13,20	2,78
32:50:00	86	13,20	2,78
32:51:00	86	13,20	2,78
32:52:00	86	13,20	2,78
32:53:00	86	13,20	2,78
32:54:00	86	13,20	2,78
32:55:00	86	13,20	2,78
32:56:00	86	13,20	2,78
32:57:00	86	13,20	2,78
32:58:00	86	13,20	2,78
32:59:00	86	13,20	2,78
33:00:00	86	13,20	2,78
33:01:00	86	13,20	2,78
33:02:00	86	13,19	2,79
33:03:00	86	13,19	2,79
33:04:00	86	13,20	2,78
33:05:00	86	13,20	2,78
33:06:00	86	13,20	2,78
33:07:00	86	13,19	2,79
33:08:00	86	13,20	2,78
33:09:00	86	13,19	2,79
33:10:00	86	13,19	2,79
33:11:00	86	13,19	2,79
33:12:00	86	13,19	2,79
33:13:00	86	13,19	2,79
33:14:00	86	13,19	2,79
33:15:00	86	13,19	2,79
33:16:00	86	13,19	2,79
33:17:00	86	13,19	2,79
33:18:00	86	13,19	2,79
33:19:00	86	13,19	2,79
33:20:00	86	13,19	2,79
33:21:00	86	13,19	2,79
33:22:00	86	13,19	2,79
33:23:00	86	13,19	2,79
33:24:00	86	13,19	2,79
33:25:00	86	13,19	2,79
33:26:00	86	13,19	2,79
33:27:00	86	13,19	2,79
33:28:00	86	13,18	2,80
33:29:00	86	13,19	2,79
33:30:00	86	13,19	2,79
33:31:00	86	13,19	2,79
33:32:00	86	13,18	2,80
33:33:00	86	13,18	2,80
33:34:00	86	13,19	2,79
33:35:00	86	13,18	2,80
33:36:00	86	13,18	2,80
33:37:00	86	13,18	2,80
33:38:00	86	13,18	2,80
33:39:00	86	13,18	2,80
33:40:00	86	13,18	2,80
33:41:00	86	13,18	2,80
33:42:00	86	13,18	2,80
33:43:00	86	13,18	2,80
33:44:00	86	13,18	2,80
33:45:00	86	13,18	2,80
33:46:00	86	13,18	2,80
33:47:00	86	13,18	2,80
33:48:00	86	13,18	2,80
33:49:00	86	13,18	2,80
33:50:00	86	13,18	2,80
33:51:00	86	13,18	2,80
33:52:00	86	13,18	2,80
33:53:00	86	13,18	2,80
33:54:00	86	13,18	2,80
33:55:00	86	13,18	2,80
33:56:00	86	13,18	2,80
33:57:00	86	13,18	2,80
33:58:00	86	13,18	2,80
33:59:00	86	13,18	2,80
34:00:00	86	13,18	2,80
34:01:00	86	13,18	2,80
34:02:00	86	13,18	2,80
34:03:00	86	13,18	2,80
34:04:00	86	13,18	2,80
34:05:00	86	13,18	2,80
34:06:00	86	13,18	2,80
34:07:00	86	13,18	2,80
34:08:00	86	13,18	2,80
34:09:00	86	13,18	2,80
34:10:00	86	13,18	2,80
34:11:00	86	13,18	2,80
34:12:00	86	13,18	2,80
34:13:00	86	13,18	2,80
34:14:00	86	13,18	2,80
34:15:00	86	13,18	2,80
34:16:00	86	13,18	2,80
34:17:00	86	13,18	2,80
34:18:00	86	13,18	2,80
34:19:00	86	13,18	2,80
34:20:00	86	13,17	2,81
34:21:00	86	13,18	2,80
34:22:00	86	13,18	2,80
34:23:00	86	13,17	2,81
34:24:00	86	13,17	2,81
34:25:00	86	13,17	2,81
34:26:00	86	13,17	2,81
34:27:00	86	13,17	2,81
34:28:00	86	13,17	2,81
34:29:00	86	13,17	2,81
34:30:00	86	13,17	2,81
34:31:00	86	13,17	2,81
34:32:00	86	13,17	2,81
34:33:00	86	13,17	2,81
34:34:00	86	13,17	2,81
34:35:00	86	13,17	2,81
34:36:00	86	13,17	2,81
34:37:00	86	13,17	2,81
34:38:00	86	13,17	2,81
34:39:00	86	13,17	2,81
34:40:00	86	13,17	2,81
34:41:00	86	13,17	2,81
34:42:00	86	13,17	2,81
34:43:00	86	13,17	2,81
34:44:00	86	13,17	2,81
34:45:00	86	13,17	2,81
34:46:00	86	13,17	2,81
34:47:00	86	13,17	2,81
34:48:00	86	13,17	2,81
34:49:00	86	13,17	2,81
34:50:00	86	13,16	2,82
34:51:00	86	13,16	2,82
34:52:00	86	13,16	2,82
34:53:00	86	13,16	2,82
34:54:00	86	13,16	2,82
34:55:00	86	13,16	2,82
34:56:00	86	13,16	2,82
34:57:00	86	13,16	2,82
34:58:00	86	13,16	2,82
34:59:00	86	13,16	2,82
35:00:00	86	13,16	2,82
35:01:00	86	13,16	2,82
35:02:00	86	13,16	2,82
35:03:00	86	13,16	2,82
35:04:00	86	13,14	2,84
35:05:00	86	13,14	2,84
35:06:00	86	13,14	2,85
35:07:00	86	13,14	2,84
35:08:00	86	13,14	2,84
35:09:00	86	13,14	2,84
35:10:00	86	13,14	2,84
35:11:00	86	13,14	2,84
35:12:00	86	13,14	2,84
35:13:00	86	13,14	2,85
35:14:00	86	13,14	2,84
35:15:00	86	13,14	2,85
35:16:00	86	13,14	2,85
35:17:00	86	13,14	2,85
35:18:00	86	13,14	2,85
35:19:00	86	13,14	2,85
35:20:00	86	13,14	2,85
35:21:00	86	13,14	2,85
35:22:00	86	13,14	2,85
35:23:00	86	13,14	2,85
35:24:00	86	13,14	2,85
35:25:00	86	13,14	2,85
35:26:00	86	13,14	2,85
35:27:00	86	13,14	2,85
35:28:00	86	13,14	2,85
35:29:00	86	13,14	2,85
35:30:00	86	13,14	2,85
35:31:00	86	13,14	2,85
35:32:00	86	13,14	2,85
35:33:00	86	13,14	2,85
35:34:00	86	13,14	2,85
35:35:00	86	13,14	2,85
35:36:00	86	13,14	2,85
35:37:00	86	13,14	2,85
35:38:00	86	13,14	2,85
35:39:00	86	13,13	2,86
35:40:00	86	13,14	2,85
35:41:00	86	13,14	2,85
35:42:00	86	13,14	2,85
35:43:00	86	13,14	2,85
35:44:00	86	13,14	2,85
35:45:00	86	13,13	2,86
35:46:00	86	13,13	2,86
35:47:00	86	13,13	2,86
35:48:00	86	13,13	2,86
35:49:00	86	13,13	2,86
35:50:00	86	13,13	2,86
35:51:00	86	13,13	2,86
35:52:00	86	13,13	2,86
35:53:00	86	13,13	2,86
35:54:00	86	13,13	2,86
35:55:00	86	13,13	2,86
35:56:00	86	13,13	2,86
35:57:00	86	13,13	2,86
35:58:00	86	13,13	2,86
35:59:00	86	13,13	2,86
36:00:00	86	13,13	2,86
36:01:00	86	13,13	2,86
36:02:00	86	13,13	2,86
36:03:00	86	13,13	2,86
36:04:00	86	13,13	2,86
36:05:00	86	13,13	2,86
36:06:00	86	13,13	2,86
36:07:00	86	13,13	2,86
36:08:00	86	13,12	2,87
36:09:00	86	13,12	2,87
36:10:00	86	13,13	2,86
36:11:00	86	13,13	2,86
36:12:00	86	13,12	2,87
36:13:00	86	13,12	2,87
36:14:00	86	13,13	2,86
36:15:00	86	13,13	2,86
36:16:00	86	13,12	2,87
36:17:00	86	13,12	2,87
36:18:00	86	13,12	2,87
36:19:00	86	13,12	2,87
36:20:00	86	13,12	2,87
36:21:00	86	13,12	2,87
36:22:00	86	13,12	2,87
36:23:00	86	13,12	2,87
36:24:00	86	13,12	2,87
36:25:00	86	13,12	2,87
36:26:00	86	13,12	2,87
36:27:00	86	13,12	2,87
36:28:00	86	13,12	2,87
36:29:00	86	13,12	2,87
36:30:00	86	13,12	2,87
36:31:00	86	13,12	2,87
36:32:00	86	13,12	2,87
36:33:00	86	13,12	2,87
36:34:00	86	13,12	2,87
36:35:00	86	13,12	2,87
36:36:00	86	13,12	2,87
36:37:00	86	13,12	2,88
36:38:00	86	13,12	2,87
36:39:00	86	13,12	2,88
36:40:00	86	13,12	2,87
36:41:00	86	13,12	2,87
36:42:00	86	13,12	2,87
36:43:00	86	13,12	2,88
36:44:00	86	13,12	2,87
36:45:00	86	13,12	2,88
36:46:00	86	13,12	2,88
36:47:00	86	13,12	2,88
36:48:00	86	13,12	2,88
36:49:00	86	13,12	2,88
36:50:00	86	13,12	2,88
36:51:00	86	13,12	2,88
36:52:00	86	13,12	2,88
36:53:00	86	13,12	2,88
36:54:00	86	13,12	2,88
36:55:00	86	13,12	2,88
36:56:00	86	13,12	2,88
36:57:00	86	13,12	2,88
36:58:00	86	13,12	2,88
36:59:00	86	13,12	2,88
37:00:00	86	13,12	2,88
37:01:00	86	13,12	2,88
37:02:00	86	13,12	2,88
37:03:00	86	13,12	2,88
37:04:00	86	13,12	2,88
37:05:00	86	13,12	2,88
37:06:00	86	13,12	2,88
37:07:00	86	13,12	2,88
37:08:00	86	13,12	2,88
37:09:00	86	13,12	2,88
37:10:00	86	13,12	2,88
37:11:00	86	13,12	2,88
37:12:00	86	13,12	2,88
37:13:00	86	13,11	2,89
37:14:00	86	13,11	2,89
37:15:00	86	13,12	2,88
37:16:00	86	13,12	2,88
37:17:00	86	13,11	2,89
37:18:00	86	13,11	2,89
37:19:00	86	13,12	2,88
37:20:00	86	13,11	2,89
37:21:00	86	13,11	2,89
37:22:00	86	13,11	2,89
37:23:00	86	13,11	2,89
37:24:00	86	13,11	2,89
37:25:00	86	13,11	2,89
37:26:00	86	13,11	2,89
37:27:00	86	13,11	2,89
37:28:00	86	13,11	2,89
37:29:00	86	13,11	2,89
37:30:00	86	13,11	2,89
37:31:00	86	13,11	2,89
37:32:00	86	13,11	2,89
37:33:00	86	13,11	2,89
37:34:00	86	13,11	2,89
37:35:00	86	13,11	2,89
37:36:00	86	13,11	2,89
37:37:00	86	13,10	2,90
37:38:00	86	13,11	2,89
37:39:00	86	13,11	2,89
37:40:00	86	13,10	2,90
37:41:00	86	13,11	2,89
37:42:00	86	13,11	2,89
37:43:00	86	13,10	2,90
37:44:00	86	13,11	2,89
37:45:00	86	13,11	2,89
37:46:00	86	13,10	2,90
37:47:00	86	13,10	2,90
37:48:00	86	13,11	2,89
37:49:00	86	13,10	2,90
37:50:00	86	13,10	2,90
37:51:00	86	13,11	2,89
37:52:00	86	13,10	2,90
37:53:00	86	13,10	2,90
37:54:00	86	13,10	2,90
37:55:00	86	13,10	2,90
37:56:00	86	13,10	2,90
37:57:00	86	13,09	2,91
37:58:00	86	13,10	2,90
37:59:00	86	13,09	2,91
38:00:00	86	13,09	2,91
38:01:00	86	13,09	2,91
38:02:00	86	13,10	2,90
38:03:00	86	13,09	2,91
38:04:00	86	13,09	2,91
38:05:00	86	13,09	2,91
38:06:00	86	13,09	2,91
38:07:00	86	13,09	2,91
38:08:00	86	13,09	2,91
38:09:00	86	13,09	2,91
38:10:00	86	13,09	2,91
38:11:00	86	13,09	2,91
38:12:00	86	13,09	2,91
38:13:00	86	13,09	2,91
38:14:00	86	13,09	2,91
38:15:00	86	13,09	2,91
38:16:00	86	13,09	2,91
38:17:00	86	13,09	2,91
38:18:00	86	13,09	2,91
38:19:00	86	13,09	2,91
38:20:00	86	13,09	2,92
38:21:00	86	13,09	2,91
38:22:00	86	13,09	2,91
38:23:00	86	13,09	2,91
38:24:00	86	13,09	2,91
38:25:00	86	13,09	2,91
38:26:00	86	13,09	2,92
38:27:00	86	13,09	2,91
38:28:00	86	13,09	2,91
38:29:00	86	13,09	2,92
38:30:00	86	13,09	2,92
38:31:00	86	13,09	2,92
38:32:00	86	13,09	2,91
38:33:00	86	13,09	2,92
38:34:00	86	13,09	2,92
38:35:00	86	13,09	2,92
38:36:00	86	13,09	2,92
38:37:00	86	13,09	2,92
38:38:00	86	13,09	2,92
38:39:00	86	13,09	2,91
38:40:00	86	13,09	2,92
38:41:00	86	13,09	2,92
38:42:00	86	13,09	2,92
38:43:00	86	13,09	2,92
38:44:00	86	13,09	2,92
38:45:00	86	13,09	2,92
38:46:00	86	13,09	2,92
38:47:00	86	13,09	2,92
38:48:00	86	13,09	2,92
38:49:00	86	13,09	2,92
38:50:00	86	13,09	2,92
38:51:00	86	13,09	2,92
38:52:00	86	13,09	2,92
38:53:00	86	13,09	2,92
38:54:00	86	13,09	2,92
38:55:00	86	13,09	2,92
38:56:00	86	13,09	2,92
38:57:00	86	13,09	2,92
38:58:00	86	13,09	2,92
38:59:00	86	13,08	2,93
39:00:00	86	13,09	2,92
39:01:00	86	13,09	2,92
39:02:00	86	13,09	2,92
39:03:00	86	13,09	2,92
39:04:00	86	13,08	2,93
39:05:00	86	13,08	2,93
39:06:00	86	13,09	2,92
39:07:00	86	13,08	2,93
39:08:00	86	13,08	2,93
39:09:00	86	13,08	2,93
39:10:00	86	13,08	2,93
39:11:00	86	13,08	2,93
39:12:00	86	13,08	2,93
39:13:00	86	13,08	2,93
39:14:00	86	13,08	2,93
39:15:00	86	13,08	2,93
39:16:00	86	13,08	2,93
39:17:00	86	13,08	2,93
39:18:00	86	13,08	2,93
39:19:00	86	13,08	2,93
39:20:00	86	13,08	2,93
39:21:00	86	13,08	2,93
39:22:00	86	13,08	2,93
39:23:00	86	13,08	2,93
39:24:00	86	13,08	2,93
39:25:00	86	13,08	2,93
39:26:00	86	13,08	2,93
39:27:00	86	13,08	2,93
39:28:00	86	13,08	2,93
39:29:00	86	13,07	2,94
39:30:00	86	13,07	2,94
39:31:00	86	13,07	2,94
39:32:00	86	13,07	2,94
39:33:00	86	13,07	2,94
39:34:00	86	13,07	2,94
39:35:00	86	13,07	2,94
39:36:00	86	13,07	2,94
39:37:00	86	13,07	2,94
39:38:00	86	13,07	2,94
39:39:00	86	13,07	2,94
39:40:00	86	13,07	2,94
39:41:00	86	13,07	2,94
39:42:00	86	13,07	2,94
39:43:00	86	13,07	2,94
39:44:00	86	13,06	2,95
39:45:00	86	13,06	2,95
39:46:00	86	13,07	2,94
39:47:00	86	13,07	2,94
39:48:00	86	13,07	2,94
39:49:00	86	13,06	2,95
39:50:00	86	13,07	2,94
39:51:00	86	13,06	2,95
39:52:00	86	13,07	2,94
39:53:00	86	13,06	2,95
39:54:00	86	13,06	2,95
39:55:00	86	13,06	2,95
39:56:00	86	13,07	2,94
39:57:00	86	13,06	2,95
39:58:00	86	13,06	2,95
39:59:00	86	13,06	2,95
40:00:00	86	13,06	2,95
40:01:00	86	13,06	2,95
40:02:00	86	13,06	2,95
40:03:00	86	13,06	2,95
40:04:00	86	13,06	2,95
40:05:00	86	13,06	2,95
40:06:00	86	13,06	2,95
40:07:00	86	13,06	2,95
40:08:00	86	13,06	2,95
40:09:00	86	13,06	2,95
40:10:00	86	13,06	2,95
40:11:00	86	13,06	2,95
40:12:00	86	13,06	2,95
40:13:00	86	13,06	2,95
40:14:00	86	13,06	2,95
40:15:00	86	13,06	2,95
40:16:00	86	13,06	2,95
40:17:00	86	13,06	2,95
40:18:00	86	13,06	2,95
40:19:00	86	13,06	2,95
40:20:00	86	13,06	2,95
40:21:00	86	13,06	2,95
40:22:00	86	13,06	2,95
40:23:00	86	13,06	2,95
40:24:00	86	13,06	2,95
40:25:00	86	13,06	2,95
40:26:00	86	13,06	2,95
40:27:00	86	13,06	2,95
40:28:00	86	13,06	2,95
40:29:00	86	13,06	2,95
40:30:00	86	13,05	2,96
40:31:00	86	13,05	2,96
40:32:00	86	13,06	2,95
40:33:00	86	13,06	2,95
40:34:00	86	13,05	2,96
40:35:00	86	13,05	2,96
40:36:00	86	13,05	2,96
40:37:00	86	13,05	2,96
40:38:00	86	13,05	2,96
40:39:00	86	13,05	2,96
40:40:00	86	13,05	2,96
40:41:00	86	13,05	2,96
40:42:00	86	13,05	2,96
40:43:00	86	13,05	2,96
40:44:00	86	13,05	2,96
40:45:00	86	13,05	2,96
40:46:00	86	13,05	2,96
40:47:00	86	13,05	2,96
40:48:00	86	13,05	2,96
40:49:00	86	13,05	2,96
40:50:00	86	13,05	2,96
40:51:00	86	13,05	2,96
40:52:00	86	13,05	2,96
40:53:00	86	13,05	2,96
40:54:00	86	13,05	2,96
40:55:00	86	13,05	2,96
40:56:00	86	13,05	2,96
40:57:00	86	13,05	2,96
40:58:00	86	13,05	2,96
40:59:00	86	13,05	2,96
41:00:00	86	13,05	2,96
41:01:00	86	13,05	2,96
41:02:00	86	13,05	2,96
41:03:00	86	13,05	2,97
41:04:00	86	13,05	2,96
41:05:00	86	13,05	2,97
41:06:00	86	13,05	2,97
41:07:00	86	13,05	2,96
41:08:00	86	13,05	2,97
41:09:00	86	13,05	2,96
41:10:00	86	13,05	2,96
41:11:00	86	13,05	2,97
41:12:00	86	13,05	2,97
41:13:00	86	13,05	2,96
41:14:00	86	13,05	2,97
41:15:00	86	13,05	2,97
41:16:00	86	13,05	2,97
41:17:00	86	13,05	2,97
41:18:00	86	13,05	2,97
41:19:00	86	13,05	2,97
41:20:00	86	13,05	2,97
41:21:00	86	13,05	2,97
41:22:00	86	13,05	2,97
41:23:00	86	13,05	2,97
41:24:00	86	13,05	2,97
41:25:00	86	13,05	2,97
41:26:00	86	13,05	2,97
41:27:00	86	13,05	2,97
41:28:00	86	13,05	2,97
41:29:00	86	13,05	2,97
41:30:00	86	13,05	2,97
41:31:00	86	13,05	2,97
41:32:00	86	13,05	2,97
41:33:00	86	13,05	2,97
41:34:00	86	13,05	2,97
41:35:00	86	13,05	2,97
41:36:00	86	13,05	2,97
41:37:00	86	13,05	2,97
41:38:00	86	13,05	2,97
41:39:00	86	13,05	2,97
41:40:00	86	13,05	2,97
41:41:00	86	13,05	2,97
41:42:00	86	13,05	2,97
41:43:00	86	13,05	2,97
41:44:00	86	13,05	2,97
41:45:00	86	13,05	2,97
41:46:00	86	13,05	2,97
41:47:00	86	13,05	2,97
41:48:00	86	13,05	2,97
41:49:00	86	13,05	2,97
41:50:00	86	13,05	2,97
41:51:00	86	13,05	2,97
41:52:00	86	13,04	2,98
41:53:00	86	13,04	2,98
41:54:00	86	13,05	2,97
41:55:00	86	13,04	2,98
41:56:00	86	13,04	2,98
41:57:00	86	13,04	2,98
41:58:00	86	13,04	2,98
41:59:00	86	13,04	2,98
42:00:00	86	13,04	2,98
42:01:00	86	13,05	2,97
42:02:00	86	13,05	2,97
42:03:00	86	13,05	2,97
42:04:00	86	13,05	2,97
42:05:00	86	13,05	2,97
42:06:00	86	13,04	2,98
42:07:00	86	13,04	2,98
42:08:00	86	13,04	2,98
42:09:00	86	13,04	2,98
42:10:00	86	13,04	2,98
42:11:00	86	13,04	2,98
42:12:00	86	13,03	2,99
42:13:00	86	13,03	2,99
42:14:00	86	13,03	2,99
42:15:00	86	13,02	3,00
42:16:00	86	13,03	2,99
42:17:00	86	13,03	2,99
42:18:00	86	13,03	2,99
42:19:00	86	13,03	2,99
42:20:00	86	13,03	2,99
42:21:00	86	13,03	2,99
42:22:00	86	13,03	2,99
42:23:00	86	13,03	2,99
42:24:00	86	13,02	3,00
42:25:00	86	13,03	2,99
42:26:00	86	13,03	2,99
42:27:00	86	13,02	3,00
42:28:00	86	13,02	3,00
42:29:00	86	13,02	3,00
42:30:00	86	13,02	3,00
42:31:00	86	13,02	3,00
42:32:00	86	13,02	3,00
42:33:00	86	13,02	3,00
42:34:00	86	13,02	3,00
42:35:00	86	13,02	3,00
42:36:00	86	13,02	3,00
42:37:00	86	13,02	3,00
42:38:00	86	13,03	2,99
42:39:00	86	13,02	3,00
42:40:00	86	13,02	3,00
42:41:00	86	13,02	3,00
42:42:00	86	13,02	3,00
42:43:00	86	13,02	3,00
42:44:00	86	13,02	3,00
42:45:00	86	13,02	3,00
42:46:00	86	13,02	3,00
42:47:00	86	13,02	3,00
42:48:00	86	13,02	3,00
42:49:00	86	13,02	3,00
42:50:00	86	13,02	3,00
42:51:00	86	13,02	3,00
42:52:00	86	13,02	3,00
42:53:00	86	13,02	3,00
42:54:00	86	13,02	3,00
42:55:00	86	13,02	3,00
42:56:00	86	13,02	3,00
42:57:00	86	13,02	3,00
42:58:00	86	13,02	3,00
42:59:00	86	13,02	3,00
43:00:00	86	13,02	3,00
43:01:00	86	13,02	3,00
43:02:00	86	13,02	3,00
43:03:00	86	13,02	3,00
43:04:00	86	13,02	3,00
43:05:00	86	13,02	3,00
43:06:00	86	13,02	3,00
43:07:00	86	13,02	3,01
43:08:00	86	13,02	3,01
43:09:00	86	13,02	3,01
43:10:00	86	13,02	3,01
43:11:00	86	13,02	3,01
43:12:00	86	13,02	3,01
43:13:00	86	13,02	3,01
43:14:00	86	13,02	3,01
43:15:00	86	13,02	3,01
43:16:00	86	13,02	3,01
43:17:00	86	13,02	3,01
43:18:00	86	13,02	3,01
43:19:00	86	13,02	3,01
43:20:00	86	13,02	3,01
43:21:00	86	13,02	3,01
43:22:00	86	13,02	3,01
43:23:00	86	13,02	3,01
43:24:00	86	13,02	3,00
43:25:00	86	13,02	3,01
43:26:00	86	13,01	3,02
43:27:00	86	13,02	3,01
43:28:00	86	13,02	3,01
43:29:00	86	13,01	3,02
43:30:00	86	13,02	3,01
43:31:00	86	13,02	3,01
43:32:00	86	13,02	3,01
43:33:00	86	13,02	3,01
43:34:00	86	13,02	3,01
43:35:00	86	13,02	3,01
43:36:00	86	13,02	3,01
43:37:00	86	13,02	3,01
43:38:00	86	13,02	3,01
43:39:00	86	13,02	3,01
43:40:00	86	13,02	3,01
43:41:00	86	13,01	3,02
43:42:00	86	13,02	3,01
43:43:00	86	13,01	3,02
43:44:00	86	13,02	3,01
43:45:00	86	13,01	3,02
43:46:00	86	13,02	3,01
43:47:00	86	13,01	3,02
43:48:00	86	13,02	3,01
43:49:00	86	13,01	3,02
43:50:00	86	13,02	3,01
43:51:00	86	13,02	3,01
43:52:00	86	13,01	3,02
43:53:00	86	13,01	3,02
43:54:00	86	13,01	3,02
43:55:00	86	13,01	3,02
43:56:00	86	13,01	3,02
43:57:00	86	13,01	3,02
43:58:00	86	13,01	3,02
43:59:00	86	13,01	3,02
44:00:00	86	13,01	3,02
44:01:00	86	13,01	3,02
44:02:00	86	13,01	3,02
44:03:00	86	13,01	3,02
44:04:00	86	13,01	3,02
44:05:00	86	13,01	3,02
44:06:00	86	13,01	3,02
44:07:00	86	13,01	3,02
44:08:00	86	13,01	3,02
44:09:00	86	13,01	3,02
44:10:00	86	13,01	3,02
44:11:00	86	13,01	3,02
44:12:00	86	13,01	3,02
44:13:00	86	13,01	3,02
44:14:00	86	13,01	3,02
44:15:00	86	13,01	3,02
44:16:00	86	13,00	3,03
44:17:00	86	13,01	3,02
44:18:00	86	13,01	3,02
44:19:00	86	13,01	3,02
44:20:00	86	13,00	3,03
44:21:00	86	13,01	3,02
44:22:00	86	13,01	3,02
44:23:00	86	13,01	3,02
44:24:00	86	13,01	3,02
44:25:00	86	13,00	3,03
44:26:00	86	13,00	3,03
44:27:00	86	13,01	3,02
44:28:00	86	13,01	3,02
44:29:00	86	13,00	3,03
44:30:00	86	13,00	3,03
44:31:00	86	13,00	3,03
44:32:00	86	13,00	3,03
44:33:00	86	13,01	3,02
44:34:00	86	13,00	3,03
44:35:00	86	12,99	3,04
44:36:00	86	13,00	3,03
44:37:00	86	13,00	3,03
44:38:00	86	12,99	3,04
44:39:00	86	13,00	3,03
44:40:00	86	13,00	3,03
44:41:00	86	13,00	3,03
44:42:00	86	12,99	3,04
44:43:00	86	13,00	3,03
44:44:00	86	12,99	3,04
44:45:00	86	13,00	3,03
44:46:00	86	12,99	3,04
44:47:00	86	13,00	3,03
44:48:00	86	13,00	3,03
44:49:00	86	13,00	3,03
44:50:00	86	13,00	3,03
44:51:00	86	12,99	3,04
44:52:00	86	12,99	3,04
44:53:00	86	13,00	3,03
44:54:00	86	12,99	3,04
44:55:00	86	13,00	3,03
44:56:00	86	13,00	3,03
44:57:00	86	12,99	3,04
44:58:00	86	12,99	3,04
44:59:00	86	12,99	3,04
45:00:00	86	13,00	3,03
45:01:00	86	12,99	3,04
45:02:00	86	12,99	3,04
45:03:00	86	12,99	3,04
45:04:00	86	12,99	3,04
45:05:00	86	12,99	3,04
45:06:00	86	12,99	3,04
45:07:00	86	12,99	3,04
45:08:00	86	12,99	3,04
45:09:00	86	12,99	3,04
45:10:00	86	12,99	3,04
45:11:00	86	12,99	3,04
45:12:00	86	12,99	3,04
45:13:00	86	12,99	3,04
45:14:00	86	12,99	3,04
45:15:00	86	12,99	3,04
45:16:00	86	12,99	3,04
45:17:00	86	12,99	3,04
45:18:00	86	12,99	3,04
45:19:00	86	12,99	3,04
45:20:00	86	12,99	3,05
45:21:00	86	12,99	3,04
45:22:00	86	12,99	3,05
45:23:00	86	12,99	3,04
45:24:00	86	12,99	3,04
45:25:00	86	12,99	3,04
45:26:00	86	12,99	3,04
45:27:00	86	12,99	3,05
45:28:00	86	12,99	3,04
45:29:00	86	12,99	3,04
45:30:00	86	12,99	3,05
45:31:00	86	12,99	3,05
45:32:00	86	12,99	3,05
45:33:00	86	12,99	3,05
45:34:00	86	12,99	3,05
45:35:00	86	12,99	3,05
45:36:00	86	12,99	3,05
45:37:00	86	12,99	3,05
45:38:00	86	12,99	3,05
45:39:00	86	12,99	3,05
45:40:00	86	12,99	3,05
45:41:00	86	12,99	3,04
45:42:00	86	12,99	3,04
45:43:00	86	12,99	3,05
45:44:00	86	12,99	3,05
45:45:00	86	12,99	3,05
45:46:00	86	12,99	3,05
45:47:00	86	12,99	3,05
45:48:00	86	12,99	3,05
45:49:00	86	12,99	3,05
45:50:00	86	12,99	3,05
45:51:00	86	12,99	3,05
45:52:00	86	12,99	3,05
45:53:00	86	12,99	3,05
45:54:00	86	12,99	3,05
45:55:00	86	12,99	3,05
45:56:00	86	12,99	3,05
45:57:00	86	12,99	3,05
45:58:00	86	12,99	3,05
45:59:00	86	12,99	3,05
46:00:00	86	12,99	3,05
46:01:00	86	12,99	3,05
46:02:00	86	12,99	3,05
46:03:00	86	12,99	3,05
46:04:00	86	12,98	3,06
46:05:00	86	12,99	3,05
46:06:00	86	12,98	3,06
46:07:00	86	12,98	3,06
46:08:00	86	12,99	3,05
46:09:00	86	12,98	3,06
46:10:00	86	12,99	3,05
46:11:00	86	12,99	3,05
46:12:00	86	12,99	3,05
46:13:00	86	12,98	3,06
46:14:00	86	12,98	3,06
46:15:00	86	12,99	3,05
46:16:00	86	12,98	3,06
46:17:00	86	12,99	3,05
46:18:00	86	12,98	3,06
46:19:00	86	12,98	3,06
46:20:00	86	12,98	3,06
46:21:00	86	12,98	3,06
46:22:00	86	12,98	3,06
46:23:00	86	12,98	3,06
46:24:00	86	12,98	3,06
46:25:00	86	12,99	3,05
46:26:00	86	12,99	3,05
46:27:00	86	12,98	3,06
46:28:00	86	12,98	3,06
46:29:00	86	12,98	3,06
46:30:00	86	12,98	3,06
46:31:00	86	12,98	3,06
46:32:00	86	12,98	3,06
46:33:00	86	12,98	3,06
46:34:00	86	12,98	3,06
46:35:00	86	12,98	3,06
46:36:00	86	12,98	3,06
46:37:00	86	12,98	3,06
46:38:00	86	12,98	3,06
46:39:00	86	12,98	3,06
46:40:00	86	12,98	3,06
46:41:00	86	12,98	3,06
46:42:00	86	12,98	3,06
46:43:00	86	12,98	3,06
46:44:00	86	12,98	3,06
46:45:00	86	12,98	3,06
46:46:00	86	12,98	3,06
46:47:00	86	12,98	3,06
46:48:00	86	12,98	3,06
46:49:00	86	12,98	3,06
46:50:00	86	12,97	3,07
46:51:00	86	12,97	3,07
46:52:00	86	12,98	3,06
46:53:00	86	12,97	3,07
46:54:00	86	12,97	3,07
46:55:00	86	12,97	3,07
46:56:00	86	12,97	3,07
46:57:00	86	12,98	3,06
46:58:00	86	12,97	3,07
46:59:00	86	12,97	3,07
47:00:00	86	12,98	3,06
47:01:00	86	12,97	3,07
47:02:00	86	12,98	3,06
47:03:00	86	12,97	3,07
47:04:00	86	12,97	3,07
47:05:00	86	12,97	3,07
47:06:00	86	12,97	3,07
47:07:00	86	12,97	3,07
47:08:00	86	12,97	3,07
47:09:00	86	12,97	3,07
47:10:00	86	12,97	3,07
47:11:00	86	12,97	3,07
47:12:00	86	12,97	3,07
47:13:00	86	12,97	3,07
47:14:00	86	12,97	3,07
47:15:00	86	12,97	3,07
47:16:00	86	12,97	3,07
47:17:00	86	12,97	3,07
47:18:00	86	12,97	3,07
47:19:00	86	12,96	3,08
47:20:00	86	12,97	3,07
47:21:00	86	12,97	3,07
47:22:00	86	12,97	3,07
47:23:00	86	12,96	3,08
47:24:00	86	12,97	3,07
47:25:00	86	12,97	3,07
47:26:00	86	12,97	3,07
47:27:00	86	12,96	3,08
47:28:00	86	12,97	3,07
47:29:00	86	12,96	3,08
47:30:00	86	12,96	3,08
47:31:00	86	12,96	3,08
47:32:00	86	12,97	3,07
47:33:00	86	12,96	3,08
47:34:00	86	12,96	3,08
47:35:00	86	12,97	3,07
47:36:00	86	12,96	3,08
47:37:00	86	12,97	3,07
47:38:00	86	12,96	3,08
47:39:00	86	12,97	3,07
47:40:00	86	12,96	3,08
47:41:00	86	12,96	3,08
47:42:00	86	12,96	3,08
47:43:00	86	12,96	3,08
47:44:00	86	12,96	3,08
47:45:00	86	12,96	3,08
47:46:00	86	12,96	3,08
47:47:00	86	12,96	3,08
47:48:00	86	12,96	3,08
47:49:00	86	12,96	3,08
47:50:00	86	12,96	3,08
47:51:00	86	12,96	3,08
47:52:00	86	12,96	3,08
47:53:00	86	12,96	3,08
47:54:00	86	12,96	3,08
47:55:00	86	12,96	3,08
47:56:00	86	12,96	3,08
47:57:00	86	12,96	3,08
47:58:00	86	12,96	3,08
47:59:00	86	12,96	3,08
48:00:00	86	12,96	3,08
48:01:00	86	12,96	3,08
48:02:00	86	12,96	3,08
48:03:00	86	12,96	3,08
48:04:00	86	12,96	3,08
48:05:00	86	12,96	3,08
48:06:00	86	12,96	3,08
48:07:00	86	12,96	3,08
48:08:00	86	12,96	3,08
48:09:00	86	12,96	3,08
48:10:00	86	12,96	3,08
48:11:00	86	12,96	3,08
48:12:00	86	12,96	3,08
48:13:00	86	12,96	3,08
48:14:00	86	12,96	3,08
48:15:00	86	12,96	3,09
48:16:00	86	12,96	3,08
48:17:00	86	12,96	3,09
48:18:00	86	12,96	3,09
48:19:00	86	12,96	3,08
48:20:00	86	12,96	3,08
48:21:00	86	12,96	3,09
48:22:00	86	12,96	3,09
48:23:00	86	12,96	3,09
48:24:00	86	12,96	3,09
48:25:00	86	12,96	3,09
48:26:00	86	12,96	3,09
48:27:00	86	12,96	3,09
48:28:00	86	12,96	3,09
48:29:00	86	12,96	3,09
48:30:00	86	12,96	3,09
48:31:00	86	12,96	3,09
48:32:00	86	12,96	3,09
48:33:00	86	12,96	3,09
48:34:00	86	12,96	3,09
48:35:00	86	12,96	3,09
48:36:00	86	12,96	3,09
48:37:00	86	12,96	3,09
48:38:00	86	12,96	3,09
48:39:00	86	12,96	3,09
48:40:00	86	12,96	3,09
48:41:00	86	12,96	3,09
48:42:00	86	12,96	3,09
48:43:00	86	12,96	3,09
48:44:00	86	12,96	3,09
48:45:00	86	12,96	3,09
48:46:00	86	12,95	3,10
48:47:00	86	12,95	3,10
48:48:00	86	12,95	3,10
48:49:00	86	12,96	3,09
48:50:00	86	12,96	3,09
48:51:00	86	12,96	3,09
48:52:00	86	12,96	3,09
48:53:00	86	12,96	3,09
48:54:00	86	12,96	3,09
48:55:00	86	12,95	3,10
48:56:00	86	12,95	3,10
48:57:00	86	12,96	3,09
48:58:00	86	12,95	3,10
48:59:00	86	12,95	3,10
49:00:00	86	12,95	3,10
49:01:00	86	12,95	3,10
49:02:00	86	12,96	3,09
49:03:00	86	12,95	3,10
49:04:00	86	12,95	3,10
49:05:00	86	12,95	3,10
49:06:00	86	12,95	3,10
49:07:00	86	12,95	3,10
49:08:00	86	12,95	3,10
49:09:00	86	12,95	3,10
49:10:00	86	12,95	3,10
49:11:00	86	12,95	3,10
49:12:00	86	12,95	3,10
49:13:00	86	12,95	3,10
49:14:00	86	12,95	3,10
49:15:00	86	12,95	3,10
49:16:00	86	12,95	3,10
49:17:00	86	12,95	3,10
49:18:00	86	12,95	3,10
49:19:00	86	12,95	3,10
49:20:00	86	12,95	3,10
49:21:00	86	12,95	3,10
49:22:00	86	12,95	3,10
49:23:00	86	12,95	3,10
49:24:00	86	12,95	3,10
49:25:00	86	12,95	3,10
49:26:00	86	12,95	3,10
49:27:00	86	12,95	3,10
49:28:00	86	12,95	3,10
49:29:00	86	12,95	3,10
49:30:00	86	12,95	3,10
49:31:00	86	12,94	3,11
49:32:00	86	12,94	3,11
49:33:00	86	12,94	3,11
49:34:00	86	12,94	3,11
49:35:00	86	12,94	3,11
49:36:00	86	12,94	3,11
49:37:00	86	12,94	3,11
49:38:00	86	12,94	3,11
49:39:00	86	12,94	3,11
49:40:00	86	12,94	3,11
49:41:00	86	12,94	3,11
49:42:00	86	12,94	3,11
49:43:00	86	12,94	3,11
49:44:00	86	12,94	3,11
49:45:00	86	12,94	3,11
49:46:00	86	12,94	3,11
49:47:00	86	12,94	3,11
49:48:00	86	12,94	3,11
49:49:00	86	12,94	3,11
49:50:00	86	12,94	3,11
49:51:00	86	12,94	3,11
49:52:00	86	12,94	3,11
49:53:00	86	12,94	3,11
49:54:00	86	12,94	3,11
49:55:00	86	12,94	3,11
49:56:00	86	12,94	3,11
49:57:00	86	12,94	3,11
49:58:00	86	12,94	3,11
49:59:00	86	12,93	3,12
50:00:00	86	12,94	3,11
50:01:00	86	12,94	3,11
50:02:00	86	12,94	3,11
50:03:00	86	12,93	3,12
50:04:00	86	12,94	3,11
50:05:00	86	12,94	3,11
50:06:00	86	12,94	3,11
50:07:00	86	12,94	3,11
50:08:00	86	12,93	3,12
50:09:00	86	12,93	3,12
50:10:00	86	12,93	3,12
50:11:00	86	12,94	3,11
50:12:00	86	12,93	3,12
50:13:00	86	12,93	3,12
50:14:00	86	12,94	3,11
50:15:00	86	12,94	3,11
50:16:00	86	12,94	3,11
50:17:00	86	12,93	3,12
50:18:00	86	12,94	3,11
50:19:00	86	12,94	3,11
50:20:00	86	12,93	3,12
50:21:00	86	12,94	3,11
50:22:00	86	12,94	3,11
50:23:00	86	12,93	3,12
50:24:00	86	12,93	3,12
50:25:00	86	12,93	3,12
50:26:00	86	12,93	3,12
50:27:00	86	12,94	3,11
50:28:00	86	12,94	3,11
50:29:00	86	12,94	3,11
50:30:00	86	12,93	3,12
50:31:00	86	12,93	3,12
50:32:00	86	12,94	3,11
50:33:00	86	12,93	3,12
50:34:00	86	12,93	3,12
50:35:00	86	12,94	3,11
50:36:00	86	12,94	3,11
50:37:00	86	12,93	3,12
50:38:00	86	12,93	3,12
50:39:00	86	12,93	3,12
50:40:00	86	12,93	3,12
50:41:00	86	12,93	3,12
50:42:00	86	12,93	3,12
50:43:00	86	12,93	3,12
50:44:00	86	12,93	3,12
50:45:00	86	12,93	3,12
50:46:00	86	12,93	3,12
50:47:00	86	12,93	3,12
50:48:00	86	12,93	3,12
50:49:00	86	12,93	3,12
50:50:00	86	12,93	3,12
50:51:00	86	12,93	3,12
50:52:00	86	12,93	3,12
50:53:00	86	12,93	3,12
50:54:00	86	12,93	3,12
50:55:00	86	12,93	3,12
50:56:00	86	12,93	3,12
50:57:00	86	12,93	3,12
50:58:00	86	12,93	3,12
50:59:00	86	12,93	3,12
51:00:00	86	12,93	3,12
51:01:00	86	12,93	3,12
51:02:00	86	12,93	3,12
51:03:00	86	12,93	3,12
51:04:00	86	12,93	3,12
51:05:00	86	12,93	3,12
51:06:00	86	12,93	3,12
51:07:00	86	12,93	3,12
51:08:00	86	12,93	3,12
51:09:00	86	12,93	3,12
51:10:00	86	12,93	3,12
51:11:00	86	12,93	3,12
51:12:00	86	12,93	3,12
51:13:00	86	12,93	3,12
51:14:00	86	12,93	3,12
51:15:00	86	12,93	3,12
51:16:00	86	12,93	3,12
51:17:00	86	12,93	3,12
51:18:00	86	12,93	3,12
51:19:00	86	12,93	3,12
51:20:00	86	12,93	3,12
51:21:00	86	12,93	3,12
51:22:00	86	12,93	3,12
51:23:00	86	12,93	3,12
51:24:00	86	12,93	3,12
51:25:00	86	12,93	3,12
51:26:00	86	12,93	3,12
51:27:00	86	12,93	3,12
51:28:00	86	12,93	3,12
51:29:00	86	12,93	3,12
51:30:00	86	12,93	3,13
51:31:00	86	12,93	3,12
51:32:00	86	12,93	3,12
51:33:00	86	12,93	3,12
51:34:00	86	12,93	3,12
51:35:00	86	12,93	3,12
51:36:00	86	12,93	3,12
51:37:00	86	12,93	3,12
51:38:00	86	12,93	3,13
51:39:00	86	12,93	3,12
51:40:00	86	12,93	3,13
51:41:00	86	12,93	3,13
51:42:00	86	12,93	3,12
51:43:00	86	12,93	3,12
51:44:00	86	12,93	3,13
51:45:00	86	12,93	3,13
51:46:00	86	12,93	3,13
51:47:00	86	12,93	3,12
51:48:00	86	12,93	3,12
51:49:00	86	12,93	3,12
51:50:00	86	12,93	3,13
51:51:00	86	12,93	3,12
51:52:00	86	12,93	3,12
51:53:00	86	12,92	3,14
51:54:00	86	12,92	3,14
51:55:00	86	12,92	3,14
51:56:00	86	12,92	3,14
51:57:00	86	12,92	3,14
51:58:00	86	12,92	3,14
51:59:00	86	12,92	3,14
52:00:00	86	12,92	3,14
52:01:00	86	12,92	3,14
52:02:00	86	12,92	3,14
52:03:00	86	12,92	3,14
52:04:00	86	12,92	3,14
52:05:00	86	12,92	3,14
52:06:00	86	12,92	3,14
52:07:00	86	12,92	3,14
52:08:00	86	12,92	3,14
52:09:00	86	12,92	3,14
52:10:00	86	12,92	3,14
52:11:00	86	12,92	3,14
52:12:00	86	12,92	3,14
52:13:00	86	12,92	3,14
52:14:00	86	12,92	3,14
52:15:00	86	12,92	3,14
52:16:00	86	12,92	3,14
52:17:00	86	12,92	3,14
52:18:00	86	12,92	3,14
52:19:00	86	12,92	3,14
52:20:00	86	12,92	3,14
52:21:00	86	12,92	3,14
52:22:00	86	12,92	3,14
52:23:00	86	12,92	3,14
52:24:00	86	12,92	3,14
52:25:00	86	12,92	3,14
52:26:00	86	12,91	3,15
52:27:00	86	12,92	3,14
52:28:00	86	12,91	3,15
52:29:00	86	12,92	3,14
52:30:00	86	12,92	3,14
52:31:00	86	12,92	3,14
52:32:00	86	12,92	3,14
52:33:00	86	12,92	3,14
52:34:00	86	12,91	3,15
52:35:00	86	12,92	3,14
52:36:00	86	12,91	3,15
52:37:00	86	12,92	3,14
52:38:00	86	12,91	3,15
52:39:00	86	12,92	3,14
52:40:00	86	12,91	3,15
52:41:00	86	12,91	3,15
52:42:00	86	12,91	3,15
52:43:00	86	12,91	3,15
52:44:00	86	12,91	3,15
52:45:00	86	12,91	3,15
52:46:00	86	12,91	3,15
52:47:00	86	12,91	3,15
52:48:00	86	12,91	3,15
52:49:00	86	12,91	3,15
52:50:00	86	12,91	3,15
52:51:00	86	12,91	3,15
52:52:00	86	12,91	3,15
52:53:00	86	12,91	3,15
52:54:00	86	12,91	3,15
52:55:00	86	12,91	3,15
52:56:00	86	12,92	3,14
52:57:00	86	12,91	3,15
52:58:00	86	12,91	3,15
52:59:00	86	12,91	3,15
53:00:00	86	12,91	3,15
53:01:00	86	12,91	3,15
53:02:00	86	12,91	3,15
53:03:00	86	12,91	3,15
53:04:00	86	12,91	3,15
53:05:00	86	12,91	3,15
53:06:00	86	12,91	3,15
53:07:00	86	12,91	3,15
53:08:00	86	12,91	3,15
53:09:00	86	12,91	3,15
53:10:00	86	12,91	3,15
53:11:00	86	12,91	3,15
53:12:00	86	12,91	3,15
53:13:00	86	12,91	3,15
53:14:00	86	12,91	3,15
53:15:00	86	12,91	3,15
53:16:00	86	12,91	3,15
53:17:00	86	12,91	3,15
53:18:00	86	12,91	3,15
53:19:00	86	12,91	3,15
53:20:00	86	12,90	3,16
53:21:00	86	12,91	3,15
53:22:00	86	12,91	3,15
53:23:00	86	12,91	3,15
53:24:00	86	12,91	3,15
53:25:00	86	12,90	3,16
53:26:00	86	12,91	3,15
53:27:00	86	12,91	3,15
53:28:00	86	12,91	3,15
53:29:00	86	12,90	3,16
53:30:00	86	12,90	3,16
53:31:00	86	12,91	3,15
53:32:00	86	12,90	3,16
53:33:00	86	12,91	3,15
53:34:00	86	12,91	3,15
53:35:00	86	12,91	3,15
53:36:00	86	12,91	3,15
53:37:00	86	12,90	3,16
53:38:00	86	12,90	3,16
53:39:00	86	12,91	3,15
53:40:00	86	12,90	3,16
53:41:00	86	12,91	3,15
53:42:00	86	12,90	3,16
53:43:00	86	12,90	3,16
53:44:00	86	12,90	3,16
53:45:00	86	12,90	3,16
53:46:00	86	12,90	3,16
53:47:00	86	12,90	3,16
53:48:00	86	12,90	3,16
53:49:00	86	12,90	3,16
53:50:00	86	12,90	3,16
53:51:00	86	12,90	3,16
53:52:00	86	12,90	3,16
53:53:00	86	12,91	3,15
53:54:00	86	12,90	3,16
53:55:00	86	12,90	3,16
53:56:00	86	12,90	3,16
53:57:00	86	12,90	3,16
53:58:00	86	12,90	3,16
53:59:00	86	12,90	3,16
54:00:00	86	12,90	3,16
54:01:00	86	12,90	3,16
54:02:00	86	12,90	3,16
54:03:00	86	12,90	3,16
54:04:00	86	12,90	3,16
54:05:00	86	12,90	3,16
54:06:00	86	12,90	3,16
54:07:00	86	12,90	3,16
54:08:00	86	12,90	3,16
54:09:00	86	12,90	3,16
54:10:00	86	12,90	3,16
54:11:00	86	12,90	3,16
54:12:00	86	12,90	3,16
54:13:00	86	12,90	3,16
54:14:00	86	12,90	3,16
54:15:00	86	12,90	3,16
54:16:00	86	12,90	3,16
54:17:00	86	12,90	3,16
54:18:00	86	12,90	3,16
54:19:00	86	12,90	3,16
54:20:00	86	12,90	3,16
54:21:00	86	12,90	3,16
54:22:00	86	12,90	3,16
54:23:00	86	12,90	3,16
54:24:00	86	12,90	3,17
54:25:00	86	12,90	3,16
54:26:00	86	12,90	3,16
54:27:00	86	12,90	3,16
54:28:00	86	12,90	3,16
54:29:00	86	12,90	3,17
54:30:00	86	12,90	3,17
54:31:00	86	12,90	3,17
54:32:00	86	12,90	3,16
54:33:00	86	12,90	3,17
54:34:00	86	12,90	3,17
54:35:00	86	12,90	3,17
54:36:00	86	12,90	3,17
54:37:00	86	12,90	3,17
54:38:00	86	12,90	3,17
54:39:00	86	12,90	3,17
54:40:00	86	12,90	3,17
54:41:00	86	12,90	3,17
54:42:00	86	12,90	3,17
54:43:00	86	12,90	3,17
54:44:00	86	12,90	3,17
54:45:00	86	12,90	3,17
54:46:00	86	12,90	3,17
54:47:00	86	12,90	3,17
54:48:00	86	12,90	3,17
54:49:00	86	12,90	3,17
54:50:00	86	12,90	3,17
54:51:00	86	12,90	3,17
54:52:00	86	12,90	3,17
54:53:00	86	12,90	3,17
54:54:00	86	12,90	3,17
54:55:00	86	12,90	3,17
54:56:00	86	12,90	3,17
54:57:00	86	12,90	3,17
54:58:00	86	12,90	3,17
54:59:00	86	12,90	3,17
55:00:00	86	12,90	3,17
55:01:00	86	12,90	3,17
55:02:00	86	12,90	3,17
55:03:00	86	12,90	3,17
55:04:00	86	12,90	3,17
55:05:00	86	12,90	3,17
55:06:00	86	12,89	3,18
55:07:00	86	12,90	3,17
55:08:00	86	12,90	3,17
55:09:00	86	12,90	3,17
55:10:00	86	12,90	3,17
55:11:00	86	12,90	3,17
55:12:00	86	12,90	3,17
55:13:00	86	12,90	3,17
55:14:00	86	12,90	3,17
55:15:00	86	12,90	3,17
55:16:00	86	12,90	3,17
55:17:00	86	12,90	3,17
55:18:00	86	12,90	3,17
55:19:00	86	12,90	3,17
55:20:00	86	12,89	3,18
55:21:00	86	12,90	3,17
55:22:00	86	12,90	3,17
55:23:00	86	12,90	3,17
55:24:00	86	12,90	3,17
55:25:00	86	12,90	3,17
55:26:00	86	12,90	3,17
55:27:00	86	12,89	3,18
55:28:00	86	12,90	3,17
55:29:00	86	12,89	3,18
55:30:00	86	12,89	3,18
55:31:00	86	12,89	3,18
55:32:00	86	12,90	3,17
55:33:00	86	12,89	3,18
55:34:00	86	12,89	3,18
55:35:00	86	12,89	3,18
55:36:00	86	12,89	3,18
55:37:00	86	12,89	3,18
55:38:00	86	12,89	3,18
55:39:00	86	12,89	3,18
55:40:00	86	12,89	3,18
55:41:00	86	12,90	3,17
55:42:00	86	12,89	3,18
55:43:00	86	12,89	3,18
55:44:00	86	12,89	3,18
55:45:00	86	12,89	3,18
55:46:00	86	12,89	3,18
55:47:00	86	12,89	3,18
55:48:00	86	12,89	3,18
55:49:00	86	12,89	3,18
55:50:00	86	12,89	3,18
55:51:00	86	12,89	3,18
55:52:00	86	12,89	3,18
55:53:00	86	12,89	3,18
55:54:00	86	12,89	3,18
55:55:00	86	12,89	3,18
55:56:00	86	12,89	3,18
55:57:00	86	12,89	3,18
55:58:00	86	12,89	3,18
55:59:00	86	12,89	3,18
56:00:00	86	12,89	3,18
56:01:00	86	12,89	3,18
56:02:00	86	12,89	3,18
56:03:00	86	12,89	3,18
56:04:00	86	12,89	3,18
56:05:00	86	12,89	3,18
56:06:00	86	12,89	3,18
56:07:00	86	12,89	3,18
56:08:00	86	12,89	3,18
56:09:00	86	12,89	3,18
56:10:00	86	12,89	3,18
56:11:00	86	12,89	3,18
56:12:00	86	12,89	3,18
56:13:00	86	12,89	3,18
56:14:00	86	12,89	3,18
56:15:00	86	12,89	3,18
56:16:00	86	12,89	3,18
56:17:00	86	12,89	3,18
56:18:00	86	12,89	3,18
56:19:00	86	12,89	3,18
56:20:00	86	12,89	3,18
56:21:00	86	12,89	3,18
56:22:00	86	12,89	3,18
56:23:00	86	12,88	3,19
56:24:00	86	12,89	3,18
56:25:00	86	12,89	3,18
56:26:00	86	12,89	3,18
56:27:00	86	12,89	3,18
56:28:00	86	12,89	3,18
56:29:00	86	12,89	3,18
56:30:00	86	12,89	3,18
56:31:00	86	12,89	3,18
56:32:00	86	12,89	3,18
56:33:00	86	12,88	3,19
56:34:00	86	12,88	3,19
56:35:00	86	12,88	3,19
56:36:00	86	12,88	3,19
56:37:00	86	12,88	3,19
56:38:00	86	12,88	3,19
56:39:00	86	12,89	3,18
56:40:00	86	12,88	3,19
56:41:00	86	12,88	3,19
56:42:00	86	12,88	3,19
56:43:00	86	12,88	3,19
56:44:00	86	12,88	3,19
56:45:00	86	12,88	3,19
56:46:00	86	12,89	3,18
56:47:00	86	12,89	3,18
56:48:00	86	12,88	3,19
56:49:00	86	12,88	3,19
56:50:00	86	12,88	3,19
56:51:00	86	12,88	3,19
56:52:00	86	12,88	3,19
56:53:00	86	12,88	3,19
56:54:00	86	12,88	3,19
56:55:00	86	12,88	3,19
56:56:00	86	12,88	3,19
56:57:00	86	12,88	3,19
56:58:00	86	12,88	3,19
56:59:00	86	12,88	3,19
57:00:00	86	12,88	3,19
57:01:00	86	12,88	3,20
57:02:00	86	12,88	3,19
57:03:00	86	12,88	3,19
57:04:00	86	12,88	3,19
57:05:00	86	12,88	3,19
57:06:00	86	12,88	3,20
57:07:00	86	12,88	3,20
57:08:00	86	12,88	3,20
57:09:00	86	12,88	3,20
57:10:00	86	12,88	3,20
57:11:00	86	12,88	3,20
57:12:00	86	12,88	3,20
57:13:00	86	12,88	3,20
57:14:00	86	12,88	3,19
57:15:00	86	12,88	3,20
57:16:00	86	12,88	3,20
57:17:00	86	12,88	3,20
57:18:00	86	12,88	3,20
57:19:00	86	12,88	3,20
57:20:00	86	12,88	3,20
57:21:00	86	12,88	3,20
57:22:00	86	12,88	3,20
57:23:00	86	12,88	3,20
57:24:00	86	12,88	3,20
57:25:00	86	12,88	3,20
57:26:00	86	12,88	3,20
57:27:00	86	12,88	3,20
57:28:00	86	12,88	3,20
57:29:00	86	12,88	3,20
57:30:00	86	12,88	3,20
57:31:00	86	12,88	3,20
57:32:00	86	12,88	3,20
57:33:00	86	12,88	3,20
57:34:00	86	12,88	3,20
57:35:00	86	12,88	3,20
57:36:00	86	12,88	3,20
57:37:00	86	12,88	3,20
57:38:00	86	12,88	3,20
57:39:00	86	12,88	3,20
57:40:00	86	12,88	3,20
57:41:00	86	12,88	3,20
57:42:00	86	12,87	3,21
57:43:00	86	12,87	3,21
57:44:00	86	12,87	3,21
57:45:00	86	12,87	3,21
57:46:00	86	12,88	3,20
57:47:00	86	12,88	3,20
57:48:00	86	12,88	3,20
57:49:00	86	12,87	3,21
57:50:00	86	12,87	3,21
57:51:00	86	12,88	3,20
57:52:00	86	12,87	3,21
57:53:00	86	12,88	3,20
57:54:00	86	12,88	3,20
57:55:00	86	12,88	3,20
57:56:00	86	12,88	3,20
57:57:00	86	12,88	3,20
57:58:00	86	12,88	3,20
57:59:00	86	12,88	3,20
58:00:00	86	12,88	3,20
58:01:00	86	12,87	3,21
58:02:00	86	12,88	3,20
58:03:00	86	12,87	3,21
58:04:00	86	12,87	3,21
58:05:00	86	12,87	3,21
58:06:00	86	12,87	3,21
58:07:00	86	12,88	3,20
58:08:00	86	12,87	3,21
58:09:00	86	12,88	3,20
58:10:00	86	12,87	3,21
58:11:00	86	12,87	3,21
58:12:00	86	12,87	3,21
58:13:00	86	12,87	3,21
58:14:00	86	12,87	3,21
58:15:00	86	12,88	3,20
58:16:00	86	12,87	3,21
58:17:00	86	12,87	3,21
58:18:00	86	12,88	3,20
58:19:00	86	12,87	3,21
58:20:00	86	12,87	3,21
58:21:00	86	12,87	3,21
58:22:00	86	12,87	3,21
58:23:00	86	12,87	3,21
58:24:00	86	12,87	3,21
58:25:00	86	12,87	3,21
58:26:00	86	12,87	3,21
58:27:00	86	12,87	3,21
58:28:00	86	12,87	3,21
58:29:00	86	12,87	3,21
58:30:00	86	12,87	3,21
58:31:00	86	12,87	3,21
58:32:00	86	12,87	3,21
58:33:00	86	12,87	3,21
58:34:00	86	12,87	3,21
58:35:00	86	12,87	3,21
58:36:00	86	12,87	3,21
58:37:00	86	12,87	3,21
58:38:00	86	12,87	3,21
58:39:00	86	12,87	3,21
58:40:00	86	12,87	3,21
58:41:00	86	12,87	3,21
58:42:00	86	12,87	3,21
58:43:00	86	12,87	3,21
58:44:00	86	12,87	3,21
58:45:00	86	12,87	3,21
58:46:00	86	12,87	3,21
58:47:00	86		
58:48:00	86	12,87	3,21
58:49:00	86	12,87	3,21
58:50:00	86	12,87	3,21
58:51:00	86	12,87	3,21
58:52:00	86	12,87	3,21
58:53:00	86	12,87	3,21
58:54:00	86	12,86	3,22
58:55:00	86	12,86	3,22
58:56:00	86	12,87	3,21
58:57:00	86	12,87	3,21
58:58:00	86	12,87	3,21
58:59:00	86	12,87	3,21
59:00:00	86	12,86	3,22
59:01:00	86	12,87	3,21
59:02:00	86	12,87	3,21
59:03:00	86	12,87	3,21
59:04:00	86	12,87	3,21
59:05:00	86	12,86	3,22
59:06:00	86	12,87	3,21
59:07:00	86	12,86	3,22
59:08:00	86	12,87	3,21
59:09:00	86	12,86	3,22
59:10:00	86	12,86	3,22
59:11:00	86	12,87	3,21
59:12:00	86	12,87	3,21
59:13:00	86	12,86	3,22
59:14:00	86	12,86	3,22
59:15:00	86	12,86	3,22
59:16:00	86	12,86	3,22
59:17:00	86	12,86	3,22
59:18:00	86	12,86	3,22
59:19:00	86	12,86	3,22
59:20:00	86	12,86	3,22
59:21:00	86	12,86	3,22
59:22:00	86	12,86	3,22
59:23:00	86	12,86	3,22
59:24:00	86	12,86	3,22
59:25:00	86	12,86	3,22
59:26:00	86	12,86	3,22
59:27:00	86	12,86	3,22
59:28:00	86	12,86	3,22
59:29:00	86	12,86	3,22
59:30:00	86	12,86	3,22
59:31:00	86	12,85	3,23
59:32:00	86	12,86	3,22
59:33:00	86	12,86	3,22
59:34:00	86	12,85	3,23
59:35:00	86	12,86	3,22
59:36:00	86	12,86	3,22
59:37:00	86	12,86	3,22
59:38:00	86	12,86	3,22
59:39:00	86	12,86	3,22
59:40:00	86	12,86	3,22
59:41:00	86	12,86	3,22
59:42:00	86	12,85	3,23
59:43:00	86	12,86	3,22
59:44:00	86	12,85	3,23
59:45:00	86	12,85	3,23
59:46:00	86	12,86	3,22
59:47:00	86	12,85	3,23
59:48:00	86	12,86	3,22
59:49:00	86	12,85	3,23
59:50:00	86	12,85	3,23
59:51:00	86	12,85	3,23
59:52:00	86	12,85	3,23
59:53:00	86	12,85	3,23
59:54:00	86	12,86	3,22
59:55:00	86	12,85	3,23
59:56:00	86	12,85	3,23
59:57:00	86	12,85	3,23
59:58:00	86	12,85	3,23
59:59:00	86	12,85	3,23
60:00:00	86	12,85	3,23
60:01:00	86	12,85	3,23
60:02:00	86	12,85	3,23
60:03:00	86	12,85	3,23
60:04:00	86	12,85	3,23
60:05:00	86	12,85	3,23
60:06:00	86	12,85	3,23
60:07:00	86	12,85	3,23
60:08:00	86	12,85	3,23
60:09:00	86	12,85	3,23
60:10:00	86	12,85	3,23
60:11:00	86	12,85	3,23
60:12:00	86	12,85	3,23
60:13:00	86	12,85	3,23
60:14:00	86	12,85	3,23
60:15:00	86	12,85	3,23
60:16:00	86	12,85	3,23
60:17:00	86	12,85	3,23
60:18:00	86	12,85	3,23
60:19:00	86	12,85	3,23
60:20:00	86	12,85	3,23
60:21:00	86	12,85	3,23
60:22:00	86	12,85	3,23
60:23:00	86	12,85	3,23
60:24:00	86	12,85	3,23
60:25:00	86	12,85	3,23
60:26:00	86	12,85	3,23
60:27:00	86	12,85	3,23
60:28:00	86	12,85	3,23
60:29:00	86	12,85	3,23
60:30:00	86	12,85	3,23
60:31:00	86	12,85	3,23
60:32:00	86	12,85	3,23
60:33:00	86	12,85	3,23
60:34:00	86	12,85	3,23
60:35:00	86	12,85	3,23
60:36:00	86	12,85	3,23
60:37:00	86	12,85	3,23
60:38:00	86	12,85	3,23
60:39:00	86	12,85	3,23
60:40:00	86	12,85	3,23
60:41:00	86	12,85	3,23
60:42:00	86	12,85	3,23
60:43:00	86	12,85	3,23
60:44:00	86	12,85	3,23
60:45:00	86	12,85	3,23
60:46:00	86	12,85	3,23
60:47:00	86	12,85	3,23
60:48:00	86	12,84	3,24
60:49:00	86	12,84	3,24
60:50:00	86	12,84	3,24
60:51:00	86	12,85	3,23
60:52:00	86	12,85	3,23
60:53:00	86	12,85	3,23
60:54:00	86	12,84	3,24
60:55:00	86	12,84	3,24
60:56:00	86	12,84	3,24
60:57:00	86	12,84	3,24
60:58:00	86	12,84	3,24
60:59:00	86	12,84	3,24
61:00:00	86	12,84	3,24
61:01:00	86	12,84	3,24
61:02:00	86	12,84	3,24
61:03:00	86	12,84	3,24
61:04:00	86	12,84	3,24
61:05:00	86	12,84	3,24
61:06:00	86	12,84	3,24
61:07:00	86	12,84	3,24
61:08:00	86	12,84	3,24
61:09:00	86	12,84	3,24
61:10:00	86	12,84	3,24
61:11:00	86	12,84	3,24
61:12:00	86	12,84	3,24
61:13:00	86	12,84	3,24
61:14:00	86	12,84	3,24
61:15:00	86	12,84	3,24
61:16:00	86	12,84	3,24
61:17:00	86	12,84	3,24
61:18:00	86	12,84	3,24
61:19:00	86	12,84	3,24
61:20:00	86	12,84	3,24
61:21:00	86	12,84	3,24
61:22:00	86	12,84	3,24
61:23:00	86	12,84	3,24
61:24:00	86	12,84	3,24
61:25:00	86	12,84	3,24
61:26:00	86	12,84	3,24
61:27:00	86	12,84	3,24
61:28:00	86	12,84	3,24
61:29:00	86	12,84	3,24
61:30:00	86	12,84	3,24
61:31:00	86	12,84	3,24
61:32:00	86	12,84	3,24
61:33:00	86	12,84	3,24
61:34:00	86	12,84	3,24
61:35:00	86	12,84	3,24
61:36:00	86	12,84	3,24
61:37:00	86	12,84	3,24
61:38:00	86	12,84	3,24
61:39:00	86	12,84	3,24
61:40:00	86	12,84	3,24
61:41:00	86	12,84	3,24
61:42:00	86	12,84	3,24
61:43:00	86	12,84	3,24
61:44:00	86	12,84	3,24
61:45:00	86	12,84	3,24
61:46:00	86	12,84	3,24
61:47:00	86	12,84	3,24
61:48:00	86	12,84	3,24
61:49:00	86	12,84	3,24
61:50:00	86	12,84	3,24
61:51:00	86	12,84	3,24
61:52:00	86	12,84	3,24
61:53:00	86	12,84	3,24
61:54:00	86	12,84	3,24
61:55:00	86	12,84	3,24
61:56:00	86	12,84	3,24
61:57:00	86	12,84	3,24
61:58:00	86	12,84	3,24
61:59:00	86	12,84	3,24
62:00:00	86	12,84	3,24
62:01:00	86	12,84	3,24
62:02:00	86	12,84	3,24
62:03:00	86	12,84	3,24
62:04:00	86	12,84	3,24
62:05:00	86	12,84	3,24
62:06:00	86	12,84	3,25
62:07:00	86	12,84	3,24
62:08:00	86	12,84	3,24
62:09:00	86	12,84	3,24
62:10:00	86	12,84	3,25
62:11:00	86	12,84	3,24
62:12:00	86	12,84	3,24
62:13:00	86	12,84	3,25
62:14:00	86	12,84	3,25
62:15:00	86	12,84	3,24
62:16:00	86	12,84	3,25
62:17:00	86	12,84	3,25
62:18:00	86	12,84	3,25
62:19:00	86	12,84	3,25
62:20:00	86	12,84	3,25
62:21:00	86	12,84	3,25
62:22:00	86	12,84	3,24
62:23:00	86	12,84	3,25
62:24:00	86	12,84	3,25
62:25:00	86	12,84	3,25
62:26:00	86	12,84	3,25
62:27:00	86	12,84	3,24
62:28:00	86	12,84	3,24
62:29:00	86	12,84	3,25
62:30:00	86	12,84	3,25
62:31:00	86	12,84	3,25
62:32:00	86	12,84	3,25
62:33:00	86	12,84	3,25
62:34:00	86	12,84	3,25
62:35:00	86	12,84	3,25
62:36:00	86	12,84	3,25
62:37:00	86	12,84	3,25
62:38:00	86	12,84	3,25
62:39:00	86	12,84	3,25
62:40:00	86	12,84	3,25
62:41:00	86	12,84	3,25
62:42:00	86		
62:43:00	86	12,84	3,25
62:44:00	86	12,84	3,25
62:45:00	86	12,84	3,25
62:46:00	86	12,84	3,25
62:47:00	86	12,84	3,25
62:48:00	86	12,84	3,25
62:49:00	86	12,84	3,25
62:50:00	86	12,84	3,25
62:51:00	86	12,84	3,24
62:52:00	86	12,84	3,25
62:53:00	86	12,84	3,25
62:54:00	86	12,84	3,25
62:55:00	86	12,84	3,25
62:56:00	86	12,84	3,25
62:57:00	86	12,84	3,25
62:58:00	86	12,84	3,25
62:59:00	86	12,84	3,25
63:00:00	86	12,84	3,25
63:01:00	86	12,84	3,25
63:02:00	86	12,84	3,25
63:03:00	86	12,84	3,25
63:04:00	86	12,84	3,25
63:05:00	86	12,84	3,25
63:06:00	86	12,84	3,25
63:07:00	86	12,84	3,25
63:08:00	86	12,84	3,25
63:09:00	86	12,84	3,25
63:10:00	86	12,84	3,25
63:11:00	86	12,84	3,25
63:12:00	86	12,84	3,25
63:13:00	86	12,84	3,25
63:14:00	86	12,84	3,25
63:15:00	86	12,84	3,25
63:16:00	86	12,84	3,25
63:17:00	86	12,84	3,25
63:18:00	86	12,84	3,25
63:19:00	86	12,84	3,25
63:20:00	86	12,84	3,25
63:21:00	86	12,84	3,25
63:22:00	86	12,84	3,25
63:23:00	86	12,84	3,25
63:24:00	86	12,84	3,25
63:25:00	86	12,84	3,25
63:26:00	86	12,84	3,25
63:27:00	86	12,84	3,25
63:28:00	86	12,84	3,25
63:29:00	86	12,84	3,25
63:30:00	86	12,84	3,25
63:31:00	86	12,84	3,25
63:32:00	86	12,84	3,25
63:33:00	86	12,84	3,25
63:34:00	86	12,84	3,25
63:35:00	86	12,84	3,25
63:36:00	86	12,84	3,25
63:37:00	86	12,84	3,25
63:38:00	86	12,83	3,26
63:39:00	86	12,84	3,25
63:40:00	86	12,83	3,26
63:41:00	86	12,84	3,25
63:42:00	86	12,84	3,25
63:43:00	86	12,83	3,26
63:44:00	86	12,84	3,25
63:45:00	86	12,84	3,25
63:46:00	86	12,84	3,25
63:47:00	86	12,84	3,25
63:48:00	86	12,84	3,25
63:49:00	86	12,84	3,25
63:50:00	86	12,84	3,25
63:51:00	86	12,83	3,26
63:52:00	86	12,84	3,24
63:53:00	86	12,83	3,26
63:54:00	86	12,84	3,25
63:55:00	86	12,83	3,26
63:56:00	86	12,83	3,26
63:57:00	86	12,84	3,25
63:58:00	86	12,84	3,25
63:59:00	86	12,84	3,25
64:00:00	86	12,82	3,28
64:01:00	86	12,82	3,28
64:02:00	86	12,82	3,28
64:03:00	86	12,82	3,28
64:04:00	86	12,82	3,28
64:05:00	86	12,82	3,28
64:06:00	86	12,82	3,28
64:07:00	86	12,82	3,28
64:08:00	86	12,82	3,28
64:09:00	86		
64:10:00	86	12,83	3,26
64:11:00	86	12,82	3,28
64:12:00	86	12,82	3,28
64:13:00	86	12,82	3,28
64:14:00	86	12,82	3,28
64:15:00	86	12,82	3,28
64:16:00	86	12,82	3,28
64:17:00	86	12,82	3,28
64:18:00	86	12,82	3,28
64:19:00	86	12,82	3,28
64:20:00	86	12,82	3,28
64:21:00	86	12,82	3,28
64:22:00	86		
64:23:00	86	12,82	3,28
64:24:00	86	12,82	3,28
64:25:00	86	12,82	3,28
64:26:00	86	12,82	3,28
64:27:00	86		
64:28:00	86	12,82	3,28
64:29:00	86	12,82	3,28
64:30:00	86	12,82	3,28
64:31:00	86	12,82	3,28
64:32:00	86	12,82	3,28
64:33:00	86	12,82	3,28
64:34:00	86	12,82	3,28
64:35:00	86	12,82	3,28
64:36:00	86	12,82	3,28
64:37:00	86	12,82	3,28
64:38:00	86	12,82	3,28
64:39:00	86	12,82	3,28
64:40:00	86	12,82	3,28
64:41:00	86	12,82	3,28
64:42:00	86	12,82	3,28
64:43:00	86	12,82	3,29
64:44:00	86	12,82	3,28
64:45:00	86	12,82	3,28
64:46:00	86	12,82	3,29
64:47:00	86	12,82	3,28
64:48:00	86	12,82	3,28
64:49:00	86	12,82	3,28
64:50:00	86	12,82	3,28
64:51:00	86	12,82	3,28
64:52:00	86	12,82	3,28
64:53:00	86	12,82	3,28
64:54:00	86	12,82	3,28
64:55:00	86	12,82	3,29
