--Test Summary--
Full Path and File Name	
Instrument Name	4262L
Instrument Type	Model 4262 Twin Cell UCA
Instrument Serial Number	111L
Test Start Date	10.10.2005
Test Start Time	22:58:49
Test Stop Date	13.10.2005
Test Stop Time	1:11:20
Test Length	50:12:31
Final Sample Time Offset	50:12:00
Controller Schedule Name	
Sampling Period	60 seconds
Comments	T:68(46), 85(240)
Information	WellID	6/611
Information	Customer	LUK-AIK
Information	CementClass	PCT-I-G
Information	CementMfr	Duckerhoff
Information	Additives	0.5FL+0.5RPM+1TA-1+0.13LTR-100
Information	Density	1920
Information	BHCT	68
Information	BHST	85
Information	FluidLoss	
Information	JobType	146 mm Production csg.
Calculated Value	CS_50	9:09:00
Calculated Value	CS_500	10:44:00
Calculated Value	CS_Time8h	0,00 MPa
Calculated Value	CS_Time16h	14,85 MPa
Calculated Value	CS_Time24h	19,22 MPa
Calculated Value	CS_Time48h	22,99 MPa
Calculated Value	CS_Time72h	N/A
Calculated Curve	Compressive Strength	Compressive strength type B (more than 14 lb/gal)
Initial Temperature (°C)	24 °C
Final Temperature (°C)	84 °C
Initial Transit Time (microsec/in)	16,23 microsec/in
Final Transit Time (microsec/in)	8,11 microsec/in
Initial Compressive Strength (MPa)	0,00 MPa
Final Compressive Strength (MPa)	23,20 MPa
--Data--
Time (HH:MM:SS)	Temperature (°C)	Transit Time (microsec/in)	Compressive Strength (MPa)
0:00:00	24	16,23	0,00
0:01:00	24	16,23	0,00
0:02:00	24	16,23	0,00
0:03:00	24	16,22	0,00
0:04:00	25	16,21	0,01
0:05:00	25	16,20	0,01
0:06:00	25	16,19	0,01
0:07:00	26	16,17	0,02
0:08:00	26	16,17	0,02
0:09:00	28	16,16	0,02
0:10:00	29	16,14	0,03
0:11:00	29	16,12	0,03
0:12:00	30	16,11	0,04
0:13:00	31	16,10	0,04
0:14:00	32	16,08	0,05
0:15:00	34	16,06	0,05
0:16:00	35	16,04	0,06
0:17:00	36	16,02	0,06
0:18:00	37	15,99	0,07
0:19:00	38	15,97	0,08
0:20:00	40	15,95	0,08
0:21:00	41	15,94	0,09
0:22:00	41	15,93	0,09
0:23:00	43	15,93	0,09
0:24:00	44	15,92	0,09
0:25:00	45	15,92	0,09
0:26:00	46	15,91	0,10
0:27:00	47	15,91	0,10
0:28:00	48	15,91	0,10
0:29:00	49	15,91	0,10
0:30:00	50	15,89	0,10
0:31:00	51	15,89	0,10
0:32:00	52	15,87	0,11
0:33:00	53	15,86	0,11
0:34:00	54	15,85	0,11
0:35:00	55	15,84	0,12
0:36:00	57	15,81	0,13
0:37:00	57	15,81	0,13
0:38:00	59	15,80	0,13
0:39:00	60	15,79	0,13
0:40:00	60	15,78	0,14
0:41:00	62	15,78	0,14
0:42:00	63	15,76	0,14
0:43:00	64	15,76	0,14
0:44:00	65	15,76	0,14
0:45:00	66	15,77	0,14
0:46:00	67	15,76	0,14
0:47:00	68	15,77	0,14
0:48:00	69	15,77	0,14
0:49:00	69	15,77	0,14
0:50:00	70	15,78	0,14
0:51:00	71	15,78	0,14
0:52:00	71	15,79	0,13
0:53:00	72	15,79	0,13
0:54:00	72	15,81	0,13
0:55:00	73	15,81	0,13
0:56:00	73	15,84	0,12
0:57:00	73	15,84	0,12
0:58:00	73	15,86	0,11
0:59:00	73	15,86	0,11
1:00:00	73	15,86	0,11
1:01:00	73	15,86	0,11
1:02:00	73	15,86	0,11
1:03:00	73	15,84	0,12
1:04:00	72	15,84	0,12
1:05:00	72	15,83	0,12
1:06:00	72	15,84	0,12
1:07:00	72	15,84	0,12
1:08:00	72	15,84	0,12
1:09:00	72	15,84	0,12
1:10:00	71	15,84	0,12
1:11:00	71	15,85	0,11
1:12:00	71	15,84	0,12
1:13:00	71	15,84	0,12
1:14:00	70	15,84	0,12
1:15:00	70	15,84	0,12
1:16:00	70	15,84	0,12
1:17:00	70	15,84	0,12
1:18:00	70	15,84	0,12
1:19:00	70	15,85	0,11
1:20:00	70	15,86	0,11
1:21:00	70	15,85	0,11
1:22:00	70	15,86	0,11
1:23:00	70	15,86	0,11
1:24:00	70	15,87	0,11
1:25:00	71	15,86	0,11
1:26:00	71	15,86	0,11
1:27:00	71	15,86	0,11
1:28:00	71	15,86	0,11
1:29:00	71	15,86	0,11
1:30:00	71	15,86	0,11
1:31:00	70	15,86	0,11
1:32:00	71	15,86	0,11
1:33:00	71	15,87	0,11
1:34:00	71	15,86	0,11
1:35:00	71	15,87	0,11
1:36:00	71	15,87	0,11
1:37:00	71	15,87	0,11
1:38:00	71	15,87	0,11
1:39:00	71	15,87	0,11
1:40:00	71	15,88	0,11
1:41:00	71	15,88	0,11
1:42:00	71	15,88	0,11
1:43:00	71	15,87	0,11
1:44:00	71	15,88	0,11
1:45:00	71	15,88	0,11
1:46:00	72	15,87	0,11
1:47:00	72	15,88	0,11
1:48:00	72	15,88	0,11
1:49:00	72	15,88	0,11
1:50:00	72	15,88	0,11
1:51:00	72	15,88	0,11
1:52:00	72	15,89	0,10
1:53:00	72	15,90	0,10
1:54:00	72	15,87	0,11
1:55:00	72	15,87	0,11
1:56:00	72	15,87	0,11
1:57:00	72	15,88	0,11
1:58:00	72	15,87	0,11
1:59:00	72	15,88	0,11
2:00:00	73	15,87	0,11
2:01:00	72	15,89	0,10
2:02:00	73	15,88	0,11
2:03:00	73	15,89	0,10
2:04:00	73	15,89	0,10
2:05:00	73	15,89	0,10
2:06:00	73	15,89	0,10
2:07:00	73	15,89	0,10
2:08:00	73	15,90	0,10
2:09:00	73	15,90	0,10
2:10:00	73	15,90	0,10
2:11:00	73	15,90	0,10
2:12:00	74	15,90	0,10
2:13:00	74	15,91	0,10
2:14:00	73	15,90	0,10
2:15:00	74	15,90	0,10
2:16:00	74	15,90	0,10
2:17:00	74	15,90	0,10
2:18:00	74	15,91	0,10
2:19:00	74	15,90	0,10
2:20:00	74	15,91	0,10
2:21:00	74	15,91	0,10
2:22:00	74	15,91	0,10
2:23:00	74	15,91	0,10
2:24:00	74	15,91	0,10
2:25:00	74	15,91	0,10
2:26:00	74	15,91	0,10
2:27:00	74	15,91	0,10
2:28:00	74	15,91	0,10
2:29:00	75	15,91	0,10
2:30:00	74	15,91	0,10
2:31:00	75	15,91	0,10
2:32:00	75	15,91	0,10
2:33:00	75	15,91	0,10
2:34:00	75	15,92	0,09
2:35:00	75	15,91	0,10
2:36:00	75	15,92	0,09
2:37:00	75	15,92	0,09
2:38:00	75	15,92	0,09
2:39:00	75	15,93	0,09
2:40:00	75	15,92	0,09
2:41:00	76	15,92	0,09
2:42:00	76	15,93	0,09
2:43:00	75	15,93	0,09
2:44:00	75	15,92	0,09
2:45:00	76	15,93	0,09
2:46:00	76	15,93	0,09
2:47:00	76	15,93	0,09
2:48:00	76	15,93	0,09
2:49:00	76	15,94	0,09
2:50:00	76	15,94	0,09
2:51:00	76	15,95	0,08
2:52:00	76	15,94	0,09
2:53:00	76	15,95	0,08
2:54:00	76	15,95	0,08
2:55:00	76	15,95	0,08
2:56:00	76	15,95	0,08
2:57:00	76	15,96	0,08
2:58:00	77	15,95	0,08
2:59:00	77	15,96	0,08
3:00:00	77	15,96	0,08
3:01:00	77	15,96	0,08
3:02:00	77	15,97	0,08
3:03:00	77	15,96	0,08
3:04:00	77	15,96	0,08
3:05:00	77	15,96	0,08
3:06:00	77	15,97	0,08
3:07:00	77	15,97	0,08
3:08:00	77	15,96	0,08
3:09:00	77	15,98	0,07
3:10:00	77	15,97	0,08
3:11:00	77	15,97	0,08
3:12:00	77	15,97	0,08
3:13:00	78	15,97	0,08
3:14:00	78	15,97	0,08
3:15:00	78	15,97	0,08
3:16:00	78	15,98	0,07
3:17:00	78	15,98	0,07
3:18:00	78	15,97	0,08
3:19:00	78	15,97	0,08
3:20:00	78	15,98	0,07
3:21:00	78	15,98	0,07
3:22:00	78	15,98	0,07
3:23:00	78	15,99	0,07
3:24:00	78	15,99	0,07
3:25:00	78	15,98	0,07
3:26:00	79	15,98	0,07
3:27:00	78	15,98	0,07
3:28:00	79	15,98	0,07
3:29:00	79	15,98	0,07
3:30:00	79	15,99	0,07
3:31:00	79	15,99	0,07
3:32:00	79	15,99	0,07
3:33:00	79	15,98	0,07
3:34:00	79	15,99	0,07
3:35:00	79	15,98	0,07
3:36:00	79	15,99	0,07
3:37:00	79	15,99	0,07
3:38:00	79	15,99	0,07
3:39:00	79	15,99	0,07
3:40:00	79	15,99	0,07
3:41:00	80	15,98	0,07
3:42:00	80	15,99	0,07
3:43:00	80	15,99	0,07
3:44:00	80	15,99	0,07
3:45:00	80	15,98	0,07
3:46:00	80	15,99	0,07
3:47:00	80	15,99	0,07
3:48:00	80	15,99	0,07
3:49:00	80	15,99	0,07
3:50:00	80	15,99	0,07
3:51:00	80	15,99	0,07
3:52:00	80	15,99	0,07
3:53:00	80	15,99	0,07
3:54:00	80	15,99	0,07
3:55:00	81	15,99	0,07
3:56:00	81	15,99	0,07
3:57:00	81	16,00	0,07
3:58:00	81	15,99	0,07
3:59:00	81	15,99	0,07
4:00:00	81	16,00	0,07
4:01:00	81	16,00	0,07
4:02:00	81	15,99	0,07
4:03:00	81	15,99	0,07
4:04:00	81	16,00	0,07
4:05:00	81	16,00	0,07
4:06:00	82	16,00	0,07
4:07:00	81	16,00	0,07
4:08:00	81	15,99	0,07
4:09:00	82	16,00	0,07
4:10:00	82	16,01	0,07
4:11:00	82	16,01	0,07
4:12:00	82	16,01	0,07
4:13:00	82	16,02	0,06
4:14:00	82	16,00	0,07
4:15:00	82	16,01	0,07
4:16:00	82	16,02	0,06
4:17:00	82	16,01	0,07
4:18:00	82	16,02	0,06
4:19:00	82	16,02	0,06
4:20:00	82	16,02	0,06
4:21:00	82	16,02	0,06
4:22:00	82	16,02	0,06
4:23:00	83	16,02	0,06
4:24:00	83	16,03	0,06
4:25:00	83	16,04	0,06
4:26:00	83	16,03	0,06
4:27:00	82	16,02	0,06
4:28:00	83	16,04	0,06
4:29:00	83	16,06	0,05
4:30:00	83	16,03	0,06
4:31:00	83	16,08	0,04
4:32:00	83	16,08	0,05
4:33:00	83	16,08	0,05
4:34:00	83	16,08	0,04
4:35:00	83	16,08	0,04
4:36:00	84	16,08	0,05
4:37:00	84	16,08	0,04
4:38:00	84	16,08	0,04
4:39:00	84	16,08	0,04
4:40:00	84	16,09	0,04
4:41:00	84	16,09	0,04
4:42:00	84	16,08	0,04
4:43:00	84	16,09	0,04
4:44:00	84	16,10	0,04
4:45:00	84	16,10	0,04
4:46:00	84	16,10	0,04
4:47:00	84	16,11	0,04
4:48:00	84	16,11	0,04
4:49:00	84	16,10	0,04
4:50:00	84	16,11	0,04
4:51:00	84	16,11	0,04
4:52:00	85	16,11	0,03
4:53:00	85	16,11	0,03
4:54:00	85	16,11	0,03
4:55:00	85	16,11	0,03
4:56:00	85	16,12	0,03
4:57:00	84	16,11	0,03
4:58:00	85	16,12	0,03
4:59:00	84	16,11	0,03
5:00:00	84	16,11	0,03
5:01:00	84	16,12	0,03
5:02:00	84	16,12	0,03
5:03:00	84	16,13	0,03
5:04:00	84	16,13	0,03
5:05:00	84	16,12	0,03
5:06:00	84	16,12	0,03
5:07:00	85	16,14	0,03
5:08:00	85	16,13	0,03
5:09:00	84	16,12	0,03
5:10:00	84	16,13	0,03
5:11:00	84	16,13	0,03
5:12:00	84	16,12	0,03
5:13:00	85	16,13	0,03
5:14:00	84	16,13	0,03
5:15:00	84	16,11	0,03
5:16:00	84	16,13	0,03
5:17:00	84	16,14	0,03
5:18:00	84	16,13	0,03
5:19:00	84	16,14	0,03
5:20:00	84	16,14	0,03
5:21:00	84	16,14	0,03
5:22:00	84	16,14	0,03
5:23:00	84	16,14	0,03
5:24:00	84	16,14	0,03
5:25:00	84	16,13	0,03
5:26:00	84	16,14	0,03
5:27:00	84	16,14	0,03
5:28:00	84	16,14	0,03
5:29:00	84	16,14	0,03
5:30:00	84	16,14	0,03
5:31:00	84	16,14	0,03
5:32:00	84	16,14	0,03
5:33:00	84	16,14	0,03
5:34:00	84	16,14	0,03
5:35:00	84	16,14	0,03
5:36:00	84	16,14	0,03
5:37:00	84	16,14	0,03
5:38:00	84	16,14	0,03
5:39:00	84	16,14	0,03
5:40:00	84	16,14	0,03
5:41:00	84	16,16	0,02
5:42:00	84	16,15	0,02
5:43:00	84	16,14	0,03
5:44:00	84	16,15	0,02
5:45:00	84	16,15	0,02
5:46:00	84	16,15	0,02
5:47:00	84	16,15	0,02
5:48:00	84	16,14	0,03
5:49:00	84	16,15	0,02
5:50:00	84	16,16	0,02
5:51:00	84	16,16	0,02
5:52:00	84	16,17	0,02
5:53:00	84	16,16	0,02
5:54:00	84	16,15	0,02
5:55:00	84	16,16	0,02
5:56:00	84	16,16	0,02
5:57:00	84	16,17	0,02
5:58:00	84	16,17	0,02
5:59:00	84	16,16	0,02
6:00:00	84	16,17	0,02
6:01:00	84	16,17	0,02
6:02:00	84	16,16	0,02
6:03:00	84	16,17	0,02
6:04:00	84	16,17	0,02
6:05:00	84	16,17	0,02
6:06:00	84	16,16	0,02
6:07:00	84	16,17	0,02
6:08:00	84	16,17	0,02
6:09:00	84	16,18	0,01
6:10:00	84	16,17	0,02
6:11:00	84	16,19	0,01
6:12:00	84	16,17	0,02
6:13:00	84	16,17	0,02
6:14:00	84	16,19	0,01
6:15:00	84	16,19	0,01
6:16:00	84	16,19	0,01
6:17:00	84	16,19	0,01
6:18:00	84	16,19	0,01
6:19:00	84	16,19	0,01
6:20:00	84	16,20	0,01
6:21:00	84	16,21	0,01
6:22:00	84	16,19	0,01
6:23:00	84	16,20	0,01
6:24:00	84	16,20	0,01
6:25:00	84	16,21	0,01
6:26:00	84	16,20	0,01
6:27:00	84	16,20	0,01
6:28:00	84	16,20	0,01
6:29:00	84	16,21	0,01
6:30:00	84	16,20	0,01
6:31:00	84	16,20	0,01
6:32:00	84	16,20	0,01
6:33:00	84	16,21	0,01
6:34:00	84	16,22	0,00
6:35:00	84	16,21	0,01
6:36:00	84	16,20	0,01
6:37:00	84	16,22	0,00
6:38:00	84	16,21	0,01
6:39:00	84	16,22	0,00
6:40:00	84	16,22	0,00
6:41:00	84	16,21	0,01
6:42:00	84	16,22	0,00
6:43:00	84	16,22	0,00
6:44:00	84	16,23	0,00
6:45:00	84	16,23	0,00
6:46:00	84	16,23	0,00
6:47:00	84	16,23	0,00
6:48:00	84	16,23	0,00
6:49:00	84	16,23	0,00
6:50:00	84	16,23	0,00
6:51:00	84	16,23	0,00
6:52:00	84	16,23	0,00
6:53:00	84	16,24	0,00
6:54:00	84	16,24	0,00
6:55:00	84	16,24	0,00
6:56:00	84	16,23	0,00
6:57:00	84	16,25	0,00
6:58:00	84	16,26	0,00
6:59:00	84	16,24	0,00
7:00:00	84	16,26	0,00
7:01:00	84	16,26	0,00
7:02:00	84	16,26	0,00
7:03:00	84	16,26	0,00
7:04:00	84	16,26	0,00
7:05:00	84	16,26	0,00
7:06:00	84	16,26	0,00
7:07:00	84	16,26	0,00
7:08:00	84	16,26	0,00
7:09:00	84	16,26	0,00
7:10:00	84	16,27	0,00
7:11:00	84	16,27	0,00
7:12:00	84	16,27	0,00
7:13:00	84	16,28	0,00
7:14:00	84	16,29	0,00
7:15:00	84	16,27	0,00
7:16:00	84	16,28	0,00
7:17:00	84	16,29	0,00
7:18:00	84	16,30	0,00
7:19:00	84	16,30	0,00
7:20:00	84	16,28	0,00
7:21:00	84	16,29	0,00
7:22:00	84	16,29	0,00
7:23:00	84	16,29	0,00
7:24:00	84	16,30	0,00
7:25:00	84	16,30	0,00
7:26:00	84	16,30	0,00
7:27:00	84	16,30	0,00
7:28:00	84	16,32	0,00
7:29:00	84	16,29	0,00
7:30:00	84	16,31	0,00
7:31:00	84	16,32	0,00
7:32:00	84	16,32	0,00
7:33:00	84	16,32	0,00
7:34:00	84	16,32	0,00
7:35:00	84	16,32	0,00
7:36:00	84	16,34	0,00
7:37:00	84	16,33	0,00
7:38:00	84	16,33	0,00
7:39:00	84	16,34	0,00
7:40:00	84	16,35	0,00
7:41:00	84	16,33	0,00
7:42:00	84	16,35	0,00
7:43:00	84	16,34	0,00
7:44:00	84	16,34	0,00
7:45:00	84	16,34	0,00
7:46:00	84	16,35	0,00
7:47:00	84	16,35	0,00
7:48:00	84	16,35	0,00
7:49:00	84	16,35	0,00
7:50:00	84	16,35	0,00
7:51:00	84	16,36	0,00
7:52:00	84	16,35	0,00
7:53:00	84	16,35	0,00
7:54:00	84	16,35	0,00
7:55:00	84	16,36	0,00
7:56:00	84	16,35	0,00
7:57:00	84	16,35	0,00
7:58:00	84	16,36	0,00
7:59:00	84	16,36	0,00
8:00:00	84	16,36	0,00
8:01:00	84	16,36	0,00
8:02:00	84	16,36	0,00
8:03:00	84	16,35	0,00
8:04:00	84	16,35	0,00
8:05:00	84	16,35	0,00
8:06:00	84	16,35	0,00
8:07:00	84	16,36	0,00
8:08:00	84	16,35	0,00
8:09:00	84	16,35	0,00
8:10:00	84	16,35	0,00
8:11:00	84	16,35	0,00
8:12:00	84	16,35	0,00
8:13:00	84	16,34	0,00
8:14:00	84	16,33	0,00
8:15:00	84	16,34	0,00
8:16:00	84	16,32	0,00
8:17:00	84	16,32	0,00
8:18:00	84	16,32	0,00
8:19:00	84	16,32	0,00
8:20:00	84	16,31	0,00
8:21:00	84	16,30	0,00
8:22:00	84	16,29	0,00
8:23:00	84	16,29	0,00
8:24:00	84	16,28	0,00
8:25:00	84	16,27	0,00
8:26:00	84	16,26	0,00
8:27:00	84	16,26	0,00
8:28:00	84	16,25	0,00
8:29:00	84	16,24	0,00
8:30:00	84	16,22	0,00
8:31:00	84	16,21	0,01
8:32:00	84	16,20	0,01
8:33:00	84	16,19	0,01
8:34:00	84	16,17	0,02
8:35:00	84	16,15	0,02
8:36:00	84	16,14	0,03
8:37:00	84	16,12	0,03
8:38:00	84	16,11	0,04
8:39:00	84	16,09	0,04
8:40:00	84	16,07	0,05
8:41:00	84	16,05	0,05
8:42:00	84	16,03	0,06
8:43:00	84	16,01	0,07
8:44:00	84	15,99	0,07
8:45:00	84	15,95	0,08
8:46:00	84	15,92	0,09
8:47:00	84	15,90	0,10
8:48:00	84	15,87	0,11
8:49:00	84	15,84	0,12
8:50:00	84	15,81	0,13
8:51:00	84	15,78	0,14
8:52:00	84	15,75	0,15
8:53:00	84	15,73	0,15
8:54:00	84	15,69	0,17
8:55:00	84	15,66	0,18
8:56:00	84	15,63	0,19
8:57:00	84	15,60	0,20
8:58:00	84	15,57	0,21
8:59:00	84	15,53	0,22
9:00:00	84	15,49	0,24
9:01:00	84	15,45	0,25
9:02:00	84	15,42	0,27
9:03:00	84	15,39	0,28
9:04:00	84	15,34	0,29
9:05:00	84	15,30	0,31
9:06:00	84	15,27	0,32
9:07:00	84	15,23	0,34
9:08:00	84	15,19	0,35
9:09:00	84	15,15	0,37
9:10:00	84	15,10	0,39
9:11:00	84	15,06	0,41
9:12:00	84	15,01	0,43
9:13:00	84	14,97	0,45
9:14:00	84	14,93	0,47
9:15:00	84	14,88	0,49
9:16:00	84	14,84	0,51
9:17:00	84	14,79	0,53
9:18:00	84	14,75	0,55
9:19:00	84	14,70	0,57
9:20:00	84	14,66	0,59
9:21:00	84	14,61	0,62
9:22:00	84	14,57	0,64
9:23:00	84	14,52	0,66
9:24:00	84	14,48	0,69
9:25:00	84	14,43	0,71
9:26:00	84	14,39	0,73
9:27:00	84	14,34	0,76
9:28:00	84	14,30	0,78
9:29:00	84	14,25	0,81
9:30:00	84	14,21	0,84
9:31:00	84	14,16	0,87
9:32:00	84	14,11	0,90
9:33:00	84	14,07	0,92
9:34:00	84	14,02	0,95
9:35:00	84	13,98	0,98
9:36:00	84	13,93	1,01
9:37:00	84	13,89	1,04
9:38:00	84	13,84	1,07
9:39:00	84	13,80	1,10
9:40:00	84	13,75	1,13
9:41:00	84	13,71	1,17
9:42:00	84	13,67	1,19
9:43:00	85	13,63	1,23
9:44:00	84	13,59	1,26
9:45:00	84	13,54	1,29
9:46:00	84	13,50	1,32
9:47:00	84	13,47	1,35
9:48:00	84	13,42	1,39
9:49:00	84	13,39	1,42
9:50:00	84	13,35	1,45
9:51:00	84	13,31	1,48
9:52:00	84	13,27	1,51
9:53:00	84	13,23	1,54
9:54:00	84	13,21	1,57
9:55:00	84	13,17	1,60
9:56:00	84	13,13	1,64
9:57:00	84	13,09	1,67
9:58:00	84	13,06	1,70
9:59:00	84	13,02	1,74
10:00:00	84	12,99	1,77
10:01:00	84	12,96	1,80
10:02:00	84	12,92	1,84
10:03:00	84	12,89	1,87
10:04:00	84	12,86	1,90
10:05:00	84	12,82	1,94
10:06:00	84	12,79	1,97
10:07:00	84	12,76	2,01
10:08:00	84	12,73	2,05
10:09:00	84	12,70	2,08
10:10:00	84	12,67	2,11
10:11:00	84	12,64	2,15
10:12:00	84	12,61	2,18
10:13:00	84	12,57	2,23
10:14:00	84	12,54	2,26
10:15:00	84	12,51	2,30
10:16:00	84	12,48	2,33
10:17:00	84	12,46	2,36
10:18:00	84	12,43	2,40
10:19:00	84	12,39	2,44
10:20:00	84	12,37	2,48
10:21:00	84	12,33	2,53
10:22:00	84	12,30	2,55
10:23:00	84	12,28	2,59
10:24:00	84	12,25	2,64
10:25:00	84	12,21	2,68
10:26:00	84	12,19	2,71
10:27:00	84	12,16	2,75
10:28:00	84	12,13	2,79
10:29:00	84	12,10	2,84
10:30:00	84	12,07	2,88
10:31:00	84	12,05	2,91
10:32:00	84	12,02	2,96
10:33:00	84	11,99	3,00
10:34:00	84	11,97	3,04
10:35:00	84	11,94	3,09
10:36:00	84	11,91	3,13
10:37:00	84	11,89	3,17
10:38:00	84	11,86	3,22
10:39:00	84	11,83	3,26
10:40:00	84	11,80	3,31
10:41:00	84	11,77	3,36
10:42:00	84	11,75	3,39
10:43:00	84	11,72	3,45
10:44:00	84	11,70	3,49
10:45:00	84	11,67	3,54
10:46:00	84	11,65	3,58
10:47:00	84	11,62	3,63
10:48:00	84	11,59	3,69
10:49:00	84	11,55	3,75
10:50:00	84	11,53	3,79
10:51:00	84	11,51	3,83
10:52:00	84	11,48	3,89
10:53:00	84	11,46	3,93
10:54:00	84	11,43	3,99
10:55:00	84	11,41	4,04
10:56:00	84	11,38	4,10
10:57:00	84	11,35	4,15
10:58:00	84	11,32	4,21
10:59:00	84	11,30	4,26
11:00:00	84	11,28	4,31
11:01:00	84	11,26	4,36
11:02:00	84	11,23	4,41
11:03:00	84	11,20	4,47
11:04:00	84	11,18	4,52
11:05:00	85	11,15	4,59
11:06:00	84	11,13	4,64
11:07:00	84	11,11	4,70
11:08:00	84	11,08	4,75
11:09:00	84	11,06	4,81
11:10:00	84	11,03	4,88
11:11:00	84	11,01	4,93
11:12:00	84	10,98	4,99
11:13:00	84	10,96	5,05
11:14:00	84	10,94	5,10
11:15:00	84	10,92	5,16
11:16:00	84	10,89	5,24
11:17:00	84	10,87	5,28
11:18:00	84	10,85	5,34
11:19:00	84	10,83	5,40
11:20:00	84	10,80	5,46
11:21:00	84	10,78	5,53
11:22:00	84	10,76	5,59
11:23:00	84	10,74	5,65
11:24:00	84	10,71	5,72
11:25:00	84	10,69	5,78
11:26:00	84	10,67	5,85
11:27:00	84	10,66	5,89
11:28:00	84	10,63	5,96
11:29:00	84	10,62	6,01
11:30:00	84	10,60	6,07
11:31:00	84	10,57	6,14
11:32:00	84	10,56	6,19
11:33:00	84	10,54	6,26
11:34:00	84	10,52	6,31
11:35:00	84	10,50	6,38
11:36:00	84	10,48	6,43
11:37:00	84	10,46	6,50
11:38:00	84	10,45	6,55
11:39:00	84	10,43	6,60
11:40:00	84	10,41	6,65
11:41:00	84	10,39	6,73
11:42:00	84	10,38	6,78
11:43:00	84	10,36	6,83
11:44:00	84	10,35	6,89
11:45:00	84	10,32	6,97
11:46:00	84	10,31	7,02
11:47:00	84	10,30	7,05
11:48:00	84	10,29	7,10
11:49:00	84	10,27	7,16
11:50:00	85	10,25	7,24
11:51:00	84	10,24	7,27
11:52:00	84	10,23	7,32
11:53:00	84	10,21	7,38
11:54:00	84	10,20	7,44
11:55:00	84	10,18	7,49
11:56:00	84	10,18	7,52
11:57:00	84	10,15	7,61
11:58:00	84	10,14	7,67
11:59:00	84	10,13	7,70
12:00:00	84	10,12	7,76
12:01:00	84	10,10	7,82
12:02:00	84	10,09	7,88
12:03:00	84	10,07	7,94
12:04:00	84	10,06	7,97
12:05:00	84	10,05	8,03
12:06:00	84	10,04	8,06
12:07:00	84	10,02	8,12
12:08:00	84	10,02	8,16
12:09:00	84	10,00	8,22
12:10:00	84	9,99	8,28
12:11:00	84	9,98	8,32
12:12:00	84	9,96	8,38
12:13:00	84	9,96	8,41
12:14:00	84	9,94	8,48
12:15:00	84	9,93	8,51
12:16:00	84	9,92	8,58
12:17:00	84	9,91	8,61
12:18:00	84	9,91	8,65
12:19:00	84	9,89	8,71
12:20:00	84	9,88	8,75
12:21:00	84	9,88	8,78
12:22:00	84	9,86	8,85
12:23:00	84	9,85	8,88
12:24:00	84	9,85	8,92
12:25:00	84	9,83	8,99
12:26:00	84	9,82	9,02
12:27:00	84	9,82	9,06
12:28:00	84	9,80	9,13
12:29:00	84	9,79	9,17
12:30:00	84	9,79	9,20
12:31:00	84	9,78	9,24
12:32:00	84	9,76	9,31
12:33:00	84	9,76	9,35
12:34:00	84	9,75	9,38
12:35:00	84	9,74	9,42
12:36:00	84	9,73	9,46
12:37:00	84	9,73	9,50
12:38:00	84	9,72	9,53
12:39:00	84	9,71	9,57
12:40:00	84	9,70	9,65
12:41:00	84	9,69	9,68
12:42:00	84	9,68	9,72
12:43:00	84	9,67	9,76
12:44:00	84	9,67	9,80
12:45:00	84	9,66	9,84
12:46:00	84	9,65	9,88
12:47:00	84	9,64	9,92
12:48:00	84	9,64	9,95
12:49:00	84	9,63	9,99
12:50:00	84	9,62	10,03
12:51:00	84	9,61	10,07
12:52:00	84	9,61	10,11
12:53:00	84	9,60	10,15
12:54:00	84	9,59	10,19
12:55:00	84	9,58	10,23
12:56:00	84	9,57	10,27
12:57:00	84	9,57	10,31
12:58:00	84	9,57	10,31
12:59:00	84	9,55	10,40
13:00:00	84	9,55	10,44
13:01:00	84	9,55	10,44
13:02:00	84	9,54	10,48
13:03:00	84	9,53	10,52
13:04:00	84	9,52	10,56
13:05:00	84	9,52	10,61
13:06:00	84	9,51	10,65
13:07:00	84	9,50	10,69
13:08:00	84	9,50	10,69
13:09:00	84	9,49	10,73
13:10:00	84	9,48	10,78
13:11:00	84	9,48	10,82
13:12:00	84	9,47	10,86
13:13:00	84	9,46	10,90
13:14:00	84	9,46	10,90
13:15:00	84	9,46	10,95
13:16:00	84	9,45	10,99
13:17:00	84	9,44	11,04
13:18:00	84	9,44	11,04
13:19:00	84	9,43	11,08
13:20:00	84	9,43	11,12
13:21:00	84	9,42	11,17
13:22:00	84	9,42	11,17
13:23:00	84	9,41	11,21
13:24:00	84	9,40	11,26
13:25:00	84	9,39	11,30
13:26:00	84	9,39	11,30
13:27:00	84	9,39	11,35
13:28:00	84	9,38	11,39
13:29:00	84	9,37	11,44
13:30:00	84	9,37	11,44
13:31:00	84	9,37	11,49
13:32:00	84	9,36	11,53
13:33:00	84	9,36	11,53
13:34:00	84	9,35	11,58
13:35:00	84	9,34	11,63
13:36:00	84	9,34	11,63
13:37:00	84	9,34	11,67
13:38:00	84	9,33	11,72
13:39:00	84	9,33	11,72
13:40:00	84	9,32	11,77
13:41:00	84	9,32	11,77
13:42:00	85	9,31	11,81
13:43:00	84	9,30	11,86
13:44:00	84	9,30	11,86
13:45:00	84	9,30	11,91
13:46:00	84	9,29	11,96
13:47:00	84	9,29	11,96
13:48:00	84	9,28	12,01
13:49:00	84	9,28	12,01
13:50:00	84	9,28	12,05
13:51:00	84	9,27	12,10
13:52:00	84	9,27	12,10
13:53:00	84	9,26	12,15
13:54:00	84	9,26	12,15
13:55:00	84	9,25	12,20
13:56:00	84	9,25	12,20
13:57:00	84	9,25	12,25
13:58:00	84	9,24	12,30
13:59:00	84	9,24	12,30
14:00:00	84	9,23	12,35
14:01:00	84	9,23	12,35
14:02:00	84	9,22	12,40
14:03:00	84	9,22	12,40
14:04:00	84	9,21	12,45
14:05:00	84	9,21	12,45
14:06:00	84	9,21	12,50
14:07:00	84	9,21	12,50
14:08:00	84	9,20	12,55
14:09:00	84	9,20	12,55
14:10:00	84	9,19	12,60
14:11:00	84	9,19	12,60
14:12:00	84	9,19	12,65
14:13:00	84	9,19	12,65
14:14:00	85	9,18	12,71
14:15:00	84	9,18	12,71
14:16:00	84	9,17	12,76
14:17:00	84	9,17	12,76
14:18:00	84	9,16	12,81
14:19:00	84	9,16	12,81
14:20:00	84	9,16	12,86
14:21:00	84	9,16	12,86
14:22:00	84	9,15	12,91
14:23:00	84	9,15	12,91
14:24:00	84	9,14	12,97
14:25:00	84	9,14	12,97
14:26:00	84	9,14	12,97
14:27:00	84	9,13	13,02
14:28:00	84	9,13	13,02
14:29:00	84	9,13	13,07
14:30:00	84	9,13	13,07
14:31:00	84	9,12	13,13
14:32:00	84	9,12	13,13
14:33:00	84	9,12	13,13
14:34:00	84	9,11	13,18
14:35:00	84	9,11	13,18
14:36:00	84	9,10	13,23
14:37:00	84	9,10	13,23
14:38:00	84	9,10	13,29
14:39:00	84	9,10	13,29
14:40:00	84	9,09	13,34
14:41:00	84	9,09	13,34
14:42:00	84	9,09	13,34
14:43:00	84	9,08	13,40
14:44:00	84	9,08	13,40
14:45:00	84	9,08	13,40
14:46:00	84	9,07	13,45
14:47:00	84	9,07	13,45
14:48:00	84	9,07	13,51
14:49:00	84	9,07	13,51
14:50:00	84	9,06	13,56
14:51:00	84	9,06	13,56
14:52:00	84	9,06	13,56
14:53:00	84	9,05	13,62
14:54:00	84	9,05	13,62
14:55:00	84	9,05	13,62
14:56:00	84	9,04	13,67
14:57:00	84	9,04	13,67
14:58:00	84	9,04	13,73
14:59:00	84	9,04	13,73
15:00:00	84	9,04	13,73
15:01:00	84	9,04	13,73
15:02:00	84	9,03	13,79
15:03:00	84	9,03	13,79
15:04:00	84	9,02	13,84
15:05:00	84	9,02	13,84
15:06:00	84	9,02	13,84
15:07:00	84	9,01	13,90
15:08:00	84	9,01	13,90
15:09:00	84	9,01	13,90
15:10:00	84	9,00	13,96
15:11:00	84	9,00	13,96
15:12:00	84	9,00	13,96
15:13:00	84	9,00	14,02
15:14:00	84	9,00	14,02
15:15:00	84	9,00	14,02
15:16:00	84	8,99	14,07
15:17:00	84	8,99	14,07
15:18:00	84	8,99	14,07
15:19:00	84	8,98	14,13
15:20:00	84	8,98	14,13
15:21:00	84	8,98	14,13
15:22:00	84	8,98	14,19
15:23:00	84	8,98	14,19
15:24:00	84	8,98	14,19
15:25:00	84	8,97	14,25
15:26:00	84	8,97	14,25
15:27:00	84	8,97	14,25
15:28:00	84	8,97	14,25
15:29:00	84	8,96	14,31
15:30:00	84	8,96	14,31
15:31:00	84	8,96	14,31
15:32:00	84	8,95	14,37
15:33:00	84	8,95	14,37
15:34:00	84	8,95	14,37
15:35:00	84	8,95	14,37
15:36:00	84	8,95	14,43
15:37:00	84	8,95	14,43
15:38:00	84	8,95	14,43
15:39:00	84	8,95	14,43
15:40:00	84	8,94	14,49
15:41:00	84	8,94	14,49
15:42:00	84	8,94	14,49
15:43:00	84	8,93	14,55
15:44:00	84	8,93	14,55
15:45:00	84	8,93	14,55
15:46:00	84	8,92	14,61
15:47:00	84	8,92	14,61
15:48:00	84	8,92	14,61
15:49:00	84	8,91	14,67
15:50:00	84	8,91	14,67
15:51:00	84	8,91	14,73
15:52:00	84	8,91	14,73
15:53:00	84	8,91	14,73
15:54:00	84	8,91	14,73
15:55:00	84	8,91	14,73
15:56:00	84	8,90	14,79
15:57:00	84	8,90	14,79
15:58:00	84	8,90	14,79
15:59:00	85	8,90	14,79
16:00:00	84	8,89	14,85
16:01:00	84	8,89	14,85
16:02:00	84	8,89	14,91
16:03:00	84	8,89	14,91
16:04:00	84	8,89	14,91
16:05:00	84	8,89	14,91
16:06:00	84	8,89	14,91
16:07:00	84	8,88	14,97
16:08:00	84	8,88	14,97
16:09:00	84	8,88	14,97
16:10:00	84	8,88	14,97
16:11:00	84	8,87	15,04
16:12:00	84	8,87	15,04
16:13:00	84	8,87	15,04
16:14:00	84	8,87	15,04
16:15:00	84	8,86	15,10
16:16:00	84	8,86	15,10
16:17:00	84	8,86	15,10
16:18:00	84	8,86	15,10
16:19:00	84	8,86	15,16
16:20:00	84	8,86	15,16
16:21:00	84	8,86	15,16
16:22:00	84	8,86	15,16
16:23:00	84	8,86	15,16
16:24:00	84	8,85	15,22
16:25:00	84	8,85	15,22
16:26:00	84	8,85	15,22
16:27:00	84	8,85	15,22
16:28:00	84	8,84	15,29
16:29:00	84	8,84	15,29
16:30:00	84	8,84	15,29
16:31:00	84	8,84	15,29
16:32:00	85	8,84	15,29
16:33:00	84	8,83	15,35
16:34:00	84	8,83	15,35
16:35:00	84	8,83	15,35
16:36:00	84	8,83	15,35
16:37:00	84	8,82	15,42
16:38:00	84	8,82	15,42
16:39:00	84	8,82	15,42
16:40:00	84	8,82	15,42
16:41:00	84	8,82	15,48
16:42:00	84	8,82	15,48
16:43:00	84	8,82	15,48
16:44:00	84	8,82	15,48
16:45:00	84	8,81	15,55
16:46:00	84	8,81	15,55
16:47:00	84	8,81	15,55
16:48:00	84	8,81	15,55
16:49:00	84	8,81	15,55
16:50:00	84	8,81	15,55
16:51:00	84	8,80	15,61
16:52:00	84	8,80	15,61
16:53:00	84	8,80	15,61
16:54:00	84	8,80	15,61
16:55:00	84	8,80	15,61
16:56:00	85	8,80	15,68
16:57:00	84	8,80	15,68
16:58:00	84	8,80	15,68
16:59:00	84	8,80	15,68
17:00:00	84	8,80	15,68
17:01:00	84	8,79	15,74
17:02:00	84	8,79	15,74
17:03:00	84	8,79	15,74
17:04:00	84	8,79	15,74
17:05:00	85	8,78	15,81
17:06:00	84	8,78	15,81
17:07:00	84	8,78	15,81
17:08:00	84	8,78	15,81
17:09:00	84	8,78	15,81
17:10:00	84	8,78	15,81
17:11:00	84	8,78	15,81
17:12:00	84	8,77	15,87
17:13:00	84	8,77	15,87
17:14:00	84	8,77	15,87
17:15:00	84	8,77	15,87
17:16:00	84	8,77	15,94
17:17:00	84	8,77	15,94
17:18:00	84	8,77	15,94
17:19:00	84	8,77	15,94
17:20:00	84	8,77	15,94
17:21:00	84	8,77	15,94
17:22:00	84	8,76	16,01
17:23:00	84	8,76	16,01
17:24:00	84	8,76	16,01
17:25:00	84	8,76	16,01
17:26:00	84	8,76	16,01
17:27:00	84	8,75	16,07
17:28:00	84	8,75	16,07
17:29:00	84	8,75	16,07
17:30:00	84	8,75	16,07
17:31:00	84	8,75	16,07
17:32:00	84	8,75	16,07
17:33:00	84	8,74	16,14
17:34:00	84	8,74	16,14
17:35:00	84	8,74	16,14
17:36:00	84	8,74	16,14
17:37:00	84	8,74	16,14
17:38:00	84	8,73	16,21
17:39:00	84	8,74	16,14
17:40:00	84	8,73	16,21
17:41:00	84	8,73	16,21
17:42:00	84	8,73	16,21
17:43:00	84	8,73	16,21
17:44:00	84	8,73	16,28
17:45:00	84	8,73	16,28
17:46:00	84	8,73	16,28
17:47:00	84	8,73	16,28
17:48:00	84	8,73	16,28
17:49:00	84	8,73	16,28
17:50:00	84	8,72	16,35
17:51:00	84	8,72	16,35
17:52:00	84	8,72	16,35
17:53:00	84	8,72	16,35
17:54:00	84	8,72	16,35
17:55:00	84	8,72	16,35
17:56:00	84	8,71	16,42
17:57:00	84	8,71	16,42
17:58:00	84	8,71	16,42
17:59:00	84	8,71	16,42
18:00:00	84	8,71	16,42
18:01:00	84	8,71	16,42
18:02:00	84	8,71	16,42
18:03:00	84	8,71	16,48
18:04:00	84	8,71	16,48
18:05:00	84	8,71	16,48
18:06:00	84	8,71	16,48
18:07:00	84	8,71	16,48
18:08:00	84	8,71	16,48
18:09:00	84	8,70	16,55
18:10:00	84	8,70	16,55
18:11:00	84	8,70	16,55
18:12:00	84	8,70	16,55
18:13:00	84	8,70	16,55
18:14:00	84	8,70	16,55
18:15:00	84	8,69	16,62
18:16:00	84	8,69	16,62
18:17:00	84	8,69	16,62
18:18:00	84	8,69	16,62
18:19:00	84	8,69	16,62
18:20:00	84	8,69	16,62
18:21:00	84	8,69	16,62
18:22:00	84	8,68	16,69
18:23:00	84	8,68	16,69
18:24:00	84	8,68	16,69
18:25:00	84	8,68	16,69
18:26:00	84	8,68	16,69
18:27:00	84	8,68	16,69
18:28:00	84	8,68	16,69
18:29:00	84	8,68	16,77
18:30:00	84	8,68	16,77
18:31:00	84	8,68	16,77
18:32:00	84	8,68	16,77
18:33:00	84	8,68	16,77
18:34:00	84	8,68	16,77
18:35:00	84	8,67	16,84
18:36:00	84	8,67	16,84
18:37:00	84	8,67	16,84
18:38:00	84	8,67	16,84
18:39:00	84	8,67	16,84
18:40:00	84	8,67	16,84
18:41:00	84	8,67	16,84
18:42:00	84	8,66	16,91
18:43:00	84	8,66	16,91
18:44:00	84	8,66	16,91
18:45:00	84	8,66	16,91
18:46:00	84	8,66	16,91
18:47:00	84	8,66	16,91
18:48:00	84	8,66	16,91
18:49:00	84	8,66	16,91
18:50:00	84	8,65	16,98
18:51:00	84	8,65	16,98
18:52:00	84	8,65	16,98
18:53:00	84	8,65	16,98
18:54:00	84	8,65	16,98
18:55:00	84	8,65	16,98
18:56:00	84	8,65	17,05
18:57:00	84	8,65	17,05
18:58:00	84	8,65	17,05
18:59:00	84	8,65	17,05
19:00:00	84	8,65	17,05
19:01:00	84	8,65	17,05
19:02:00	84	8,65	17,05
19:03:00	84	8,65	17,05
19:04:00	84	8,64	17,12
19:05:00	84	8,64	17,12
19:06:00	84	8,64	17,12
19:07:00	84	8,64	17,12
19:08:00	84	8,64	17,12
19:09:00	84	8,64	17,12
19:10:00	84	8,64	17,12
19:11:00	84	8,63	17,20
19:12:00	84	8,63	17,20
19:13:00	84	8,63	17,20
19:14:00	84	8,63	17,20
19:15:00	84	8,63	17,20
19:16:00	84	8,63	17,20
19:17:00	84	8,63	17,20
19:18:00	84	8,63	17,20
19:19:00	84	8,63	17,20
19:20:00	84	8,62	17,27
19:21:00	84	8,62	17,27
19:22:00	84	8,62	17,27
19:23:00	84	8,62	17,27
19:24:00	84	8,62	17,27
19:25:00	84	8,62	17,27
19:26:00	84	8,62	17,34
19:27:00	84	8,62	17,34
19:28:00	84	8,62	17,34
19:29:00	84	8,62	17,34
19:30:00	84	8,62	17,34
19:31:00	84	8,62	17,34
19:32:00	84	8,62	17,34
19:33:00	84	8,62	17,34
19:34:00	84	8,62	17,34
19:35:00	84	8,61	17,42
19:36:00	84	8,61	17,42
19:37:00	84	8,61	17,42
19:38:00	84	8,61	17,42
19:39:00	84	8,61	17,42
19:40:00	84	8,61	17,42
19:41:00	84	8,61	17,42
19:42:00	84	8,61	17,42
19:43:00	84	8,61	17,42
19:44:00	84	8,60	17,49
19:45:00	84	8,60	17,49
19:46:00	84	8,60	17,49
19:47:00	84	8,60	17,49
19:48:00	84	8,60	17,49
19:49:00	84	8,60	17,49
19:50:00	84	8,60	17,49
19:51:00	84	8,60	17,49
19:52:00	84	8,59	17,57
19:53:00	84	8,59	17,57
19:54:00	84	8,59	17,57
19:55:00	84	8,59	17,57
19:56:00	84	8,59	17,57
19:57:00	84	8,59	17,57
19:58:00	84	8,59	17,57
19:59:00	84	8,59	17,57
20:00:00	84	8,59	17,64
20:01:00	84	8,59	17,57
20:02:00	84	8,59	17,64
20:03:00	84	8,59	17,64
20:04:00	84	8,59	17,64
20:05:00	84	8,59	17,64
20:06:00	84	8,59	17,64
20:07:00	84	8,59	17,64
20:08:00	84	8,59	17,64
20:09:00	84	8,59	17,64
20:10:00	84	8,58	17,72
20:11:00	84	8,58	17,72
20:12:00	84	8,58	17,72
20:13:00	84	8,58	17,72
20:14:00	84	8,58	17,72
20:15:00	84	8,58	17,72
20:16:00	84	8,58	17,72
20:17:00	84	8,58	17,72
20:18:00	84	8,58	17,72
20:19:00	84	8,57	17,79
20:20:00	84	8,57	17,79
20:21:00	84	8,57	17,79
20:22:00	84	8,57	17,79
20:23:00	84	8,57	17,79
20:24:00	84	8,57	17,79
20:25:00	84	8,57	17,79
20:26:00	84	8,57	17,79
20:27:00	84	8,57	17,79
20:28:00	84	8,56	17,87
20:29:00	84	8,56	17,87
20:30:00	84	8,56	17,87
20:31:00	84	8,56	17,87
20:32:00	84	8,56	17,87
20:33:00	84	8,56	17,87
20:34:00	84	8,56	17,87
20:35:00	84	8,56	17,87
20:36:00	84	8,56	17,87
20:37:00	84	8,55	17,94
20:38:00	84	8,55	17,94
20:39:00	84	8,55	17,94
20:40:00	84	8,55	17,94
20:41:00	84	8,55	17,94
20:42:00	84	8,55	17,94
20:43:00	84	8,55	17,94
20:44:00	84	8,55	17,94
20:45:00	84	8,55	17,94
20:46:00	84	8,55	17,94
20:47:00	84	8,55	18,02
20:48:00	84	8,55	18,02
20:49:00	84	8,55	18,02
20:50:00	84	8,55	18,02
20:51:00	84	8,55	18,02
20:52:00	84	8,55	18,02
20:53:00	84	8,55	18,02
20:54:00	84	8,55	18,02
20:55:00	84	8,55	18,02
20:56:00	84	8,55	18,02
20:57:00	84	8,54	18,10
20:58:00	84	8,54	18,10
20:59:00	84	8,54	18,10
21:00:00	84	8,54	18,10
21:01:00	84	8,54	18,10
21:02:00	84	8,54	18,10
21:03:00	84	8,54	18,10
21:04:00	84	8,54	18,10
21:05:00	84	8,54	18,10
21:06:00	84	8,53	18,17
21:07:00	84	8,54	18,10
21:08:00	84	8,53	18,17
21:09:00	84	8,53	18,17
21:10:00	84	8,53	18,17
21:11:00	84	8,53	18,17
21:12:00	84	8,53	18,17
21:13:00	84	8,53	18,17
21:14:00	84	8,53	18,17
21:15:00	84	8,53	18,17
21:16:00	84	8,53	18,17
21:17:00	84	8,52	18,25
21:18:00	84	8,52	18,25
21:19:00	84	8,52	18,25
21:20:00	84	8,52	18,25
21:21:00	84	8,52	18,25
21:22:00	84	8,52	18,25
21:23:00	84	8,52	18,25
21:24:00	84	8,52	18,25
21:25:00	84	8,52	18,25
21:26:00	84	8,52	18,25
21:27:00	84	8,52	18,25
21:28:00	84	8,52	18,25
21:29:00	84	8,52	18,25
21:30:00	84	8,52	18,33
21:31:00	84	8,52	18,33
21:32:00	84	8,52	18,33
21:33:00	84	8,52	18,33
21:34:00	84	8,52	18,33
21:35:00	84	8,52	18,33
21:36:00	84	8,52	18,33
21:37:00	84	8,52	18,33
21:38:00	84	8,52	18,33
21:39:00	84	8,52	18,33
21:40:00	84	8,52	18,33
21:41:00	84	8,51	18,41
21:42:00	84	8,51	18,41
21:43:00	84	8,51	18,41
21:44:00	84	8,51	18,41
21:45:00	84	8,51	18,41
21:46:00	84	8,51	18,41
21:47:00	84	8,51	18,41
21:48:00	84	8,51	18,41
21:49:00	84	8,51	18,41
21:50:00	84	8,51	18,41
21:51:00	84	8,51	18,41
21:52:00	84	8,50	18,49
21:53:00	84	8,50	18,49
21:54:00	84	8,50	18,49
21:55:00	84	8,50	18,49
21:56:00	84	8,50	18,49
21:57:00	84	8,50	18,49
21:58:00	84	8,50	18,49
21:59:00	84	8,50	18,49
22:00:00	84	8,50	18,49
22:01:00	84	8,50	18,49
22:02:00	84	8,50	18,49
22:03:00	84	8,50	18,57
22:04:00	84	8,50	18,57
22:05:00	84	8,50	18,57
22:06:00	84	8,50	18,57
22:07:00	84	8,50	18,57
22:08:00	84	8,50	18,57
22:09:00	84	8,50	18,57
22:10:00	84	8,50	18,57
22:11:00	84	8,50	18,57
22:12:00	84	8,50	18,57
22:13:00	84	8,50	18,57
22:14:00	84	8,49	18,65
22:15:00	84	8,50	18,57
22:16:00	84	8,49	18,65
22:17:00	84	8,49	18,65
22:18:00	84	8,49	18,65
22:19:00	84	8,49	18,65
22:20:00	84	8,49	18,65
22:21:00	84	8,49	18,65
22:22:00	84	8,49	18,65
22:23:00	84	8,49	18,65
22:24:00	84	8,49	18,65
22:25:00	84	8,49	18,65
22:26:00	84	8,48	18,73
22:27:00	84	8,48	18,73
22:28:00	84	8,48	18,73
22:29:00	84	8,48	18,73
22:30:00	84	8,48	18,73
22:31:00	84	8,48	18,73
22:32:00	84	8,48	18,73
22:33:00	84	8,48	18,73
22:34:00	84	8,48	18,73
22:35:00	84	8,48	18,73
22:36:00	84	8,48	18,73
22:37:00	84	8,48	18,73
22:38:00	84	8,47	18,81
22:39:00	84	8,47	18,81
22:40:00	84	8,47	18,81
22:41:00	84	8,47	18,81
22:42:00	84	8,47	18,81
22:43:00	84	8,47	18,81
22:44:00	84	8,47	18,81
22:45:00	84	8,47	18,81
22:46:00	84	8,47	18,81
22:47:00	84	8,47	18,81
22:48:00	84	8,47	18,81
22:49:00	84	8,47	18,81
22:50:00	84	8,47	18,81
22:51:00	84	8,47	18,81
22:52:00	84	8,47	18,81
22:53:00	84	8,46	18,89
22:54:00	84	8,46	18,89
22:55:00	84	8,46	18,89
22:56:00	84	8,46	18,89
22:57:00	84	8,46	18,89
22:58:00	84	8,46	18,89
22:59:00	84	8,46	18,89
23:00:00	84	8,46	18,89
23:01:00	84	8,46	18,89
23:02:00	84	8,46	18,89
23:03:00	84	8,46	18,89
23:04:00	84	8,46	18,89
23:05:00	84	8,46	18,89
23:06:00	84	8,46	18,97
23:07:00	84	8,46	18,97
23:08:00	84	8,46	18,97
23:09:00	84	8,46	18,97
23:10:00	84	8,46	18,97
23:11:00	84	8,46	18,97
23:12:00	84	8,46	18,97
23:13:00	84	8,46	18,97
23:14:00	84	8,46	18,97
23:15:00	84	8,46	18,97
23:16:00	84	8,46	18,97
23:17:00	84	8,46	18,97
23:18:00	84	8,46	18,97
23:19:00	84	8,46	18,97
23:20:00	84	8,45	19,05
23:21:00	84	8,45	19,05
23:22:00	84	8,45	19,05
23:23:00	84	8,45	19,05
23:24:00	84	8,45	19,05
23:25:00	84	8,45	19,05
23:26:00	84	8,45	19,05
23:27:00	84	8,45	19,05
23:28:00	84	8,45	19,05
23:29:00	84	8,45	19,05
23:30:00	84	8,45	19,05
23:31:00	84	8,45	19,05
23:32:00	84	8,44	19,13
23:33:00	84	8,45	19,05
23:34:00	84	8,44	19,13
23:35:00	84	8,44	19,13
23:36:00	84	8,44	19,13
23:37:00	84	8,44	19,13
23:38:00	84	8,44	19,13
23:39:00	84	8,44	19,13
23:40:00	84	8,44	19,13
23:41:00	84	8,44	19,13
23:42:00	84	8,44	19,13
23:43:00	84	8,44	19,13
23:44:00	84	8,44	19,13
23:45:00	84	8,44	19,13
23:46:00	84	8,44	19,13
23:47:00	84	8,43	19,22
23:48:00	84	8,44	19,13
23:49:00	84	8,43	19,22
23:50:00	84	8,43	19,22
23:51:00	84	8,43	19,22
23:52:00	84	8,43	19,22
23:53:00	84	8,43	19,22
23:54:00	84	8,43	19,22
23:55:00	84	8,43	19,22
23:56:00	84	8,43	19,22
23:57:00	84	8,43	19,22
23:58:00	84	8,43	19,22
23:59:00	84	8,43	19,22
24:00:00	84	8,43	19,22
24:01:00	84	8,43	19,30
24:02:00	84	8,43	19,30
24:03:00	84	8,43	19,30
24:04:00	84	8,43	19,30
24:05:00	84	8,43	19,30
24:06:00	84	8,43	19,30
24:07:00	84	8,43	19,30
24:08:00	84	8,43	19,30
24:09:00	84	8,43	19,30
24:10:00	84	8,43	19,30
24:11:00	84	8,43	19,30
24:12:00	84	8,43	19,30
24:13:00	84	8,43	19,30
24:14:00	84	8,43	19,30
24:15:00	84	8,43	19,30
24:16:00	84	8,43	19,30
24:17:00	84	8,42	19,38
24:18:00	84	8,42	19,38
24:19:00	84	8,42	19,38
24:20:00	84	8,42	19,38
24:21:00	84	8,42	19,38
24:22:00	84	8,42	19,38
24:23:00	84	8,42	19,38
24:24:00	84	8,42	19,38
24:25:00	84	8,42	19,38
24:26:00	84	8,42	19,38
24:27:00	84	8,42	19,38
24:28:00	84	8,42	19,38
24:29:00	84	8,41	19,47
24:30:00	84	8,42	19,38
24:31:00	84	8,42	19,38
24:32:00	84	8,41	19,47
24:33:00	84	8,41	19,47
24:34:00	84	8,41	19,47
24:35:00	84	8,41	19,47
24:36:00	84	8,41	19,47
24:37:00	84	8,41	19,47
24:38:00	84	8,41	19,47
24:39:00	84	8,41	19,47
24:40:00	84	8,41	19,55
24:41:00	84	8,41	19,47
24:42:00	84	8,41	19,55
24:43:00	84	8,41	19,55
24:44:00	84	8,41	19,55
24:45:00	84	8,41	19,55
24:46:00	84	8,41	19,55
24:47:00	84	8,41	19,55
24:48:00	84	8,41	19,55
24:49:00	84	8,41	19,55
24:50:00	84	8,41	19,55
24:51:00	84	8,41	19,55
24:52:00	84	8,41	19,55
24:53:00	84	8,41	19,55
24:54:00	84	8,41	19,55
24:55:00	84	8,41	19,55
24:56:00	84	8,41	19,55
24:57:00	84	8,41	19,55
24:58:00	84	8,41	19,55
24:59:00	84	8,41	19,55
25:00:00	84	8,41	19,55
25:01:00	84	8,40	19,64
25:02:00	84	8,41	19,55
25:03:00	84	8,41	19,55
25:04:00	84	8,40	19,64
25:05:00	84	8,40	19,64
25:06:00	84	8,40	19,64
25:07:00	84	8,40	19,64
25:08:00	84	8,40	19,64
25:09:00	84	8,40	19,64
25:10:00	84	8,40	19,64
25:11:00	84	8,40	19,64
25:12:00	84	8,40	19,64
25:13:00	84	8,40	19,64
25:14:00	84	8,40	19,64
25:15:00	84	8,40	19,64
25:16:00	84	8,40	19,64
25:17:00	84	8,40	19,64
25:18:00	84	8,40	19,64
25:19:00	84	8,39	19,72
25:20:00	84	8,39	19,72
25:21:00	84	8,39	19,72
25:22:00	84	8,39	19,72
25:23:00	84	8,39	19,72
25:24:00	84	8,39	19,72
25:25:00	84	8,39	19,72
25:26:00	84	8,39	19,72
25:27:00	84	8,39	19,72
25:28:00	84	8,39	19,72
25:29:00	84	8,39	19,72
25:30:00	84	8,39	19,72
25:31:00	84	8,39	19,72
25:32:00	84	8,39	19,72
25:33:00	84	8,39	19,72
25:34:00	84	8,39	19,72
25:35:00	84	8,39	19,72
25:36:00	84	8,39	19,72
25:37:00	84	8,38	19,81
25:38:00	84	8,38	19,81
25:39:00	84	8,38	19,81
25:40:00	84	8,38	19,81
25:41:00	84	8,38	19,81
25:42:00	84	8,38	19,81
25:43:00	84	8,38	19,81
25:44:00	84	8,38	19,81
25:45:00	84	8,38	19,81
25:46:00	84	8,38	19,81
25:47:00	84	8,38	19,81
25:48:00	84	8,38	19,81
25:49:00	84	8,38	19,81
25:50:00	84	8,38	19,81
25:51:00	84	8,38	19,89
25:52:00	84	8,38	19,81
25:53:00	84	8,38	19,81
25:54:00	84	8,38	19,89
25:55:00	84	8,38	19,89
25:56:00	84	8,38	19,89
25:57:00	84	8,38	19,89
25:58:00	84	8,38	19,89
25:59:00	84	8,38	19,89
26:00:00	84	8,38	19,89
26:01:00	84	8,38	19,89
26:02:00	84	8,38	19,89
26:03:00	84	8,38	19,89
26:04:00	84	8,38	19,89
26:05:00	84	8,38	19,89
26:06:00	84	8,38	19,89
26:07:00	84	8,38	19,89
26:08:00	84	8,38	19,89
26:09:00	84	8,38	19,89
26:10:00	84	8,38	19,89
26:11:00	84	8,37	19,98
26:12:00	84	8,37	19,98
26:13:00	84	8,37	19,98
26:14:00	84	8,37	19,98
26:15:00	84	8,37	19,98
26:16:00	84	8,37	19,98
26:17:00	84	8,37	19,98
26:18:00	84	8,37	19,98
26:19:00	84	8,37	19,98
26:20:00	84	8,37	19,98
26:21:00	84	8,37	19,98
26:22:00	84	8,37	19,98
26:23:00	84	8,37	19,98
26:24:00	84	8,37	19,98
26:25:00	84	8,37	19,98
26:26:00	84	8,37	19,98
26:27:00	84	8,37	19,98
26:28:00	84	8,37	19,98
26:29:00	84	8,37	19,98
26:30:00	84	8,37	19,98
26:31:00	84	8,36	20,07
26:32:00	84	8,36	20,07
26:33:00	84	8,36	20,07
26:34:00	84	8,36	20,07
26:35:00	84	8,36	20,07
26:36:00	84	8,36	20,07
26:37:00	84	8,36	20,07
26:38:00	84	8,36	20,07
26:39:00	84	8,36	20,07
26:40:00	84	8,36	20,07
26:41:00	84	8,36	20,07
26:42:00	84	8,36	20,07
26:43:00	84	8,36	20,07
26:44:00	84	8,36	20,07
26:45:00	84	8,36	20,07
26:46:00	84	8,36	20,07
26:47:00	84	8,36	20,07
26:48:00	84	8,36	20,07
26:49:00	84	8,35	20,15
26:50:00	84	8,35	20,15
26:51:00	84	8,35	20,15
26:52:00	84	8,35	20,15
26:53:00	84	8,35	20,15
26:54:00	84	8,35	20,15
26:55:00	84	8,35	20,15
26:56:00	84	8,35	20,15
26:57:00	84	8,35	20,15
26:58:00	84	8,35	20,15
26:59:00	84	8,35	20,15
27:00:00	84	8,35	20,15
27:01:00	84	8,35	20,15
27:02:00	84	8,35	20,15
27:03:00	84	8,35	20,15
27:04:00	84	8,35	20,15
27:05:00	84	8,35	20,15
27:06:00	84	8,35	20,15
27:07:00	84	8,35	20,24
27:08:00	84	8,35	20,15
27:09:00	84	8,35	20,15
27:10:00	84	8,35	20,24
27:11:00	84	8,35	20,24
27:12:00	84	8,35	20,24
27:13:00	84	8,35	20,15
27:14:00	84	8,35	20,24
27:15:00	84	8,35	20,24
27:16:00	84	8,35	20,24
27:17:00	84	8,35	20,24
27:18:00	84	8,35	20,24
27:19:00	84	8,35	20,24
27:20:00	84	8,35	20,24
27:21:00	84	8,35	20,24
27:22:00	84	8,35	20,24
27:23:00	84	8,35	20,24
27:24:00	84	8,35	20,24
27:25:00	84	8,35	20,24
27:26:00	84	8,35	20,24
27:27:00	84	8,35	20,24
27:28:00	84	8,35	20,24
27:29:00	84	8,34	20,33
27:30:00	84	8,34	20,33
27:31:00	84	8,34	20,33
27:32:00	84	8,35	20,24
27:33:00	84	8,34	20,33
27:34:00	84	8,34	20,33
27:35:00	84	8,34	20,33
27:36:00	84	8,34	20,33
27:37:00	84	8,34	20,33
27:38:00	84	8,34	20,33
27:39:00	84	8,34	20,33
27:40:00	84	8,34	20,33
27:41:00	84	8,34	20,33
27:42:00	84	8,34	20,33
27:43:00	84	8,34	20,33
27:44:00	84	8,34	20,33
27:45:00	84	8,34	20,33
27:46:00	84	8,34	20,33
27:47:00	84	8,34	20,33
27:48:00	84	8,34	20,33
27:49:00	84	8,33	20,42
27:50:00	84	8,34	20,33
27:51:00	84	8,34	20,33
27:52:00	84	8,33	20,42
27:53:00	84	8,33	20,42
27:54:00	84	8,33	20,42
27:55:00	84	8,33	20,42
27:56:00	84	8,33	20,42
27:57:00	84	8,33	20,42
27:58:00	84	8,33	20,42
27:59:00	84	8,33	20,42
28:00:00	84	8,33	20,42
28:01:00	84	8,33	20,42
28:02:00	84	8,33	20,42
28:03:00	84	8,33	20,42
28:04:00	84	8,33	20,42
28:05:00	84	8,33	20,42
28:06:00	84	8,33	20,42
28:07:00	84	8,33	20,42
28:08:00	84	8,33	20,42
28:09:00	84	8,33	20,42
28:10:00	84	8,32	20,51
28:11:00	84	8,33	20,42
28:12:00	84	8,33	20,42
28:13:00	84	8,33	20,42
28:14:00	84	8,32	20,51
28:15:00	84	8,32	20,51
28:16:00	84	8,32	20,51
28:17:00	84	8,32	20,51
28:18:00	84	8,32	20,51
28:19:00	84	8,32	20,51
28:20:00	84	8,32	20,51
28:21:00	84	8,32	20,51
28:22:00	84	8,32	20,51
28:23:00	84	8,32	20,51
28:24:00	84	8,32	20,51
28:25:00	84	8,32	20,51
28:26:00	84	8,32	20,51
28:27:00	84	8,32	20,51
28:28:00	84	8,32	20,51
28:29:00	84	8,32	20,51
28:30:00	84	8,32	20,51
28:31:00	84	8,32	20,51
28:32:00	84	8,32	20,60
28:33:00	84	8,32	20,60
28:34:00	84	8,32	20,60
28:35:00	84	8,32	20,60
28:36:00	84	8,32	20,60
28:37:00	84	8,32	20,60
28:38:00	84	8,32	20,60
28:39:00	84	8,32	20,60
28:40:00	84	8,32	20,60
28:41:00	84	8,32	20,60
28:42:00	84	8,32	20,60
28:43:00	84	8,32	20,60
28:44:00	84	8,32	20,60
28:45:00	84	8,32	20,60
28:46:00	84	8,32	20,60
28:47:00	84	8,32	20,60
28:48:00	84	8,32	20,60
28:49:00	84	8,32	20,60
28:50:00	84	8,32	20,60
28:51:00	84	8,32	20,60
28:52:00	84	8,32	20,60
28:53:00	84	8,32	20,60
28:54:00	84	8,32	20,60
28:55:00	84	8,31	20,69
28:56:00	84	8,31	20,69
28:57:00	84	8,31	20,69
28:58:00	84	8,31	20,69
28:59:00	84	8,31	20,69
29:00:00	84	8,31	20,69
29:01:00	84	8,31	20,69
29:02:00	84	8,31	20,69
29:03:00	84	8,31	20,69
29:04:00	84	8,31	20,69
29:05:00	84	8,31	20,69
29:06:00	84	8,31	20,69
29:07:00	84	8,31	20,69
29:08:00	84	8,31	20,69
29:09:00	84	8,31	20,69
29:10:00	84	8,31	20,69
29:11:00	84	8,31	20,69
29:12:00	84	8,31	20,69
29:13:00	84	8,31	20,69
29:14:00	84	8,31	20,69
29:15:00	84	8,31	20,69
29:16:00	84	8,31	20,69
29:17:00	84	8,30	20,78
29:18:00	84	8,30	20,78
29:19:00	84	8,30	20,78
29:20:00	84	8,30	20,78
29:21:00	84	8,30	20,78
29:22:00	84	8,30	20,78
29:23:00	84	8,30	20,78
29:24:00	84	8,30	20,78
29:25:00	84	8,30	20,78
29:26:00	84	8,30	20,78
29:27:00	84	8,30	20,78
29:28:00	84	8,30	20,78
29:29:00	84	8,30	20,78
29:30:00	84	8,30	20,78
29:31:00	84	8,30	20,78
29:32:00	84	8,30	20,78
29:33:00	84	8,30	20,78
29:34:00	84	8,30	20,78
29:35:00	84	8,30	20,78
29:36:00	84	8,30	20,78
29:37:00	84	8,30	20,78
29:38:00	84	8,30	20,78
29:39:00	84	8,30	20,78
29:40:00	84	8,30	20,78
29:41:00	84	8,30	20,78
29:42:00	84	8,30	20,78
29:43:00	84	8,29	20,87
29:44:00	84	8,29	20,87
29:45:00	84	8,29	20,87
29:46:00	84	8,29	20,87
29:47:00	84	8,29	20,87
29:48:00	84	8,29	20,87
29:49:00	84	8,29	20,87
29:50:00	84	8,29	20,87
29:51:00	84	8,29	20,87
29:52:00	84	8,29	20,87
29:53:00	84	8,29	20,87
29:54:00	84	8,29	20,87
29:55:00	84	8,29	20,87
29:56:00	84	8,29	20,87
29:57:00	84	8,29	20,87
29:58:00	84	8,29	20,87
29:59:00	84	8,29	20,87
30:00:00	84	8,29	20,87
30:01:00	84	8,29	20,87
30:02:00	84	8,29	20,87
30:03:00	84	8,29	20,87
30:04:00	84	8,29	20,87
30:05:00	84	8,29	20,96
30:06:00	84	8,29	20,96
30:07:00	84	8,29	20,96
30:08:00	84	8,29	20,96
30:09:00	84	8,29	20,96
30:10:00	84	8,29	20,96
30:11:00	84	8,29	20,96
30:12:00	84	8,29	20,96
30:13:00	84	8,29	20,96
30:14:00	84	8,29	20,96
30:15:00	84	8,29	20,96
30:16:00	84	8,29	20,96
30:17:00	84	8,29	20,96
30:18:00	84	8,29	20,96
30:19:00	84	8,29	20,96
30:20:00	84	8,29	20,96
30:21:00	84	8,29	20,96
30:22:00	84	8,29	20,96
30:23:00	84	8,29	20,96
30:24:00	84	8,29	20,96
30:25:00	84	8,29	20,96
30:26:00	84	8,29	20,96
30:27:00	84	8,29	20,96
30:28:00	84	8,29	20,96
30:29:00	84	8,29	20,96
30:30:00	84	8,29	20,96
30:31:00	84	8,29	20,96
30:32:00	84	8,29	20,96
30:33:00	84	8,29	20,96
30:34:00	84	8,29	20,96
30:35:00	84	8,28	21,05
30:36:00	84	8,28	21,05
30:37:00	84	8,28	21,05
30:38:00	84	8,28	21,05
30:39:00	84	8,28	21,05
30:40:00	84	8,28	21,05
30:41:00	84	8,28	21,05
30:42:00	84	8,28	21,05
30:43:00	84	8,28	21,05
30:44:00	84	8,28	21,05
30:45:00	84	8,28	21,05
30:46:00	84	8,28	21,05
30:47:00	84	8,28	21,05
30:48:00	84	8,28	21,05
30:49:00	84	8,28	21,05
30:50:00	84	8,28	21,05
30:51:00	84	8,28	21,05
30:52:00	84	8,28	21,05
30:53:00	84	8,28	21,05
30:54:00	84	8,28	21,05
30:55:00	84	8,28	21,05
30:56:00	84	8,28	21,05
30:57:00	84	8,28	21,05
30:58:00	84	8,28	21,05
30:59:00	84	8,28	21,05
31:00:00	84	8,28	21,05
31:01:00	84	8,28	21,05
31:02:00	84	8,28	21,05
31:03:00	84	8,27	21,14
31:04:00	84	8,27	21,14
31:05:00	84	8,27	21,14
31:06:00	84	8,27	21,14
31:07:00	84	8,27	21,14
31:08:00	84	8,27	21,14
31:09:00	84	8,27	21,14
31:10:00	84	8,27	21,14
31:11:00	84	8,27	21,14
31:12:00	84	8,27	21,14
31:13:00	84	8,27	21,14
31:14:00	84	8,27	21,14
31:15:00	84	8,27	21,14
31:16:00	84	8,27	21,14
31:17:00	84	8,27	21,14
31:18:00	84	8,27	21,14
31:19:00	84	8,27	21,14
31:20:00	84	8,27	21,14
31:21:00	84	8,27	21,14
31:22:00	84	8,27	21,14
31:23:00	84	8,27	21,14
31:24:00	84	8,27	21,14
31:25:00	84	8,27	21,14
31:26:00	84	8,27	21,14
31:27:00	84	8,27	21,14
31:28:00	84	8,27	21,14
31:29:00	84	8,27	21,14
31:30:00	84	8,27	21,14
31:31:00	84	8,27	21,14
31:32:00	84	8,27	21,14
31:33:00	84	8,26	21,24
31:34:00	84	8,26	21,24
31:35:00	84	8,26	21,24
31:36:00	84	8,26	21,24
31:37:00	84	8,26	21,24
31:38:00	84	8,26	21,24
31:39:00	84	8,26	21,24
31:40:00	84	8,26	21,24
31:41:00	84	8,26	21,24
31:42:00	84	8,26	21,24
31:43:00	84	8,26	21,24
31:44:00	84	8,26	21,24
31:45:00	84	8,26	21,24
31:46:00	84	8,26	21,24
31:47:00	84	8,26	21,24
31:48:00	84	8,26	21,24
31:49:00	84	8,26	21,24
31:50:00	84	8,26	21,24
31:51:00	84	8,26	21,24
31:52:00	84	8,26	21,24
31:53:00	84	8,26	21,24
31:54:00	84	8,26	21,24
31:55:00	84	8,26	21,24
31:56:00	84	8,26	21,24
31:57:00	84	8,26	21,24
31:58:00	84	8,26	21,24
31:59:00	84	8,26	21,33
32:00:00	84	8,26	21,24
32:01:00	84	8,26	21,33
32:02:00	84	8,26	21,24
32:03:00	84	8,26	21,33
32:04:00	84	8,26	21,33
32:05:00	84	8,26	21,33
32:06:00	84	8,26	21,33
32:07:00	84	8,26	21,33
32:08:00	84	8,26	21,33
32:09:00	84	8,26	21,33
32:10:00	84	8,26	21,33
32:11:00	84	8,26	21,33
32:12:00	84	8,26	21,33
32:13:00	84	8,26	21,33
32:14:00	84	8,26	21,33
32:15:00	84	8,26	21,33
32:16:00	84	8,26	21,33
32:17:00	84	8,26	21,33
32:18:00	84	8,26	21,33
32:19:00	84	8,26	21,33
32:20:00	84	8,26	21,33
32:21:00	84	8,26	21,33
32:22:00	84	8,26	21,33
32:23:00	84	8,26	21,33
32:24:00	84	8,26	21,33
32:25:00	84	8,26	21,33
32:26:00	84	8,26	21,33
32:27:00	84	8,26	21,33
32:28:00	84	8,26	21,33
32:29:00	84	8,26	21,33
32:30:00	84	8,26	21,33
32:31:00	84	8,26	21,33
32:32:00	84	8,26	21,33
32:33:00	84	8,25	21,42
32:34:00	84	8,25	21,42
32:35:00	84	8,25	21,42
32:36:00	84	8,25	21,42
32:37:00	84	8,25	21,42
32:38:00	84	8,25	21,42
32:39:00	84	8,25	21,42
32:40:00	84	8,25	21,42
32:41:00	84	8,25	21,42
32:42:00	84	8,25	21,42
32:43:00	84	8,25	21,42
32:44:00	84	8,25	21,42
32:45:00	84	8,25	21,42
32:46:00	84	8,25	21,42
32:47:00	84	8,25	21,42
32:48:00	84	8,25	21,42
32:49:00	84	8,25	21,42
32:50:00	84	8,25	21,42
32:51:00	84	8,25	21,42
32:52:00	84	8,25	21,42
32:53:00	84	8,25	21,42
32:54:00	84	8,25	21,42
32:55:00	84	8,25	21,42
32:56:00	84	8,25	21,42
32:57:00	84	8,25	21,42
32:58:00	84	8,25	21,42
32:59:00	84	8,25	21,42
33:00:00	84	8,25	21,42
33:01:00	84	8,25	21,42
33:02:00	84	8,25	21,42
33:03:00	84	8,25	21,42
33:04:00	84	8,25	21,42
33:05:00	84	8,25	21,42
33:06:00	84	8,24	21,52
33:07:00	84	8,24	21,52
33:08:00	84	8,24	21,52
33:09:00	84	8,24	21,52
33:10:00	84	8,24	21,52
33:11:00	84	8,24	21,52
33:12:00	84	8,24	21,52
33:13:00	84	8,24	21,52
33:14:00	84	8,24	21,52
33:15:00	84	8,24	21,52
33:16:00	84	8,24	21,52
33:17:00	84	8,24	21,52
33:18:00	84	8,24	21,52
33:19:00	84	8,24	21,52
33:20:00	84	8,24	21,52
33:21:00	84	8,24	21,52
33:22:00	84	8,24	21,52
33:23:00	84	8,24	21,52
33:24:00	84	8,24	21,52
33:25:00	84	8,24	21,52
33:26:00	84	8,24	21,52
33:27:00	84	8,24	21,52
33:28:00	84	8,24	21,52
33:29:00	84	8,24	21,52
33:30:00	84	8,24	21,52
33:31:00	84	8,24	21,52
33:32:00	84	8,24	21,52
33:33:00	84	8,24	21,52
33:34:00	84	8,24	21,52
33:35:00	84	8,24	21,52
33:36:00	84	8,24	21,52
33:37:00	84	8,24	21,52
33:38:00	84	8,24	21,52
33:39:00	84	8,24	21,52
33:40:00	84	8,24	21,52
33:41:00	84	8,24	21,52
33:42:00	84	8,24	21,52
33:43:00	84	8,24	21,52
33:44:00	84	8,23	21,61
33:45:00	84	8,23	21,61
33:46:00	84	8,23	21,61
33:47:00	84	8,23	21,61
33:48:00	84	8,23	21,61
33:49:00	84	8,23	21,61
33:50:00	84	8,23	21,61
33:51:00	84	8,23	21,61
33:52:00	84	8,23	21,61
33:53:00	84	8,23	21,61
33:54:00	84	8,23	21,61
33:55:00	84	8,23	21,61
33:56:00	84	8,23	21,61
33:57:00	84	8,23	21,61
33:58:00	84	8,23	21,61
33:59:00	84	8,23	21,61
34:00:00	84	8,23	21,61
34:01:00	84	8,23	21,61
34:02:00	84	8,23	21,61
34:03:00	84	8,23	21,61
34:04:00	84	8,23	21,61
34:05:00	84	8,23	21,61
34:06:00	84	8,23	21,61
34:07:00	84	8,23	21,61
34:08:00	84	8,23	21,61
34:09:00	84	8,23	21,61
34:10:00	84	8,23	21,61
34:11:00	84	8,23	21,61
34:12:00	84	8,23	21,61
34:13:00	84	8,23	21,61
34:14:00	84	8,23	21,61
34:15:00	84	8,23	21,61
34:16:00	84	8,23	21,61
34:17:00	84	8,23	21,71
34:18:00	84	8,23	21,61
34:19:00	84	8,23	21,71
34:20:00	84	8,23	21,61
34:21:00	84	8,23	21,71
34:22:00	84	8,23	21,71
34:23:00	84	8,23	21,71
34:24:00	84	8,23	21,71
34:25:00	84	8,23	21,71
34:26:00	84	8,23	21,71
34:27:00	84	8,23	21,71
34:28:00	84	8,23	21,71
34:29:00	84	8,23	21,71
34:30:00	84	8,23	21,71
34:31:00	84	8,23	21,71
34:32:00	84	8,23	21,71
34:33:00	84	8,23	21,71
34:34:00	84	8,23	21,71
34:35:00	84	8,23	21,71
34:36:00	84	8,23	21,71
34:37:00	84	8,23	21,71
34:38:00	84	8,23	21,71
34:39:00	84	8,23	21,71
34:40:00	84	8,23	21,71
34:41:00	84	8,23	21,71
34:42:00	84	8,23	21,71
34:43:00	84	8,23	21,71
34:44:00	84	8,23	21,71
34:45:00	84	8,23	21,71
34:46:00	84	8,23	21,71
34:47:00	84	8,23	21,71
34:48:00	84	8,23	21,71
34:49:00	84	8,23	21,71
34:50:00	84	8,23	21,71
34:51:00	84	8,23	21,71
34:52:00	84	8,23	21,71
34:53:00	84	8,23	21,71
34:54:00	84	8,23	21,71
34:55:00	84	8,23	21,71
34:56:00	84	8,22	21,80
34:57:00	84	8,22	21,80
34:58:00	84	8,22	21,80
34:59:00	84	8,22	21,80
35:00:00	84	8,22	21,80
35:01:00	84	8,22	21,80
35:02:00	84	8,22	21,80
35:03:00	84	8,22	21,80
35:04:00	84	8,22	21,80
35:05:00	84	8,22	21,80
35:06:00	84	8,22	21,80
35:07:00	84	8,22	21,80
35:08:00	84	8,22	21,80
35:09:00	84	8,22	21,80
35:10:00	84	8,22	21,80
35:11:00	84	8,22	21,80
35:12:00	84	8,22	21,80
35:13:00	84	8,22	21,80
35:14:00	84	8,22	21,80
35:15:00	84	8,22	21,80
35:16:00	84	8,22	21,80
35:17:00	84	8,22	21,80
35:18:00	84	8,22	21,80
35:19:00	84	8,22	21,80
35:20:00	84	8,22	21,80
35:21:00	84	8,22	21,80
35:22:00	84	8,22	21,80
35:23:00	84	8,22	21,80
35:24:00	84	8,22	21,80
35:25:00	84	8,22	21,80
35:26:00	84	8,22	21,80
35:27:00	84	8,22	21,80
35:28:00	84	8,22	21,80
35:29:00	84	8,22	21,80
35:30:00	84	8,22	21,80
35:31:00	84	8,22	21,80
35:32:00	84	8,22	21,80
35:33:00	84	8,22	21,80
35:34:00	84	8,22	21,80
35:35:00	84	8,21	21,90
35:36:00	84	8,22	21,80
35:37:00	84	8,22	21,80
35:38:00	84	8,21	21,90
35:39:00	84	8,21	21,90
35:40:00	84	8,21	21,90
35:41:00	84	8,21	21,90
35:42:00	84	8,21	21,90
35:43:00	84	8,21	21,90
35:44:00	84	8,21	21,90
35:45:00	84	8,21	21,90
35:46:00	84	8,21	21,90
35:47:00	84	8,21	21,90
35:48:00	84	8,21	21,90
35:49:00	84	8,21	21,90
35:50:00	84	8,21	21,90
35:51:00	84	8,21	21,90
35:52:00	84	8,21	21,90
35:53:00	84	8,21	21,90
35:54:00	84	8,21	21,90
35:55:00	84	8,21	21,90
35:56:00	84	8,21	21,90
35:57:00	84	8,21	21,90
35:58:00	84	8,21	21,90
35:59:00	84	8,21	21,90
36:00:00	84	8,21	21,90
36:01:00	84	8,21	21,90
36:02:00	84	8,21	21,90
36:03:00	84	8,21	21,90
36:04:00	84	8,21	21,90
36:05:00	84	8,21	21,90
36:06:00	84	8,21	21,90
36:07:00	84	8,21	21,90
36:08:00	84	8,21	21,90
36:09:00	84	8,21	21,90
36:10:00	84	8,21	21,90
36:11:00	84	8,21	21,90
36:12:00	84	8,21	21,90
36:13:00	84	8,21	21,90
36:14:00	84	8,21	21,90
36:15:00	84	8,20	22,00
36:16:00	84	8,21	21,90
36:17:00	84	8,20	22,00
36:18:00	84	8,21	21,90
36:19:00	84	8,20	22,00
36:20:00	84	8,20	22,00
36:21:00	84	8,20	22,00
36:22:00	84	8,20	22,00
36:23:00	84	8,20	22,00
36:24:00	84	8,20	22,00
36:25:00	84	8,20	22,00
36:26:00	84	8,20	22,00
36:27:00	84	8,20	22,00
36:28:00	84	8,20	22,00
36:29:00	84	8,20	22,00
36:30:00	84	8,20	22,00
36:31:00	84	8,20	22,00
36:32:00	84	8,20	22,00
36:33:00	84	8,20	22,00
36:34:00	84	8,20	22,00
36:35:00	84	8,20	22,00
36:36:00	84	8,20	22,00
36:37:00	84	8,20	22,00
36:38:00	84	8,20	22,00
36:39:00	84	8,20	22,00
36:40:00	84	8,20	22,00
36:41:00	84	8,20	22,00
36:42:00	84	8,20	22,00
36:43:00	84	8,20	22,00
36:44:00	84	8,20	22,00
36:45:00	84	8,20	22,00
36:46:00	84	8,20	22,00
36:47:00	84	8,20	22,00
36:48:00	84	8,20	22,00
36:49:00	84	8,20	22,00
36:50:00	84	8,20	22,00
36:51:00	84	8,20	22,00
36:52:00	84	8,20	22,00
36:53:00	84	8,20	22,00
36:54:00	84	8,20	22,00
36:55:00	84	8,20	22,00
36:56:00	84	8,20	22,00
36:57:00	84	8,20	22,00
36:58:00	84	8,20	22,09
36:59:00	84	8,20	22,00
37:00:00	84	8,20	22,00
37:01:00	84	8,20	22,09
37:02:00	84	8,20	22,00
37:03:00	84	8,20	22,09
37:04:00	84	8,20	22,09
37:05:00	84	8,20	22,09
37:06:00	84	8,20	22,09
37:07:00	84	8,20	22,09
37:08:00	84	8,20	22,09
37:09:00	84	8,20	22,09
37:10:00	84	8,20	22,09
37:11:00	84	8,20	22,09
37:12:00	84	8,20	22,09
37:13:00	84	8,20	22,09
37:14:00	84	8,20	22,09
37:15:00	84	8,20	22,09
37:16:00	84	8,20	22,09
37:17:00	84	8,20	22,09
37:18:00	84	8,20	22,09
37:19:00	84	8,20	22,09
37:20:00	84	8,20	22,09
37:21:00	84	8,20	22,09
37:22:00	84	8,20	22,09
37:23:00	84	8,20	22,09
37:24:00	84	8,20	22,09
37:25:00	84	8,20	22,09
37:26:00	84	8,20	22,09
37:27:00	84	8,20	22,09
37:28:00	84	8,20	22,09
37:29:00	84	8,20	22,09
37:30:00	84	8,20	22,09
37:31:00	84	8,20	22,09
37:32:00	84	8,20	22,09
37:33:00	84	8,20	22,09
37:34:00	84	8,20	22,09
37:35:00	84	8,20	22,09
37:36:00	84	8,20	22,09
37:37:00	84	8,20	22,09
37:38:00	84	8,20	22,09
37:39:00	84	8,20	22,09
37:40:00	84	8,20	22,09
37:41:00	84	8,20	22,09
37:42:00	84	8,20	22,09
37:43:00	84	8,20	22,09
37:44:00	84	8,20	22,09
37:45:00	84	8,20	22,09
37:46:00	84	8,19	22,19
37:47:00	84	8,20	22,09
37:48:00	84	8,20	22,09
37:49:00	84	8,19	22,19
37:50:00	84	8,19	22,19
37:51:00	84	8,19	22,19
37:52:00	84	8,19	22,19
37:53:00	84	8,19	22,19
37:54:00	84	8,19	22,19
37:55:00	84	8,19	22,19
37:56:00	84	8,19	22,19
37:57:00	84	8,19	22,19
37:58:00	84	8,19	22,19
37:59:00	84	8,19	22,19
38:00:00	84	8,19	22,19
38:01:00	84	8,19	22,19
38:02:00	84	8,19	22,19
38:03:00	84	8,19	22,19
38:04:00	84	8,19	22,19
38:05:00	84	8,19	22,19
38:06:00	84	8,19	22,19
38:07:00	84	8,19	22,19
38:08:00	84	8,19	22,19
38:09:00	84	8,19	22,19
38:10:00	84	8,19	22,19
38:11:00	84	8,19	22,19
38:12:00	84	8,19	22,19
38:13:00	84	8,19	22,19
38:14:00	84	8,19	22,19
38:15:00	84	8,19	22,19
38:16:00	84	8,19	22,19
38:17:00	84	8,19	22,19
38:18:00	84	8,19	22,19
38:19:00	84	8,19	22,19
38:20:00	84	8,19	22,19
38:21:00	84	8,19	22,19
38:22:00	84	8,19	22,19
38:23:00	84	8,19	22,19
38:24:00	84	8,19	22,19
38:25:00	84	8,19	22,19
38:26:00	84	8,19	22,19
38:27:00	84	8,19	22,19
38:28:00	84	8,19	22,19
38:29:00	84	8,19	22,19
38:30:00	84	8,19	22,19
38:31:00	84	8,19	22,19
38:32:00	84	8,19	22,19
38:33:00	84	8,18	22,29
38:34:00	84	8,18	22,29
38:35:00	84	8,18	22,29
38:36:00	84	8,19	22,19
38:37:00	84	8,19	22,19
38:38:00	84	8,19	22,19
38:39:00	84	8,18	22,29
38:40:00	84	8,18	22,29
38:41:00	84	8,19	22,19
38:42:00	84	8,18	22,29
38:43:00	84	8,18	22,29
38:44:00	84	8,18	22,29
38:45:00	84	8,18	22,29
38:46:00	84	8,18	22,29
38:47:00	84	8,18	22,29
38:48:00	84	8,18	22,29
38:49:00	84	8,18	22,29
38:50:00	84	8,18	22,29
38:51:00	84	8,18	22,29
38:52:00	84	8,18	22,29
38:53:00	84	8,18	22,29
38:54:00	84	8,18	22,29
38:55:00	84	8,18	22,29
38:56:00	84	8,18	22,29
38:57:00	84	8,18	22,29
38:58:00	84	8,18	22,29
38:59:00	84	8,18	22,29
39:00:00	84	8,18	22,29
39:01:00	84	8,18	22,29
39:02:00	84	8,18	22,29
39:03:00	84	8,18	22,29
39:04:00	84	8,18	22,29
39:05:00	84	8,18	22,29
39:06:00	84	8,18	22,29
39:07:00	84	8,18	22,29
39:08:00	84	8,18	22,29
39:09:00	84	8,18	22,29
39:10:00	84	8,18	22,29
39:11:00	84	8,18	22,29
39:12:00	84	8,18	22,29
39:13:00	84	8,18	22,29
39:14:00	84	8,18	22,29
39:15:00	84	8,18	22,29
39:16:00	84	8,18	22,29
39:17:00	84	8,18	22,29
39:18:00	84	8,18	22,29
39:19:00	84	8,18	22,29
39:20:00	84	8,18	22,29
39:21:00	84	8,18	22,29
39:22:00	84	8,18	22,29
39:23:00	84	8,18	22,29
39:24:00	84	8,18	22,29
39:25:00	84	8,18	22,29
39:26:00	84	8,18	22,29
39:27:00	84	8,18	22,29
39:28:00	84	8,18	22,29
39:29:00	84	8,17	22,39
39:30:00	84	8,18	22,29
39:31:00	84	8,17	22,39
39:32:00	84	8,17	22,39
39:33:00	84	8,17	22,39
39:34:00	84	8,17	22,39
39:35:00	84	8,17	22,39
39:36:00	84	8,17	22,39
39:37:00	84	8,17	22,39
39:38:00	84	8,17	22,39
39:39:00	84	8,17	22,39
39:40:00	84	8,17	22,39
39:41:00	84	8,17	22,39
39:42:00	84	8,17	22,39
39:43:00	84	8,17	22,39
39:44:00	84	8,17	22,39
39:45:00	84	8,17	22,39
39:46:00	84	8,17	22,39
39:47:00	84	8,17	22,39
39:48:00	84	8,17	22,39
39:49:00	84	8,17	22,39
39:50:00	84	8,17	22,39
39:51:00	84	8,17	22,39
39:52:00	84	8,17	22,39
39:53:00	84	8,17	22,39
39:54:00	84	8,17	22,39
39:55:00	84	8,17	22,39
39:56:00	84	8,17	22,39
39:57:00	84	8,17	22,39
39:58:00	84	8,17	22,39
39:59:00	84	8,17	22,39
40:00:00	84	8,17	22,39
40:01:00	84	8,17	22,39
40:02:00	84	8,17	22,39
40:03:00	84	8,17	22,39
40:04:00	84	8,17	22,39
40:05:00	84	8,17	22,39
40:06:00	84	8,17	22,39
40:07:00	84	8,17	22,49
40:08:00	84	8,17	22,39
40:09:00	84	8,17	22,39
40:10:00	84	8,17	22,39
40:11:00	84	8,17	22,49
40:12:00	84	8,17	22,39
40:13:00	84	8,17	22,39
40:14:00	84	8,17	22,49
40:15:00	84	8,17	22,49
40:16:00	84	8,17	22,49
40:17:00	84	8,17	22,49
40:18:00	84	8,17	22,39
40:19:00	84	8,17	22,49
40:20:00	84	8,17	22,49
40:21:00	84	8,17	22,49
40:22:00	84	8,17	22,49
40:23:00	84	8,17	22,49
40:24:00	84	8,17	22,49
40:25:00	84	8,17	22,49
40:26:00	84	8,17	22,49
40:27:00	84	8,17	22,49
40:28:00	84	8,17	22,49
40:29:00	84	8,17	22,49
40:30:00	84	8,17	22,49
40:31:00	84	8,17	22,49
40:32:00	84	8,17	22,49
40:33:00	84	8,17	22,49
40:34:00	84	8,17	22,49
40:35:00	84	8,17	22,49
40:36:00	84	8,17	22,49
40:37:00	84	8,17	22,49
40:38:00	84	8,17	22,49
40:39:00	84	8,17	22,49
40:40:00	84	8,17	22,49
40:41:00	84	8,17	22,49
40:42:00	84	8,17	22,49
40:43:00	84	8,17	22,49
40:44:00	84	8,17	22,49
40:45:00	84	8,17	22,49
40:46:00	84	8,17	22,49
40:47:00	84	8,17	22,49
40:48:00	84	8,17	22,49
40:49:00	84	8,17	22,49
40:50:00	84	8,17	22,49
40:51:00	84	8,17	22,49
40:52:00	84	8,17	22,49
40:53:00	84	8,17	22,49
40:54:00	84	8,17	22,49
40:55:00	84	8,17	22,49
40:56:00	84	8,17	22,49
40:57:00	84	8,17	22,49
40:58:00	84	8,17	22,49
40:59:00	84	8,17	22,49
41:00:00	84	8,17	22,49
41:01:00	84	8,17	22,49
41:02:00	84	8,17	22,49
41:03:00	84	8,17	22,49
41:04:00	84	8,17	22,49
41:05:00	84	8,17	22,49
41:06:00	84	8,17	22,49
41:07:00	84	8,17	22,49
41:08:00	84	8,17	22,49
41:09:00	84	8,17	22,49
41:10:00	84	8,17	22,49
41:11:00	84	8,17	22,49
41:12:00	84	8,17	22,49
41:13:00	84	8,17	22,49
41:14:00	84	8,17	22,49
41:15:00	84	8,17	22,49
41:16:00	84	8,17	22,49
41:17:00	84	8,17	22,49
41:18:00	84	8,17	22,49
41:19:00	84	8,17	22,49
41:20:00	84	8,17	22,49
41:21:00	84	8,17	22,49
41:22:00	84	8,17	22,49
41:23:00	84	8,16	22,59
41:24:00	84	8,16	22,59
41:25:00	84	8,17	22,49
41:26:00	84	8,16	22,59
41:27:00	84	8,17	22,49
41:28:00	84	8,16	22,59
41:29:00	84	8,16	22,59
41:30:00	84	8,16	22,59
41:31:00	84	8,16	22,59
41:32:00	84	8,16	22,59
41:33:00	84	8,16	22,59
41:34:00	84	8,16	22,59
41:35:00	84	8,16	22,59
41:36:00	84	8,16	22,59
41:37:00	84	8,16	22,59
41:38:00	84	8,16	22,59
41:39:00	84	8,16	22,59
41:40:00	84	8,16	22,59
41:41:00	84	8,16	22,59
41:42:00	84	8,16	22,59
41:43:00	84	8,16	22,59
41:44:00	84	8,16	22,59
41:45:00	84	8,16	22,59
41:46:00	84	8,16	22,59
41:47:00	84	8,16	22,59
41:48:00	84	8,16	22,59
41:49:00	84	8,16	22,59
41:50:00	84	8,16	22,59
41:51:00	84	8,16	22,59
41:52:00	84	8,16	22,59
41:53:00	84	8,16	22,59
41:54:00	84	8,16	22,59
41:55:00	84	8,16	22,59
41:56:00	84	8,16	22,59
41:57:00	84	8,16	22,59
41:58:00	84	8,16	22,59
41:59:00	84	8,16	22,59
42:00:00	84	8,16	22,59
42:01:00	84	8,16	22,59
42:02:00	84	8,16	22,59
42:03:00	84	8,16	22,59
42:04:00	84	8,16	22,59
42:05:00	84	8,16	22,59
42:06:00	84	8,16	22,59
42:07:00	84	8,16	22,59
42:08:00	84	8,16	22,59
42:09:00	84	8,16	22,59
42:10:00	84	8,16	22,59
42:11:00	84	8,16	22,59
42:12:00	84	8,16	22,59
42:13:00	84	8,16	22,59
42:14:00	84	8,16	22,59
42:15:00	84	8,16	22,59
42:16:00	84	8,16	22,59
42:17:00	84	8,16	22,59
42:18:00	84	8,16	22,59
42:19:00	84	8,16	22,59
42:20:00	84	8,16	22,59
42:21:00	84	8,16	22,59
42:22:00	84	8,16	22,59
42:23:00	84	8,16	22,59
42:24:00	84	8,16	22,59
42:25:00	84	8,16	22,59
42:26:00	84	8,16	22,59
42:27:00	84	8,16	22,59
42:28:00	84	8,16	22,59
42:29:00	84	8,16	22,59
42:30:00	84	8,16	22,59
42:31:00	84	8,16	22,59
42:32:00	84	8,15	22,69
42:33:00	84	8,15	22,69
42:34:00	84	8,16	22,59
42:35:00	84	8,15	22,69
42:36:00	84	8,16	22,59
42:37:00	84	8,15	22,69
42:38:00	84	8,15	22,69
42:39:00	84	8,15	22,69
42:40:00	84	8,15	22,69
42:41:00	84	8,15	22,69
42:42:00	84	8,15	22,69
42:43:00	84	8,15	22,69
42:44:00	84	8,15	22,69
42:45:00	84	8,15	22,69
42:46:00	84	8,15	22,69
42:47:00	84	8,15	22,69
42:48:00	84	8,15	22,69
42:49:00	84	8,15	22,69
42:50:00	84	8,15	22,69
42:51:00	84	8,15	22,69
42:52:00	84	8,15	22,69
42:53:00	84	8,15	22,69
42:54:00	84	8,15	22,69
42:55:00	84	8,15	22,69
42:56:00	84	8,15	22,69
42:57:00	84	8,15	22,69
42:58:00	84	8,15	22,69
42:59:00	84	8,15	22,69
43:00:00	84	8,15	22,69
43:01:00	84	8,15	22,69
43:02:00	84	8,15	22,69
43:03:00	84	8,15	22,69
43:04:00	84	8,15	22,69
43:05:00	84	8,15	22,69
43:06:00	84	8,15	22,69
43:07:00	84	8,15	22,69
43:08:00	84	8,15	22,69
43:09:00	84	8,15	22,69
43:10:00	84	8,15	22,69
43:11:00	84	8,15	22,69
43:12:00	84	8,15	22,69
43:13:00	84	8,15	22,69
43:14:00	84	8,15	22,69
43:15:00	84	8,15	22,69
43:16:00	84	8,15	22,69
43:17:00	84	8,15	22,69
43:18:00	84	8,15	22,69
43:19:00	84	8,15	22,69
43:20:00	84	8,15	22,69
43:21:00	84	8,15	22,69
43:22:00	84	8,15	22,69
43:23:00	84	8,15	22,69
43:24:00	84	8,15	22,69
43:25:00	84	8,15	22,69
43:26:00	84	8,15	22,69
43:27:00	84	8,15	22,69
43:28:00	84	8,15	22,69
43:29:00	84	8,15	22,69
43:30:00	84	8,15	22,69
43:31:00	84	8,15	22,69
43:32:00	84	8,15	22,69
43:33:00	84	8,15	22,69
43:34:00	84	8,15	22,69
43:35:00	84	8,15	22,69
43:36:00	84	8,15	22,69
43:37:00	84	8,15	22,69
43:38:00	84	8,15	22,69
43:39:00	84	8,15	22,69
43:40:00	84	8,15	22,69
43:41:00	84	8,15	22,69
43:42:00	84	8,15	22,69
43:43:00	84	8,14	22,79
43:44:00	84	8,15	22,69
43:45:00	84	8,15	22,69
43:46:00	84	8,15	22,69
43:47:00	84	8,14	22,79
43:48:00	84	8,15	22,69
43:49:00	84	8,15	22,69
43:50:00	84	8,14	22,79
43:51:00	84	8,14	22,79
43:52:00	84	8,14	22,79
43:53:00	84	8,14	22,79
43:54:00	84	8,14	22,79
43:55:00	84	8,14	22,79
43:56:00	84	8,14	22,79
43:57:00	84	8,14	22,79
43:58:00	84	8,14	22,79
43:59:00	84	8,14	22,79
44:00:00	84	8,14	22,79
44:01:00	84	8,14	22,79
44:02:00	84	8,14	22,79
44:03:00	84	8,14	22,79
44:04:00	84	8,14	22,79
44:05:00	84	8,14	22,79
44:06:00	84	8,14	22,79
44:07:00	84	8,14	22,79
44:08:00	84	8,14	22,79
44:09:00	84	8,14	22,79
44:10:00	84	8,14	22,79
44:11:00	84	8,14	22,79
44:12:00	84	8,14	22,79
44:13:00	84	8,14	22,79
44:14:00	84	8,14	22,79
44:15:00	84	8,14	22,79
44:16:00	84	8,14	22,79
44:17:00	84	8,14	22,79
44:18:00	84	8,14	22,79
44:19:00	84	8,14	22,79
44:20:00	84	8,14	22,79
44:21:00	84	8,14	22,79
44:22:00	84	8,14	22,79
44:23:00	84	8,14	22,79
44:24:00	84	8,14	22,79
44:25:00	84	8,14	22,79
44:26:00	84	8,14	22,79
44:27:00	84	8,14	22,79
44:28:00	84	8,14	22,79
44:29:00	84	8,14	22,79
44:30:00	84	8,14	22,79
44:31:00	84	8,14	22,79
44:32:00	84	8,14	22,79
44:33:00	84	8,14	22,79
44:34:00	84	8,14	22,79
44:35:00	84	8,14	22,79
44:36:00	84	8,14	22,79
44:37:00	84	8,14	22,79
44:38:00	84	8,14	22,79
44:39:00	84	8,14	22,79
44:40:00	84	8,14	22,79
44:41:00	84	8,14	22,79
44:42:00	84	8,14	22,79
44:43:00	84	8,14	22,79
44:44:00	84	8,14	22,79
44:45:00	84	8,14	22,79
44:46:00	84	8,14	22,79
44:47:00	84	8,14	22,79
44:48:00	84	8,14	22,79
44:49:00	84	8,14	22,79
44:50:00	84	8,14	22,79
44:51:00	84	8,14	22,89
44:52:00	84	8,14	22,79
44:53:00	84	8,14	22,89
44:54:00	84	8,14	22,79
44:55:00	84	8,14	22,79
44:56:00	84	8,14	22,79
44:57:00	84	8,14	22,79
44:58:00	84	8,14	22,79
44:59:00	84	8,14	22,89
45:00:00	84	8,14	22,89
45:01:00	84	8,14	22,89
45:02:00	84	8,14	22,89
45:03:00	84	8,14	22,89
45:04:00	84	8,14	22,79
45:05:00	84	8,14	22,89
45:06:00	84	8,14	22,89
45:07:00	84	8,14	22,89
45:08:00	84	8,14	22,79
45:09:00	84	8,14	22,79
45:10:00	84	8,14	22,79
45:11:00	84	8,14	22,89
45:12:00	84	8,14	22,89
45:13:00	84	8,14	22,89
45:14:00	84	8,14	22,89
45:15:00	84	8,14	22,89
45:16:00	84	8,14	22,89
45:17:00	84	8,14	22,89
45:18:00	84	8,14	22,89
45:19:00	84	8,14	22,89
45:20:00	84	8,14	22,89
45:21:00	84	8,14	22,89
45:22:00	84	8,14	22,89
45:23:00	84	8,14	22,89
45:24:00	84	8,14	22,89
45:25:00	84	8,14	22,89
45:26:00	84	8,14	22,89
45:27:00	84	8,14	22,89
45:28:00	84	8,14	22,89
45:29:00	84	8,14	22,89
45:30:00	84	8,14	22,89
45:31:00	84	8,14	22,89
45:32:00	84	8,14	22,89
45:33:00	84	8,14	22,89
45:34:00	84	8,14	22,89
45:35:00	84	8,14	22,89
45:36:00	84	8,14	22,89
45:37:00	84	8,14	22,89
45:38:00	84	8,14	22,89
45:39:00	84	8,14	22,89
45:40:00	84	8,14	22,89
45:41:00	84	8,14	22,89
45:42:00	84	8,14	22,89
45:43:00	84	8,14	22,89
45:44:00	84	8,14	22,89
45:45:00	84	8,14	22,89
45:46:00	84	8,14	22,89
45:47:00	84	8,14	22,89
45:48:00	84	8,14	22,89
45:49:00	84	8,14	22,89
45:50:00	84	8,14	22,89
45:51:00	84	8,14	22,89
45:52:00	84	8,14	22,89
45:53:00	84	8,14	22,89
45:54:00	84	8,14	22,89
45:55:00	84	8,14	22,89
45:56:00	84	8,14	22,89
45:57:00	84	8,14	22,89
45:58:00	84	8,14	22,89
45:59:00	84	8,14	22,89
46:00:00	84	8,14	22,89
46:01:00	84	8,14	22,89
46:02:00	84	8,14	22,89
46:03:00	84	8,14	22,89
46:04:00	84	8,14	22,89
46:05:00	84	8,14	22,89
46:06:00	84	8,14	22,89
46:07:00	84	8,14	22,89
46:08:00	84	8,14	22,89
46:09:00	84	8,14	22,89
46:10:00	84	8,14	22,89
46:11:00	84	8,14	22,89
46:12:00	84	8,14	22,89
46:13:00	84	8,14	22,89
46:14:00	84	8,14	22,89
46:15:00	84	8,14	22,89
46:16:00	84	8,14	22,89
46:17:00	84	8,14	22,89
46:18:00	84	8,14	22,89
46:19:00	84	8,14	22,89
46:20:00	84	8,14	22,89
46:21:00	84	8,14	22,89
46:22:00	84	8,14	22,89
46:23:00	84	8,14	22,89
46:24:00	84	8,14	22,89
46:25:00	84	8,14	22,89
46:26:00	84	8,14	22,89
46:27:00	84	8,14	22,89
46:28:00	84	8,14	22,89
46:29:00	84	8,14	22,89
46:30:00	84	8,14	22,89
46:31:00	84	8,14	22,89
46:32:00	84	8,14	22,89
46:33:00	84	8,13	22,99
46:34:00	84	8,13	22,99
46:35:00	84	8,13	22,99
46:36:00	84	8,14	22,89
46:37:00	84	8,13	22,99
46:38:00	84	8,14	22,89
46:39:00	84	8,13	22,99
46:40:00	84	8,13	22,99
46:41:00	84	8,13	22,99
46:42:00	84	8,13	22,99
46:43:00	84	8,13	22,99
46:44:00	84	8,13	22,99
46:45:00	84	8,13	22,99
46:46:00	84	8,13	22,99
46:47:00	84	8,13	22,99
46:48:00	84	8,13	22,99
46:49:00	84	8,13	22,99
46:50:00	84	8,13	22,99
46:51:00	84	8,13	22,99
46:52:00	84	8,13	22,99
46:53:00	84	8,13	22,99
46:54:00	84	8,13	22,99
46:55:00	84	8,13	22,99
46:56:00	84	8,13	22,99
46:57:00	84	8,13	22,99
46:58:00	84	8,13	22,99
46:59:00	84	8,13	22,99
47:00:00	84	8,13	22,99
47:01:00	84	8,13	22,99
47:02:00	84	8,13	22,99
47:03:00	84	8,13	22,99
47:04:00	84	8,13	22,99
47:05:00	84	8,13	22,99
47:06:00	84	8,13	22,99
47:07:00	84	8,13	22,99
47:08:00	84	8,13	22,99
47:09:00	84	8,13	22,99
47:10:00	84	8,13	22,99
47:11:00	84	8,13	22,99
47:12:00	84	8,13	22,99
47:13:00	84	8,13	22,99
47:14:00	84	8,13	22,99
47:15:00	84	8,13	22,99
47:16:00	84	8,13	22,99
47:17:00	84	8,13	22,99
47:18:00	84	8,13	22,99
47:19:00	84	8,13	22,99
47:20:00	84	8,13	22,99
47:21:00	84	8,13	22,99
47:22:00	84	8,13	22,99
47:23:00	84	8,13	22,99
47:24:00	84	8,13	22,99
47:25:00	84	8,13	22,99
47:26:00	84	8,13	22,99
47:27:00	84	8,13	22,99
47:28:00	84	8,13	22,99
47:29:00	84	8,13	22,99
47:30:00	84	8,13	22,99
47:31:00	84	8,13	22,99
47:32:00	84	8,13	22,99
47:33:00	84	8,13	22,99
47:34:00	84	8,13	22,99
47:35:00	84	8,13	22,99
47:36:00	84	8,13	22,99
47:37:00	84	8,13	22,99
47:38:00	84	8,13	22,99
47:39:00	84	8,13	22,99
47:40:00	84	8,13	22,99
47:41:00	84	8,12	23,09
47:42:00	84	8,13	22,99
47:43:00	84	8,13	22,99
47:44:00	84	8,13	22,99
47:45:00	84	8,13	22,99
47:46:00	84	8,13	22,99
47:47:00	84	8,13	22,99
47:48:00	84	8,13	22,99
47:49:00	84	8,13	22,99
47:50:00	84	8,12	23,09
47:51:00	84	8,13	22,99
47:52:00	84	8,12	23,09
47:53:00	84	8,13	22,99
47:54:00	84	8,13	22,99
47:55:00	84	8,13	22,99
47:56:00	84	8,13	22,99
47:57:00	84	8,13	22,99
47:58:00	84	8,13	22,99
47:59:00	84	8,13	22,99
48:00:00	84	8,13	22,99
48:01:00	84	8,13	22,99
48:02:00	84	8,13	22,99
48:03:00	84	8,13	22,99
48:04:00	84	8,13	22,99
48:05:00	84	8,13	22,99
48:06:00	84	8,13	22,99
48:07:00	84	8,12	23,09
48:08:00	84	8,12	23,09
48:09:00	84	8,13	22,99
48:10:00	84	8,13	22,99
48:11:00	84	8,12	23,09
48:12:00	84	8,13	22,99
48:13:00	84	8,12	23,09
48:14:00	84	8,12	23,09
48:15:00	84	8,12	23,09
48:16:00	84	8,12	23,09
48:17:00	84	8,12	23,09
48:18:00	84	8,12	23,09
48:19:00	84	8,12	23,09
48:20:00	84	8,12	23,09
48:21:00	84	8,12	23,09
48:22:00	84	8,12	23,09
48:23:00	84	8,12	23,09
48:24:00	84	8,12	23,09
48:25:00	84	8,12	23,09
48:26:00	84	8,12	23,09
48:27:00	84	8,12	23,09
48:28:00	84	8,12	23,09
48:29:00	84	8,12	23,09
48:30:00	84	8,12	23,09
48:31:00	84	8,12	23,09
48:32:00	84	8,12	23,09
48:33:00	84	8,12	23,09
48:34:00	84	8,12	23,09
48:35:00	84	8,12	23,09
48:36:00	84	8,12	23,09
48:37:00	84	8,12	23,09
48:38:00	84	8,12	23,09
48:39:00	84	8,12	23,09
48:40:00	84	8,12	23,09
48:41:00	84	8,12	23,09
48:42:00	84	8,12	23,09
48:43:00	84	8,12	23,09
48:44:00	84	8,12	23,09
48:45:00	84	8,12	23,09
48:46:00	84	8,12	23,09
48:47:00	84	8,12	23,09
48:48:00	84	8,12	23,09
48:49:00	84	8,12	23,09
48:50:00	84	8,12	23,09
48:51:00	84	8,12	23,09
48:52:00	84	8,12	23,09
48:53:00	84	8,12	23,09
48:54:00	84	8,12	23,09
48:55:00	84	8,12	23,09
48:56:00	84	8,12	23,09
48:57:00	84	8,12	23,09
48:58:00	84	8,12	23,09
48:59:00	84	8,12	23,09
49:00:00	84	8,12	23,09
49:01:00	84	8,12	23,09
49:02:00	84	8,12	23,09
49:03:00	84	8,12	23,09
49:04:00	84	8,12	23,09
49:05:00	84	8,12	23,09
49:06:00	84	8,12	23,09
49:07:00	84	8,12	23,09
49:08:00	84	8,12	23,09
49:09:00	84	8,12	23,09
49:10:00	84	8,12	23,09
49:11:00	84	8,12	23,09
49:12:00	84	8,12	23,09
49:13:00	84	8,12	23,09
49:14:00	84	8,12	23,09
49:15:00	84	8,12	23,09
49:16:00	84	8,12	23,09
49:17:00	84	8,12	23,09
49:18:00	84	8,12	23,09
49:19:00	84	8,12	23,09
49:20:00	84	8,12	23,09
49:21:00	84	8,12	23,09
49:22:00	84	8,12	23,09
49:23:00	84	8,12	23,09
49:24:00	84	8,12	23,09
49:25:00	84	8,12	23,09
49:26:00	84	8,12	23,09
49:27:00	84	8,12	23,09
49:28:00	84	8,12	23,09
49:29:00	84	8,12	23,09
49:30:00	84	8,12	23,09
49:31:00	84	8,12	23,09
49:32:00	84	8,12	23,09
49:33:00	84	8,12	23,09
49:34:00	84	8,12	23,09
49:35:00	84	8,12	23,09
49:36:00	84	8,12	23,09
49:37:00	84	8,12	23,09
49:38:00	84	8,12	23,09
49:39:00	84	8,12	23,09
49:40:00	84	8,12	23,09
49:41:00	84	8,12	23,09
49:42:00	84	8,12	23,09
49:43:00	84	8,12	23,09
49:44:00	84	8,12	23,09
49:45:00	84	8,12	23,09
49:46:00	84	8,12	23,09
49:47:00	84	8,12	23,09
49:48:00	84	8,12	23,09
49:49:00	84	8,12	23,09
49:50:00	84	8,12	23,09
49:51:00	84	8,12	23,09
49:52:00	84	8,12	23,09
49:53:00	84	8,11	23,20
49:54:00	84	8,11	23,20
49:55:00	84	8,12	23,09
49:56:00	84	8,11	23,20
49:57:00	84	8,12	23,09
49:58:00	84	8,11	23,20
49:59:00	84	8,12	23,09
50:00:00	84	8,12	23,09
50:01:00	84	8,12	23,09
50:02:00	84	8,12	23,09
50:03:00	84	8,12	23,09
50:04:00	84	8,11	23,20
50:05:00	84	8,11	23,20
50:06:00	84	8,11	23,20
50:07:00	84	8,11	23,20
50:08:00	84	8,11	23,20
50:09:00	84	8,11	23,20
50:10:00	84	8,11	23,20
50:11:00	84	8,11	23,20
50:12:00	84	8,11	23,20
