--Test Summary--
Full Path and File Name	
Instrument Name	4262R
Instrument Type	Model 4262 Twin Cell UCA
Instrument Serial Number	111R
Test Start Date	25.10.2005
Test Start Time	22:22:21
Test Stop Date	28.10.2005
Test Stop Time	1:38:39
Test Length	51:16:18
Final Sample Time Offset	51:16:00
Controller Schedule Name	
Sampling Period	60 seconds
Comments	T:80C(77min), 102C(240min),  Inzyrey cement, field water, dry-blending
Information	WellID	255
Information	Customer	LUKoil-Sever
Information	CementClass	G
Information	CementMfr	Duckerhoff
Information	Additives	0.4%FL+0.6%RPM
Information	Density	1920
Information	BHCT	80
Information	BHST	102
Information	FluidLoss	n/a
Information	JobType	168.3 mm Prod. csg. tail slurry
Calculated Value	CS_50	14:03:00
Calculated Value	CS_500	18:52:00
Calculated Value	CS_Time8h	0,00 MPa
Calculated Value	CS_Time16h	1,30 MPa
Calculated Value	CS_Time24h	8,35 MPa
Calculated Value	CS_Time48h	23,24 MPa
Calculated Value	CS_Time72h	N/A
Calculated Curve	Compressive Strength	Compressive strength type B (more than 14 lb/gal)
Initial Temperature (°C)	24 °C
Final Temperature (°C)	25 °C
Initial Transit Time (microsec/in)	16,38 microsec/in
Final Transit Time (microsec/in)	8,03 microsec/in
Initial Compressive Strength (MPa)	0,00 MPa
Final Compressive Strength (MPa)	24,40 MPa
--Data--
Time (HH:MM:SS)	Temperature (°C)	Transit Time (microsec/in)	Compressive Strength (MPa)
0:00:00	24	16,38	0,00
0:01:00	23	16,38	0,00
0:02:00	23	16,38	0,00
0:03:00	23	16,38	0,00
0:04:00	23	16,39	0,00
0:05:00	23	16,39	0,00
0:06:00	23	16,39	0,00
0:07:00	23	16,39	0,00
0:08:00	23	16,40	0,00
0:09:00	23	16,40	0,00
0:10:00	23	16,40	0,00
0:11:00	23	16,40	0,00
0:12:00	23	16,40	0,00
0:13:00	23	16,40	0,00
0:14:00	23	16,41	0,00
0:15:00	23	16,41	0,00
0:16:00	23	16,41	0,00
0:17:00	23	16,38	0,00
0:18:00	23	16,38	0,00
0:19:00	23	16,38	0,00
0:20:00	23	16,38	0,00
0:21:00	23	16,38	0,00
0:22:00	23	16,38	0,00
0:23:00	23	16,39	0,00
0:24:00	23	16,39	0,00
0:25:00	23	16,39	0,00
0:26:00	23	16,39	0,00
0:27:00	23	16,39	0,00
0:28:00	23	16,40	0,00
0:29:00	23	16,40	0,00
0:30:00	23	16,39	0,00
0:31:00	23	16,39	0,00
0:32:00	23	16,39	0,00
0:33:00	23	16,40	0,00
0:34:00	23	16,40	0,00
0:35:00	23	16,40	0,00
0:36:00	23	16,40	0,00
0:37:00	23	16,40	0,00
0:38:00	23	16,40	0,00
0:39:00	23	16,40	0,00
0:40:00	23	16,41	0,00
0:41:00	23	16,41	0,00
0:42:00	23	16,40	0,00
0:43:00	23	16,41	0,00
0:44:00	23	16,41	0,00
0:45:00	23	16,41	0,00
0:46:00	23	16,41	0,00
0:47:00	24	16,38	0,00
0:48:00	23	16,38	0,00
0:49:00	23	16,38	0,00
0:50:00	23	16,38	0,00
0:51:00	23	16,38	0,00
0:52:00	23	16,38	0,00
0:53:00	23	16,38	0,00
0:54:00	23	16,38	0,00
0:55:00	23	16,38	0,00
0:56:00	23	16,38	0,00
0:57:00	23	16,39	0,00
0:58:00	24	16,39	0,00
0:59:00	24	16,39	0,00
1:00:00	23	16,38	0,00
1:01:00	23	16,39	0,00
1:02:00	23	16,39	0,00
1:03:00	23	16,39	0,00
1:04:00	23	16,39	0,00
1:05:00	23	16,39	0,00
1:06:00	23	16,39	0,00
1:07:00	23	16,40	0,00
1:08:00	23	16,40	0,00
1:09:00	23	16,40	0,00
1:10:00	23	16,40	0,00
1:11:00	23	16,40	0,00
1:12:00	24	16,39	0,00
1:13:00	23	16,40	0,00
1:14:00	24	16,40	0,00
1:15:00	24	16,40	0,00
1:16:00	23	16,40	0,00
1:17:00	23	16,40	0,00
1:18:00	24	16,40	0,00
1:19:00	23	16,38	0,00
1:20:00	23	16,38	0,00
1:21:00	24	16,38	0,00
1:22:00	23	16,38	0,00
1:23:00	23	16,38	0,00
1:24:00	23	16,38	0,00
1:25:00	24	16,38	0,00
1:26:00	24	16,38	0,00
1:27:00	23	16,38	0,00
1:28:00	23	16,38	0,00
1:29:00	23	16,38	0,00
1:30:00	24	16,38	0,00
1:31:00	23	16,38	0,00
1:32:00	24	16,38	0,00
1:33:00	24	16,38	0,00
1:34:00	24	16,38	0,00
1:35:00	24	16,38	0,00
1:36:00	24	16,38	0,00
1:37:00	24	16,38	0,00
1:38:00	24	16,38	0,00
1:39:00	24	16,38	0,00
1:40:00	23	16,38	0,00
1:41:00	23	16,39	0,00
1:42:00	23	16,39	0,00
1:43:00	24	16,39	0,00
1:44:00	23	16,39	0,00
1:45:00	24	16,39	0,00
1:46:00	24	16,39	0,00
1:47:00	24	16,39	0,00
1:48:00	24	16,39	0,00
1:49:00	24	16,36	0,00
1:50:00	24	16,37	0,00
1:51:00	23	16,37	0,00
1:52:00	24	16,37	0,00
1:53:00	24	16,37	0,00
1:54:00	23	16,37	0,00
1:55:00	24	16,37	0,00
1:56:00	24	16,37	0,00
1:57:00	23	16,37	0,00
1:58:00	24	16,37	0,00
1:59:00	24	16,37	0,00
2:00:00	24	16,37	0,00
2:01:00	24	16,37	0,00
2:02:00	24	16,37	0,00
2:03:00	24	16,37	0,00
2:04:00	24	16,37	0,00
2:05:00	24	16,37	0,00
2:06:00	24	16,38	0,00
2:07:00	24	16,38	0,00
2:08:00	23	16,37	0,00
2:09:00	24	16,37	0,00
2:10:00	24	16,37	0,00
2:11:00	24	16,38	0,00
2:12:00	24	16,37	0,00
2:13:00	24	16,37	0,00
2:14:00	24	16,37	0,00
2:15:00	24	16,37	0,00
2:16:00	24	16,37	0,00
2:17:00	24	16,37	0,00
2:18:00	24	16,37	0,00
2:19:00	24	16,37	0,00
2:20:00	24	16,37	0,00
2:21:00	24	16,37	0,00
2:22:00	24	16,37	0,00
2:23:00	23	16,37	0,00
2:24:00	24	16,37	0,00
2:25:00	24	16,37	0,00
2:26:00	24	16,37	0,00
2:27:00	24	16,37	0,00
2:28:00	24	16,37	0,00
2:29:00	24	16,37	0,00
2:30:00	24	16,37	0,00
2:31:00	24	16,37	0,00
2:32:00	24	16,37	0,00
2:33:00	24	16,36	0,00
2:34:00	24	16,37	0,00
2:35:00	24	16,37	0,00
2:36:00	24	16,37	0,00
2:37:00	24	16,37	0,00
2:38:00	24	16,37	0,00
2:39:00	24	16,37	0,00
2:40:00	24	16,37	0,00
2:41:00	24	16,37	0,00
2:42:00	24	16,37	0,00
2:43:00	24	16,37	0,00
2:44:00	24	16,37	0,00
2:45:00	24	16,37	0,00
2:46:00	24	16,37	0,00
2:47:00	24	16,36	0,00
2:48:00	24	16,37	0,00
2:49:00	24	16,36	0,00
2:50:00	24	16,37	0,00
2:51:00	24	16,37	0,00
2:52:00	24	16,37	0,00
2:53:00	24	16,36	0,00
2:54:00	24	16,37	0,00
2:55:00	24	16,37	0,00
2:56:00	24	16,37	0,00
2:57:00	24	16,37	0,00
2:58:00	24	16,37	0,00
2:59:00	24	16,37	0,00
3:00:00	24	16,37	0,00
3:01:00	24	16,37	0,00
3:02:00	24	16,37	0,00
3:03:00	24	16,37	0,00
3:04:00	24	16,37	0,00
3:05:00	24	16,37	0,00
3:06:00	24	16,37	0,00
3:07:00	24	16,37	0,00
3:08:00	24	16,37	0,00
3:09:00	24	16,37	0,00
3:10:00	24	16,35	0,01
3:11:00	24	16,35	0,01
3:12:00	24	16,34	0,01
3:13:00	24	16,35	0,01
3:14:00	24	16,34	0,01
3:15:00	24	16,35	0,01
3:16:00	24	16,34	0,01
3:17:00	24	16,34	0,01
3:18:00	24	16,34	0,01
3:19:00	24	16,34	0,01
3:20:00	24	16,34	0,01
3:21:00	24	16,34	0,01
3:22:00	24	16,35	0,01
3:23:00	24	16,34	0,01
3:24:00	24	16,34	0,01
3:25:00	24	16,34	0,01
3:26:00	24	16,35	0,01
3:27:00	24	16,35	0,01
3:28:00	24	16,34	0,01
3:29:00	24	16,34	0,01
3:30:00	24	16,35	0,01
3:31:00	24	16,35	0,01
3:32:00	24	16,35	0,01
3:33:00	24	16,35	0,01
3:34:00	24	16,34	0,01
3:35:00	24	16,35	0,01
3:36:00	24	16,35	0,01
3:37:00	24	16,35	0,01
3:38:00	24	16,35	0,01
3:39:00	24	16,35	0,01
3:40:00	24	16,35	0,01
3:41:00	24	16,35	0,01
3:42:00	24	16,35	0,01
3:43:00	24	16,35	0,01
3:44:00	24	16,35	0,01
3:45:00	24	16,35	0,01
3:46:00	24	16,35	0,01
3:47:00	24	16,35	0,01
3:48:00	24	16,35	0,01
3:49:00	24	16,35	0,01
3:50:00	24	16,35	0,01
3:51:00	24	16,35	0,01
3:52:00	24	16,35	0,01
3:53:00	24	16,35	0,01
3:54:00	24	16,32	0,01
3:55:00	24	16,32	0,01
3:56:00	24	16,33	0,01
3:57:00	24	16,33	0,01
3:58:00	24	16,32	0,01
3:59:00	24	16,33	0,01
4:00:00	24	16,33	0,01
4:01:00	24	16,32	0,01
4:02:00	24	16,33	0,01
4:03:00	24	16,33	0,01
4:04:00	24	16,32	0,01
4:05:00	24	16,33	0,01
4:06:00	24	16,32	0,01
4:07:00	24	16,32	0,01
4:08:00	24	16,33	0,01
4:09:00	24	16,33	0,01
4:10:00	24	16,33	0,01
4:11:00	24	16,33	0,01
4:12:00	24	16,33	0,01
4:13:00	24	16,32	0,01
4:14:00	24	16,33	0,01
4:15:00	24	16,33	0,01
4:16:00	24	16,33	0,01
4:17:00	24	16,33	0,01
4:18:00	24	16,32	0,01
4:19:00	25	16,33	0,01
4:20:00	24	16,33	0,01
4:21:00	25	16,33	0,01
4:22:00	24	16,33	0,01
4:23:00	24	16,33	0,01
4:24:00	24	16,33	0,01
4:25:00	24	16,33	0,01
4:26:00	24	16,34	0,01
4:27:00	25	16,33	0,01
4:28:00	24	16,33	0,01
4:29:00	24	16,33	0,01
4:30:00	24	16,33	0,01
4:31:00	24	16,33	0,01
4:32:00	24	16,33	0,01
4:33:00	24	16,33	0,01
4:34:00	24	16,34	0,01
4:35:00	24	16,34	0,01
4:36:00	24	16,34	0,01
4:37:00	24	16,33	0,01
4:38:00	24	16,34	0,01
4:39:00	24	16,34	0,01
4:40:00	24	16,33	0,01
4:41:00	24	16,34	0,01
4:42:00	24	16,34	0,01
4:43:00	24	16,34	0,01
4:44:00	24	16,32	0,02
4:45:00	25	16,32	0,02
4:46:00	24	16,32	0,02
4:47:00	24	16,32	0,02
4:48:00	25	16,32	0,01
4:49:00	24	16,32	0,02
4:50:00	25	16,32	0,02
4:51:00	24	16,32	0,02
4:52:00	25	16,32	0,02
4:53:00	24	16,32	0,02
4:54:00	24	16,32	0,01
4:55:00	24	16,32	0,01
4:56:00	24	16,32	0,01
4:57:00	24	16,32	0,02
4:58:00	24	16,32	0,02
4:59:00	25	16,32	0,02
5:00:00	24	16,32	0,01
5:01:00	24	16,32	0,01
5:02:00	25	16,32	0,02
5:03:00	25	16,32	0,01
5:04:00	24	16,32	0,01
5:05:00	24	16,32	0,01
5:06:00	25	16,32	0,01
5:07:00	25	16,32	0,01
5:08:00	25	16,33	0,01
5:09:00	24	16,32	0,01
5:10:00	24	16,32	0,01
5:11:00	24	16,33	0,01
5:12:00	24	16,33	0,01
5:13:00	25	16,32	0,01
5:14:00	25	16,32	0,01
5:15:00	25	16,33	0,01
5:16:00	25	16,32	0,01
5:17:00	25	16,32	0,01
5:18:00	24	16,32	0,01
5:19:00	24	16,33	0,01
5:20:00	25	16,33	0,01
5:21:00	25	16,32	0,01
5:22:00	25	16,33	0,01
5:23:00	24	16,33	0,01
5:24:00	24	16,33	0,01
5:25:00	25	16,33	0,01
5:26:00	25	16,33	0,01
5:27:00	25	16,33	0,01
5:28:00	24	16,33	0,01
5:29:00	24	16,33	0,01
5:30:00	24	16,34	0,01
5:31:00	25	16,34	0,01
5:32:00	25	16,34	0,01
5:33:00	24	16,33	0,01
5:34:00	25	16,34	0,01
5:35:00	25	16,35	0,01
5:36:00	25	16,32	0,02
5:37:00	25	16,32	0,02
5:38:00	25	16,32	0,02
5:39:00	25	16,32	0,02
5:40:00	24	16,32	0,02
5:41:00	25	16,32	0,02
5:42:00	24	16,32	0,02
5:43:00	24	16,32	0,01
5:44:00	25	16,32	0,02
5:45:00	25	16,32	0,02
5:46:00	25	16,32	0,02
5:47:00	24	16,32	0,01
5:48:00	24	16,32	0,01
5:49:00	25	16,32	0,02
5:50:00	24	16,32	0,01
5:51:00	25	16,32	0,01
5:52:00	25	16,32	0,01
5:53:00	25	16,32	0,01
5:54:00	25	16,32	0,01
5:55:00	25	16,32	0,01
5:56:00	24	16,32	0,01
5:57:00	25	16,32	0,01
5:58:00	25	16,32	0,01
5:59:00	25	16,32	0,01
6:00:00	25	16,32	0,01
6:01:00	24	16,32	0,01
6:02:00	25	16,33	0,01
6:03:00	25	16,33	0,01
6:04:00	25	16,33	0,01
6:05:00	25	16,33	0,01
6:06:00	25	16,33	0,01
6:07:00	24	16,33	0,01
6:08:00	25	16,33	0,01
6:09:00	25	16,33	0,01
6:10:00	25	16,33	0,01
6:11:00	25	16,34	0,01
6:12:00	25	16,33	0,01
6:13:00	25	16,34	0,01
6:14:00	25	16,34	0,01
6:15:00	25	16,34	0,01
6:16:00	25	16,34	0,01
6:17:00	25	16,34	0,01
6:18:00	25	16,35	0,01
6:19:00	25	16,33	0,01
6:20:00	25	16,35	0,01
6:21:00	25	16,34	0,01
6:22:00	25	16,34	0,01
6:23:00	25	16,34	0,01
6:24:00	24	16,34	0,01
6:25:00	25	16,34	0,01
6:26:00	25	16,35	0,01
6:27:00	25	16,34	0,01
6:28:00	25	16,35	0,01
6:29:00	24	16,35	0,01
6:30:00	25	16,35	0,01
6:31:00	25	16,32	0,01
6:32:00	25	16,32	0,01
6:33:00	25	16,32	0,01
6:34:00	25	16,32	0,01
6:35:00	25	16,33	0,01
6:36:00	25	16,32	0,01
6:37:00	25	16,32	0,01
6:38:00	25	16,33	0,01
6:39:00	25	16,32	0,01
6:40:00	25	16,33	0,01
6:41:00	25	16,32	0,01
6:42:00	25	16,33	0,01
6:43:00	25	16,33	0,01
6:44:00	25	16,34	0,01
6:45:00	25	16,34	0,01
6:46:00	24	16,34	0,01
6:47:00	25	16,34	0,01
6:48:00	25	16,34	0,01
6:49:00	25	16,34	0,01
6:50:00	25	16,34	0,01
6:51:00	25	16,34	0,01
6:52:00	24	16,34	0,01
6:53:00	25	16,34	0,01
6:54:00	25	16,34	0,01
6:55:00	24	16,35	0,01
6:56:00	25	16,35	0,01
6:57:00	25	16,35	0,01
6:58:00	25	16,35	0,01
6:59:00	24	16,35	0,01
7:00:00	25	16,35	0,01
7:01:00	25	16,35	0,01
7:02:00	25	16,35	0,01
7:03:00	25	16,35	0,01
7:04:00	25	16,35	0,01
7:05:00	25	16,35	0,01
7:06:00	25	16,35	0,01
7:07:00	25	16,35	0,01
7:08:00	25	16,35	0,01
7:09:00	25	16,35	0,01
7:10:00	25	16,35	0,01
7:11:00	25	16,35	0,01
7:12:00	25	16,35	0,01
7:13:00	25	16,36	0,00
7:14:00	25	16,35	0,01
7:15:00	24	16,36	0,00
7:16:00	25	16,36	0,00
7:17:00	25	16,33	0,01
7:18:00	25	16,35	0,01
7:19:00	25	16,35	0,01
7:20:00	24	16,35	0,01
7:21:00	25	16,35	0,01
7:22:00	25	16,34	0,01
7:23:00	25	16,34	0,01
7:24:00	25	16,35	0,01
7:25:00	25	16,35	0,01
7:26:00	25	16,35	0,01
7:27:00	25	16,35	0,01
7:28:00	24	16,35	0,01
7:29:00	24	16,35	0,01
7:30:00	25	16,35	0,01
7:31:00	25	16,35	0,01
7:32:00	25	16,35	0,01
7:33:00	25	16,35	0,01
7:34:00	25	16,36	0,00
7:35:00	25	16,35	0,01
7:36:00	25	16,35	0,01
7:37:00	25	16,35	0,01
7:38:00	25	16,36	0,00
7:39:00	25	16,36	0,00
7:40:00	25	16,36	0,00
7:41:00	25	16,36	0,00
7:42:00	25	16,36	0,00
7:43:00	25	16,36	0,00
7:44:00	25	16,36	0,00
7:45:00	25	16,36	0,00
7:46:00	25	16,36	0,00
7:47:00	25	16,37	0,00
7:48:00	25	16,37	0,00
7:49:00	25	16,37	0,00
7:50:00	25	16,37	0,00
7:51:00	25	16,37	0,00
7:52:00	25	16,37	0,00
7:53:00	25	16,37	0,00
7:54:00	25	16,37	0,00
7:55:00	25	16,38	0,00
7:56:00	25	16,38	0,00
7:57:00	25	16,38	0,00
7:58:00	24	16,38	0,00
7:59:00	25	16,38	0,00
8:00:00	25	16,38	0,00
8:01:00	25	16,38	0,00
8:02:00	24	16,38	0,00
8:03:00	25	16,38	0,00
8:04:00	25	16,38	0,00
8:05:00	24	16,38	0,00
8:06:00	25	16,38	0,00
8:07:00	25	16,38	0,00
8:08:00	25	16,38	0,00
8:09:00	25	16,38	0,00
8:10:00	25	16,38	0,00
8:11:00	24	16,38	0,00
8:12:00	25	16,38	0,00
8:13:00	25	16,39	0,00
8:14:00	25	16,39	0,00
8:15:00	25	16,39	0,00
8:16:00	25	16,39	0,00
8:17:00	25	16,39	0,00
8:18:00	25	16,39	0,00
8:19:00	25	16,40	0,00
8:20:00	25	16,39	0,00
8:21:00	25	16,40	0,00
8:22:00	25	16,40	0,00
8:23:00	24	16,40	0,00
8:24:00	25	16,40	0,00
8:25:00	25	16,40	0,00
8:26:00	25	16,41	0,00
8:27:00	25	16,41	0,00
8:28:00	25	16,41	0,00
8:29:00	25	16,41	0,00
8:30:00	25	16,41	0,00
8:31:00	25	16,41	0,00
8:32:00	25	16,41	0,00
8:33:00	25	16,41	0,00
8:34:00	25	16,41	0,00
8:35:00	24	16,41	0,00
8:36:00	24	16,41	0,00
8:37:00	25	16,41	0,00
8:38:00	25	16,41	0,00
8:39:00	25	16,42	0,00
8:40:00	25	16,42	0,00
8:41:00	25	16,42	0,00
8:42:00	25	16,42	0,00
8:43:00	25	16,43	0,00
8:44:00	24	16,42	0,00
8:45:00	25	16,43	0,00
8:46:00	24	16,43	0,00
8:47:00	25	16,43	0,00
8:48:00	25	16,44	0,00
8:49:00	24	16,44	0,00
8:50:00	25	16,44	0,00
8:51:00	25	16,44	0,00
8:52:00	25	16,45	0,00
8:53:00	25	16,44	0,00
8:54:00	25	16,45	0,00
8:55:00	25	16,45	0,00
8:56:00	25	16,45	0,00
8:57:00	25	16,45	0,00
8:58:00	25	16,45	0,00
8:59:00	25	16,45	0,00
9:00:00	25	16,46	0,00
9:01:00	25	16,46	0,00
9:02:00	25	16,46	0,00
9:03:00	25	16,46	0,00
9:04:00	25	16,47	0,00
9:05:00	24	16,47	0,00
9:06:00	25	16,47	0,00
9:07:00	24	16,47	0,00
9:08:00	24	16,47	0,00
9:09:00	25	16,47	0,00
9:10:00	25	16,48	0,00
9:11:00	25	16,47	0,00
9:12:00	24	16,48	0,00
9:13:00	25	16,48	0,00
9:14:00	25	16,49	0,00
9:15:00	25	16,49	0,00
9:16:00	25	16,49	0,00
9:17:00	24	16,50	0,00
9:18:00	24	16,50	0,00
9:19:00	25	16,50	0,00
9:20:00	25	16,50	0,00
9:21:00	25	16,50	0,00
9:22:00	25	16,51	0,00
9:23:00	25	16,51	0,00
9:24:00	25	16,51	0,00
9:25:00	24	16,52	0,00
9:26:00	25	16,53	0,00
9:27:00	25	16,53	0,00
9:28:00	25	16,53	0,00
9:29:00	25	16,53	0,00
9:30:00	25	16,53	0,00
9:31:00	25	16,53	0,00
9:32:00	24	16,54	0,00
9:33:00	25	16,54	0,00
9:34:00	25	16,54	0,00
9:35:00	25	16,55	0,00
9:36:00	25	16,55	0,00
9:37:00	24	16,56	0,00
9:38:00	25	16,56	0,00
9:39:00	25	16,56	0,00
9:40:00	25	16,56	0,00
9:41:00	25	16,56	0,00
9:42:00	25	16,57	0,00
9:43:00	25	16,58	0,00
9:44:00	25	16,58	0,00
9:45:00	24	16,58	0,00
9:46:00	24	16,59	0,00
9:47:00	25	16,59	0,00
9:48:00	25	16,59	0,00
9:49:00	25	16,59	0,00
9:50:00	25	16,60	0,00
9:51:00	25	16,60	0,00
9:52:00	25	16,60	0,00
9:53:00	25	16,61	0,00
9:54:00	25	16,61	0,00
9:55:00	25	16,62	0,00
9:56:00	25	16,62	0,00
9:57:00	24	16,62	0,00
9:58:00	25	16,62	0,00
9:59:00	25	16,63	0,00
10:00:00	25	16,63	0,00
10:01:00	25	16,63	0,00
10:02:00	25	16,64	0,00
10:03:00	25	16,65	0,00
10:04:00	25	16,65	0,00
10:05:00	24	16,65	0,00
10:06:00	25	16,65	0,00
10:07:00	25	16,65	0,00
10:08:00	25	16,65	0,00
10:09:00	24	16,66	0,00
10:10:00	25	16,66	0,00
10:11:00	25	16,67	0,00
10:12:00	25	16,67	0,00
10:13:00	25	16,68	0,00
10:14:00	24	16,68	0,00
10:15:00	24	16,68	0,00
10:16:00	25	16,68	0,00
10:17:00	25	16,68	0,00
10:18:00	24	16,68	0,00
10:19:00	25	16,69	0,00
10:20:00	25	16,69	0,00
10:21:00	25	16,69	0,00
10:22:00	25	16,69	0,00
10:23:00	25	16,70	0,00
10:24:00	24	16,70	0,00
10:25:00	25	16,70	0,00
10:26:00	25	16,71	0,00
10:27:00	25	16,71	0,00
10:28:00	25	16,71	0,00
10:29:00	25	16,71	0,00
10:30:00	25	16,71	0,00
10:31:00	25	16,71	0,00
10:32:00	25	16,72	0,00
10:33:00	25	16,72	0,00
10:34:00	25	16,72	0,00
10:35:00	24	16,72	0,00
10:36:00	25	16,73	0,00
10:37:00	25	16,73	0,00
10:38:00	25	16,73	0,00
10:39:00	25	16,74	0,00
10:40:00	24	16,74	0,00
10:41:00	25	16,74	0,00
10:42:00	25	16,74	0,00
10:43:00	25	16,74	0,00
10:44:00	25	16,74	0,00
10:45:00	25	16,74	0,00
10:46:00	25	16,74	0,00
10:47:00	24	16,74	0,00
10:48:00	25	16,74	0,00
10:49:00	25	16,74	0,00
10:50:00	25	16,74	0,00
10:51:00	24	16,75	0,00
10:52:00	25	16,75	0,00
10:53:00	25	16,75	0,00
10:54:00	25	16,75	0,00
10:55:00	25	16,75	0,00
10:56:00	25	16,75	0,00
10:57:00	25	16,75	0,00
10:58:00	25	16,75	0,00
10:59:00	25	16,76	0,00
11:00:00	24	16,76	0,00
11:01:00	25	16,76	0,00
11:02:00	25	16,76	0,00
11:03:00	25	16,76	0,00
11:04:00	24	16,76	0,00
11:05:00	25	16,76	0,00
11:06:00	25	16,76	0,00
11:07:00	25	16,76	0,00
11:08:00	25	16,76	0,00
11:09:00	25	16,76	0,00
11:10:00	25	16,76	0,00
11:11:00	25	16,76	0,00
11:12:00	25	16,76	0,00
11:13:00	24	16,76	0,00
11:14:00	25	16,76	0,00
11:15:00	25	16,76	0,00
11:16:00	25	16,75	0,00
11:17:00	24	16,76	0,00
11:18:00	25	16,75	0,00
11:19:00	25	16,75	0,00
11:20:00	25	16,75	0,00
11:21:00	25	16,75	0,00
11:22:00	25	16,75	0,00
11:23:00	25	16,74	0,00
11:24:00	25	16,74	0,00
11:25:00	25	16,74	0,00
11:26:00	25	16,74	0,00
11:27:00	24	16,74	0,00
11:28:00	25	16,74	0,00
11:29:00	24	16,74	0,00
11:30:00	25	16,74	0,00
11:31:00	25	16,73	0,00
11:32:00	25	16,73	0,00
11:33:00	25	16,73	0,00
11:34:00	25	16,73	0,00
11:35:00	25	16,72	0,00
11:36:00	25	16,72	0,00
11:37:00	24	16,72	0,00
11:38:00	25	16,71	0,00
11:39:00	25	16,71	0,00
11:40:00	25	16,71	0,00
11:41:00	25	16,71	0,00
11:42:00	25	16,71	0,00
11:43:00	25	16,70	0,00
11:44:00	25	16,70	0,00
11:45:00	25	16,70	0,00
11:46:00	25	16,69	0,00
11:47:00	25	16,69	0,00
11:48:00	24	16,68	0,00
11:49:00	25	16,68	0,00
11:50:00	25	16,68	0,00
11:51:00	25	16,68	0,00
11:52:00	25	16,67	0,00
11:53:00	25	16,66	0,00
11:54:00	24	16,66	0,00
11:55:00	24	16,65	0,00
11:56:00	25	16,65	0,00
11:57:00	25	16,65	0,00
11:58:00	24	16,64	0,00
11:59:00	25	16,64	0,00
12:00:00	25	16,63	0,00
12:01:00	25	16,62	0,00
12:02:00	25	16,62	0,00
12:03:00	25	16,62	0,00
12:04:00	25	16,61	0,00
12:05:00	25	16,60	0,00
12:06:00	24	16,60	0,00
12:07:00	25	16,59	0,00
12:08:00	25	16,59	0,00
12:09:00	25	16,58	0,00
12:10:00	24	16,58	0,00
12:11:00	25	16,57	0,00
12:12:00	25	16,56	0,00
12:13:00	25	16,56	0,00
12:14:00	25	16,55	0,00
12:15:00	25	16,54	0,00
12:16:00	25	16,54	0,00
12:17:00	24	16,53	0,00
12:18:00	25	16,52	0,00
12:19:00	25	16,52	0,00
12:20:00	25	16,51	0,00
12:21:00	25	16,50	0,00
12:22:00	25	16,50	0,00
12:23:00	25	16,49	0,00
12:24:00	25	16,48	0,00
12:25:00	25	16,47	0,00
12:26:00	25	16,47	0,00
12:27:00	25	16,46	0,00
12:28:00	25	16,45	0,00
12:29:00	25	16,45	0,00
12:30:00	25	16,44	0,00
12:31:00	25	16,42	0,00
12:32:00	25	16,42	0,00
12:33:00	25	16,41	0,00
12:34:00	25	16,40	0,00
12:35:00	25	16,39	0,00
12:36:00	25	16,38	0,00
12:37:00	25	16,38	0,00
12:38:00	25	16,36	0,00
12:39:00	25	16,35	0,01
12:40:00	25	16,35	0,01
12:41:00	25	16,34	0,01
12:42:00	25	16,33	0,01
12:43:00	25	16,32	0,02
12:44:00	25	16,31	0,02
12:45:00	25	16,30	0,02
12:46:00	25	16,29	0,02
12:47:00	25	16,28	0,03
12:48:00	25	16,27	0,03
12:49:00	25	16,26	0,03
12:50:00	25	16,25	0,03
12:51:00	25	16,24	0,04
12:52:00	25	16,23	0,04
12:53:00	25	16,22	0,04
12:54:00	25	16,21	0,05
12:55:00	25	16,20	0,05
12:56:00	25	16,19	0,05
12:57:00	25	16,18	0,05
12:58:00	25	16,17	0,06
12:59:00	25	16,16	0,06
13:00:00	25	16,14	0,06
13:01:00	25	16,14	0,07
13:02:00	25	16,13	0,07
13:03:00	25	16,11	0,07
13:04:00	25	16,11	0,08
13:05:00	25	16,09	0,08
13:06:00	25	16,08	0,08
13:07:00	25	16,07	0,09
13:08:00	25	16,05	0,09
13:09:00	25	16,05	0,09
13:10:00	25	16,03	0,10
13:11:00	25	16,02	0,10
13:12:00	25	16,01	0,10
13:13:00	25	16,00	0,11
13:14:00	25	15,99	0,11
13:15:00	25	15,97	0,12
13:16:00	25	15,96	0,12
13:17:00	25	15,96	0,12
13:18:00	25	15,94	0,13
13:19:00	25	15,93	0,13
13:20:00	25	15,92	0,13
13:21:00	25	15,91	0,13
13:22:00	25	15,88	0,14
13:23:00	25	15,87	0,15
13:24:00	26	15,85	0,15
13:25:00	25	15,84	0,16
13:26:00	25	15,83	0,16
13:27:00	26	15,81	0,17
13:28:00	25	15,80	0,17
13:29:00	25	15,78	0,18
13:30:00	25	15,78	0,18
13:31:00	25	15,76	0,18
13:32:00	26	15,75	0,19
13:33:00	25	15,73	0,19
13:34:00	26	15,72	0,20
13:35:00	25	15,71	0,20
13:36:00	26	15,69	0,21
13:37:00	25	15,68	0,21
13:38:00	25	15,66	0,22
13:39:00	25	15,65	0,22
13:40:00	25	15,63	0,23
13:41:00	25	15,62	0,23
13:42:00	25	15,61	0,23
13:43:00	25	15,60	0,24
13:44:00	25	15,58	0,24
13:45:00	26	15,57	0,25
13:46:00	25	15,55	0,26
13:47:00	25	15,54	0,26
13:48:00	25	15,52	0,27
13:49:00	25	15,51	0,27
13:50:00	26	15,49	0,28
13:51:00	25	15,48	0,28
13:52:00	25	15,47	0,28
13:53:00	25	15,45	0,29
13:54:00	26	15,44	0,30
13:55:00	25	15,42	0,30
13:56:00	26	15,41	0,31
13:57:00	25	15,39	0,31
13:58:00	26	15,38	0,32
13:59:00	25	15,36	0,32
14:00:00	26	15,35	0,33
14:01:00	25	15,33	0,34
14:02:00	25	15,32	0,34
14:03:00	25	15,30	0,35
14:04:00	25	15,29	0,35
14:05:00	26	15,27	0,36
14:06:00	25	15,26	0,37
14:07:00	25	15,24	0,37
14:08:00	25	15,23	0,38
14:09:00	26	15,21	0,38
14:10:00	25	15,20	0,39
14:11:00	25	15,18	0,40
14:12:00	25	15,17	0,40
14:13:00	25	15,15	0,41
14:14:00	25	15,14	0,41
14:15:00	26	15,12	0,42
14:16:00	26	15,11	0,43
14:17:00	25	15,09	0,43
14:18:00	25	15,08	0,44
14:19:00	25	15,06	0,45
14:20:00	26	15,05	0,45
14:21:00	26	15,03	0,46
14:22:00	25	15,02	0,46
14:23:00	25	15,00	0,47
14:24:00	25	14,99	0,48
14:25:00	26	14,97	0,48
14:26:00	25	14,96	0,49
14:27:00	25	14,95	0,50
14:28:00	25	14,93	0,50
14:29:00	26	14,91	0,51
14:30:00	26	14,90	0,52
14:31:00	26	14,88	0,52
14:32:00	26	14,87	0,53
14:33:00	26	14,85	0,54
14:34:00	26	14,84	0,55
14:35:00	25	14,82	0,55
14:36:00	25	14,80	0,56
14:37:00	25	14,79	0,57
14:38:00	26	14,77	0,58
14:39:00	26	14,76	0,58
14:40:00	26	14,74	0,59
14:41:00	26	14,73	0,60
14:42:00	25	14,71	0,61
14:43:00	25	14,70	0,61
14:44:00	26	14,68	0,62
14:45:00	25	14,67	0,63
14:46:00	26	14,65	0,64
14:47:00	26	14,64	0,64
14:48:00	25	14,62	0,65
14:49:00	26	14,61	0,66
14:50:00	26	14,59	0,67
14:51:00	26	14,58	0,67
14:52:00	25	14,56	0,68
14:53:00	26	14,55	0,69
14:54:00	26	14,53	0,70
14:55:00	26	14,52	0,70
14:56:00	25	14,50	0,71
14:57:00	26	14,49	0,72
14:58:00	26	14,47	0,73
14:59:00	26	14,46	0,74
15:00:00	26	14,44	0,74
15:01:00	26	14,43	0,75
15:02:00	26	14,40	0,76
15:03:00	26	14,40	0,77
15:04:00	25	14,37	0,78
15:05:00	26	14,37	0,79
15:06:00	26	14,34	0,80
15:07:00	26	14,34	0,80
15:08:00	26	14,31	0,82
15:09:00	26	14,31	0,82
15:10:00	26	14,28	0,83
15:11:00	26	14,28	0,84
15:12:00	25	14,26	0,85
15:13:00	26	14,25	0,85
15:14:00	26	14,23	0,86
15:15:00	26	14,21	0,88
15:16:00	26	14,20	0,88
15:17:00	26	14,19	0,89
15:18:00	26	14,17	0,90
15:19:00	26	14,16	0,91
15:20:00	25	14,14	0,92
15:21:00	26	14,13	0,93
15:22:00	26	14,11	0,93
15:23:00	26	14,10	0,94
15:24:00	26	14,08	0,95
15:25:00	26	14,07	0,96
15:26:00	26	14,05	0,97
15:27:00	26	14,04	0,98
15:28:00	26	14,02	0,99
15:29:00	26	14,01	1,00
15:30:00	26	13,99	1,01
15:31:00	26	13,98	1,02
15:32:00	26	13,96	1,03
15:33:00	26	13,95	1,03
15:34:00	26	13,94	1,04
15:35:00	26	13,92	1,05
15:36:00	26	13,91	1,06
15:37:00	26	13,89	1,07
15:38:00	26	13,88	1,08
15:39:00	26	13,86	1,09
15:40:00	26	13,85	1,11
15:41:00	26	13,84	1,11
15:42:00	26	13,83	1,12
15:43:00	26	13,81	1,13
15:44:00	26	13,80	1,14
15:45:00	26	13,78	1,15
15:46:00	26	13,77	1,16
15:47:00	26	13,75	1,17
15:48:00	25	13,75	1,18
15:49:00	26	13,73	1,19
15:50:00	26	13,71	1,20
15:51:00	26	13,70	1,21
15:52:00	26	13,69	1,22
15:53:00	26	13,68	1,23
15:54:00	26	13,66	1,24
15:55:00	26	13,65	1,25
15:56:00	26	13,63	1,26
15:57:00	26	13,62	1,27
15:58:00	25	13,60	1,28
15:59:00	26	13,59	1,29
16:00:00	26	13,58	1,30
16:01:00	26	13,56	1,31
16:02:00	26	13,55	1,32
16:03:00	26	13,54	1,33
16:04:00	26	13,53	1,34
16:05:00	26	13,51	1,35
16:06:00	26	13,50	1,36
16:07:00	26	13,48	1,38
16:08:00	26	13,47	1,38
16:09:00	26	13,46	1,39
16:10:00	26	13,45	1,41
16:11:00	26	13,44	1,41
16:12:00	26	13,42	1,42
16:13:00	26	13,41	1,44
16:14:00	26	13,39	1,45
16:15:00	26	13,39	1,46
16:16:00	26	13,37	1,47
16:17:00	26	13,36	1,48
16:18:00	26	13,35	1,49
16:19:00	26	13,33	1,50
16:20:00	26	13,32	1,51
16:21:00	26	13,30	1,52
16:22:00	26	13,30	1,53
16:23:00	26	13,28	1,54
16:24:00	26	13,27	1,55
16:25:00	26	13,26	1,56
16:26:00	26	13,24	1,58
16:27:00	26	13,23	1,58
16:28:00	26	13,22	1,60
16:29:00	26	13,21	1,61
16:30:00	26	13,20	1,62
16:31:00	26	13,18	1,63
16:32:00	26	13,18	1,64
16:33:00	26	13,16	1,65
16:34:00	26	13,14	1,66
16:35:00	26	13,14	1,67
16:36:00	26	13,12	1,68
16:37:00	26	13,11	1,70
16:38:00	26	13,10	1,71
16:39:00	26	13,09	1,72
16:40:00	25	13,08	1,73
16:41:00	26	13,06	1,74
16:42:00	26	13,05	1,76
16:43:00	26	13,04	1,76
16:44:00	26	13,02	1,78
16:45:00	26	13,02	1,78
16:46:00	26	13,00	1,80
16:47:00	26	13,00	1,81
16:48:00	26	12,98	1,82
16:49:00	26	12,97	1,83
16:50:00	26	12,96	1,84
16:51:00	26	12,94	1,86
16:52:00	26	12,93	1,87
16:53:00	26	12,93	1,87
16:54:00	26	12,91	1,89
16:55:00	26	12,91	1,90
16:56:00	26	12,89	1,91
16:57:00	26	12,88	1,93
16:58:00	26	12,87	1,93
16:59:00	26	12,85	1,95
17:00:00	26	12,84	1,96
17:01:00	26	12,83	1,97
17:02:00	26	12,82	1,98
17:03:00	26	12,81	2,00
17:04:00	26	12,80	2,00
17:05:00	26	12,79	2,01
17:06:00	26	12,78	2,03
17:07:00	26	12,76	2,05
17:08:00	26	12,75	2,05
17:09:00	26	12,74	2,07
17:10:00	26	12,73	2,08
17:11:00	26	12,72	2,09
17:12:00	26	12,71	2,10
17:13:00	26	12,70	2,11
17:14:00	26	12,69	2,13
17:15:00	26	12,68	2,14
17:16:00	25	12,66	2,15
17:17:00	26	12,66	2,16
17:18:00	26	12,65	2,17
17:19:00	26	12,64	2,18
17:20:00	26	12,63	2,20
17:21:00	26	12,61	2,21
17:22:00	26	12,60	2,23
17:23:00	26	12,59	2,24
17:24:00	26	12,57	2,26
17:25:00	26	12,57	2,27
17:26:00	26	12,55	2,28
17:27:00	26	12,54	2,29
17:28:00	26	12,54	2,30
17:29:00	26	12,52	2,32
17:30:00	26	12,52	2,33
17:31:00	26	12,50	2,35
17:32:00	26	12,49	2,36
17:33:00	26	12,48	2,36
17:34:00	26	12,47	2,38
17:35:00	26	12,46	2,39
17:36:00	26	12,45	2,40
17:37:00	26	12,44	2,42
17:38:00	26	12,43	2,43
17:39:00	26	12,43	2,44
17:40:00	26	12,41	2,46
17:41:00	26	12,40	2,47
17:42:00	26	12,39	2,48
17:43:00	26	12,38	2,50
17:44:00	25	12,37	2,51
17:45:00	26	12,36	2,53
17:46:00	26	12,35	2,53
17:47:00	26	12,34	2,54
17:48:00	26	12,34	2,55
17:49:00	26	12,32	2,57
17:50:00	26	12,31	2,58
17:51:00	26	12,30	2,59
17:52:00	26	12,29	2,61
17:53:00	26	12,28	2,62
17:54:00	26	12,27	2,63
17:55:00	26	12,26	2,65
17:56:00	26	12,25	2,66
17:57:00	26	12,25	2,67
17:58:00	26	12,24	2,68
17:59:00	25	12,22	2,71
18:00:00	26	12,21	2,72
18:01:00	26	12,21	2,73
18:02:00	26	12,20	2,74
18:03:00	26	12,19	2,76
18:04:00	26	12,18	2,77
18:05:00	26	12,17	2,78
18:06:00	26	12,16	2,80
18:07:00	26	12,15	2,81
18:08:00	26	12,14	2,82
18:09:00	26	12,13	2,83
18:10:00	26	12,13	2,84
18:11:00	26	12,11	2,86
18:12:00	26	12,10	2,88
18:13:00	26	12,09	2,89
18:14:00	26	12,09	2,90
18:15:00	26	12,08	2,91
18:16:00	26	12,06	2,93
18:17:00	25	12,06	2,94
18:18:00	26	12,05	2,95
18:19:00	26	12,04	2,96
18:20:00	26	12,04	2,98
18:21:00	26	12,02	3,00
18:22:00	26	12,01	3,01
18:23:00	26	12,00	3,02
18:24:00	26	11,99	3,04
18:25:00	26	11,99	3,04
18:26:00	26	11,97	3,07
18:27:00	26	11,97	3,08
18:28:00	26	11,96	3,09
18:29:00	25	11,95	3,10
18:30:00	26	11,95	3,11
18:31:00	26	11,94	3,13
18:32:00	26	11,93	3,14
18:33:00	26	11,91	3,16
18:34:00	26	11,91	3,17
18:35:00	26	11,90	3,18
18:36:00	26	11,89	3,20
18:37:00	26	11,89	3,21
18:38:00	26	11,88	3,22
18:39:00	25	11,87	3,23
18:40:00	26	11,86	3,25
18:41:00	26	11,85	3,27
18:42:00	26	11,84	3,28
18:43:00	26	11,83	3,29
18:44:00	26	11,82	3,31
18:45:00	26	11,82	3,32
18:46:00	26	11,81	3,33
18:47:00	26	11,80	3,34
18:48:00	26	11,80	3,36
18:49:00	26	11,78	3,38
18:50:00	26	11,78	3,38
18:51:00	26	11,77	3,41
18:52:00	26	11,76	3,42
18:53:00	26	11,75	3,43
18:54:00	26	11,74	3,45
18:55:00	26	11,73	3,46
18:56:00	26	11,73	3,47
18:57:00	26	11,72	3,49
18:58:00	26	11,71	3,50
18:59:00	26	11,71	3,51
19:00:00	26	11,70	3,53
19:01:00	25	11,68	3,55
19:02:00	25	11,68	3,57
19:03:00	26	11,67	3,58
19:04:00	25	11,66	3,59
19:05:00	26	11,65	3,61
19:06:00	26	11,64	3,62
19:07:00	26	11,64	3,63
19:08:00	26	11,63	3,65
19:09:00	25	11,62	3,66
19:10:00	26	11,61	3,67
19:11:00	25	11,61	3,69
19:12:00	26	11,60	3,70
19:13:00	26	11,59	3,72
19:14:00	26	11,59	3,73
19:15:00	26	11,58	3,74
19:16:00	26	11,56	3,77
19:17:00	26	11,55	3,79
19:18:00	26	11,55	3,79
19:19:00	26	11,55	3,80
19:20:00	26	11,53	3,83
19:21:00	26	11,52	3,84
19:22:00	26	11,52	3,86
19:23:00	26	11,51	3,87
19:24:00	25	11,51	3,87
19:25:00	26	11,50	3,89
19:26:00	26	11,49	3,91
19:27:00	26	11,49	3,91
19:28:00	26	11,48	3,93
19:29:00	26	11,46	3,96
19:30:00	26	11,46	3,97
19:31:00	26	11,45	3,99
19:32:00	26	11,44	4,00
19:33:00	26	11,44	4,00
19:34:00	26	11,43	4,03
19:35:00	26	11,42	4,05
19:36:00	26	11,42	4,05
19:37:00	26	11,41	4,06
19:38:00	26	11,41	4,08
19:39:00	26	11,40	4,09
19:40:00	26	11,39	4,11
19:41:00	26	11,38	4,13
19:42:00	26	11,38	4,14
19:43:00	26	11,37	4,16
19:44:00	26	11,36	4,17
19:45:00	26	11,35	4,19
19:46:00	26	11,34	4,20
19:47:00	26	11,34	4,22
19:48:00	26	11,33	4,23
19:49:00	25	11,32	4,25
19:50:00	26	11,32	4,27
19:51:00	25	11,31	4,28
19:52:00	26	11,30	4,30
19:53:00	25	11,29	4,31
19:54:00	26	11,29	4,31
19:55:00	26	11,28	4,35
19:56:00	26	11,27	4,36
19:57:00	25	11,27	4,36
19:58:00	26	11,26	4,38
19:59:00	26	11,25	4,40
20:00:00	26	11,25	4,41
20:01:00	26	11,24	4,43
20:02:00	26	11,23	4,45
20:03:00	25	11,23	4,46
20:04:00	25	11,22	4,48
20:05:00	25	11,21	4,50
20:06:00	25	11,20	4,51
20:07:00	26	11,20	4,53
20:08:00	25	11,19	4,55
20:09:00	25	11,18	4,56
20:10:00	26	11,18	4,56
20:11:00	26	11,17	4,58
20:12:00	25	11,16	4,60
20:13:00	26	11,16	4,61
20:14:00	25	11,15	4,63
20:15:00	25	11,14	4,65
20:16:00	26	11,14	4,67
20:17:00	25	11,13	4,68
20:18:00	26	11,13	4,68
20:19:00	26	11,12	4,70
20:20:00	26	11,11	4,72
20:21:00	25	11,11	4,74
20:22:00	25	11,10	4,75
20:23:00	26	11,09	4,77
20:24:00	26	11,08	4,79
20:25:00	26	11,07	4,81
20:26:00	25	11,07	4,83
20:27:00	26	11,07	4,83
20:28:00	25	11,06	4,84
20:29:00	26	11,05	4,86
20:30:00	26	11,04	4,88
20:31:00	26	11,04	4,90
20:32:00	26	11,03	4,92
20:33:00	26	11,02	4,94
20:34:00	26	11,02	4,94
20:35:00	26	11,02	4,95
20:36:00	26	11,01	4,97
20:37:00	25	11,00	4,99
20:38:00	26	10,99	5,01
20:39:00	25	10,98	5,03
20:40:00	25	10,98	5,05
20:41:00	25	10,98	5,05
20:42:00	26	10,97	5,07
20:43:00	25	10,96	5,09
20:44:00	26	10,95	5,10
20:45:00	25	10,95	5,12
20:46:00	25	10,95	5,12
20:47:00	25	10,94	5,14
20:48:00	25	10,93	5,16
20:49:00	26	10,93	5,18
20:50:00	25	10,92	5,20
20:51:00	26	10,91	5,22
20:52:00	26	10,91	5,22
20:53:00	26	10,90	5,24
20:54:00	25	10,89	5,26
20:55:00	25	10,89	5,28
20:56:00	26	10,89	5,28
20:57:00	26	10,88	5,30
20:58:00	25	10,87	5,32
20:59:00	25	10,86	5,34
21:00:00	26	10,86	5,36
21:01:00	25	10,86	5,36
21:02:00	25	10,85	5,38
21:03:00	25	10,84	5,40
21:04:00	25	10,84	5,42
21:05:00	25	10,83	5,44
21:06:00	25	10,83	5,44
21:07:00	25	10,82	5,46
21:08:00	25	10,81	5,48
21:09:00	26	10,80	5,50
21:10:00	25	10,80	5,50
21:11:00	26	10,80	5,52
21:12:00	26	10,79	5,54
21:13:00	26	10,78	5,56
21:14:00	26	10,77	5,59
21:15:00	25	10,77	5,59
21:16:00	26	10,77	5,61
21:17:00	25	10,76	5,63
21:18:00	25	10,75	5,65
21:19:00	25	10,75	5,65
21:20:00	25	10,75	5,67
21:21:00	26	10,74	5,69
21:22:00	26	10,73	5,71
21:23:00	25	10,73	5,71
21:24:00	26	10,72	5,73
21:25:00	26	10,71	5,76
21:26:00	25	10,71	5,78
21:27:00	25	10,70	5,80
21:28:00	26	10,70	5,80
21:29:00	26	10,69	5,82
21:30:00	25	10,69	5,84
21:31:00	25	10,69	5,84
21:32:00	25	10,68	5,86
21:33:00	26	10,67	5,89
21:34:00	25	10,66	5,91
21:35:00	25	10,66	5,93
21:36:00	25	10,66	5,93
21:37:00	25	10,65	5,95
21:38:00	25	10,65	5,95
21:39:00	25	10,64	5,98
21:40:00	25	10,63	6,00
21:41:00	25	10,63	6,02
21:42:00	25	10,62	6,04
21:43:00	25	10,62	6,04
21:44:00	25	10,61	6,07
21:45:00	26	10,60	6,09
21:46:00	26	10,60	6,09
21:47:00	25	10,59	6,11
21:48:00	25	10,59	6,14
21:49:00	25	10,59	6,14
21:50:00	25	10,58	6,16
21:51:00	25	10,57	6,18
21:52:00	26	10,56	6,21
21:53:00	25	10,56	6,21
21:54:00	25	10,56	6,23
21:55:00	26	10,55	6,25
21:56:00	25	10,55	6,25
21:57:00	25	10,54	6,28
21:58:00	25	10,54	6,30
21:59:00	25	10,54	6,30
22:00:00	25	10,53	6,32
22:01:00	25	10,52	6,35
22:02:00	25	10,51	6,37
22:03:00	25	10,51	6,37
22:04:00	26	10,50	6,40
22:05:00	25	10,50	6,42
22:06:00	25	10,50	6,42
22:07:00	26	10,49	6,44
22:08:00	25	10,48	6,47
22:09:00	25	10,48	6,47
22:10:00	25	10,47	6,49
22:11:00	25	10,47	6,52
22:12:00	25	10,47	6,52
22:13:00	25	10,46	6,54
22:14:00	25	10,45	6,57
22:15:00	25	10,45	6,57
22:16:00	26	10,45	6,59
22:17:00	25	10,45	6,59
22:18:00	25	10,44	6,62
22:19:00	25	10,43	6,64
22:20:00	25	10,42	6,67
22:21:00	25	10,42	6,67
22:22:00	25	10,41	6,69
22:23:00	26	10,41	6,72
22:24:00	25	10,40	6,74
22:25:00	25	10,40	6,74
22:26:00	25	10,39	6,77
22:27:00	25	10,39	6,80
22:28:00	25	10,39	6,80
22:29:00	25	10,38	6,82
22:30:00	25	10,37	6,85
22:31:00	25	10,36	6,87
22:32:00	25	10,36	6,87
22:33:00	25	10,36	6,90
22:34:00	25	10,36	6,90
22:35:00	25	10,35	6,93
22:36:00	25	10,34	6,95
22:37:00	25	10,34	6,95
22:38:00	25	10,33	6,98
22:39:00	25	10,33	6,98
22:40:00	25	10,32	7,01
22:41:00	25	10,32	7,03
22:42:00	25	10,32	7,03
22:43:00	25	10,31	7,06
22:44:00	25	10,31	7,06
22:45:00	25	10,30	7,09
22:46:00	25	10,30	7,11
22:47:00	25	10,30	7,11
22:48:00	25	10,29	7,14
22:49:00	25	10,28	7,17
22:50:00	25	10,28	7,17
22:51:00	25	10,27	7,19
22:52:00	25	10,27	7,22
22:53:00	25	10,27	7,22
22:54:00	25	10,26	7,25
22:55:00	25	10,26	7,25
22:56:00	25	10,25	7,28
22:57:00	25	10,24	7,31
22:58:00	25	10,24	7,31
22:59:00	25	10,23	7,33
23:00:00	25	10,23	7,33
23:01:00	25	10,23	7,36
23:02:00	25	10,23	7,36
23:03:00	25	10,22	7,39
23:04:00	25	10,22	7,39
23:05:00	25	10,21	7,42
23:06:00	25	10,21	7,45
23:07:00	25	10,21	7,45
23:08:00	25	10,20	7,47
23:09:00	25	10,19	7,50
23:10:00	25	10,19	7,50
23:11:00	25	10,18	7,53
23:12:00	25	10,18	7,53
23:13:00	25	10,18	7,56
23:14:00	25	10,18	7,56
23:15:00	25	10,17	7,59
23:16:00	25	10,16	7,62
23:17:00	25	10,16	7,62
23:18:00	25	10,15	7,65
23:19:00	25	10,15	7,65
23:20:00	25	10,14	7,68
23:21:00	25	10,14	7,68
23:22:00	25	10,14	7,71
23:23:00	25	10,13	7,74
23:24:00	25	10,13	7,74
23:25:00	25	10,12	7,77
23:26:00	25	10,12	7,77
23:27:00	25	10,11	7,80
23:28:00	25	10,11	7,83
23:29:00	25	10,11	7,83
23:30:00	25	10,10	7,86
23:31:00	25	10,10	7,86
23:32:00	25	10,09	7,89
23:33:00	25	10,09	7,89
23:34:00	25	10,09	7,92
23:35:00	25	10,09	7,92
23:36:00	25	10,08	7,95
23:37:00	25	10,08	7,95
23:38:00	25	10,07	7,98
23:39:00	25	10,06	8,01
23:40:00	25	10,06	8,01
23:41:00	25	10,05	8,04
23:42:00	25	10,05	8,04
23:43:00	25	10,05	8,07
23:44:00	25	10,05	8,07
23:45:00	25	10,04	8,10
23:46:00	25	10,03	8,13
23:47:00	25	10,03	8,13
23:48:00	25	10,03	8,13
23:49:00	25	10,02	8,16
23:50:00	25	10,02	8,20
23:51:00	25	10,02	8,20
23:52:00	25	10,01	8,23
23:53:00	25	10,01	8,23
23:54:00	25	10,00	8,26
23:55:00	25	10,00	8,26
23:56:00	25	10,00	8,29
23:57:00	25	10,00	8,29
23:58:00	25	9,99	8,32
23:59:00	25	9,99	8,32
24:00:00	25	9,98	8,35
24:01:00	25	9,98	8,35
24:02:00	25	9,97	8,39
24:03:00	25	9,97	8,39
24:04:00	25	9,96	8,42
24:05:00	25	9,96	8,42
24:06:00	25	9,96	8,45
24:07:00	25	9,96	8,45
24:08:00	25	9,95	8,48
24:09:00	25	9,95	8,48
24:10:00	25	9,94	8,52
24:11:00	25	9,94	8,52
24:12:00	25	9,93	8,55
24:13:00	25	9,93	8,55
24:14:00	25	9,93	8,58
24:15:00	25	9,93	8,58
24:16:00	25	9,92	8,62
24:17:00	25	9,92	8,62
24:18:00	25	9,91	8,65
24:19:00	25	9,91	8,65
24:20:00	25	9,91	8,68
24:21:00	25	9,91	8,68
24:22:00	25	9,90	8,72
24:23:00	25	9,90	8,72
24:24:00	25	9,89	8,75
24:25:00	25	9,89	8,75
24:26:00	25	9,88	8,79
24:27:00	25	9,88	8,79
24:28:00	25	9,88	8,82
24:29:00	25	9,88	8,82
24:30:00	25	9,88	8,82
24:31:00	25	9,87	8,85
24:32:00	25	9,87	8,85
24:33:00	25	9,86	8,89
24:34:00	25	9,86	8,89
24:35:00	25	9,85	8,92
24:36:00	25	9,85	8,92
24:37:00	25	9,84	8,96
24:38:00	25	9,84	8,96
24:39:00	25	9,84	8,99
24:40:00	25	9,84	8,99
24:41:00	25	9,83	9,03
24:42:00	25	9,83	9,03
24:43:00	25	9,82	9,06
24:44:00	25	9,82	9,06
24:45:00	25	9,82	9,06
24:46:00	25	9,82	9,10
24:47:00	25	9,82	9,10
24:48:00	25	9,81	9,13
24:49:00	25	9,81	9,13
24:50:00	25	9,80	9,17
24:51:00	25	9,80	9,17
24:52:00	25	9,80	9,17
24:53:00	25	9,79	9,20
24:54:00	25	9,79	9,20
24:55:00	25	9,79	9,24
24:56:00	25	9,79	9,24
24:57:00	25	9,78	9,28
24:58:00	25	9,78	9,28
24:59:00	25	9,77	9,31
25:00:00	25	9,77	9,31
25:01:00	25	9,76	9,35
25:02:00	25	9,76	9,35
25:03:00	25	9,75	9,39
25:04:00	25	9,75	9,39
25:05:00	25	9,75	9,39
25:06:00	25	9,75	9,42
25:07:00	25	9,75	9,42
25:08:00	25	9,74	9,46
25:09:00	25	9,74	9,46
25:10:00	25	9,74	9,46
25:11:00	25	9,73	9,50
25:12:00	25	9,73	9,50
25:13:00	25	9,73	9,53
25:14:00	25	9,73	9,53
25:15:00	25	9,72	9,57
25:16:00	25	9,72	9,57
25:17:00	25	9,72	9,57
25:18:00	25	9,71	9,61
25:19:00	25	9,71	9,61
25:20:00	25	9,70	9,65
25:21:00	25	9,70	9,65
25:22:00	25	9,70	9,65
25:23:00	25	9,70	9,68
25:24:00	25	9,70	9,68
25:25:00	25	9,69	9,72
25:26:00	25	9,69	9,72
25:27:00	25	9,68	9,76
25:28:00	25	9,68	9,76
25:29:00	25	9,68	9,76
25:30:00	25	9,67	9,80
25:31:00	25	9,67	9,80
25:32:00	25	9,66	9,84
25:33:00	25	9,66	9,84
25:34:00	25	9,66	9,84
25:35:00	25	9,66	9,88
25:36:00	25	9,66	9,88
25:37:00	25	9,65	9,91
25:38:00	25	9,65	9,91
25:39:00	25	9,64	9,95
25:40:00	25	9,64	9,95
25:41:00	25	9,64	9,95
25:42:00	25	9,64	9,99
25:43:00	25	9,64	9,99
25:44:00	25	9,64	9,99
25:45:00	25	9,63	10,03
25:46:00	25	9,63	10,03
25:47:00	25	9,62	10,07
25:48:00	25	9,62	10,07
25:49:00	25	9,61	10,11
25:50:00	25	9,61	10,11
25:51:00	25	9,61	10,11
25:52:00	25	9,61	10,15
25:53:00	25	9,61	10,15
25:54:00	25	9,61	10,15
25:55:00	25	9,60	10,19
25:56:00	25	9,60	10,19
25:57:00	25	9,59	10,23
25:58:00	25	9,59	10,23
25:59:00	25	9,59	10,23
26:00:00	25	9,58	10,27
26:01:00	25	9,58	10,27
26:02:00	25	9,57	10,31
26:03:00	25	9,57	10,31
26:04:00	25	9,57	10,31
26:05:00	25	9,57	10,35
26:06:00	25	9,57	10,35
26:07:00	25	9,57	10,35
26:08:00	25	9,56	10,39
26:09:00	25	9,56	10,39
26:10:00	25	9,56	10,39
26:11:00	25	9,55	10,44
26:12:00	25	9,55	10,44
26:13:00	25	9,54	10,48
26:14:00	25	9,54	10,48
26:15:00	25	9,54	10,48
26:16:00	25	9,54	10,52
26:17:00	25	9,54	10,52
26:18:00	25	9,54	10,52
26:19:00	25	9,53	10,56
26:20:00	25	9,53	10,56
26:21:00	25	9,52	10,60
26:22:00	25	9,52	10,60
26:23:00	25	9,52	10,60
26:24:00	25	9,52	10,60
26:25:00	25	9,52	10,64
26:26:00	25	9,52	10,64
26:27:00	25	9,51	10,69
26:28:00	25	9,51	10,69
26:29:00	25	9,51	10,69
26:30:00	25	9,50	10,73
26:31:00	25	9,50	10,73
26:32:00	25	9,50	10,73
26:33:00	25	9,49	10,77
26:34:00	25	9,49	10,77
26:35:00	25	9,48	10,81
26:36:00	25	9,48	10,81
26:37:00	25	9,48	10,81
26:38:00	25	9,48	10,86
26:39:00	25	9,48	10,86
26:40:00	25	9,48	10,86
26:41:00	25	9,47	10,90
26:42:00	25	9,47	10,90
26:43:00	25	9,47	10,90
26:44:00	25	9,46	10,94
26:45:00	25	9,46	10,94
26:46:00	25	9,46	10,94
26:47:00	25	9,45	10,99
26:48:00	25	9,45	10,99
26:49:00	25	9,45	10,99
26:50:00	25	9,45	11,03
26:51:00	25	9,45	11,03
26:52:00	25	9,45	11,03
26:53:00	25	9,44	11,07
26:54:00	25	9,44	11,07
26:55:00	25	9,44	11,07
26:56:00	25	9,44	11,07
26:57:00	25	9,43	11,12
26:58:00	25	9,43	11,12
26:59:00	25	9,43	11,12
27:00:00	25	9,43	11,16
27:01:00	25	9,43	11,16
27:02:00	25	9,42	11,21
27:03:00	25	9,42	11,21
27:04:00	25	9,42	11,21
27:05:00	25	9,41	11,25
27:06:00	25	9,41	11,25
27:07:00	25	9,41	11,25
27:08:00	25	9,40	11,30
27:09:00	25	9,40	11,30
27:10:00	25	9,40	11,30
27:11:00	25	9,39	11,34
27:12:00	25	9,39	11,34
27:13:00	25	9,39	11,34
27:14:00	25	9,39	11,34
27:15:00	25	9,39	11,39
27:16:00	25	9,39	11,39
27:17:00	25	9,39	11,39
27:18:00	25	9,38	11,43
27:19:00	25	9,38	11,43
27:20:00	25	9,38	11,43
27:21:00	25	9,37	11,48
27:22:00	25	9,37	11,48
27:23:00	25	9,37	11,48
27:24:00	25	9,36	11,53
27:25:00	25	9,36	11,53
27:26:00	25	9,36	11,53
27:27:00	25	9,36	11,53
27:28:00	25	9,36	11,57
27:29:00	25	9,36	11,57
27:30:00	25	9,35	11,62
27:31:00	25	9,35	11,62
27:32:00	25	9,35	11,62
27:33:00	25	9,35	11,62
27:34:00	25	9,34	11,66
27:35:00	25	9,34	11,66
27:36:00	25	9,34	11,66
27:37:00	25	9,34	11,71
27:38:00	25	9,34	11,71
27:39:00	25	9,34	11,71
27:40:00	25	9,33	11,76
27:41:00	25	9,33	11,76
27:42:00	25	9,33	11,76
27:43:00	25	9,33	11,76
27:44:00	25	9,32	11,81
27:45:00	25	9,32	11,81
27:46:00	25	9,32	11,81
27:47:00	25	9,31	11,85
27:48:00	25	9,31	11,85
27:49:00	25	9,31	11,85
27:50:00	25	9,31	11,85
27:51:00	25	9,30	11,90
27:52:00	25	9,30	11,90
27:53:00	25	9,30	11,90
27:54:00	25	9,30	11,95
27:55:00	25	9,30	11,95
27:56:00	25	9,30	11,95
27:57:00	25	9,30	11,95
27:58:00	25	9,29	12,00
27:59:00	25	9,29	12,00
28:00:00	25	9,29	12,00
28:01:00	25	9,28	12,04
28:02:00	25	9,28	12,04
28:03:00	25	9,28	12,04
28:04:00	25	9,27	12,09
28:05:00	25	9,27	12,09
28:06:00	25	9,27	12,09
28:07:00	25	9,27	12,09
28:08:00	25	9,27	12,14
28:09:00	25	9,27	12,14
28:10:00	25	9,27	12,14
28:11:00	25	9,27	12,14
28:12:00	25	9,26	12,19
28:13:00	25	9,26	12,19
28:14:00	25	9,26	12,19
28:15:00	25	9,26	12,19
28:16:00	25	9,25	12,24
28:17:00	25	9,25	12,24
28:18:00	25	9,25	12,24
28:19:00	25	9,25	12,24
28:20:00	25	9,25	12,29
28:21:00	25	9,25	12,29
28:22:00	25	9,25	12,29
28:23:00	25	9,25	12,29
28:24:00	25	9,24	12,34
28:25:00	25	9,24	12,34
28:26:00	25	9,23	12,39
28:27:00	25	9,23	12,39
28:28:00	25	9,23	12,39
28:29:00	25	9,23	12,39
28:30:00	25	9,22	12,44
28:31:00	25	9,22	12,44
28:32:00	25	9,22	12,44
28:33:00	25	9,22	12,44
28:34:00	25	9,21	12,49
28:35:00	25	9,21	12,49
28:36:00	25	9,21	12,49
28:37:00	25	9,21	12,49
28:38:00	25	9,21	12,54
28:39:00	25	9,21	12,54
28:40:00	25	9,21	12,54
28:41:00	25	9,21	12,54
28:42:00	25	9,20	12,59
28:43:00	25	9,20	12,59
28:44:00	25	9,20	12,59
28:45:00	25	9,20	12,59
28:46:00	25	9,19	12,64
28:47:00	25	9,19	12,64
28:48:00	25	9,19	12,64
28:49:00	25	9,19	12,64
28:50:00	25	9,19	12,69
28:51:00	25	9,19	12,69
28:52:00	25	9,19	12,69
28:53:00	25	9,19	12,69
28:54:00	25	9,18	12,74
28:55:00	25	9,18	12,74
28:56:00	25	9,18	12,74
28:57:00	25	9,17	12,80
28:58:00	25	9,17	12,80
28:59:00	25	9,17	12,80
29:00:00	25	9,17	12,80
29:01:00	25	9,16	12,85
29:02:00	25	9,16	12,85
29:03:00	25	9,16	12,85
29:04:00	25	9,16	12,85
29:05:00	25	9,16	12,90
29:06:00	25	9,16	12,90
29:07:00	25	9,16	12,90
29:08:00	25	9,16	12,90
29:09:00	25	9,15	12,95
29:10:00	25	9,15	12,95
29:11:00	25	9,15	12,95
29:12:00	25	9,15	12,95
29:13:00	25	9,14	13,01
29:14:00	25	9,14	13,01
29:15:00	25	9,14	13,01
29:16:00	25	9,14	13,01
29:17:00	25	9,13	13,06
29:18:00	25	9,13	13,06
29:19:00	25	9,13	13,06
29:20:00	25	9,13	13,06
29:21:00	25	9,13	13,06
29:22:00	25	9,13	13,11
29:23:00	25	9,13	13,11
29:24:00	25	9,13	13,11
29:25:00	25	9,13	13,11
29:26:00	25	9,12	13,17
29:27:00	25	9,12	13,17
29:28:00	25	9,12	13,17
29:29:00	25	9,11	13,22
29:30:00	25	9,11	13,22
29:31:00	25	9,11	13,22
29:32:00	25	9,11	13,22
29:33:00	25	9,11	13,22
29:34:00	25	9,11	13,22
29:35:00	25	9,10	13,27
29:36:00	25	9,10	13,27
29:37:00	25	9,09	13,33
29:38:00	25	9,09	13,33
29:39:00	25	9,09	13,33
29:40:00	25	9,09	13,33
29:41:00	25	9,09	13,33
29:42:00	25	9,09	13,38
29:43:00	25	9,09	13,38
29:44:00	25	9,09	13,38
29:45:00	25	9,09	13,38
29:46:00	25	9,09	13,38
29:47:00	25	9,08	13,44
29:48:00	25	9,08	13,44
29:49:00	25	9,08	13,44
29:50:00	25	9,08	13,44
29:51:00	25	9,07	13,49
29:52:00	25	9,07	13,49
29:53:00	25	9,07	13,49
29:54:00	25	9,07	13,49
29:55:00	25	9,07	13,49
29:56:00	25	9,06	13,55
29:57:00	25	9,06	13,55
29:58:00	25	9,06	13,55
29:59:00	25	9,06	13,55
30:00:00	25	9,06	13,60
30:01:00	25	9,06	13,60
30:02:00	25	9,06	13,60
30:03:00	25	9,06	13,60
30:04:00	25	9,06	13,60
30:05:00	25	9,05	13,66
30:06:00	25	9,05	13,66
30:07:00	25	9,05	13,66
30:08:00	25	9,05	13,66
30:09:00	25	9,04	13,71
30:10:00	25	9,04	13,71
30:11:00	25	9,04	13,71
30:12:00	25	9,04	13,71
30:13:00	25	9,04	13,77
30:14:00	25	9,04	13,77
30:15:00	25	9,04	13,77
30:16:00	25	9,04	13,77
30:17:00	25	9,04	13,77
30:18:00	25	9,03	13,83
30:19:00	25	9,03	13,83
30:20:00	25	9,03	13,83
30:21:00	25	9,03	13,83
30:22:00	25	9,03	13,83
30:23:00	25	9,02	13,88
30:24:00	25	9,02	13,88
30:25:00	25	9,02	13,88
30:26:00	25	9,02	13,88
30:27:00	25	9,01	13,94
30:28:00	25	9,01	13,94
30:29:00	25	9,01	13,94
30:30:00	25	9,01	13,94
30:31:00	25	9,01	13,94
30:32:00	25	9,01	13,94
30:33:00	25	9,00	14,00
30:34:00	25	9,00	14,00
30:35:00	25	9,00	14,00
30:36:00	25	9,00	14,00
30:37:00	25	9,00	14,05
30:38:00	25	9,00	14,05
30:39:00	25	9,00	14,05
30:40:00	25	9,00	14,05
30:41:00	25	9,00	14,05
30:42:00	25	8,99	14,11
30:43:00	26	8,99	14,11
30:44:00	25	8,99	14,11
30:45:00	25	8,99	14,11
30:46:00	25	8,99	14,11
30:47:00	25	8,98	14,17
30:48:00	25	8,98	14,17
30:49:00	25	8,98	14,17
30:50:00	25	8,98	14,17
30:51:00	25	8,97	14,23
30:52:00	25	8,97	14,23
30:53:00	25	8,97	14,23
30:54:00	25	8,97	14,23
30:55:00	25	8,97	14,23
30:56:00	25	8,97	14,29
30:57:00	25	8,97	14,29
30:58:00	25	8,97	14,29
30:59:00	25	8,97	14,29
31:00:00	25	8,97	14,29
31:01:00	25	8,97	14,29
31:02:00	26	8,96	14,35
31:03:00	25	8,96	14,35
31:04:00	25	8,96	14,35
31:05:00	25	8,96	14,35
31:06:00	25	8,96	14,35
31:07:00	25	8,96	14,35
31:08:00	25	8,95	14,41
31:09:00	25	8,95	14,41
31:10:00	25	8,95	14,41
31:11:00	25	8,95	14,46
31:12:00	25	8,95	14,46
31:13:00	25	8,95	14,46
31:14:00	25	8,95	14,46
31:15:00	25	8,95	14,46
31:16:00	25	8,95	14,46
31:17:00	25	8,94	14,52
31:18:00	25	8,94	14,52
31:19:00	25	8,94	14,52
31:20:00	25	8,94	14,52
31:21:00	25	8,94	14,52
31:22:00	25	8,94	14,52
31:23:00	25	8,93	14,58
31:24:00	25	8,93	14,58
31:25:00	25	8,93	14,58
31:26:00	25	8,93	14,58
31:27:00	25	8,92	14,64
31:28:00	26	8,92	14,64
31:29:00	25	8,92	14,64
31:30:00	25	8,92	14,64
31:31:00	25	8,92	14,64
31:32:00	25	8,92	14,64
31:33:00	25	8,91	14,71
31:34:00	25	8,91	14,71
31:35:00	25	8,91	14,71
31:36:00	25	8,91	14,71
31:37:00	25	8,91	14,77
31:38:00	25	8,91	14,77
31:39:00	25	8,91	14,77
31:40:00	25	8,91	14,77
31:41:00	25	8,91	14,77
31:42:00	25	8,91	14,77
31:43:00	25	8,90	14,83
31:44:00	25	8,90	14,83
31:45:00	25	8,90	14,83
31:46:00	25	8,90	14,83
31:47:00	25	8,89	14,89
31:48:00	25	8,89	14,89
31:49:00	25	8,89	14,89
31:50:00	25	8,89	14,89
31:51:00	25	8,89	14,89
31:52:00	25	8,89	14,89
31:53:00	25	8,89	14,89
31:54:00	25	8,89	14,95
31:55:00	25	8,89	14,95
31:56:00	25	8,89	14,95
31:57:00	25	8,89	14,95
31:58:00	25	8,89	14,95
31:59:00	25	8,88	15,01
32:00:00	25	8,89	14,95
32:01:00	25	8,88	15,01
32:02:00	25	8,88	15,01
32:03:00	25	8,88	15,01
32:04:00	25	8,88	15,01
32:05:00	25	8,87	15,07
32:06:00	25	8,87	15,07
32:07:00	25	8,87	15,07
32:08:00	25	8,87	15,07
32:09:00	25	8,86	15,14
32:10:00	25	8,86	15,14
32:11:00	25	8,86	15,14
32:12:00	25	8,86	15,14
32:13:00	25	8,86	15,14
32:14:00	25	8,86	15,14
32:15:00	25	8,86	15,20
32:16:00	25	8,86	15,20
32:17:00	25	8,86	15,20
32:18:00	25	8,86	15,20
32:19:00	25	8,86	15,20
32:20:00	25	8,86	15,20
32:21:00	25	8,85	15,26
32:22:00	25	8,85	15,26
32:23:00	25	8,85	15,26
32:24:00	25	8,85	15,26
32:25:00	25	8,85	15,26
32:26:00	25	8,84	15,33
32:27:00	25	8,84	15,33
32:28:00	25	8,84	15,33
32:29:00	25	8,84	15,33
32:30:00	25	8,84	15,33
32:31:00	25	8,84	15,33
32:32:00	25	8,83	15,39
32:33:00	25	8,83	15,39
32:34:00	25	8,83	15,39
32:35:00	25	8,83	15,39
32:36:00	25	8,83	15,39
32:37:00	25	8,82	15,45
32:38:00	25	8,82	15,45
32:39:00	25	8,82	15,45
32:40:00	25	8,82	15,45
32:41:00	25	8,82	15,45
32:42:00	25	8,82	15,52
32:43:00	25	8,82	15,52
32:44:00	25	8,82	15,52
32:45:00	25	8,82	15,52
32:46:00	25	8,82	15,52
32:47:00	25	8,81	15,58
32:48:00	25	8,82	15,52
32:49:00	25	8,81	15,58
32:50:00	25	8,81	15,58
32:51:00	25	8,81	15,58
32:52:00	25	8,81	15,58
32:53:00	25	8,81	15,58
32:54:00	25	8,80	15,65
32:55:00	25	8,80	15,65
32:56:00	25	8,80	15,65
32:57:00	25	8,80	15,65
32:58:00	25	8,80	15,65
32:59:00	25	8,80	15,65
33:00:00	25	8,80	15,71
33:01:00	25	8,80	15,71
33:02:00	25	8,80	15,71
33:03:00	25	8,80	15,71
33:04:00	25	8,80	15,71
33:05:00	25	8,80	15,71
33:06:00	25	8,80	15,71
33:07:00	25	8,79	15,78
33:08:00	25	8,79	15,78
33:09:00	25	8,79	15,78
33:10:00	25	8,79	15,78
33:11:00	25	8,78	15,85
33:12:00	25	8,78	15,85
33:13:00	25	8,78	15,85
33:14:00	25	8,78	15,85
33:15:00	25	8,78	15,85
33:16:00	25	8,77	15,91
33:17:00	25	8,78	15,85
33:18:00	25	8,78	15,85
33:19:00	25	8,77	15,91
33:20:00	25	8,77	15,91
33:21:00	25	8,77	15,91
33:22:00	25	8,77	15,91
33:23:00	25	8,77	15,91
33:24:00	25	8,77	15,91
33:25:00	25	8,77	15,98
33:26:00	25	8,77	15,98
33:27:00	25	8,77	15,98
33:28:00	25	8,77	15,98
33:29:00	25	8,77	15,98
33:30:00	25	8,77	15,98
33:31:00	25	8,76	16,05
33:32:00	25	8,76	16,05
33:33:00	25	8,76	16,05
33:34:00	25	8,76	16,05
33:35:00	25	8,76	16,05
33:36:00	25	8,75	16,11
33:37:00	25	8,75	16,11
33:38:00	25	8,75	16,11
33:39:00	25	8,75	16,11
33:40:00	25	8,75	16,11
33:41:00	25	8,75	16,11
33:42:00	25	8,75	16,11
33:43:00	25	8,74	16,18
33:44:00	25	8,74	16,18
33:45:00	25	8,74	16,18
33:46:00	25	8,74	16,18
33:47:00	25	8,74	16,18
33:48:00	25	8,74	16,18
33:49:00	25	8,73	16,25
33:50:00	25	8,73	16,25
33:51:00	25	8,73	16,25
33:52:00	25	8,73	16,25
33:53:00	25	8,73	16,25
33:54:00	25	8,73	16,25
33:55:00	25	8,73	16,25
33:56:00	25	8,73	16,32
33:57:00	25	8,73	16,32
33:58:00	25	8,73	16,32
33:59:00	25	8,73	16,32
34:00:00	25	8,73	16,32
34:01:00	25	8,72	16,39
34:02:00	25	8,72	16,39
34:03:00	25	8,72	16,39
34:04:00	25	8,72	16,39
34:05:00	25	8,72	16,39
34:06:00	25	8,72	16,39
34:07:00	25	8,72	16,39
34:08:00	25	8,71	16,45
34:09:00	25	8,72	16,39
34:10:00	25	8,71	16,45
34:11:00	25	8,71	16,45
34:12:00	25	8,71	16,45
34:13:00	25	8,71	16,45
34:14:00	25	8,71	16,52
34:15:00	25	8,71	16,45
34:16:00	25	8,71	16,52
34:17:00	25	8,71	16,52
34:18:00	25	8,71	16,52
34:19:00	25	8,71	16,52
34:20:00	25	8,71	16,52
34:21:00	25	8,71	16,52
34:22:00	25	8,70	16,59
34:23:00	25	8,70	16,59
34:24:00	25	8,70	16,59
34:25:00	25	8,70	16,59
34:26:00	25	8,70	16,59
34:27:00	25	8,70	16,59
34:28:00	25	8,70	16,59
34:29:00	25	8,69	16,66
34:30:00	25	8,69	16,66
34:31:00	25	8,69	16,66
34:32:00	25	8,69	16,66
34:33:00	25	8,69	16,66
34:34:00	25	8,68	16,73
34:35:00	25	8,68	16,73
34:36:00	25	8,68	16,73
34:37:00	25	8,68	16,73
34:38:00	25	8,68	16,73
34:39:00	25	8,68	16,73
34:40:00	25	8,68	16,73
34:41:00	25	8,68	16,73
34:42:00	25	8,68	16,73
34:43:00	25	8,68	16,80
34:44:00	25	8,68	16,80
34:45:00	25	8,68	16,80
34:46:00	25	8,68	16,80
34:47:00	25	8,68	16,80
34:48:00	25	8,68	16,80
34:49:00	25	8,68	16,80
34:50:00	25	8,67	16,88
34:51:00	25	8,67	16,88
34:52:00	25	8,67	16,88
34:53:00	25	8,67	16,88
34:54:00	25	8,67	16,88
34:55:00	25	8,67	16,88
34:56:00	25	8,66	16,95
34:57:00	25	8,67	16,88
34:58:00	25	8,66	16,95
34:59:00	25	8,66	16,95
35:00:00	25	8,66	16,95
35:01:00	25	8,66	16,95
35:02:00	25	8,66	16,95
35:03:00	25	8,66	16,95
35:04:00	25	8,65	17,02
35:05:00	25	8,66	16,95
35:06:00	25	8,65	17,02
35:07:00	25	8,65	17,02
35:08:00	25	8,65	17,02
35:09:00	25	8,65	17,02
35:10:00	25	8,65	17,02
35:11:00	25	8,65	17,02
35:12:00	25	8,64	17,09
35:13:00	25	8,64	17,09
35:14:00	25	8,64	17,09
35:15:00	25	8,64	17,09
35:16:00	25	8,64	17,09
35:17:00	25	8,64	17,09
35:18:00	25	8,64	17,16
35:19:00	25	8,64	17,16
35:20:00	25	8,64	17,16
35:21:00	25	8,64	17,16
35:22:00	25	8,64	17,16
35:23:00	25	8,64	17,16
35:24:00	25	8,64	17,16
35:25:00	25	8,63	17,24
35:26:00	25	8,63	17,24
35:27:00	25	8,63	17,24
35:28:00	25	8,63	17,24
35:29:00	25	8,63	17,24
35:30:00	25	8,63	17,24
35:31:00	25	8,63	17,24
35:32:00	25	8,63	17,24
35:33:00	25	8,62	17,31
35:34:00	25	8,62	17,31
35:35:00	25	8,62	17,31
35:36:00	25	8,62	17,31
35:37:00	25	8,62	17,31
35:38:00	25	8,62	17,31
35:39:00	25	8,62	17,31
35:40:00	24	8,62	17,31
35:41:00	25	8,62	17,31
35:42:00	25	8,61	17,38
35:43:00	25	8,61	17,38
35:44:00	25	8,61	17,38
35:45:00	25	8,61	17,38
35:46:00	25	8,61	17,38
35:47:00	25	8,61	17,38
35:48:00	25	8,61	17,38
35:49:00	25	8,61	17,46
35:50:00	25	8,61	17,46
35:51:00	25	8,61	17,46
35:52:00	25	8,61	17,46
35:53:00	25	8,61	17,46
35:54:00	25	8,61	17,46
35:55:00	25	8,61	17,46
35:56:00	24	8,60	17,53
35:57:00	25	8,60	17,53
35:58:00	24	8,60	17,53
35:59:00	25	8,60	17,53
36:00:00	25	8,60	17,53
36:01:00	25	8,60	17,53
36:02:00	25	8,60	17,53
36:03:00	25	8,59	17,60
36:04:00	25	8,59	17,60
36:05:00	25	8,59	17,60
36:06:00	25	8,59	17,60
36:07:00	25	8,59	17,60
36:08:00	25	8,59	17,60
36:09:00	25	8,59	17,60
36:10:00	25	8,59	17,60
36:11:00	25	8,59	17,68
36:12:00	25	8,59	17,68
36:13:00	25	8,59	17,68
36:14:00	25	8,59	17,68
36:15:00	25	8,58	17,75
36:16:00	25	8,59	17,68
36:17:00	24	8,59	17,68
36:18:00	25	8,58	17,75
36:19:00	25	8,58	17,75
36:20:00	25	8,58	17,75
36:21:00	25	8,58	17,75
36:22:00	25	8,58	17,75
36:23:00	25	8,58	17,75
36:24:00	25	8,58	17,75
36:25:00	25	8,58	17,75
36:26:00	25	8,57	17,83
36:27:00	25	8,57	17,83
36:28:00	25	8,57	17,83
36:29:00	25	8,57	17,83
36:30:00	25	8,57	17,83
36:31:00	25	8,57	17,83
36:32:00	25	8,57	17,83
36:33:00	25	8,57	17,83
36:34:00	25	8,57	17,83
36:35:00	25	8,56	17,91
36:36:00	25	8,56	17,91
36:37:00	25	8,56	17,91
36:38:00	24	8,56	17,91
36:39:00	25	8,56	17,91
36:40:00	25	8,56	17,91
36:41:00	25	8,56	17,91
36:42:00	25	8,55	17,98
36:43:00	25	8,55	17,98
36:44:00	25	8,55	17,98
36:45:00	25	8,55	17,98
36:46:00	25	8,55	17,98
36:47:00	25	8,55	17,98
36:48:00	25	8,55	17,98
36:49:00	25	8,55	17,98
36:50:00	25	8,55	17,98
36:51:00	25	8,55	18,06
36:52:00	25	8,55	18,06
36:53:00	25	8,55	18,06
36:54:00	24	8,55	18,06
36:55:00	25	8,55	18,06
36:56:00	25	8,55	18,06
36:57:00	25	8,55	18,06
36:58:00	25	8,55	18,06
36:59:00	25	8,55	18,06
37:00:00	25	8,54	18,14
37:01:00	25	8,54	18,14
37:02:00	25	8,54	18,14
37:03:00	25	8,54	18,14
37:04:00	25	8,54	18,14
37:05:00	25	8,54	18,14
37:06:00	25	8,54	18,14
37:07:00	25	8,53	18,21
37:08:00	25	8,53	18,21
37:09:00	25	8,53	18,21
37:10:00	25	8,53	18,21
37:11:00	25	8,53	18,21
37:12:00	25	8,53	18,21
37:13:00	25	8,53	18,21
37:14:00	25	8,53	18,21
37:15:00	25	8,53	18,21
37:16:00	25	8,52	18,29
37:17:00	25	8,52	18,29
37:18:00	25	8,52	18,29
37:19:00	25	8,52	18,29
37:20:00	25	8,52	18,29
37:21:00	25	8,52	18,29
37:22:00	25	8,52	18,29
37:23:00	25	8,52	18,37
37:24:00	25	8,52	18,37
37:25:00	25	8,52	18,37
37:26:00	25	8,52	18,37
37:27:00	25	8,52	18,37
37:28:00	25	8,52	18,37
37:29:00	25	8,52	18,37
37:30:00	25	8,52	18,37
37:31:00	25	8,51	18,45
37:32:00	25	8,52	18,37
37:33:00	25	8,51	18,45
37:34:00	25	8,51	18,45
37:35:00	25	8,51	18,45
37:36:00	25	8,51	18,45
37:37:00	25	8,51	18,45
37:38:00	25	8,51	18,45
37:39:00	25	8,51	18,45
37:40:00	25	8,51	18,45
37:41:00	25	8,50	18,53
37:42:00	25	8,50	18,53
37:43:00	25	8,50	18,53
37:44:00	25	8,50	18,53
37:45:00	25	8,50	18,53
37:46:00	25	8,50	18,53
37:47:00	25	8,50	18,53
37:48:00	25	8,50	18,53
37:49:00	25	8,50	18,61
37:50:00	25	8,50	18,61
37:51:00	25	8,50	18,61
37:52:00	25	8,50	18,61
37:53:00	25	8,50	18,61
37:54:00	24	8,50	18,61
37:55:00	25	8,50	18,61
37:56:00	25	8,50	18,61
37:57:00	25	8,49	18,69
37:58:00	25	8,50	18,61
37:59:00	25	8,49	18,69
38:00:00	25	8,49	18,69
38:01:00	24	8,49	18,69
38:02:00	25	8,49	18,69
38:03:00	25	8,49	18,69
38:04:00	25	8,49	18,69
38:05:00	25	8,49	18,69
38:06:00	25	8,49	18,69
38:07:00	25	8,49	18,69
38:08:00	25	8,49	18,69
38:09:00	25	8,48	18,77
38:10:00	25	8,48	18,77
38:11:00	25	8,48	18,77
38:12:00	25	8,48	18,77
38:13:00	25	8,48	18,77
38:14:00	25	8,48	18,77
38:15:00	25	8,48	18,77
38:16:00	25	8,48	18,77
38:17:00	25	8,47	18,85
38:18:00	25	8,47	18,85
38:19:00	25	8,47	18,85
38:20:00	25	8,47	18,85
38:21:00	25	8,47	18,85
38:22:00	25	8,47	18,85
38:23:00	25	8,47	18,85
38:24:00	25	8,47	18,85
38:25:00	25	8,47	18,85
38:26:00	25	8,47	18,85
38:27:00	25	8,46	18,93
38:28:00	25	8,46	18,93
38:29:00	25	8,46	18,93
38:30:00	25	8,46	18,93
38:31:00	25	8,46	18,93
38:32:00	25	8,46	18,93
38:33:00	25	8,46	19,01
38:34:00	25	8,46	19,01
38:35:00	25	8,46	19,01
38:36:00	25	8,46	19,01
38:37:00	25	8,46	19,01
38:38:00	25	8,46	19,01
38:39:00	24	8,46	19,01
38:40:00	25	8,46	19,01
38:41:00	25	8,46	19,01
38:42:00	25	8,45	19,09
38:43:00	25	8,46	19,01
38:44:00	25	8,45	19,09
38:45:00	25	8,45	19,09
38:46:00	24	8,45	19,09
38:47:00	25	8,45	19,09
38:48:00	25	8,45	19,09
38:49:00	25	8,45	19,09
38:50:00	25	8,45	19,09
38:51:00	25	8,44	19,17
38:52:00	25	8,44	19,17
38:53:00	25	8,44	19,17
38:54:00	25	8,44	19,17
38:55:00	25	8,44	19,17
38:56:00	25	8,44	19,17
38:57:00	25	8,44	19,17
38:58:00	25	8,44	19,17
38:59:00	25	8,44	19,17
39:00:00	24	8,44	19,17
39:01:00	25	8,43	19,26
39:02:00	25	8,43	19,26
39:03:00	25	8,43	19,26
39:04:00	25	8,43	19,26
39:05:00	25	8,43	19,26
39:06:00	24	8,43	19,26
39:07:00	25	8,43	19,26
39:08:00	25	8,43	19,26
39:09:00	25	8,43	19,26
39:10:00	25	8,43	19,26
39:11:00	25	8,43	19,34
39:12:00	25	8,43	19,34
39:13:00	24	8,43	19,34
39:14:00	25	8,43	19,34
39:15:00	25	8,43	19,34
39:16:00	25	8,43	19,34
39:17:00	24	8,43	19,34
39:18:00	25	8,43	19,34
39:19:00	25	8,43	19,34
39:20:00	25	8,42	19,42
39:21:00	24	8,42	19,42
39:22:00	25	8,42	19,42
39:23:00	25	8,42	19,42
39:24:00	25	8,42	19,42
39:25:00	25	8,42	19,42
39:26:00	25	8,42	19,42
39:27:00	25	8,42	19,42
39:28:00	25	8,42	19,42
39:29:00	25	8,42	19,42
39:30:00	25	8,41	19,51
39:31:00	25	8,41	19,51
39:32:00	25	8,41	19,51
39:33:00	24	8,41	19,51
39:34:00	25	8,41	19,51
39:35:00	25	8,41	19,51
39:36:00	25	8,41	19,51
39:37:00	25	8,41	19,51
39:38:00	25	8,41	19,51
39:39:00	25	8,41	19,51
39:40:00	25	8,41	19,51
39:41:00	24	8,41	19,59
39:42:00	25	8,41	19,59
39:43:00	25	8,41	19,59
39:44:00	25	8,41	19,59
39:45:00	25	8,41	19,59
39:46:00	25	8,41	19,59
39:47:00	25	8,41	19,59
39:48:00	25	8,41	19,59
39:49:00	25	8,41	19,59
39:50:00	25	8,40	19,68
39:51:00	25	8,40	19,68
39:52:00	25	8,40	19,68
39:53:00	25	8,40	19,68
39:54:00	25	8,40	19,68
39:55:00	25	8,40	19,68
39:56:00	25	8,40	19,68
39:57:00	25	8,40	19,68
39:58:00	25	8,40	19,68
39:59:00	25	8,39	19,76
40:00:00	25	8,40	19,68
40:01:00	25	8,39	19,76
40:02:00	25	8,39	19,76
40:03:00	25	8,39	19,76
40:04:00	25	8,39	19,76
40:05:00	24	8,39	19,76
40:06:00	25	8,39	19,76
40:07:00	24	8,39	19,76
40:08:00	25	8,39	19,76
40:09:00	25	8,39	19,76
40:10:00	25	8,39	19,76
40:11:00	25	8,39	19,76
40:12:00	25	8,38	19,85
40:13:00	25	8,38	19,85
40:14:00	24	8,38	19,85
40:15:00	25	8,38	19,85
40:16:00	25	8,38	19,85
40:17:00	25	8,38	19,85
40:18:00	25	8,38	19,85
40:19:00	24	8,38	19,85
40:20:00	25	8,38	19,85
40:21:00	25	8,38	19,85
40:22:00	25	8,38	19,85
40:23:00	25	8,38	19,93
40:24:00	25	8,38	19,93
40:25:00	25	8,38	19,93
40:26:00	25	8,38	19,93
40:27:00	25	8,38	19,93
40:28:00	25	8,38	19,93
40:29:00	25	8,38	19,93
40:30:00	25	8,38	19,93
40:31:00	25	8,37	20,02
40:32:00	25	8,37	20,02
40:33:00	24	8,37	20,02
40:34:00	25	8,37	20,02
40:35:00	25	8,37	20,02
40:36:00	25	8,37	20,02
40:37:00	24	8,37	20,02
40:38:00	25	8,37	20,02
40:39:00	25	8,37	20,02
40:40:00	25	8,37	20,02
40:41:00	25	8,37	20,02
40:42:00	25	8,36	20,11
40:43:00	25	8,36	20,11
40:44:00	25	8,36	20,11
40:45:00	25	8,36	20,11
40:46:00	25	8,36	20,11
40:47:00	25	8,36	20,11
40:48:00	25	8,36	20,11
40:49:00	24	8,36	20,11
40:50:00	25	8,36	20,11
40:51:00	25	8,36	20,11
40:52:00	25	8,36	20,11
40:53:00	25	8,35	20,19
40:54:00	25	8,35	20,19
40:55:00	25	8,35	20,19
40:56:00	25	8,35	20,19
40:57:00	25	8,35	20,19
40:58:00	25	8,35	20,19
40:59:00	25	8,35	20,19
41:00:00	25	8,35	20,19
41:01:00	24	8,35	20,19
41:02:00	25	8,35	20,19
41:03:00	25	8,34	20,28
41:04:00	25	8,34	20,28
41:05:00	25	8,34	20,28
41:06:00	25	8,34	20,28
41:07:00	25	8,34	20,28
41:08:00	25	8,34	20,28
41:09:00	25	8,34	20,28
41:10:00	24	8,34	20,28
41:11:00	25	8,34	20,28
41:12:00	25	8,34	20,28
41:13:00	25	8,34	20,28
41:14:00	25	8,34	20,37
41:15:00	25	8,34	20,37
41:16:00	25	8,34	20,37
41:17:00	25	8,34	20,37
41:18:00	25	8,34	20,37
41:19:00	25	8,34	20,37
41:20:00	25	8,34	20,37
41:21:00	25	8,34	20,37
41:22:00	25	8,34	20,37
41:23:00	25	8,34	20,37
41:24:00	25	8,34	20,37
41:25:00	25	8,33	20,46
41:26:00	25	8,33	20,46
41:27:00	25	8,33	20,46
41:28:00	25	8,33	20,46
41:29:00	25	8,33	20,46
41:30:00	25	8,33	20,46
41:31:00	25	8,33	20,46
41:32:00	25	8,33	20,46
41:33:00	25	8,33	20,46
41:34:00	25	8,33	20,46
41:35:00	25	8,33	20,46
41:36:00	24	8,32	20,55
41:37:00	25	8,32	20,55
41:38:00	25	8,32	20,55
41:39:00	25	8,32	20,55
41:40:00	24	8,32	20,55
41:41:00	25	8,32	20,55
41:42:00	25	8,32	20,55
41:43:00	25	8,32	20,55
41:44:00	25	8,32	20,55
41:45:00	25	8,32	20,64
41:46:00	25	8,32	20,55
41:47:00	25	8,32	20,64
41:48:00	25	8,32	20,64
41:49:00	25	8,32	20,64
41:50:00	25	8,32	20,64
41:51:00	25	8,32	20,64
41:52:00	25	8,32	20,64
41:53:00	24	8,32	20,64
41:54:00	25	8,32	20,64
41:55:00	25	8,32	20,64
41:56:00	25	8,32	20,64
41:57:00	25	8,32	20,64
41:58:00	25	8,32	20,64
41:59:00	25	8,32	20,64
42:00:00	25	8,31	20,73
42:01:00	25	8,31	20,73
42:02:00	25	8,31	20,73
42:03:00	25	8,31	20,73
42:04:00	25	8,31	20,73
42:05:00	24	8,31	20,73
42:06:00	25	8,31	20,73
42:07:00	24	8,31	20,73
42:08:00	25	8,31	20,73
42:09:00	25	8,30	20,82
42:10:00	25	8,30	20,82
42:11:00	25	8,30	20,82
42:12:00	25	8,31	20,73
42:13:00	24	8,30	20,82
42:14:00	25	8,30	20,82
42:15:00	25	8,30	20,82
42:16:00	25	8,30	20,82
42:17:00	25	8,30	20,82
42:18:00	25	8,30	20,82
42:19:00	25	8,30	20,82
42:20:00	25	8,30	20,82
42:21:00	25	8,30	20,82
42:22:00	25	8,30	20,82
42:23:00	25	8,29	20,91
42:24:00	24	8,29	20,91
42:25:00	25	8,29	20,91
42:26:00	25	8,29	20,91
42:27:00	25	8,29	20,91
42:28:00	25	8,29	20,91
42:29:00	25	8,29	20,91
42:30:00	25	8,29	20,91
42:31:00	25	8,29	20,91
42:32:00	25	8,29	21,00
42:33:00	25	8,29	20,91
42:34:00	25	8,29	20,91
42:35:00	25	8,29	21,00
42:36:00	25	8,29	21,00
42:37:00	25	8,29	21,00
42:38:00	25	8,29	21,00
42:39:00	25	8,29	21,00
42:40:00	25	8,29	21,00
42:41:00	24	8,29	21,00
42:42:00	25	8,29	21,00
42:43:00	25	8,29	21,00
42:44:00	25	8,29	21,00
42:45:00	25	8,29	21,00
42:46:00	25	8,28	21,09
42:47:00	25	8,28	21,09
42:48:00	25	8,28	21,09
42:49:00	25	8,28	21,09
42:50:00	25	8,28	21,09
42:51:00	24	8,28	21,09
42:52:00	25	8,28	21,09
42:53:00	25	8,28	21,09
42:54:00	25	8,28	21,09
42:55:00	25	8,28	21,09
42:56:00	25	8,28	21,09
42:57:00	25	8,28	21,09
42:58:00	25	8,27	21,18
42:59:00	25	8,27	21,18
43:00:00	25	8,27	21,18
43:01:00	25	8,27	21,18
43:02:00	25	8,27	21,18
43:03:00	25	8,27	21,18
43:04:00	25	8,27	21,18
43:05:00	25	8,27	21,18
43:06:00	25	8,27	21,18
43:07:00	25	8,27	21,18
43:08:00	25	8,27	21,18
43:09:00	25	8,27	21,18
43:10:00	25	8,27	21,18
43:11:00	25	8,26	21,28
43:12:00	25	8,26	21,28
43:13:00	25	8,26	21,28
43:14:00	25	8,26	21,28
43:15:00	25	8,26	21,28
43:16:00	25	8,26	21,28
43:17:00	25	8,26	21,28
43:18:00	25	8,26	21,28
43:19:00	25	8,26	21,28
43:20:00	25	8,26	21,28
43:21:00	25	8,26	21,28
43:22:00	25	8,26	21,28
43:23:00	25	8,26	21,28
43:24:00	25	8,25	21,37
43:25:00	25	8,25	21,37
43:26:00	25	8,25	21,37
43:27:00	25	8,25	21,37
43:28:00	25	8,25	21,37
43:29:00	25	8,25	21,37
43:30:00	24	8,25	21,37
43:31:00	25	8,25	21,37
43:32:00	25	8,25	21,37
43:33:00	25	8,25	21,37
43:34:00	25	8,25	21,37
43:35:00	25	8,25	21,46
43:36:00	25	8,25	21,46
43:37:00	25	8,25	21,46
43:38:00	25	8,25	21,46
43:39:00	25	8,25	21,46
43:40:00	25	8,25	21,46
43:41:00	25	8,25	21,46
43:42:00	25	8,25	21,46
43:43:00	25	8,25	21,46
43:44:00	25	8,25	21,46
43:45:00	25	8,25	21,46
43:46:00	25	8,25	21,46
43:47:00	24	8,25	21,46
43:48:00	25	8,24	21,56
43:49:00	25	8,24	21,56
43:50:00	25	8,24	21,56
43:51:00	25	8,24	21,56
43:52:00	25	8,24	21,56
43:53:00	25	8,24	21,56
43:54:00	24	8,24	21,56
43:55:00	24	8,24	21,56
43:56:00	25	8,24	21,56
43:57:00	25	8,24	21,56
43:58:00	25	8,24	21,56
43:59:00	25	8,24	21,56
44:00:00	25	8,23	21,65
44:01:00	25	8,23	21,65
44:02:00	25	8,23	21,65
44:03:00	24	8,23	21,65
44:04:00	25	8,23	21,65
44:05:00	25	8,23	21,65
44:06:00	25	8,23	21,65
44:07:00	25	8,23	21,65
44:08:00	25	8,23	21,65
44:09:00	25	8,23	21,65
44:10:00	25	8,23	21,65
44:11:00	25	8,23	21,65
44:12:00	25	8,23	21,75
44:13:00	25	8,23	21,65
44:14:00	25	8,23	21,75
44:15:00	25	8,23	21,75
44:16:00	25	8,23	21,75
44:17:00	25	8,23	21,75
44:18:00	25	8,23	21,75
44:19:00	25	8,23	21,75
44:20:00	25	8,23	21,75
44:21:00	25	8,23	21,75
44:22:00	25	8,23	21,75
44:23:00	25	8,23	21,75
44:24:00	24	8,23	21,75
44:25:00	25	8,23	21,75
44:26:00	25	8,23	21,75
44:27:00	25	8,22	21,84
44:28:00	25	8,22	21,84
44:29:00	25	8,22	21,84
44:30:00	25	8,22	21,84
44:31:00	25	8,22	21,84
44:32:00	25	8,22	21,84
44:33:00	25	8,22	21,84
44:34:00	25	8,22	21,84
44:35:00	25	8,22	21,84
44:36:00	25	8,22	21,84
44:37:00	25	8,22	21,84
44:38:00	25	8,22	21,84
44:39:00	25	8,22	21,84
44:40:00	25	8,21	21,94
44:41:00	25	8,21	21,94
44:42:00	25	8,21	21,94
44:43:00	25	8,21	21,94
44:44:00	25	8,21	21,94
44:45:00	25	8,21	21,94
44:46:00	25	8,21	21,94
44:47:00	25	8,21	21,94
44:48:00	25	8,21	21,94
44:49:00	24	8,21	21,94
44:50:00	25	8,21	21,94
44:51:00	25	8,21	21,94
44:52:00	25	8,20	22,04
44:53:00	25	8,21	21,94
44:54:00	24	8,20	22,04
44:55:00	25	8,20	22,04
44:56:00	25	8,20	22,04
44:57:00	25	8,20	22,04
44:58:00	25	8,20	22,04
44:59:00	25	8,20	22,04
45:00:00	25	8,20	22,04
45:01:00	25	8,20	22,04
45:02:00	25	8,20	22,04
45:03:00	24	8,20	22,04
45:04:00	25	8,20	22,13
45:05:00	25	8,20	22,13
45:06:00	25	8,20	22,04
45:07:00	25	8,20	22,13
45:08:00	25	8,20	22,13
45:09:00	25	8,20	22,13
45:10:00	25	8,20	22,13
45:11:00	25	8,20	22,13
45:12:00	25	8,20	22,13
45:13:00	25	8,20	22,13
45:14:00	25	8,20	22,13
45:15:00	25	8,20	22,13
45:16:00	25	8,20	22,13
45:17:00	25	8,20	22,13
45:18:00	25	8,20	22,13
45:19:00	25	8,20	22,13
45:20:00	25	8,19	22,23
45:21:00	25	8,19	22,23
45:22:00	25	8,19	22,23
45:23:00	25	8,20	22,13
45:24:00	25	8,19	22,23
45:25:00	25	8,19	22,23
45:26:00	25	8,19	22,23
45:27:00	25	8,19	22,23
45:28:00	25	8,19	22,23
45:29:00	25	8,19	22,23
45:30:00	25	8,19	22,23
45:31:00	25	8,19	22,23
45:32:00	25	8,19	22,23
45:33:00	24	8,19	22,23
45:34:00	25	8,19	22,23
45:35:00	24	8,18	22,33
45:36:00	25	8,18	22,33
45:37:00	25	8,18	22,33
45:38:00	25	8,18	22,33
45:39:00	25	8,18	22,33
45:40:00	25	8,18	22,33
45:41:00	25	8,18	22,33
45:42:00	24	8,18	22,33
45:43:00	25	8,18	22,33
45:44:00	25	8,18	22,33
45:45:00	25	8,18	22,33
45:46:00	25	8,18	22,33
45:47:00	25	8,18	22,33
45:48:00	25	8,18	22,33
45:49:00	25	8,18	22,33
45:50:00	25	8,17	22,43
45:51:00	25	8,17	22,43
45:52:00	25	8,17	22,43
45:53:00	25	8,17	22,43
45:54:00	25	8,17	22,43
45:55:00	25	8,17	22,43
45:56:00	25	8,17	22,43
45:57:00	25	8,17	22,43
45:58:00	25	8,17	22,43
45:59:00	25	8,17	22,43
46:00:00	24	8,17	22,43
46:01:00	25	8,17	22,43
46:02:00	25	8,17	22,43
46:03:00	25	8,17	22,43
46:04:00	24	8,16	22,53
46:05:00	24	8,16	22,53
46:06:00	25	8,16	22,53
46:07:00	25	8,16	22,53
46:08:00	25	8,16	22,53
46:09:00	25	8,16	22,53
46:10:00	25	8,16	22,53
46:11:00	25	8,16	22,53
46:12:00	25	8,16	22,53
46:13:00	25	8,16	22,53
46:14:00	25	8,16	22,53
46:15:00	24	8,16	22,53
46:16:00	25	8,16	22,53
46:17:00	25	8,16	22,63
46:18:00	25	8,16	22,63
46:19:00	25	8,16	22,63
46:20:00	25	8,16	22,63
46:21:00	24	8,16	22,63
46:22:00	25	8,16	22,63
46:23:00	25	8,16	22,63
46:24:00	25	8,16	22,63
46:25:00	24	8,16	22,63
46:26:00	25	8,16	22,63
46:27:00	25	8,16	22,63
46:28:00	25	8,16	22,63
46:29:00	25	8,16	22,63
46:30:00	25	8,16	22,63
46:31:00	25	8,16	22,63
46:32:00	25	8,16	22,63
46:33:00	25	8,15	22,73
46:34:00	25	8,15	22,73
46:35:00	25	8,15	22,73
46:36:00	25	8,15	22,73
46:37:00	25	8,15	22,73
46:38:00	25	8,15	22,73
46:39:00	25	8,15	22,73
46:40:00	25	8,15	22,73
46:41:00	25	8,15	22,73
46:42:00	25	8,15	22,73
46:43:00	25	8,15	22,73
46:44:00	25	8,15	22,73
46:45:00	25	8,15	22,73
46:46:00	25	8,15	22,73
46:47:00	25	8,14	22,83
46:48:00	25	8,14	22,83
46:49:00	25	8,14	22,83
46:50:00	25	8,14	22,83
46:51:00	25	8,14	22,83
46:52:00	25	8,14	22,83
46:53:00	25	8,14	22,83
46:54:00	25	8,14	22,83
46:55:00	25	8,14	22,83
46:56:00	25	8,14	22,83
46:57:00	24	8,14	22,83
46:58:00	25	8,14	22,83
46:59:00	25	8,14	22,83
47:00:00	25	8,14	22,83
47:01:00	25	8,14	22,83
47:02:00	25	8,14	22,83
47:03:00	25	8,14	22,83
47:04:00	25	8,14	22,93
47:05:00	24	8,14	22,93
47:06:00	25	8,14	22,93
47:07:00	25	8,14	22,93
47:08:00	24	8,14	22,93
47:09:00	25	8,14	22,93
47:10:00	25	8,14	22,93
47:11:00	24	8,14	22,93
47:12:00	25	8,14	22,93
47:13:00	25	8,14	22,93
47:14:00	25	8,14	22,93
47:15:00	24	8,14	22,93
47:16:00	25	8,14	22,93
47:17:00	25	8,14	22,93
47:18:00	25	8,14	22,93
47:19:00	25	8,13	23,03
47:20:00	25	8,13	23,03
47:21:00	25	8,13	23,03
47:22:00	25	8,13	23,03
47:23:00	25	8,13	23,03
47:24:00	24	8,13	23,03
47:25:00	25	8,13	23,03
47:26:00	25	8,13	23,03
47:27:00	25	8,13	23,03
47:28:00	25	8,13	23,03
47:29:00	25	8,13	23,03
47:30:00	25	8,13	23,03
47:31:00	25	8,13	23,03
47:32:00	25	8,13	23,03
47:33:00	25	8,13	23,03
47:34:00	25	8,12	23,13
47:35:00	25	8,12	23,13
47:36:00	25	8,12	23,13
47:37:00	25	8,12	23,13
47:38:00	25	8,12	23,13
47:39:00	25	8,12	23,13
47:40:00	24	8,12	23,13
47:41:00	25	8,12	23,13
47:42:00	25	8,12	23,13
47:43:00	25	8,12	23,13
47:44:00	25	8,12	23,13
47:45:00	25	8,12	23,13
47:46:00	25	8,12	23,13
47:47:00	25	8,12	23,13
47:48:00	25	8,12	23,13
47:49:00	25	8,12	23,13
47:50:00	25	8,12	23,13
47:51:00	25	8,12	23,13
47:52:00	25	8,11	23,24
47:53:00	25	8,11	23,24
47:54:00	25	8,11	23,24
47:55:00	25	8,11	23,24
47:56:00	25	8,11	23,24
47:57:00	25	8,11	23,24
47:58:00	25	8,11	23,24
47:59:00	25	8,11	23,24
48:00:00	25	8,11	23,24
48:01:00	25	8,11	23,24
48:02:00	25	8,11	23,24
48:03:00	25	8,11	23,24
48:04:00	25	8,11	23,24
48:05:00	25	8,11	23,24
48:06:00	25	8,11	23,34
48:07:00	25	8,11	23,34
48:08:00	25	8,11	23,34
48:09:00	25	8,11	23,34
48:10:00	25	8,11	23,34
48:11:00	25	8,11	23,34
48:12:00	25	8,11	23,34
48:13:00	25	8,11	23,34
48:14:00	25	8,11	23,34
48:15:00	25	8,11	23,34
48:16:00	25	8,11	23,34
48:17:00	25	8,11	23,34
48:18:00	25	8,11	23,34
48:19:00	25	8,11	23,34
48:20:00	25	8,11	23,34
48:21:00	25	8,11	23,34
48:22:00	25	8,11	23,34
48:23:00	25	8,10	23,44
48:24:00	25	8,10	23,44
48:25:00	25	8,10	23,44
48:26:00	25	8,10	23,44
48:27:00	25	8,10	23,44
48:28:00	25	8,10	23,44
48:29:00	25	8,10	23,44
48:30:00	25	8,10	23,44
48:31:00	25	8,10	23,44
48:32:00	25	8,10	23,44
48:33:00	25	8,10	23,44
48:34:00	25	8,10	23,44
48:35:00	25	8,10	23,44
48:36:00	25	8,10	23,44
48:37:00	25	8,10	23,44
48:38:00	25	8,10	23,44
48:39:00	25	8,09	23,55
48:40:00	25	8,10	23,44
48:41:00	25	8,09	23,55
48:42:00	25	8,09	23,55
48:43:00	25	8,09	23,55
48:44:00	25	8,09	23,55
48:45:00	25	8,09	23,55
48:46:00	25	8,09	23,55
48:47:00	25	8,09	23,55
48:48:00	25	8,09	23,55
48:49:00	25	8,09	23,55
48:50:00	25	8,09	23,55
48:51:00	25	8,09	23,55
48:52:00	25	8,09	23,55
48:53:00	25	8,09	23,55
48:54:00	25	8,09	23,55
48:55:00	25	8,09	23,55
48:56:00	25	8,09	23,55
48:57:00	25	8,08	23,65
48:58:00	25	8,08	23,65
48:59:00	25	8,08	23,65
49:00:00	25	8,08	23,65
49:01:00	25	8,08	23,65
49:02:00	25	8,08	23,65
49:03:00	25	8,08	23,65
49:04:00	25	8,08	23,65
49:05:00	25	8,08	23,65
49:06:00	25	8,08	23,65
49:07:00	25	8,08	23,65
49:08:00	25	8,08	23,65
49:09:00	25	8,08	23,65
49:10:00	25	8,08	23,65
49:11:00	25	8,08	23,65
49:12:00	25	8,07	23,76
49:13:00	25	8,08	23,65
49:14:00	25	8,08	23,65
49:15:00	25	8,07	23,76
49:16:00	25	8,07	23,76
49:17:00	25	8,07	23,76
49:18:00	25	8,07	23,76
49:19:00	25	8,07	23,76
49:20:00	25	8,07	23,76
49:21:00	25	8,07	23,76
49:22:00	25	8,07	23,76
49:23:00	25	8,07	23,76
49:24:00	25	8,07	23,76
49:25:00	25	8,07	23,76
49:26:00	25	8,07	23,76
49:27:00	25	8,07	23,76
49:28:00	25	8,07	23,76
49:29:00	25	8,07	23,76
49:30:00	25	8,07	23,76
49:31:00	25	8,07	23,76
49:32:00	25	8,07	23,86
49:33:00	25	8,07	23,86
49:34:00	25	8,07	23,86
49:35:00	25	8,07	23,86
49:36:00	25	8,07	23,86
49:37:00	25	8,07	23,86
49:38:00	25	8,07	23,86
49:39:00	25	8,07	23,86
49:40:00	25	8,07	23,86
49:41:00	25	8,07	23,86
49:42:00	25	8,07	23,86
49:43:00	25	8,07	23,86
49:44:00	25	8,07	23,86
49:45:00	25	8,07	23,86
49:46:00	25	8,07	23,86
49:47:00	25	8,07	23,86
49:48:00	25	8,07	23,86
49:49:00	25	8,07	23,86
49:50:00	25	8,07	23,86
49:51:00	25	8,06	23,97
49:52:00	25	8,06	23,97
49:53:00	25	8,06	23,97
49:54:00	25	8,06	23,97
49:55:00	25	8,06	23,97
49:56:00	25	8,06	23,97
49:57:00	25	8,06	23,97
49:58:00	25	8,06	23,97
49:59:00	25	8,06	23,97
50:00:00	25	8,06	23,97
50:01:00	25	8,06	23,97
50:02:00	25	8,06	23,97
50:03:00	25	8,06	23,97
50:04:00	25	8,06	23,97
50:05:00	25	8,05	24,08
50:06:00	25	8,06	23,97
50:07:00	25	8,06	23,97
50:08:00	25	8,05	24,08
50:09:00	25	8,05	24,08
50:10:00	25	8,05	24,08
50:11:00	25	8,05	24,08
50:12:00	25	8,05	24,08
50:13:00	25	8,05	24,08
50:14:00	25	8,05	24,08
50:15:00	25	8,05	24,08
50:16:00	25	8,05	24,08
50:17:00	25	8,05	24,08
50:18:00	25	8,05	24,08
50:19:00	25	8,05	24,08
50:20:00	25	8,05	24,08
50:21:00	25	8,05	24,08
50:22:00	25	8,05	24,08
50:23:00	25	8,05	24,08
50:24:00	25	8,05	24,08
50:25:00	25	8,05	24,08
50:26:00	25	8,04	24,18
50:27:00	25	8,04	24,18
50:28:00	25	8,04	24,18
50:29:00	25	8,04	24,18
50:30:00	25	8,04	24,18
50:31:00	25	8,04	24,18
50:32:00	25	8,04	24,18
50:33:00	25	8,04	24,18
50:34:00	25	8,04	24,18
50:35:00	25	8,04	24,18
50:36:00	25	8,04	24,18
50:37:00	25	8,04	24,18
50:38:00	25	8,04	24,18
50:39:00	25	8,04	24,18
50:40:00	25	8,04	24,29
50:41:00	25	8,04	24,29
50:42:00	25	8,04	24,29
50:43:00	25	8,04	24,29
50:44:00	25	8,04	24,29
50:45:00	25	8,04	24,29
50:46:00	25	8,04	24,29
50:47:00	25	8,04	24,29
50:48:00	25	8,04	24,29
50:49:00	25	8,04	24,29
50:50:00	25	8,04	24,29
50:51:00	25	8,04	24,29
50:52:00	25	8,04	24,29
50:53:00	25	8,04	24,29
50:54:00	25	8,04	24,29
50:55:00	25	8,04	24,29
50:56:00	25	8,04	24,29
50:57:00	25	8,03	24,40
50:58:00	25	8,04	24,29
50:59:00	25	8,03	24,40
51:00:00	25	8,04	24,29
51:01:00	25	8,03	24,40
51:02:00	25	8,03	24,40
51:03:00	25	8,03	24,40
51:04:00	25	8,03	24,40
51:05:00	25	8,03	24,40
51:06:00	25	8,03	24,40
51:07:00	25	8,03	24,40
51:08:00	25	8,03	24,40
51:09:00	25	8,03	24,40
51:10:00	25	8,03	24,40
51:11:00	25	8,03	24,40
51:12:00	25	8,03	24,40
51:13:00	25	8,03	24,40
51:14:00	25	8,03	24,40
51:15:00	25	8,02	24,51
51:16:00	25	8,03	24,40
