--Test Summary--
Full Path and File Name	
Instrument Name	7322
Instrument Type	Model 7322 Consistometer - Variable Speed
Instrument Serial Number	
Test Start Date	03.02.2014
Test Start Time	11:59:39
Test Stop Date	03.02.2014
Test Stop Time	16:43:20
Test Length	4:43:41
Final Sample Time Offset	4:43:40
Controller Schedule Name	
Sampling Period	10 seconds
Comments	T: 58C (95min): P: 57MPa (95min); tap water.
Information	WellID	Research
Information	Customer	Trican
Information	EngName	Aleksanyan Mikhail
Information	CementClass	100%G
Information	CementMfr	Dyckerhoff - Suhoy Log
Information	Additives	3%KCL(bwow)+0.8%CFL-5+0.5%CFR-10+0.1%TC-101+0,15%LTR (bwoc)
Information	Density	1920
Information	BHCT	58
Information	BHST	72
Information	FluidLoss	58
Information	JobType	
Calculated Value	Time_30Bc	4:28:50
Calculated Value	Time_70Bc	4:43:40
Initial Temperature (°C)	27 °C
Final Temperature (°C)	58 °C
Initial Pressure (MPa)	0,3 MPa
Final Pressure (MPa)	57,6 MPa
Initial Consistency (Bc)	21 Bc
Final Consistency (Bc)	71 Bc
Initial Wall Temperature (°C)	22 °C
Final Wall Temperature (°C)	59 °C
Initial Motor Speed (RPM)	150 RPM
Final Motor Speed (RPM)	150 RPM
--Data--
Time (HH:MM:SS)	Temperature (°C)	Pressure (MPa)	Consistency (Bc)	Wall Temperature (°C)	Motor Speed (RPM)
0:00:00	27	0,3	21	22	150
0:00:10	27	0,4	21	22	150
0:00:20	27	0,4	21	22	150
0:00:30	27	0,5	21	23	150
0:00:40	27	0,7	21	23	150
0:00:50	26	0,8	22	23	150
0:01:00	26	0,9	22	24	150
0:01:10	26	1,1	22	24	150
0:01:20	26	1,2	22	24	150
0:01:30	26	1,3	22	25	150
0:01:40	26	1,4	22	25	150
0:01:50	26	1,5	22	25	150
0:02:00	26	1,6	22	26	150
0:02:10	26	1,7	22	26	150
0:02:20	26	1,9	22	26	150
0:02:30	26	2,1	22	27	150
0:02:40	26	2,2	22	27	150
0:02:50	26	2,4	22	27	150
0:03:00	26	2,6	22	28	150
0:03:10	26	2,7	22	30	150
0:03:20	26	2,9	22	31	150
0:03:30	26	3,1	23	31	150
0:03:40	26	3,3	23	31	150
0:03:50	26	3,5	23	32	150
0:04:00	26	3,6	23	32	150
0:04:10	26	3,8	23	32	150
0:04:20	26	3,9	23	33	150
0:04:30	26	4,0	23	33	150
0:04:40	27	4,1	23	33	150
0:04:50	27	4,1	23	33	150
0:05:00	27	4,3	23	34	150
0:05:10	27	4,3	23	34	150
0:05:20	27	4,4	23	34	150
0:05:30	27	4,5	23	34	150
0:05:40	27	4,6	23	34	150
0:05:50	27	4,6	23	34	150
0:06:00	27	4,7	23	34	150
0:06:10	27	4,7	23	34	150
0:06:20	28	4,7	23	34	150
0:06:30	28	4,8	23	34	150
0:06:40	28	4,8	23	33	150
0:06:50	28	4,8	23	34	150
0:07:00	28	4,8	23	33	150
0:07:10	28	4,7	23	33	150
0:07:20	28	4,7	23	33	150
0:07:30	28	4,7	23	33	150
0:07:40	29	5,0	23	33	150
0:07:50	29	5,0	23	33	150
0:08:00	29	5,4	23	33	150
0:08:10	29	5,4	23	33	150
0:08:20	29	5,3	23	33	150
0:08:30	29	5,3	23	33	150
0:08:40	29	5,7	23	33	150
0:08:50	29	5,7	23	33	150
0:09:00	29	5,7	23	32	150
0:09:10	29	5,7	23	32	150
0:09:20	30	6,1	23	32	150
0:09:30	30	6,1	23	32	150
0:09:40	30	6,0	23	32	150
0:09:50	30	6,3	23	32	150
0:10:00	30	6,3	23	32	150
0:10:10	30	6,3	23	32	150
0:10:20	30	6,8	23	32	150
0:10:30	30	6,8	23	32	150
0:10:40	30	6,8	23	32	150
0:10:50	30	6,8	23	32	150
0:11:00	30	6,8	23	32	150
0:11:10	30	7,3	23	32	150
0:11:20	30	7,3	23	32	150
0:11:30	30	7,3	23	32	150
0:11:40	30	7,3	23	33	150
0:11:50	30	7,4	23	33	150
0:12:00	30	7,4	23	33	150
0:12:10	30	7,6	23	33	150
0:12:20	30	7,6	23	33	150
0:12:30	31	8,1	23	33	150
0:12:40	31	8,1	23	33	150
0:12:50	31	8,2	23	33	150
0:13:00	31	8,2	23	33	150
0:13:10	31	8,3	23	33	150
0:13:20	31	8,3	22	34	150
0:13:30	31	8,4	22	33	150
0:13:40	31	8,5	22	34	150
0:13:50	31	8,5	22	34	150
0:14:00	31	8,6	22	34	150
0:14:10	31	9,0	23	34	150
0:14:20	31	9,2	22	34	150
0:14:30	31	9,3	22	34	150
0:14:40	31	9,3	22	34	150
0:14:50	31	9,4	22	34	150
0:15:00	31	9,4	22	34	150
0:15:10	31	9,5	23	35	150
0:15:20	31	9,6	23	35	150
0:15:30	31	9,7	23	35	150
0:15:40	31	9,7	22	35	150
0:15:50	31	9,8	22	35	150
0:16:00	31	9,9	22	35	150
0:16:10	31	9,9	22	35	150
0:16:20	31	10,0	22	35	150
0:16:30	32	10,5	23	35	150
0:16:40	32	10,6	23	36	150
0:16:50	32	10,6	23	36	150
0:17:00	32	10,7	23	36	150
0:17:10	32	10,7	23	36	150
0:17:20	32	10,8	23	36	150
0:17:30	32	10,8	23	36	150
0:17:40	32	10,9	23	36	150
0:17:50	32	10,9	23	36	150
0:18:00	32	11,4	23	36	150
0:18:10	32	11,5	23	36	150
0:18:20	32	11,5	23	36	150
0:18:30	32	11,5	23	36	150
0:18:40	32	11,6	23	36	150
0:18:50	32	11,6	23	36	150
0:19:00	32	11,6	23	36	150
0:19:10	33	11,7	23	36	150
0:19:20	33	12,2	23	36	150
0:19:30	33	12,2	23	36	150
0:19:40	33	12,2	23	36	150
0:19:50	33	12,3	23	36	150
0:20:00	33	12,3	23	36	150
0:20:10	33	12,3	23	36	150
0:20:20	33	12,4	23	36	150
0:20:30	33	12,6	23	36	150
0:20:40	33	12,7	23	36	150
0:20:50	33	12,7	23	37	150
0:21:00	33	13,0	23	37	150
0:21:10	33	13,1	23	37	150
0:21:20	33	13,1	23	37	150
0:21:30	33	13,1	23	37	150
0:21:40	33	13,6	23	37	150
0:21:50	33	13,7	23	37	150
0:22:00	34	13,7	23	37	150
0:22:10	34	13,7	23	37	150
0:22:20	34	13,8	23	37	150
0:22:30	34	13,8	23	37	150
0:22:40	34	13,8	23	37	150
0:22:50	34	13,9	23	37	150
0:23:00	34	14,2	23	37	150
0:23:10	34	14,3	23	37	150
0:23:20	34	14,3	23	37	150
0:23:30	34	14,4	23	37	150
0:23:40	34	14,4	23	37	150
0:23:50	34	14,7	23	37	150
0:24:00	34	14,7	23	37	150
0:24:10	34	14,7	23	37	150
0:24:20	34	14,8	23	38	150
0:24:30	34	14,9	23	38	150
0:24:40	34	15,1	23	38	150
0:24:50	34	15,2	23	38	150
0:25:00	34	15,2	23	38	150
0:25:10	35	15,3	23	38	150
0:25:20	35	15,5	23	38	150
0:25:30	35	15,6	23	38	150
0:25:40	35	15,6	23	38	150
0:25:50	35	15,7	23	38	150
0:26:00	35	16,0	22	38	150
0:26:10	35	16,0	23	38	150
0:26:20	35	16,1	22	39	150
0:26:30	35	16,1	22	39	150
0:26:40	35	16,2	22	38	150
0:26:50	35	16,7	22	39	150
0:27:00	35	16,8	22	39	150
0:27:10	35	16,8	22	39	150
0:27:20	35	16,8	22	39	150
0:27:30	35	16,9	22	39	150
0:27:40	35	16,9	22	39	150
0:27:50	35	16,9	22	39	150
0:28:00	35	17,0	22	39	150
0:28:10	36	17,4	22	39	150
0:28:20	36	17,5	22	39	150
0:28:30	36	17,6	22	39	150
0:28:40	36	17,6	22	39	150
0:28:50	36	17,7	22	39	150
0:29:00	36	17,7	22	39	150
0:29:10	36	17,8	22	39	150
0:29:20	36	17,8	22	39	150
0:29:30	36	17,9	22	39	150
0:29:40	36	18,1	22	39	150
0:29:50	36	18,1	22	39	150
0:30:00	36	18,2	22	40	150
0:30:10	36	18,5	22	40	150
0:30:20	36	18,5	22	40	150
0:30:30	36	18,6	22	40	150
0:30:40	36	18,6	22	40	150
0:30:50	36	18,7	22	40	150
0:31:00	36	18,8	22	40	150
0:31:10	37	18,8	22	40	150
0:31:20	37	19,3	22	40	150
0:31:30	37	19,4	22	40	150
0:31:40	37	19,4	22	40	150
0:31:50	37	19,5	22	40	150
0:32:00	37	19,5	22	40	150
0:32:10	37	19,6	22	40	150
0:32:20	37	19,6	22	40	150
0:32:30	37	19,6	22	40	150
0:32:40	37	19,9	22	41	150
0:32:50	37	20,0	22	41	150
0:33:00	37	20,0	22	41	150
0:33:10	37	20,1	22	41	150
0:33:20	37	20,4	22	41	150
0:33:30	37	20,4	21	41	150
0:33:40	37	20,5	22	41	150
0:33:50	37	20,5	21	41	150
0:34:00	37	20,6	21	41	150
0:34:10	38	21,0	21	41	150
0:34:20	38	21,1	21	41	150
0:34:30	38	21,1	21	41	150
0:34:40	38	21,2	21	41	150
0:34:50	38	21,2	22	41	150
0:35:00	38	21,2	22	41	150
0:35:10	38	21,3	21	41	150
0:35:20	38	21,4	21	41	150
0:35:30	38	21,4	21	41	150
0:35:40	38	21,7	21	41	150
0:35:50	38	21,7	21	41	150
0:36:00	38	21,7	21	41	150
0:36:10	38	22,1	21	41	150
0:36:20	38	22,1	21	42	150
0:36:30	38	22,2	21	41	150
0:36:40	38	22,2	21	42	150
0:36:50	38	22,2	21	41	150
0:37:00	38	22,6	21	41	150
0:37:10	39	22,7	21	42	150
0:37:20	39	22,8	22	42	150
0:37:30	39	22,8	21	42	150
0:37:40	39	22,8	21	42	150
0:37:50	39	22,9	21	42	150
0:38:00	39	23,0	21	42	150
0:38:10	39	23,1	21	42	150
0:38:20	39	23,1	21	42	150
0:38:30	39	23,4	21	42	150
0:38:40	39	23,4	21	42	150
0:38:50	39	23,5	21	42	150
0:39:00	39	23,8	21	42	150
0:39:10	39	23,8	21	42	150
0:39:20	39	23,9	21	42	150
0:39:30	39	23,9	21	42	150
0:39:40	39	24,0	21	42	150
0:39:50	39	24,0	21	43	150
0:40:00	39	24,5	22	43	150
0:40:10	40	24,6	22	43	150
0:40:20	40	24,6	21	43	150
0:40:30	40	24,6	21	42	150
0:40:40	40	24,7	21	42	150
0:40:50	40	24,7	21	43	150
0:41:00	40	24,8	21	43	150
0:41:10	40	24,8	21	43	150
0:41:20	40	25,0	21	43	150
0:41:30	40	25,0	21	44	150
0:41:40	40	25,3	21	43	150
0:41:50	40	25,4	21	43	150
0:42:00	40	25,4	21	43	150
0:42:10	40	25,5	21	43	150
0:42:20	40	25,7	21	44	150
0:42:30	40	25,8	21	43	150
0:42:40	40	25,8	21	44	150
0:42:50	40	25,9	21	44	150
0:43:00	40	25,9	21	44	150
0:43:10	41	26,3	21	44	150
0:43:20	41	26,3	21	44	150
0:43:30	41	26,4	21	44	150
0:43:40	41	26,4	21	44	150
0:43:50	41	26,5	20	44	150
0:44:00	41	26,6	20	44	150
0:44:10	41	26,7	20	44	150
0:44:20	41	26,8	20	44	150
0:44:30	41	26,8	20	44	150
0:44:40	41	27,3	20	44	150
0:44:50	41	27,4	20	44	150
0:45:00	41	27,4	20	44	150
0:45:10	41	27,4	20	44	150
0:45:20	41	27,5	20	44	150
0:45:30	41	27,5	20	44	150
0:45:40	41	27,6	20	44	150
0:45:50	41	27,6	20	44	150
0:46:00	41	27,7	20	45	150
0:46:10	41	28,1	20	45	150
0:46:20	42	28,1	20	45	150
0:46:30	42	28,2	20	45	150
0:46:40	42	28,2	19	45	150
0:46:50	42	28,2	19	45	150
0:47:00	42	28,3	19	45	150
0:47:10	42	28,4	19	45	150
0:47:20	42	28,5	19	45	150
0:47:30	42	28,8	19	45	150
0:47:40	42	28,8	19	45	150
0:47:50	42	28,9	19	45	150
0:48:00	42	28,9	19	45	150
0:48:10	42	29,2	19	45	150
0:48:20	42	29,3	19	45	150
0:48:30	42	29,3	19	45	150
0:48:40	42	29,3	19	45	150
0:48:50	42	29,4	19	45	150
0:49:00	42	29,5	19	45	150
0:49:10	42	29,9	19	45	150
0:49:20	43	30,0	18	46	150
0:49:30	43	30,0	18	46	150
0:49:40	43	30,1	18	46	150
0:49:50	43	30,1	18	46	150
0:50:00	43	30,2	18	46	150
0:50:10	43	30,2	18	46	150
0:50:20	43	30,3	18	46	150
0:50:30	43	30,4	18	46	150
0:50:40	43	30,6	18	46	150
0:50:50	43	30,6	18	46	150
0:51:00	43	30,9	18	46	150
0:51:10	43	30,9	18	46	150
0:51:20	43	31,0	18	46	150
0:51:30	43	31,0	18	46	150
0:51:40	43	31,2	18	46	150
0:51:50	43	31,2	18	46	150
0:52:00	43	31,3	18	46	150
0:52:10	43	31,7	18	46	150
0:52:20	44	31,7	18	46	150
0:52:30	44	31,8	18	46	150
0:52:40	44	31,8	18	46	150
0:52:50	44	31,9	18	46	150
0:53:00	44	31,9	18	46	150
0:53:10	44	32,0	18	47	150
0:53:20	44	32,2	18	47	150
0:53:30	44	32,2	18	47	150
0:53:40	44	32,3	18	47	150
0:53:50	44	32,5	18	47	150
0:54:00	44	32,6	18	47	150
0:54:10	44	32,6	18	47	150
0:54:20	44	32,7	18	47	150
0:54:30	44	33,0	18	47	150
0:54:40	44	33,0	18	47	150
0:54:50	44	33,1	18	47	150
0:55:00	44	33,1	18	47	150
0:55:10	44	33,2	18	47	150
0:55:20	45	33,3	18	47	150
0:55:30	45	33,4	18	47	150
0:55:40	45	33,8	18	47	150
0:55:50	45	33,9	18	48	150
0:56:00	45	33,9	18	48	150
0:56:10	45	33,9	18	47	150
0:56:20	45	34,0	18	47	150
0:56:30	45	34,0	18	48	150
0:56:40	45	34,1	18	48	150
0:56:50	45	34,2	18	48	150
0:57:00	45	34,6	18	48	150
0:57:10	45	34,7	18	48	150
0:57:20	45	34,7	18	48	150
0:57:30	45	34,7	18	48	150
0:57:40	45	34,8	18	48	150
0:57:50	45	34,8	18	48	150
0:58:00	45	34,9	18	48	150
0:58:10	45	35,0	18	48	150
0:58:20	46	35,1	18	48	150
0:58:30	46	35,4	18	48	150
0:58:40	46	35,5	18	48	150
0:58:50	46	35,5	18	48	150
0:59:00	46	35,6	18	48	150
0:59:10	46	35,6	18	48	150
0:59:20	46	35,6	18	48	150
0:59:30	46	35,9	18	48	150
0:59:40	46	35,9	18	48	150
0:59:50	46	36,0	18	48	150
1:00:00	46	36,3	18	48	150
1:00:10	46	36,3	18	48	150
1:00:20	46	36,4	18	49	150
1:00:30	46	36,4	18	48	150
1:00:40	46	36,5	17	49	150
1:00:50	46	36,6	17	49	150
1:01:00	46	36,7	17	49	150
1:01:10	46	36,8	17	49	150
1:01:20	47	36,9	17	49	150
1:01:30	47	36,9	17	49	150
1:01:40	47	37,3	17	49	150
1:01:50	47	37,4	17	49	150
1:02:00	47	37,4	17	49	150
1:02:10	47	37,5	17	49	150
1:02:20	47	37,5	17	49	150
1:02:30	47	37,6	17	49	150
1:02:40	47	37,7	17	49	150
1:02:50	47	37,8	17	49	150
1:03:00	47	38,1	17	49	150
1:03:10	47	38,2	17	49	150
1:03:20	47	38,2	17	49	150
1:03:30	47	38,3	17	49	150
1:03:40	47	38,3	17	50	150
1:03:50	47	38,4	17	49	150
1:04:00	47	38,6	17	49	150
1:04:10	47	38,6	17	50	150
1:04:20	48	38,7	17	50	150
1:04:30	48	38,9	17	50	150
1:04:40	48	39,0	17	50	150
1:04:50	48	39,0	17	50	150
1:05:00	48	39,1	17	50	150
1:05:10	48	39,1	17	50	150
1:05:20	48	39,4	17	50	150
1:05:30	48	39,4	17	50	150
1:05:40	48	39,5	17	50	150
1:05:50	48	39,6	18	50	150
1:06:00	48	40,0	18	50	150
1:06:10	48	40,1	18	50	150
1:06:20	48	40,1	18	50	150
1:06:30	48	40,2	18	50	150
1:06:40	48	40,3	18	50	150
1:06:50	48	40,3	18	50	150
1:07:00	48	40,4	18	51	150
1:07:10	48	40,4	18	50	150
1:07:20	48	40,5	18	51	150
1:07:30	49	40,5	18	51	150
1:07:40	49	40,6	18	51	150
1:07:50	49	40,9	18	51	150
1:08:00	49	41,1	18	51	150
1:08:10	49	41,1	18	51	150
1:08:20	49	41,2	18	51	150
1:08:30	49	41,2	17	51	150
1:08:40	49	41,3	17	51	150
1:08:50	49	41,4	17	51	150
1:09:00	49	41,5	17	51	150
1:09:10	49	41,5	17	51	150
1:09:20	49	41,6	17	51	150
1:09:30	49	42,1	18	51	150
1:09:40	49	42,1	18	51	150
1:09:50	49	42,2	17	51	150
1:10:00	49	42,2	17	51	150
1:10:10	49	42,3	17	52	150
1:10:20	49	42,3	17	52	150
1:10:30	50	42,4	17	51	150
1:10:40	50	42,4	17	52	150
1:10:50	50	42,5	17	52	150
1:11:00	50	42,8	17	52	150
1:11:10	50	43,1	18	52	150
1:11:20	50	43,1	18	52	150
1:11:30	50	43,1	18	52	150
1:11:40	50	43,2	18	52	150
1:11:50	50	43,2	18	52	150
1:12:00	50	43,3	18	52	150
1:12:10	50	43,3	18	52	150
1:12:20	50	43,4	18	52	150
1:12:30	50	43,5	18	53	150
1:12:40	50	43,9	18	52	150
1:12:50	50	43,9	18	52	150
1:13:00	50	44,0	18	52	150
1:13:10	50	44,0	18	53	150
1:13:20	50	44,1	18	53	150
1:13:30	51	44,1	18	53	150
1:13:40	51	44,3	18	53	150
1:13:50	51	44,3	18	53	150
1:14:00	51	44,4	18	53	150
1:14:10	51	44,7	18	53	150
1:14:20	51	44,7	18	53	150
1:14:30	51	44,8	18	53	150
1:14:40	51	44,9	18	54	150
1:14:50	51	45,0	18	54	150
1:15:00	51	45,1	18	54	150
1:15:10	51	45,1	18	54	150
1:15:20	51	45,2	18	54	150
1:15:30	51	45,3	18	54	150
1:15:40	51	45,5	18	54	150
1:15:50	51	45,6	18	54	150
1:16:00	51	45,6	18	54	150
1:16:10	51	45,7	18	54	150
1:16:20	52	45,9	18	54	150
1:16:30	52	45,9	18	54	150
1:16:40	52	46,1	18	54	150
1:16:50	52	46,1	18	54	150
1:17:00	52	46,2	18	54	150
1:17:10	52	46,2	18	54	150
1:17:20	52	46,4	18	54	150
1:17:30	52	46,7	18	54	150
1:17:40	52	46,7	17	54	150
1:17:50	52	46,8	17	54	150
1:18:00	52	46,8	17	54	150
1:18:10	52	46,9	17	54	150
1:18:20	52	46,9	17	54	150
1:18:30	52	47,2	17	54	150
1:18:40	52	47,2	17	54	150
1:18:50	52	47,4	17	54	150
1:19:00	52	47,5	17	54	150
1:19:10	52	47,5	17	54	150
1:19:20	52	47,6	17	54	150
1:19:30	53	47,7	17	55	150
1:19:40	53	47,8	17	54	150
1:19:50	53	47,9	17	55	150
1:20:00	53	48,0	17	55	150
1:20:10	53	48,2	17	55	150
1:20:20	53	48,3	17	55	150
1:20:30	53	48,3	17	55	150
1:20:40	53	48,4	17	55	150
1:20:50	53	48,5	17	55	150
1:21:00	53	48,7	17	55	150
1:21:10	53	48,8	17	55	150
1:21:20	53	48,8	17	55	150
1:21:30	53	48,9	17	56	150
1:21:40	53	49,1	17	56	150
1:21:50	53	49,3	17	56	150
1:22:00	53	49,3	17	56	150
1:22:10	53	49,4	17	56	150
1:22:20	53	49,5	17	56	150
1:22:30	53	49,5	17	56	150
1:22:40	53	49,6	17	56	150
1:22:50	54	49,8	17	56	150
1:23:00	54	49,9	17	56	150
1:23:10	54	50,1	17	57	150
1:23:20	54	50,1	17	57	150
1:23:30	54	50,2	17	57	150
1:23:40	54	50,2	17	57	150
1:23:50	54	50,3	17	57	150
1:24:00	54	50,6	17	57	150
1:24:10	54	50,6	17	57	150
1:24:20	54	50,7	17	57	150
1:24:30	54	50,7	17	57	150
1:24:40	54	50,9	17	57	150
1:24:50	54	50,9	17	57	150
1:25:00	54	51,1	17	57	150
1:25:10	54	51,1	17	57	150
1:25:20	54	51,3	17	58	150
1:25:30	54	51,4	17	57	150
1:25:40	55	51,5	17	57	150
1:25:50	55	51,5	17	57	150
1:26:00	55	51,7	17	58	150
1:26:10	55	51,7	17	57	150
1:26:20	55	51,8	17	57	150
1:26:30	55	51,9	17	58	150
1:26:40	55	52,0	17	58	150
1:26:50	55	52,1	17	58	150
1:27:00	55	52,4	17	58	150
1:27:10	55	52,5	17	58	150
1:27:20	55	52,5	17	58	150
1:27:30	55	52,5	17	58	150
1:27:40	55	52,6	17	58	150
1:27:50	55	52,7	17	58	150
1:28:00	55	52,8	17	58	150
1:28:10	55	52,9	17	58	150
1:28:20	55	53,0	17	58	150
1:28:30	55	53,2	17	58	150
1:28:40	56	53,2	17	58	150
1:28:50	56	53,4	17	58	150
1:29:00	56	53,5	17	58	150
1:29:10	56	53,5	17	58	150
1:29:20	56	53,6	17	58	150
1:29:30	56	53,7	17	59	150
1:29:40	56	53,8	17	59	150
1:29:50	56	53,9	17	59	150
1:30:00	56	54,2	18	59	150
1:30:10	56	54,3	18	59	150
1:30:20	56	54,3	18	59	150
1:30:30	56	54,3	18	59	150
1:30:40	56	54,4	18	59	150
1:30:50	56	54,5	18	59	150
1:31:00	56	54,6	18	59	150
1:31:10	56	54,7	18	59	150
1:31:20	56	55,0	18	59	150
1:31:30	56	55,1	18	59	150
1:31:40	56	55,1	18	60	150
1:31:50	57	55,2	18	60	150
1:32:00	57	55,2	18	60	150
1:32:10	57	55,3	18	59	150
1:32:20	57	55,5	18	60	150
1:32:30	57	55,6	18	60	150
1:32:40	57	55,6	18	60	150
1:32:50	57	55,7	18	60	150
1:33:00	57	55,7	18	60	150
1:33:10	57	55,9	18	60	150
1:33:20	57	56,2	18	60	150
1:33:30	57	56,2	18	60	150
1:33:40	57	56,3	18	60	150
1:33:50	57	56,3	18	60	150
1:34:00	57	56,4	18	60	150
1:34:10	57	56,6	18	61	150
1:34:20	57	56,7	18	60	150
1:34:30	57	56,7	18	60	150
1:34:40	58	56,8	18	60	150
1:34:50	58	56,8	18	61	150
1:35:00	58	56,9	18	61	150
1:35:10	58	57,0	18	60	150
1:35:20	58	57,1	18	61	150
1:35:30	58	57,1	18	60	150
1:35:40	58	57,2	18	61	150
1:35:50	58	57,1	18	61	150
1:36:00	58	57,1	18	60	150
1:36:10	58	57,1	18	60	150
1:36:20	58	57,1	18	60	150
1:36:30	58	57,1	18	60	150
1:36:40	58	57,0	18	60	150
1:36:50	58	57,0	18	60	150
1:37:00	58	57,0	18	60	150
1:37:10	58	57,2	18	60	150
1:37:20	58	57,1	18	59	150
1:37:30	58	57,1	18	59	150
1:37:40	58	57,0	18	59	150
1:37:50	58	57,0	18	59	150
1:38:00	58	57,0	18	58	150
1:38:10	59	57,0	18	58	150
1:38:20	59	56,9	18	58	150
1:38:30	59	57,0	17	58	150
1:38:40	59	56,9	18	58	150
1:38:50	59	56,9	18	58	150
1:39:00	59	57,1	18	58	150
1:39:10	59	57,1	18	58	150
1:39:20	59	57,1	18	58	150
1:39:30	59	57,1	18	58	150
1:39:40	59	57,0	18	58	150
1:39:50	59	57,0	17	58	150
1:40:00	59	57,0	17	58	150
1:40:10	59	57,1	17	58	150
1:40:20	59	57,1	17	58	150
1:40:30	58	57,1	17	58	150
1:40:40	58	57,1	17	58	150
1:40:50	58	57,1	17	58	150
1:41:00	58	57,1	17	58	150
1:41:10	58	57,1	17	58	150
1:41:20	58	57,1	17	58	150
1:41:30	58	57,1	17	58	150
1:41:40	58	57,1	17	58	150
1:41:50	58	57,1	17	58	150
1:42:00	58	57,1	17	58	150
1:42:10	58	57,2	17	58	150
1:42:20	58	57,2	17	58	150
1:42:30	58	57,2	17	58	150
1:42:40	58	57,2	17	58	150
1:42:50	58	57,2	17	58	150
1:43:00	58	57,3	17	58	150
1:43:10	58	57,3	17	58	150
1:43:20	58	57,3	17	58	150
1:43:30	58	57,3	17	58	150
1:43:40	58	57,4	17	58	150
1:43:50	58	57,4	17	58	150
1:44:00	58	57,4	17	58	150
1:44:10	58	57,4	17	58	150
1:44:20	58	57,5	17	58	150
1:44:30	58	57,5	17	58	150
1:44:40	58	57,5	17	58	150
1:44:50	58	57,5	17	58	150
1:45:00	58	57,5	17	58	150
1:45:10	58	57,6	17	58	150
1:45:20	58	57,6	17	58	150
1:45:30	58	57,6	17	58	150
1:45:40	58	57,6	17	58	150
1:45:50	58	57,6	17	58	150
1:46:00	58	57,6	17	58	150
1:46:10	58	57,6	17	58	150
1:46:20	58	57,7	17	58	150
1:46:30	58	57,7	17	58	150
1:46:40	58	57,7	17	58	150
1:46:50	58	57,7	17	58	150
1:47:00	58	57,7	17	58	150
1:47:10	58	57,7	17	58	150
1:47:20	58	57,7	17	58	150
1:47:30	58	57,7	17	58	150
1:47:40	58	57,7	17	58	150
1:47:50	58	57,7	17	58	150
1:48:00	58	57,7	17	58	150
1:48:10	58	57,7	17	58	150
1:48:20	58	57,7	17	58	150
1:48:30	58	57,7	17	58	150
1:48:40	58	57,7	17	58	150
1:48:50	58	57,7	17	58	150
1:49:00	58	57,7	17	58	150
1:49:10	58	57,7	17	58	150
1:49:20	58	57,7	17	58	150
1:49:30	58	57,7	17	58	150
1:49:40	58	57,7	17	58	150
1:49:50	58	57,7	17	58	150
1:50:00	58	57,7	17	58	150
1:50:10	58	57,7	17	58	150
1:50:20	58	57,7	16	58	150
1:50:30	58	57,7	16	58	150
1:50:40	58	57,7	16	58	150
1:50:50	58	57,7	16	58	150
1:51:00	58	57,7	16	58	150
1:51:10	58	57,7	16	58	150
1:51:20	58	57,7	16	58	150
1:51:30	58	57,7	16	58	150
1:51:40	58	57,7	16	58	150
1:51:50	58	57,7	16	58	150
1:52:00	58	57,7	16	58	150
1:52:10	58	57,7	16	58	150
1:52:20	58	57,7	16	58	150
1:52:30	58	57,7	16	58	150
1:52:40	58	57,7	16	58	150
1:52:50	58	57,7	16	58	150
1:53:00	58	57,7	16	58	150
1:53:10	58	57,8	16	58	150
1:53:20	58	57,8	16	58	150
1:53:30	58	57,8	16	58	150
1:53:40	58	57,8	16	58	150
1:53:50	58	57,8	16	58	150
1:54:00	58	57,8	16	58	150
1:54:10	58	57,8	16	58	150
1:54:20	58	57,8	16	58	150
1:54:30	58	57,8	16	58	150
1:54:40	58	57,8	16	58	150
1:54:50	58	57,8	16	58	150
1:55:00	58	57,8	16	58	150
1:55:10	58	57,8	16	58	150
1:55:20	58	57,8	16	58	150
1:55:30	58	57,8	16	58	150
1:55:40	58	57,8	16	58	150
1:55:50	58	57,8	16	58	150
1:56:00	58	57,8	16	58	150
1:56:10	58	57,8	16	58	150
1:56:20	58	57,8	16	58	150
1:56:30	58	57,9	16	58	150
1:56:40	58	57,9	16	58	150
1:56:50	58	57,9	16	58	150
1:57:00	58	57,9	16	58	150
1:57:10	58	57,9	16	58	150
1:57:20	58	57,9	16	58	150
1:57:30	58	57,9	16	58	150
1:57:40	58	57,9	16	58	150
1:57:50	58	57,9	16	58	150
1:58:00	58	57,9	16	58	150
1:58:10	58	57,9	16	58	150
1:58:20	58	57,9	16	58	150
1:58:30	58	57,9	16	58	150
1:58:40	58	57,9	16	58	150
1:58:50	58	57,9	16	58	150
1:59:00	58	57,9	16	58	150
1:59:10	58	57,9	16	58	150
1:59:20	58	57,9	16	58	150
1:59:30	58	57,9	16	58	150
1:59:40	58	57,9	16	58	150
1:59:50	58	57,9	16	58	150
2:00:00	58	57,9	16	58	150
2:00:10	58	57,9	16	58	150
2:00:20	58	57,9	16	58	150
2:00:30	58	57,9	16	58	150
2:00:40	58	57,9	16	58	150
2:00:50	58	57,9	16	58	150
2:01:00	58	57,9	16	58	150
2:01:10	58	57,9	16	58	150
2:01:20	58	57,9	16	58	150
2:01:30	58	57,9	16	58	150
2:01:40	58	57,9	16	58	150
2:01:50	58	57,9	16	58	150
2:02:00	58	57,9	16	58	150
2:02:10	58	58,0	16	58	150
2:02:20	58	58,0	16	58	150
2:02:30	58	58,0	16	58	150
2:02:40	58	58,0	16	58	150
2:02:50	58	58,0	16	58	150
2:03:00	58	58,0	16	58	150
2:03:10	58	58,0	16	58	150
2:03:20	58	58,0	16	58	150
2:03:30	58	58,0	16	58	150
2:03:40	58	57,2	16	58	150
2:03:50	58	57,2	16	58	150
2:04:00	58	57,2	16	58	150
2:04:10	58	57,2	16	58	150
2:04:20	58	57,2	16	58	150
2:04:30	58	57,3	16	58	150
2:04:40	58	57,3	16	58	150
2:04:50	58	57,3	16	58	150
2:05:00	58	57,3	16	58	150
2:05:10	58	57,3	16	58	150
2:05:20	58	57,3	16	58	150
2:05:30	58	57,3	16	58	150
2:05:40	58	57,3	16	58	150
2:05:50	58	57,3	16	58	150
2:06:00	58	57,3	16	58	150
2:06:10	58	57,3	16	58	150
2:06:20	58	57,3	16	58	150
2:06:30	58	57,3	16	58	150
2:06:40	58	57,3	16	58	150
2:06:50	58	57,3	16	58	150
2:07:00	58	57,3	16	58	150
2:07:10	58	57,3	16	58	150
2:07:20	58	57,3	16	58	150
2:07:30	58	57,3	16	58	150
2:07:40	58	57,3	16	58	150
2:07:50	58	57,3	16	58	150
2:08:00	58	57,3	16	58	150
2:08:10	58	57,3	16	58	150
2:08:20	58	57,3	16	58	150
2:08:30	58	57,3	16	58	150
2:08:40	58	57,3	16	58	150
2:08:50	58	57,3	16	58	150
2:09:00	58	57,3	16	58	150
2:09:10	58	57,3	16	58	150
2:09:20	58	57,3	16	58	150
2:09:30	58	57,3	16	58	150
2:09:40	58	57,3	16	58	150
2:09:50	58	57,4	16	58	150
2:10:00	58	57,4	16	58	150
2:10:10	58	57,4	16	58	150
2:10:20	58	57,4	16	58	150
2:10:30	58	57,4	16	58	150
2:10:40	58	57,4	16	58	150
2:10:50	58	57,4	16	58	150
2:11:00	58	57,4	16	58	150
2:11:10	58	57,4	16	58	150
2:11:20	58	57,4	16	58	150
2:11:30	58	57,4	16	58	150
2:11:40	58	57,4	16	58	150
2:11:50	58	57,4	16	58	150
2:12:00	58	57,4	16	58	150
2:12:10	58	57,4	16	58	150
2:12:20	58	57,4	16	58	150
2:12:30	58	57,4	16	58	150
2:12:40	58	57,4	16	58	150
2:12:50	58	57,4	16	58	150
2:13:00	58	57,4	16	58	150
2:13:10	58	57,4	16	58	150
2:13:20	58	57,4	16	58	150
2:13:30	58	57,4	16	58	150
2:13:40	58	57,4	16	58	150
2:13:50	58	57,4	16	58	150
2:14:00	58	57,4	16	58	150
2:14:10	58	57,4	16	58	150
2:14:20	58	57,4	16	58	150
2:14:30	58	57,4	16	58	150
2:14:40	58	57,4	16	58	150
2:14:50	58	57,4	16	58	150
2:15:00	58	57,4	16	58	150
2:15:10	58	57,4	16	58	150
2:15:20	58	57,4	16	58	150
2:15:30	58	57,4	16	58	150
2:15:40	58	57,4	16	58	150
2:15:50	58	57,4	16	58	150
2:16:00	58	57,4	16	58	150
2:16:10	58	57,4	16	58	150
2:16:20	58	57,4	16	58	150
2:16:30	58	57,5	16	58	150
2:16:40	58	57,4	16	58	150
2:16:50	58	57,5	16	58	150
2:17:00	58	57,5	16	58	150
2:17:10	58	57,5	16	58	150
2:17:20	58	57,5	16	58	150
2:17:30	58	57,5	16	58	150
2:17:40	58	57,5	16	58	150
2:17:50	58	57,5	16	58	150
2:18:00	58	57,5	16	58	150
2:18:10	58	57,5	16	58	150
2:18:20	58	57,5	16	58	150
2:18:30	58	57,5	16	58	150
2:18:40	58	57,5	16	58	150
2:18:50	58	57,5	16	58	150
2:19:00	58	57,5	16	58	150
2:19:10	58	57,5	16	58	150
2:19:20	58	57,5	16	58	150
2:19:30	58	57,5	16	58	150
2:19:40	58	57,5	16	58	150
2:19:50	58	57,5	16	58	150
2:20:00	58	57,5	16	58	150
2:20:10	58	57,5	16	58	150
2:20:20	58	57,5	16	58	150
2:20:30	58	57,5	16	58	150
2:20:40	58	57,5	16	58	150
2:20:50	58	57,5	16	58	150
2:21:00	58	57,5	16	58	150
2:21:10	58	57,5	16	58	150
2:21:20	58	57,5	16	58	150
2:21:30	58	57,5	16	58	150
2:21:40	58	57,5	16	58	150
2:21:50	58	57,5	16	58	150
2:22:00	58	57,5	16	58	150
2:22:10	58	57,5	16	58	150
2:22:20	58	57,5	16	58	150
2:22:30	58	57,5	16	58	150
2:22:40	58	57,5	16	58	150
2:22:50	58	57,5	16	58	150
2:23:00	58	57,5	16	58	150
2:23:10	58	57,5	16	58	150
2:23:20	58	57,6	16	58	150
2:23:30	58	57,6	16	58	150
2:23:40	58	57,5	16	58	150
2:23:50	58	57,5	16	58	150
2:24:00	58	57,5	16	58	150
2:24:10	58	57,5	16	58	150
2:24:20	58	57,5	16	58	150
2:24:30	58	57,5	16	58	150
2:24:40	58	57,5	16	58	150
2:24:50	58	57,5	16	58	150
2:25:00	58	57,5	16	58	150
2:25:10	58	57,5	16	58	150
2:25:20	58	57,5	16	58	150
2:25:30	58	57,5	16	58	150
2:25:40	58	57,5	16	58	150
2:25:50	58	57,5	16	58	150
2:26:00	58	57,5	16	58	150
2:26:10	58	57,5	16	58	150
2:26:20	58	57,5	16	58	150
2:26:30	58	57,5	16	58	150
2:26:40	58	57,5	16	58	150
2:26:50	58	57,5	16	58	150
2:27:00	58	57,5	16	58	150
2:27:10	58	57,5	16	58	150
2:27:20	58	57,5	16	58	150
2:27:30	58	57,5	16	58	150
2:27:40	58	57,5	16	58	150
2:27:50	58	57,5	16	58	150
2:28:00	58	57,5	16	58	150
2:28:10	58	57,5	16	58	150
2:28:20	58	57,5	16	58	150
2:28:30	58	57,5	16	58	150
2:28:40	58	57,5	16	58	150
2:28:50	58	57,5	16	58	150
2:29:00	58	57,5	16	58	150
2:29:10	58	57,5	16	58	150
2:29:20	58	57,6	16	58	150
2:29:30	58	57,6	16	58	150
2:29:40	58	57,6	16	58	150
2:29:50	58	57,6	16	58	150
2:30:00	58	57,6	16	58	150
2:30:10	58	57,6	16	58	150
2:30:20	58	57,6	16	58	150
2:30:30	58	57,6	16	58	150
2:30:40	58	57,6	16	58	150
2:30:50	58	57,6	16	58	150
2:31:00	58	57,6	16	58	150
2:31:10	58	57,6	16	58	150
2:31:20	58	57,6	16	58	150
2:31:30	58	57,6	16	58	150
2:31:40	58	57,6	16	58	150
2:31:50	58	57,6	16	58	150
2:32:00	58	57,6	16	58	150
2:32:10	58	57,6	16	58	150
2:32:20	58	57,6	16	58	150
2:32:30	58	57,6	16	58	150
2:32:40	58	57,6	16	58	150
2:32:50	58	57,6	16	58	150
2:33:00	58	57,6	16	58	150
2:33:10	58	57,6	16	58	150
2:33:20	58	57,6	16	58	150
2:33:30	58	57,6	16	58	150
2:33:40	58	57,6	16	58	150
2:33:50	58	57,6	16	58	150
2:34:00	58	57,6	16	58	150
2:34:10	58	57,6	16	58	150
2:34:20	58	57,6	16	58	150
2:34:30	58	57,6	16	58	150
2:34:40	58	57,6	16	58	150
2:34:50	58	57,6	16	58	150
2:35:00	58	57,6	16	58	150
2:35:10	58	57,6	16	58	150
2:35:20	58	57,6	16	58	150
2:35:30	58	57,6	16	58	150
2:35:40	58	57,6	16	58	150
2:35:50	58	57,6	16	58	150
2:36:00	58	57,6	16	58	150
2:36:10	58	57,6	16	58	150
2:36:20	58	57,6	16	58	150
2:36:30	58	57,6	16	58	150
2:36:40	58	57,6	16	58	150
2:36:50	58	57,6	16	58	150
2:37:00	58	57,6	16	58	150
2:37:10	58	57,6	16	58	150
2:37:20	58	57,6	16	58	150
2:37:30	58	57,6	16	58	150
2:37:40	58	57,6	16	58	150
2:37:50	58	57,6	16	58	150
2:38:00	58	57,6	16	58	150
2:38:10	58	57,6	16	58	150
2:38:20	58	57,6	16	58	150
2:38:30	58	57,6	16	58	150
2:38:40	58	57,6	16	58	150
2:38:50	58	57,6	16	58	150
2:39:00	58	57,6	16	58	150
2:39:10	58	57,6	16	58	150
2:39:20	58	57,6	16	58	150
2:39:30	58	57,6	16	58	150
2:39:40	58	57,6	16	58	150
2:39:50	58	57,6	16	58	150
2:40:00	58	57,6	16	58	150
2:40:10	58	57,6	16	58	150
2:40:20	58	57,6	16	58	150
2:40:30	58	57,6	16	58	150
2:40:40	58	57,6	16	58	150
2:40:50	58	57,6	16	58	150
2:41:00	58	57,6	16	58	150
2:41:10	58	57,6	16	58	150
2:41:20	58	57,6	16	58	150
2:41:30	58	57,6	16	58	150
2:41:40	58	57,6	16	58	150
2:41:50	58	57,6	16	58	150
2:42:00	58	57,6	16	58	150
2:42:10	58	57,6	16	58	150
2:42:20	58	57,6	16	58	150
2:42:30	58	57,7	16	58	150
2:42:40	58	57,7	16	58	150
2:42:50	58	57,6	16	58	150
2:43:00	58	57,7	16	58	150
2:43:10	58	57,6	16	58	150
2:43:20	58	57,6	16	58	150
2:43:30	58	57,7	16	58	150
2:43:40	58	57,7	16	58	150
2:43:50	58	57,7	16	58	150
2:44:00	58	57,6	16	58	150
2:44:10	58	57,6	16	58	150
2:44:20	58	57,6	16	58	150
2:44:30	58	57,6	16	58	150
2:44:40	58	57,6	16	58	150
2:44:50	58	57,6	16	58	150
2:45:00	58	57,6	16	58	150
2:45:10	58	57,6	16	58	150
2:45:20	58	57,6	16	58	150
2:45:30	58	57,6	16	58	150
2:45:40	58	57,6	16	58	150
2:45:50	58	57,6	16	58	150
2:46:00	58	57,6	16	58	150
2:46:10	58	57,7	16	58	150
2:46:20	58	57,7	16	58	150
2:46:30	58	57,7	16	58	150
2:46:40	58	57,7	16	58	150
2:46:50	58	57,7	16	58	150
2:47:00	58	57,7	16	58	150
2:47:10	58	57,7	16	58	150
2:47:20	58	57,7	16	58	150
2:47:30	58	57,7	16	58	150
2:47:40	58	57,7	16	58	150
2:47:50	58	57,7	16	58	150
2:48:00	58	57,7	16	58	150
2:48:10	58	57,7	16	58	150
2:48:20	58	57,7	16	58	150
2:48:30	58	57,7	16	58	150
2:48:40	58	57,7	16	58	150
2:48:50	58	57,7	16	58	150
2:49:00	58	57,7	16	58	150
2:49:10	58	57,7	16	58	150
2:49:20	58	57,7	16	58	150
2:49:30	58	57,7	16	58	150
2:49:40	58	57,7	16	58	150
2:49:50	58	57,7	16	58	150
2:50:00	58	57,7	16	58	150
2:50:10	58	57,7	16	58	150
2:50:20	58	57,7	16	58	150
2:50:30	58	57,7	16	58	150
2:50:40	58	57,7	16	58	150
2:50:50	58	57,7	16	58	150
2:51:00	58	57,7	16	58	150
2:51:10	58	57,7	16	58	150
2:51:20	58	57,7	16	58	150
2:51:30	58	57,7	16	58	150
2:51:40	58	57,7	16	58	150
2:51:50	58	57,7	16	58	150
2:52:00	58	57,7	16	58	150
2:52:10	58	57,7	16	58	150
2:52:20	58	57,7	16	58	150
2:52:30	58	57,7	16	58	150
2:52:40	58	57,7	16	58	150
2:52:50	58	57,7	16	58	150
2:53:00	58	57,7	16	58	150
2:53:10	58	57,7	16	58	150
2:53:20	58	57,7	16	58	150
2:53:30	58	57,7	16	58	150
2:53:40	58	57,7	16	58	150
2:53:50	58	57,7	16	58	150
2:54:00	58	57,7	16	58	150
2:54:10	58	57,7	16	58	150
2:54:20	58	57,7	16	58	150
2:54:30	58	57,7	16	58	150
2:54:40	58	57,7	16	58	150
2:54:50	58	57,7	16	58	150
2:55:00	58	57,7	16	58	150
2:55:10	58	57,7	16	58	150
2:55:20	58	57,7	16	58	150
2:55:30	58	57,7	16	58	150
2:55:40	58	57,7	16	58	150
2:55:50	58	57,7	16	58	150
2:56:00	58	57,7	16	58	150
2:56:10	58	57,7	16	58	150
2:56:20	58	57,7	16	58	150
2:56:30	58	57,7	16	58	150
2:56:40	58	57,7	16	58	150
2:56:50	58	57,7	16	58	150
2:57:00	58	57,7	16	58	150
2:57:10	58	57,7	16	58	150
2:57:20	58	57,7	16	58	150
2:57:30	58	57,7	16	58	150
2:57:40	58	57,7	16	58	150
2:57:50	58	57,7	16	58	150
2:58:00	58	57,7	16	58	150
2:58:10	58	57,7	16	58	150
2:58:20	58	57,7	16	58	150
2:58:30	58	57,7	16	58	150
2:58:40	58	57,7	16	58	150
2:58:50	58	57,7	16	58	150
2:59:00	58	57,7	16	58	150
2:59:10	58	57,7	16	58	150
2:59:20	58	57,7	16	58	150
2:59:30	58	57,7	16	58	150
2:59:40	58	57,7	16	58	150
2:59:50	58	57,7	16	58	150
3:00:00	58	57,7	16	58	150
3:00:10	58	57,7	16	58	150
3:00:20	58	57,7	16	58	150
3:00:30	58	57,7	16	58	150
3:00:40	58	57,7	16	58	150
3:00:50	58	57,7	16	58	150
3:01:00	58	57,8	16	58	150
3:01:10	58	57,8	16	58	150
3:01:20	58	57,8	16	58	150
3:01:30	58	57,8	16	58	150
3:01:40	58	57,8	16	58	150
3:01:50	58	57,8	16	58	150
3:02:00	58	57,8	16	58	150
3:02:10	58	57,8	16	58	150
3:02:20	58	57,8	16	58	150
3:02:30	58	57,8	16	58	150
3:02:40	58	57,8	16	58	150
3:02:50	58	57,8	16	58	150
3:03:00	58	57,8	16	58	150
3:03:10	58	57,8	16	58	150
3:03:20	58	57,8	16	58	150
3:03:30	58	57,8	16	58	150
3:03:40	58	57,8	16	58	150
3:03:50	58	57,8	16	58	150
3:04:00	58	57,7	16	58	150
3:04:10	58	57,8	16	58	150
3:04:20	58	57,8	16	58	150
3:04:30	58	57,8	16	58	150
3:04:40	58	57,7	16	58	150
3:04:50	58	57,7	16	58	150
3:05:00	58	57,7	16	58	150
3:05:10	58	57,7	16	58	150
3:05:20	58	57,7	16	58	150
3:05:30	58	57,7	16	58	150
3:05:40	58	57,7	16	58	150
3:05:50	58	57,7	16	58	150
3:06:00	58	57,7	16	58	150
3:06:10	58	57,7	16	58	150
3:06:20	58	57,7	16	58	150
3:06:30	58	57,7	16	58	150
3:06:40	58	57,7	16	58	150
3:06:50	58	57,7	16	58	150
3:07:00	58	57,7	16	58	150
3:07:10	58	57,7	16	58	150
3:07:20	58	57,7	16	58	150
3:07:30	58	57,7	16	58	150
3:07:40	58	57,7	16	58	150
3:07:50	58	57,7	16	58	150
3:08:00	58	57,7	16	58	150
3:08:10	58	57,7	16	58	150
3:08:20	58	57,7	16	58	150
3:08:30	58	57,7	16	58	150
3:08:40	58	57,7	16	58	150
3:08:50	58	57,7	16	58	150
3:09:00	58	57,7	16	58	150
3:09:10	58	57,7	16	58	150
3:09:20	58	57,7	16	58	150
3:09:30	58	57,7	16	58	150
3:09:40	58	57,7	16	58	150
3:09:50	58	57,7	16	58	150
3:10:00	58	57,7	16	58	150
3:10:10	58	57,7	16	58	150
3:10:20	58	57,7	16	58	150
3:10:30	58	57,7	16	58	150
3:10:40	58	57,7	16	58	150
3:10:50	58	57,7	16	58	150
3:11:00	58	57,7	16	58	150
3:11:10	58	57,7	16	58	150
3:11:20	58	57,7	16	58	150
3:11:30	58	57,7	16	58	150
3:11:40	58	57,8	16	58	150
3:11:50	58	57,7	16	58	150
3:12:00	58	57,7	16	58	150
3:12:10	58	57,7	16	58	150
3:12:20	58	57,7	16	58	150
3:12:30	58	57,8	16	58	150
3:12:40	58	57,8	16	58	150
3:12:50	58	57,8	16	58	150
3:13:00	58	57,8	16	58	150
3:13:10	58	57,8	16	58	150
3:13:20	58	57,8	16	58	150
3:13:30	58	57,8	16	58	150
3:13:40	58	57,8	16	58	150
3:13:50	58	57,8	16	58	150
3:14:00	58	57,7	16	58	150
3:14:10	58	57,7	16	58	150
3:14:20	58	57,7	16	58	150
3:14:30	58	57,7	16	58	150
3:14:40	58	57,7	16	58	150
3:14:50	58	57,8	16	58	150
3:15:00	58	57,8	16	58	150
3:15:10	58	57,7	16	58	150
3:15:20	58	57,7	16	58	150
3:15:30	58	57,7	16	58	150
3:15:40	58	57,7	16	58	150
3:15:50	58	57,7	16	58	150
3:16:00	58	57,7	16	58	150
3:16:10	58	57,7	16	58	150
3:16:20	58	57,7	16	58	150
3:16:30	58	57,7	16	58	150
3:16:40	58	57,7	16	58	150
3:16:50	58	57,7	16	58	150
3:17:00	58	57,7	16	58	150
3:17:10	58	57,7	16	58	150
3:17:20	58	57,7	16	58	150
3:17:30	58	57,7	16	58	150
3:17:40	58	57,7	16	58	150
3:17:50	58	57,7	16	58	150
3:18:00	58	57,7	16	58	150
3:18:10	58	57,7	16	58	150
3:18:20	58	57,7	16	58	150
3:18:30	58	57,7	16	58	150
3:18:40	58	57,7	16	58	150
3:18:50	58	57,7	16	58	150
3:19:00	58	57,7	16	58	150
3:19:10	58	57,7	16	58	150
3:19:20	58	57,7	16	58	150
3:19:30	58	57,7	16	58	150
3:19:40	58	57,7	16	58	150
3:19:50	58	57,7	16	58	150
3:20:00	58	57,8	16	58	150
3:20:10	58	57,8	16	58	150
3:20:20	58	57,8	16	58	150
3:20:30	58	57,8	16	58	150
3:20:40	58	57,7	16	58	150
3:20:50	58	57,7	16	58	150
3:21:00	58	57,7	16	58	150
3:21:10	58	57,7	16	58	150
3:21:20	58	57,8	16	58	150
3:21:30	58	57,8	16	58	150
3:21:40	58	57,8	16	58	150
3:21:50	58	57,8	16	58	150
3:22:00	58	57,8	16	58	150
3:22:10	58	57,7	16	58	150
3:22:20	58	57,8	16	58	150
3:22:30	58	57,8	16	58	150
3:22:40	58	57,7	16	58	150
3:22:50	58	57,8	16	58	150
3:23:00	58	57,7	16	58	150
3:23:10	58	57,7	16	58	150
3:23:20	58	57,7	16	58	150
3:23:30	58	57,8	16	58	150
3:23:40	58	57,8	16	58	150
3:23:50	58	57,8	16	58	150
3:24:00	58	57,8	16	58	150
3:24:10	58	57,8	16	58	150
3:24:20	58	57,8	16	58	150
3:24:30	58	57,7	16	58	150
3:24:40	58	57,7	16	58	150
3:24:50	58	57,7	16	58	150
3:25:00	58	57,7	16	58	150
3:25:10	58	57,7	16	58	150
3:25:20	58	57,7	16	58	150
3:25:30	58	57,7	16	58	150
3:25:40	58	57,8	16	58	150
3:25:50	58	57,7	16	58	150
3:26:00	58	57,7	16	58	150
3:26:10	58	57,7	16	58	150
3:26:20	58	57,7	16	58	150
3:26:30	58	57,7	16	58	150
3:26:40	58	57,8	16	58	150
3:26:50	58	57,8	16	58	150
3:27:00	58	57,8	16	58	150
3:27:10	58	57,8	16	58	150
3:27:20	58	57,8	16	58	150
3:27:30	58	57,8	16	58	150
3:27:40	58	57,8	16	58	150
3:27:50	58	57,8	16	58	150
3:28:00	58	57,8	16	58	150
3:28:10	58	57,8	16	58	150
3:28:20	58	57,8	16	58	150
3:28:30	58	57,8	16	58	150
3:28:40	58	57,8	16	58	150
3:28:50	58	57,8	16	58	150
3:29:00	58	57,8	16	58	150
3:29:10	58	57,8	16	58	150
3:29:20	58	57,8	16	58	150
3:29:30	58	57,8	16	58	150
3:29:40	58	57,8	16	58	150
3:29:50	58	57,8	16	58	150
3:30:00	58	57,8	16	58	150
3:30:10	58	57,8	16	58	150
3:30:20	58	57,8	16	58	150
3:30:30	58	57,8	16	58	150
3:30:40	58	57,8	16	58	150
3:30:50	58	57,8	16	58	150
3:31:00	58	57,8	16	58	150
3:31:10	58	57,8	16	58	150
3:31:20	58	57,7	16	58	150
3:31:30	58	57,8	16	58	150
3:31:40	58	57,8	16	58	150
3:31:50	58	57,7	16	58	150
3:32:00	58	57,7	17	58	150
3:32:10	58	57,7	17	58	150
3:32:20	58	57,7	17	58	150
3:32:30	58	57,7	17	58	150
3:32:40	58	57,7	17	58	150
3:32:50	58	57,7	17	58	150
3:33:00	58	57,7	17	58	150
3:33:10	58	57,7	17	58	150
3:33:20	58	57,7	17	58	150
3:33:30	58	57,7	17	58	150
3:33:40	58	57,7	17	58	150
3:33:50	58	57,7	17	58	150
3:34:00	58	57,7	17	58	150
3:34:10	58	57,7	17	58	150
3:34:20	58	57,7	17	58	150
3:34:30	58	57,7	16	58	150
3:34:40	58	57,7	17	58	150
3:34:50	58	57,7	17	58	150
3:35:00	58	57,7	17	58	150
3:35:10	58	57,7	17	58	150
3:35:20	58	57,7	17	58	150
3:35:30	58	57,7	17	58	150
3:35:40	58	57,7	17	58	150
3:35:50	58	57,7	17	58	150
3:36:00	58	57,7	17	58	150
3:36:10	58	57,7	17	58	150
3:36:20	58	57,7	17	58	150
3:36:30	58	57,7	17	58	150
3:36:40	58	57,7	17	58	150
3:36:50	58	57,7	17	58	150
3:37:00	58	57,7	17	58	150
3:37:10	58	57,7	17	58	150
3:37:20	58	57,7	17	58	150
3:37:30	58	57,8	17	58	150
3:37:40	58	57,8	17	58	150
3:37:50	58	57,8	17	58	150
3:38:00	58	57,7	17	58	150
3:38:10	58	57,7	17	58	150
3:38:20	58	57,7	17	58	150
3:38:30	58	57,7	17	58	150
3:38:40	58	57,7	17	58	150
3:38:50	58	57,7	17	58	150
3:39:00	58	57,7	17	58	150
3:39:10	58	57,7	17	58	150
3:39:20	58	57,7	17	58	150
3:39:30	58	57,7	17	58	150
3:39:40	58	57,7	17	58	150
3:39:50	58	57,8	17	58	150
3:40:00	58	57,8	17	58	150
3:40:10	58	57,8	17	58	150
3:40:20	58	57,8	17	58	150
3:40:30	58	57,8	17	58	150
3:40:40	58	57,8	17	58	150
3:40:50	58	57,8	17	58	150
3:41:00	58	57,8	17	58	150
3:41:10	58	57,8	17	58	150
3:41:20	58	57,8	17	58	150
3:41:30	58	57,8	17	58	150
3:41:40	58	57,8	17	58	150
3:41:50	58	57,8	17	58	150
3:42:00	58	57,8	17	58	150
3:42:10	58	57,7	17	58	150
3:42:20	58	57,7	17	58	150
3:42:30	58	57,7	17	58	150
3:42:40	58	57,7	17	58	150
3:42:50	58	57,7	17	58	150
3:43:00	58	57,7	17	58	150
3:43:10	58	57,8	17	58	150
3:43:20	58	57,7	17	58	150
3:43:30	58	57,7	17	58	150
3:43:40	58	57,7	17	58	150
3:43:50	58	57,8	17	58	150
3:44:00	58	57,8	17	58	150
3:44:10	58	57,8	17	58	150
3:44:20	58	57,8	17	58	150
3:44:30	58	57,8	17	58	150
3:44:40	58	57,8	17	58	150
3:44:50	58	57,8	17	58	150
3:45:00	58	57,8	17	58	150
3:45:10	58	57,7	17	58	150
3:45:20	58	57,7	17	58	150
3:45:30	58	57,7	17	58	150
3:45:40	58	57,7	17	58	150
3:45:50	58	57,8	17	58	150
3:46:00	58	57,8	17	58	150
3:46:10	58	57,8	17	58	150
3:46:20	58	57,8	17	58	150
3:46:30	58	57,7	17	58	150
3:46:40	58	57,7	17	58	150
3:46:50	58	57,7	17	58	150
3:47:00	58	57,7	17	58	150
3:47:10	58	57,7	17	58	150
3:47:20	58	57,7	17	58	150
3:47:30	58	57,7	17	58	150
3:47:40	58	57,7	17	58	150
3:47:50	58	57,7	17	58	150
3:48:00	58	57,7	17	58	150
3:48:10	58	57,7	17	58	150
3:48:20	58	57,7	17	58	150
3:48:30	58	57,7	17	58	150
3:48:40	58	57,7	17	58	150
3:48:50	58	57,7	17	58	150
3:49:00	58	57,7	17	58	150
3:49:10	58	57,7	17	58	150
3:49:20	58	57,7	17	58	150
3:49:30	58	57,7	18	58	150
3:49:40	58	57,7	18	58	150
3:49:50	58	57,7	18	58	150
3:50:00	58	57,7	18	58	150
3:50:10	58	57,7	18	58	150
3:50:20	58	57,7	18	58	150
3:50:30	58	57,7	18	58	150
3:50:40	58	57,7	18	58	150
3:50:50	58	57,7	18	58	150
3:51:00	58	57,7	18	58	150
3:51:10	58	57,7	18	58	150
3:51:20	58	57,8	18	58	150
3:51:30	58	57,7	18	58	150
3:51:40	58	57,8	18	58	150
3:51:50	58	57,8	18	58	150
3:52:00	58	57,8	18	58	150
3:52:10	58	57,8	18	58	150
3:52:20	58	57,8	18	58	150
3:52:30	58	57,8	18	58	150
3:52:40	58	57,8	18	58	150
3:52:50	58	57,8	18	58	150
3:53:00	58	57,8	18	58	150
3:53:10	58	57,8	18	58	150
3:53:20	58	57,8	18	58	150
3:53:30	58	57,8	18	58	150
3:53:40	58	57,8	18	58	150
3:53:50	58	57,8	18	58	150
3:54:00	58	57,8	18	58	150
3:54:10	58	57,8	18	58	150
3:54:20	58	57,8	18	58	150
3:54:30	58	57,8	18	58	150
3:54:40	58	57,8	18	58	150
3:54:50	58	57,8	18	58	150
3:55:00	58	57,8	18	58	150
3:55:10	58	57,7	18	58	150
3:55:20	58	57,7	18	58	150
3:55:30	58	57,7	18	58	150
3:55:40	58	57,7	18	58	150
3:55:50	58	57,7	18	58	150
3:56:00	58	57,7	18	58	150
3:56:10	58	57,7	18	58	150
3:56:20	58	57,7	18	58	150
3:56:30	58	57,7	18	58	150
3:56:40	58	57,7	18	58	150
3:56:50	58	57,7	18	58	150
3:57:00	58	57,7	18	58	150
3:57:10	58	57,7	18	58	150
3:57:20	58	57,7	18	58	150
3:57:30	58	57,7	18	58	150
3:57:40	58	57,7	18	58	150
3:57:50	58	57,7	18	58	150
3:58:00	58	57,7	18	58	150
3:58:10	58	57,7	18	58	150
3:58:20	58	57,7	18	58	150
3:58:30	58	57,7	18	58	150
3:58:40	58	57,7	18	58	150
3:58:50	58	57,7	18	58	150
3:59:00	58	57,7	18	58	150
3:59:10	58	57,7	18	58	150
3:59:20	58	57,7	18	58	150
3:59:30	58	57,7	18	58	150
3:59:40	58	57,7	18	58	150
3:59:50	58	57,7	18	58	150
4:00:00	58	57,7	19	58	150
4:00:10	58	57,7	19	58	150
4:00:20	58	57,7	19	58	150
4:00:30	58	57,7	19	58	150
4:00:40	58	57,7	19	58	150
4:00:50	58	57,7	19	58	150
4:01:00	58	57,7	19	58	150
4:01:10	58	57,7	19	58	150
4:01:20	58	57,7	19	58	150
4:01:30	58	57,7	19	58	150
4:01:40	58	57,7	19	58	150
4:01:50	58	57,7	19	58	150
4:02:00	58	57,7	19	58	150
4:02:10	58	57,7	19	58	150
4:02:20	58	57,7	19	58	150
4:02:30	58	57,7	19	58	150
4:02:40	58	57,7	19	58	150
4:02:50	58	57,7	19	58	150
4:03:00	58	57,7	19	58	150
4:03:10	58	57,7	19	58	150
4:03:20	58	57,7	19	58	150
4:03:30	58	57,7	19	58	150
4:03:40	58	57,7	19	58	150
4:03:50	58	57,7	19	58	150
4:04:00	58	57,7	19	58	150
4:04:10	58	57,7	19	58	150
4:04:20	58	57,7	19	58	150
4:04:30	58	57,8	19	58	150
4:04:40	58	57,8	19	58	150
4:04:50	58	57,8	19	58	150
4:05:00	58	57,8	19	58	150
4:05:10	58	57,8	19	58	150
4:05:20	58	57,8	20	58	150
4:05:30	58	57,7	20	58	150
4:05:40	58	57,7	20	58	150
4:05:50	58	57,7	20	58	150
4:06:00	58	57,7	20	58	150
4:06:10	58	57,7	20	58	150
4:06:20	58	57,7	20	58	150
4:06:30	58	57,7	20	58	150
4:06:40	58	57,7	20	58	150
4:06:50	58	57,7	20	58	150
4:07:00	58	57,7	20	58	150
4:07:10	58	57,7	20	58	150
4:07:20	58	57,7	20	58	150
4:07:30	58	57,7	20	58	150
4:07:40	58	57,7	20	58	150
4:07:50	58	57,7	20	58	150
4:08:00	58	57,7	20	58	150
4:08:10	58	57,7	20	58	150
4:08:20	58	57,7	20	58	150
4:08:30	58	57,7	20	58	150
4:08:40	58	57,7	20	58	150
4:08:50	58	57,7	20	58	150
4:09:00	58	57,7	20	58	150
4:09:10	58	57,7	20	58	150
4:09:20	58	57,7	20	58	150
4:09:30	58	57,7	20	58	150
4:09:40	58	57,7	20	58	150
4:09:50	58	57,7	20	58	150
4:10:00	58	57,7	20	58	150
4:10:10	58	57,7	20	58	150
4:10:20	58	57,7	20	58	150
4:10:30	58	57,7	20	58	150
4:10:40	58	57,7	20	58	150
4:10:50	58	57,7	20	58	150
4:11:00	58	57,7	20	58	150
4:11:10	58	57,7	20	58	150
4:11:20	58	57,7	20	58	150
4:11:30	58	57,6	20	58	150
4:11:40	58	57,6	20	58	150
4:11:50	58	57,7	20	58	150
4:12:00	58	57,7	20	58	150
4:12:10	58	57,7	20	58	150
4:12:20	58	57,7	21	58	150
4:12:30	58	57,7	21	58	150
4:12:40	58	57,7	21	58	150
4:12:50	58	57,7	21	58	150
4:13:00	58	57,6	21	58	150
4:13:10	58	57,6	21	58	150
4:13:20	58	57,6	21	58	150
4:13:30	58	57,6	21	58	150
4:13:40	58	57,6	21	58	150
4:13:50	58	57,6	21	58	150
4:14:00	58	57,6	21	58	150
4:14:10	58	57,6	21	58	150
4:14:20	58	57,6	21	58	150
4:14:30	58	57,6	21	58	150
4:14:40	58	57,6	21	58	150
4:14:50	58	57,6	21	58	150
4:15:00	58	57,6	21	58	150
4:15:10	58	57,6	21	58	150
4:15:20	58	57,6	22	58	150
4:15:30	58	57,6	22	58	150
4:15:40	58	57,6	22	58	150
4:15:50	58	57,6	22	58	150
4:16:00	58	57,6	22	58	150
4:16:10	58	57,6	22	58	150
4:16:20	58	57,7	22	58	150
4:16:30	58	57,7	22	58	150
4:16:40	58	57,7	22	58	150
4:16:50	58	57,6	22	58	150
4:17:00	58	57,6	22	58	150
4:17:10	58	57,6	22	58	150
4:17:20	58	57,6	22	58	150
4:17:30	58	57,6	22	58	150
4:17:40	58	57,6	22	58	150
4:17:50	58	57,6	22	58	150
4:18:00	58	57,6	22	58	150
4:18:10	58	57,6	22	58	150
4:18:20	58	57,6	22	58	150
4:18:30	58	57,6	22	58	150
4:18:40	58	57,6	22	58	150
4:18:50	58	57,6	22	58	150
4:19:00	58	57,6	22	58	150
4:19:10	58	57,6	22	58	150
4:19:20	58	57,7	22	58	150
4:19:30	58	57,6	23	58	150
4:19:40	58	57,6	23	58	150
4:19:50	58	57,6	23	58	150
4:20:00	58	57,6	23	58	150
4:20:10	58	57,6	23	58	150
4:20:20	58	57,6	23	58	150
4:20:30	58	57,6	23	58	150
4:20:40	58	57,6	23	58	150
4:20:50	58	57,6	23	58	150
4:21:00	58	57,6	23	58	150
4:21:10	58	57,6	23	58	150
4:21:20	58	57,6	23	58	150
4:21:30	58	57,7	23	58	150
4:21:40	58	57,7	23	58	150
4:21:50	58	57,7	23	58	150
4:22:00	58	57,7	23	58	150
4:22:10	58	57,7	23	58	150
4:22:20	58	57,6	23	58	150
4:22:30	58	57,6	24	58	150
4:22:40	58	57,6	24	58	150
4:22:50	58	57,6	24	58	150
4:23:00	58	57,6	24	58	150
4:23:10	58	57,6	25	58	150
4:23:20	58	57,6	25	58	150
4:23:30	58	57,6	25	58	150
4:23:40	58	57,6	25	58	150
4:23:50	58	57,6	25	58	150
4:24:00	58	57,6	25	58	150
4:24:10	58	57,6	26	58	150
4:24:20	58	57,6	26	58	150
4:24:30	58	57,6	26	58	150
4:24:40	58	57,6	26	58	150
4:24:50	58	57,6	26	58	150
4:25:00	58	57,6	26	58	150
4:25:10	58	57,6	26	58	150
4:25:20	58	57,6	26	58	150
4:25:30	58	57,6	26	58	150
4:25:40	58	57,5	26	58	150
4:25:50	58	57,5	26	58	150
4:26:00	58	57,5	26	58	150
4:26:10	58	57,5	26	58	150
4:26:20	58	57,5	26	58	150
4:26:30	58	57,5	26	58	150
4:26:40	58	57,5	27	58	150
4:26:50	58	57,5	27	58	150
4:27:00	58	57,5	28	57	150
4:27:10	58	57,4	28	58	150
4:27:20	58	57,4	28	57	150
4:27:30	58	57,4	29	57	150
4:27:40	58	57,4	29	57	150
4:27:50	58	57,4	29	58	150
4:28:00	58	57,4	29	57	150
4:28:10	58	57,4	30	57	150
4:28:20	58	57,4	30	57	150
4:28:30	58	57,4	30	57	150
4:28:40	58	57,3	30	57	150
4:28:50	58	57,3	31	57	150
4:29:00	58	57,3	31	57	150
4:29:10	58	57,3	31	57	150
4:29:20	58	57,3	31	57	150
4:29:30	58	57,3	32	57	150
4:29:40	58	57,3	32	57	150
4:29:50	58	57,3	32	57	150
4:30:00	58	57,3	32	57	150
4:30:10	58	57,3	32	57	150
4:30:20	58	57,2	33	57	150
4:30:30	58	57,2	33	57	150
4:30:40	58	57,2	33	57	150
4:30:50	58	57,2	33	57	150
4:31:00	58	57,2	33	57	150
4:31:10	58	57,2	34	57	150
4:31:20	58	57,2	34	57	150
4:31:30	58	57,2	34	57	150
4:31:40	58	57,2	34	57	150
4:31:50	58	57,1	34	57	150
4:32:00	58	57,1	35	57	150
4:32:10	58	57,1	35	57	150
4:32:20	58	57,1	35	57	150
4:32:30	58	57,1	35	57	150
4:32:40	58	57,1	35	57	150
4:32:50	58	57,1	35	57	150
4:33:00	58	57,1	35	57	150
4:33:10	58	57,1	36	57	150
4:33:20	58	57,1	36	57	150
4:33:30	58	57,1	36	57	150
4:33:40	58	57,1	36	57	150
4:33:50	58	57,1	36	57	150
4:34:00	58	57,1	36	57	150
4:34:10	58	57,1	37	57	150
4:34:20	58	57,1	37	57	150
4:34:30	58	57,1	37	57	150
4:34:40	58	57,1	38	57	150
4:34:50	58	57,1	38	57	150
4:35:00	58	57,1	38	57	150
4:35:10	58	57,1	38	57	150
4:35:20	58	57,1	39	57	150
4:35:30	58	57,1	39	57	150
4:35:40	58	57,1	39	57	150
4:35:50	58	57,1	40	57	150
4:36:00	58	57,1	40	57	150
4:36:10	58	57,1	40	57	150
4:36:20	58	57,1	41	57	150
4:36:30	58	57,1	41	57	150
4:36:40	58	57,1	41	57	150
4:36:50	58	57,1	42	57	150
4:37:00	58	57,1	42	57	150
4:37:10	58	57,1	43	57	150
4:37:20	58	57,1	43	57	150
4:37:30	58	57,1	43	57	150
4:37:40	58	57,1	44	57	150
4:37:50	58	57,1	45	57	150
4:38:00	58	57,1	46	57	150
4:38:10	58	57,1	46	57	150
4:38:20	58	57,2	47	57	150
4:38:30	58	57,2	47	57	150
4:38:40	58	57,2	48	58	150
4:38:50	58	57,2	49	57	150
4:39:00	58	57,2	50	57	150
4:39:10	58	57,2	51	57	150
4:39:20	58	57,2	52	57	150
4:39:30	58	57,2	52	58	150
4:39:40	58	57,2	53	58	150
4:39:50	58	57,3	54	58	150
4:40:00	58	57,3	55	58	150
4:40:10	58	57,3	56	58	150
4:40:20	58	57,3	57	58	150
4:40:30	58	57,3	57	58	150
4:40:40	58	57,3	58	58	150
4:40:50	58	57,4	59	58	150
4:41:00	58	57,4	59	58	150
4:41:10	58	57,4	60	58	150
4:41:20	58	57,4	60	58	150
4:41:30	58	57,4	61	58	150
4:41:40	58	57,4	62	58	150
4:41:50	58	57,5	63	58	150
4:42:00	58	57,5	64	58	150
4:42:10	58	57,5	64	58	150
4:42:20	58	57,5	65	58	150
4:42:30	58	57,5	66	58	150
4:42:40	58	57,5	67	58	150
4:42:50	58	57,6	67	58	150
4:43:00	58	57,6	68	59	150
4:43:10	58	57,6	69	59	150
4:43:20	58	57,6	70	59	150
4:43:30	58	57,6	70	59	150
4:43:40	58	57,6	71	59	150
