--Test Summary--
Full Path and File Name	
Instrument Name	7322
Instrument Type	Model 7322 Consistometer - Variable Speed
Instrument Serial Number	
Test Start Date	14.03.2014
Test Start Time	8:59:40
Test Stop Date	14.03.2014
Test Stop Time	11:54:00
Test Length	2:54:20
Final Sample Time Offset	2:54:20
Controller Schedule Name	
Sampling Period	10 seconds
Comments	T: 95C (40min): P: 45MPa (40min); tap water.
Information	WellID	Research
Information	Customer	Trican
Information	EngName	Aleksanyan Mikhail
Information	CementClass	100%G+30%SFA-2 (bwoc)
Information	CementMfr	Dyckerhoff - Suhoy Log
Information	Additives	0.6%CFL-110+0,6%TC-101+1%CFR-12 (bwob)
Information	Density	1900
Information	BHCT	95
Information	BHST	124
Information	FluidLoss	44cc/30min
Information	JobType	Research
Calculated Value	Time_30Bc	2:40:10
Calculated Value	Time_70Bc	2:54:20
Initial Temperature (°C)	26 °C
Final Temperature (°C)	95 °C
Initial Pressure (MPa)	0,6 MPa
Final Pressure (MPa)	45,2 MPa
Initial Consistency (Bc)	25 Bc
Final Consistency (Bc)	72 Bc
Initial Wall Temperature (°C)	22 °C
Final Wall Temperature (°C)	95 °C
Initial Motor Speed (RPM)	150 RPM
Final Motor Speed (RPM)	150 RPM
--Data--
Time (HH:MM:SS)	Temperature (°C)	Pressure (MPa)	Consistency (Bc)	Wall Temperature (°C)	Motor Speed (RPM)
0:00:00	26	0,6	25	22	150
0:00:10	26	0,8	25	22	150
0:00:20	26	1,0	25	22	150
0:00:30	26	1,1	25	23	150
0:00:40	26	1,5	25	24	150
0:00:50	26	1,7	25	24	150
0:01:00	26	2,0	25	25	150
0:01:10	26	2,3	25	26	150
0:01:20	26	2,7	25	27	150
0:01:30	26	3,1	25	27	150
0:01:40	26	3,5	25	29	150
0:01:50	26	3,7	25	32	150
0:02:00	26	3,8	25	33	150
0:02:10	26	4,0	25	33	150
0:02:20	26	4,2	25	34	150
0:02:30	26	4,4	25	35	150
0:02:40	26	4,6	25	36	150
0:02:50	27	4,8	25	37	150
0:03:00	27	5,0	25	38	150
0:03:10	27	5,1	25	38	150
0:03:20	27	5,3	25	38	150
0:03:30	28	5,5	25	38	150
0:03:40	28	5,6	25	39	150
0:03:50	28	5,9	25	39	150
0:04:00	29	6,0	25	39	150
0:04:10	29	6,2	25	39	150
0:04:20	29	6,4	24	39	150
0:04:30	30	6,5	24	40	150
0:04:40	30	6,8	24	40	150
0:04:50	30	6,9	24	40	150
0:05:00	31	7,1	24	41	150
0:05:10	31	7,3	24	41	150
0:05:20	31	7,6	24	42	150
0:05:30	32	7,7	24	42	150
0:05:40	32	7,9	24	43	150
0:05:50	32	8,0	24	43	150
0:06:00	33	8,2	24	44	150
0:06:10	33	8,4	24	44	150
0:06:20	33	8,6	24	44	150
0:06:30	34	8,8	23	45	150
0:06:40	34	9,0	23	45	150
0:06:50	34	9,2	23	45	150
0:07:00	35	9,4	23	45	150
0:07:10	35	9,6	23	46	150
0:07:20	35	9,7	23	46	150
0:07:30	36	9,9	23	46	150
0:07:40	36	10,1	23	46	150
0:07:50	36	10,3	22	47	150
0:08:00	37	10,5	22	47	150
0:08:10	37	10,7	22	47	150
0:08:20	37	10,8	22	47	150
0:08:30	38	11,0	22	47	150
0:08:40	38	11,2	22	48	150
0:08:50	38	11,4	22	48	150
0:09:00	39	11,5	22	48	150
0:09:10	39	11,7	22	49	150
0:09:20	39	11,9	22	49	150
0:09:30	40	12,1	22	49	150
0:09:40	40	12,3	21	49	150
0:09:50	40	12,5	21	50	150
0:10:00	40	12,6	21	50	150
0:10:10	41	12,8	21	51	150
0:10:20	41	13,1	21	51	150
0:10:30	41	13,2	21	51	150
0:10:40	42	13,4	21	51	150
0:10:50	42	13,6	21	52	150
0:11:00	42	13,7	21	52	150
0:11:10	43	13,9	21	52	150
0:11:20	43	14,2	21	53	150
0:11:30	43	14,4	20	53	150
0:11:40	44	14,5	20	53	150
0:11:50	44	14,7	20	54	150
0:12:00	44	14,9	20	54	150
0:12:10	44	15,1	20	54	150
0:12:20	45	15,3	20	54	150
0:12:30	45	15,4	20	55	150
0:12:40	45	15,6	20	55	150
0:12:50	46	15,8	20	56	150
0:13:00	46	15,9	20	56	150
0:13:10	46	16,1	20	56	150
0:13:20	46	16,4	20	56	150
0:13:30	47	16,6	20	57	150
0:13:40	47	16,6	20	57	150
0:13:50	47	16,9	19	58	150
0:14:00	48	17,1	19	58	150
0:14:10	48	17,3	19	58	150
0:14:20	48	17,4	19	58	150
0:14:30	49	17,6	19	58	150
0:14:40	49	17,9	19	59	150
0:14:50	49	17,9	19	59	150
0:15:00	49	18,2	19	60	150
0:15:10	50	18,4	19	60	150
0:15:20	50	18,6	19	60	150
0:15:30	50	18,7	19	61	150
0:15:40	51	18,9	19	61	150
0:15:50	51	19,1	19	62	150
0:16:00	51	19,3	18	62	150
0:16:10	51	19,6	19	62	150
0:16:20	52	19,7	18	62	150
0:16:30	52	19,9	18	62	150
0:16:40	52	20,1	18	63	150
0:16:50	53	20,2	18	63	150
0:17:00	53	20,4	18	64	150
0:17:10	53	20,6	18	64	150
0:17:20	54	20,8	18	64	150
0:17:30	54	20,9	18	65	150
0:17:40	54	21,2	18	65	150
0:17:50	54	21,2	18	66	150
0:18:00	55	21,5	18	66	150
0:18:10	55	21,7	18	67	150
0:18:20	55	21,8	18	67	150
0:18:30	56	22,1	18	68	150
0:18:40	56	22,2	18	68	150
0:18:50	56	22,3	18	68	150
0:19:00	57	22,5	18	68	150
0:19:10	57	22,7	18	68	150
0:19:20	57	22,8	18	68	150
0:19:30	57	22,9	18	68	150
0:19:40	58	23,1	18	68	150
0:19:50	58	23,3	17	68	150
0:20:00	58	23,5	17	69	150
0:20:10	59	23,8	17	69	150
0:20:20	59	24,0	17	69	150
0:20:30	59	24,2	17	70	150
0:20:40	59	24,4	17	70	150
0:20:50	60	24,7	17	70	150
0:21:00	60	24,9	17	71	150
0:21:10	60	24,9	17	71	150
0:21:20	60	25,1	17	71	150
0:21:30	61	25,3	17	72	150
0:21:40	61	25,6	17	72	150
0:21:50	61	25,8	17	72	150
0:22:00	62	25,8	17	73	150
0:22:10	62	26,1	17	73	150
0:22:20	62	26,3	17	74	150
0:22:30	62	26,4	17	74	150
0:22:40	63	26,6	17	74	150
0:22:50	63	26,9	17	75	150
0:23:00	63	26,9	17	75	150
0:23:10	63	27,2	17	76	150
0:23:20	64	27,5	17	76	150
0:23:30	64	27,5	17	77	150
0:23:40	64	27,7	17	77	150
0:23:50	65	27,9	17	78	150
0:24:00	65	28,1	17	78	150
0:24:10	65	28,3	17	78	150
0:24:20	66	28,5	17	78	150
0:24:30	66	28,7	17	78	150
0:24:40	66	28,8	17	78	150
0:24:50	66	29,0	17	78	150
0:25:00	67	29,2	17	79	150
0:25:10	67	29,4	17	79	150
0:25:20	67	29,7	17	79	150
0:25:30	68	29,9	17	80	150
0:25:40	68	29,9	17	80	150
0:25:50	68	30,1	17	80	150
0:26:00	68	30,3	17	80	150
0:26:10	69	30,6	17	81	150
0:26:20	69	30,8	17	81	150
0:26:30	69	30,8	17	82	150
0:26:40	70	31,1	17	82	150
0:26:50	70	31,4	17	82	150
0:27:00	70	31,3	17	83	150
0:27:10	70	31,6	17	83	150
0:27:20	71	31,9	17	84	150
0:27:30	71	31,8	17	84	150
0:27:40	71	32,1	17	84	150
0:27:50	71	32,4	17	85	150
0:28:00	72	32,4	17	85	150
0:28:10	72	32,6	17	85	150
0:28:20	72	33,0	17	86	150
0:28:30	72	33,0	17	86	150
0:28:40	73	33,3	17	87	150
0:28:50	73	33,5	17	87	150
0:29:00	73	33,4	17	88	150
0:29:10	74	33,7	17	88	150
0:29:20	74	33,9	17	88	150
0:29:30	74	34,2	17	88	150
0:29:40	75	34,4	17	89	150
0:29:50	75	34,6	17	89	150
0:30:00	75	34,9	17	89	150
0:30:10	76	34,9	17	90	150
0:30:20	76	35,1	17	90	150
0:30:30	76	35,4	17	90	150
0:30:40	76	35,6	17	91	150
0:30:50	77	35,8	17	90	150
0:31:00	77	35,7	17	91	150
0:31:10	77	35,9	18	91	150
0:31:20	78	36,1	18	91	150
0:31:30	78	36,4	18	92	150
0:31:40	78	36,6	18	92	150
0:31:50	79	36,9	18	92	150
0:32:00	79	37,1	18	92	150
0:32:10	79	36,9	18	92	150
0:32:20	79	37,1	18	93	150
0:32:30	80	37,3	18	93	150
0:32:40	80	37,6	18	93	150
0:32:50	80	37,8	18	94	150
0:33:00	81	38,0	18	94	150
0:33:10	81	38,3	18	94	150
0:33:20	81	38,5	18	95	150
0:33:30	81	38,7	18	95	150
0:33:40	82	39,0	19	95	150
0:33:50	82	38,9	19	95	150
0:34:00	82	39,1	19	96	150
0:34:10	83	39,3	19	95	150
0:34:20	83	39,5	19	96	150
0:34:30	84	39,6	19	96	150
0:34:40	84	39,7	19	95	150
0:34:50	85	39,7	19	95	150
0:35:00	85	39,7	19	95	150
0:35:10	85	39,7	19	95	150
0:35:20	86	39,8	19	95	150
0:35:30	86	40,1	20	95	150
0:35:40	86	40,3	20	95	150
0:35:50	87	40,4	20	95	150
0:36:00	87	40,6	20	95	150
0:36:10	87	40,7	20	95	150
0:36:20	87	40,9	20	95	150
0:36:30	88	41,2	20	95	150
0:36:40	88	41,3	20	96	150
0:36:50	88	41,5	20	96	150
0:37:00	88	41,7	20	96	150
0:37:10	89	42,0	20	97	150
0:37:20	89	42,3	21	97	150
0:37:30	89	42,6	21	98	150
0:37:40	89	43,0	21	98	150
0:37:50	89	43,3	21	99	150
0:38:00	90	43,6	21	100	150
0:38:10	90	43,9	21	100	150
0:38:20	90	44,2	21	100	150
0:38:30	90	44,0	21	100	150
0:38:40	91	44,3	21	101	150
0:38:50	91	44,5	21	101	150
0:39:00	91	44,8	21	101	150
0:39:10	91	45,0	21	101	150
0:39:20	92	45,3	21	102	150
0:39:30	92	45,1	21	102	150
0:39:40	92	45,3	21	102	150
0:39:50	93	45,4	22	102	150
0:40:00	93	45,6	22	102	150
0:40:10	93	45,8	22	103	150
0:40:20	94	46,0	22	103	150
0:40:30	94	45,6	22	102	150
0:40:40	94	45,6	22	102	150
0:40:50	94	45,6	22	102	150
0:41:00	95	45,6	23	101	150
0:41:10	95	45,6	23	101	150
0:41:20	95	45,5	23	101	150
0:41:30	95	45,4	23	100	150
0:41:40	96	45,3	23	99	150
0:41:50	96	45,2	23	99	150
0:42:00	96	45,1	23	99	150
0:42:10	96	45,1	23	98	150
0:42:20	96	45,0	24	98	150
0:42:30	96	45,0	24	98	150
0:42:40	96	45,2	24	98	150
0:42:50	96	45,3	24	98	150
0:43:00	96	45,3	24	98	150
0:43:10	96	45,4	24	98	150
0:43:20	96	45,4	23	98	150
0:43:30	96	45,5	23	99	150
0:43:40	96	45,7	23	99	150
0:43:50	96	45,8	23	99	150
0:44:00	96	46,0	23	99	150
0:44:10	96	45,6	23	100	150
0:44:20	96	45,8	23	100	150
0:44:30	96	45,9	23	100	150
0:44:40	96	45,5	23	100	150
0:44:50	96	45,6	23	100	150
0:45:00	96	45,8	23	100	150
0:45:10	96	45,8	23	100	150
0:45:20	96	45,9	23	100	150
0:45:30	96	45,9	23	100	150
0:45:40	96	45,9	23	100	150
0:45:50	96	45,9	23	100	150
0:46:00	96	45,9	23	100	150
0:46:10	96	45,8	23	99	150
0:46:20	96	45,8	23	99	150
0:46:30	96	45,7	23	99	150
0:46:40	96	45,7	23	98	150
0:46:50	97	45,6	23	98	150
0:47:00	97	45,5	23	98	150
0:47:10	97	45,5	23	98	150
0:47:20	97	45,4	23	98	150
0:47:30	97	45,4	23	97	150
0:47:40	97	45,3	23	98	150
0:47:50	97	45,3	23	97	150
0:48:00	97	45,3	23	97	150
0:48:10	97	45,3	23	97	150
0:48:20	97	45,3	23	97	150
0:48:30	97	45,3	23	97	150
0:48:40	97	45,2	23	97	150
0:48:50	97	45,2	23	97	150
0:49:00	97	45,2	23	97	150
0:49:10	97	45,2	23	97	150
0:49:20	97	45,2	23	97	150
0:49:30	96	45,2	22	97	150
0:49:40	96	45,2	22	97	150
0:49:50	96	45,2	22	97	150
0:50:00	96	45,2	22	97	150
0:50:10	96	45,2	22	97	150
0:50:20	96	45,3	22	97	150
0:50:30	96	45,3	22	97	150
0:50:40	96	45,3	22	97	150
0:50:50	96	45,3	22	97	150
0:51:00	96	45,3	22	97	150
0:51:10	96	45,4	22	97	150
0:51:20	96	45,4	22	97	150
0:51:30	96	45,4	22	97	150
0:51:40	96	45,4	22	97	150
0:51:50	96	45,4	22	97	150
0:52:00	96	45,4	22	97	150
0:52:10	96	45,5	22	97	150
0:52:20	96	45,5	22	97	150
0:52:30	96	45,5	22	97	150
0:52:40	96	45,5	22	97	150
0:52:50	96	45,6	22	97	150
0:53:00	96	45,6	22	97	150
0:53:10	96	45,6	22	97	150
0:53:20	96	45,6	22	97	150
0:53:30	96	45,6	22	97	150
0:53:40	96	45,6	22	97	150
0:53:50	96	45,6	22	97	150
0:54:00	96	45,6	22	97	150
0:54:10	96	45,6	22	97	150
0:54:20	96	45,6	22	97	150
0:54:30	96	45,6	22	97	150
0:54:40	96	45,6	22	97	150
0:54:50	96	45,6	22	97	150
0:55:00	96	45,6	22	97	150
0:55:10	96	45,7	21	97	150
0:55:20	96	45,7	21	97	150
0:55:30	96	45,7	21	97	150
0:55:40	96	45,7	21	97	150
0:55:50	96	45,7	22	97	150
0:56:00	96	45,7	22	96	150
0:56:10	96	45,7	22	96	150
0:56:20	96	45,7	22	96	150
0:56:30	96	45,7	22	96	150
0:56:40	96	45,7	22	96	150
0:56:50	96	45,7	22	96	150
0:57:00	96	45,7	21	96	150
0:57:10	96	45,7	21	96	150
0:57:20	96	45,7	21	96	150
0:57:30	96	45,7	21	96	150
0:57:40	96	45,7	21	96	150
0:57:50	96	45,8	21	96	150
0:58:00	96	45,8	21	96	150
0:58:10	96	45,8	21	96	150
0:58:20	96	45,8	21	96	150
0:58:30	96	45,8	21	96	150
0:58:40	96	45,8	21	96	150
0:58:50	96	45,8	21	96	150
0:59:00	96	45,8	21	96	150
0:59:10	96	45,9	21	96	150
0:59:20	96	45,9	21	96	150
0:59:30	96	45,9	21	96	150
0:59:40	96	45,9	21	96	150
0:59:50	95	45,9	21	96	150
1:00:00	95	46,0	21	96	150
1:00:10	95	46,0	21	96	150
1:00:20	95	46,0	21	96	150
1:00:30	95	45,7	21	96	150
1:00:40	95	45,7	21	96	150
1:00:50	95	45,7	21	96	150
1:01:00	95	45,7	21	96	150
1:01:10	95	45,7	21	96	150
1:01:20	95	45,8	21	96	150
1:01:30	95	45,8	21	96	150
1:01:40	95	45,8	21	96	150
1:01:50	95	45,8	21	96	150
1:02:00	95	45,8	21	96	150
1:02:10	95	45,9	21	96	150
1:02:20	95	45,9	21	96	150
1:02:30	95	45,9	21	96	150
1:02:40	95	45,9	21	96	150
1:02:50	95	46,0	21	96	150
1:03:00	95	45,5	21	96	150
1:03:10	95	45,5	21	97	150
1:03:20	95	45,6	21	96	150
1:03:30	95	45,6	20	96	150
1:03:40	95	45,6	20	96	150
1:03:50	95	45,6	20	97	150
1:04:00	95	45,6	20	97	150
1:04:10	95	45,6	21	96	150
1:04:20	95	45,6	21	97	150
1:04:30	95	45,6	21	96	150
1:04:40	95	45,6	21	97	150
1:04:50	95	45,6	21	96	150
1:05:00	95	45,6	21	96	150
1:05:10	95	45,6	21	96	150
1:05:20	95	45,6	21	96	150
1:05:30	95	45,6	21	96	150
1:05:40	95	45,6	21	96	150
1:05:50	95	45,6	21	96	150
1:06:00	95	45,6	20	96	150
1:06:10	95	45,6	20	96	150
1:06:20	95	45,6	20	96	150
1:06:30	95	45,6	20	96	150
1:06:40	95	45,6	20	96	150
1:06:50	95	45,6	20	96	150
1:07:00	95	45,6	20	96	150
1:07:10	95	45,6	20	96	150
1:07:20	95	45,6	20	96	150
1:07:30	95	45,6	20	96	150
1:07:40	95	45,6	20	96	150
1:07:50	95	45,7	20	96	150
1:08:00	95	45,7	20	96	150
1:08:10	95	45,8	20	96	150
1:08:20	95	45,8	20	96	150
1:08:30	95	45,8	20	96	150
1:08:40	95	45,8	20	96	150
1:08:50	95	45,8	20	96	150
1:09:00	95	45,8	20	96	150
1:09:10	95	45,8	20	96	150
1:09:20	95	45,8	20	96	150
1:09:30	95	45,9	20	96	150
1:09:40	95	45,8	20	96	150
1:09:50	95	45,8	20	96	150
1:10:00	95	45,8	20	96	150
1:10:10	95	45,9	20	96	150
1:10:20	95	45,9	20	96	150
1:10:30	95	45,9	20	96	150
1:10:40	95	45,9	20	96	150
1:10:50	95	45,9	20	96	150
1:11:00	95	45,9	20	96	150
1:11:10	95	45,9	20	96	150
1:11:20	95	46,0	20	96	150
1:11:30	95	46,0	20	96	150
1:11:40	95	46,0	20	96	150
1:11:50	95	45,7	20	96	150
1:12:00	95	45,6	20	96	150
1:12:10	95	45,6	20	96	150
1:12:20	95	45,6	20	96	150
1:12:30	95	45,6	20	96	150
1:12:40	95	45,6	20	96	150
1:12:50	95	45,6	20	96	150
1:13:00	95	45,6	20	96	150
1:13:10	95	45,6	20	96	150
1:13:20	95	45,6	20	96	150
1:13:30	95	45,7	20	96	150
1:13:40	95	45,6	20	96	150
1:13:50	95	45,6	20	96	150
1:14:00	95	45,7	20	96	150
1:14:10	95	45,6	20	96	150
1:14:20	95	45,6	20	96	150
1:14:30	95	45,6	20	96	150
1:14:40	95	45,6	20	96	150
1:14:50	95	45,6	20	96	150
1:15:00	95	45,7	20	96	150
1:15:10	95	45,7	20	96	150
1:15:20	95	45,7	20	96	150
1:15:30	95	45,7	20	96	150
1:15:40	95	45,7	19	96	150
1:15:50	95	45,7	19	96	150
1:16:00	95	45,8	19	96	150
1:16:10	95	45,8	19	96	150
1:16:20	95	45,8	19	96	150
1:16:30	95	45,8	19	96	150
1:16:40	95	45,8	19	96	150
1:16:50	95	45,8	19	96	150
1:17:00	95	45,8	19	96	150
1:17:10	95	45,8	19	96	150
1:17:20	95	45,9	19	96	150
1:17:30	95	45,9	19	96	150
1:17:40	95	45,9	19	96	150
1:17:50	95	45,9	19	96	150
1:18:00	95	45,9	19	96	150
1:18:10	95	45,9	19	96	150
1:18:20	95	45,9	19	96	150
1:18:30	95	45,9	19	96	150
1:18:40	95	45,9	19	96	150
1:18:50	95	45,9	19	96	150
1:19:00	95	45,9	19	96	150
1:19:10	95	45,9	19	96	150
1:19:20	95	45,9	19	96	150
1:19:30	95	45,9	19	96	150
1:19:40	95	45,9	19	96	150
1:19:50	95	45,9	19	96	150
1:20:00	95	45,9	19	96	150
1:20:10	95	45,9	19	96	150
1:20:20	95	45,9	19	96	150
1:20:30	95	45,9	19	96	150
1:20:40	95	45,9	19	96	150
1:20:50	95	45,9	19	96	150
1:21:00	95	46,0	19	96	150
1:21:10	95	45,5	19	96	150
1:21:20	95	45,5	19	96	150
1:21:30	95	45,5	19	96	150
1:21:40	95	45,6	19	96	150
1:21:50	95	45,6	19	96	150
1:22:00	95	45,5	19	96	150
1:22:10	95	45,5	19	96	150
1:22:20	95	45,5	19	96	150
1:22:30	95	45,5	19	96	150
1:22:40	95	45,5	19	96	150
1:22:50	95	45,5	19	96	150
1:23:00	95	45,5	19	96	150
1:23:10	95	45,5	19	96	150
1:23:20	95	45,5	19	96	150
1:23:30	95	45,5	19	96	150
1:23:40	95	45,5	19	96	150
1:23:50	95	45,5	19	96	150
1:24:00	95	45,5	19	96	150
1:24:10	95	45,5	19	96	150
1:24:20	95	45,5	19	96	150
1:24:30	95	45,5	19	96	150
1:24:40	95	45,5	19	96	150
1:24:50	95	45,5	19	96	150
1:25:00	95	45,5	19	96	150
1:25:10	95	45,5	19	96	150
1:25:20	95	45,5	19	96	150
1:25:30	95	45,6	19	96	150
1:25:40	95	45,6	19	96	150
1:25:50	95	45,6	19	96	150
1:26:00	95	45,6	19	96	150
1:26:10	95	45,6	19	96	150
1:26:20	95	45,6	19	96	150
1:26:30	95	45,6	19	96	150
1:26:40	95	45,6	19	96	150
1:26:50	95	45,6	19	96	150
1:27:00	95	45,6	19	96	150
1:27:10	95	45,7	19	96	150
1:27:20	95	45,7	19	96	150
1:27:30	95	45,7	19	96	150
1:27:40	95	45,7	19	96	150
1:27:50	95	45,7	19	96	150
1:28:00	95	45,7	19	96	150
1:28:10	95	45,7	19	96	150
1:28:20	95	45,7	19	96	150
1:28:30	95	45,7	19	96	150
1:28:40	95	45,7	19	96	150
1:28:50	95	45,7	19	96	150
1:29:00	95	45,7	19	96	150
1:29:10	95	45,7	19	96	150
1:29:20	95	45,7	19	96	150
1:29:30	95	45,7	19	96	150
1:29:40	95	45,7	19	96	150
1:29:50	95	45,7	19	96	150
1:30:00	95	45,8	19	96	150
1:30:10	95	45,7	19	96	150
1:30:20	95	45,8	19	96	150
1:30:30	95	45,8	19	96	150
1:30:40	95	45,7	19	96	150
1:30:50	95	45,7	19	96	150
1:31:00	95	45,8	19	96	150
1:31:10	95	45,8	19	96	150
1:31:20	95	45,8	19	96	150
1:31:30	95	45,8	19	96	150
1:31:40	95	45,8	19	96	150
1:31:50	95	45,8	19	96	150
1:32:00	95	45,8	19	96	150
1:32:10	95	45,8	19	96	150
1:32:20	95	45,8	19	95	150
1:32:30	95	45,8	19	96	150
1:32:40	95	45,8	19	96	150
1:32:50	95	45,8	19	96	150
1:33:00	95	45,8	19	96	150
1:33:10	95	45,8	19	96	150
1:33:20	95	45,8	18	96	150
1:33:30	95	45,8	18	96	150
1:33:40	95	45,9	18	96	150
1:33:50	95	45,9	18	96	150
1:34:00	95	45,9	18	96	150
1:34:10	95	45,9	18	96	150
1:34:20	95	45,9	18	96	150
1:34:30	95	45,9	18	96	150
1:34:40	95	45,9	18	96	150
1:34:50	95	45,9	18	96	150
1:35:00	95	45,9	18	96	150
1:35:10	95	45,9	18	96	150
1:35:20	95	45,9	18	96	150
1:35:30	95	45,9	18	96	150
1:35:40	95	46,0	18	96	150
1:35:50	95	45,6	18	96	150
1:36:00	95	45,5	18	96	150
1:36:10	95	45,5	18	96	150
1:36:20	95	45,5	18	96	150
1:36:30	95	45,5	18	96	150
1:36:40	95	45,5	18	96	150
1:36:50	95	45,5	18	96	150
1:37:00	95	45,5	18	96	150
1:37:10	95	45,5	18	95	150
1:37:20	95	45,5	18	96	150
1:37:30	95	45,5	18	95	150
1:37:40	95	45,5	18	95	150
1:37:50	95	45,5	18	96	150
1:38:00	95	45,5	18	95	150
1:38:10	95	45,5	18	96	150
1:38:20	95	45,5	18	96	150
1:38:30	95	45,5	18	95	150
1:38:40	95	45,5	18	96	150
1:38:50	95	45,5	18	95	150
1:39:00	95	45,5	18	95	150
1:39:10	95	45,5	18	95	150
1:39:20	95	45,5	18	95	150
1:39:30	95	45,5	18	95	150
1:39:40	95	45,5	18	95	150
1:39:50	95	45,5	18	95	150
1:40:00	95	45,4	18	96	150
1:40:10	95	45,4	18	95	150
1:40:20	95	45,5	18	96	150
1:40:30	95	45,4	18	95	150
1:40:40	95	45,4	18	96	150
1:40:50	95	45,4	18	96	150
1:41:00	95	45,4	18	95	150
1:41:10	95	45,4	18	95	150
1:41:20	95	45,4	18	96	150
1:41:30	95	45,4	18	96	150
1:41:40	95	45,4	18	96	150
1:41:50	95	45,4	18	96	150
1:42:00	95	45,4	18	95	150
1:42:10	95	45,5	18	96	150
1:42:20	95	45,5	18	95	150
1:42:30	95	45,5	18	96	150
1:42:40	95	45,5	18	96	150
1:42:50	95	45,5	18	96	150
1:43:00	95	45,5	18	96	150
1:43:10	95	45,5	18	96	150
1:43:20	95	45,5	18	96	150
1:43:30	95	45,5	18	96	150
1:43:40	95	45,5	18	96	150
1:43:50	95	45,5	18	96	150
1:44:00	95	45,5	19	96	150
1:44:10	95	45,5	19	96	150
1:44:20	95	45,5	19	96	150
1:44:30	95	45,5	19	96	150
1:44:40	95	45,5	19	96	150
1:44:50	95	45,5	19	96	150
1:45:00	95	45,5	19	96	150
1:45:10	95	45,5	19	96	150
1:45:20	95	45,5	19	96	150
1:45:30	95	45,5	19	96	150
1:45:40	95	45,5	19	96	150
1:45:50	95	45,5	19	96	150
1:46:00	95	45,5	19	96	150
1:46:10	95	45,5	19	96	150
1:46:20	95	45,5	19	96	150
1:46:30	95	45,5	19	96	150
1:46:40	95	45,5	19	96	150
1:46:50	95	45,5	19	96	150
1:47:00	95	45,5	19	96	150
1:47:10	95	45,5	19	96	150
1:47:20	95	45,5	19	96	150
1:47:30	95	45,5	19	96	150
1:47:40	95	45,5	18	96	150
1:47:50	95	45,5	18	96	150
1:48:00	95	45,5	18	96	150
1:48:10	95	45,5	18	96	150
1:48:20	95	45,5	18	96	150
1:48:30	95	45,5	18	96	150
1:48:40	95	45,5	18	96	150
1:48:50	95	45,5	18	96	150
1:49:00	95	45,5	18	96	150
1:49:10	95	45,6	18	96	150
1:49:20	95	45,6	18	96	150
1:49:30	95	45,6	18	96	150
1:49:40	95	45,6	18	96	150
1:49:50	95	45,6	18	96	150
1:50:00	95	45,6	19	96	150
1:50:10	95	45,6	19	96	150
1:50:20	95	45,6	19	96	150
1:50:30	95	45,5	19	96	150
1:50:40	95	45,5	19	96	150
1:50:50	95	45,5	19	96	150
1:51:00	95	45,5	19	96	150
1:51:10	95	45,5	19	96	150
1:51:20	95	45,5	19	96	150
1:51:30	95	45,5	19	96	150
1:51:40	95	45,5	19	96	150
1:51:50	95	45,5	19	96	150
1:52:00	95	45,5	19	96	150
1:52:10	95	45,5	19	95	150
1:52:20	95	45,5	19	96	150
1:52:30	95	45,5	19	96	150
1:52:40	95	45,5	19	96	150
1:52:50	95	45,5	19	96	150
1:53:00	95	45,5	19	96	150
1:53:10	95	45,5	19	96	150
1:53:20	95	45,5	19	96	150
1:53:30	95	45,5	19	96	150
1:53:40	95	45,5	18	96	150
1:53:50	95	45,5	19	96	150
1:54:00	95	45,5	19	96	150
1:54:10	95	45,5	19	96	150
1:54:20	95	45,5	19	96	150
1:54:30	95	45,5	19	96	150
1:54:40	95	45,5	19	96	150
1:54:50	95	45,5	19	96	150
1:55:00	95	45,5	19	96	150
1:55:10	95	45,5	19	95	150
1:55:20	95	45,5	19	96	150
1:55:30	95	45,5	19	96	150
1:55:40	95	45,5	19	96	150
1:55:50	95	45,5	19	95	150
1:56:00	95	45,5	19	96	150
1:56:10	95	45,5	19	96	150
1:56:20	95	45,5	19	96	150
1:56:30	95	45,5	19	96	150
1:56:40	95	45,5	19	96	150
1:56:50	95	45,5	19	96	150
1:57:00	95	45,5	19	96	150
1:57:10	95	45,5	19	96	150
1:57:20	95	45,5	19	96	150
1:57:30	95	45,5	19	96	150
1:57:40	95	45,5	19	96	150
1:57:50	95	45,5	19	96	150
1:58:00	95	45,5	19	96	150
1:58:10	95	45,5	19	96	150
1:58:20	95	45,5	19	95	150
1:58:30	95	45,5	19	96	150
1:58:40	95	45,5	19	96	150
1:58:50	95	45,5	19	95	150
1:59:00	95	45,5	19	96	150
1:59:10	95	45,5	19	96	150
1:59:20	95	45,5	19	96	150
1:59:30	95	45,5	19	95	150
1:59:40	95	45,5	19	96	150
1:59:50	95	45,5	19	95	150
2:00:00	95	45,5	19	96	150
2:00:10	95	45,6	19	96	150
2:00:20	95	45,6	19	96	150
2:00:30	95	45,6	19	96	150
2:00:40	95	45,6	19	96	150
2:00:50	95	45,6	19	96	150
2:01:00	95	45,6	19	96	150
2:01:10	95	45,6	19	96	150
2:01:20	95	45,6	19	96	150
2:01:30	95	45,6	19	96	150
2:01:40	95	45,6	19	96	150
2:01:50	95	45,6	19	96	150
2:02:00	95	45,6	19	96	150
2:02:10	95	45,6	19	95	150
2:02:20	95	45,6	19	96	150
2:02:30	95	45,6	19	95	150
2:02:40	95	45,6	19	96	150
2:02:50	95	45,6	19	95	150
2:03:00	95	45,6	19	96	150
2:03:10	95	45,5	19	95	150
2:03:20	95	45,6	20	95	150
2:03:30	95	45,6	20	96	150
2:03:40	95	45,6	20	96	150
2:03:50	95	45,6	20	96	150
2:04:00	95	45,6	20	95	150
2:04:10	95	45,6	20	96	150
2:04:20	95	45,6	20	96	150
2:04:30	95	45,6	20	95	150
2:04:40	95	45,6	20	95	150
2:04:50	95	45,6	20	96	150
2:05:00	95	45,6	20	96	150
2:05:10	95	45,6	20	96	150
2:05:20	95	45,6	20	95	150
2:05:30	95	45,6	20	96	150
2:05:40	95	45,6	20	96	150
2:05:50	95	45,6	20	95	150
2:06:00	95	45,6	20	96	150
2:06:10	95	45,6	19	96	150
2:06:20	95	45,6	19	96	150
2:06:30	95	45,6	19	96	150
2:06:40	95	45,6	19	96	150
2:06:50	95	45,6	19	95	150
2:07:00	95	45,6	19	95	150
2:07:10	95	45,6	19	96	150
2:07:20	95	45,6	19	96	150
2:07:30	95	45,6	19	95	150
2:07:40	95	45,6	19	95	150
2:07:50	95	45,6	19	96	150
2:08:00	95	45,6	19	95	150
2:08:10	95	45,6	19	96	150
2:08:20	95	45,6	19	96	150
2:08:30	95	45,6	19	95	150
2:08:40	95	45,6	19	95	150
2:08:50	95	45,6	19	95	150
2:09:00	95	45,6	19	95	150
2:09:10	95	45,6	19	95	150
2:09:20	95	45,6	19	95	150
2:09:30	95	45,6	19	96	150
2:09:40	95	45,6	19	95	150
2:09:50	95	45,6	19	95	150
2:10:00	95	45,6	19	95	150
2:10:10	95	45,6	19	95	150
2:10:20	95	45,6	19	95	150
2:10:30	95	45,6	19	95	150
2:10:40	95	45,6	19	95	150
2:10:50	95	45,5	19	95	150
2:11:00	95	45,5	19	95	150
2:11:10	95	45,5	19	95	150
2:11:20	95	45,5	19	95	150
2:11:30	95	45,5	19	95	150
2:11:40	95	45,5	19	95	150
2:11:50	95	45,6	19	96	150
2:12:00	95	45,6	19	95	150
2:12:10	95	45,5	19	95	150
2:12:20	95	45,5	19	95	150
2:12:30	95	45,5	19	95	150
2:12:40	95	45,6	19	95	150
2:12:50	95	45,6	19	95	150
2:13:00	95	45,6	19	95	150
2:13:10	95	45,5	19	95	150
2:13:20	95	45,5	19	95	150
2:13:30	95	45,5	19	95	150
2:13:40	95	45,5	19	95	150
2:13:50	95	45,5	19	95	150
2:14:00	95	45,5	19	95	150
2:14:10	95	45,6	19	95	150
2:14:20	95	45,6	19	95	150
2:14:30	95	45,5	20	95	150
2:14:40	95	45,6	20	95	150
2:14:50	95	45,6	20	95	150
2:15:00	95	45,6	20	95	150
2:15:10	95	45,6	20	95	150
2:15:20	95	45,6	20	95	150
2:15:30	95	45,6	20	95	150
2:15:40	95	45,6	20	95	150
2:15:50	95	45,6	20	95	150
2:16:00	95	45,6	20	95	150
2:16:10	95	45,6	20	95	150
2:16:20	95	45,6	20	95	150
2:16:30	95	45,6	21	95	150
2:16:40	95	45,6	21	95	150
2:16:50	95	45,6	21	95	150
2:17:00	95	45,6	21	95	150
2:17:10	95	45,6	21	95	150
2:17:20	95	45,5	21	95	150
2:17:30	95	45,5	21	95	150
2:17:40	95	45,5	21	95	150
2:17:50	95	45,5	21	95	150
2:18:00	95	45,5	21	95	150
2:18:10	95	45,5	21	95	150
2:18:20	95	45,5	21	95	150
2:18:30	95	45,5	21	95	150
2:18:40	95	45,5	21	95	150
2:18:50	95	45,5	21	95	150
2:19:00	95	45,5	21	95	150
2:19:10	95	45,5	21	95	150
2:19:20	95	45,6	21	95	150
2:19:30	95	45,6	21	95	150
2:19:40	95	45,6	21	95	150
2:19:50	95	45,6	21	95	150
2:20:00	95	45,6	21	95	150
2:20:10	95	45,5	21	95	150
2:20:20	95	45,5	21	95	150
2:20:30	95	45,5	21	95	150
2:20:40	95	45,5	21	95	150
2:20:50	95	45,5	21	95	150
2:21:00	95	45,6	21	95	150
2:21:10	95	45,6	21	95	150
2:21:20	95	45,6	22	95	150
2:21:30	95	45,6	22	95	150
2:21:40	95	45,6	22	95	150
2:21:50	95	45,6	22	95	150
2:22:00	95	45,6	22	95	150
2:22:10	95	45,6	22	95	150
2:22:20	95	45,6	22	95	150
2:22:30	95	45,6	22	95	150
2:22:40	95	45,6	22	95	150
2:22:50	95	45,6	22	95	150
2:23:00	95	45,6	22	95	150
2:23:10	95	45,6	22	95	150
2:23:20	95	45,6	22	95	150
2:23:30	95	45,6	22	95	150
2:23:40	95	45,6	22	95	150
2:23:50	95	45,6	22	95	150
2:24:00	95	45,6	22	95	150
2:24:10	95	45,6	22	95	150
2:24:20	95	45,6	22	95	150
2:24:30	95	45,6	22	95	150
2:24:40	95	45,6	22	95	150
2:24:50	95	45,6	22	95	150
2:25:00	95	45,6	23	95	150
2:25:10	95	45,6	22	95	150
2:25:20	95	45,6	23	95	150
2:25:30	95	45,6	23	95	150
2:25:40	95	45,5	23	95	150
2:25:50	95	45,5	23	95	150
2:26:00	95	45,5	23	95	150
2:26:10	95	45,5	23	95	150
2:26:20	95	45,5	23	95	150
2:26:30	95	45,5	23	95	150
2:26:40	95	45,5	23	95	150
2:26:50	95	45,5	23	95	150
2:27:00	95	45,5	23	95	150
2:27:10	95	45,5	23	95	150
2:27:20	95	45,5	23	95	150
2:27:30	95	45,5	23	95	150
2:27:40	95	45,5	23	95	150
2:27:50	95	45,5	23	95	150
2:28:00	95	45,5	23	95	150
2:28:10	95	45,5	23	95	150
2:28:20	95	45,4	23	95	150
2:28:30	95	45,5	23	95	150
2:28:40	95	45,5	23	95	150
2:28:50	95	45,5	23	95	150
2:29:00	95	45,5	23	95	150
2:29:10	95	45,5	23	95	150
2:29:20	95	45,5	23	95	150
2:29:30	95	45,5	23	95	150
2:29:40	95	45,5	23	95	150
2:29:50	95	45,5	23	95	150
2:30:00	95	45,5	23	95	150
2:30:10	95	45,4	23	95	150
2:30:20	95	45,4	24	95	150
2:30:30	95	45,5	24	95	150
2:30:40	95	45,5	24	95	150
2:30:50	95	45,5	24	95	150
2:31:00	95	45,5	24	95	150
2:31:10	95	45,5	24	95	150
2:31:20				96	148
2:31:30					
2:31:40		45,2		95	150
2:31:50	95	45,1	26	94	150
2:32:00	95	45,1	26	94	150
2:32:10	95	45,1	26	94	150
2:32:20	95	45,1	26	94	150
2:32:30	95	45,1	26	94	150
2:32:40	95	45,1	26	94	150
2:32:50	95	45,1	26	94	150
2:33:00	95	45,1	26	94	150
2:33:10	95	45,1	26	94	150
2:33:20	95	45,2	26	95	150
2:33:30	95	45,2	26	95	150
2:33:40	95	45,2	26	95	150
2:33:50	95	45,3	26	95	150
2:34:00	95	45,3	26	95	150
2:34:10	95	45,4	27	95	150
2:34:20	95	45,4	26	95	150
2:34:30	95	45,4	26	95	150
2:34:40	95	45,4	26	95	150
2:34:50	95	45,5	27	95	150
2:35:00	95	45,5	27	95	150
2:35:10	95	45,5	27	95	150
2:35:20	95	45,5	27	95	150
2:35:30	95	45,5	27	95	150
2:35:40	95	45,5	27	95	150
2:35:50	95	45,5	27	95	150
2:36:00	95	45,5	27	95	150
2:36:10	95	45,4	27	95	150
2:36:20	95	45,4	27	95	150
2:36:30	95	45,4	27	95	150
2:36:40	95	45,4	27	95	150
2:36:50	95	45,4	27	95	150
2:37:00	95	45,3	27	95	150
2:37:10	95	45,3	28	95	150
2:37:20	95	45,3	28	95	150
2:37:30	95	45,3	28	95	150
2:37:40	95	45,3	28	95	150
2:37:50	95	45,3	28	95	150
2:38:00	95	45,3	28	95	150
2:38:10	95	45,3	28	95	150
2:38:20	95	45,3	29	95	150
2:38:30	95	45,3	29	95	150
2:38:40	95	45,3	29	95	150
2:38:50	95	45,3	29	95	150
2:39:00	95	45,4	29	95	150
2:39:10	95	45,4	29	95	150
2:39:20	95	45,4	29	95	150
2:39:30	95	45,4	30	95	150
2:39:40	95	45,4	30	95	150
2:39:50	95	45,4	30	95	150
2:40:00	95	45,4	30	95	150
2:40:10	95	45,4	30	95	150
2:40:20	95	45,4	31	95	150
2:40:30	95	45,4	31	95	150
2:40:40	95	45,4	31	95	150
2:40:50	95	45,4	31	95	150
2:41:00	95	45,4	31	95	150
2:41:10	95	45,4	31	95	150
2:41:20	95	45,4	32	95	150
2:41:30	95	45,4	32	95	150
2:41:40	95	45,4	32	95	150
2:41:50	95	45,4	32	95	150
2:42:00	95	45,3	32	95	150
2:42:10	95	45,3	33	95	150
2:42:20	95	45,3	33	95	150
2:42:30	95	45,3	33	95	150
2:42:40	95	45,3	33	95	150
2:42:50	95	45,3	34	95	150
2:43:00	95	45,3	34	95	150
2:43:10	95	45,3	34	95	150
2:43:20	95	45,3	34	95	150
2:43:30	95	45,4	34	95	150
2:43:40	95	45,4	34	95	150
2:43:50	95	45,4	34	95	150
2:44:00	95	45,4	35	95	150
2:44:10	95	45,4	35	95	150
2:44:20	95	45,4	35	95	150
2:44:30	95	45,4	35	95	150
2:44:40	95	45,4	36	95	150
2:44:50	95	45,4	37	95	150
2:45:00	95	45,4	37	95	150
2:45:10	95	45,4	37	95	150
2:45:20	95	45,3	38	95	150
2:45:30	95	45,3	38	95	150
2:45:40	95	45,3	38	95	150
2:45:50	95	45,3	38	95	150
2:46:00	95	45,3	38	95	150
2:46:10	95	45,3	38	95	150
2:46:20	95	45,3	38	95	150
2:46:30	95	45,3	38	95	150
2:46:40	95	45,3	38	95	150
2:46:50	95	45,3	40	95	150
2:47:00	95	45,3	41	95	150
2:47:10	95	45,3	41	95	150
2:47:20	95	45,3	42	95	150
2:47:30	95	45,3	43	95	150
2:47:40	95	45,3	44	95	150
2:47:50	95	45,3	44	95	150
2:48:00	95	45,4	45	95	150
2:48:10	95	45,4	46	95	150
2:48:20	95	45,4	46	95	150
2:48:30	95	45,4	47	95	150
2:48:40	95	45,3	47	95	150
2:48:50	95	45,3	48	95	150
2:49:00	95	45,3	48	95	150
2:49:10	95	45,3	49	95	150
2:49:20	95	45,3	49	95	150
2:49:30	95	45,3	50	95	150
2:49:40	95	45,3	50	95	150
2:49:50	95	45,2	51	95	150
2:50:00	95	45,2	51	95	150
2:50:10	95	45,2	52	95	150
2:50:20	95	45,2	52	95	150
2:50:30	95	45,2	53	95	150
2:50:40	95	45,2	53	95	150
2:50:50	95	45,2	54	95	150
2:51:00	95	45,2	55	95	150
2:51:10	95	45,2	56	95	150
2:51:20	95	45,2	56	95	150
2:51:30	95	45,2	57	95	150
2:51:40	95	45,2	58	95	150
2:51:50	95	45,2	59	95	150
2:52:00	95	45,2	60	95	150
2:52:10	95	45,2	60	95	150
2:52:20	95	45,2	61	95	150
2:52:30	95	45,2	62	95	150
2:52:40	95	45,2	63	95	150
2:52:50	95	45,2	64	95	150
2:53:00	95	45,2	65	95	150
2:53:10	95	45,2	66	95	150
2:53:20	95	45,2	67	95	150
2:53:30	95	45,2	67	95	150
2:53:40	95	45,2	68	95	150
2:53:50	95	45,2	69	95	150
2:54:00	95	45,2	70	95	150
2:54:10	95	45,2	71	95	150
2:54:20	95	45,2	72	95	150
