--Test Summary--
Full Path and File Name	
Instrument Name	7222
Instrument Type	Model 7222 Consistometer
Instrument Serial Number	
Test Start Date	19.03.2014
Test Start Time	16:24:28
Test Stop Date	19.03.2014
Test Stop Time	21:21:28
Test Length	4:57:00
Final Sample Time Offset	4:57:00
Controller Schedule Name	
Sampling Period	10 seconds
Comments	T: 95C(40min); P: 45MPa(40min); tap water
Information	WellID	Research
Information	Customer	Trican
Information	EngName	Pavel Lebedev
Information	CementClass	100%G+30%SFA-2 (bwoc)
Information	CementMfr	Dyckerhoff - Suhoy Log
Information	Additives	1.2%TLF-HT+0,1%TWR-2 (bwoc)
Information	Density	1920
Information	BHCT	95
Information	BHST	124
Information	FluidLoss	n/a
Information	JobType	Research
Calculated Value	Time_30Bc	4:53:40
Calculated Value	Time_70Bc	4:57:00
Initial Temperature (°C)	27 °C
Final Temperature (°C)	96 °C
Initial Pressure (MPa)	0,9 MPa
Final Pressure (MPa)	45,1 MPa
Initial Consistency (Bc)	9 Bc
Final Consistency (Bc)	76 Bc
--Data--
Time (HH:MM:SS)	Temperature (°C)	Pressure (MPa)	Consistency (Bc)
0:00:00	27	0,9	9
0:00:10	27	1,2	9
0:00:20	27	1,1	9
0:00:30	27	1,6	14
0:00:40	27	1,6	12
0:00:50	27	2,1	13
0:01:00	27	2,2	13
0:01:10	27	2,3	12
0:01:20	28	2,4	11
0:01:30	28	2,6	10
0:01:40	28	2,9	10
0:01:50	28	3,1	10
0:02:00	28	3,4	10
0:02:10	28	3,7	10
0:02:20	28	4,1	10
0:02:30	28	4,4	10
0:02:40	29	4,7	9
0:02:50	29	4,8	9
0:03:00	29	5,2	8
0:03:10	29	5,3	8
0:03:20	29	5,4	8
0:03:30	30	5,7	8
0:03:40	30	5,8	8
0:03:50	30	5,9	7
0:04:00	30	6,3	7
0:04:10	31	6,4	7
0:04:20	31	6,5	7
0:04:30	31	6,8	7
0:04:40	32	6,8	6
0:04:50	32	7,2	6
0:05:00	32	7,3	6
0:05:10	32	7,3	6
0:05:20	33	7,6	6
0:05:30	33	7,9	6
0:05:40	33	7,9	6
0:05:50	34	8,2	6
0:06:00	34	8,4	10
0:06:10	34	8,5	9
0:06:20	35	8,5	9
0:06:30	35	9,0	8
0:06:40	35	9,0	8
0:06:50	36	9,3	6
0:07:00	36	9,6	6
0:07:10	36	9,5	6
0:07:20	37	9,8	6
0:07:30	37	10,0	6
0:07:40	37	10,2	6
0:07:50	38	10,4	6
0:08:00	38	10,6	6
0:08:10	39	10,7	6
0:08:20	39	11,0	5
0:08:30	39	11,2	5
0:08:40	40	11,4	6
0:08:50	40	11,3	9
0:09:00	40	11,6	5
0:09:10	41	11,9	5
0:09:20	41	12,1	5
0:09:30	41	12,4	5
0:09:40	42	12,3	5
0:09:50	42	12,5	5
0:10:00	42	12,8	5
0:10:10	43	13,1	5
0:10:20	43	12,9	7
0:10:30	43	13,2	5
0:10:40	44	13,4	5
0:10:50	44	13,6	5
0:11:00	44	13,9	5
0:11:10	45	14,1	5
0:11:20	45	14,4	5
0:11:30	45	14,1	5
0:11:40	45	14,4	5
0:11:50	46	14,6	5
0:12:00	46	14,9	5
0:12:10	46	15,1	5
0:12:20	47	15,3	5
0:12:30	47	15,5	5
0:12:40	47	15,8	5
0:12:50	48	16,0	5
0:13:00	48	16,2	9
0:13:10	48	16,1	6
0:13:20	48	16,4	6
0:13:30	49	16,6	6
0:13:40	49	16,8	6
0:13:50	49	17,1	5
0:14:00	50	17,3	5
0:14:10	50	17,0	6
0:14:20	50	17,4	5
0:14:30	51	17,7	5
0:14:40	51	17,9	5
0:14:50	51	18,1	5
0:15:00	52	18,3	5
0:15:10	52	18,6	5
0:15:20	52	18,2	5
0:15:30	53	18,5	5
0:15:40	53	18,7	5
0:15:50	53	19,0	5
0:16:00	53	19,3	5
0:16:10	54	19,5	5
0:16:20	54	19,7	5
0:16:30	54	19,9	5
0:16:40	55	20,1	5
0:16:50	55	20,4	5
0:17:00	55	20,6	5
0:17:10	55	20,2	5
0:17:20	56	20,5	5
0:17:30	56	20,8	5
0:17:40	56	21,0	5
0:17:50	57	21,2	5
0:18:00	57	21,5	5
0:18:10	57	21,7	6
0:18:20	57	22,0	6
0:18:30	58	22,2	6
0:18:40	58	22,4	6
0:18:50	58	22,6	6
0:19:00	59	22,4	6
0:19:10	59	22,6	6
0:19:20	59	22,9	6
0:19:30	59	23,1	6
0:19:40	60	23,4	6
0:19:50	60	23,8	6
0:20:00	60	23,2	6
0:20:10	61	23,5	6
0:20:20	61	23,8	6
0:20:30	61	24,0	6
0:20:40	61	24,3	6
0:20:50	62	24,5	6
0:21:00	62	24,7	6
0:21:10	62	25,0	6
0:21:20	63	25,2	6
0:21:30	63	25,5	6
0:21:40	63	25,7	6
0:21:50	64	26,0	6
0:22:00	64	25,5	6
0:22:10	64	25,8	6
0:22:20	64	26,1	6
0:22:30	65	26,3	6
0:22:40	65	26,5	6
0:22:50	65	26,8	6
0:23:00	66	27,1	6
0:23:10	66	27,4	6
0:23:20	66	26,9	6
0:23:30	66	27,2	6
0:23:40	67	27,5	6
0:23:50	67	27,7	6
0:24:00	67	28,0	6
0:24:10	68	28,3	7
0:24:20	68	28,6	7
0:24:30	68	28,8	8
0:24:40	68	29,1	21
0:24:50	69	29,3	13
0:25:00	69	28,8	14
0:25:10	69	29,0	12
0:25:20	70	29,3	11
0:25:30	70	29,5	11
0:25:40	70	29,8	11
0:25:50	70	30,0	10
0:26:00	71	30,3	10
0:26:10	71	30,5	10
0:26:20	71	30,9	10
0:26:30	72	30,5	10
0:26:40	72	30,8	9
0:26:50	72	31,1	9
0:27:00	72	31,4	9
0:27:10	73	31,6	9
0:27:20	73	31,9	9
0:27:30	73	32,2	9
0:27:40	74	32,4	9
0:27:50	74	31,7	9
0:28:00	74	32,0	9
0:28:10	74	32,2	9
0:28:20	75	32,5	9
0:28:30	75	32,8	9
0:28:40	75	33,0	9
0:28:50	76	33,3	9
0:29:00	76	33,7	9
0:29:10	76	34,0	9
0:29:20	76	34,2	9
0:29:30	77	33,9	8
0:29:40	77	34,2	9
0:29:50	77	34,5	9
0:30:00	78	34,7	9
0:30:10	78	35,0	9
0:30:20	78	35,2	15
0:30:30	78	35,4	14
0:30:40	79	35,7	12
0:30:50	79	35,9	10
0:31:00	79	36,1	10
0:31:10	80	35,4	11
0:31:20	80	35,6	11
0:31:30	80	35,9	9
0:31:40	81	36,1	9
0:31:50	81	36,4	8
0:32:00	81	36,6	9
0:32:10	81	36,9	8
0:32:20	82	37,2	9
0:32:30	82	37,4	10
0:32:40	82	37,7	10
0:32:50	83	37,9	9
0:33:00	83	38,2	8
0:33:10	83	38,5	8
0:33:20	83	38,7	8
0:33:30	84	37,9	13
0:33:40	84	38,2	11
0:33:50	84	38,4	10
0:34:00	85	38,7	9
0:34:10	85	38,9	9
0:34:20	85	39,2	9
0:34:30	85	39,5	9
0:34:40	86	39,7	9
0:34:50	86	39,9	9
0:35:00	86	40,2	9
0:35:10	87	40,5	9
0:35:20	87	40,7	8
0:35:30	87	41,0	8
0:35:40	87	41,2	8
0:35:50	88	41,4	8
0:36:00	88	41,7	7
0:36:10	88	40,9	8
0:36:20	89	41,2	8
0:36:30	89	41,4	8
0:36:40	89	41,7	8
0:36:50	89	41,9	8
0:37:00	90	42,2	7
0:37:10	90	42,5	7
0:37:20	90	42,7	7
0:37:30	91	42,9	7
0:37:40	91	43,2	7
0:37:50	91	43,4	7
0:38:00	92	43,7	7
0:38:10	92	44,0	7
0:38:20	92	44,2	7
0:38:30	92	43,7	8
0:38:40	93	44,0	8
0:38:50	93	44,3	8
0:39:00	93	44,5	7
0:39:10	94	44,8	7
0:39:20	94	45,0	7
0:39:30	94	45,3	7
0:39:40	94	45,5	7
0:39:50	95	45,8	8
0:40:00	95	44,4	8
0:40:10	95	45,5	10
0:40:20	96	45,7	10
0:40:30	96	45,9	9
0:40:40	96	44,8	9
0:40:50	96	45,3	8
0:41:00	97	45,3	8
0:41:10	97	45,3	7
0:41:20	97	45,3	7
0:41:30	97	45,3	9
0:41:40	98	45,2	13
0:41:50	98	45,2	9
0:42:00	98	45,1	11
0:42:10	98	45,1	9
0:42:20	98	45,0	11
0:42:30	99	44,9	9
0:42:40	99	45,1	8
0:42:50	99	45,0	15
0:43:00	99	44,9	8
0:43:10	99	45,1	7
0:43:20	99	45,0	7
0:43:30	99	44,9	7
0:43:40	99	45,2	7
0:43:50	99	45,1	6
0:44:00	99	45,0	6
0:44:10	99	44,9	6
0:44:20	99	45,2	9
0:44:30	99	45,1	7
0:44:40	99	45,1	7
0:44:50	99	45,0	7
0:45:00	99	44,9	7
0:45:10	99	45,2	7
0:45:20	99	45,1	6
0:45:30	99	45,0	8
0:45:40	99	45,0	7
0:45:50	99	45,0	7
0:46:00	99	44,9	6
0:46:10	99	45,2	6
0:46:20	99	45,2	6
0:46:30	99	45,1	6
0:46:40	99	45,1	7
0:46:50	99	45,1	7
0:47:00	99	45,0	7
0:47:10	99	45,0	6
0:47:20	99	45,0	7
0:47:30	99	44,9	8
0:47:40	98	44,9	9
0:47:50	98	45,0	10
0:48:00	98	45,0	9
0:48:10	98	45,0	8
0:48:20	98	44,9	7
0:48:30	98	45,0	7
0:48:40	98	45,0	7
0:48:50	98	45,0	7
0:49:00	98	45,0	7
0:49:10	98	44,9	7
0:49:20	98	44,9	7
0:49:30	98	45,0	7
0:49:40	98	45,0	8
0:49:50	98	45,0	7
0:50:00	98	44,9	10
0:50:10	98	44,9	8
0:50:20	98	45,0	7
0:50:30	98	45,0	7
0:50:40	98	45,0	7
0:50:50	98	45,0	7
0:51:00	97	44,9	7
0:51:10	97	44,9	7
0:51:20	97	44,9	7
0:51:30	97	44,9	7
0:51:40	97	45,0	7
0:51:50	97	45,0	7
0:52:00	97	45,0	7
0:52:10	97	45,0	7
0:52:20	97	45,0	7
0:52:30	97	45,0	7
0:52:40	97	45,0	6
0:52:50	97	45,0	6
0:53:00	97	45,0	6
0:53:10	97	45,0	6
0:53:20	97	45,0	7
0:53:30	97	45,0	7
0:53:40	97	45,0	7
0:53:50	97	44,9	7
0:54:00	97	44,9	7
0:54:10	97	45,0	7
0:54:20	97	45,0	8
0:54:30	97	45,0	8
0:54:40	97	45,1	7
0:54:50	97	45,1	10
0:55:00	97	45,1	9
0:55:10	97	45,1	8
0:55:20	97	45,1	8
0:55:30	97	45,1	8
0:55:40	97	45,1	8
0:55:50	97	45,1	8
0:56:00	97	45,1	8
0:56:10	96	45,1	8
0:56:20	96	45,1	8
0:56:30	96	45,1	8
0:56:40	96	45,1	7
0:56:50	96	45,1	7
0:57:00	96	45,1	7
0:57:10	96	45,1	7
0:57:20	96	45,1	8
0:57:30	96	45,1	8
0:57:40	96	45,1	7
0:57:50	96	45,1	7
0:58:00	96	45,1	8
0:58:10	96	45,1	8
0:58:20	96	45,1	8
0:58:30	96	45,1	7
0:58:40	96	45,1	9
0:58:50	96	45,1	11
0:59:00	96	45,1	9
0:59:10	96	45,1	8
0:59:20	96	45,2	8
0:59:30	96	45,1	8
0:59:40	96	45,1	8
0:59:50	96	45,1	8
1:00:00	96	45,1	8
1:00:10	96	45,1	8
1:00:20	96	45,1	8
1:00:30	96	45,1	8
1:00:40	96	45,1	9
1:00:50	96	45,1	7
1:01:00	96	45,1	7
1:01:10	96	45,1	7
1:01:20	96	45,1	7
1:01:30	96	45,2	7
1:01:40	96	45,1	7
1:01:50	96	45,1	7
1:02:00	96	45,1	7
1:02:10	96	45,1	7
1:02:20	96	45,2	7
1:02:30	96	45,2	7
1:02:40	96	45,2	7
1:02:50	96	45,2	8
1:03:00	96	45,2	7
1:03:10	96	45,2	7
1:03:20	96	45,2	7
1:03:30	96	45,2	7
1:03:40	96	45,3	7
1:03:50	96	45,3	7
1:04:00	96	45,3	7
1:04:10	96	45,3	7
1:04:20	96	45,3	7
1:04:30	96	45,3	7
1:04:40	96	45,3	7
1:04:50	96	45,3	7
1:05:00	96	45,3	7
1:05:10	96	45,3	7
1:05:20	96	45,3	7
1:05:30	96	45,3	6
1:05:40	96	45,3	6
1:05:50	96	45,3	6
1:06:00	96	45,3	6
1:06:10	96	45,3	6
1:06:20	96	45,3	6
1:06:30	96	45,3	6
1:06:40	96	45,3	6
1:06:50	96	45,3	6
1:07:00	96	45,3	6
1:07:10	96	45,3	6
1:07:20	96	45,3	6
1:07:30	96	45,3	6
1:07:40	96	45,3	6
1:07:50	96	45,3	6
1:08:00	96	45,3	6
1:08:10	96	45,3	6
1:08:20	96	45,3	6
1:08:30	96	45,3	6
1:08:40	96	45,4	6
1:08:50	96	45,3	6
1:09:00	96	45,3	6
1:09:10	96	45,3	6
1:09:20	96	45,3	6
1:09:30	96	45,3	6
1:09:40	96	45,3	6
1:09:50	96	45,3	6
1:10:00	96	45,3	6
1:10:10	96	45,3	6
1:10:20	96	45,3	6
1:10:30	96	45,3	6
1:10:40	96	45,4	6
1:10:50	96	45,4	6
1:11:00	96	45,4	6
1:11:10	96	45,4	7
1:11:20	96	45,4	6
1:11:30	96	45,4	6
1:11:40	96	45,4	6
1:11:50	96	45,4	6
1:12:00	96	45,4	6
1:12:10	96	45,5	6
1:12:20	96	45,5	6
1:12:30	96	45,5	6
1:12:40	96	45,6	6
1:12:50	96	45,5	6
1:13:00	96	45,5	6
1:13:10	96	45,5	7
1:13:20	96	45,6	8
1:13:30	96	45,6	7
1:13:40	96	45,5	7
1:13:50	96	45,5	6
1:14:00	96	45,5	6
1:14:10	96	45,5	6
1:14:20	96	45,5	6
1:14:30	96	45,5	6
1:14:40	96	45,5	6
1:14:50	96	45,5	6
1:15:00	96	45,5	6
1:15:10	96	45,5	5
1:15:20	96	45,5	5
1:15:30	96	45,5	6
1:15:40	96	45,5	5
1:15:50	96	45,5	5
1:16:00	96	45,6	5
1:16:10	96	45,6	5
1:16:20	96	45,6	5
1:16:30	96	45,6	5
1:16:40	96	45,6	5
1:16:50	96	45,6	5
1:17:00	96	45,6	5
1:17:10	96	45,6	5
1:17:20	96	45,6	5
1:17:30	96	45,6	5
1:17:40	96	45,6	5
1:17:50	96	45,6	5
1:18:00	96	45,6	5
1:18:10	96	45,6	5
1:18:20	96	45,6	5
1:18:30	96	45,6	5
1:18:40	96	45,5	5
1:18:50	96	45,5	5
1:19:00	96	45,5	5
1:19:10	96	45,5	5
1:19:20	96	45,5	5
1:19:30	96	45,5	5
1:19:40	96	45,5	5
1:19:50	95	45,5	5
1:20:00	96	45,6	5
1:20:10	95	45,6	5
1:20:20	96	45,6	5
1:20:30	95	45,6	5
1:20:40	95	45,6	5
1:20:50	95	45,6	5
1:21:00	95	45,6	5
1:21:10	95	45,6	5
1:21:20	96	45,6	5
1:21:30	95	45,6	5
1:21:40	95	45,6	5
1:21:50	96	45,6	5
1:22:00	95	45,5	5
1:22:10	95	45,5	5
1:22:20	95	45,5	5
1:22:30	95	45,6	5
1:22:40	95	45,6	5
1:22:50	95	45,6	5
1:23:00	95	45,6	5
1:23:10	95	45,6	5
1:23:20	95	45,6	5
1:23:30	95	45,6	5
1:23:40	95	45,6	5
1:23:50	95	45,6	5
1:24:00	95	45,6	5
1:24:10	95	45,6	5
1:24:20	95	45,6	5
1:24:30	95	45,6	5
1:24:40	95	45,6	5
1:24:50	95	45,6	5
1:25:00	95	45,6	5
1:25:10	95	45,6	5
1:25:20	95	45,6	6
1:25:30	95	45,6	5
1:25:40	95	45,6	5
1:25:50	95	45,7	5
1:26:00	95	45,7	5
1:26:10	95	45,7	5
1:26:20	95	45,7	5
1:26:30	95	45,7	5
1:26:40	95	45,7	5
1:26:50	95	45,7	5
1:27:00	95	45,7	5
1:27:10	95	45,7	5
1:27:20	96	45,7	5
1:27:30	96	45,7	5
1:27:40	95	45,6	5
1:27:50	95	45,6	5
1:28:00	95	45,7	5
1:28:10	95	45,7	5
1:28:20	95	45,6	5
1:28:30	95	45,7	5
1:28:40	95	45,7	5
1:28:50	95	45,7	5
1:29:00	95	45,6	6
1:29:10	95	45,7	6
1:29:20	95	45,7	5
1:29:30	95	45,7	5
1:29:40	95	45,7	5
1:29:50	95	45,7	5
1:30:00	95	45,7	5
1:30:10	95	45,7	6
1:30:20	95	45,7	6
1:30:30	95	45,7	5
1:30:40	95	45,7	5
1:30:50	95	45,7	5
1:31:00	95	45,7	5
1:31:10	95	45,7	5
1:31:20	95	45,7	5
1:31:30	95	45,7	5
1:31:40	95	45,7	6
1:31:50	95	45,7	6
1:32:00	95	45,7	6
1:32:10	95	45,7	5
1:32:20	95	45,7	5
1:32:30	95	45,7	5
1:32:40	95	45,7	5
1:32:50	95	45,7	5
1:33:00	95	45,7	5
1:33:10	95	45,7	5
1:33:20	95	45,7	5
1:33:30	95	45,7	5
1:33:40	95	45,7	5
1:33:50	95	45,7	5
1:34:00	95	45,7	5
1:34:10	95	45,7	5
1:34:20	95	45,7	5
1:34:30	95	45,7	5
1:34:40	95	45,7	5
1:34:50	95	45,7	5
1:35:00	95	45,8	5
1:35:10	95	45,8	5
1:35:20	95	45,8	5
1:35:30	95	45,8	5
1:35:40	95	45,8	6
1:35:50	95	45,8	5
1:36:00	95	45,8	5
1:36:10	95	45,8	5
1:36:20	95	45,8	5
1:36:30	95	45,8	5
1:36:40	95	45,7	5
1:36:50	95	45,7	5
1:37:00	95	45,7	5
1:37:10	95	45,7	5
1:37:20	95	45,7	5
1:37:30	95	45,7	5
1:37:40	95	45,7	5
1:37:50	95	45,7	5
1:38:00	95	45,8	5
1:38:10	95	45,7	5
1:38:20	95	45,8	5
1:38:30	95	45,8	5
1:38:40	95	45,8	5
1:38:50	95	45,8	5
1:39:00	95	45,8	5
1:39:10	95	45,8	5
1:39:20	95	45,8	5
1:39:30	95	45,8	5
1:39:40	95	45,8	5
1:39:50	95	45,8	5
1:40:00	95	45,8	5
1:40:10	95	45,8	5
1:40:20	95	45,8	5
1:40:30	95	45,8	5
1:40:40	95	45,8	5
1:40:50	95	45,8	5
1:41:00	95	45,8	5
1:41:10	95	45,8	5
1:41:20	95	45,8	5
1:41:30	95	45,8	5
1:41:40	95	45,8	5
1:41:50	95	45,8	5
1:42:00	95	45,8	5
1:42:10	95	45,8	5
1:42:20	95	45,8	5
1:42:30	95	45,8	5
1:42:40	95	45,8	5
1:42:50	95	45,8	5
1:43:00	95	45,8	5
1:43:10	95	45,8	5
1:43:20	95	45,8	5
1:43:30	95	45,8	5
1:43:40	95	45,8	5
1:43:50	95	45,8	5
1:44:00	95	45,8	5
1:44:10	95	45,8	5
1:44:20	95	45,9	5
1:44:30	95	45,9	5
1:44:40	95	45,9	5
1:44:50	95	45,9	5
1:45:00	95	45,9	5
1:45:10	95	45,9	5
1:45:20	95	45,9	5
1:45:30	95	45,9	5
1:45:40	95	45,9	5
1:45:50	95	45,9	5
1:46:00	95	45,8	5
1:46:10	95	45,8	5
1:46:20	95	45,8	5
1:46:30	95	45,9	6
1:46:40	95	45,9	5
1:46:50	95	45,9	5
1:47:00	95	45,9	5
1:47:10	95	45,9	6
1:47:20	95	45,8	5
1:47:30	95	45,8	5
1:47:40	95	45,8	5
1:47:50	95	45,8	5
1:48:00	95	45,8	5
1:48:10	95	45,9	5
1:48:20	95	45,9	5
1:48:30	95	45,9	5
1:48:40	95	45,9	5
1:48:50	95	45,9	5
1:49:00	95	45,9	5
1:49:10	95	45,9	5
1:49:20	95	45,9	5
1:49:30	95	45,9	5
1:49:40	95	45,9	5
1:49:50	95	45,9	5
1:50:00	95	45,9	5
1:50:10	95	45,9	5
1:50:20	95	45,9	5
1:50:30	95	45,9	5
1:50:40	95	45,9	5
1:50:50	95	45,9	5
1:51:00	95	45,9	5
1:51:10	95	45,9	5
1:51:20	95	45,9	5
1:51:30	95	45,9	5
1:51:40	95	45,9	5
1:51:50	95	45,9	5
1:52:00	95	45,9	5
1:52:10	95	45,9	5
1:52:20	95	45,8	5
1:52:30	95	45,8	5
1:52:40	95	45,9	5
1:52:50	95	45,9	5
1:53:00	95	44,7	5
1:53:10	95	45,1	5
1:53:20	95	45,1	7
1:53:30	95	45,1	7
1:53:40	95	45,1	4
1:53:50	95	45,1	4
1:54:00	95	45,1	4
1:54:10	95	45,1	4
1:54:20	95	45,1	4
1:54:30	95	45,1	4
1:54:40	95	45,1	4
1:54:50	95	45,1	4
1:55:00	95	45,1	4
1:55:10	95	45,1	4
1:55:20	95	45,0	4
1:55:30	95	45,0	4
1:55:40	95	45,0	4
1:55:50	95	45,0	4
1:56:00	95	45,0	4
1:56:10	95	45,0	4
1:56:20	95	45,1	4
1:56:30	95	45,1	4
1:56:40	95	45,1	4
1:56:50	95	45,1	4
1:57:00	95	45,1	4
1:57:10	95	45,1	4
1:57:20	95	45,1	4
1:57:30	95	45,1	4
1:57:40	95	45,1	4
1:57:50	95	45,1	4
1:58:00	95	45,1	4
1:58:10	95	45,1	4
1:58:20	95	45,1	4
1:58:30	95	45,1	4
1:58:40	95	45,1	4
1:58:50	95	45,1	4
1:59:00	95	45,1	4
1:59:10	95	45,1	4
1:59:20	95	45,1	4
1:59:30	95	45,1	4
1:59:40	95	45,1	4
1:59:50	95	45,1	4
2:00:00	95	45,1	4
2:00:10	95	45,1	4
2:00:20	95	45,1	4
2:00:30	95	45,1	4
2:00:40	95	45,1	4
2:00:50	95	45,1	4
2:01:00	95	45,1	4
2:01:10	95	45,1	4
2:01:20	95	45,1	4
2:01:30	95	45,1	4
2:01:40	95	45,1	4
2:01:50	95	45,1	4
2:02:00	95	45,1	4
2:02:10	95	45,1	4
2:02:20	95	45,1	4
2:02:30	95	45,1	4
2:02:40	95	45,1	4
2:02:50	95	45,1	4
2:03:00	95	45,1	4
2:03:10	95	45,1	4
2:03:20	95	45,1	4
2:03:30	95	45,1	4
2:03:40	95	45,1	4
2:03:50	95	45,1	4
2:04:00	95	45,1	4
2:04:10	95	45,1	4
2:04:20	95	45,1	4
2:04:30	95	45,1	4
2:04:40	95	45,1	4
2:04:50	95	45,2	4
2:05:00	95	45,2	4
2:05:10	95	45,2	4
2:05:20	95	45,2	4
2:05:30	95	45,2	4
2:05:40	95	45,2	4
2:05:50	95	45,2	4
2:06:00	95	45,2	4
2:06:10	95	45,2	4
2:06:20	95	45,2	4
2:06:30	95	45,2	4
2:06:40	95	45,1	4
2:06:50	95	45,1	4
2:07:00	95	45,1	4
2:07:10	95	45,1	4
2:07:20	95	45,1	4
2:07:30	95	45,1	4
2:07:40	95	45,1	4
2:07:50	95	45,1	4
2:08:00	95	45,1	4
2:08:10	95	45,1	4
2:08:20	95	45,1	4
2:08:30	95	45,1	4
2:08:40	95	45,1	4
2:08:50	95	45,1	4
2:09:00	95	45,1	4
2:09:10	95	45,1	4
2:09:20	95	45,1	4
2:09:30	95	45,1	4
2:09:40	95	45,1	4
2:09:50	95	45,1	4
2:10:00	95	45,1	4
2:10:10	95	45,1	4
2:10:20	95	45,1	4
2:10:30	95	45,1	4
2:10:40	95	45,1	4
2:10:50	95	45,1	4
2:11:00	95	45,1	4
2:11:10	95	45,1	4
2:11:20	95	45,1	4
2:11:30	95	45,1	4
2:11:40	95	45,2	4
2:11:50	95	45,2	4
2:12:00	95	45,2	4
2:12:10	95	45,1	4
2:12:20	95	45,2	4
2:12:30	95	45,2	4
2:12:40	95	45,2	4
2:12:50	95	45,2	4
2:13:00	95	45,1	4
2:13:10	95	45,1	4
2:13:20	95	45,1	4
2:13:30	95	45,1	4
2:13:40	95	45,2	4
2:13:50	95	45,2	4
2:14:00	95	45,2	4
2:14:10	95	45,2	4
2:14:20	95	45,2	4
2:14:30	95	45,2	4
2:14:40	95	45,2	4
2:14:50	95	45,2	4
2:15:00	95	45,2	4
2:15:10	95	45,2	4
2:15:20	95	45,2	4
2:15:30	95	45,2	4
2:15:40	95	45,2	4
2:15:50	95	45,1	4
2:16:00	95	45,2	4
2:16:10	95	45,1	4
2:16:20	95	45,1	4
2:16:30	95	45,1	4
2:16:40	95	45,1	4
2:16:50	95	45,1	4
2:17:00	95	45,1	4
2:17:10	95	45,1	4
2:17:20	95	45,1	4
2:17:30	95	45,1	4
2:17:40	95	45,1	4
2:17:50	95	45,1	4
2:18:00	95	45,1	4
2:18:10	95	45,1	4
2:18:20	95	45,1	4
2:18:30	95	45,1	4
2:18:40	95	45,1	4
2:18:50	95	45,1	4
2:19:00	95	45,1	4
2:19:10	95	45,1	3
2:19:20	95	45,1	4
2:19:30	95	45,1	4
2:19:40	95	45,1	3
2:19:50	95	45,1	3
2:20:00	95	45,1	3
2:20:10	95	45,2	3
2:20:20	95	45,2	3
2:20:30	95	45,2	3
2:20:40	95	45,2	3
2:20:50	95	45,2	3
2:21:00	95	45,2	3
2:21:10	95	45,2	3
2:21:20	95	45,2	3
2:21:30	95	45,2	3
2:21:40	95	45,2	3
2:21:50	95	45,2	3
2:22:00	95	45,2	3
2:22:10	95	45,2	3
2:22:20	95	45,1	3
2:22:30	95	45,1	3
2:22:40	95	45,2	3
2:22:50	95	45,2	3
2:23:00	95	45,2	3
2:23:10	95	45,2	3
2:23:20	95	45,2	3
2:23:30	95	45,2	3
2:23:40	95	45,1	3
2:23:50	95	45,1	3
2:24:00	95	45,1	3
2:24:10	95	45,1	3
2:24:20	95	45,1	3
2:24:30	95	45,1	3
2:24:40	95	45,1	3
2:24:50	95	45,1	3
2:25:00	95	45,1	3
2:25:10	95	45,1	3
2:25:20	95	45,1	3
2:25:30	95	45,1	3
2:25:40	95	45,1	3
2:25:50	95	45,1	3
2:26:00	95	45,1	3
2:26:10	95	45,1	3
2:26:20	95	45,2	3
2:26:30	95	45,2	3
2:26:40	95	45,2	3
2:26:50	95	45,1	3
2:27:00	95	45,1	3
2:27:10	95	45,1	3
2:27:20	95	45,1	3
2:27:30	95	45,1	3
2:27:40	95	45,1	3
2:27:50	95	45,1	3
2:28:00	95	45,1	3
2:28:10	95	45,1	3
2:28:20	95	45,1	3
2:28:30	95	45,1	3
2:28:40	95	45,1	3
2:28:50	95	45,1	3
2:29:00	95	45,1	3
2:29:10	95	45,2	3
2:29:20	95	45,1	3
2:29:30	95	45,1	3
2:29:40	95	45,1	3
2:29:50	95	45,1	3
2:30:00	95	45,2	3
2:30:10	95	45,2	3
2:30:20	95	45,2	3
2:30:30	95	45,2	3
2:30:40	95	45,2	3
2:30:50	95	45,2	3
2:31:00	95	45,2	3
2:31:10	95	45,1	3
2:31:20	95	45,1	3
2:31:30	95	45,1	3
2:31:40	95	45,1	3
2:31:50	95	45,1	3
2:32:00	95	45,1	3
2:32:10	95	45,1	3
2:32:20	95	45,1	3
2:32:30	95	45,1	3
2:32:40	95	45,1	3
2:32:50	95	45,1	3
2:33:00	95	45,1	3
2:33:10	95	45,1	3
2:33:20	95	45,1	3
2:33:30	95	45,1	3
2:33:40	95	45,1	3
2:33:50	95	45,1	3
2:34:00	95	45,1	3
2:34:10	95	45,1	3
2:34:20	95	45,1	3
2:34:30	95	45,1	3
2:34:40	95	45,1	3
2:34:50	95	45,1	3
2:35:00	95	45,1	3
2:35:10	95	45,1	3
2:35:20	95	45,1	3
2:35:30	95	45,1	3
2:35:40	95	45,1	3
2:35:50	95	45,1	3
2:36:00	95	45,1	3
2:36:10	95	45,1	3
2:36:20	95	45,0	3
2:36:30	95	45,1	3
2:36:40	95	45,1	3
2:36:50	95	45,1	3
2:37:00	95	45,1	3
2:37:10	95	45,1	3
2:37:20	95	45,1	3
2:37:30	95	45,1	3
2:37:40	95	45,0	3
2:37:50	95	45,1	3
2:38:00	95	45,1	3
2:38:10	95	45,1	3
2:38:20	95	45,1	3
2:38:30	95	45,0	3
2:38:40	95	45,1	3
2:38:50	95	45,1	3
2:39:00	95	45,0	3
2:39:10	95	45,1	3
2:39:20	95	45,0	3
2:39:30	95	45,0	3
2:39:40	95	45,1	3
2:39:50	95	45,0	3
2:40:00	95	45,0	3
2:40:10	95	45,0	3
2:40:20	95	45,0	3
2:40:30	95	45,0	3
2:40:40	95	45,0	3
2:40:50	95	45,0	3
2:41:00	95	45,0	3
2:41:10	95	45,0	3
2:41:20	95	45,0	3
2:41:30	95	45,0	3
2:41:40	95	45,0	3
2:41:50	95	45,0	3
2:42:00	95	45,0	3
2:42:10	95	45,0	3
2:42:20	95	45,0	3
2:42:30	95	45,0	3
2:42:40	95	45,0	3
2:42:50	95	45,0	3
2:43:00	95	45,0	3
2:43:10	95	45,0	3
2:43:20	95	44,9	3
2:43:30	95	45,0	3
2:43:40	95	45,0	3
2:43:50	95	45,0	3
2:44:00	95	45,0	3
2:44:10	95	45,0	3
2:44:20	95	45,0	3
2:44:30	95	45,0	3
2:44:40	95	45,0	3
2:44:50	95	45,0	3
2:45:00	95	45,0	3
2:45:10	95	45,0	3
2:45:20	95	45,0	3
2:45:30	95	45,0	3
2:45:40	95	45,0	3
2:45:50	95	45,0	3
2:46:00	95	45,0	3
2:46:10	95	45,0	3
2:46:20	95	45,0	3
2:46:30	95	45,0	3
2:46:40	95	45,0	3
2:46:50	95	45,0	3
2:47:00	95	45,0	3
2:47:10	95	45,0	3
2:47:20	95	45,0	3
2:47:30	95	45,0	3
2:47:40	95	45,0	3
2:47:50	95	45,0	3
2:48:00	95	45,0	3
2:48:10	95	45,0	3
2:48:20	95	45,1	3
2:48:30	95	45,1	3
2:48:40	95	45,0	3
2:48:50	95	45,1	3
2:49:00	95	45,0	3
2:49:10	95	45,0	3
2:49:20	95	45,0	3
2:49:30	95	45,0	3
2:49:40	95	45,0	3
2:49:50	95	45,0	3
2:50:00	95	45,0	3
2:50:10	95	45,0	3
2:50:20	95	45,0	3
2:50:30	95	45,0	3
2:50:40	95	45,0	3
2:50:50	95	45,0	3
2:51:00	95	45,0	3
2:51:10	95	45,0	3
2:51:20	95	45,0	3
2:51:30	95	45,0	3
2:51:40	95	45,0	3
2:51:50	95	45,0	3
2:52:00	95	45,0	3
2:52:10	95	45,0	3
2:52:20	95	45,1	3
2:52:30	95	45,3	3
2:52:40	95	45,3	3
2:52:50	95	45,3	3
2:53:00	95	45,3	3
2:53:10	95	45,3	3
2:53:20	95	45,3	3
2:53:30	95	45,3	3
2:53:40	95	45,4	3
2:53:50	95	45,3	3
2:54:00	95	45,3	3
2:54:10	95	45,4	3
2:54:20	95	45,4	3
2:54:30	95	45,4	3
2:54:40	95	45,4	3
2:54:50	95	45,4	3
2:55:00	95	45,4	3
2:55:10	95	45,4	3
2:55:20	95	45,3	3
2:55:30	95	45,3	3
2:55:40	95	45,3	3
2:55:50	95	45,4	3
2:56:00	95	45,4	3
2:56:10	95	45,4	3
2:56:20	95	45,4	3
2:56:30	95	45,4	3
2:56:40	95	45,4	3
2:56:50	95	45,4	3
2:57:00	95	45,4	3
2:57:10	95	45,4	3
2:57:20	95	45,5	3
2:57:30	95	45,5	3
2:57:40	95	45,4	3
2:57:50	95	45,4	3
2:58:00	95	45,4	3
2:58:10	95	45,4	3
2:58:20	95	45,4	3
2:58:30	95	45,3	3
2:58:40	95	45,4	3
2:58:50	95	45,5	3
2:59:00	95	45,5	3
2:59:10	95	45,5	3
2:59:20	95	45,5	3
2:59:30	95	45,5	3
2:59:40	95	45,5	3
2:59:50	95	45,6	3
3:00:00	95	45,5	3
3:00:10	95	45,5	3
3:00:20	95	45,5	3
3:00:30	95	45,5	3
3:00:40	95	45,5	3
3:00:50	95	45,4	3
3:01:00	95	45,4	3
3:01:10	95	45,4	3
3:01:20	95	45,4	3
3:01:30	95	45,4	3
3:01:40	95	45,4	3
3:01:50	95	45,4	3
3:02:00	95	45,4	3
3:02:10	95	45,3	3
3:02:20	95	45,5	3
3:02:30	95	45,5	3
3:02:40	95	45,5	3
3:02:50	95	45,4	3
3:03:00	95	45,5	3
3:03:10	95	45,4	3
3:03:20	95	45,5	3
3:03:30	95	45,4	3
3:03:40	95	45,5	3
3:03:50	95	45,5	3
3:04:00	95	45,5	3
3:04:10	95	45,5	3
3:04:20	95	45,4	3
3:04:30	95	45,5	3
3:04:40	95	45,5	3
3:04:50	95	45,5	3
3:05:00	95	45,5	3
3:05:10	95	45,5	3
3:05:20	95	45,5	3
3:05:30	95	45,4	3
3:05:40	95	45,4	3
3:05:50	95	45,4	3
3:06:00	95	45,4	3
3:06:10	95	45,4	3
3:06:20	95	45,4	3
3:06:30	95	45,4	3
3:06:40	95	45,4	3
3:06:50	95	45,4	3
3:07:00	95	45,4	3
3:07:10	95	45,4	3
3:07:20	95	45,4	3
3:07:30	95	45,4	3
3:07:40	95	45,4	3
3:07:50	95	45,3	3
3:08:00	95	45,3	3
3:08:10	95	45,4	3
3:08:20	95	45,4	3
3:08:30	95	45,4	3
3:08:40	95	45,4	3
3:08:50	95	45,5	3
3:09:00	95	45,5	3
3:09:10	95	45,5	3
3:09:20	95	45,5	3
3:09:30	95	45,5	3
3:09:40	95	45,5	3
3:09:50	95	45,5	3
3:10:00	95	45,5	3
3:10:10	95	45,4	3
3:10:20	95	45,4	3
3:10:30	95	45,4	3
3:10:40	95	45,5	3
3:10:50	95	45,4	3
3:11:00	95	45,4	3
3:11:10	95	45,4	3
3:11:20	95	45,4	3
3:11:30	95	45,4	3
3:11:40	95	45,4	3
3:11:50	95	45,4	3
3:12:00	95	45,4	3
3:12:10	95	45,5	3
3:12:20	95	45,4	3
3:12:30	95	45,4	3
3:12:40	95	45,4	3
3:12:50	95	45,4	3
3:13:00	95	45,4	3
3:13:10	95	45,4	3
3:13:20	95	45,4	3
3:13:30	95	45,4	3
3:13:40	95	45,4	3
3:13:50	95	45,4	3
3:14:00	95	45,4	3
3:14:10	95	45,4	3
3:14:20	95	45,5	3
3:14:30	95	45,5	3
3:14:40	95	45,4	3
3:14:50	95	45,5	3
3:15:00	95	45,5	3
3:15:10	95	45,5	3
3:15:20	95	45,5	3
3:15:30	95	45,5	3
3:15:40	95	45,6	3
3:15:50	95	45,6	3
3:16:00	95	45,6	3
3:16:10	95	45,7	3
3:16:20	95	45,6	3
3:16:30	95	45,7	3
3:16:40	95	45,8	3
3:16:50	95	45,8	3
3:17:00	95	45,7	3
3:17:10	95	45,7	3
3:17:20	95	45,7	3
3:17:30	95	45,7	3
3:17:40	95	45,7	3
3:17:50	95	45,7	3
3:18:00	95	45,8	3
3:18:10	95	45,7	3
3:18:20	95	45,6	3
3:18:30	95	45,7	3
3:18:40	95	45,7	3
3:18:50	95	45,7	3
3:19:00	95	45,7	3
3:19:10	95	45,8	3
3:19:20	95	45,8	3
3:19:30	95	45,7	3
3:19:40	95	45,8	3
3:19:50	95	45,8	3
3:20:00	95	45,8	3
3:20:10	95	45,8	3
3:20:20	95	45,8	3
3:20:30	95	45,8	3
3:20:40	95	45,8	3
3:20:50	95	45,7	3
3:21:00	95	45,7	3
3:21:10	95	45,7	3
3:21:20	95	45,7	3
3:21:30	95	45,6	3
3:21:40	95	45,6	3
3:21:50	95	45,6	3
3:22:00	95	45,6	3
3:22:10	95	45,6	3
3:22:20	95	45,6	3
3:22:30	95	45,5	3
3:22:40	95	45,6	3
3:22:50	95	45,6	3
3:23:00	95	45,5	3
3:23:10	95	45,5	3
3:23:20	95	45,5	3
3:23:30	95	45,5	3
3:23:40	95	45,5	3
3:23:50	95	45,5	3
3:24:00	95	45,4	3
3:24:10	95	45,4	3
3:24:20	95	45,5	3
3:24:30	95	45,5	3
3:24:40	95	45,5	3
3:24:50	95	45,5	3
3:25:00	95	45,5	3
3:25:10	95	45,5	3
3:25:20	95	45,5	3
3:25:30	95	45,5	3
3:25:40	95	45,5	3
3:25:50	95	45,5	3
3:26:00	95	45,5	3
3:26:10	95	45,5	3
3:26:20	95	45,5	3
3:26:30	95	45,4	3
3:26:40	95	45,3	3
3:26:50	95	45,3	3
3:27:00	95	45,3	3
3:27:10	95	45,3	3
3:27:20	95	45,3	3
3:27:30	95	45,3	3
3:27:40	95	45,3	3
3:27:50	95	45,3	3
3:28:00	95	45,3	3
3:28:10	95	45,3	3
3:28:20	95	45,3	3
3:28:30	95	45,3	3
3:28:40	95	45,3	3
3:28:50	95	45,3	3
3:29:00	95	45,3	3
3:29:10	95	45,3	3
3:29:20	95	45,3	3
3:29:30	95	45,4	3
3:29:40	95	45,3	3
3:29:50	95	45,4	3
3:30:00	95	45,3	3
3:30:10	95	45,3	3
3:30:20	95	45,3	3
3:30:30	95	45,3	3
3:30:40	95	45,3	3
3:30:50	95	45,3	3
3:31:00	95	45,3	3
3:31:10	95	45,3	3
3:31:20	95	45,3	3
3:31:30	95	45,3	3
3:31:40	95	45,3	3
3:31:50	95	45,3	3
3:32:00	95	45,3	3
3:32:10	95	45,3	3
3:32:20	95	45,3	3
3:32:30	95	45,3	3
3:32:40	95	45,3	3
3:32:50	95	45,3	3
3:33:00	95	45,3	3
3:33:10	95	45,3	3
3:33:20	95	45,3	3
3:33:30	95	45,3	3
3:33:40	95	45,3	3
3:33:50	95	45,3	3
3:34:00	95	45,3	3
3:34:10	95	45,3	3
3:34:20	95	45,3	3
3:34:30	95	45,3	3
3:34:40	95	45,3	3
3:34:50	95	45,3	3
3:35:00	95	45,3	3
3:35:10	95	45,3	3
3:35:20	95	45,3	3
3:35:30	95	45,3	3
3:35:40	95	45,3	3
3:35:50	95	45,3	3
3:36:00	95	45,3	3
3:36:10	95	45,3	3
3:36:20	95	45,3	3
3:36:30	95	45,3	3
3:36:40	95	45,3	3
3:36:50	95	45,3	3
3:37:00	95	45,3	3
3:37:10	95	45,3	3
3:37:20	95	45,3	3
3:37:30	95	45,3	3
3:37:40	95	45,3	3
3:37:50	95	45,3	3
3:38:00	95	45,3	3
3:38:10	95	45,3	3
3:38:20	95	45,3	3
3:38:30	95	45,3	3
3:38:40	95	45,3	3
3:38:50	95	45,3	3
3:39:00	95	45,3	3
3:39:10	95	45,3	3
3:39:20	95	45,3	3
3:39:30	95	45,3	3
3:39:40	95	45,3	3
3:39:50	95	45,3	3
3:40:00	95	45,3	3
3:40:10	95	45,3	3
3:40:20	95	45,3	3
3:40:30	95	45,3	3
3:40:40	95	45,2	3
3:40:50	95	45,2	3
3:41:00	95	45,2	3
3:41:10	95	45,2	3
3:41:20	95	45,2	3
3:41:30	95	45,2	3
3:41:40	95	45,2	3
3:41:50	95	45,2	3
3:42:00	95	45,2	3
3:42:10	95	45,3	3
3:42:20	95	45,3	3
3:42:30	95	45,3	3
3:42:40	95	45,2	3
3:42:50	95	45,2	3
3:43:00	95	45,3	3
3:43:10	95	45,2	3
3:43:20	95	45,2	3
3:43:30	95	45,3	3
3:43:40	95	45,2	3
3:43:50	95	45,2	3
3:44:00	95	45,2	3
3:44:10	95	45,3	3
3:44:20	95	45,3	3
3:44:30	95	45,3	3
3:44:40	95	45,2	3
3:44:50	95	45,2	3
3:45:00	95	45,2	3
3:45:10	95	45,2	3
3:45:20	95	45,2	3
3:45:30	95	45,3	3
3:45:40	95	45,3	3
3:45:50	95	45,3	3
3:46:00	95	45,3	3
3:46:10	95	45,3	3
3:46:20	95	45,2	3
3:46:30	95	45,3	3
3:46:40	95	45,2	3
3:46:50	95	45,2	3
3:47:00	95	45,2	3
3:47:10	95	45,2	3
3:47:20	95	45,2	3
3:47:30	95	45,2	3
3:47:40	95	45,2	3
3:47:50	95	45,2	3
3:48:00	95	45,2	3
3:48:10	95	45,2	3
3:48:20	95	45,2	3
3:48:30	95	45,2	3
3:48:40	95	45,2	3
3:48:50	95	45,2	3
3:49:00	95	45,2	3
3:49:10	95	45,2	3
3:49:20	95	45,2	3
3:49:30	95	45,2	3
3:49:40	95	45,2	3
3:49:50	95	45,2	3
3:50:00	95	45,2	3
3:50:10	95	45,2	3
3:50:20	95	45,2	4
3:50:30	95	45,2	3
3:50:40	95	45,2	3
3:50:50	95	45,3	3
3:51:00	95	45,3	4
3:51:10	95	45,3	4
3:51:20	95	45,2	3
3:51:30	95	45,2	4
3:51:40	95	45,2	4
3:51:50	95	45,2	4
3:52:00	95	45,2	4
3:52:10	95	45,2	4
3:52:20	95	45,2	4
3:52:30	95	45,2	4
3:52:40	95	45,2	4
3:52:50	95	45,2	4
3:53:00	95	45,2	4
3:53:10	95	45,2	4
3:53:20	95	45,2	4
3:53:30	95	45,2	4
3:53:40	95	45,2	4
3:53:50	95	45,1	4
3:54:00	95	45,1	4
3:54:10	95	45,1	4
3:54:20	95	45,2	4
3:54:30	95	45,2	4
3:54:40	95	45,2	4
3:54:50	95	45,2	4
3:55:00	95	45,2	4
3:55:10	95	45,2	4
3:55:20	95	45,2	4
3:55:30	95	45,2	4
3:55:40	95	45,2	4
3:55:50	95	45,2	4
3:56:00	95	45,2	4
3:56:10	95	45,2	4
3:56:20	95	45,2	4
3:56:30	95	45,2	4
3:56:40	95	45,2	4
3:56:50	95	45,2	4
3:57:00	95	45,2	4
3:57:10	95	45,2	4
3:57:20	95	45,1	4
3:57:30	95	45,2	4
3:57:40	95	45,1	4
3:57:50	95	45,2	4
3:58:00	95	45,2	4
3:58:10	95	45,2	4
3:58:20	95	45,2	4
3:58:30	95	45,2	4
3:58:40	95	45,2	4
3:58:50	95	45,2	4
3:59:00	95	45,2	4
3:59:10	95	45,2	4
3:59:20	95	45,2	4
3:59:30	95	45,2	4
3:59:40	95	45,2	4
3:59:50	95	45,2	4
4:00:00	95	45,2	4
4:00:10	95	45,2	4
4:00:20	95	45,2	4
4:00:30	95	45,2	4
4:00:40	95	45,2	4
4:00:50	95	45,1	4
4:01:00	95	45,1	4
4:01:10	95	45,2	4
4:01:20	95	45,2	4
4:01:30	95	45,2	5
4:01:40	95	45,2	5
4:01:50	95	45,2	5
4:02:00	95	45,2	5
4:02:10	95	45,2	5
4:02:20	95	45,2	5
4:02:30	95	45,2	5
4:02:40	95	45,2	5
4:02:50	95	45,2	5
4:03:00	95	45,2	5
4:03:10	95	45,2	5
4:03:20	95	45,2	5
4:03:30	95	45,2	5
4:03:40	95	45,2	5
4:03:50	95	45,2	5
4:04:00	95	45,2	5
4:04:10	95	45,2	5
4:04:20	95	45,1	5
4:04:30	95	45,2	5
4:04:40	95	45,2	5
4:04:50	95	45,2	5
4:05:00	95	45,2	5
4:05:10	95	45,2	5
4:05:20	95	45,2	5
4:05:30	95	45,2	5
4:05:40	95	45,1	5
4:05:50	95	45,1	6
4:06:00	95	45,1	6
4:06:10	95	45,1	6
4:06:20	95	45,1	6
4:06:30	95	45,2	6
4:06:40	95	45,2	6
4:06:50	95	45,1	6
4:07:00	95	45,2	6
4:07:10	95	45,2	6
4:07:20	95	45,2	6
4:07:30	95	45,2	6
4:07:40	95	45,1	6
4:07:50	95	45,2	6
4:08:00	95	45,2	6
4:08:10	95	45,2	6
4:08:20	95	45,2	6
4:08:30	95	45,2	6
4:08:40	95	45,2	6
4:08:50	95	45,1	6
4:09:00	95	45,1	6
4:09:10	95	45,1	6
4:09:20	95	45,1	6
4:09:30	95	45,1	6
4:09:40	95	45,1	6
4:09:50	95	45,1	6
4:10:00	95	45,1	6
4:10:10	95	45,1	6
4:10:20	95	45,1	6
4:10:30	95	45,1	6
4:10:40	95	45,2	6
4:10:50	95	45,1	6
4:11:00	95	45,1	6
4:11:10	95	45,1	6
4:11:20	95	45,2	7
4:11:30	95	45,1	6
4:11:40	95	45,2	6
4:11:50	95	45,3	6
4:12:00	95	45,5	6
4:12:10	95	45,4	6
4:12:20	95	45,4	6
4:12:30	95	45,1	7
4:12:40	95	45,1	7
4:12:50	95	45,1	7
4:13:00	95	45,1	7
4:13:10	95	45,2	7
4:13:20	95	45,1	7
4:13:30	95	45,1	7
4:13:40	95	45,1	7
4:13:50	95	45,5	7
4:14:00	95	45,5	7
4:14:10	95	45,5	8
4:14:20	95	45,5	8
4:14:30	95	45,5	8
4:14:40	95	45,5	8
4:14:50	95	45,5	8
4:15:00	95	45,5	8
4:15:10	95	45,5	8
4:15:20	95	45,5	8
4:15:30	95	45,5	8
4:15:40	95	45,5	8
4:15:50	95	45,5	8
4:16:00	95	45,5	8
4:16:10	95	45,5	8
4:16:20	95	45,5	8
4:16:30	95	45,5	8
4:16:40	95	45,5	8
4:16:50	95	45,5	9
4:17:00	95	45,5	9
4:17:10	95	45,5	9
4:17:20	95	45,5	9
4:17:30	95	45,5	9
4:17:40	95	45,5	9
4:17:50	95	45,5	9
4:18:00	95	45,5	9
4:18:10	95	45,5	9
4:18:20	95	45,5	9
4:18:30	95	45,5	9
4:18:40	95	45,5	9
4:18:50	95	45,5	10
4:19:00	95	45,5	10
4:19:10	95	45,5	10
4:19:20	95	45,5	10
4:19:30	95	45,5	10
4:19:40	95	45,5	10
4:19:50	95	45,5	10
4:20:00	95	45,5	10
4:20:10	95	45,4	10
4:20:20	95	45,5	10
4:20:30	95	45,5	10
4:20:40	95	45,5	10
4:20:50	95	45,5	10
4:21:00	95	45,5	10
4:21:10	95	45,5	10
4:21:20	95	45,5	11
4:21:30	95	45,5	11
4:21:40	95	45,5	11
4:21:50	95	45,5	11
4:22:00	95	45,5	11
4:22:10	95	45,4	11
4:22:20	95	45,4	11
4:22:30	95	45,4	11
4:22:40	95	45,4	11
4:22:50	95	45,4	11
4:23:00	95	45,4	11
4:23:10	95	45,4	11
4:23:20	95	45,4	11
4:23:30	95	45,4	11
4:23:40	95	45,4	14
4:23:50	95	45,4	14
4:24:00	95	45,4	14
4:24:10	95	45,4	14
4:24:20	95	45,4	14
4:24:30	95	45,4	14
4:24:40	95	45,4	17
4:24:50	95	45,4	16
4:25:00	95	45,4	16
4:25:10	95	45,4	14
4:25:20	95	45,4	14
4:25:30	95	45,5	14
4:25:40	95	45,5	14
4:25:50	95	45,5	14
4:26:00	95	45,5	14
4:26:10	95	45,5	15
4:26:20	95	45,5	14
4:26:30	95	45,5	15
4:26:40	95	45,5	15
4:26:50	95	45,5	16
4:27:00	95	45,5	16
4:27:10	95	45,5	16
4:27:20	95	45,6	16
4:27:30	95	45,6	18
4:27:40	95	45,6	16
4:27:50	95	45,6	16
4:28:00	95	45,6	16
4:28:10	95	45,6	16
4:28:20	95	45,6	16
4:28:30	95	45,6	17
4:28:40	95	45,6	17
4:28:50	95	45,6	17
4:29:00	95	45,6	17
4:29:10	95	45,6	17
4:29:20	95	45,6	17
4:29:30	95	45,6	17
4:29:40	95	45,6	17
4:29:50	95	45,6	17
4:30:00	95	45,6	18
4:30:10	95	45,6	18
4:30:20	95	45,6	18
4:30:30	95	45,6	18
4:30:40	95	45,5	18
4:30:50	95	45,5	18
4:31:00	95	45,5	18
4:31:10	95	45,5	19
4:31:20	95	45,5	19
4:31:30	95	45,5	19
4:31:40	95	45,5	19
4:31:50	95	45,5	19
4:32:00	95	45,5	19
4:32:10	95	45,4	19
4:32:20	95	45,4	19
4:32:30	95	45,4	20
4:32:40	95	45,4	20
4:32:50	95	45,4	20
4:33:00	95	45,4	21
4:33:10	95	45,4	21
4:33:20	95	45,4	21
4:33:30	95	45,4	21
4:33:40	95	45,4	21
4:33:50	95	45,4	22
4:34:00	95	45,4	22
4:34:10	95	45,4	22
4:34:20	95	45,4	23
4:34:30	95	45,4	23
4:34:40	95	45,5	23
4:34:50	95	45,4	23
4:35:00	95	45,5	23
4:35:10	95	45,5	23
4:35:20	95	45,4	24
4:35:30	95	45,4	24
4:35:40	95	45,4	25
4:35:50	95	45,4	25
4:36:00	95	45,4	25
4:36:10	95	45,4	25
4:36:20	95	45,4	25
4:36:30	95	45,4	26
4:36:40	95	45,4	26
4:36:50	95	45,4	26
4:37:00	95	45,4	26
4:37:10	95	45,4	26
4:37:20	95	45,4	26
4:37:30	95	45,4	27
4:37:40	95	45,4	27
4:37:50	95	45,4	27
4:38:00	95	45,4	27
4:38:10	95	45,4	28
4:38:20	95	45,4	28
4:38:30	95	45,4	28
4:38:40	95	45,4	28
4:38:50	95	45,4	28
4:39:00	95	45,4	28
4:39:10	95	45,4	28
4:39:20	95	45,4	28
4:39:30	95	45,4	28
4:39:40	95	45,4	28
4:39:50	95	45,4	28
4:40:00	95	45,4	28
4:40:10	95	45,4	28
4:40:20	95	45,4	28
4:40:30	95	45,4	28
4:40:40	95	45,4	28
4:40:50	95	45,5	29
4:41:00	95	45,4	29
4:41:10	95	45,4	29
4:41:20	95	45,4	29
4:41:30	95	45,4	29
4:41:40	95	45,4	29
4:41:50	95	45,4	29
4:42:00	95	45,4	29
4:42:10	95	45,4	29
4:42:20	95	45,4	29
4:42:30	95	45,4	29
4:42:40	95	45,4	29
4:42:50	95	45,4	29
4:43:00	95	45,4	29
4:43:10	95	45,4	29
4:43:20	95	45,4	29
4:43:30	95	45,3	29
4:43:40	95	45,3	29
4:43:50	95	45,3	29
4:44:00	95	45,3	29
4:44:10	95	45,3	29
4:44:20	95	45,3	29
4:44:30	95	45,3	30
4:44:40	95	45,3	30
4:44:50	95	45,3	30
4:45:00	95	45,3	30
4:45:10	95	45,3	30
4:45:20	95	45,3	30
4:45:30	95	45,3	30
4:45:40	95	45,3	30
4:45:50	95	45,3	30
4:46:00	95	45,3	30
4:46:10	95	45,3	30
4:46:20	95	45,3	30
4:46:30	95	45,3	30
4:46:40	95	45,3	30
4:46:50	95	45,2	30
4:47:00	95	45,2	30
4:47:10	95	45,2	30
4:47:20	95	45,2	30
4:47:30	95	45,2	30
4:47:40	95	45,2	30
4:47:50	95	45,2	30
4:48:00	95	45,2	30
4:48:10	95	45,1	30
4:48:20	95	45,1	30
4:48:30	95	45,1	30
4:48:40	95	45,1	30
4:48:50	95	45,1	30
4:49:00	95	45,1	30
4:49:10	95	45,1	30
4:49:20	95	45,1	30
4:49:30	95	45,1	30
4:49:40	95	45,1	30
4:49:50	95	45,0	30
4:50:00	95	45,0	30
4:50:10	95	45,0	30
4:50:20	95	45,0	30
4:50:30	95	45,0	30
4:50:40	95	44,9	30
4:50:50	95	45,0	30
4:51:00	95	44,9	30
4:51:10	96	45,0	30
4:51:20	96	44,9	30
4:51:30	96	45,0	30
4:51:40	96	44,9	30
4:51:50	96	45,2	30
4:52:00	96	45,1	30
4:52:10	96	45,0	30
4:52:20	96	45,0	30
4:52:30	96	44,9	30
4:52:40	96	45,1	30
4:52:50	96	45,0	30
4:53:00	96	44,9	30
4:53:10	96	45,3	30
4:53:20	96	45,2	30
4:53:30	96	45,1	30
4:53:40	96	45,0	30
4:53:50	96	44,9	30
4:54:00	96	45,1	31
4:54:10	96	45,0	35
4:54:20	96	44,9	37
4:54:30	96	45,1	39
4:54:40	96	45,0	40
4:54:50	96	44,9	42
4:55:00	96	45,1	44
4:55:10	96	45,0	47
4:55:20	96	44,9	57
4:55:30	96	45,2	54
4:55:40	96	45,1	55
4:55:50	96	45,0	57
4:56:00	96	44,9	63
4:56:10	96	45,2	62
4:56:20	96	45,1	65
4:56:30	96	45,0	68
4:56:40	96	44,9	70
4:56:50	96	45,2	72
4:57:00	96	45,1	76
