--Test Summary--
Full Path and File Name	
Instrument Name	7322
Instrument Type	Model 7322 Consistometer - Variable Speed
Instrument Serial Number	
Test Start Date	16.07.2014
Test Start Time	9:42:21
Test Stop Date	16.07.2014
Test Stop Time	20:03:52
Test Length	10:21:31
Final Sample Time Offset	10:21:30
Controller Schedule Name	
Sampling Period	10 seconds
Comments	T: 95C (50min); P: 50MPa (50min); tap water.
Information	WellID	Research
Information	Customer	Trican
Information	EngName	Aleksanyan Mikhail
Information	CementClass	75%G+25%SFA-2 (bwob)
Information	CementMfr	Dyckerhoff - Suhoy Log
Information	Additives	1%CFL-5+1%CFR-10+0.05%HTR-100 (bwoc)
Information	Density	1920
Information	BHCT	95
Information	BHST	125
Information	FluidLoss	
Information	JobType	
Calculated Value	Time_30Bc	10:07:20
Calculated Value	Time_70Bc	10:21:30
Initial Temperature (°C)	27 °C
Final Temperature (°C)	95 °C
Initial Pressure (MPa)	0,6 MPa
Final Pressure (MPa)	50,1 MPa
Initial Consistency (Bc)	12 Bc
Final Consistency (Bc)	79 Bc
Initial Wall Temperature (°C)	25 °C
Final Wall Temperature (°C)	96 °C
Initial Motor Speed (RPM)	150 RPM
Final Motor Speed (RPM)	150 RPM
--Data--
Time (HH:MM:SS)	Temperature (°C)	Pressure (MPa)	Consistency (Bc)	Wall Temperature (°C)	Motor Speed (RPM)
0:00:00	27	0,6	12	25	150
0:00:10	27	0,6	12	25	150
0:00:20	27	0,6	12	25	150
0:00:30	27	0,6	12	26	150
0:00:40	27	0,6	12	26	150
0:00:50	27	0,7	12	26	150
0:01:00	27	0,7	12	27	150
0:01:10	27	0,8	12	28	150
0:01:20	27	0,9	12	29	150
0:01:30	27	1,0	12	30	150
0:01:40	27	1,1	13	31	150
0:01:50	27	1,3	13	32	150
0:02:00	27	1,5	13	32	150
0:02:10	27	1,7	13	33	150
0:02:20	28	1,8	13	34	150
0:02:30	28	2,0	13	34	150
0:02:40	28	2,2	13	34	150
0:02:50	28	2,4	13	35	150
0:03:00	28	2,5	13	35	150
0:03:10	29	2,7	13	36	150
0:03:20	29	2,8	13	36	150
0:03:30	29	3,0	13	36	150
0:03:40	29	3,1	13	36	150
0:03:50	29	3,2	13	37	150
0:04:00	30	3,3	14	37	150
0:04:10	30	3,5	13	37	150
0:04:20	30	3,6	14	37	150
0:04:30	30	3,7	14	38	150
0:04:40	31	3,9	13	38	150
0:04:50	31	4,0	13	38	150
0:05:00	31	4,2	13	39	150
0:05:10	31	4,3	14	39	150
0:05:20	32	4,5	13	39	150
0:05:30	32	4,7	13	40	150
0:05:40	32	4,9	13	40	150
0:05:50	32	5,0	13	40	150
0:06:00	33	5,2	13	41	150
0:06:10	33	5,3	13	41	150
0:06:20	33	5,5	13	41	150
0:06:30	33	5,6	13	42	150
0:06:40	34	5,8	13	42	150
0:06:50	34	5,9	13	42	150
0:07:00	34	6,1	13	42	150
0:07:10	34	6,3	13	43	150
0:07:20	34	6,4	13	43	150
0:07:30	35	6,7	13	43	150
0:07:40	35	7,0	13	44	150
0:07:50	35	7,2	14	44	150
0:08:00	35	7,4	13	45	150
0:08:10	36	7,5	13	45	150
0:08:20	36	7,6	13	45	150
0:08:30	36	7,7	13	45	150
0:08:40	36	7,9	13	45	150
0:08:50	37	8,0	13	46	150
0:09:00	37	8,1	13	46	150
0:09:10	37	8,2	13	46	150
0:09:20	37	8,5	13	46	150
0:09:30	38	8,7	13	47	150
0:09:40	38	8,9	13	47	150
0:09:50	38	9,0	13	47	150
0:10:00	38	9,2	13	48	150
0:10:10	39	9,3	13	48	150
0:10:20	39	9,5	13	48	150
0:10:30	39	9,6	13	48	150
0:10:40	39	9,8	13	48	150
0:10:50	40	9,9	14	48	150
0:11:00	40	10,1	14	49	150
0:11:10	40	10,2	14	49	150
0:11:20	40	10,4	14	49	150
0:11:30	41	10,6	14	49	150
0:11:40	41	10,7	14	50	150
0:11:50	41	10,9	13	50	150
0:12:00	41	11,1	14	50	150
0:12:10	42	11,3	14	50	150
0:12:20	42	11,4	14	51	150
0:12:30	42	11,6	14	51	150
0:12:40	42	11,8	14	51	150
0:12:50	42	12,0	14	52	150
0:13:00	43	12,2	13	52	150
0:13:10	43	12,4	14	52	150
0:13:20	43	12,5	13	52	150
0:13:30	43	12,7	13	53	150
0:13:40	44	12,9	13	53	150
0:13:50	44	13,0	13	53	150
0:14:00	44	13,2	13	53	150
0:14:10	44	13,4	13	53	150
0:14:20	45	13,5	13	54	150
0:14:30	45	13,7	13	54	150
0:14:40	45	13,9	13	54	150
0:14:50	45	14,1	13	54	150
0:15:00	45	14,3	13	55	150
0:15:10	46	14,5	13	55	150
0:15:20	46	14,7	13	55	150
0:15:30	46	14,8	13	55	150
0:15:40	46	15,0	13	55	150
0:15:50	47	15,2	13	55	150
0:16:00	47	15,4	13	56	150
0:16:10	47	15,5	13	56	150
0:16:20	47	15,7	13	56	150
0:16:30	48	15,9	12	56	150
0:16:40	48	16,1	13	56	150
0:16:50	48	16,2	12	56	150
0:17:00	48	16,4	12	57	150
0:17:10	48	16,6	12	57	150
0:17:20	49	16,8	12	57	150
0:17:30	49	17,0	12	57	150
0:17:40	49	17,1	12	57	150
0:17:50	49	17,3	12	58	150
0:18:00	50	17,5	12	58	150
0:18:10	50	17,7	12	58	150
0:18:20	50	17,9	12	59	150
0:18:30	50	18,1	12	59	150
0:18:40	50	18,3	12	59	150
0:18:50	51	18,5	12	60	150
0:19:00	51	18,7	12	60	150
0:19:10	51	18,8	12	60	150
0:19:20	51	19,0	12	60	150
0:19:30	52	19,2	12	60	150
0:19:40	52	19,4	12	60	150
0:19:50	52	19,6	12	61	150
0:20:00	52	19,8	12	61	150
0:20:10	53	20,0	12	61	150
0:20:20	53	20,2	13	62	150
0:20:30	53	20,4	13	62	150
0:20:40	53	20,6	13	62	150
0:20:50	53	20,8	13	63	150
0:21:00	54	21,0	13	63	150
0:21:10	54	21,2	13	63	150
0:21:20	54	21,4	13	64	150
0:21:30	54	21,6	13	64	150
0:21:40	55	21,7	13	64	150
0:21:50	55	21,9	13	64	150
0:22:00	55	22,1	13	64	150
0:22:10	55	22,3	13	64	150
0:22:20	56	22,5	13	65	150
0:22:30	56	22,7	13	65	150
0:22:40	56	22,9	13	65	150
0:22:50	56	23,0	13	66	150
0:23:00	56	23,2	13	66	150
0:23:10	57	23,5	13	66	150
0:23:20	57	23,7	13	66	150
0:23:30	57	23,9	13	66	150
0:23:40	57	24,0	13	67	150
0:23:50	58	24,3	13	67	150
0:24:00	58	24,5	13	68	150
0:24:10	58	24,8	13	68	150
0:24:20	58	25,0	13	68	150
0:24:30	59	25,1	13	68	150
0:24:40	59	25,3	13	68	150
0:24:50	59	25,5	13	68	150
0:25:00	59	25,6	13	69	150
0:25:10	59	25,8	13	69	150
0:25:20	60	26,0	12	69	150
0:25:30	60	26,2	12	69	150
0:25:40	60	26,4	12	70	150
0:25:50	60	26,6	12	70	150
0:26:00	61	26,8	12	70	150
0:26:10	61	27,0	12	70	150
0:26:20	61	27,2	12	71	150
0:26:30	61	27,4	12	71	150
0:26:40	61	27,6	13	71	150
0:26:50	62	27,8	12	71	150
0:27:00	62	28,0	13	71	150
0:27:10	62	28,1	13	72	150
0:27:20	62	28,3	13	72	150
0:27:30	63	28,5	13	72	150
0:27:40	63	28,7	13	72	150
0:27:50	63	28,9	13	73	150
0:28:00	63	29,2	13	73	150
0:28:10	63	29,4	13	73	150
0:28:20	64	29,6	13	74	150
0:28:30	64	29,5	13	74	150
0:28:40	64	29,7	13	74	150
0:28:50	64	29,9	13	74	150
0:29:00	65	30,1	13	74	150
0:29:10	65	30,3	13	75	150
0:29:20	65	30,5	13	75	150
0:29:30	65	30,7	13	75	150
0:29:40	66	30,8	12	75	150
0:29:50	66	31,0	12	75	150
0:30:00	66	30,9	12	76	150
0:30:10	66	31,1	12	76	150
0:30:20	66	31,3	12	76	150
0:30:30	67	31,5	12	77	150
0:30:40	67	31,7	12	76	150
0:30:50	67	31,9	12	77	150
0:31:00	67	32,1	12	77	150
0:31:10	68	32,3	12	78	150
0:31:20	68	32,5	12	78	150
0:31:30	68	32,3	12	78	150
0:31:40	68	32,5	12	78	150
0:31:50	69	32,7	12	78	150
0:32:00	69	32,9	12	78	150
0:32:10	69	33,1	13	79	150
0:32:20	69	33,3	12	79	150
0:32:30	69	33,5	12	79	150
0:32:40	70	33,7	13	79	150
0:32:50	70	33,9	12	80	150
0:33:00	70	34,1	13	80	150
0:33:10	70	34,3	13	80	150
0:33:20	71	34,5	13	80	150
0:33:30	71	34,3	13	81	150
0:33:40	71	34,5	12	81	150
0:33:50	71	34,7	12	81	150
0:34:00	71	34,9	12	81	150
0:34:10	72	35,1	12	81	150
0:34:20	72	35,3	12	82	150
0:34:30	72	35,5	12	82	150
0:34:40	72	35,6	12	82	150
0:34:50	73	35,8	12	82	150
0:35:00	73	36,0	12	83	150
0:35:10	73	36,2	12	83	150
0:35:20	73	36,5	13	83	150
0:35:30	74	36,7	12	84	150
0:35:40	74	36,4	12	84	150
0:35:50	74	36,6	12	84	150
0:36:00	74	36,9	12	84	150
0:36:10	74	37,1	12	84	150
0:36:20	75	37,3	12	85	150
0:36:30	75	37,5	12	85	150
0:36:40	75	37,7	12	85	150
0:36:50	75	37,9	12	85	150
0:37:00	76	38,1	12	86	150
0:37:10	76	38,3	12	86	150
0:37:20	76	38,4	12	86	150
0:37:30	76	38,6	12	86	150
0:37:40	77	38,8	12	86	150
0:37:50	77	39,0	12	87	150
0:38:00	77	38,7	12	87	150
0:38:10	77	38,9	12	87	150
0:38:20	77	39,1	12	87	150
0:38:30	78	39,5	12	88	150
0:38:40	78	39,7	12	88	150
0:38:50	78	39,9	12	89	150
0:39:00	78	40,1	12	89	150
0:39:10	79	40,2	12	89	150
0:39:20	79	40,4	12	89	150
0:39:30	79	40,6	12	89	150
0:39:40	79	40,8	12	89	150
0:39:50	79	40,9	12	90	150
0:40:00	80	40,9	12	90	150
0:40:10	80	40,8	12	90	150
0:40:20	80	41,1	12	91	150
0:40:30	80	41,3	12	91	150
0:40:40	81	41,5	12	91	150
0:40:50	81	41,7	12	91	150
0:41:00	81	41,8	12	91	150
0:41:10	81	42,0	12	91	150
0:41:20	81	42,2	12	92	150
0:41:30	82	42,4	12	92	150
0:41:40	82	42,6	12	92	150
0:41:50	82	42,8	12	92	150
0:42:00	82	43,0	12	92	150
0:42:10	83	43,1	12	93	150
0:42:20	83	43,3	12	93	150
0:42:30	83	43,5	12	93	150
0:42:40	83	43,7	12	93	150
0:42:50	84	43,6	12	94	150
0:43:00	84	43,7	12	94	150
0:43:10	84	43,9	12	94	150
0:43:20	84	44,1	12	94	150
0:43:30	84	44,3	12	94	150
0:43:40	85	44,5	12	95	150
0:43:50	85	44,8	12	95	150
0:44:00	85	44,7	12	96	150
0:44:10	85	44,8	12	96	150
0:44:20	86	45,0	12	96	150
0:44:30	86	45,2	12	96	150
0:44:40	86	45,4	12	97	150
0:44:50	86	45,5	12	97	150
0:45:00	86	45,7	12	97	150
0:45:10	87	46,0	12	97	150
0:45:20	87	46,1	12	97	150
0:45:30	87	46,3	12	98	150
0:45:40	87	46,5	12	98	150
0:45:50	88	46,9	12	99	150
0:46:00	88	46,6	12	99	150
0:46:10	88	46,9	12	99	150
0:46:20	88	47,1	12	99	150
0:46:30	89	47,2	12	100	150
0:46:40	89	47,3	12	100	150
0:46:50	89	47,4	12	99	150
0:47:00	89	47,6	12	100	150
0:47:10	90	47,7	11	99	150
0:47:20	90	47,9	11	100	150
0:47:30	90	48,0	11	100	150
0:47:40	90	48,2	11	100	150
0:47:50	90	48,4	11	100	150
0:48:00	91	48,5	11	101	150
0:48:10	91	48,7	11	101	150
0:48:20	91	48,9	12	101	150
0:48:30	91	49,1	12	101	150
0:48:40	92	49,4	12	102	150
0:48:50	92	49,6	12	102	150
0:49:00	92	49,8	12	102	150
0:49:10	92	50,0	12	103	150
0:49:20	92	50,2	12	103	150
0:49:30	93	50,4	12	103	150
0:49:40	93	50,6	12	103	150
0:49:50	93	50,8	12	104	150
0:50:00	93	51,0	12	103	150
0:50:10	93	50,4	12	104	150
0:50:20	94	50,5	12	104	150
0:50:30	94	50,7	12	104	150
0:50:40	94	50,8	12	104	150
0:50:50	94	50,9	12	104	150
0:51:00	95	50,9	12	104	150
0:51:10	95	50,9	12	103	150
0:51:20	95	50,9	12	103	150
0:51:30	95	50,9	12	103	150
0:51:40	95	50,9	12	103	150
0:51:50	95	50,8	12	102	150
0:52:00	96	50,8	12	102	150
0:52:10	96	50,7	12	102	150
0:52:20	96	50,7	12	102	150
0:52:30	96	50,7	12	101	150
0:52:40	96	50,6	12	101	150
0:52:50	96	50,6	12	101	150
0:53:00	96	50,5	12	101	150
0:53:10	96	50,5	12	101	150
0:53:20	96	50,5	12	101	150
0:53:30	96	50,5	13	101	150
0:53:40	96	50,4	13	100	150
0:53:50	96	50,4	13	100	150
0:54:00	96	50,4	13	100	150
0:54:10	96	50,4	13	100	150
0:54:20	96	50,4	13	100	150
0:54:30	96	50,4	13	100	150
0:54:40	97	50,4	13	100	150
0:54:50	97	50,4	13	100	150
0:55:00	97	50,3	13	100	150
0:55:10	97	50,3	13	99	150
0:55:20	97	50,3	13	100	150
0:55:30	97	50,3	13	99	150
0:55:40	97	50,3	13	100	150
0:55:50	97	50,3	13	99	150
0:56:00	97	50,3	13	99	150
0:56:10	96	50,3	13	99	150
0:56:20	96	50,3	13	99	150
0:56:30	96	50,3	13	99	150
0:56:40	96	50,3	13	99	150
0:56:50	96	50,4	13	99	150
0:57:00	96	50,4	13	99	150
0:57:10	96	50,3	13	99	150
0:57:20	96	50,3	13	99	150
0:57:30	96	50,3	13	99	150
0:57:40	96	50,3	13	99	150
0:57:50	96	50,3	13	99	150
0:58:00	96	50,3	13	99	150
0:58:10	96	50,2	13	98	150
0:58:20	96	50,2	13	99	150
0:58:30	96	50,2	13	98	150
0:58:40	96	50,3	13	98	150
0:58:50	96	50,2	13	98	150
0:59:00	96	50,3	13	98	150
0:59:10	96	50,3	13	98	150
0:59:20	96	50,3	13	98	150
0:59:30	96	50,3	13	98	150
0:59:40	96	50,3	13	98	150
0:59:50	96	50,3	13	98	150
1:00:00	96	50,3	13	98	150
1:00:10	96	50,3	13	98	150
1:00:20	96	50,3	13	98	150
1:00:30	96	50,3	13	98	150
1:00:40	96	50,3	13	98	150
1:00:50	96	50,3	13	98	150
1:01:00	96	50,3	13	98	150
1:01:10	96	50,3	13	98	150
1:01:20	96	50,3	13	98	150
1:01:30	96	50,3	13	98	150
1:01:40	96	50,4	13	98	150
1:01:50	96	50,5	13	98	150
1:02:00	96	50,5	13	98	150
1:02:10	96	50,5	13	98	150
1:02:20	96	50,5	13	98	150
1:02:30	96	50,5	13	98	150
1:02:40	96	50,5	13	98	150
1:02:50	96	50,5	13	98	150
1:03:00	96	50,5	13	98	150
1:03:10	96	50,5	13	98	150
1:03:20	96	50,5	12	98	150
1:03:30	96	50,5	12	98	150
1:03:40	96	50,5	12	98	150
1:03:50	96	50,5	12	98	150
1:04:00	96	50,5	12	98	150
1:04:10	96	50,5	12	98	150
1:04:20	96	50,5	12	98	150
1:04:30	96	50,6	12	98	150
1:04:40	96	50,6	12	98	150
1:04:50	96	50,6	12	98	150
1:05:00	96	50,6	12	98	150
1:05:10	96	50,6	12	98	150
1:05:20	96	50,6	12	98	150
1:05:30	96	50,6	12	98	150
1:05:40	96	50,6	12	98	150
1:05:50	96	50,6	12	98	150
1:06:00	96	50,6	12	98	150
1:06:10	96	50,6	12	98	150
1:06:20	96	50,6	12	97	150
1:06:30	96	50,6	12	98	150
1:06:40	96	50,6	12	98	150
1:06:50	96	50,7	12	98	150
1:07:00	96	50,7	12	97	150
1:07:10	96	50,7	12	98	150
1:07:20	96	50,7	12	98	150
1:07:30	96	50,7	12	98	150
1:07:40	95	50,7	12	97	150
1:07:50	96	50,7	12	98	150
1:08:00	95	50,7	12	97	150
1:08:10	95	50,8	12	97	150
1:08:20	95	50,8	12	97	150
1:08:30	95	50,8	12	97	150
1:08:40	95	50,8	12	98	150
1:08:50	95	50,8	12	97	150
1:09:00	95	50,8	12	98	150
1:09:10	95	50,8	12	97	150
1:09:20	95	50,8	12	97	150
1:09:30	95	50,8	12	97	150
1:09:40	95	50,8	12	97	150
1:09:50	95	50,8	12	97	150
1:10:00	95	50,8	12	97	150
1:10:10	95	50,8	12	97	150
1:10:20	95	50,8	12	97	150
1:10:30	95	50,8	12	97	150
1:10:40	95	50,9	12	97	150
1:10:50	95	50,9	12	97	150
1:11:00	95	50,9	12	97	150
1:11:10	95	50,9	12	97	150
1:11:20	95	50,9	12	97	150
1:11:30	95	50,9	12	97	150
1:11:40	95	50,9	12	97	150
1:11:50	95	51,0	12	97	150
1:12:00	95	51,0	12	97	150
1:12:10	95	51,0	12	97	150
1:12:20	95	50,3	12	97	150
1:12:30	95	50,3	12	97	150
1:12:40	95	50,3	12	97	150
1:12:50	95	50,4	12	97	150
1:13:00	95	50,4	12	97	150
1:13:10	95	50,4	12	97	150
1:13:20	95	50,4	12	97	150
1:13:30	95	50,4	12	97	150
1:13:40	95	50,4	12	97	150
1:13:50	95	50,4	12	97	150
1:14:00	95	50,4	12	97	150
1:14:10	95	50,4	12	97	150
1:14:20	95	50,5	12	97	150
1:14:30	95	50,5	12	97	150
1:14:40	95	50,5	12	97	150
1:14:50	95	50,5	12	97	150
1:15:00	95	50,5	12	97	150
1:15:10	95	50,5	12	97	150
1:15:20	95	50,5	12	97	150
1:15:30	95	50,5	12	97	150
1:15:40	95	50,5	12	97	150
1:15:50	95	50,5	12	97	150
1:16:00	95	50,5	12	97	150
1:16:10	95	50,5	12	97	150
1:16:20	95	50,5	12	97	150
1:16:30	95	50,5	12	97	150
1:16:40	95	50,5	12	97	150
1:16:50	95	50,5	12	97	150
1:17:00	95	50,6	12	97	150
1:17:10	95	50,6	12	97	150
1:17:20	95	50,6	12	97	150
1:17:30	95	50,6	12	97	150
1:17:40	95	50,6	12	97	150
1:17:50	95	50,6	12	97	150
1:18:00	95	50,6	12	97	150
1:18:10	95	50,6	12	97	150
1:18:20	95	50,7	12	97	150
1:18:30	95	50,7	12	97	150
1:18:40	95	50,7	12	97	150
1:18:50	95	50,7	12	97	150
1:19:00	95	50,7	12	97	150
1:19:10	95	50,7	12	97	150
1:19:20	95	50,7	12	97	150
1:19:30	95	50,7	12	97	150
1:19:40	95	50,7	12	97	150
1:19:50	95	50,7	12	97	150
1:20:00	95	50,7	12	97	150
1:20:10	95	50,7	12	97	150
1:20:20	95	50,7	12	97	150
1:20:30	95	50,7	12	97	150
1:20:40	95	50,7	12	97	150
1:20:50	95	50,7	11	97	150
1:21:00	95	50,7	11	97	150
1:21:10	95	50,7	11	97	150
1:21:20	95	50,8	11	97	150
1:21:30	95	50,8	11	97	150
1:21:40	95	50,8	11	97	150
1:21:50	95	50,8	11	97	150
1:22:00	95	50,8	11	97	150
1:22:10	95	50,8	11	97	150
1:22:20	95	50,8	11	97	150
1:22:30	95	50,8	11	97	150
1:22:40	95	50,8	11	97	150
1:22:50	95	50,8	11	97	150
1:23:00	95	50,8	11	97	150
1:23:10	95	50,8	11	97	150
1:23:20	95	50,8	11	97	150
1:23:30	95	50,8	11	97	150
1:23:40	95	50,8	11	97	150
1:23:50	95	50,8	11	97	150
1:24:00	95	50,8	11	97	150
1:24:10	95	50,8	11	97	150
1:24:20	95	50,8	11	96	150
1:24:30	95	50,8	11	97	150
1:24:40	95	50,8	11	96	150
1:24:50	95	50,8	11	97	150
1:25:00	95	50,9	11	97	150
1:25:10	95	50,9	11	97	150
1:25:20	95	51,0	11	97	150
1:25:30	95	51,0	11	97	150
1:25:40	95	51,0	11	97	150
1:25:50	95	51,0	11	97	150
1:26:00	95	51,0	11	97	150
1:26:10	95	51,0	11	97	150
1:26:20	95	50,9	11	96	150
1:26:30	95	50,9	11	96	150
1:26:40	95	50,9	11	96	150
1:26:50	95	50,9	11	96	150
1:27:00	95	50,9	11	96	150
1:27:10	95	50,9	11	96	150
1:27:20	95	50,9	11	96	150
1:27:30	95	50,9	11	96	150
1:27:40	95	50,9	11	96	150
1:27:50	95	50,9	11	96	150
1:28:00	95	50,9	11	96	150
1:28:10	95	51,0	11	96	150
1:28:20	95	51,0	11	97	150
1:28:30	95	50,4	11	97	150
1:28:40	95	50,4	11	97	150
1:28:50	95	50,4	11	97	150
1:29:00	95	50,5	11	97	150
1:29:10	95	50,5	11	97	150
1:29:20	95	50,5	11	96	150
1:29:30	95	50,5	11	96	150
1:29:40	95	50,5	11	96	150
1:29:50	95	50,5	11	96	150
1:30:00	95	50,5	11	96	150
1:30:10	95	50,5	11	96	150
1:30:20	95	50,5	11	96	150
1:30:30	95	50,5	11	96	150
1:30:40	95	50,5	11	97	150
1:30:50	95	50,5	11	96	150
1:31:00	95	50,5	11	97	150
1:31:10	95	50,5	11	96	150
1:31:20	95	50,5	11	96	150
1:31:30	95	50,5	11	96	150
1:31:40	95	50,5	11	96	150
1:31:50	95	50,5	11	96	150
1:32:00	95	50,5	11	96	150
1:32:10	95	50,6	11	96	150
1:32:20	95	50,6	11	96	150
1:32:30	95	50,6	11	96	150
1:32:40	95	50,6	11	96	150
1:32:50	95	50,6	11	96	150
1:33:00	95	50,6	11	96	150
1:33:10	95	50,6	11	96	150
1:33:20	95	50,6	11	96	150
1:33:30	95	50,6	11	96	150
1:33:40	95	50,6	11	96	150
1:33:50	95	50,6	11	96	150
1:34:00	95	50,6	11	96	150
1:34:10	95	50,6	11	96	150
1:34:20	95	50,6	11	96	150
1:34:30	95	50,6	11	96	150
1:34:40	95	50,6	11	96	150
1:34:50	95	50,7	11	96	150
1:35:00	95	50,7	11	96	150
1:35:10	95	50,7	11	96	150
1:35:20	95	50,7	11	96	150
1:35:30	95	50,7	11	96	150
1:35:40	95	50,7	11	96	150
1:35:50	95	50,7	11	96	150
1:36:00	95	50,7	11	96	150
1:36:10	95	50,7	11	96	150
1:36:20	95	50,7	11	96	150
1:36:30	95	50,7	11	96	150
1:36:40	95	50,7	11	96	150
1:36:50	95	50,7	11	96	150
1:37:00	95	50,7	11	96	150
1:37:10	95	50,7	11	96	150
1:37:20	95	50,7	11	96	150
1:37:30	95	50,7	11	96	150
1:37:40	95	50,7	11	96	150
1:37:50	95	50,7	11	96	150
1:38:00	95	50,7	11	96	150
1:38:10	95	50,7	11	96	150
1:38:20	95	50,7	11	96	150
1:38:30	95	50,7	11	96	150
1:38:40	95	50,7	11	96	150
1:38:50	95	50,7	11	96	150
1:39:00	95	50,7	11	96	150
1:39:10	95	50,7	11	96	150
1:39:20	95	50,7	11	96	150
1:39:30	95	50,7	11	96	150
1:39:40	95	50,7	11	96	150
1:39:50	95	50,7	11	96	150
1:40:00	95	50,7	11	96	150
1:40:10	95	50,7	11	96	150
1:40:20	95	50,8	11	96	150
1:40:30	95	50,8	11	96	150
1:40:40	95	50,8	11	96	150
1:40:50	95	50,8	11	96	150
1:41:00	95	50,8	11	96	150
1:41:10	95	50,8	11	96	150
1:41:20	95	50,8	11	96	150
1:41:30	95	50,8	11	96	150
1:41:40	95	50,8	11	96	150
1:41:50	95	50,8	11	96	150
1:42:00	95	50,8	11	96	150
1:42:10	95	50,8	11	96	150
1:42:20	95	50,8	11	96	150
1:42:30	95	50,8	11	96	150
1:42:40	95	50,8	11	96	150
1:42:50	95	50,8	11	96	150
1:43:00	95	50,8	11	96	150
1:43:10	95	50,8	11	96	150
1:43:20	95	50,8	11	96	150
1:43:30	95	50,8	11	96	150
1:43:40	95	50,8	11	96	150
1:43:50	95	50,8	11	96	150
1:44:00	95	50,8	11	96	150
1:44:10	95	50,8	11	96	150
1:44:20	95	50,8	11	96	150
1:44:30	95	50,8	11	96	150
1:44:40	95	50,8	11	96	150
1:44:50	95	50,8	11	96	150
1:45:00	95	50,8	11	96	150
1:45:10	95	50,8	11	96	150
1:45:20	95	50,8	11	96	150
1:45:30	95	50,8	11	96	150
1:45:40	95	50,8	11	96	150
1:45:50	95	50,8	11	96	150
1:46:00	95	50,8	11	96	150
1:46:10	95	50,8	11	96	150
1:46:20	95	50,9	11	96	150
1:46:30	95	50,9	11	96	150
1:46:40	95	50,9	11	96	150
1:46:50	95	50,9	11	96	150
1:47:00	95	50,9	11	96	150
1:47:10	95	50,9	11	96	150
1:47:20	95	50,9	11	96	150
1:47:30	95	50,9	11	96	150
1:47:40	95	50,9	11	96	150
1:47:50	95	50,9	11	96	150
1:48:00	95	50,9	11	96	150
1:48:10	95	50,9	11	96	150
1:48:20	95	50,9	11	96	150
1:48:30	95	50,9	11	96	150
1:48:40	95	50,9	11	96	150
1:48:50	95	50,9	11	96	150
1:49:00	95	50,9	11	96	150
1:49:10	95	50,9	11	96	150
1:49:20	95	50,9	11	96	150
1:49:30	95	50,9	11	96	150
1:49:40	95	50,9	11	96	150
1:49:50	95	50,9	11	96	150
1:50:00	95	50,9	11	96	150
1:50:10	95	50,9	11	96	150
1:50:20	95	50,9	11	96	150
1:50:30	95	50,9	11	96	150
1:50:40	95	50,9	11	96	150
1:50:50	95	50,9	11	96	150
1:51:00	95	50,9	11	96	150
1:51:10	95	50,9	11	96	150
1:51:20	95	50,9	11	96	150
1:51:30	95	50,9	11	96	150
1:51:40	95	50,9	11	96	150
1:51:50	95	50,9	11	96	150
1:52:00	95	50,9	11	96	150
1:52:10	95	50,9	11	96	150
1:52:20	95	50,9	11	96	150
1:52:30	95	50,9	11	96	150
1:52:40	95	50,9	11	96	150
1:52:50	95	50,9	11	96	150
1:53:00	95	50,9	11	96	150
1:53:10	95	50,9	11	96	150
1:53:20	95	50,9	11	96	150
1:53:30	95	50,9	11	96	150
1:53:40	95	50,9	11	96	150
1:53:50	95	51,0	11	96	150
1:54:00	95	51,0	11	96	150
1:54:10	95	51,0	11	96	150
1:54:20	95	51,0	11	96	150
1:54:30	95	51,0	11	96	150
1:54:40	95	51,0	11	96	150
1:54:50	95	51,0	11	96	150
1:55:00	95	51,0	11	96	150
1:55:10	95	51,0	11	96	150
1:55:20	95	51,0	11	96	150
1:55:30	95	51,0	11	96	150
1:55:40	95	51,0	11	96	150
1:55:50	95	51,0	11	96	150
1:56:00	95	51,0	11	96	150
1:56:10	95	51,0	11	96	150
1:56:20	95	51,0	11	96	150
1:56:30	95	51,0	11	96	150
1:56:40	95	51,0	11	96	150
1:56:50	95	51,0	11	96	150
1:57:00	95	51,0	11	96	150
1:57:10	95	51,0	11	96	150
1:57:20	95	50,5	11	96	150
1:57:30	95	50,5	11	96	150
1:57:40	95	50,5	11	96	150
1:57:50	95	50,5	11	96	150
1:58:00	95	50,5	11	96	150
1:58:10	95	50,5	11	96	150
1:58:20	95	50,5	11	96	150
1:58:30	95	50,5	11	96	150
1:58:40	95	50,5	11	96	150
1:58:50	95	50,5	11	96	150
1:59:00	95	50,5	11	96	150
1:59:10	95	50,6	11	96	150
1:59:20	95	50,6	11	96	150
1:59:30	95	50,6	11	96	150
1:59:40	95	50,6	11	96	150
1:59:50	95	50,6	11	96	150
2:00:00	95	50,6	11	96	150
2:00:10	95	50,6	11	96	150
2:00:20	95	50,5	11	96	150
2:00:30	95	50,5	11	96	150
2:00:40	95	50,5	11	96	150
2:00:50	95	50,5	11	96	150
2:01:00	95	50,5	11	96	150
2:01:10	95	50,5	11	96	150
2:01:20	95	50,5	11	96	150
2:01:30	95	50,5	11	96	150
2:01:40	95	50,5	11	96	150
2:01:50	95	50,5	11	96	150
2:02:00	95	50,6	11	96	150
2:02:10	95	50,6	11	96	150
2:02:20	95	50,6	11	96	150
2:02:30	95	50,6	11	96	150
2:02:40	95	50,6	11	96	150
2:02:50	95	50,6	11	96	150
2:03:00	95	50,6	11	96	150
2:03:10	95	50,6	11	96	150
2:03:20	95	50,6	11	96	150
2:03:30	95	50,6	11	96	150
2:03:40	95	50,6	11	96	150
2:03:50	95	50,6	11	96	150
2:04:00	95	50,6	11	96	150
2:04:10	95	50,6	11	96	150
2:04:20	95	50,6	11	96	150
2:04:30	95	50,6	11	96	150
2:04:40	95	50,6	11	96	150
2:04:50	95	50,6	11	96	150
2:05:00	95	50,6	11	96	150
2:05:10	95	50,6	11	96	150
2:05:20	95	50,6	11	96	150
2:05:30	95	50,6	11	96	150
2:05:40	95	50,6	11	96	150
2:05:50	95	50,6	11	96	150
2:06:00	95	50,6	11	96	150
2:06:10	95	50,6	11	96	150
2:06:20	95	50,6	11	96	150
2:06:30	95	50,6	11	96	150
2:06:40	95	50,6	11	96	150
2:06:50	95	50,6	11	96	150
2:07:00	95	50,6	11	96	150
2:07:10	95	50,6	11	96	150
2:07:20	95	50,6	11	96	150
2:07:30	95	50,6	11	96	150
2:07:40	95	50,6	11	96	150
2:07:50	95	50,6	11	96	150
2:08:00	95	50,6	11	96	150
2:08:10	95	50,6	11	96	150
2:08:20	95	50,6	11	96	150
2:08:30	95	50,6	11	96	150
2:08:40	95	50,6	11	96	150
2:08:50	95	50,6	11	96	150
2:09:00	95	50,6	11	96	150
2:09:10	95	50,6	11	96	150
2:09:20	95	50,6	11	96	150
2:09:30	95	50,7	11	96	150
2:09:40	95	50,7	11	96	150
2:09:50	95	50,6	11	96	150
2:10:00	95	50,7	11	96	150
2:10:10	95	50,7	11	96	150
2:10:20	95	50,7	11	96	150
2:10:30	95	50,7	11	96	150
2:10:40	95	50,6	11	96	150
2:10:50	95	50,6	11	96	150
2:11:00	95	50,6	11	96	150
2:11:10	95	50,6	11	96	150
2:11:20	95	50,6	11	96	150
2:11:30	95	50,6	11	96	150
2:11:40	95	50,6	11	96	150
2:11:50	95	50,7	11	96	150
2:12:00	95	50,6	11	96	150
2:12:10	95	50,6	11	96	150
2:12:20	95	50,7	11	96	150
2:12:30	95	50,7	11	96	150
2:12:40	95	50,7	11	96	150
2:12:50	95	50,6	11	96	150
2:13:00	95	50,6	11	96	150
2:13:10	95	50,6	11	96	150
2:13:20	95	50,6	11	96	150
2:13:30	95	50,7	11	96	150
2:13:40	95	50,7	11	96	150
2:13:50	95	50,7	11	96	150
2:14:00	95	50,7	11	96	150
2:14:10	95	50,7	11	96	150
2:14:20	95	50,7	11	96	150
2:14:30	95	50,7	11	96	150
2:14:40	95	50,7	11	96	150
2:14:50	95	50,7	11	96	150
2:15:00	95	50,7	11	96	150
2:15:10	95	50,7	11	96	150
2:15:20	95	50,7	11	96	150
2:15:30	95	50,7	11	96	150
2:15:40	95	50,7	11	96	150
2:15:50	95	50,7	11	96	150
2:16:00	95	50,7	11	96	150
2:16:10	95	50,7	11	96	150
2:16:20	95	50,7	11	96	150
2:16:30	95	50,7	11	96	150
2:16:40	95	50,7	11	96	150
2:16:50	95	50,7	11	96	150
2:17:00	95	50,7	11	96	150
2:17:10	95	50,7	11	96	150
2:17:20	95	50,7	11	96	150
2:17:30	95	50,7	11	96	150
2:17:40	95	50,7	11	96	150
2:17:50	95	50,7	11	96	150
2:18:00	95	50,7	11	96	150
2:18:10	95	50,7	11	96	150
2:18:20	95	50,7	11	96	150
2:18:30	95	50,7	11	96	150
2:18:40	95	50,7	11	96	150
2:18:50	95	50,7	11	96	150
2:19:00	95	50,7	11	96	150
2:19:10	95	50,7	11	96	150
2:19:20	95	50,7	11	96	150
2:19:30	95	50,7	11	96	150
2:19:40	95	50,7	11	96	150
2:19:50	95	50,7	11	96	150
2:20:00	95	50,7	11	96	150
2:20:10	95	50,7	11	96	150
2:20:20	95	50,7	11	96	150
2:20:30	95	50,7	11	96	150
2:20:40	95	50,7	11	96	150
2:20:50	95	50,7	11	96	150
2:21:00	95	50,7	11	96	150
2:21:10	95	50,7	11	96	150
2:21:20	95	50,7	11	96	150
2:21:30	95	50,7	11	96	150
2:21:40	95	50,7	11	96	150
2:21:50	95	50,7	11	96	150
2:22:00	95	50,7	11	96	150
2:22:10	95	50,7	11	96	150
2:22:20	95	50,7	11	96	150
2:22:30	95	50,7	11	96	150
2:22:40	95	50,7	11	96	150
2:22:50	95	50,7	11	96	150
2:23:00	95	50,7	11	96	150
2:23:10	95	50,7	11	96	150
2:23:20	95	50,7	11	96	150
2:23:30	95	50,8	11	96	150
2:23:40	95	50,7	11	96	150
2:23:50	95	50,7	11	96	150
2:24:00	95	50,7	11	96	150
2:24:10	95	50,7	11	96	150
2:24:20	95	50,7	11	96	150
2:24:30	95	50,7	11	96	150
2:24:40	95	50,7	11	96	150
2:24:50	95	50,7	11	96	150
2:25:00	95	50,7	11	96	150
2:25:10	95	50,7	11	96	150
2:25:20	95	50,7	11	96	150
2:25:30	95	50,7	11	96	150
2:25:40	95	50,7	11	96	150
2:25:50	95	50,7	11	96	150
2:26:00	95	50,7	11	96	150
2:26:10	95	50,8	11	96	150
2:26:20	95	50,7	11	96	150
2:26:30	95	50,7	11	96	150
2:26:40	95	50,8	11	96	150
2:26:50	95	50,7	11	96	150
2:27:00	95	50,8	11	96	150
2:27:10	95	50,8	11	96	150
2:27:20	95	50,8	11	96	150
2:27:30	95	50,8	11	96	150
2:27:40	95	50,8	11	96	150
2:27:50	95	50,8	11	96	150
2:28:00	95	50,8	11	96	150
2:28:10	95	50,8	11	96	150
2:28:20	95	50,8	11	96	150
2:28:30	95	50,8	11	96	150
2:28:40	95	50,8	11	96	150
2:28:50	95	50,8	11	96	150
2:29:00	95	50,8	11	96	150
2:29:10	95	50,8	11	96	150
2:29:20	95	50,8	11	96	150
2:29:30	95	50,8	11	96	150
2:29:40	95	50,8	11	96	150
2:29:50	95	50,8	11	96	150
2:30:00	95	50,8	11	96	150
2:30:10	95	50,8	11	96	150
2:30:20	95	50,8	11	96	150
2:30:30	95	50,8	11	96	150
2:30:40	95	50,8	11	96	150
2:30:50	95	50,8	11	96	150
2:31:00	95	50,8	11	96	150
2:31:10	95	50,8	11	96	150
2:31:20	95	50,8	11	96	150
2:31:30	95	50,8	11	96	150
2:31:40	95	50,8	11	96	150
2:31:50	95	50,8	11	96	150
2:32:00	95	50,8	11	96	150
2:32:10	95	50,8	11	96	150
2:32:20	95	50,8	11	96	150
2:32:30	95	50,8	11	96	150
2:32:40	95	50,8	11	96	150
2:32:50	95	50,8	11	96	150
2:33:00	95	50,8	11	96	150
2:33:10	95	50,8	11	96	150
2:33:20	95	50,8	11	96	150
2:33:30	95	50,8	11	96	150
2:33:40	95	50,8	11	96	150
2:33:50	95	50,8	11	96	150
2:34:00	95	50,8	11	96	150
2:34:10	95	50,8	11	96	150
2:34:20	95	50,9	11	96	150
2:34:30	95	50,9	11	96	150
2:34:40	95	50,8	11	96	150
2:34:50	95	50,8	11	96	150
2:35:00	95	50,8	11	96	150
2:35:10	95	50,8	11	96	150
2:35:20	95	50,8	11	96	150
2:35:30	95	50,8	11	96	150
2:35:40	95	50,8	11	96	150
2:35:50	95	50,8	11	96	150
2:36:00	95	50,8	11	96	150
2:36:10	95	50,8	11	96	150
2:36:20	95	50,8	11	96	150
2:36:30	95	50,8	11	96	150
2:36:40	95	50,8	11	96	150
2:36:50	95	50,8	11	96	150
2:37:00	95	50,8	11	96	150
2:37:10	95	50,8	11	96	150
2:37:20	95	50,8	11	96	150
2:37:30	95	50,8	11	96	150
2:37:40	95	50,8	11	96	150
2:37:50	95	50,8	11	96	150
2:38:00	95	50,8	11	96	150
2:38:10	95	50,8	11	96	150
2:38:20	95	50,8	11	96	150
2:38:30	95	50,8	11	96	150
2:38:40	95	50,8	11	96	150
2:38:50	95	50,8	11	96	150
2:39:00	95	50,8	11	96	150
2:39:10	95	50,8	11	96	150
2:39:20	95	50,8	11	96	150
2:39:30	95	50,8	11	96	150
2:39:40	95	50,8	11	96	150
2:39:50	95	50,8	11	96	150
2:40:00	95	50,8	11	96	150
2:40:10	95	50,8	11	96	150
2:40:20	95	50,8	11	96	150
2:40:30	95	50,8	11	96	150
2:40:40	95	50,8	11	96	150
2:40:50	95	50,8	11	96	150
2:41:00	95	50,8	11	96	150
2:41:10	95	50,8	11	96	150
2:41:20	95	50,8	11	96	150
2:41:30	95	50,8	11	96	150
2:41:40	95	50,8	11	96	150
2:41:50	95	50,8	11	96	150
2:42:00	95	50,8	11	96	150
2:42:10	95	50,8	11	95	150
2:42:20	95	50,8	11	96	150
2:42:30	95	50,8	11	96	150
2:42:40	95	50,8	11	96	150
2:42:50	95	50,8	11	96	150
2:43:00	95	50,8	11	96	150
2:43:10	95	50,8	11	96	150
2:43:20	95	50,8	11	96	150
2:43:30	95	50,8	11	96	150
2:43:40	95	50,8	11	96	150
2:43:50	95	50,8	11	96	150
2:44:00	95	50,8	11	96	150
2:44:10	95	50,8	11	96	150
2:44:20	95	50,8	11	96	150
2:44:30	95	50,8	11	96	150
2:44:40	95	50,8	11	96	150
2:44:50	95	50,8	11	96	150
2:45:00	95	50,8	11	96	150
2:45:10	95	50,8	11	95	150
2:45:20	95	50,8	11	96	150
2:45:30	95	50,8	11	96	150
2:45:40	95	50,8	11	96	150
2:45:50	95	50,8	11	96	150
2:46:00	95	50,8	11	96	150
2:46:10	95	50,8	11	96	150
2:46:20	95	50,8	11	96	150
2:46:30	95	50,8	11	96	150
2:46:40	95	50,8	11	96	150
2:46:50	95	50,8	11	96	150
2:47:00	95	50,8	11	96	150
2:47:10	95	50,8	11	96	150
2:47:20	95	50,8	11	96	150
2:47:30	95	50,8	11	96	150
2:47:40	95	50,8	11	96	150
2:47:50	95	50,8	11	96	150
2:48:00	95	50,8	11	96	150
2:48:10	95	50,8	11	96	150
2:48:20	95	50,8	11	96	150
2:48:30	95	50,8	11	96	150
2:48:40	95	50,9	11	96	150
2:48:50	95	50,9	11	96	150
2:49:00	95	50,9	11	96	150
2:49:10	95	50,9	11	96	150
2:49:20	95	50,9	11	96	150
2:49:30	95	50,8	11	96	150
2:49:40	95	50,9	11	96	150
2:49:50	95	50,9	11	96	150
2:50:00	95	50,9	11	96	150
2:50:10	95	50,9	11	96	150
2:50:20	95	50,9	11	96	150
2:50:30	95	50,9	11	96	150
2:50:40	95	50,9	11	96	150
2:50:50	95	50,9	11	96	150
2:51:00	95	50,9	11	96	150
2:51:10	95	50,9	11	96	150
2:51:20	95	50,9	11	96	150
2:51:30	95	50,9	11	96	150
2:51:40	95	50,9	11	96	150
2:51:50	95	50,8	11	96	150
2:52:00	95	50,8	11	96	150
2:52:10	95	50,9	11	96	150
2:52:20	95	50,8	11	96	150
2:52:30	95	50,8	11	96	150
2:52:40	95	50,8	11	96	150
2:52:50	95	50,8	11	96	150
2:53:00	95	50,9	11	96	150
2:53:10	95	50,9	11	96	150
2:53:20	95	50,9	11	96	150
2:53:30	95	50,9	11	96	150
2:53:40	95	50,9	11	96	150
2:53:50	95	50,9	11	96	150
2:54:00	95	50,9	11	96	150
2:54:10	95	50,9	11	96	150
2:54:20	95	50,9	11	96	150
2:54:30	95	50,9	11	96	150
2:54:40	95	50,9	11	96	150
2:54:50	95	50,9	11	96	150
2:55:00	95	50,9	11	96	150
2:55:10	95	50,9	11	96	150
2:55:20	95	50,9	11	96	150
2:55:30	95	50,9	11	96	150
2:55:40	95	50,9	11	96	150
2:55:50	95	50,9	11	96	150
2:56:00	95	50,9	11	96	150
2:56:10	95	50,9	11	96	150
2:56:20	95	50,9	11	96	150
2:56:30	95	50,9	11	96	150
2:56:40	95	50,9	11	96	150
2:56:50	95	50,9	11	96	150
2:57:00	95	50,9	11	96	150
2:57:10	95	50,9	11	96	150
2:57:20	95	50,9	11	96	150
2:57:30	95	50,9	11	96	150
2:57:40	95	50,9	11	96	150
2:57:50	95	50,9	11	96	150
2:58:00	95	50,9	11	96	150
2:58:10	95	50,9	11	96	150
2:58:20	95	50,9	11	96	150
2:58:30	95	50,9	11	96	150
2:58:40	95	50,9	11	96	150
2:58:50	95	50,9	11	96	150
2:59:00	95	50,9	11	96	150
2:59:10	95	50,9	11	96	150
2:59:20	95	50,9	11	96	150
2:59:30	95	50,9	11	96	150
2:59:40	95	50,9	11	96	150
2:59:50	95	50,9	11	96	150
3:00:00	95	50,9	11	96	150
3:00:10	95	50,9	11	96	150
3:00:20	95	50,9	11	96	150
3:00:30	95	50,9	11	96	150
3:00:40	95	50,9	11	96	150
3:00:50	95	50,9	11	96	150
3:01:00	95	50,9	11	96	150
3:01:10	95	50,9	11	96	150
3:01:20	95	50,9	11	96	150
3:01:30	95	50,9	11	96	150
3:01:40	95	50,9	11	96	150
3:01:50	95	50,9	11	96	150
3:02:00	95	50,9	11	96	150
3:02:10	95	50,9	11	96	150
3:02:20	95	50,9	11	96	150
3:02:30	95	50,9	11	96	150
3:02:40	95	50,9	11	96	150
3:02:50	95	50,9	11	96	150
3:03:00	95	50,9	11	96	150
3:03:10	95	50,9	11	96	150
3:03:20	95	50,9	11	96	150
3:03:30	95	50,9	11	96	150
3:03:40	95	50,9	11	96	150
3:03:50	95	50,9	11	96	150
3:04:00	95	50,9	11	96	150
3:04:10	95	50,9	11	96	150
3:04:20	95	50,9	11	96	150
3:04:30	95	50,9	11	96	150
3:04:40	95	50,9	11	96	150
3:04:50	95	50,9	11	96	150
3:05:00	95	50,9	11	96	150
3:05:10	95	50,9	11	96	150
3:05:20	95	50,9	11	96	150
3:05:30	95	50,9	11	96	150
3:05:40	95	50,9	11	96	150
3:05:50	95	50,9	11	96	150
3:06:00	95	50,9	11	96	150
3:06:10	95	50,9	11	96	150
3:06:20	95	50,9	11	96	150
3:06:30	95	50,9	11	96	150
3:06:40	95	50,9	11	96	150
3:06:50	95	50,9	11	96	150
3:07:00	95	50,9	11	96	150
3:07:10	95	50,9	11	96	150
3:07:20	95	50,9	11	96	150
3:07:30	95	50,9	11	96	150
3:07:40	95	50,9	11	96	150
3:07:50	95	50,9	11	96	150
3:08:00	95	50,9	11	96	150
3:08:10	95	50,9	11	96	150
3:08:20	95	50,9	11	96	150
3:08:30	95	50,9	11	96	150
3:08:40	95	50,9	11	96	150
3:08:50	95	50,9	11	96	150
3:09:00	95	50,9	11	96	150
3:09:10	95	50,9	11	96	150
3:09:20	95	50,9	11	96	150
3:09:30	95	50,9	11	96	150
3:09:40	95	50,9	11	96	150
3:09:50	95	50,9	11	96	150
3:10:00	95	50,9	11	96	150
3:10:10	95	50,9	11	95	150
3:10:20	95	50,9	11	96	150
3:10:30	95	50,9	11	96	150
3:10:40	95	50,9	11	96	150
3:10:50	95	50,9	11	96	150
3:11:00	95	50,9	11	96	150
3:11:10	95	50,9	11	96	150
3:11:20	95	50,9	11	96	150
3:11:30	95	50,9	11	96	150
3:11:40	95	50,9	11	96	150
3:11:50	95	50,9	11	95	150
3:12:00	95	50,9	11	96	150
3:12:10	95	50,9	11	96	150
3:12:20	95	50,9	11	95	150
3:12:30	95	50,9	11	95	150
3:12:40	95	50,9	11	95	150
3:12:50	95	50,9	11	96	150
3:13:00	95	50,9	11	96	150
3:13:10	95	50,9	11	96	150
3:13:20	95	50,9	11	96	150
3:13:30	95	50,9	11	96	150
3:13:40	95	50,9	11	96	150
3:13:50	95	50,9	11	96	150
3:14:00	95	50,9	11	96	150
3:14:10	95	50,9	11	96	150
3:14:20	95	50,9	11	96	150
3:14:30	95	50,9	11	96	150
3:14:40	95	50,9	11	96	150
3:14:50	95	50,9	11	96	150
3:15:00	95	50,9	11	96	150
3:15:10	95	50,9	11	96	150
3:15:20	95	50,9	11	96	150
3:15:30	95	50,9	11	96	150
3:15:40	95	50,9	11	96	150
3:15:50	95	50,9	11	96	150
3:16:00	95	50,9	11	96	150
3:16:10	95	50,9	11	96	150
3:16:20	95	50,9	11	95	150
3:16:30	95	50,9	11	96	150
3:16:40	95	50,9	11	96	150
3:16:50	95	50,9	11	96	150
3:17:00	95	50,9	11	96	150
3:17:10	95	50,9	11	96	150
3:17:20	95	50,9	11	96	150
3:17:30	95	50,9	11	96	150
3:17:40	95	50,9	11	96	150
3:17:50	95	50,9	11	96	150
3:18:00	95	50,9	11	96	150
3:18:10	95	50,9	11	96	150
3:18:20	95	50,9	11	96	150
3:18:30	95	50,9	11	96	150
3:18:40	95	50,9	11	96	150
3:18:50	95	50,9	11	96	150
3:19:00	95	50,9	11	96	150
3:19:10	95	50,9	11	96	150
3:19:20	95	50,9	11	95	150
3:19:30	95	50,9	11	96	150
3:19:40	95	50,9	11	96	150
3:19:50	95	50,9	11	96	150
3:20:00	95	50,9	11	96	150
3:20:10	95	50,9	11	96	150
3:20:20	95	50,9	11	96	150
3:20:30	95	50,9	11	96	150
3:20:40	95	50,9	11	96	150
3:20:50	95	50,9	11	95	150
3:21:00	95	50,9	11	96	150
3:21:10	95	50,9	11	96	150
3:21:20	95	50,9	11	96	150
3:21:30	95	50,9	11	96	150
3:21:40	95	50,9	11	96	150
3:21:50	95	50,9	11	96	150
3:22:00	95	50,9	11	95	150
3:22:10	95	50,9	11	96	150
3:22:20	95	50,9	11	96	150
3:22:30	95	50,9	11	96	150
3:22:40	95	50,9	11	96	150
3:22:50	95	50,9	11	95	150
3:23:00	95	50,9	11	95	150
3:23:10	95	50,9	11	96	150
3:23:20	95	50,9	11	96	150
3:23:30	95	50,9	11	96	150
3:23:40	95	50,9	11	96	150
3:23:50	95	50,9	11	96	150
3:24:00	95	50,9	11	95	150
3:24:10	95	50,9	11	96	150
3:24:20	95	50,9	11	96	150
3:24:30	95	50,9	11	96	150
3:24:40	95	50,9	11	96	150
3:24:50	95	50,9	11	96	150
3:25:00	95	50,9	11	96	150
3:25:10	95	50,9	11	96	150
3:25:20	95	50,9	11	96	150
3:25:30	95	51,0	11	96	150
3:25:40	95	51,0	11	96	150
3:25:50	95	51,0	11	96	150
3:26:00	95	50,9	11	96	150
3:26:10	95	50,9	11	96	150
3:26:20	95	50,9	11	96	150
3:26:30	95	50,9	11	96	150
3:26:40	95	50,9	11	96	150
3:26:50	95	50,9	11	96	150
3:27:00	95	50,9	11	95	150
3:27:10	95	50,9	11	96	150
3:27:20	95	50,9	11	96	150
3:27:30	95	50,9	11	95	150
3:27:40	95	50,9	11	96	150
3:27:50	95	50,9	11	95	150
3:28:00	95	50,9	11	95	150
3:28:10	95	50,9	11	96	150
3:28:20	95	50,9	11	96	150
3:28:30	95	50,9	11	96	150
3:28:40	95	50,9	11	96	150
3:28:50	95	50,9	11	96	150
3:29:00	95	50,9	11	96	150
3:29:10	95	50,9	11	96	150
3:29:20	95	50,9	11	96	150
3:29:30	95	50,9	11	96	150
3:29:40	95	50,9	11	96	150
3:29:50	95	50,9	11	96	150
3:30:00	95	50,9	11	96	150
3:30:10	95	50,9	11	96	150
3:30:20	95	50,9	11	96	150
3:30:30	95	50,9	11	96	150
3:30:40	95	50,9	11	96	150
3:30:50	95	50,9	11	95	150
3:31:00	95	50,9	11	96	150
3:31:10	95	50,8	11	95	150
3:31:20	95	50,8	11	95	150
3:31:30	95	50,8	11	95	150
3:31:40	95	50,8	11	96	150
3:31:50	95	50,8	11	95	150
3:32:00	95	50,8	11	95	150
3:32:10	95	50,8	11	95	150
3:32:20	95	50,8	11	96	150
3:32:30	95	50,8	11	96	150
3:32:40	95	50,8	11	95	150
3:32:50	95	50,8	11	96	150
3:33:00	95	50,8	11	95	150
3:33:10	95	50,8	11	96	150
3:33:20	95	50,8	11	96	150
3:33:30	95	50,8	11	96	150
3:33:40	95	50,8	11	95	150
3:33:50	95	50,8	11	96	150
3:34:00	95	50,8	11	95	150
3:34:10	95	50,8	11	96	150
3:34:20	95	50,8	11	96	150
3:34:30	95	50,8	11	96	150
3:34:40	95	50,8	11	96	150
3:34:50	95	50,8	11	95	150
3:35:00	95	50,8	11	96	150
3:35:10	95	50,8	11	96	150
3:35:20	95	50,8	11	96	150
3:35:30	95	50,8	11	96	150
3:35:40	95	50,8	11	96	150
3:35:50	95	50,8	11	95	150
3:36:00	95	50,8	11	95	150
3:36:10	95	50,8	11	96	150
3:36:20	95	50,8	11	95	150
3:36:30	95	50,8	11	96	150
3:36:40	95	50,8	11	96	150
3:36:50	95	50,8	11	96	150
3:37:00	95	50,9	11	96	150
3:37:10	95	50,9	11	96	150
3:37:20	95	50,9	11	96	150
3:37:30	95	50,8	11	96	150
3:37:40	95	50,9	11	96	150
3:37:50	95	50,8	11	96	150
3:38:00	95	50,8	11	96	150
3:38:10	95	50,9	11	96	150
3:38:20	95	50,8	11	96	150
3:38:30	95	50,8	11	95	150
3:38:40	95	50,8	11	96	150
3:38:50	95	50,8	11	95	150
3:39:00	95	50,8	11	96	150
3:39:10	95	50,8	11	96	150
3:39:20	95	50,8	11	96	150
3:39:30	95	50,8	11	96	150
3:39:40	95	50,8	11	96	150
3:39:50	95	50,9	11	96	150
3:40:00	95	50,9	11	96	150
3:40:10	95	50,9	11	96	150
3:40:20	95	50,9	11	95	150
3:40:30	95	50,9	11	96	150
3:40:40	95	50,9	11	96	150
3:40:50	95	50,9	11	96	150
3:41:00	95	50,9	11	95	150
3:41:10	95	50,9	11	96	150
3:41:20	95	50,9	11	95	150
3:41:30	95	50,9	11	96	150
3:41:40	95	50,8	11	96	150
3:41:50	95	50,8	11	96	150
3:42:00	95	50,8	11	96	150
3:42:10	95	50,8	11	96	150
3:42:20	95	50,8	11	96	150
3:42:30	95	50,9	11	95	150
3:42:40	95	50,9	11	96	150
3:42:50	95	50,9	11	96	150
3:43:00	95	50,8	11	96	150
3:43:10	95	50,9	11	96	150
3:43:20	95	50,9	11	96	150
3:43:30	95	50,9	11	96	150
3:43:40	95	50,9	11	96	150
3:43:50	95	50,8	11	96	150
3:44:00	95	50,9	11	95	150
3:44:10	95	50,8	11	96	150
3:44:20	95	50,9	11	96	150
3:44:30	95	50,9	11	96	150
3:44:40	95	50,9	11	96	150
3:44:50	95	50,9	11	96	150
3:45:00	95	50,9	11	96	150
3:45:10	95	50,9	11	96	150
3:45:20	95	50,9	11	96	150
3:45:30	95	50,9	11	96	150
3:45:40	95	50,9	11	96	150
3:45:50	95	50,9	11	96	150
3:46:00	95	50,9	11	96	150
3:46:10	95	50,9	11	96	150
3:46:20	95	50,9	11	96	150
3:46:30	95	50,9	11	96	150
3:46:40	95	50,9	11	96	150
3:46:50	95	50,9	11	96	150
3:47:00	95	50,9	11	96	150
3:47:10	95	50,9	11	96	150
3:47:20	95	50,9	11	96	150
3:47:30	95	50,9	11	96	150
3:47:40	95	50,9	11	96	150
3:47:50	95	50,9	11	96	150
3:48:00	95	50,9	11	96	150
3:48:10	95	50,9	11	96	150
3:48:20	95	50,9	11	96	150
3:48:30	95	50,9	11	96	150
3:48:40	95	50,9	11	96	150
3:48:50	95	50,9	11	96	150
3:49:00	95	50,9	11	96	150
3:49:10	95	50,9	11	96	150
3:49:20	95	50,9	11	96	150
3:49:30	95	50,9	11	96	150
3:49:40	95	50,9	11	96	150
3:49:50	95	50,9	11	96	150
3:50:00	95	50,9	11	96	150
3:50:10	95	50,9	11	96	150
3:50:20	95	50,9	11	96	150
3:50:30	95	50,9	11	96	150
3:50:40	95	50,9	11	96	150
3:50:50	95	50,9	11	96	150
3:51:00	95	50,9	11	96	150
3:51:10	95	50,9	11	96	150
3:51:20	95	50,9	11	96	150
3:51:30	95	50,9	11	96	150
3:51:40	95	50,9	11	96	150
3:51:50	95	50,9	11	96	150
3:52:00	95	50,9	11	96	150
3:52:10	95	50,9	11	96	150
3:52:20	95	50,9	11	96	150
3:52:30	95	50,9	11	96	150
3:52:40	95	50,9	11	96	150
3:52:50	95	50,9	11	96	150
3:53:00	95	50,9	11	96	150
3:53:10	95	50,9	11	96	150
3:53:20	95	50,8	11	95	150
3:53:30	95	50,8	11	95	150
3:53:40	95	50,8	11	95	150
3:53:50	95	50,8	11	96	150
3:54:00	95	50,8	11	96	150
3:54:10	95	50,8	11	95	150
3:54:20	95	50,8	11	96	150
3:54:30	95	50,8	11	96	150
3:54:40	95	50,8	11	96	150
3:54:50	95	50,8	11	96	150
3:55:00	95	50,9	11	95	150
3:55:10	95	50,9	11	96	150
3:55:20	95	50,9	11	96	150
3:55:30	95	50,9	11	96	150
3:55:40	95	50,9	11	96	150
3:55:50	95	50,9	11	96	150
3:56:00	95	50,9	11	96	150
3:56:10	95	50,9	11	95	150
3:56:20	95	50,9	11	96	150
3:56:30	95	50,9	11	96	150
3:56:40	95	50,9	11	96	150
3:56:50	95	50,9	11	96	150
3:57:00	95	50,9	11	96	150
3:57:10	95	50,9	11	96	150
3:57:20	95	50,9	11	96	150
3:57:30	95	50,9	11	96	150
3:57:40	95	50,9	11	96	150
3:57:50	95	50,9	11	96	150
3:58:00	95	50,9	11	96	150
3:58:10	95	50,9	11	95	150
3:58:20	95	50,9	11	96	150
3:58:30	95	50,9	11	96	150
3:58:40	95	50,9	11	96	150
3:58:50	95	50,9	11	96	150
3:59:00	95	50,9	11	96	150
3:59:10	95	50,9	11	96	150
3:59:20	95	50,9	11	96	150
3:59:30	95	50,9	11	96	150
3:59:40	95	50,9	11	96	150
3:59:50	95	50,9	11	96	150
4:00:00	95	50,9	11	96	150
4:00:10	95	50,9	11	96	150
4:00:20	95	50,9	11	96	150
4:00:30	95	50,9	11	96	150
4:00:40	95	50,9	11	96	150
4:00:50	95	50,9	11	96	150
4:01:00	95	50,9	11	96	150
4:01:10	95	50,9	11	96	150
4:01:20	95	50,9	11	96	150
4:01:30	95	50,9	11	96	150
4:01:40	95	50,9	11	96	150
4:01:50	95	50,9	11	96	150
4:02:00	95	50,9	11	96	150
4:02:10	95	50,9	11	96	150
4:02:20	95	50,9	11	95	150
4:02:30	95	50,9	11	96	150
4:02:40	95	50,9	11	96	150
4:02:50	95	50,9	11	96	150
4:03:00	95	50,9	11	96	150
4:03:10	95	50,9	11	96	150
4:03:20	95	50,9	11	96	150
4:03:30	95	50,9	11	96	150
4:03:40	95	50,9	11	96	150
4:03:50	95	51,0	11	96	150
4:04:00	95	51,0	11	96	150
4:04:10	95	50,9	11	96	150
4:04:20	95	50,9	11	96	150
4:04:30	95	50,9	11	96	150
4:04:40	95	50,9	11	96	150
4:04:50	95	50,9	11	96	150
4:05:00	95	50,9	11	95	150
4:05:10	95	50,9	11	96	150
4:05:20	95	50,9	11	96	150
4:05:30	95	50,9	11	96	150
4:05:40	95	50,9	11	96	150
4:05:50	95	50,9	11	96	150
4:06:00	95	50,9	11	95	150
4:06:10	95	50,9	11	96	150
4:06:20	95	50,9	11	96	150
4:06:30	95	50,9	11	96	150
4:06:40	95	50,9	11	96	150
4:06:50	95	50,9	11	96	150
4:07:00	95	50,9	11	96	150
4:07:10	95	50,9	11	96	150
4:07:20	95	50,9	11	96	150
4:07:30	95	50,9	11	96	150
4:07:40	95	50,9	11	96	150
4:07:50	95	50,9	11	96	150
4:08:00	95	50,9	11	96	150
4:08:10	95	50,9	11	96	150
4:08:20	95	50,9	11	96	150
4:08:30	95	50,9	11	96	150
4:08:40	95	50,9	11	96	150
4:08:50	95	50,9	11	96	150
4:09:00	95	50,9	11	96	150
4:09:10	95	50,9	11	96	150
4:09:20	95	50,9	11	96	150
4:09:30	95	50,9	11	96	150
4:09:40	95	50,9	11	96	150
4:09:50	95	50,9	11	96	150
4:10:00	95	50,9	11	96	150
4:10:10	95	50,9	11	96	150
4:10:20	95	50,9	11	96	150
4:10:30	95	50,9	11	96	150
4:10:40	95	50,9	11	96	150
4:10:50	95	50,9	11	96	150
4:11:00	95	50,9	11	96	150
4:11:10	95	50,9	11	95	150
4:11:20	95	50,9	11	96	150
4:11:30	95	50,9	11	96	150
4:11:40	95	50,9	11	96	150
4:11:50	95	50,9	11	96	150
4:12:00	95	50,9	11	96	150
4:12:10	95	50,9	11	96	150
4:12:20	95	50,9	11	96	150
4:12:30	95	50,9	11	96	150
4:12:40	95	50,9	11	96	150
4:12:50	95	50,9	11	96	150
4:13:00	95	50,9	11	96	150
4:13:10	95	50,9	11	96	150
4:13:20	95	50,9	11	96	150
4:13:30	95	50,9	11	96	150
4:13:40	95	50,9	11	96	150
4:13:50	95	50,9	11	96	150
4:14:00	95	50,9	11	96	150
4:14:10	95	50,9	11	95	150
4:14:20	95	50,9	11	96	150
4:14:30	95	50,9	11	96	150
4:14:40	95	50,9	11	96	150
4:14:50	95	50,9	11	96	150
4:15:00	95	50,9	11	96	150
4:15:10	95	50,9	11	96	150
4:15:20	95	50,9	11	96	150
4:15:30	95	50,9	11	96	150
4:15:40	95	50,9	11	96	150
4:15:50	95	50,9	11	96	150
4:16:00	95	50,9	11	96	150
4:16:10	95	50,9	11	96	150
4:16:20	95	50,9	11	96	150
4:16:30	95	50,9	11	96	150
4:16:40	95	50,9	11	95	150
4:16:50	95	50,9	11	96	150
4:17:00	95	50,9	11	96	150
4:17:10	95	50,9	11	96	150
4:17:20	95	50,9	11	96	150
4:17:30	95	50,9	11	96	150
4:17:40	95	50,9	11	96	150
4:17:50	95	50,9	11	95	150
4:18:00	95	50,9	11	96	150
4:18:10	95	50,9	11	96	150
4:18:20	95	50,9	11	96	150
4:18:30	95	50,9	11	96	150
4:18:40	95	50,9	11	96	150
4:18:50	95	50,9	11	96	150
4:19:00	95	50,9	11	96	150
4:19:10	95	50,9	11	96	150
4:19:20	95	50,9	11	96	150
4:19:30	95	50,9	11	96	150
4:19:40	95	50,9	11	96	150
4:19:50	95	50,9	11	96	150
4:20:00	95	50,9	11	95	150
4:20:10	95	50,9	11	96	150
4:20:20	95	50,9	11	95	150
4:20:30	95	50,9	11	96	150
4:20:40	95	50,9	11	96	150
4:20:50	95	50,9	11	96	150
4:21:00	95	50,9	11	96	150
4:21:10	95	50,9	11	96	150
4:21:20	95	50,9	11	96	150
4:21:30	95	50,9	11	96	150
4:21:40	95	50,9	11	96	150
4:21:50	95	50,9	11	96	150
4:22:00	95	50,9	11	96	150
4:22:10	95	50,9	11	96	150
4:22:20	95	50,9	11	96	150
4:22:30	95	50,9	11	96	150
4:22:40	95	50,9	11	96	150
4:22:50	95	50,9	11	96	150
4:23:00	95	50,9	11	96	150
4:23:10	95	50,9	11	96	150
4:23:20	95	50,9	11	96	150
4:23:30	95	50,9	11	96	150
4:23:40	95	50,9	11	96	150
4:23:50	95	50,9	11	96	150
4:24:00	95	50,8	11	96	150
4:24:10	95	50,8	11	96	150
4:24:20	95	50,8	11	95	150
4:24:30	95	50,8	11	96	150
4:24:40	95	50,8	11	96	150
4:24:50	95	50,8	11	96	150
4:25:00	95	50,8	11	96	150
4:25:10	95	50,8	11	96	150
4:25:20	95	50,8	11	96	150
4:25:30	95	50,8	11	96	150
4:25:40	95	50,8	11	96	150
4:25:50	95	50,8	11	95	150
4:26:00	95	50,8	11	96	150
4:26:10	95	50,9	11	96	150
4:26:20	95	50,9	11	96	150
4:26:30	95	50,9	11	96	150
4:26:40	95	50,9	11	96	150
4:26:50	95	50,9	11	96	150
4:27:00	95	50,9	11	96	150
4:27:10	95	50,9	11	96	150
4:27:20	95	50,9	11	96	150
4:27:30	95	50,9	11	96	150
4:27:40	95	50,9	11	96	150
4:27:50	95	50,9	11	96	150
4:28:00	95	50,9	11	96	150
4:28:10	95	50,9	11	96	150
4:28:20	95	50,9	11	95	150
4:28:30	95	50,9	11	96	150
4:28:40	95	50,9	11	96	150
4:28:50	95	50,9	11	96	150
4:29:00	95	50,9	11	96	150
4:29:10	95	50,9	11	96	150
4:29:20	95	50,9	11	96	150
4:29:30	95	50,9	11	95	150
4:29:40	95	50,9	11	96	150
4:29:50	95	50,9	11	96	150
4:30:00	95	50,9	11	95	150
4:30:10	95	50,9	11	96	150
4:30:20	95	50,9	11	96	150
4:30:30	95	50,8	11	95	150
4:30:40	95	50,8	11	95	150
4:30:50	95	50,8	11	96	150
4:31:00	95	50,8	11	96	150
4:31:10	95	50,9	11	96	150
4:31:20	95	50,9	11	96	150
4:31:30	95	50,9	11	96	150
4:31:40	95	50,9	11	96	150
4:31:50	95	50,9	11	96	150
4:32:00	95	50,9	11	96	150
4:32:10	95	50,9	11	96	150
4:32:20	95	50,9	11	96	150
4:32:30	95	50,9	11	96	150
4:32:40	95	50,9	11	96	150
4:32:50	95	50,9	11	96	150
4:33:00	95	50,9	11	96	150
4:33:10	95	50,9	11	96	150
4:33:20	95	50,8	11	96	150
4:33:30	95	50,8	11	95	150
4:33:40	95	50,8	11	95	150
4:33:50	95	50,8	11	95	150
4:34:00	95	50,8	11	96	150
4:34:10	95	50,8	11	96	150
4:34:20	95	50,8	11	95	150
4:34:30	95	50,8	11	96	150
4:34:40	95	50,8	11	95	150
4:34:50	95	50,8	11	96	150
4:35:00	95	50,8	11	95	150
4:35:10	95	50,8	11	95	150
4:35:20	95	50,8	11	96	150
4:35:30	95	50,9	11	96	150
4:35:40	95	50,9	11	96	150
4:35:50	95	50,9	11	96	150
4:36:00	95	50,9	11	96	150
4:36:10	95	50,9	11	96	150
4:36:20	95	50,9	11	96	150
4:36:30	95	50,9	11	96	150
4:36:40	95	50,9	11	96	150
4:36:50	95	50,9	11	96	150
4:37:00	95	50,9	11	96	150
4:37:10	95	50,9	11	96	150
4:37:20	95	50,9	11	96	150
4:37:30	95	50,9	11	96	150
4:37:40	95	50,9	11	95	150
4:37:50	95	50,9	11	96	150
4:38:00	95	50,9	11	96	150
4:38:10	95	50,9	11	96	150
4:38:20	95	50,9	11	96	150
4:38:30	95	50,9	11	96	150
4:38:40	95	50,9	11	96	150
4:38:50	95	50,9	11	96	150
4:39:00	95	50,9	11	96	150
4:39:10	95	50,9	11	96	150
4:39:20	95	50,9	11	96	150
4:39:30	95	50,9	11	96	150
4:39:40	95	50,9	11	96	150
4:39:50	95	50,9	11	96	150
4:40:00	95	50,9	11	96	150
4:40:10	95	50,9	11	96	150
4:40:20	95	50,9	11	96	150
4:40:30	95	50,9	11	96	150
4:40:40	95	50,9	11	96	150
4:40:50	95	50,9	11	96	150
4:41:00	95	50,9	11	96	150
4:41:10	95	50,9	11	96	150
4:41:20	95	50,9	11	96	150
4:41:30	95	50,9	11	96	150
4:41:40	95	50,9	11	96	150
4:41:50	95	50,9	11	96	150
4:42:00	95	50,9	11	96	150
4:42:10	95	50,9	11	95	150
4:42:20	95	50,9	11	96	150
4:42:30	95	50,9	11	95	150
4:42:40	95	50,9	11	96	150
4:42:50	95	50,9	11	95	150
4:43:00	95	50,9	11	96	150
4:43:10	95	50,9	11	96	150
4:43:20	95	50,9	11	96	150
4:43:30	95	50,9	11	96	150
4:43:40	95	50,9	11	96	150
4:43:50	95	50,9	11	96	150
4:44:00	95	50,9	11	96	150
4:44:10	95	50,9	11	96	150
4:44:20	95	50,9	11	96	150
4:44:30	95	50,9	11	96	150
4:44:40	95	50,9	11	96	150
4:44:50	95	50,9	11	96	150
4:45:00	95	50,9	11	96	150
4:45:10	95	50,9	11	96	150
4:45:20	95	50,9	11	96	150
4:45:30	95	50,9	11	96	150
4:45:40	95	50,9	11	96	150
4:45:50	95	50,9	11	96	150
4:46:00	95	50,9	11	96	150
4:46:10	95	50,9	11	96	150
4:46:20	95	50,9	11	96	150
4:46:30	95	50,9	11	96	150
4:46:40	95	50,9	11	96	150
4:46:50	95	50,9	11	96	150
4:47:00	95	50,9	11	96	150
4:47:10	95	50,9	11	96	150
4:47:20	95	50,9	11	96	150
4:47:30	95	50,9	11	96	150
4:47:40	95	50,9	11	95	150
4:47:50	95	50,9	11	96	150
4:48:00	95	50,9	11	95	150
4:48:10	95	50,9	11	96	150
4:48:20	95	50,9	11	96	150
4:48:30	95	50,9	11	96	150
4:48:40	95	50,9	11	96	150
4:48:50	95	50,9	11	96	150
4:49:00	95	50,9	11	96	150
4:49:10	95	50,9	11	96	150
4:49:20	95	50,9	11	96	150
4:49:30	95	50,9	11	96	150
4:49:40	95	50,9	11	96	150
4:49:50	95	50,9	11	96	150
4:50:00	95	50,9	11	96	150
4:50:10	95	50,9	11	96	150
4:50:20	95	50,9	11	96	150
4:50:30	95	50,9	11	96	150
4:50:40	95	50,9	11	96	150
4:50:50	95	50,9	11	96	150
4:51:00	95	50,9	11	96	150
4:51:10	95	50,9	11	95	150
4:51:20	95	50,9	11	96	150
4:51:30	95	50,9	11	96	150
4:51:40	95	50,9	11	96	150
4:51:50	95	50,9	11	96	150
4:52:00	95	51,0	11	96	150
4:52:10	95	50,9	11	96	150
4:52:20	95	50,9	11	96	150
4:52:30	95	50,9	11	96	150
4:52:40	95	50,9	11	96	150
4:52:50	95	50,9	11	96	150
4:53:00	95	50,9	11	96	150
4:53:10	95	50,9	11	96	150
4:53:20	95	50,9	11	96	150
4:53:30	95	50,9	11	96	150
4:53:40	95	50,9	11	96	150
4:53:50	95	50,9	11	95	150
4:54:00	95	50,9	11	95	150
4:54:10	95	50,9	11	95	150
4:54:20	95	50,9	11	96	150
4:54:30	95	50,9	11	96	150
4:54:40	95	50,9	11	96	150
4:54:50	95	50,9	11	96	150
4:55:00	95	50,9	11	96	150
4:55:10	95	50,9	11	96	150
4:55:20	95	50,9	11	96	150
4:55:30	95	50,9	11	96	150
4:55:40	95	50,9	11	96	150
4:55:50	95	50,9	11	96	150
4:56:00	95	50,9	11	96	150
4:56:10	95	50,9	11	96	150
4:56:20	95	50,9	11	96	150
4:56:30	95	50,9	11	96	150
4:56:40	95	50,9	11	95	150
4:56:50	95	50,9	11	96	150
4:57:00	95	50,9	11	96	150
4:57:10	95	50,9	11	95	150
4:57:20	95	50,9	11	96	150
4:57:30	95	50,9	11	96	150
4:57:40	95	50,9	11	96	150
4:57:50	95	50,9	11	96	150
4:58:00	95	50,9	11	96	150
4:58:10	95	50,9	11	96	150
4:58:20	95	50,9	11	96	150
4:58:30	95	50,9	11	96	150
4:58:40	95	50,9	11	96	150
4:58:50	95	50,9	11	96	150
4:59:00	95	50,9	11	96	150
4:59:10	95	50,9	11	96	150
4:59:20	95	50,9	11	96	150
4:59:30	95	50,9	11	96	150
4:59:40	95	50,9	11	96	150
4:59:50	95	50,9	11	96	150
5:00:00	95	50,9	11	96	150
5:00:10	95	50,9	11	96	150
5:00:20	95	50,9	11	96	150
5:00:30	95	50,9	11	96	150
5:00:40	95	50,9	11	96	150
5:00:50	95	50,9	11	96	150
5:01:00	95	50,9	11	96	150
5:01:10	95	50,9	11	95	150
5:01:20	95	50,9	11	96	150
5:01:30	95	50,9	11	95	150
5:01:40	95	50,9	11	96	150
5:01:50	95	50,9	11	96	150
5:02:00	95	50,9	11	96	150
5:02:10	95	50,9	11	95	150
5:02:20	95	50,9	11	95	150
5:02:30	95	50,9	11	95	150
5:02:40	95	50,9	11	95	150
5:02:50	95	50,9	11	96	150
5:03:00	95	50,9	11	96	150
5:03:10	95	50,9	11	96	150
5:03:20	95	50,9	11	96	150
5:03:30	95	50,9	11	96	150
5:03:40	95	50,9	11	96	150
5:03:50	95	50,9	11	96	150
5:04:00	95	50,9	11	96	150
5:04:10	95	50,9	11	96	150
5:04:20	95	50,9	11	96	150
5:04:30	95	50,9	11	96	150
5:04:40	95	50,9	11	96	150
5:04:50	95	50,9	11	96	150
5:05:00	95	50,9	11	96	150
5:05:10	95	50,9	11	96	150
5:05:20	95	50,9	11	95	150
5:05:30	95	50,9	11	96	150
5:05:40	95	50,9	11	95	150
5:05:50	95	50,9	11	96	150
5:06:00	95	50,9	11	96	150
5:06:10	95	50,9	11	96	150
5:06:20	95	50,9	11	95	150
5:06:30	95	50,9	11	96	150
5:06:40	95	50,9	11	95	150
5:06:50	95	50,9	11	96	150
5:07:00	95	50,9	11	96	150
5:07:10	95	50,9	11	96	150
5:07:20	95	50,9	11	96	150
5:07:30	95	50,9	11	96	150
5:07:40	95	50,9	11	96	150
5:07:50	95	50,9	11	95	150
5:08:00	95	50,9	11	96	150
5:08:10	95	50,9	11	96	150
5:08:20	95	50,9	11	96	150
5:08:30	95	50,9	11	95	150
5:08:40	95	50,9	11	95	150
5:08:50	95	50,9	11	95	150
5:09:00	95	50,9	11	96	150
5:09:10	95	50,9	11	96	150
5:09:20	95	50,9	11	96	150
5:09:30	95	50,9	11	95	150
5:09:40	95	50,9	11	95	150
5:09:50	95	50,9	11	96	150
5:10:00	95	50,9	11	95	150
5:10:10	95	50,9	11	96	150
5:10:20	95	50,9	11	96	150
5:10:30	95	50,9	11	96	150
5:10:40	95	50,9	11	96	150
5:10:50	95	50,9	11	96	150
5:11:00	95	50,9	11	96	150
5:11:10	95	50,9	11	95	150
5:11:20	95	50,9	11	96	150
5:11:30	95	50,9	11	96	150
5:11:40	95	50,9	11	96	150
5:11:50	95	50,9	11	95	150
5:12:00	95	50,9	11	96	150
5:12:10	95	50,9	11	95	150
5:12:20	95	50,9	11	96	150
5:12:30	95	50,9	11	96	150
5:12:40	95	50,9	11	96	150
5:12:50	95	50,9	11	96	150
5:13:00	95	50,9	11	96	150
5:13:10	95	50,9	11	96	150
5:13:20	95	50,9	11	96	150
5:13:30	95	50,9	11	96	150
5:13:40	95	50,9	11	96	150
5:13:50	95	50,9	11	96	150
5:14:00	95	50,9	11	96	150
5:14:10	95	50,9	11	96	150
5:14:20	95	50,9	11	96	150
5:14:30	95	50,9	11	96	150
5:14:40	95	50,9	11	96	150
5:14:50	95	50,9	11	96	150
5:15:00	95	50,9	11	96	150
5:15:10	95	50,9	11	95	150
5:15:20	95	50,9	11	96	150
5:15:30	95	50,9	11	96	150
5:15:40	95	50,9	11	95	150
5:15:50	95	50,9	11	96	150
5:16:00	95	50,9	11	95	150
5:16:10	95	50,9	11	96	150
5:16:20	95	50,9	11	96	150
5:16:30	95	50,9	11	95	150
5:16:40	95	50,9	11	96	150
5:16:50	95	50,9	11	96	150
5:17:00	95	50,9	11	96	150
5:17:10	95	50,9	11	96	150
5:17:20	95	50,9	11	96	150
5:17:30	95	50,9	11	96	150
5:17:40	95	50,9	11	96	150
5:17:50	95	50,9	11	96	150
5:18:00	95	50,9	11	96	150
5:18:10	95	50,9	11	96	150
5:18:20	95	50,9	11	96	150
5:18:30	95	50,9	11	96	150
5:18:40	95	50,9	11	96	150
5:18:50	95	50,9	11	96	150
5:19:00	95	50,9	11	96	150
5:19:10	95	50,9	11	96	150
5:19:20	95	50,9	11	96	150
5:19:30	95	50,9	11	96	150
5:19:40	95	50,9	11	96	150
5:19:50	95	50,9	11	96	150
5:20:00	95	50,9	11	96	150
5:20:10	95	50,9	11	96	150
5:20:20	95	50,9	11	96	150
5:20:30	95	50,9	11	96	150
5:20:40	95	50,9	11	96	150
5:20:50	95	50,9	11	96	150
5:21:00	95	50,9	11	96	150
5:21:10	95	50,9	11	96	150
5:21:20	95	50,9	11	96	150
5:21:30	95	50,9	11	96	150
5:21:40	95	50,9	11	96	150
5:21:50	95	50,9	11	95	150
5:22:00	95	50,9	11	96	150
5:22:10	95	50,9	11	96	150
5:22:20	95	50,9	11	95	150
5:22:30	95	50,9	11	95	150
5:22:40	95	50,9	11	96	150
5:22:50	95	50,8	11	95	150
5:23:00	95	50,9	11	95	150
5:23:10	95	50,8	11	96	150
5:23:20	95	50,8	11	95	150
5:23:30	95	50,8	11	95	150
5:23:40	95	50,8	11	95	150
5:23:50	95	50,8	11	95	150
5:24:00	95	50,8	11	95	150
5:24:10	95	50,8	11	96	150
5:24:20	95	50,8	11	96	150
5:24:30	95	50,9	11	96	150
5:24:40	95	50,9	11	96	150
5:24:50	95	50,9	11	96	150
5:25:00	95	50,9	11	96	150
5:25:10	95	50,9	11	96	150
5:25:20	95	50,9	11	96	150
5:25:30	95	50,9	11	95	150
5:25:40	95	50,9	11	96	150
5:25:50	95	50,9	11	96	150
5:26:00	95	50,9	11	96	150
5:26:10	95	50,9	11	95	150
5:26:20	95	50,9	11	96	150
5:26:30	95	50,9	11	95	150
5:26:40	95	50,9	11	96	150
5:26:50	95	50,9	11	96	150
5:27:00	95	50,9	11	96	150
5:27:10	95	50,9	11	96	150
5:27:20	95	50,9	11	96	150
5:27:30	95	50,9	11	96	150
5:27:40	95	50,9	11	95	150
5:27:50	95	50,9	11	96	150
5:28:00	95	50,9	11	95	150
5:28:10	95	50,9	11	95	150
5:28:20	95	50,9	11	96	150
5:28:30	95	50,9	11	96	150
5:28:40	95	50,9	11	96	150
5:28:50	95	50,9	11	96	150
5:29:00	95	50,9	11	96	150
5:29:10	95	50,9	11	96	150
5:29:20	95	50,9	11	96	150
5:29:30	95	50,9	11	95	150
5:29:40	95	50,9	11	96	150
5:29:50	95	50,9	11	96	150
5:30:00	95	50,9	11	96	150
5:30:10	95	50,9	11	96	150
5:30:20	95	50,9	11	96	150
5:30:30	95	50,9	11	96	150
5:30:40	95	50,9	11	96	150
5:30:50	95	50,9	11	96	150
5:31:00	95	50,9	11	96	150
5:31:10	95	50,9	11	96	150
5:31:20	95	50,9	11	96	150
5:31:30	95	50,9	11	96	150
5:31:40	95	50,8	11	95	150
5:31:50	95	50,8	11	96	150
5:32:00	95	50,8	11	96	150
5:32:10	95	50,8	11	95	150
5:32:20	95	50,9	11	96	150
5:32:30	95	50,8	11	96	150
5:32:40	95	50,9	11	96	150
5:32:50	95	50,9	11	96	150
5:33:00	95	50,9	11	96	150
5:33:10	95	50,9	11	96	150
5:33:20	95	50,9	11	96	150
5:33:30	95	50,9	11	96	150
5:33:40	95	50,9	11	96	150
5:33:50	95	50,9	11	96	150
5:34:00	95	50,9	11	96	150
5:34:10	95	50,9	11	96	150
5:34:20	95	50,9	11	96	150
5:34:30	95	50,9	11	96	150
5:34:40	95	50,9	11	96	150
5:34:50	95	50,9	11	96	150
5:35:00	95	50,9	11	95	150
5:35:10	95	50,9	11	96	150
5:35:20	95	50,9	11	96	150
5:35:30	95	50,9	11	96	150
5:35:40	95	50,9	11	96	150
5:35:50	95	50,9	11	96	150
5:36:00	95	50,9	11	96	150
5:36:10	95	50,9	11	96	150
5:36:20	95	50,9	11	96	150
5:36:30	95	50,9	11	96	150
5:36:40	95	50,9	11	96	150
5:36:50	95	50,9	11	95	150
5:37:00	95	50,9	11	96	150
5:37:10	95	50,9	11	95	150
5:37:20	95	50,9	11	96	150
5:37:30	95	50,9	11	95	150
5:37:40	95	50,9	11	96	150
5:37:50	95	50,9	11	95	150
5:38:00	95	50,9	11	96	150
5:38:10	95	50,9	11	96	150
5:38:20	95	50,9	11	95	150
5:38:30	95	50,9	11	96	150
5:38:40	95	50,9	11	95	150
5:38:50	95	50,9	11	96	150
5:39:00	95	50,9	11	96	150
5:39:10	95	50,9	11	96	150
5:39:20	95	50,9	11	96	150
5:39:30	95	50,9	11	96	150
5:39:40	95	50,9	11	96	150
5:39:50	95	50,9	11	96	150
5:40:00	95	50,9	11	96	150
5:40:10	95	50,9	11	96	150
5:40:20	95	50,9	11	96	150
5:40:30	95	50,9	11	95	150
5:40:40	95	50,9	11	96	150
5:40:50	95	50,9	11	95	150
5:41:00	95	50,9	11	96	150
5:41:10	95	50,9	11	95	150
5:41:20	95	50,9	11	96	150
5:41:30	95	50,9	11	96	150
5:41:40	95	50,9	11	95	150
5:41:50	95	50,9	11	96	150
5:42:00	95	50,9	11	96	150
5:42:10	95	50,9	11	95	150
5:42:20	95	50,9	11	95	150
5:42:30	95	50,9	11	96	150
5:42:40	95	50,9	11	96	150
5:42:50	95	50,9	11	96	150
5:43:00	95	50,9	11	96	150
5:43:10	95	50,9	11	96	150
5:43:20	95	50,9	11	96	150
5:43:30	95	50,9	11	96	150
5:43:40	95	50,9	11	96	150
5:43:50	95	50,9	11	96	150
5:44:00	95	50,9	11	96	150
5:44:10	95	50,9	11	96	150
5:44:20	95	50,9	11	96	150
5:44:30	95	50,9	11	96	150
5:44:40	95	50,9	11	96	150
5:44:50	95	50,9	11	96	150
5:45:00	95	50,9	11	96	150
5:45:10	95	50,9	11	96	150
5:45:20	95	50,9	11	96	150
5:45:30	95	50,9	11	96	150
5:45:40	95	50,9	11	96	150
5:45:50	95	50,9	11	96	150
5:46:00	95	50,9	11	96	150
5:46:10	95	50,9	11	96	150
5:46:20	95	50,8	11	96	150
5:46:30	95	50,9	11	96	150
5:46:40	95	50,9	11	96	150
5:46:50	95	50,9	11	96	150
5:47:00	95	50,9	11	96	150
5:47:10	95	50,8	11	95	150
5:47:20	95	50,8	11	96	150
5:47:30	95	50,8	11	95	150
5:47:40	95	50,8	11	95	150
5:47:50	95	50,8	11	95	150
5:48:00	95	50,8	11	96	150
5:48:10	95	50,8	11	95	150
5:48:20	95	50,8	11	96	150
5:48:30	95	50,8	11	96	150
5:48:40	95	50,9	11	96	150
5:48:50	95	50,9	11	95	150
5:49:00	95	50,9	11	96	150
5:49:10	95	50,9	11	96	150
5:49:20	95	50,9	11	96	150
5:49:30	95	50,9	11	95	150
5:49:40	95	50,9	11	96	150
5:49:50	95	50,9	11	96	150
5:50:00	95	50,9	11	96	150
5:50:10	95	50,9	11	96	150
5:50:20	95	50,9	11	96	150
5:50:30	95	50,9	11	96	150
5:50:40	95	50,9	11	96	150
5:50:50	95	50,9	11	96	150
5:51:00	95	50,9	11	96	150
5:51:10	95	50,9	11	96	150
5:51:20	95	50,9	11	96	150
5:51:30	95	50,9	11	96	150
5:51:40	95	50,9	11	96	150
5:51:50	95	50,8	11	95	150
5:52:00	95	50,8	11	96	150
5:52:10	95	50,8	11	95	150
5:52:20	95	50,8	11	96	150
5:52:30	95	50,8	11	96	150
5:52:40	95	50,9	11	95	150
5:52:50	95	50,9	11	96	150
5:53:00	95	50,9	11	96	150
5:53:10	95	50,9	11	95	150
5:53:20	95	50,8	11	96	150
5:53:30	95	50,8	11	95	150
5:53:40	95	50,8	11	95	150
5:53:50	95	50,8	11	95	150
5:54:00	95	50,8	11	96	150
5:54:10	95	50,8	11	96	150
5:54:20	95	50,8	11	95	150
5:54:30	95	50,8	11	95	150
5:54:40	95	50,8	11	96	150
5:54:50	95	50,8	11	95	150
5:55:00	95	50,8	11	96	150
5:55:10	95	50,8	11	96	150
5:55:20	95	50,9	11	96	150
5:55:30	95	50,8	11	96	150
5:55:40	95	50,8	11	96	150
5:55:50	95	50,8	11	95	150
5:56:00	95	50,8	11	96	150
5:56:10	95	50,8	11	96	150
5:56:20	95	50,9	11	96	150
5:56:30	95	50,9	11	96	150
5:56:40	95	50,9	11	96	150
5:56:50	95	50,8	11	96	150
5:57:00	95	50,8	11	95	150
5:57:10	95	50,8	11	95	150
5:57:20	95	50,8	11	95	150
5:57:30	95	50,8	11	95	150
5:57:40	95	50,8	11	96	150
5:57:50	95	50,8	11	95	150
5:58:00	95	50,8	11	96	150
5:58:10	95	50,8	11	95	150
5:58:20	95	50,8	11	96	150
5:58:30	95	50,8	11	96	150
5:58:40	95	50,8	11	96	150
5:58:50	95	50,9	11	96	150
5:59:00	95	50,8	11	96	150
5:59:10	95	50,8	11	96	150
5:59:20	95	50,8	11	96	150
5:59:30	95	50,8	11	96	150
5:59:40	95	50,8	11	96	150
5:59:50	95	50,8	11	96	150
6:00:00	95	50,8	11	96	150
6:00:10	95	50,8	11	96	150
6:00:20	95	50,8	11	95	150
6:00:30	95	50,8	11	95	150
6:00:40	95	50,8	11	95	150
6:00:50	95	50,8	11	95	150
6:01:00	95	50,8	11	95	150
6:01:10	95	50,8	11	96	150
6:01:20	95	50,8	11	96	150
6:01:30	95	50,8	11	95	150
6:01:40	95	50,8	11	96	150
6:01:50	95	50,8	11	95	150
6:02:00	95	50,8	11	96	150
6:02:10	95	50,8	11	96	150
6:02:20	95	50,8	11	96	150
6:02:30	95	50,8	11	96	150
6:02:40	95	50,8	11	96	150
6:02:50	95	50,8	11	96	150
6:03:00	95	50,8	11	95	150
6:03:10	95	50,8	11	96	150
6:03:20	95	50,8	11	96	150
6:03:30	95	50,8	11	95	150
6:03:40	95	50,8	11	96	150
6:03:50	95	50,8	11	96	150
6:04:00	95	50,9	11	96	150
6:04:10	95	50,9	11	96	150
6:04:20	95	50,9	11	96	150
6:04:30	95	50,9	11	96	150
6:04:40	95	50,9	11	95	150
6:04:50	95	50,9	11	96	150
6:05:00	95	50,9	11	96	150
6:05:10	95	50,9	11	95	150
6:05:20	95	50,9	11	95	150
6:05:30	95	50,9	11	96	150
6:05:40	95	50,8	11	96	150
6:05:50	95	50,8	11	96	150
6:06:00	95	50,8	11	96	150
6:06:10	95	50,8	11	96	150
6:06:20	95	50,8	11	96	150
6:06:30	95	50,8	11	95	150
6:06:40	95	50,8	11	96	150
6:06:50	95	50,9	11	96	150
6:07:00	95	50,9	11	96	150
6:07:10	95	50,9	11	96	150
6:07:20	95	50,9	11	96	150
6:07:30	95	50,9	11	96	150
6:07:40	95	50,9	11	96	150
6:07:50	95	50,9	11	96	150
6:08:00	95	50,9	11	96	150
6:08:10	95	50,9	11	96	150
6:08:20	95	50,9	11	96	150
6:08:30	95	50,9	11	96	150
6:08:40	95	50,9	11	96	150
6:08:50	95	50,9	11	96	150
6:09:00	95	50,9	11	96	150
6:09:10	95	50,9	11	96	150
6:09:20	95	50,9	11	96	150
6:09:30	95	50,9	11	96	150
6:09:40	95	50,9	11	96	150
6:09:50	95	50,9	11	96	150
6:10:00	95	50,9	11	96	150
6:10:10	95	50,9	11	96	150
6:10:20	95	50,9	11	95	150
6:10:30	95	50,9	11	96	150
6:10:40	95	50,9	11	96	150
6:10:50	95	50,8	11	96	150
6:11:00	95	50,8	11	95	150
6:11:10	95	50,8	11	96	150
6:11:20	95	50,8	11	96	150
6:11:30	95	50,8	11	96	150
6:11:40	95	50,8	11	96	150
6:11:50	95	50,8	11	96	150
6:12:00	95	50,8	11	95	150
6:12:10	95	50,8	11	95	150
6:12:20	95	50,8	11	96	150
6:12:30	95	50,8	11	95	150
6:12:40	95	50,8	11	96	150
6:12:50	95	50,8	11	95	150
6:13:00	95	50,8	11	96	150
6:13:10	95	50,9	11	96	150
6:13:20	95	50,9	11	96	150
6:13:30	95	50,9	11	96	150
6:13:40	95	50,9	11	96	150
6:13:50	95	50,9	11	95	150
6:14:00	95	50,8	11	96	150
6:14:10	95	50,8	11	95	150
6:14:20	95	50,8	11	95	150
6:14:30	95	50,8	11	96	150
6:14:40	95	50,9	11	96	150
6:14:50	95	50,8	11	95	150
6:15:00	95	50,9	11	95	150
6:15:10	95	50,9	11	96	150
6:15:20	95	50,9	11	96	150
6:15:30	95	50,8	11	96	150
6:15:40	95	50,9	11	96	150
6:15:50	95	50,8	11	95	150
6:16:00	95	50,9	11	96	150
6:16:10	95	50,9	11	96	150
6:16:20	95	50,9	11	96	150
6:16:30	95	50,8	11	95	150
6:16:40	95	50,8	11	96	150
6:16:50	95	50,9	11	96	150
6:17:00	95	50,8	11	95	150
6:17:10	95	50,8	11	95	150
6:17:20	95	50,8	11	95	150
6:17:30	95	50,8	11	96	150
6:17:40	95	50,8	11	95	150
6:17:50	95	50,8	11	96	150
6:18:00	95	50,8	11	96	150
6:18:10	95	50,8	11	96	150
6:18:20	95	50,8	11	96	150
6:18:30	95	50,8	11	96	150
6:18:40	95	50,8	11	96	150
6:18:50	95	50,9	11	96	150
6:19:00	95	50,9	11	96	150
6:19:10	95	50,8	11	96	150
6:19:20	95	50,9	11	96	150
6:19:30	95	50,9	11	96	150
6:19:40	95	50,9	11	96	150
6:19:50	95	50,9	11	96	150
6:20:00	95	50,9	11	96	150
6:20:10	95	50,9	11	96	150
6:20:20	95	50,9	11	96	150
6:20:30	95	50,9	11	96	150
6:20:40	95	50,9	11	96	150
6:20:50	95	50,9	11	96	150
6:21:00	95	50,9	11	96	150
6:21:10	95	50,9	11	96	150
6:21:20	95	50,8	11	95	150
6:21:30	95	50,8	11	96	150
6:21:40	95	50,8	11	96	150
6:21:50	95	50,8	11	95	150
6:22:00	95	50,8	11	95	150
6:22:10	95	50,8	11	95	150
6:22:20	95	50,8	11	95	150
6:22:30	95	50,8	11	95	150
6:22:40	95	50,8	11	96	150
6:22:50	95	50,8	11	95	150
6:23:00	95	50,8	11	96	150
6:23:10	95	50,8	11	95	150
6:23:20	95	50,8	11	96	150
6:23:30	95	50,8	11	95	150
6:23:40	95	50,8	11	95	150
6:23:50	95	50,8	11	95	150
6:24:00	95	50,8	11	96	150
6:24:10	95	50,8	11	95	150
6:24:20	95	50,8	11	96	150
6:24:30	95	50,8	11	95	150
6:24:40	95	50,8	11	95	150
6:24:50	95	50,8	11	95	150
6:25:00	95	50,8	11	95	150
6:25:10	95	50,8	11	96	150
6:25:20	95	50,8	11	96	150
6:25:30	95	50,8	11	96	150
6:25:40	95	50,8	11	96	150
6:25:50	95	50,8	11	95	150
6:26:00	95	50,8	11	96	150
6:26:10	95	50,8	11	96	150
6:26:20	95	50,8	11	96	150
6:26:30	95	50,8	11	95	150
6:26:40	95	50,8	11	96	150
6:26:50	95	50,8	11	95	150
6:27:00	95	50,8	11	96	150
6:27:10	95	50,8	11	95	150
6:27:20	95	50,8	11	95	150
6:27:30	95	50,8	11	95	150
6:27:40	95	50,8	11	96	150
6:27:50	95	50,8	11	95	150
6:28:00	95	50,8	11	95	150
6:28:10	95	50,8	11	95	150
6:28:20	95	50,8	11	96	150
6:28:30	95	50,8	11	96	150
6:28:40	95	50,8	11	96	150
6:28:50	95	50,8	11	96	150
6:29:00	95	50,8	11	96	150
6:29:10	95	50,8	11	96	150
6:29:20	95	50,8	11	95	150
6:29:30	95	50,8	11	96	150
6:29:40	95	50,8	11	96	150
6:29:50	95	50,8	11	95	150
6:30:00	95	50,8	11	96	150
6:30:10	95	50,8	11	96	150
6:30:20	95	50,8	11	96	150
6:30:30	95	50,8	11	95	150
6:30:40	95	50,8	11	95	150
6:30:50	95	50,8	11	95	150
6:31:00	95	50,8	11	96	150
6:31:10	95	50,8	11	96	150
6:31:20	95	50,8	11	96	150
6:31:30	95	50,8	11	95	150
6:31:40	95	50,8	11	95	150
6:31:50	95	50,8	11	96	150
6:32:00	95	50,8	11	96	150
6:32:10	95	50,8	11	96	150
6:32:20	95	50,8	11	96	150
6:32:30	95	50,8	11	96	150
6:32:40	95	50,8	11	96	150
6:32:50	95	50,8	11	95	150
6:33:00	95	50,8	11	95	150
6:33:10	95	50,8	11	96	150
6:33:20	95	50,9	11	96	150
6:33:30	95	50,9	11	96	150
6:33:40	95	50,8	11	96	150
6:33:50	95	50,8	11	96	150
6:34:00	95	50,8	11	96	150
6:34:10	95	50,8	11	95	150
6:34:20	95	50,8	11	96	150
6:34:30	95	50,8	11	96	150
6:34:40	95	50,8	11	96	150
6:34:50	95	50,8	11	95	150
6:35:00	95	50,8	11	96	150
6:35:10	95	50,8	11	96	150
6:35:20	95	50,8	11	95	150
6:35:30	95	50,8	11	96	150
6:35:40	95	50,8	11	96	150
6:35:50	95	50,8	11	96	150
6:36:00	95	50,9	11	96	150
6:36:10	95	50,9	11	96	150
6:36:20	95	50,9	11	96	150
6:36:30	95	50,8	11	96	150
6:36:40	95	50,8	11	95	150
6:36:50	95	50,8	11	96	150
6:37:00	95	50,8	11	95	150
6:37:10	95	50,8	11	95	150
6:37:20	95	50,8	11	95	150
6:37:30	95	50,8	11	95	150
6:37:40	95	50,8	11	96	150
6:37:50	95	50,8	11	95	150
6:38:00	95	50,8	11	96	150
6:38:10	95	50,8	11	96	150
6:38:20	95	50,8	11	95	150
6:38:30	95	50,8	11	96	150
6:38:40	95	50,8	11	95	150
6:38:50	95	50,8	11	96	150
6:39:00	95	50,8	11	95	150
6:39:10	95	50,8	11	96	150
6:39:20	95	50,8	11	95	150
6:39:30	95	50,8	11	96	150
6:39:40	95	50,8	11	96	150
6:39:50	95	50,8	11	96	150
6:40:00	95	50,8	11	96	150
6:40:10	95	50,8	11	96	150
6:40:20	95	50,8	11	96	150
6:40:30	95	50,8	11	95	150
6:40:40	95	50,8	11	96	150
6:40:50	95	50,8	11	95	150
6:41:00	95	50,8	11	96	150
6:41:10	95	50,8	11	96	150
6:41:20	95	50,8	11	96	150
6:41:30	95	50,8	11	95	150
6:41:40	95	50,8	11	95	150
6:41:50	95	50,8	11	95	150
6:42:00	95	50,8	11	96	150
6:42:10	95	50,8	11	96	150
6:42:20	95	50,8	11	95	150
6:42:30	95	50,8	11	96	150
6:42:40	95	50,8	11	96	150
6:42:50	95	50,8	11	96	150
6:43:00	95	50,8	11	96	150
6:43:10	95	50,8	11	96	150
6:43:20	95	50,8	11	96	150
6:43:30	95	50,8	11	96	150
6:43:40	95	50,8	11	96	150
6:43:50	95	50,8	11	95	150
6:44:00	95	50,8	11	96	150
6:44:10	95	50,8	11	96	150
6:44:20	95	50,8	11	96	150
6:44:30	95	50,8	11	96	150
6:44:40	95	50,8	11	96	150
6:44:50	95	50,8	11	96	150
6:45:00	95	50,8	11	96	150
6:45:10	95	50,8	11	96	150
6:45:20	95	50,8	11	96	150
6:45:30	95	50,8	11	96	150
6:45:40	95	50,8	11	96	150
6:45:50	95	50,8	11	96	150
6:46:00	95	50,8	11	95	150
6:46:10	95	50,8	11	96	150
6:46:20	95	50,8	11	96	150
6:46:30	95	50,8	11	96	150
6:46:40	95	50,8	11	95	150
6:46:50	95	50,8	11	96	150
6:47:00	95	50,8	11	96	150
6:47:10	95	50,8	11	96	150
6:47:20	95	50,8	11	96	150
6:47:30	95	50,8	11	96	150
6:47:40	95	50,8	11	95	150
6:47:50	95	50,8	11	96	150
6:48:00	95	50,8	11	96	150
6:48:10	95	50,8	11	96	150
6:48:20	95	50,8	11	96	150
6:48:30	95	50,8	11	95	150
6:48:40	95	50,8	11	96	150
6:48:50	95	50,8	11	96	150
6:49:00	95	50,8	11	96	150
6:49:10	95	50,8	11	95	150
6:49:20	95	50,8	11	96	150
6:49:30	95	50,8	11	95	150
6:49:40	95	50,8	11	95	150
6:49:50	95	50,8	11	96	150
6:50:00	95	50,8	11	96	150
6:50:10	95	50,8	11	96	150
6:50:20	95	50,8	11	96	150
6:50:30	95	50,8	11	96	150
6:50:40	95	50,8	11	96	150
6:50:50	95	50,8	11	96	150
6:51:00	95	50,8	11	96	150
6:51:10	95	50,9	11	96	150
6:51:20	95	50,8	11	96	150
6:51:30	95	50,8	11	96	150
6:51:40	95	50,8	11	96	150
6:51:50	95	50,8	11	96	150
6:52:00	95	50,9	11	96	150
6:52:10	95	50,9	11	96	150
6:52:20	95	50,9	11	96	150
6:52:30	95	50,9	11	96	150
6:52:40	95	50,9	11	96	150
6:52:50	95	50,9	11	96	150
6:53:00	95	50,9	11	96	150
6:53:10	95	50,9	11	96	150
6:53:20	95	50,9	11	96	150
6:53:30	95	50,9	11	96	150
6:53:40	95	50,9	11	96	150
6:53:50	95	50,9	11	96	150
6:54:00	95	50,9	11	96	150
6:54:10	95	50,9	11	96	150
6:54:20	95	50,9	11	96	150
6:54:30	95	50,9	11	95	150
6:54:40	95	50,9	11	96	150
6:54:50	95	50,9	11	96	150
6:55:00	95	50,9	11	96	150
6:55:10	95	50,9	11	96	150
6:55:20	95	50,9	11	96	150
6:55:30	95	50,9	11	95	150
6:55:40	95	50,9	11	96	150
6:55:50	95	50,9	11	96	150
6:56:00	95	50,9	11	96	150
6:56:10	95	50,9	11	96	150
6:56:20	95	50,9	11	95	150
6:56:30	95	50,9	11	96	150
6:56:40	95	50,9	11	96	150
6:56:50	95	50,9	11	96	150
6:57:00	95	50,9	11	96	150
6:57:10	95	50,9	11	96	150
6:57:20	95	50,9	11	96	150
6:57:30	95	50,9	11	96	150
6:57:40	95	50,9	11	96	150
6:57:50	95	50,9	11	96	150
6:58:00	95	50,9	11	96	150
6:58:10	95	50,9	11	96	150
6:58:20	95	50,9	11	96	150
6:58:30	95	50,9	11	96	150
6:58:40	95	50,9	11	96	150
6:58:50	95	50,9	11	96	150
6:59:00	95	50,9	11	96	150
6:59:10	95	50,9	11	96	150
6:59:20	95	50,9	11	96	150
6:59:30	95	50,9	11	96	150
6:59:40	95	50,9	11	96	150
6:59:50	95	50,9	11	96	150
7:00:00	95	50,9	11	96	150
7:00:10	95	50,9	11	96	150
7:00:20	95	50,9	11	96	150
7:00:30	95	50,9	11	96	150
7:00:40	95	50,9	11	96	150
7:00:50	95	50,9	11	96	150
7:01:00	95	50,9	11	96	150
7:01:10	95	50,9	11	96	150
7:01:20	95	50,9	11	96	150
7:01:30	95	50,9	11	96	150
7:01:40	95	50,9	11	96	150
7:01:50	95	50,9	11	95	150
7:02:00	95	50,9	11	96	150
7:02:10	95	50,9	11	96	150
7:02:20	95	51,0	11	96	150
7:02:30	95	50,9	11	96	150
7:02:40	95	50,9	11	96	150
7:02:50	95	50,9	11	96	150
7:03:00	95	50,9	11	96	150
7:03:10	95	50,9	11	96	150
7:03:20	95	51,0	11	96	150
7:03:30	95	51,0	11	96	150
7:03:40	95	50,9	11	96	150
7:03:50	95	51,0	11	96	150
7:04:00	95	50,9	11	96	150
7:04:10	95	51,0	11	96	150
7:04:20	95	50,9	11	95	150
7:04:30	95	50,9	11	96	150
7:04:40	95	50,9	11	95	150
7:04:50	95	50,9	11	96	150
7:05:00	95	50,9	11	96	150
7:05:10	95	50,9	11	96	150
7:05:20	95	50,9	11	96	150
7:05:30	95	50,9	11	96	150
7:05:40	95	50,9	11	96	150
7:05:50	95	50,9	11	96	150
7:06:00	95	50,9	11	95	150
7:06:10	95	50,9	11	96	150
7:06:20	95	50,9	11	96	150
7:06:30	95	50,9	11	95	150
7:06:40	95	50,9	11	96	150
7:06:50	95	50,9	11	95	150
7:07:00	95	50,9	11	96	150
7:07:10	95	50,9	11	96	150
7:07:20	95	50,9	11	95	150
7:07:30	95	50,9	11	96	150
7:07:40	95	50,9	11	96	150
7:07:50	95	50,9	11	96	150
7:08:00	95	50,9	11	96	150
7:08:10	95	50,9	11	96	150
7:08:20	95	50,9	11	96	150
7:08:30	95	50,9	11	96	150
7:08:40	95	50,9	11	96	150
7:08:50	95	50,9	11	96	150
7:09:00	95	51,0	11	96	150
7:09:10	95	51,0	11	96	150
7:09:20	95	51,0	11	96	150
7:09:30	95	51,0	11	96	150
7:09:40	95	51,0	11	96	150
7:09:50	95	51,0	11	96	150
7:10:00	95	51,0	11	96	150
7:10:10	95	51,0	11	96	150
7:10:20	95	50,9	11	96	150
7:10:30	95	50,9	11	96	150
7:10:40	95	50,9	11	96	150
7:10:50	95	50,9	11	96	150
7:11:00	95	50,9	11	95	150
7:11:10	95	50,9	11	95	150
7:11:20	95	50,9	11	96	150
7:11:30	95	50,9	11	95	150
7:11:40	95	50,9	11	95	150
7:11:50	95	50,9	11	96	150
7:12:00	95	50,9	11	95	150
7:12:10	95	50,9	11	95	150
7:12:20	95	50,9	11	95	150
7:12:30	95	50,9	11	95	150
7:12:40	95	50,9	11	95	150
7:12:50	95	50,9	11	96	150
7:13:00	95	50,9	11	96	150
7:13:10	95	51,0	11	96	150
7:13:20	95	51,0	11	96	150
7:13:30	95	51,0	11	96	150
7:13:40	95	51,0	11	96	150
7:13:50	95	51,0	11	96	150
7:14:00	95	51,0	11	96	150
7:14:10	95	50,3	11	96	150
7:14:20	95	50,3	11	96	150
7:14:30	95	50,3	11	96	150
7:14:40	95	50,3	11	96	150
7:14:50	95	50,3	11	96	150
7:15:00	95	50,3	11	96	150
7:15:10	95	50,3	11	96	150
7:15:20	95	50,3	11	96	150
7:15:30	95	50,3	11	96	150
7:15:40	95	50,3	11	96	150
7:15:50	95	50,3	11	96	150
7:16:00	95	50,3	11	96	150
7:16:10	95	50,3	11	96	150
7:16:20	95	50,3	11	96	150
7:16:30	95	50,3	11	96	150
7:16:40	95	50,3	11	96	150
7:16:50	95	50,3	11	96	150
7:17:00	95	50,3	11	96	150
7:17:10	95	50,3	11	96	150
7:17:20	95	50,3	11	96	150
7:17:30	95	50,3	11	95	150
7:17:40	95	50,3	11	96	150
7:17:50	95	50,3	11	96	150
7:18:00	95	50,3	11	96	150
7:18:10	95	50,3	11	95	150
7:18:20	95	50,3	11	96	150
7:18:30	95	50,3	11	96	150
7:18:40	95	50,3	11	96	150
7:18:50	95	50,3	11	96	150
7:19:00	95	50,3	11	96	150
7:19:10	95	50,3	11	96	150
7:19:20	95	50,3	11	96	150
7:19:30	95	50,3	11	95	150
7:19:40	95	50,3	11	96	150
7:19:50	95	50,3	11	96	150
7:20:00	95	50,3	11	96	150
7:20:10	95	50,3	11	96	150
7:20:20	95	50,3	11	95	150
7:20:30	95	50,3	11	96	150
7:20:40	95	50,3	11	96	150
7:20:50	95	50,3	11	95	150
7:21:00	95	50,3	11	96	150
7:21:10	95	50,3	11	95	150
7:21:20	95	50,3	11	96	150
7:21:30	95	50,3	11	96	150
7:21:40	95	50,3	11	96	150
7:21:50	95	50,3	11	96	150
7:22:00	95	50,3	11	96	150
7:22:10	95	50,3	11	96	150
7:22:20	95	50,3	11	96	150
7:22:30	95	50,3	11	96	150
7:22:40	95	50,3	11	96	150
7:22:50	95	50,3	11	96	150
7:23:00	95	50,3	11	96	150
7:23:10	95	50,3	11	96	150
7:23:20	95	50,3	11	95	150
7:23:30	95	50,3	11	96	150
7:23:40	95	50,3	11	96	150
7:23:50	95	50,3	11	96	150
7:24:00	95	50,3	11	96	150
7:24:10	95	50,3	11	96	150
7:24:20	95	50,3	11	96	150
7:24:30	95	50,3	11	95	150
7:24:40	95	50,3	11	96	150
7:24:50	95	50,3	11	96	150
7:25:00	95	50,3	11	96	150
7:25:10	95	50,3	11	96	150
7:25:20	95	50,4	11	96	150
7:25:30	95	50,4	11	96	150
7:25:40	95	50,4	11	96	150
7:25:50	95	50,3	11	96	150
7:26:00	95	50,3	11	95	150
7:26:10	95	50,3	11	96	150
7:26:20	95	50,3	11	96	150
7:26:30	95	50,3	11	96	150
7:26:40	95	50,3	11	95	150
7:26:50	95	50,3	11	96	150
7:27:00	95	50,3	11	95	150
7:27:10	95	50,3	11	96	150
7:27:20	95	50,3	11	96	150
7:27:30	95	50,3	11	96	150
7:27:40	95	50,3	11	96	150
7:27:50	95	50,3	11	96	150
7:28:00	95	50,3	11	96	150
7:28:10	95	50,3	11	96	150
7:28:20	95	50,3	11	96	150
7:28:30	95	50,3	11	95	150
7:28:40	95	50,3	11	96	150
7:28:50	95	50,3	11	96	150
7:29:00	95	50,3	11	96	150
7:29:10	95	50,3	11	96	150
7:29:20	95	50,3	11	96	150
7:29:30	95	50,3	11	96	150
7:29:40	95	50,3	11	96	150
7:29:50	95	50,3	11	95	150
7:30:00	95	50,3	11	95	150
7:30:10	95	50,3	11	96	150
7:30:20	95	50,3	11	96	150
7:30:30	95	50,3	11	96	150
7:30:40	95	50,3	11	95	150
7:30:50	95	50,3	11	95	150
7:31:00	95	50,3	11	95	150
7:31:10	95	50,3	11	95	150
7:31:20	95	50,3	11	95	150
7:31:30	95	50,3	11	95	150
7:31:40	95	50,3	11	96	150
7:31:50	95	50,3	11	95	150
7:32:00	95	50,3	11	96	150
7:32:10	95	50,3	11	96	150
7:32:20	95	50,3	11	95	150
7:32:30	95	50,3	11	96	150
7:32:40	95	50,3	11	96	150
7:32:50	95	50,3	11	96	150
7:33:00	95	50,3	11	95	150
7:33:10	95	50,3	11	96	150
7:33:20	95	50,3	11	96	150
7:33:30	95	50,3	11	95	150
7:33:40	95	50,3	11	95	150
7:33:50	95	50,3	11	96	150
7:34:00	95	50,3	11	96	150
7:34:10	95	50,3	11	95	150
7:34:20	95	50,3	11	96	150
7:34:30	95	50,3	11	96	150
7:34:40	95	50,3	11	95	150
7:34:50	95	50,3	11	96	150
7:35:00	95	50,3	11	95	150
7:35:10	95	50,3	11	96	150
7:35:20	95	50,3	11	96	150
7:35:30	95	50,3	11	96	150
7:35:40	95	50,3	11	96	150
7:35:50	95	50,3	11	96	150
7:36:00	95	50,3	11	96	150
7:36:10	95	50,3	11	96	150
7:36:20	95	50,3	11	96	150
7:36:30	95	50,3	11	96	150
7:36:40	95	50,3	11	96	150
7:36:50	95	50,3	11	96	150
7:37:00	95	50,3	11	96	150
7:37:10	95	50,3	11	96	150
7:37:20	95	50,3	11	96	150
7:37:30	95	50,3	11	96	150
7:37:40	95	50,3	11	96	150
7:37:50	95	50,3	11	96	150
7:38:00	95	50,3	11	96	150
7:38:10	95	50,3	11	96	150
7:38:20	95	50,3	11	96	150
7:38:30	95	50,3	11	95	150
7:38:40	95	50,3	11	96	150
7:38:50	95	50,3	11	95	150
7:39:00	95	50,3	11	95	150
7:39:10	95	50,3	11	95	150
7:39:20	95	50,3	11	96	150
7:39:30	95	50,3	11	95	150
7:39:40	95	50,3	11	95	150
7:39:50	95	50,3	11	95	150
7:40:00	95	50,3	11	95	150
7:40:10	95	50,3	11	96	150
7:40:20	95	50,3	11	96	150
7:40:30	95	50,3	11	96	150
7:40:40	95	50,3	11	95	150
7:40:50	95	50,3	11	95	150
7:41:00	95	50,3	11	95	150
7:41:10	95	50,3	11	95	150
7:41:20	95	50,3	11	95	150
7:41:30	95	50,3	11	96	150
7:41:40	95	50,3	11	96	150
7:41:50	95	50,3	11	95	150
7:42:00	95	50,3	11	96	150
7:42:10	95	50,3	11	96	150
7:42:20	95	50,3	11	96	150
7:42:30	95	50,3	11	96	150
7:42:40	95	50,3	11	96	150
7:42:50	95	50,3	11	96	150
7:43:00	95	50,3	11	96	150
7:43:10	95	50,3	11	96	150
7:43:20	95	50,3	11	96	150
7:43:30	95	50,3	11	95	150
7:43:40	95	50,3	11	96	150
7:43:50	95	50,4	11	96	150
7:44:00	95	50,4	11	96	150
7:44:10	95	50,3	11	96	150
7:44:20	95	50,3	11	95	150
7:44:30	95	50,3	11	96	150
7:44:40	95	50,3	11	96	150
7:44:50	95	50,3	11	95	150
7:45:00	95	50,3	11	96	150
7:45:10	95	50,3	11	96	150
7:45:20	95	50,3	11	96	150
7:45:30	95	50,3	11	95	150
7:45:40	95	50,3	11	96	150
7:45:50	95	50,3	11	96	150
7:46:00	95	50,3	11	96	150
7:46:10	95	50,3	11	96	150
7:46:20	95	50,3	11	95	150
7:46:30	95	50,3	11	95	150
7:46:40	95	50,3	11	95	150
7:46:50	95	50,3	11	95	150
7:47:00	95	50,3	11	95	150
7:47:10	95	50,3	11	96	150
7:47:20	95	50,3	11	95	150
7:47:30	95	50,3	11	96	150
7:47:40	95	50,3	11	96	150
7:47:50	95	50,3	11	96	150
7:48:00	95	50,3	11	95	150
7:48:10	95	50,3	11	96	150
7:48:20	95	50,3	11	95	150
7:48:30	95	50,3	11	96	150
7:48:40	95	50,3	11	96	150
7:48:50	95	50,3	11	96	150
7:49:00	95	50,3	11	96	150
7:49:10	95	50,3	11	95	150
7:49:20	95	50,3	11	96	150
7:49:30	95	50,3	11	95	150
7:49:40	95	50,3	11	95	150
7:49:50	95	50,3	11	96	150
7:50:00	95	50,3	11	96	150
7:50:10	95	50,3	11	95	150
7:50:20	95	50,3	11	96	150
7:50:30	95	50,3	11	96	150
7:50:40	95	50,3	11	95	150
7:50:50	95	50,3	11	96	150
7:51:00	95	50,3	11	95	150
7:51:10	95	50,3	11	95	150
7:51:20	95	50,3	11	96	150
7:51:30	95	50,3	11	96	150
7:51:40	95	50,3	11	95	150
7:51:50	95	50,3	11	96	150
7:52:00	95	50,3	11	95	150
7:52:10	95	50,3	11	95	150
7:52:20	95	50,3	11	95	150
7:52:30	95	50,3	11	96	150
7:52:40	95	50,3	11	96	150
7:52:50	95	50,3	11	95	150
7:53:00	95	50,3	11	96	150
7:53:10	95	50,3	11	95	150
7:53:20	95	50,3	11	95	150
7:53:30	95	50,3	11	96	150
7:53:40	95	50,3	11	95	150
7:53:50	95	50,3	11	96	150
7:54:00	95	50,3	11	95	150
7:54:10	95	50,3	11	95	150
7:54:20	95	50,3	11	96	150
7:54:30	95	50,3	11	96	150
7:54:40	95	50,3	11	96	150
7:54:50	95	50,3	11	96	150
7:55:00	95	50,3	11	95	150
7:55:10	95	50,3	11	96	150
7:55:20	95	50,3	11	95	150
7:55:30	95	50,3	11	95	150
7:55:40	95	50,3	11	96	150
7:55:50	95	50,3	11	95	150
7:56:00	95	50,3	11	96	150
7:56:10	95	50,3	11	96	150
7:56:20	95	50,3	11	96	150
7:56:30	95	50,3	11	95	150
7:56:40	95	50,3	11	96	150
7:56:50	95	50,3	11	95	150
7:57:00	95	50,3	11	96	150
7:57:10	95	50,3	11	95	150
7:57:20	95	50,3	11	95	150
7:57:30	95	50,3	11	96	150
7:57:40	95	50,3	11	95	150
7:57:50	95	50,3	11	95	150
7:58:00	95	50,3	11	95	150
7:58:10	95	50,3	11	96	150
7:58:20	95	50,3	11	95	150
7:58:30	95	50,3	11	96	150
7:58:40	95	50,3	11	95	150
7:58:50	95	50,3	11	96	150
7:59:00	95	50,3	11	96	150
7:59:10	95	50,3	11	95	150
7:59:20	95	50,3	11	95	150
7:59:30	95	50,3	11	96	150
7:59:40	95	50,3	11	96	150
7:59:50	95	50,3	11	95	150
8:00:00	95	50,3	11	95	150
8:00:10	95	50,3	11	95	150
8:00:20	95	50,3	11	96	150
8:00:30	95	50,3	11	95	150
8:00:40	95	50,3	11	95	150
8:00:50	95	50,3	11	96	150
8:01:00	95	50,3	11	96	150
8:01:10	95	50,3	11	96	150
8:01:20	95	50,3	11	95	150
8:01:30	95	50,3	11	96	150
8:01:40	95	50,3	11	96	150
8:01:50	95	50,3	11	96	150
8:02:00	95	50,3	11	96	150
8:02:10	95	50,3	11	96	150
8:02:20	95	50,3	11	96	150
8:02:30	95	50,3	11	95	150
8:02:40	95	50,3	11	96	150
8:02:50	95	50,3	11	96	150
8:03:00	95	50,3	11	96	150
8:03:10	95	50,3	11	95	150
8:03:20	95	50,3	11	95	150
8:03:30	95	50,3	11	95	150
8:03:40	95	50,3	11	95	150
8:03:50	95	50,3	11	95	150
8:04:00	95	50,3	11	95	150
8:04:10	95	50,3	11	95	150
8:04:20	95	50,3	11	95	150
8:04:30	95	50,3	11	95	150
8:04:40	95	50,3	11	96	150
8:04:50	95	50,3	11	95	150
8:05:00	95	50,3	11	95	150
8:05:10	95	50,3	11	96	150
8:05:20	95	50,3	11	95	150
8:05:30	95	50,3	11	96	150
8:05:40	95	50,3	11	96	150
8:05:50	95	50,3	11	96	150
8:06:00	95	50,3	11	96	150
8:06:10	95	50,3	11	96	150
8:06:20	95	50,3	11	96	150
8:06:30	95	50,3	11	96	150
8:06:40	95	50,3	11	96	150
8:06:50	95	50,3	11	96	150
8:07:00	95	50,3	11	96	150
8:07:10	95	50,3	11	96	150
8:07:20	95	50,3	11	96	150
8:07:30	95	50,3	11	95	150
8:07:40	95	50,3	11	95	150
8:07:50	95	50,3	11	96	150
8:08:00	95	50,3	11	95	150
8:08:10	95	50,3	11	95	150
8:08:20	95	50,3	11	95	150
8:08:30	95	50,3	11	96	150
8:08:40	95	50,3	11	95	150
8:08:50	95	50,3	11	96	150
8:09:00	95	50,3	11	95	150
8:09:10	95	50,3	11	95	150
8:09:20	95	50,3	11	95	150
8:09:30	95	50,3	11	96	150
8:09:40	95	50,3	11	95	150
8:09:50	95	50,3	11	96	150
8:10:00	95	50,3	11	96	150
8:10:10	95	50,3	11	95	150
8:10:20	95	50,3	11	96	150
8:10:30	95	50,3	11	96	150
8:10:40	95	50,3	11	95	150
8:10:50	95	50,3	11	95	150
8:11:00	95	50,3	11	96	150
8:11:10	95	50,3	11	95	150
8:11:20	95	50,3	11	96	150
8:11:30	95	50,3	11	95	150
8:11:40	95	50,3	11	95	150
8:11:50	95	50,3	11	95	150
8:12:00	95	50,3	11	95	150
8:12:10	95	50,3	11	95	150
8:12:20	95	50,3	11	95	150
8:12:30	95	50,3	11	96	150
8:12:40	95	50,3	11	96	150
8:12:50	95	50,3	11	95	150
8:13:00	95	50,3	11	95	150
8:13:10	95	50,3	11	96	150
8:13:20	95	50,3	11	96	150
8:13:30	95	50,3	11	96	150
8:13:40	95	50,3	11	96	150
8:13:50	95	50,3	11	95	150
8:14:00	95	50,3	11	95	150
8:14:10	95	50,3	11	95	150
8:14:20	95	50,3	11	95	150
8:14:30	95	50,3	11	95	150
8:14:40	95	50,3	11	96	150
8:14:50	95	50,3	11	96	150
8:15:00	95	50,3	11	96	150
8:15:10	95	50,3	11	95	150
8:15:20	95	50,3	11	96	150
8:15:30	95	50,3	11	96	150
8:15:40	95	50,3	11	95	150
8:15:50	95	50,3	11	96	150
8:16:00	95	50,3	11	95	150
8:16:10	95	50,3	11	95	150
8:16:20	95	50,3	11	95	150
8:16:30	95	50,3	11	96	150
8:16:40	95	50,3	11	96	150
8:16:50	95	50,3	11	96	150
8:17:00	95	50,3	11	95	150
8:17:10	95	50,3	11	95	150
8:17:20	95	50,3	11	96	150
8:17:30	95	50,3	11	95	150
8:17:40	95	50,3	11	96	150
8:17:50	95	50,3	11	95	150
8:18:00	95	50,3	11	95	150
8:18:10	95	50,3	11	95	150
8:18:20	95	50,3	11	96	150
8:18:30	95	50,3	11	96	150
8:18:40	95	50,3	11	96	150
8:18:50	95	50,3	11	96	150
8:19:00	95	50,3	11	96	150
8:19:10	95	50,3	11	95	150
8:19:20	95	50,3	11	95	150
8:19:30	95	50,3	11	95	150
8:19:40	95	50,3	11	95	150
8:19:50	95	50,3	11	95	150
8:20:00	95	50,3	11	95	150
8:20:10	95	50,3	11	95	150
8:20:20	95	50,3	11	95	150
8:20:30	95	50,3	11	95	150
8:20:40	95	50,3	11	95	150
8:20:50	95	50,3	11	95	150
8:21:00	95	50,3	11	95	150
8:21:10	95	50,3	11	95	150
8:21:20	95	50,3	11	95	150
8:21:30	95	50,3	11	96	150
8:21:40	95	50,3	11	96	150
8:21:50	95	50,3	11	96	150
8:22:00	95	50,3	11	96	150
8:22:10	95	50,3	11	95	150
8:22:20	95	50,3	11	96	150
8:22:30	95	50,3	11	96	150
8:22:40	95	50,3	11	95	150
8:22:50	95	50,3	11	95	150
8:23:00	95	50,3	11	95	150
8:23:10	95	50,3	11	96	150
8:23:20	95	50,3	11	96	150
8:23:30	95	50,3	11	96	150
8:23:40	95	50,3	11	96	150
8:23:50	95	50,3	11	96	150
8:24:00	95	50,3	11	96	150
8:24:10	95	50,3	11	96	150
8:24:20	95	50,3	11	96	150
8:24:30	95	50,3	11	96	150
8:24:40	95	50,3	11	96	150
8:24:50	95	50,3	11	96	150
8:25:00	95	50,3	11	96	150
8:25:10	95	50,3	11	96	150
8:25:20	95	50,3	11	95	150
8:25:30	95	50,3	11	95	150
8:25:40	95	50,3	11	96	150
8:25:50	95	50,3	11	95	150
8:26:00	95	50,3	11	96	150
8:26:10	95	50,3	11	95	150
8:26:20	95	50,3	11	95	150
8:26:30	95	50,3	11	96	150
8:26:40	95	50,3	11	95	150
8:26:50	95	50,3	11	96	150
8:27:00	95	50,3	11	95	150
8:27:10	95	50,3	11	96	150
8:27:20	95	50,3	11	95	150
8:27:30	95	50,3	11	95	150
8:27:40	95	50,3	11	96	150
8:27:50	95	50,3	11	96	150
8:28:00	95	50,3	11	95	150
8:28:10	95	50,3	11	95	150
8:28:20	95	50,3	11	95	150
8:28:30	95	50,3	11	95	150
8:28:40	95	50,3	11	95	150
8:28:50	95	50,3	11	95	150
8:29:00	95	50,3	11	96	150
8:29:10	95	50,3	11	95	150
8:29:20	95	50,3	11	95	150
8:29:30	95	50,3	11	95	150
8:29:40	95	50,3	11	96	150
8:29:50	95	50,3	11	95	150
8:30:00	95	50,3	11	96	150
8:30:10	95	50,3	11	95	150
8:30:20	95	50,3	11	95	150
8:30:30	95	50,3	11	95	150
8:30:40	95	50,3	11	95	150
8:30:50	95	50,3	11	95	150
8:31:00	95	50,3	11	95	150
8:31:10	95	50,3	11	95	150
8:31:20	95	50,3	11	96	150
8:31:30	95	50,3	11	96	150
8:31:40	95	50,3	11	95	150
8:31:50	95	50,3	11	95	150
8:32:00	95	50,3	11	95	150
8:32:10	95	50,3	11	95	150
8:32:20	95	50,3	11	95	150
8:32:30	95	50,3	11	95	150
8:32:40	95	50,3	11	96	150
8:32:50	95	50,3	11	95	150
8:33:00	95	50,3	11	95	150
8:33:10	95	50,3	11	96	150
8:33:20	95	50,3	11	95	150
8:33:30	95	50,3	11	96	150
8:33:40	95	50,3	11	96	150
8:33:50	95	50,3	11	96	150
8:34:00	95	50,3	11	96	150
8:34:10	95	50,3	11	96	150
8:34:20	95	50,3	11	96	150
8:34:30	95	50,3	11	96	150
8:34:40	95	50,3	11	96	150
8:34:50	95	50,3	11	96	150
8:35:00	95	50,3	11	96	150
8:35:10	95	50,3	11	95	150
8:35:20	95	50,3	11	95	150
8:35:30	95	50,3	11	95	150
8:35:40	95	50,3	11	96	150
8:35:50	95	50,3	11	95	150
8:36:00	95	50,3	11	96	150
8:36:10	95	50,3	11	95	150
8:36:20	95	50,3	11	96	150
8:36:30	95	50,3	11	95	150
8:36:40	95	50,3	11	96	150
8:36:50	95	50,3	11	96	150
8:37:00	95	50,3	11	95	150
8:37:10	95	50,3	11	96	150
8:37:20	95	50,3	11	95	150
8:37:30	95	50,3	11	96	150
8:37:40	95	50,3	11	95	150
8:37:50	95	50,3	11	96	150
8:38:00	95	50,3	11	96	150
8:38:10	95	50,3	11	96	150
8:38:20	95	50,3	11	96	150
8:38:30	95	50,3	11	96	150
8:38:40	95	50,3	11	95	150
8:38:50	95	50,3	11	96	150
8:39:00	95	50,3	11	96	150
8:39:10	95	50,3	11	95	150
8:39:20	95	50,3	11	96	150
8:39:30	95	50,3	11	96	150
8:39:40	95	50,3	11	96	150
8:39:50	95	50,3	11	96	150
8:40:00	95	50,3	11	95	150
8:40:10	95	50,3	11	96	150
8:40:20	95	50,3	11	95	150
8:40:30	95	50,3	11	96	150
8:40:40	95	50,3	11	96	150
8:40:50	95	50,3	11	96	150
8:41:00	95	50,3	11	96	150
8:41:10	95	50,3	11	95	150
8:41:20	95	50,3	11	96	150
8:41:30	95	50,3	11	96	150
8:41:40	95	50,3	11	95	150
8:41:50	95	50,3	11	96	150
8:42:00	95	50,3	11	96	150
8:42:10	95	50,3	11	96	150
8:42:20	95	50,3	11	95	150
8:42:30	95	50,3	11	95	150
8:42:40	95	50,3	11	95	150
8:42:50	95	50,3	11	95	150
8:43:00	95	50,3	11	95	150
8:43:10	95	50,3	11	96	150
8:43:20	95	50,3	11	96	150
8:43:30	95	50,3	11	95	150
8:43:40	95	50,3	11	95	150
8:43:50	95	50,3	11	95	150
8:44:00	95	50,3	11	95	150
8:44:10	95	50,3	11	95	150
8:44:20	95	50,3	11	96	150
8:44:30	95	50,3	11	95	150
8:44:40	95	50,3	11	95	150
8:44:50	95	50,3	11	96	150
8:45:00	95	50,3	11	96	150
8:45:10	95	50,3	11	95	150
8:45:20	95	50,3	11	96	150
8:45:30	95	50,3	11	96	150
8:45:40	95	50,3	11	96	150
8:45:50	95	50,3	11	96	150
8:46:00	95	50,3	11	96	150
8:46:10	95	50,3	11	96	150
8:46:20	95	50,3	11	96	150
8:46:30	95	50,3	11	95	150
8:46:40	95	50,3	11	95	150
8:46:50	95	50,3	11	95	150
8:47:00	95	50,3	11	96	150
8:47:10	95	50,3	11	95	150
8:47:20	95	50,3	11	96	150
8:47:30	95	50,3	11	95	150
8:47:40	95	50,3	11	95	150
8:47:50	95	50,3	11	96	150
8:48:00	95	50,3	11	95	150
8:48:10	95	50,3	11	96	150
8:48:20	95	50,3	11	96	150
8:48:30	95	50,3	11	95	150
8:48:40	95	50,3	11	96	150
8:48:50	95	50,3	11	96	150
8:49:00	95	50,3	11	95	150
8:49:10	95	50,3	11	96	150
8:49:20	95	50,3	11	95	150
8:49:30	95	50,3	11	95	150
8:49:40	95	50,3	11	95	150
8:49:50	95	50,3	11	95	150
8:50:00	95	50,3	11	95	150
8:50:10	95	50,3	11	95	150
8:50:20	95	50,3	11	95	150
8:50:30	95	50,3	11	95	150
8:50:40	95	50,3	11	95	150
8:50:50	95	50,3	11	95	150
8:51:00	95	50,3	11	95	150
8:51:10	95	50,2	11	95	150
8:51:20	95	50,2	11	95	150
8:51:30	95	50,2	11	95	150
8:51:40	95	50,2	11	95	150
8:51:50	95	50,2	11	95	150
8:52:00	95	50,2	11	95	150
8:52:10	95	50,2	11	95	150
8:52:20	95	50,2	11	95	150
8:52:30	95	50,2	11	95	150
8:52:40	95	50,2	11	95	150
8:52:50	95	50,2	11	95	150
8:53:00	95	50,2	11	95	150
8:53:10	95	50,2	11	95	150
8:53:20	95	50,2	11	95	150
8:53:30	95	50,2	11	95	150
8:53:40	95	50,1	11	95	150
8:53:50	95	50,1	11	95	150
8:54:00	95	50,1	11	95	150
8:54:10	95	50,1	11	95	150
8:54:20	95	50,1	11	95	150
8:54:30	95	50,1	11	95	150
8:54:40	95	50,1	11	95	150
8:54:50	95	50,1	11	95	150
8:55:00	95	50,1	11	95	150
8:55:10	95	50,1	11	95	150
8:55:20	95	50,1	11	95	150
8:55:30	95	50,1	11	95	150
8:55:40	95	50,1	11	95	150
8:55:50	95	50,1	11	95	150
8:56:00	95	50,1	11	95	150
8:56:10	95	50,1	11	95	150
8:56:20	95	50,1	11	95	150
8:56:30	95	50,1	11	95	150
8:56:40	95	50,1	11	95	150
8:56:50	95	50,1	11	95	150
8:57:00	95	50,1	11	95	150
8:57:10	95	50,0	11	95	150
8:57:20	95	50,0	11	95	150
8:57:30	95	50,0	11	95	150
8:57:40	95	50,1	11	95	150
8:57:50	95	50,1	11	95	150
8:58:00	95	50,1	11	95	150
8:58:10	95	50,1	11	95	150
8:58:20	95	50,1	11	95	150
8:58:30	95	50,1	11	95	150
8:58:40	95	50,1	11	95	150
8:58:50	95	50,1	11	95	150
8:59:00	95	50,1	11	95	150
8:59:10	95	50,1	11	95	150
8:59:20	95	50,1	11	95	150
8:59:30	95	50,1	11	95	150
8:59:40	95	50,1	11	95	150
8:59:50	95	50,1	11	95	150
9:00:00	95	50,1	11	95	150
9:00:10	95	50,1	11	95	150
9:00:20	95	50,2	11	95	150
9:00:30	95	50,2	11	96	150
9:00:40	95	50,2	11	96	150
9:00:50	95	50,2	11	96	150
9:01:00	95	50,2	11	96	150
9:01:10	95	50,2	11	96	150
9:01:20	95	50,2	11	95	150
9:01:30	95	50,2	11	96	150
9:01:40	95	50,2	11	95	150
9:01:50	95	50,2	11	96	150
9:02:00	95	50,2	11	95	150
9:02:10	95	50,2	11	95	150
9:02:20	95	50,2	11	95	150
9:02:30	95	50,2	11	95	150
9:02:40	95	50,2	11	95	150
9:02:50	95	50,2	11	95	150
9:03:00	95	50,2	11	95	150
9:03:10	95	50,2	11	96	150
9:03:20	95	50,2	11	95	150
9:03:30	95	50,2	11	95	150
9:03:40	95	50,2	11	95	150
9:03:50	95	50,2	11	95	150
9:04:00	95	50,1	11	95	150
9:04:10	95	50,1	11	95	150
9:04:20	95	50,1	11	95	150
9:04:30	95	50,1	11	95	150
9:04:40	95	50,2	11	95	150
9:04:50	95	50,2	11	95	150
9:05:00	95	50,1	11	95	150
9:05:10	95	50,1	11	95	150
9:05:20	95	50,1	11	95	150
9:05:30	95	50,1	11	95	150
9:05:40	95	50,2	11	95	150
9:05:50	95	50,2	11	95	150
9:06:00	95	50,1	11	95	150
9:06:10	95	50,1	11	95	150
9:06:20	95	50,1	11	95	150
9:06:30	95	50,1	11	95	150
9:06:40	95	50,1	11	95	150
9:06:50	95	50,1	11	95	150
9:07:00	95	50,1	11	95	150
9:07:10	95	50,1	11	95	150
9:07:20	95	50,1	11	95	150
9:07:30	95	50,1	11	95	150
9:07:40	95	50,0	11	95	150
9:07:50	95	50,0	11	95	150
9:08:00	95	50,0	11	95	150
9:08:10	95	50,0	11	95	150
9:08:20	95	50,0	11	95	150
9:08:30	95	50,0	11	95	150
9:08:40	95	50,0	11	95	150
9:08:50	95	50,0	11	95	150
9:09:00	95	50,0	11	95	150
9:09:10	95	50,0	11	95	150
9:09:20	95	50,0	11	95	150
9:09:30	95	50,0	11	95	150
9:09:40	95	50,0	11	95	150
9:09:50	95	50,0	11	95	150
9:10:00	95	50,0	11	95	150
9:10:10	95	50,1	11	95	150
9:10:20	95	50,1	11	95	150
9:10:30	95	50,1	11	95	150
9:10:40	95	50,1	11	95	150
9:10:50	95	50,1	11	95	150
9:11:00	95	50,1	11	95	150
9:11:10	95	50,1	11	95	150
9:11:20	95	50,1	11	95	150
9:11:30	95	50,1	11	95	150
9:11:40	95	50,1	11	95	150
9:11:50	95	50,1	11	95	150
9:12:00	95	50,1	11	95	150
9:12:10	95	50,1	11	95	150
9:12:20	95	50,1	11	95	150
9:12:30	95	50,0	11	95	150
9:12:40	95	50,0	11	95	150
9:12:50	95	50,0	11	95	150
9:13:00	95	50,0	11	95	150
9:13:10	95	50,0	11	95	150
9:13:20	95	50,0	11	95	150
9:13:30	95	50,0	11	95	150
9:13:40	95	50,0	11	95	150
9:13:50	95	50,0	11	95	150
9:14:00	95	50,0	11	95	150
9:14:10	95	50,0	11	95	150
9:14:20	95	50,0	11	95	150
9:14:30	95	50,0	11	95	150
9:14:40	95	50,0	11	95	150
9:14:50	95	50,0	11	95	150
9:15:00	95	49,9	11	95	150
9:15:10	95	49,9	11	95	150
9:15:20	95	50,0	11	95	150
9:15:30	95	50,0	11	95	150
9:15:40	95	50,0	11	95	150
9:15:50	95	49,9	11	95	150
9:16:00	95	49,9	11	95	150
9:16:10	95	49,9	11	95	150
9:16:20	95	49,9	11	95	150
9:16:30	95	49,9	11	95	150
9:16:40	95	49,9	11	95	150
9:16:50	95	49,9	11	95	150
9:17:00	95	49,9	11	95	150
9:17:10	95	49,9	11	95	150
9:17:20	95	49,9	11	95	150
9:17:30	95	49,9	11	95	150
9:17:40	95	49,9	11	95	150
9:17:50	95	49,9	11	95	150
9:18:00	95	49,9	11	95	150
9:18:10	95	50,0	11	95	150
9:18:20	95	50,0	11	95	150
9:18:30	95	50,0	11	95	150
9:18:40	95	50,0	11	95	150
9:18:50	95	50,0	11	95	150
9:19:00	95	50,0	11	95	150
9:19:10	95	50,0	11	95	150
9:19:20	95	50,0	11	95	150
9:19:30	95	50,0	11	95	150
9:19:40	95	50,0	11	95	150
9:19:50	95	50,0	11	95	150
9:20:00	95	50,0	11	95	150
9:20:10	95	50,0	11	95	150
9:20:20	95	50,0	11	95	150
9:20:30	95	50,0	11	95	150
9:20:40	95	50,0	11	95	150
9:20:50	95	50,0	11	95	150
9:21:00	95	50,0	11	95	150
9:21:10	95	50,0	11	95	150
9:21:20	95	50,0	11	95	150
9:21:30	95	50,0	11	95	150
9:21:40	95	50,1	11	95	150
9:21:50	95	50,0	11	95	150
9:22:00	95	50,1	11	95	150
9:22:10	95	50,0	11	95	150
9:22:20	95	50,0	11	95	150
9:22:30	95	50,0	11	95	150
9:22:40	95	50,0	11	95	150
9:22:50	95	50,0	11	95	150
9:23:00	95	50,0	11	95	150
9:23:10	95	50,0	11	95	150
9:23:20	95	50,0	11	95	150
9:23:30	95	50,0	11	95	150
9:23:40	95	50,1	11	95	150
9:23:50	95	50,1	11	96	150
9:24:00	95	50,1	11	95	150
9:24:10	95	50,0	11	95	150
9:24:20	95	50,0	11	95	150
9:24:30	95	50,0	11	95	150
9:24:40	95	50,0	11	95	150
9:24:50	95	50,0	11	95	150
9:25:00	95	50,0	11	95	150
9:25:10	95	50,0	11	95	150
9:25:20	95	50,0	11	95	150
9:25:30	95	50,0	11	95	150
9:25:40	95	49,9	11	95	150
9:25:50	95	49,9	11	95	150
9:26:00	95	49,9	11	95	150
9:26:10	95	49,9	11	95	150
9:26:20	95	49,9	11	95	150
9:26:30	95	49,9	11	95	150
9:26:40	95	49,9	11	95	150
9:26:50	95	49,9	11	95	150
9:27:00	95	49,9	11	95	150
9:27:10	95	49,9	11	95	150
9:27:20	95	49,9	11	95	150
9:27:30	95	49,9	11	95	150
9:27:40	95	49,8	11	95	150
9:27:50	95	49,8	11	95	150
9:28:00	95	49,8	11	95	150
9:28:10	95	49,8	11	95	150
9:28:20	95	49,8	11	95	150
9:28:30	95	49,8	11	95	150
9:28:40	95	49,8	11	95	150
9:28:50	95	49,8	11	95	150
9:29:00	95	49,8	11	95	150
9:29:10	95	49,8	11	95	150
9:29:20	95	49,8	11	95	150
9:29:30	95	49,8	11	95	150
9:29:40	95	49,8	11	95	150
9:29:50	95	49,8	11	95	150
9:30:00	95	49,8	11	95	150
9:30:10	95	49,8	11	95	150
9:30:20	95	49,8	11	95	150
9:30:30	95	49,8	11	95	150
9:30:40	95	49,8	11	95	150
9:30:50	95	49,8	11	95	150
9:31:00	95	49,8	11	95	150
9:31:10	95	49,8	11	95	150
9:31:20	95	49,8	11	95	150
9:31:30	95	49,9	11	95	150
9:31:40	95	49,9	11	95	150
9:31:50	95	49,9	11	95	150
9:32:00	95	49,9	11	95	150
9:32:10	95	49,9	11	95	150
9:32:20	95	49,9	11	95	150
9:32:30	95	49,9	11	95	150
9:32:40	95	49,9	11	95	150
9:32:50	95	49,9	11	95	150
9:33:00	95	49,9	11	95	150
9:33:10	95	49,9	11	95	150
9:33:20	95	50,0	11	95	150
9:33:30	95	50,0	11	95	150
9:33:40	95	50,0	11	95	150
9:33:50	95	50,0	11	95	150
9:34:00	95	50,0	11	95	150
9:34:10	95	50,0	11	95	150
9:34:20	95	50,0	11	95	150
9:34:30	95	50,0	11	95	150
9:34:40	95	50,0	11	95	150
9:34:50	95	50,0	11	95	150
9:35:00	95	50,0	11	95	150
9:35:10	95	50,0	11	95	150
9:35:20	95	50,0	11	95	150
9:35:30	95	50,0	11	95	150
9:35:40	95	50,0	11	95	150
9:35:50	95	50,0	11	95	150
9:36:00	95	50,0	11	95	150
9:36:10	95	50,0	11	95	150
9:36:20	95	50,0	11	95	150
9:36:30	95	50,0	11	95	150
9:36:40	95	50,0	11	95	150
9:36:50	95	50,0	11	95	150
9:37:00	95	50,0	11	95	150
9:37:10	95	50,0	11	95	150
9:37:20	95	50,0	11	96	150
9:37:30	95	50,1	11	96	150
9:37:40	95	50,0	11	95	150
9:37:50	95	50,0	11	95	150
9:38:00	95	50,0	11	95	150
9:38:10	95	50,0	11	95	150
9:38:20	95	50,0	11	96	150
9:38:30	95	50,0	11	95	150
9:38:40	95	50,0	11	95	150
9:38:50	95	50,0	11	95	150
9:39:00	95	50,0	11	95	150
9:39:10	95	50,0	11	96	150
9:39:20	95	50,0	11	96	150
9:39:30	95	50,0	11	95	150
9:39:40	95	50,0	11	96	150
9:39:50	95	50,0	11	95	150
9:40:00	95	50,0	11	95	150
9:40:10	95	50,0	11	95	150
9:40:20	95	50,0	11	95	150
9:40:30	95	50,0	11	95	150
9:40:40	95	50,0	11	95	150
9:40:50	95	50,0	11	95	150
9:41:00	95	49,9	11	95	150
9:41:10	95	49,9	11	95	150
9:41:20	95	49,9	11	95	150
9:41:30	95	49,9	11	95	150
9:41:40	95	49,9	11	95	150
9:41:50	95	49,9	11	95	150
9:42:00	95	49,9	11	95	150
9:42:10	95	49,9	11	95	150
9:42:20	95	49,8	11	95	150
9:42:30	95	49,8	11	95	150
9:42:40	95	49,8	11	95	150
9:42:50	95	49,8	11	95	150
9:43:00	95	49,8	11	95	150
9:43:10	95	49,8	11	95	150
9:43:20	95	49,8	11	95	150
9:43:30	95	49,8	11	95	150
9:43:40	95	49,8	11	95	150
9:43:50	95	49,8	11	95	150
9:44:00	95	49,8	11	95	150
9:44:10	95	49,7	11	95	150
9:44:20	95	49,7	11	95	150
9:44:30	95	49,7	11	95	150
9:44:40	95	49,7	11	95	150
9:44:50	95	49,7	11	95	150
9:45:00	95	49,7	11	95	150
9:45:10	95	49,7	11	95	150
9:45:20	95	49,7	11	95	150
9:45:30	95	49,7	11	95	150
9:45:40	95	49,7	11	95	150
9:45:50	95	49,7	11	95	150
9:46:00	95	49,7	11	95	150
9:46:10	95	49,6	11	95	150
9:46:20	95	49,6	11	95	150
9:46:30	95	49,6	11	95	150
9:46:40	95	49,6	11	95	150
9:46:50	95	49,6	11	95	150
9:47:00	95	49,6	11	95	150
9:47:10	95	49,6	11	95	150
9:47:20	95	49,6	11	95	150
9:47:30	95	49,6	11	95	150
9:47:40	95	49,6	11	95	150
9:47:50	95	49,6	11	95	150
9:48:00	95	49,6	11	95	150
9:48:10	95	49,6	11	95	150
9:48:20	95	49,6	11	95	150
9:48:30	95	49,6	18	95	150
9:48:40	95	49,6	18	95	150
9:48:50	95	49,6	18	95	150
9:49:00	95	49,7	18	95	150
9:49:10	95	49,7	18	95	150
9:49:20	95	49,7	18	95	150
9:49:30	95	49,7	18	95	150
9:49:40	95	49,7	18	95	150
9:49:50	95	49,7	18	95	150
9:50:00	95	49,7	18	95	150
9:50:10	95	49,7	18	95	150
9:50:20	95	49,8	18	95	150
9:50:30	95	49,8	18	95	150
9:50:40	95	49,8	18	95	150
9:50:50	95	49,8	18	95	150
9:51:00	95	49,8	18	95	150
9:51:10	95	49,8	18	95	150
9:51:20	95	49,8	18	95	150
9:51:30	95	49,8	18	95	150
9:51:40	95	49,8	18	95	150
9:51:50	95	49,9	18	95	150
9:52:00	95	49,9	18	95	150
9:52:10	95	49,9	18	96	150
9:52:20	95	49,9	18	95	150
9:52:30	95	49,9	18	95	150
9:52:40	95	50,0	18	95	150
9:52:50	95	50,0	18	96	150
9:53:00	95	50,0	18	96	150
9:53:10	95	50,0	18	96	150
9:53:20	95	50,0	18	95	150
9:53:30	95	50,0	18	96	150
9:53:40	95	50,0	18	96	150
9:53:50	95	50,0	18	96	150
9:54:00	95	50,0	18	96	150
9:54:10	95	50,0	18	96	150
9:54:20	95	50,0	18	96	150
9:54:30	95	50,0	18	96	150
9:54:40	95	50,0	18	96	150
9:54:50	95	50,0	18	96	150
9:55:00	95	50,0	18	96	150
9:55:10	95	50,0	18	96	150
9:55:20	95	50,0	18	96	150
9:55:30	95	50,0	18	96	150
9:55:40	95	50,0	18	96	150
9:55:50	95	50,1	18	96	150
9:56:00	95	50,1	18	96	150
9:56:10	95	50,0	18	96	150
9:56:20	95	50,0	18	96	150
9:56:30	95	50,0	18	96	150
9:56:40	95	50,0	18	96	150
9:56:50	95	50,0	18	96	150
9:57:00	95	50,0	18	96	150
9:57:10	95	50,0	18	96	150
9:57:20	95	50,0	18	96	150
9:57:30	95	50,0	18	95	150
9:57:40	95	50,0	18	96	150
9:57:50	95	50,0	18	95	150
9:58:00	95	50,0	18	95	150
9:58:10	95	50,0	18	95	150
9:58:20	95	49,9	18	96	150
9:58:30	95	49,9	18	95	150
9:58:40	95	49,9	18	95	150
9:58:50	95	49,9	18	95	150
9:59:00	95	49,9	18	95	150
9:59:10	95	49,9	18	95	150
9:59:20	95	49,9	18	95	150
9:59:30	95	49,9	18	95	150
9:59:40	95	49,8	18	95	150
9:59:50	95	49,8	18	95	150
10:00:00	95	49,8	23	95	150
10:00:10	95	49,8	24	95	150
10:00:20	95	49,8	24	95	150
10:00:30	95	49,8	24	95	150
10:00:40	95	49,8	24	95	150
10:00:50	95	49,7	24	95	150
10:01:00	95	49,7	24	95	150
10:01:10	95	49,7	24	95	150
10:01:20	95	49,7	24	95	150
10:01:30	95	49,7	24	95	150
10:01:40	95	49,7	24	95	150
10:01:50	95	49,6	24	95	150
10:02:00	95	49,6	24	95	150
10:02:10	95	49,6	24	95	150
10:02:20	95	49,6	24	95	150
10:02:30	95	49,6	24	95	150
10:02:40	95	49,5	24	95	150
10:02:50	95	49,5	24	95	150
10:03:00	95	49,5	24	95	150
10:03:10	95	49,5	24	95	150
10:03:20	95	49,5	24	95	150
10:03:30	95	49,5	24	95	150
10:03:40	95	49,4	24	95	150
10:03:50	95	49,4	24	94	150
10:04:00	95	49,4	24	94	150
10:04:10	95	49,4	24	94	150
10:04:20	95	49,4	24	94	150
10:04:30	95	49,4	24	94	150
10:04:40	95	49,3	24	94	150
10:04:50	95	49,3	24	94	150
10:05:00	95	49,3	24	94	150
10:05:10	95	49,3	24	94	150
10:05:20	95	49,3	24	94	150
10:05:30	95	49,3	24	94	150
10:05:40	95	49,3	24	94	150
10:05:50	95	49,2	27	94	150
10:06:00	95	49,2	27	94	150
10:06:10	95	49,2	27	94	150
10:06:20	95	49,2	27	94	150
10:06:30	95	49,2	27	94	150
10:06:40	95	49,2	27	94	150
10:06:50	95	49,2	27	94	150
10:07:00	95	49,2	27	94	150
10:07:10	95	49,2	31	94	150
10:07:20	95	49,2	31	94	150
10:07:30	95	49,2	31	94	150
10:07:40	95	49,2	31	94	150
10:07:50	95	49,2	31	94	150
10:08:00	95	49,2	31	94	150
10:08:10	95	49,2	31	94	150
10:08:20	95	49,2	31	94	150
10:08:30	95	49,2	31	94	150
10:08:40	95	49,2	31	94	150
10:08:50	95	49,2	31	94	150
10:09:00	95	49,2	31	94	150
10:09:10	95	49,2	31	94	150
10:09:20	95	49,2	31	94	150
10:09:30	95	49,2	31	94	150
10:09:40	95	49,2	31	94	150
10:09:50	95	49,2	31	95	150
10:10:00	95	49,2	31	94	150
10:10:10	95	49,3	31	95	150
10:10:20	95	49,3	41	95	150
10:10:30	95	49,3	41	95	150
10:10:40	95	49,3	41	95	150
10:10:50	95	49,3	41	95	150
10:11:00	95	49,3	41	95	150
10:11:10	95	49,3	41	95	150
10:11:20	95	49,3	41	95	150
10:11:30	95	49,4	41	95	150
10:11:40	95	49,4	41	95	150
10:11:50	95	49,4	41	95	150
10:12:00	95	49,4	41	95	150
10:12:10	95	49,4	41	95	150
10:12:20	95	49,4	41	95	150
10:12:30	95	49,5	41	95	150
10:12:40	95	49,5	46	95	150
10:12:50	95	49,5	47	95	150
10:13:00	95	49,5	47	95	150
10:13:10	95	49,5	47	95	150
10:13:20	95	49,6	47	95	150
10:13:30	95	49,6	47	95	150
10:13:40	95	49,6	47	95	150
10:13:50	95	49,6	47	95	150
10:14:00	95	49,6	47	95	150
10:14:10	95	49,6	47	96	150
10:14:20	95	49,7	47	96	150
10:14:30	95	49,7	47	96	150
10:14:40	95	49,7	47	96	150
10:14:50	95	49,7	47	96	150
10:15:00	95	49,8	47	96	150
10:15:10	95	49,8	47	96	150
10:15:20	95	49,8	47	96	150
10:15:30	95	49,8	61	96	150
10:15:40	95	49,9	62	96	150
10:15:50	95	49,9	62	96	150
10:16:00	95	49,9	62	96	150
10:16:10	95	49,9	62	96	150
10:16:20	95	49,9	62	96	150
10:16:30	95	50,0	62	96	150
10:16:40	95	50,0	62	96	150
10:16:50	95	50,0	62	96	150
10:17:00	95	50,0	62	96	150
10:17:10	95	50,0	62	96	150
10:17:20	95	50,1	62	96	150
10:17:30	95	50,1	62	96	150
10:17:40	95	50,1	63	96	150
10:17:50	95	50,1	66	96	150
10:18:00	95	50,1	66	96	150
10:18:10	95	50,1	66	96	150
10:18:20	95	50,1	66	96	150
10:18:30	95	50,1	66	96	150
10:18:40	95	50,1	66	96	150
10:18:50	95	50,2	68	96	150
10:19:00	95	50,2	69	96	150
10:19:10	95	50,2	69	96	150
10:19:20	95	50,2	69	97	150
10:19:30	95	50,2	69	96	150
10:19:40	95	50,2	69	96	150
10:19:50	95	50,2	69	96	150
10:20:00	95	50,2	69	96	150
10:20:10	95	50,2	69	96	150
10:20:20	95	50,2	69	96	150
10:20:30	95	50,2	69	96	150
10:20:40	95	50,2	69	96	150
10:20:50	95	50,2	69	96	150
10:21:00	95	50,2	69	96	150
10:21:10	95	50,2	69	96	150
10:21:20	95	50,1	78	96	150
10:21:30	95	50,1	79	96	150
