--Test Summary--
Full Path and File Name	
Instrument Name	7222
Instrument Type	Model 7222 Consistometer
Instrument Serial Number	
Test Start Date	16.07.2014
Test Start Time	15:51:30
Test Stop Date	16.07.2014
Test Stop Time	22:34:30
Test Length	6:43:00
Final Sample Time Offset	6:43:00
Controller Schedule Name	
Sampling Period	10 seconds
Comments	T: 23C ; P: 25MPa (30min); tap water.
Information	WellID	Research
Information	Customer	Trican
Information	EngName	Aleksanyan Mikhail
Information	CementClass	100%G
Information	CementMfr	Dyckerhoff - Suhoy Log
Information	Additives	0,7%CFL-2+0.3%TLA+1,5%CaCl2
Information	Density	1920
Information	BHCT	
Information	BHST	
Information	FluidLoss	
Information	JobType	
Calculated Value	Time_30Bc	2:23:20
Calculated Value	Time_70Bc	6:43:00
Initial Temperature (°C)	29 °C
Final Temperature (°C)	16 °C
Initial Pressure (MPa)	0,8 MPa
Final Pressure (MPa)	25,1 MPa
Initial Consistency (Bc)	17 Bc
Final Consistency (Bc)	71 Bc
--Data--
Time (HH:MM:SS)	Temperature (°C)	Pressure (MPa)	Consistency (Bc)
0:00:00	29	0,8	17
0:00:10	29	0,9	17
0:00:20	29	1,2	16
0:00:30	29	1,5	18
0:00:40	29	1,4	17
0:00:50	29	1,5	17
0:01:00	29	1,7	18
0:01:10	29	1,9	18
0:01:20	29	2,1	19
0:01:30	29	2,0	4
0:01:40	29	2,2	18
0:01:50	28	2,5	17
0:02:00	28	2,4	17
0:02:10	28	2,7	18
0:02:20	28	3,1	17
0:02:30	28	3,0	19
0:02:40	28	2,9	18
0:02:50	28	3,3	18
0:03:00	28	3,3	19
0:03:10	28	3,7	19
0:03:20	28	3,7	19
0:03:30	28	3,6	19
0:03:40	28	4,1	19
0:03:50	28	4,0	19
0:04:00	28	4,0	19
0:04:10	28	4,3	18
0:04:20	28	4,6	19
0:04:30	28	4,5	19
0:04:40	27	5,0	19
0:04:50	27	4,9	18
0:05:00	27	4,9	19
0:05:10	27	5,4	19
0:05:20	27	5,3	19
0:05:30	27	5,3	15
0:05:40	27	5,5	18
0:05:50	27	5,9	19
0:06:00	27	5,8	19
0:06:10	27	5,8	19
0:06:20	27	6,0	17
0:06:30	27	6,3	19
0:06:40	27	6,3	19
0:06:50	27	6,5	19
0:07:00	27	6,5	10
0:07:10	27	6,8	17
0:07:20	27	6,8	13
0:07:30	27	6,9	13
0:07:40	27	7,4	16
0:07:50	26	7,3	18
0:08:00	26	7,3	18
0:08:10	26	7,4	19
0:08:20	26	7,7	18
0:08:30	26	7,7	16
0:08:40	26	7,9	20
0:08:50	26	8,1	20
0:09:00	26	8,1	20
0:09:10	26	8,3	19
0:09:20	26	8,5	20
0:09:30	26	8,5	20
0:09:40	26	8,8	20
0:09:50	26	8,8	20
0:10:00	26	9,0	20
0:10:10	26	9,3	20
0:10:20	26	9,3	20
0:10:30	26	9,3	20
0:10:40	26	9,5	20
0:10:50	26	9,8	20
0:11:00	26	9,8	20
0:11:10	26	10,0	20
0:11:20	26	10,0	20
0:11:30	26	10,3	21
0:11:40	26	10,3	23
0:11:50	26	10,4	21
0:12:00	26	10,7	23
0:12:10	26	10,7	23
0:12:20	26	10,9	25
0:12:30	26	10,9	22
0:12:40	26	11,2	22
0:12:50	26	11,1	22
0:13:00	26	11,4	21
0:13:10	26	11,6	21
0:13:20	26	11,5	21
0:13:30	25	11,9	20
0:13:40	25	11,9	21
0:13:50	25	12,3	22
0:14:00	25	12,3	22
0:14:10	25	12,3	22
0:14:20	25	12,4	23
0:14:30	25	12,7	24
0:14:40	25	12,6	22
0:14:50	25	12,8	25
0:15:00	25	13,2	22
0:15:10	25	13,1	21
0:15:20	25	13,2	21
0:15:30	25	13,5	22
0:15:40	25	13,5	22
0:15:50	25	13,7	21
0:16:00	25	14,0	20
0:16:10	25	14,0	21
0:16:20	25	14,0	21
0:16:30	25	14,2	21
0:16:40	25	14,4	23
0:16:50	25	14,4	21
0:17:00	25	14,7	22
0:17:10	25	14,6	23
0:17:20	25	14,9	23
0:17:30	25	15,0	23
0:17:40	25	15,4	24
0:17:50	25	15,3	23
0:18:00	25	15,5	23
0:18:10	25	15,5	22
0:18:20	25	15,8	23
0:18:30	25	15,8	24
0:18:40	25	15,8	23
0:18:50	25	16,1	24
0:19:00	25	16,3	30
0:19:10	25	16,3	26
0:19:20	25	16,5	25
0:19:30	25	16,8	25
0:19:40	25	16,8	24
0:19:50	25	17,1	26
0:20:00	25	17,1	24
0:20:10	25	17,1	23
0:20:20	25	17,2	26
0:20:30	25	17,5	25
0:20:40	25	17,5	26
0:20:50	25	17,7	28
0:21:00	25	18,0	23
0:21:10	25	18,0	28
0:21:20	25	18,1	24
0:21:30	25	18,3	22
0:21:40	25	18,5	22
0:21:50	25	18,5	24
0:22:00	25	18,7	21
0:22:10	25	18,7	24
0:22:20	25	18,8	25
0:22:30	25	19,1	22
0:22:40	25	19,1	21
0:22:50	25	19,3	22
0:23:00	25	19,5	26
0:23:10	25	19,5	24
0:23:20	25	19,7	25
0:23:30	25	19,9	23
0:23:40	25	19,9	21
0:23:50	25	20,1	22
0:24:00	25	20,4	25
0:24:10	25	20,3	22
0:24:20	25	20,6	22
0:24:30	25	20,7	26
0:24:40	25	20,9	25
0:24:50	25	20,8	25
0:25:00	25	21,4	25
0:25:10	25	21,3	22
0:25:20	25	21,3	22
0:25:30	25	21,9	26
0:25:40	25	21,8	28
0:25:50	25	21,8	23
0:26:00	25	21,8	22
0:26:10	25	22,2	22
0:26:20	25	22,2	21
0:26:30	25	22,2	22
0:26:40	25	22,4	24
0:26:50	25	22,7	27
0:27:00	25	22,6	24
0:27:10	25	22,7	22
0:27:20	25	22,9	32
0:27:30	25	23,1	26
0:27:40	25	23,3	27
0:27:50	25	23,3	24
0:28:00	25	23,5	24
0:28:10	25	23,7	22
0:28:20	25	23,9	23
0:28:30	25	23,9	24
0:28:40	25	24,0	23
0:28:50	25	24,1	23
0:29:00	25	24,4	26
0:29:10	25	24,4	23
0:29:20	25	24,7	24
0:29:30	25	24,7	23
0:29:40	25	24,9	25
0:29:50	25	24,9	22
0:30:00	25	24,9	23
0:30:10	25	24,9	24
0:30:20	25	25,1	24
0:30:30	25	25,1	23
0:30:40	25	25,0	23
0:30:50	25	25,0	22
0:31:00	25	25,0	23
0:31:10	25	25,0	22
0:31:20	25	25,0	22
0:31:30	25	25,0	22
0:31:40	25	25,0	22
0:31:50	25	25,0	23
0:32:00	25	25,0	23
0:32:10	25	25,0	23
0:32:20	25	25,0	23
0:32:30	25	25,0	23
0:32:40	25	25,0	22
0:32:50	25	25,0	25
0:33:00	25	25,0	26
0:33:10	25	25,0	21
0:33:20	25	25,0	27
0:33:30	25	25,0	28
0:33:40	25	25,0	25
0:33:50	25	25,0	33
0:34:00	25	25,0	26
0:34:10	25	24,9	23
0:34:20	25	24,9	22
0:34:30	25	24,9	23
0:34:40	25	24,9	23
0:34:50	25	24,9	23
0:35:00	25	24,9	23
0:35:10	25	25,0	22
0:35:20	25	25,0	23
0:35:30	25	25,0	22
0:35:40	25	25,0	22
0:35:50	25	24,9	22
0:36:00	25	24,9	22
0:36:10	25	24,9	23
0:36:20	25	25,0	22
0:36:30	25	24,9	23
0:36:40	25	24,9	23
0:36:50	25	24,9	23
0:37:00	25	25,1	23
0:37:10	25	25,0	22
0:37:20	25	25,0	23
0:37:30	25	25,0	22
0:37:40	25	24,9	23
0:37:50	25	24,9	23
0:38:00	25	24,9	23
0:38:10	25	25,0	23
0:38:20	25	25,0	22
0:38:30	25	24,9	24
0:38:40	25	24,9	24
0:38:50	25	24,9	23
0:39:00	25	25,0	24
0:39:10	25	25,0	22
0:39:20	25	24,9	23
0:39:30	25	24,9	23
0:39:40	25	24,9	22
0:39:50	25	25,0	24
0:40:00	25	25,0	22
0:40:10	25	24,9	24
0:40:20	25	24,9	23
0:40:30	25	25,0	23
0:40:40	25	25,0	23
0:40:50	24	25,0	21
0:41:00	24	24,9	24
0:41:10	24	24,9	22
0:41:20	24	25,0	23
0:41:30	24	25,0	23
0:41:40	24	24,9	22
0:41:50	24	24,9	23
0:42:00	24	25,0	22
0:42:10	24	24,9	22
0:42:20	24	24,9	23
0:42:30	24	25,0	22
0:42:40	24	24,9	23
0:42:50	24	24,9	22
0:43:00	24	25,0	26
0:43:10	24	25,0	26
0:43:20	24	24,9	23
0:43:30	24	24,9	23
0:43:40	24	24,9	26
0:43:50	24	25,0	23
0:44:00	24	24,9	23
0:44:10	24	24,9	24
0:44:20	24	24,8	24
0:44:30	24	24,9	22
0:44:40	24	24,9	23
0:44:50	24	25,1	23
0:45:00	24	25,1	23
0:45:10	24	25,0	24
0:45:20	24	25,0	25
0:45:30	24	24,9	24
0:45:40	24	24,9	23
0:45:50	24	24,9	23
0:46:00	24	25,0	23
0:46:10	24	25,0	23
0:46:20	24	24,9	24
0:46:30	24	24,9	23
0:46:40	24	25,1	23
0:46:50	24	25,0	23
0:47:00	24	25,0	23
0:47:10	24	25,0	24
0:47:20	24	24,9	23
0:47:30	24	24,9	26
0:47:40	23	25,0	23
0:47:50	23	25,0	23
0:48:00	23	25,0	23
0:48:10	23	24,9	23
0:48:20	23	24,9	23
0:48:30	23	25,1	23
0:48:40	23	25,0	20
0:48:50	23	25,0	23
0:49:00	23	25,0	22
0:49:10	23	24,9	23
0:49:20	23	24,9	24
0:49:30	23	25,0	25
0:49:40	23	25,0	24
0:49:50	23	25,0	23
0:50:00	23	24,9	23
0:50:10	23	24,9	22
0:50:20	23	25,1	23
0:50:30	23	25,0	24
0:50:40	23	25,0	23
0:50:50	23	24,9	23
0:51:00	23	24,9	24
0:51:10	23	25,1	23
0:51:20	23	25,0	24
0:51:30	23	25,0	23
0:51:40	23	25,0	23
0:51:50	23	24,9	22
0:52:00	23	24,9	24
0:52:10	23	25,1	23
0:52:20	23	25,0	24
0:52:30	23	25,0	26
0:52:40	23	24,9	25
0:52:50	23	24,9	25
0:53:00	23	25,1	24
0:53:10	23	25,1	24
0:53:20	22	25,0	24
0:53:30	22	25,0	24
0:53:40	22	24,9	24
0:53:50	22	24,9	24
0:54:00	22	25,1	24
0:54:10	22	25,0	24
0:54:20	22	25,0	24
0:54:30	22	24,9	24
0:54:40	22	24,9	24
0:54:50	22	24,9	24
0:55:00	22	25,0	25
0:55:10	22	24,9	24
0:55:20	22	24,9	24
0:55:30	22	25,0	24
0:55:40	22	25,0	24
0:55:50	22	24,9	24
0:56:00	22	24,9	24
0:56:10	22	25,1	23
0:56:20	22	25,1	24
0:56:30	22	25,0	24
0:56:40	22	25,0	24
0:56:50	22	25,0	24
0:57:00	22	24,9	24
0:57:10	22	24,9	24
0:57:20	22	25,1	24
0:57:30	22	25,0	25
0:57:40	22	25,0	24
0:57:50	22	24,9	25
0:58:00	22	24,9	24
0:58:10	22	24,9	24
0:58:20	22	25,1	25
0:58:30	22	25,0	24
0:58:40	22	25,0	25
0:58:50	22	25,0	24
0:59:00	21	24,9	24
0:59:10	21	24,9	25
0:59:20	21	24,9	25
0:59:30	21	25,1	24
0:59:40	21	25,0	24
0:59:50	21	25,0	24
1:00:00	21	24,9	28
1:00:10	21	24,9	24
1:00:20	21	24,9	24
1:00:30	21	25,1	24
1:00:40	21	25,0	25
1:00:50	21	25,0	24
1:01:00	21	25,0	24
1:01:10	21	24,9	25
1:01:20	21	24,9	28
1:01:30	21	24,9	25
1:01:40	21	25,1	25
1:01:50	21	25,0	25
1:02:00	21	25,0	25
1:02:10	21	25,0	24
1:02:20	21	24,9	25
1:02:30	21	24,9	24
1:02:40	21	24,9	25
1:02:50	21	25,0	25
1:03:00	21	24,9	25
1:03:10	21	24,9	25
1:03:20	21	24,9	25
1:03:30	21	25,1	25
1:03:40	21	25,1	25
1:03:50	21	25,1	24
1:04:00	21	25,0	25
1:04:10	21	25,0	24
1:04:20	21	25,0	25
1:04:30	21	24,9	25
1:04:40	21	24,9	25
1:04:50	21	24,9	25
1:05:00	21	25,0	24
1:05:10	21	25,0	25
1:05:20	21	25,0	24
1:05:30	20	24,9	25
1:05:40	20	24,9	25
1:05:50	20	24,9	24
1:06:00	20	25,0	25
1:06:10	20	25,0	25
1:06:20	20	24,9	25
1:06:30	20	24,9	26
1:06:40	20	24,9	24
1:06:50	20	25,1	26
1:07:00	20	25,1	25
1:07:10	20	25,1	26
1:07:20	20	25,0	26
1:07:30	20	25,0	25
1:07:40	20	25,0	26
1:07:50	20	24,9	25
1:08:00	20	24,9	26
1:08:10	20	24,9	26
1:08:20	20	24,9	25
1:08:30	20	24,9	26
1:08:40	20	24,9	25
1:08:50	20	24,9	26
1:09:00	20	25,2	25
1:09:10	20	25,1	25
1:09:20	20	25,1	26
1:09:30	20	25,1	25
1:09:40	20	25,0	26
1:09:50	20	25,0	26
1:10:00	20	25,0	26
1:10:10	20	24,9	26
1:10:20	20	24,9	25
1:10:30	20	24,9	26
1:10:40	20	24,9	25
1:10:50	20	25,0	24
1:11:00	20	25,0	26
1:11:10	20	25,0	21
1:11:20	20	24,9	26
1:11:30	20	24,9	26
1:11:40	20	24,9	26
1:11:50	20	25,0	26
1:12:00	20	25,0	26
1:12:10	20	25,0	27
1:12:20	19	24,9	26
1:12:30	19	24,9	26
1:12:40	19	24,9	27
1:12:50	19	25,1	27
1:13:00	19	25,1	26
1:13:10	19	25,1	26
1:13:20	19	25,0	27
1:13:30	19	25,0	26
1:13:40	19	25,0	26
1:13:50	19	25,0	27
1:14:00	19	24,9	26
1:14:10	19	24,9	27
1:14:20	19	24,9	27
1:14:30	19	24,9	27
1:14:40	19	25,0	27
1:14:50	19	25,0	26
1:15:00	19	25,0	27
1:15:10	19	25,0	27
1:15:20	19	24,9	26
1:15:30	19	24,9	26
1:15:40	19	24,9	19
1:15:50	19	24,9	26
1:16:00	19	25,1	24
1:16:10	19	25,1	24
1:16:20	19	25,1	24
1:16:30	19	25,0	22
1:16:40	19	25,0	24
1:16:50	19	25,0	24
1:17:00	19	25,0	26
1:17:10	19	24,9	26
1:17:20	19	24,9	22
1:17:30	19	24,9	24
1:17:40	19	24,9	23
1:17:50	19	24,9	26
1:18:00	19	24,9	24
1:18:10	19	24,9	26
1:18:20	19	24,9	27
1:18:30	19	25,2	27
1:18:40	19	25,2	27
1:18:50	19	25,1	27
1:19:00	19	25,1	27
1:19:10	19	25,1	27
1:19:20	19	25,1	27
1:19:30	19	25,0	27
1:19:40	19	25,0	27
1:19:50	19	25,0	27
1:20:00	19	25,0	27
1:20:10	19	25,0	27
1:20:20	19	24,9	27
1:20:30	18	24,9	27
1:20:40	19	24,9	27
1:20:50	18	24,9	27
1:21:00	18	24,9	27
1:21:10	18	25,0	27
1:21:20	18	25,0	27
1:21:30	18	24,9	27
1:21:40	18	24,9	27
1:21:50	18	24,9	26
1:22:00	18	24,9	27
1:22:10	18	24,9	27
1:22:20	18	25,1	27
1:22:30	18	25,1	27
1:22:40	18	25,1	26
1:22:50	18	25,0	27
1:23:00	18	25,0	27
1:23:10	18	25,0	28
1:23:20	18	25,0	27
1:23:30	18	25,0	25
1:23:40	18	24,9	27
1:23:50	18	24,9	26
1:24:00	18	24,9	28
1:24:10	18	24,9	28
1:24:20	18	24,9	27
1:24:30	18	25,0	28
1:24:40	18	25,0	27
1:24:50	18	25,0	28
1:25:00	18	25,0	28
1:25:10	18	25,0	27
1:25:20	18	24,9	28
1:25:30	18	24,9	26
1:25:40	18	24,9	28
1:25:50	18	24,9	28
1:26:00	18	24,9	28
1:26:10	18	25,1	28
1:26:20	18	25,1	27
1:26:30	18	25,1	28
1:26:40	18	25,0	28
1:26:50	18	25,0	28
1:27:00	18	25,0	28
1:27:10	18	25,0	27
1:27:20	18	24,9	28
1:27:30	18	24,9	27
1:27:40	18	24,9	28
1:27:50	18	24,9	28
1:28:00	18	24,9	27
1:28:10	18	25,1	28
1:28:20	18	25,1	27
1:28:30	18	25,1	27
1:28:40	18	25,0	28
1:28:50	18	25,0	26
1:29:00	18	25,0	28
1:29:10	18	25,0	27
1:29:20	18	25,0	28
1:29:30	18	24,9	28
1:29:40	18	24,9	27
1:29:50	18	24,9	28
1:30:00	18	24,9	27
1:30:10	18	24,9	28
1:30:20	18	25,0	28
1:30:30	18	25,0	26
1:30:40	18	24,9	28
1:30:50	18	24,9	27
1:31:00	18	24,9	28
1:31:10	17	24,9	28
1:31:20	17	24,9	28
1:31:30	17	25,1	27
1:31:40	17	25,1	27
1:31:50	17	25,1	28
1:32:00	17	25,1	28
1:32:10	17	25,1	28
1:32:20	17	25,1	28
1:32:30	17	25,0	27
1:32:40	17	25,0	27
1:32:50	17	25,0	27
1:33:00	17	25,0	27
1:33:10	17	25,0	27
1:33:20	17	25,0	27
1:33:30	17	25,0	27
1:33:40	17	25,0	27
1:33:50	17	24,9	28
1:34:00	17	24,9	27
1:34:10	17	24,9	27
1:34:20	17	24,9	27
1:34:30	17	24,9	27
1:34:40	17	24,9	28
1:34:50	17	24,9	27
1:35:00	17	25,0	27
1:35:10	17	25,0	27
1:35:20	17	25,0	26
1:35:30	17	25,0	28
1:35:40	17	25,0	27
1:35:50	17	24,9	28
1:36:00	17	24,9	28
1:36:10	17	24,9	27
1:36:20	17	24,9	27
1:36:30	17	24,9	26
1:36:40	17	24,9	27
1:36:50	17	24,9	27
1:37:00	17	24,9	26
1:37:10	17	25,1	28
1:37:20	17	25,1	27
1:37:30	17	25,1	28
1:37:40	17	25,1	27
1:37:50	17	25,0	25
1:38:00	17	25,0	27
1:38:10	17	25,0	27
1:38:20	17	25,0	27
1:38:30	17	25,0	27
1:38:40	17	25,0	26
1:38:50	17	25,0	28
1:39:00	17	25,0	27
1:39:10	17	24,9	28
1:39:20	17	24,9	27
1:39:30	17	24,9	28
1:39:40	17	24,9	28
1:39:50	17	24,9	28
1:40:00	17	24,9	27
1:40:10	17	24,9	27
1:40:20	17	25,0	28
1:40:30	17	25,0	27
1:40:40	17	25,0	28
1:40:50	17	25,0	28
1:41:00	17	25,0	27
1:41:10	17	25,0	27
1:41:20	17	25,0	27
1:41:30	17	25,0	26
1:41:40	17	24,9	28
1:41:50	17	24,9	27
1:42:00	17	24,9	28
1:42:10	17	24,9	28
1:42:20	17	24,9	27
1:42:30	17	24,9	27
1:42:40	17	24,9	27
1:42:50	17	24,9	27
1:43:00	17	25,1	27
1:43:10	17	25,1	27
1:43:20	17	25,1	28
1:43:30	17	25,0	27
1:43:40	17	25,0	27
1:43:50	17	25,0	27
1:44:00	17	25,0	27
1:44:10	17	25,0	27
1:44:20	17	25,0	21
1:44:30	17	25,0	27
1:44:40	17	25,0	27
1:44:50	17	25,0	28
1:45:00	17	25,0	28
1:45:10	17	25,0	26
1:45:20	17	24,9	27
1:45:30	17	24,9	27
1:45:40	17	24,9	27
1:45:50	17	24,9	28
1:46:00	17	24,9	27
1:46:10	17	24,9	28
1:46:20	17	24,9	27
1:46:30	17	24,9	28
1:46:40	17	24,9	28
1:46:50	17	24,9	26
1:47:00	16	24,9	27
1:47:10	16	24,9	28
1:47:20	16	24,9	28
1:47:30	16	24,9	28
1:47:40	16	25,1	27
1:47:50	16	25,0	28
1:48:00	17	25,0	28
1:48:10	16	25,0	28
1:48:20	16	25,0	28
1:48:30	16	25,0	27
1:48:40	16	25,0	28
1:48:50	16	25,0	27
1:49:00	16	24,9	28
1:49:10	16	25,0	28
1:49:20	16	24,9	27
1:49:30	16	24,9	28
1:49:40	16	24,9	28
1:49:50	16	24,9	28
1:50:00	16	24,9	28
1:50:10	16	25,0	27
1:50:20	16	25,1	28
1:50:30	16	25,0	27
1:50:40	16	25,0	28
1:50:50	16	25,0	28
1:51:00	16	25,0	26
1:51:10	16	25,0	28
1:51:20	16	25,0	27
1:51:30	16	25,0	28
1:51:40	16	25,0	28
1:51:50	16	25,0	27
1:52:00	16	25,0	28
1:52:10	16	24,9	27
1:52:20	16	24,9	28
1:52:30	16	24,9	27
1:52:40	16	25,0	27
1:52:50	16	25,1	27
1:53:00	16	25,1	27
1:53:10	16	25,1	28
1:53:20	16	25,1	27
1:53:30	16	25,1	27
1:53:40	16	25,1	27
1:53:50	16	25,1	27
1:54:00	16	25,1	28
1:54:10	16	25,1	28
1:54:20	16	25,1	28
1:54:30	16	25,0	27
1:54:40	16	25,0	27
1:54:50	16	25,0	27
1:55:00	16	25,0	28
1:55:10	16	25,0	27
1:55:20	16	25,0	28
1:55:30	16	25,0	26
1:55:40	16	25,0	27
1:55:50	16	25,0	28
1:56:00	16	25,0	27
1:56:10	16	25,0	27
1:56:20	16	25,0	27
1:56:30	16	25,0	28
1:56:40	16	25,0	27
1:56:50	16	25,0	27
1:57:00	16	25,0	28
1:57:10	16	24,9	27
1:57:20	16	24,9	27
1:57:30	16	24,9	27
1:57:40	16	24,9	28
1:57:50	16	24,9	28
1:58:00	16	24,9	27
1:58:10	16	24,9	28
1:58:20	16	24,9	27
1:58:30	16	24,9	27
1:58:40	16	24,9	28
1:58:50	16	24,9	27
1:59:00	16	24,9	27
1:59:10	16	24,9	27
1:59:20	16	25,0	27
1:59:30	16	25,0	27
1:59:40	16	25,0	27
1:59:50	16	25,0	27
2:00:00	16	25,0	27
2:00:10	16	25,0	27
2:00:20	16	25,0	26
2:00:30	16	25,0	28
2:00:40	16	25,0	28
2:00:50	16	25,0	27
2:01:00	16	25,0	28
2:01:10	16	25,0	26
2:01:20	16	24,9	27
2:01:30	16	24,9	27
2:01:40	16	24,9	27
2:01:50	16	24,9	28
2:02:00	16	24,9	27
2:02:10	16	24,9	28
2:02:20	16	24,9	28
2:02:30	16	24,9	28
2:02:40	16	24,9	28
2:02:50	16	24,9	28
2:03:00	16	24,9	28
2:03:10	16	24,9	28
2:03:20	16	24,9	28
2:03:30	16	25,1	28
2:03:40	16	25,1	28
2:03:50	16	25,0	28
2:04:00	16	25,0	28
2:04:10	16	25,0	26
2:04:20	16	25,0	28
2:04:30	16	25,0	28
2:04:40	16	25,0	27
2:04:50	16	25,0	27
2:05:00	16	25,0	27
2:05:10	16	25,0	28
2:05:20	16	24,9	28
2:05:30	16	24,9	27
2:05:40	16	24,9	27
2:05:50	16	24,9	27
2:06:00	16	24,9	28
2:06:10	16	24,9	27
2:06:20	16	24,8	28
2:06:30	16	24,9	28
2:06:40	16	24,9	27
2:06:50	16	24,9	28
2:07:00	16	25,0	27
2:07:10	16	25,0	28
2:07:20	16	25,0	27
2:07:30	16	25,0	28
2:07:40	16	25,0	28
2:07:50	16	25,0	28
2:08:00	16	25,0	28
2:08:10	16	24,9	28
2:08:20	16	24,9	28
2:08:30	16	25,0	28
2:08:40	16	25,0	27
2:08:50	16	25,0	28
2:09:00	16	24,9	28
2:09:10	16	25,0	28
2:09:20	16	24,9	28
2:09:30	16	24,9	27
2:09:40	16	24,9	28
2:09:50	16	25,2	28
2:10:00	16	25,1	28
2:10:10	16	25,1	28
2:10:20	16	25,1	27
2:10:30	16	25,1	29
2:10:40	16	25,1	28
2:10:50	16	25,0	28
2:11:00	16	25,0	28
2:11:10	16	25,0	28
2:11:20	16	25,0	28
2:11:30	16	25,0	29
2:11:40	16	25,0	29
2:11:50	16	25,0	28
2:12:00	16	25,0	28
2:12:10	16	25,0	29
2:12:20	16	25,0	28
2:12:30	16	25,0	28
2:12:40	16	25,0	29
2:12:50	16	25,0	28
2:13:00	16	25,1	29
2:13:10	16	25,1	28
2:13:20	16	25,1	29
2:13:30	16	25,1	29
2:13:40	16	25,0	28
2:13:50	16	25,1	28
2:14:00	16	25,1	28
2:14:10	16	25,0	29
2:14:20	16	25,0	28
2:14:30	16	25,0	28
2:14:40	16	25,0	28
2:14:50	16	25,1	28
2:15:00	16	25,0	29
2:15:10	16	25,0	29
2:15:20	16	25,0	29
2:15:30	16	25,0	29
2:15:40	16	25,0	29
2:15:50	16	24,9	29
2:16:00	16	24,9	29
2:16:10	16	24,9	30
2:16:20	16	24,9	29
2:16:30	16	24,9	29
2:16:40	16	24,9	29
2:16:50	16	24,9	29
2:17:00	16	25,1	28
2:17:10	16	25,1	27
2:17:20	16	25,1	29
2:17:30	16	25,0	30
2:17:40	16	25,0	29
2:17:50	16	25,0	30
2:18:00	16	25,0	30
2:18:10	16	25,0	29
2:18:20	16	25,0	30
2:18:30	16	25,0	29
2:18:40	16	25,0	30
2:18:50	16	25,0	29
2:19:00	16	25,0	29
2:19:10	16	25,0	30
2:19:20	16	25,0	29
2:19:30	16	25,0	30
2:19:40	16	25,0	30
2:19:50	16	25,0	29
2:20:00	16	25,0	30
2:20:10	16	25,0	30
2:20:20	16	25,0	30
2:20:30	16	24,9	29
2:20:40	16	24,9	30
2:20:50	16	24,9	25
2:21:00	16	24,9	30
2:21:10	16	24,9	30
2:21:20	16	24,9	29
2:21:30	16	24,9	30
2:21:40	16	24,9	30
2:21:50	16	24,9	29
2:22:00	15	24,9	30
2:22:10	15	24,9	29
2:22:20	15	24,9	28
2:22:30	15	24,9	28
2:22:40	15	24,9	29
2:22:50	15	24,9	30
2:23:00	15	24,9	30
2:23:10	15	25,1	31
2:23:20	15	25,1	30
2:23:30	15	25,1	29
2:23:40	15	25,1	31
2:23:50	15	25,1	30
2:24:00	15	25,1	30
2:24:10	15	25,1	30
2:24:20	15	25,1	30
2:24:30	15	25,1	31
2:24:40	15	25,1	30
2:24:50	15	25,1	30
2:25:00	15	25,0	29
2:25:10	15	25,0	31
2:25:20	15	25,0	31
2:25:30	15	24,9	28
2:25:40	15	24,9	30
2:25:50	15	24,9	31
2:26:00	15	24,9	31
2:26:10	15	24,9	32
2:26:20	15	24,9	30
2:26:30	15	24,9	31
2:26:40	15	24,9	31
2:26:50	15	25,2	30
2:27:00	15	25,1	32
2:27:10	15	25,2	31
2:27:20	15	25,1	32
2:27:30	15	25,0	31
2:27:40	15	25,1	31
2:27:50	15	25,0	31
2:28:00	15	25,0	30
2:28:10	15	25,0	32
2:28:20	15	25,0	31
2:28:30	15	25,0	32
2:28:40	15	25,0	32
2:28:50	15	25,0	31
2:29:00	15	25,0	32
2:29:10	15	25,0	30
2:29:20	15	25,0	32
2:29:30	15	25,0	32
2:29:40	15	25,0	32
2:29:50	15	25,0	32
2:30:00	15	25,0	30
2:30:10	15	25,0	32
2:30:20	15	25,0	30
2:30:30	15	25,0	31
2:30:40	15	25,0	32
2:30:50	15	24,9	31
2:31:00	15	24,9	32
2:31:10	15	24,9	32
2:31:20	15	24,9	33
2:31:30	15	24,9	33
2:31:40	15	24,9	31
2:31:50	15	24,9	33
2:32:00	15	24,9	31
2:32:10	15	25,2	33
2:32:20	15	25,2	32
2:32:30	15	25,2	31
2:32:40	15	25,2	33
2:32:50	15	25,2	31
2:33:00	15	25,2	33
2:33:10	15	25,2	33
2:33:20	15	25,2	33
2:33:30	15	25,1	33
2:33:40	15	24,9	32
2:33:50	15	24,9	32
2:34:00	15	25,1	33
2:34:10	15	25,1	33
2:34:20	15	25,1	33
2:34:30	15	25,1	33
2:34:40	15	25,1	33
2:34:50	15	25,1	31
2:35:00	15	25,1	33
2:35:10	15	25,1	33
2:35:20	15	25,1	31
2:35:30	15	25,0	33
2:35:40	15	25,0	33
2:35:50	15	25,1	33
2:36:00	15	25,4	33
2:36:10	15	25,4	32
2:36:20	15	25,3	34
2:36:30	15	25,4	33
2:36:40	15	25,4	33
2:36:50	15	25,4	33
2:37:00	15	25,4	33
2:37:10	15	25,4	33
2:37:20	15	25,4	33
2:37:30	15	25,3	34
2:37:40	15	25,3	34
2:37:50	15	25,6	33
2:38:00	15	25,6	34
2:38:10	15	25,6	33
2:38:20	15	25,6	34
2:38:30	15	25,6	34
2:38:40	15	25,6	34
2:38:50	15	25,6	34
2:39:00	15	25,6	34
2:39:10	15	25,6	34
2:39:20	15	25,6	34
2:39:30	15	25,6	34
2:39:40	15	25,7	34
2:39:50	15	25,7	34
2:40:00	15	25,6	34
2:40:10	15	25,6	33
2:40:20	15	25,6	34
2:40:30	15	25,6	34
2:40:40	15	25,6	33
2:40:50	15	25,6	34
2:41:00	15	25,6	34
2:41:10	15	25,6	34
2:41:20	15	25,6	34
2:41:30	15	25,7	34
2:41:40	15	25,7	34
2:41:50	15	25,7	33
2:42:00	15	25,6	34
2:42:10	15	25,7	33
2:42:20	15	25,7	32
2:42:30	15	25,8	34
2:42:40	15	25,0	33
2:42:50	15	26,0	34
2:43:00	15	25,0	34
2:43:10	15	25,0	33
2:43:20	15	25,0	33
2:43:30	15	25,0	33
2:43:40	15	25,0	33
2:43:50	15	25,0	34
2:44:00	15	25,0	34
2:44:10	15	25,0	34
2:44:20	15	24,9	33
2:44:30	15	24,9	34
2:44:40	15	24,9	32
2:44:50	15	25,2	33
2:45:00	15	25,2	34
2:45:10	15	25,2	33
2:45:20	15	25,1	33
2:45:30	15	25,1	32
2:45:40	15	25,1	35
2:45:50	15	25,2	34
2:46:00	15	25,1	34
2:46:10	15	25,1	34
2:46:20	15	25,1	34
2:46:30	15	25,1	35
2:46:40	15	25,1	35
2:46:50	15	25,0	34
2:47:00	15	25,1	35
2:47:10	15	25,0	34
2:47:20	15	25,0	35
2:47:30	15	25,1	35
2:47:40	15	25,0	35
2:47:50	15	25,0	35
2:48:00	15	25,0	34
2:48:10	15	25,0	35
2:48:20	15	25,1	34
2:48:30	15	25,1	35
2:48:40	15	25,1	35
2:48:50	15	25,1	33
2:49:00	15	25,1	34
2:49:10	15	25,1	32
2:49:20	15	25,1	35
2:49:30	15	25,1	35
2:49:40	15	25,1	34
2:49:50	15	25,1	35
2:50:00	15	25,0	34
2:50:10	15	25,0	35
2:50:20	15	25,0	35
2:50:30	15	25,0	34
2:50:40	15	25,0	35
2:50:50	15	24,9	35
2:51:00	15	25,0	35
2:51:10	15	24,9	35
2:51:20	15	24,9	34
2:51:30	15	24,9	33
2:51:40	15	25,1	35
2:51:50	15	25,1	35
2:52:00	15	25,1	35
2:52:10	15	25,1	35
2:52:20	15	25,0	35
2:52:30	15	25,0	35
2:52:40	15	25,0	35
2:52:50	15	25,0	34
2:53:00	15	25,0	35
2:53:10	15	25,0	35
2:53:20	15	25,0	35
2:53:30	15	25,0	35
2:53:40	15	25,0	35
2:53:50	15	25,1	35
2:54:00	15	25,0	35
2:54:10	15	25,1	34
2:54:20	15	25,0	35
2:54:30	15	25,0	35
2:54:40	15	25,0	35
2:54:50	15	25,0	35
2:55:00	15	25,0	34
2:55:10	15	25,0	35
2:55:20	15	25,0	35
2:55:30	15	25,0	35
2:55:40	15	25,0	36
2:55:50	15	25,0	35
2:56:00	15	25,0	35
2:56:10	15	24,9	35
2:56:20	15	24,9	35
2:56:30	15	24,9	35
2:56:40	15	24,9	35
2:56:50	15	24,9	35
2:57:00	15	24,9	34
2:57:10	15	24,9	35
2:57:20	15	25,1	35
2:57:30	15	25,0	35
2:57:40	15	25,0	34
2:57:50	15	25,0	35
2:58:00	15	25,0	34
2:58:10	15	25,0	35
2:58:20	15	25,0	35
2:58:30	15	25,0	35
2:58:40	15	25,0	35
2:58:50	15	24,9	35
2:59:00	15	25,0	34
2:59:10	15	25,0	35
2:59:20	15	25,0	35
2:59:30	15	24,9	35
2:59:40	15	24,9	35
2:59:50	15	24,9	35
3:00:00	15	24,9	35
3:00:10	15	24,9	34
3:00:20	15	24,9	34
3:00:30	15	24,9	35
3:00:40	15	24,9	33
3:00:50	15	24,9	35
3:01:00	15	24,9	34
3:01:10	15	24,9	33
3:01:20	15	24,9	34
3:01:30	15	24,9	34
3:01:40	15	24,9	34
3:01:50	15	24,9	34
3:02:00	15	25,0	33
3:02:10	15	25,0	35
3:02:20	15	25,0	34
3:02:30	15	25,0	34
3:02:40	15	25,0	34
3:02:50	15	25,0	34
3:03:00	15	25,0	35
3:03:10	15	25,0	34
3:03:20	15	25,0	34
3:03:30	15	25,0	34
3:03:40	15	25,0	35
3:03:50	15	25,0	34
3:04:00	15	25,0	34
3:04:10	15	24,9	34
3:04:20	15	24,9	35
3:04:30	15	24,9	34
3:04:40	15	24,9	35
3:04:50	15	24,9	34
3:05:00	15	24,9	34
3:05:10	15	24,9	35
3:05:20	15	24,9	35
3:05:30	15	24,9	36
3:05:40	15	24,9	35
3:05:50	15	24,9	34
3:06:00	15	24,9	35
3:06:10	15	24,9	35
3:06:20	15	24,9	35
3:06:30	15	24,9	35
3:06:40	15	24,9	35
3:06:50	15	24,9	35
3:07:00	15	24,9	35
3:07:10	15	25,1	35
3:07:20	15	25,1	35
3:07:30	15	25,1	35
3:07:40	15	25,1	35
3:07:50	15	25,1	35
3:08:00	15	25,1	35
3:08:10	15	25,1	35
3:08:20	15	25,1	36
3:08:30	15	25,1	36
3:08:40	15	25,0	35
3:08:50	15	25,0	35
3:09:00	15	25,0	35
3:09:10	15	25,0	35
3:09:20	15	25,0	35
3:09:30	15	25,0	35
3:09:40	15	25,0	35
3:09:50	15	25,0	35
3:10:00	15	25,0	34
3:10:10	15	25,0	35
3:10:20	15	24,9	35
3:10:30	15	25,0	35
3:10:40	15	25,0	36
3:10:50	15	25,0	35
3:11:00	15	25,0	34
3:11:10	15	25,0	35
3:11:20	15	25,0	35
3:11:30	15	25,0	36
3:11:40	15	25,0	35
3:11:50	15	24,9	35
3:12:00	15	24,9	35
3:12:10	15	25,0	35
3:12:20	15	25,0	35
3:12:30	15	25,0	35
3:12:40	15	25,0	36
3:12:50	15	25,0	35
3:13:00	15	25,0	35
3:13:10	15	25,0	35
3:13:20	15	25,0	35
3:13:30	15	25,0	35
3:13:40	15	25,0	36
3:13:50	15	25,0	35
3:14:00	15	25,1	36
3:14:10	15	25,0	36
3:14:20	15	25,0	35
3:14:30	15	25,1	35
3:14:40	15	25,2	35
3:14:50	15	25,2	35
3:15:00	15	25,3	35
3:15:10	15	25,3	35
3:15:20	15	25,3	35
3:15:30	15	25,3	35
3:15:40	15	25,3	35
3:15:50	15	25,3	36
3:16:00	15	25,3	35
3:16:10	15	25,3	36
3:16:20	15	25,3	35
3:16:30	15	25,2	35
3:16:40	15	25,2	35
3:16:50	15	25,2	35
3:17:00	15	25,1	35
3:17:10	15	25,1	35
3:17:20	15	25,0	35
3:17:30	15	25,2	36
3:17:40	15	25,2	35
3:17:50	15	25,2	35
3:18:00	15	25,2	35
3:18:10	15	25,0	35
3:18:20	15	25,0	36
3:18:30	15	25,0	35
3:18:40	15	25,0	36
3:18:50	15	25,1	35
3:19:00	15	25,0	35
3:19:10	15	25,1	35
3:19:20	15	25,1	36
3:19:30	15	25,1	35
3:19:40	15	25,1	35
3:19:50	15	25,2	36
3:20:00	15	25,2	35
3:20:10	15	25,1	36
3:20:20	15	25,2	36
3:20:30	15	25,1	35
3:20:40	15	25,1	35
3:20:50	15	25,1	36
3:21:00	15	25,1	36
3:21:10	15	25,1	35
3:21:20	15	25,0	34
3:21:30	15	25,2	35
3:21:40	15	25,2	35
3:21:50	15	25,2	35
3:22:00	15	25,2	36
3:22:10	15	25,2	35
3:22:20	15	25,2	36
3:22:30	15	25,3	36
3:22:40	15	25,3	35
3:22:50	15	25,3	36
3:23:00	15	25,3	35
3:23:10	15	25,3	36
3:23:20	15	25,4	35
3:23:30	15	25,4	36
3:23:40	15	25,4	35
3:23:50	15	25,4	36
3:24:00	15	25,4	35
3:24:10	15	25,4	36
3:24:20	15	25,4	35
3:24:30	15	25,4	36
3:24:40	15	25,4	35
3:24:50	15	25,4	36
3:25:00	15	25,4	36
3:25:10	15	25,4	36
3:25:20	15	25,4	31
3:25:30	15	25,4	36
3:25:40	15	25,4	36
3:25:50	15	25,4	36
3:26:00	15	25,4	36
3:26:10	15	25,4	36
3:26:20	15	25,4	35
3:26:30	15	25,4	36
3:26:40	15	25,4	36
3:26:50	15	25,4	35
3:27:00	15	25,4	34
3:27:10	15	25,4	34
3:27:20	15	25,4	35
3:27:30	15	25,4	35
3:27:40	15	25,4	35
3:27:50	15	25,4	35
3:28:00	15	25,4	35
3:28:10	15	25,4	35
3:28:20	15	25,4	35
3:28:30	15	25,4	35
3:28:40	15	25,4	35
3:28:50	15	25,4	35
3:29:00	15	25,4	36
3:29:10	15	25,4	36
3:29:20	15	25,4	35
3:29:30	15	25,4	35
3:29:40	15	25,4	35
3:29:50	15	25,4	36
3:30:00	15	25,4	36
3:30:10	15	25,4	36
3:30:20	15	25,4	34
3:30:30	15	25,4	36
3:30:40	15	25,4	36
3:30:50	15	25,4	35
3:31:00	15	25,4	36
3:31:10	15	25,4	34
3:31:20	15	25,4	36
3:31:30	15	25,4	35
3:31:40	15	25,4	34
3:31:50	15	25,4	36
3:32:00	15	25,4	35
3:32:10	15	25,4	35
3:32:20	15	25,4	36
3:32:30	15	25,4	35
3:32:40	15	25,4	36
3:32:50	15	25,4	35
3:33:00	15	25,4	36
3:33:10	15	25,4	35
3:33:20	15	25,4	35
3:33:30	15	25,4	36
3:33:40	15	25,4	35
3:33:50	15	25,5	35
3:34:00	15	25,5	36
3:34:10	15	25,5	36
3:34:20	15	25,5	35
3:34:30	15	25,5	35
3:34:40	15	25,5	36
3:34:50	15	25,5	35
3:35:00	15	25,5	36
3:35:10	15	25,5	36
3:35:20	15	25,5	36
3:35:30	15	25,5	36
3:35:40	15	25,5	35
3:35:50	15	25,5	36
3:36:00	15	25,4	36
3:36:10	15	25,4	36
3:36:20	15	25,4	36
3:36:30	15	25,4	35
3:36:40	15	25,4	36
3:36:50	15	25,4	36
3:37:00	15	25,4	35
3:37:10	15	25,4	36
3:37:20	15	25,4	36
3:37:30	15	25,4	36
3:37:40	15	25,4	36
3:37:50	15	25,4	36
3:38:00	15	25,4	36
3:38:10	15	25,3	36
3:38:20	15	25,3	36
3:38:30	15	25,4	36
3:38:40	15	25,3	36
3:38:50	15	25,3	36
3:39:00	15	25,3	36
3:39:10	15	25,3	37
3:39:20	15	25,3	36
3:39:30	15	25,3	36
3:39:40	15	25,3	36
3:39:50	15	25,3	36
3:40:00	15	25,3	36
3:40:10	15	25,3	36
3:40:20	15	25,3	36
3:40:30	15	25,3	36
3:40:40	15	25,3	35
3:40:50	15	25,3	37
3:41:00	15	25,3	36
3:41:10	15	25,3	34
3:41:20	15	25,3	36
3:41:30	15	25,3	35
3:41:40	15	25,3	34
3:41:50	15	25,3	36
3:42:00	15	25,3	36
3:42:10	15	25,3	36
3:42:20	15	25,3	36
3:42:30	15	25,3	37
3:42:40	15	25,3	35
3:42:50	15	25,3	36
3:43:00	15	25,3	36
3:43:10	15	25,4	35
3:43:20	15	25,3	36
3:43:30	15	25,3	36
3:43:40	15	25,3	36
3:43:50	15	25,3	36
3:44:00	15	25,3	36
3:44:10	15	25,3	37
3:44:20	15	25,4	36
3:44:30	15	25,4	36
3:44:40	15	25,4	35
3:44:50	15	25,4	35
3:45:00	15	25,4	35
3:45:10	15	25,4	35
3:45:20	15	25,4	34
3:45:30	15	25,4	35
3:45:40	15	25,3	36
3:45:50	15	25,4	35
3:46:00	15	25,4	35
3:46:10	15	25,3	34
3:46:20	15	25,3	35
3:46:30	15	25,3	36
3:46:40	15	25,3	36
3:46:50	15	25,3	35
3:47:00	15	25,3	33
3:47:10	15	25,3	35
3:47:20	15	25,3	35
3:47:30	15	25,3	35
3:47:40	15	25,3	36
3:47:50	15	25,3	36
3:48:00	15	25,3	36
3:48:10	15	25,3	36
3:48:20	15	25,3	34
3:48:30	15	25,3	35
3:48:40	15	25,3	35
3:48:50	15	25,2	35
3:49:00	15	25,3	35
3:49:10	15	25,3	36
3:49:20	15	25,2	36
3:49:30	15	25,2	35
3:49:40	15	25,2	36
3:49:50	15	25,1	35
3:50:00	15	25,1	35
3:50:10	15	25,1	33
3:50:20	15	25,1	35
3:50:30	15	25,1	35
3:50:40	15	25,1	36
3:50:50	15	25,0	35
3:51:00	15	24,9	36
3:51:10	15	24,9	36
3:51:20	15	24,9	35
3:51:30	15	24,9	36
3:51:40	15	24,9	35
3:51:50	15	24,9	36
3:52:00	15	24,9	36
3:52:10	15	24,9	36
3:52:20	15	24,9	36
3:52:30	15	24,9	36
3:52:40	15	24,9	36
3:52:50	15	24,9	35
3:53:00	15	24,9	35
3:53:10	15	24,9	35
3:53:20	15	24,9	35
3:53:30	15	24,9	36
3:53:40	15	25,0	36
3:53:50	15	25,0	35
3:54:00	15	25,0	36
3:54:10	15	25,0	36
3:54:20	15	25,0	36
3:54:30	15	25,0	36
3:54:40	15	25,0	35
3:54:50	15	24,9	36
3:55:00	15	24,9	35
3:55:10	15	25,2	35
3:55:20	15	25,2	36
3:55:30	15	25,1	35
3:55:40	15	25,1	36
3:55:50	15	25,1	35
3:56:00	15	25,1	35
3:56:10	15	25,1	35
3:56:20	15	25,1	35
3:56:30	15	25,1	35
3:56:40	15	25,1	35
3:56:50	15	25,1	36
3:57:00	15	25,2	36
3:57:10	15	25,5	35
3:57:20	15	25,7	35
3:57:30	15	25,6	36
3:57:40	15	25,6	36
3:57:50	15	25,6	36
3:58:00	15	25,6	36
3:58:10	15	25,6	36
3:58:20	15	25,6	35
3:58:30	15	25,6	36
3:58:40	15	25,6	35
3:58:50	15	25,5	35
3:59:00	15	25,5	35
3:59:10	15	25,4	35
3:59:20	15	25,5	35
3:59:30	15	25,5	35
3:59:40	15	25,4	35
3:59:50	15	25,5	35
4:00:00	15	25,4	35
4:00:10	15	25,5	36
4:00:20	15	25,5	35
4:00:30	15	25,5	36
4:00:40	15	25,5	36
4:00:50	15	25,3	35
4:01:00	15	25,5	35
4:01:10	15	25,5	35
4:01:20	15	25,5	36
4:01:30	15	25,5	36
4:01:40	15	25,5	35
4:01:50	15	25,5	36
4:02:00	15	25,5	35
4:02:10	15	25,4	35
4:02:20	15	25,5	36
4:02:30	15	25,5	36
4:02:40	15	25,5	36
4:02:50	15	25,4	35
4:03:00	15	25,4	35
4:03:10	15	25,5	35
4:03:20	15	25,4	35
4:03:30	15	25,5	35
4:03:40	15	25,5	36
4:03:50	15	25,5	36
4:04:00	15	25,5	36
4:04:10	15	25,5	35
4:04:20	15	25,5	36
4:04:30	15	25,5	35
4:04:40	15	25,5	36
4:04:50	15	25,5	35
4:05:00	15	25,5	35
4:05:10	15	25,5	35
4:05:20	15	25,5	35
4:05:30	15	25,5	35
4:05:40	15	25,5	35
4:05:50	15	25,5	35
4:06:00	15	25,5	35
4:06:10	15	25,5	35
4:06:20	15	25,5	35
4:06:30	15	25,5	35
4:06:40	15	25,5	36
4:06:50	15	25,5	36
4:07:00	15	25,5	35
4:07:10	15	25,5	36
4:07:20	15	25,5	35
4:07:30	15	25,5	36
4:07:40	15	25,5	36
4:07:50	15	25,5	36
4:08:00	15	25,5	36
4:08:10	15	25,4	35
4:08:20	15	25,4	35
4:08:30	15	25,4	35
4:08:40	15	25,4	36
4:08:50	15	25,4	36
4:09:00	15	25,4	36
4:09:10	15	25,4	36
4:09:20	15	25,4	36
4:09:30	15	25,4	36
4:09:40	15	25,4	36
4:09:50	15	25,4	35
4:10:00	15	25,4	36
4:10:10	15	25,4	36
4:10:20	15	25,4	36
4:10:30	15	25,4	36
4:10:40	15	25,4	34
4:10:50	15	25,4	36
4:11:00	15	25,4	36
4:11:10	15	25,4	36
4:11:20	15	25,4	35
4:11:30	15	25,4	35
4:11:40	15	25,4	36
4:11:50	15	25,4	35
4:12:00	15	25,4	35
4:12:10	15	25,4	36
4:12:20	15	25,4	35
4:12:30	15	25,4	35
4:12:40	15	25,4	35
4:12:50	15	25,3	36
4:13:00	15	25,4	35
4:13:10	15	25,4	36
4:13:20	15	25,4	36
4:13:30	16	25,4	36
4:13:40	15	25,4	36
4:13:50	15	25,4	36
4:14:00	15	25,4	36
4:14:10	15	25,3	36
4:14:20	15	25,3	36
4:14:30	16	25,3	35
4:14:40	15	25,3	36
4:14:50	15	25,3	36
4:15:00	16	25,3	36
4:15:10	16	25,3	35
4:15:20	16	25,3	36
4:15:30	16	25,3	36
4:15:40	16	25,3	36
4:15:50	15	25,3	36
4:16:00	16	25,3	36
4:16:10	15	25,3	36
4:16:20	16	25,3	36
4:16:30	15	25,3	36
4:16:40	15	25,3	36
4:16:50	16	25,3	35
4:17:00	15	25,3	36
4:17:10	15	25,3	36
4:17:20	15	25,3	36
4:17:30	15	25,3	36
4:17:40	15	25,3	35
4:17:50	16	25,3	36
4:18:00	15	25,2	36
4:18:10	16	25,2	36
4:18:20	16	25,3	36
4:18:30	16	25,3	35
4:18:40	15	25,3	36
4:18:50	16	25,2	36
4:19:00	16	25,2	36
4:19:10	16	25,2	36
4:19:20	16	25,2	36
4:19:30	16	25,2	37
4:19:40	16	25,2	37
4:19:50	16	25,2	37
4:20:00	16	25,3	36
4:20:10	16	25,2	37
4:20:20	16	25,2	37
4:20:30	16	25,2	37
4:20:40	16	25,2	37
4:20:50	16	25,2	37
4:21:00	16	25,3	37
4:21:10	16	25,3	36
4:21:20	16	25,3	36
4:21:30	16	25,3	36
4:21:40	16	25,3	36
4:21:50	16	25,3	37
4:22:00	16	25,3	37
4:22:10	16	25,3	37
4:22:20	16	25,3	37
4:22:30	16	25,3	36
4:22:40	16	25,3	36
4:22:50	16	25,3	36
4:23:00	16	25,3	37
4:23:10	16	25,3	37
4:23:20	16	25,3	36
4:23:30	16	25,3	37
4:23:40	16	25,3	37
4:23:50	16	25,3	36
4:24:00	16	25,3	37
4:24:10	16	25,3	37
4:24:20	16	25,3	37
4:24:30	16	25,3	36
4:24:40	16	25,3	37
4:24:50	16	25,3	35
4:25:00	16	25,2	37
4:25:10	16	25,2	36
4:25:20	16	25,2	36
4:25:30	16	25,2	36
4:25:40	16	25,3	37
4:25:50	16	25,3	37
4:26:00	16	25,3	38
4:26:10	16	25,2	37
4:26:20	16	25,3	37
4:26:30	16	25,3	37
4:26:40	16	25,3	36
4:26:50	16	25,3	37
4:27:00	16	25,3	37
4:27:10	16	25,3	37
4:27:20	16	25,2	36
4:27:30	16	25,2	37
4:27:40	16	25,2	37
4:27:50	16	25,2	37
4:28:00	16	25,2	37
4:28:10	16	25,2	37
4:28:20	16	25,2	36
4:28:30	16	25,2	37
4:28:40	16	25,2	36
4:28:50	15	25,2	37
4:29:00	15	25,2	37
4:29:10	15	25,2	36
4:29:20	15	25,2	37
4:29:30	16	25,2	36
4:29:40	15	25,2	37
4:29:50	16	25,2	36
4:30:00	15	25,2	36
4:30:10	16	25,2	37
4:30:20	15	25,1	37
4:30:30	16	25,1	37
4:30:40	15	25,1	38
4:30:50	16	25,1	37
4:31:00	15	25,1	38
4:31:10	16	25,1	37
4:31:20	16	25,1	37
4:31:30	15	25,1	38
4:31:40	16	25,1	37
4:31:50	16	25,1	37
4:32:00	16	25,1	37
4:32:10	16	25,1	38
4:32:20	16	25,1	38
4:32:30	16	25,1	37
4:32:40	16	25,1	37
4:32:50	16	25,1	37
4:33:00	16	25,1	38
4:33:10	16	25,1	37
4:33:20	16	25,1	37
4:33:30	16	25,1	38
4:33:40	16	25,1	37
4:33:50	16	25,1	37
4:34:00	16	25,1	37
4:34:10	16	25,1	37
4:34:20	16	25,1	38
4:34:30	16	25,1	38
4:34:40	16	25,2	37
4:34:50	16	25,2	37
4:35:00	16	25,1	37
4:35:10	16	25,1	38
4:35:20	16	25,1	38
4:35:30	16	25,1	38
4:35:40	16	25,1	38
4:35:50	16	25,1	37
4:36:00	16	25,1	38
4:36:10	16	25,1	38
4:36:20	16	25,1	37
4:36:30	16	25,1	37
4:36:40	16	25,1	37
4:36:50	16	25,1	37
4:37:00	16	25,1	37
4:37:10	16	25,1	36
4:37:20	16	25,1	37
4:37:30	16	25,1	38
4:37:40	16	25,1	36
4:37:50	16	25,1	37
4:38:00	16	25,1	38
4:38:10	16	25,1	38
4:38:20	16	25,1	37
4:38:30	16	25,1	38
4:38:40	16	25,1	38
4:38:50	16	25,1	38
4:39:00	16	25,1	38
4:39:10	16	25,1	38
4:39:20	16	25,1	38
4:39:30	16	25,1	39
4:39:40	16	25,1	38
4:39:50	16	25,1	38
4:40:00	16	25,1	38
4:40:10	16	25,1	38
4:40:20	16	25,1	39
4:40:30	16	25,1	38
4:40:40	16	25,1	38
4:40:50	16	25,1	37
4:41:00	16	25,1	39
4:41:10	16	25,1	37
4:41:20	16	25,1	39
4:41:30	16	25,1	39
4:41:40	16	25,1	37
4:41:50	16	25,1	39
4:42:00	16	25,1	40
4:42:10	16	25,1	39
4:42:20	16	25,1	38
4:42:30	16	25,1	39
4:42:40	16	25,1	39
4:42:50	16	25,1	38
4:43:00	16	25,1	39
4:43:10	16	25,0	39
4:43:20	16	25,0	40
4:43:30	16	25,0	40
4:43:40	16	25,0	40
4:43:50	16	25,1	39
4:44:00	16	25,0	39
4:44:10	16	25,0	39
4:44:20	16	25,0	40
4:44:30	16	25,0	39
4:44:40	16	25,0	39
4:44:50	16	25,0	39
4:45:00	16	25,0	39
4:45:10	16	25,0	39
4:45:20	16	25,0	39
4:45:30	16	25,0	39
4:45:40	16	25,0	40
4:45:50	16	25,0	38
4:46:00	16	25,0	39
4:46:10	16	25,0	38
4:46:20	16	25,0	40
4:46:30	16	25,0	39
4:46:40	16	25,0	38
4:46:50	16	25,0	39
4:47:00	16	25,0	39
4:47:10	16	25,0	40
4:47:20	16	25,0	39
4:47:30	16	25,0	38
4:47:40	16	25,0	40
4:47:50	16	25,0	39
4:48:00	16	25,0	39
4:48:10	16	25,0	40
4:48:20	16	25,0	39
4:48:30	16	25,0	40
4:48:40	16	25,0	38
4:48:50	16	25,0	40
4:49:00	16	24,9	40
4:49:10	16	24,9	39
4:49:20	16	24,9	41
4:49:30	16	24,9	39
4:49:40	16	24,9	40
4:49:50	16	24,9	40
4:50:00	16	24,9	39
4:50:10	16	24,9	40
4:50:20	16	24,9	39
4:50:30	16	24,9	39
4:50:40	16	24,9	38
4:50:50	16	24,9	39
4:51:00	16	24,9	40
4:51:10	16	25,2	40
4:51:20	16	25,2	41
4:51:30	16	25,2	40
4:51:40	16	25,2	41
4:51:50	16	25,2	40
4:52:00	16	25,2	41
4:52:10	16	25,1	40
4:52:20	16	25,1	40
4:52:30	16	25,1	41
4:52:40	16	25,1	40
4:52:50	16	25,1	40
4:53:00	16	25,1	40
4:53:10	16	25,1	40
4:53:20	16	25,1	41
4:53:30	16	25,1	40
4:53:40	16	25,1	39
4:53:50	16	25,1	41
4:54:00	16	25,1	39
4:54:10	16	25,1	41
4:54:20	16	25,1	40
4:54:30	16	25,1	39
4:54:40	16	25,1	40
4:54:50	16	25,1	40
4:55:00	16	25,1	41
4:55:10	16	25,1	40
4:55:20	16	25,1	40
4:55:30	16	25,1	40
4:55:40	16	25,1	39
4:55:50	16	25,1	41
4:56:00	16	25,1	40
4:56:10	16	25,1	39
4:56:20	16	25,1	40
4:56:30	16	25,1	40
4:56:40	16	25,1	40
4:56:50	16	25,1	41
4:57:00	16	25,1	40
4:57:10	16	25,1	41
4:57:20	16	25,1	41
4:57:30	16	25,0	41
4:57:40	16	25,0	41
4:57:50	16	25,0	41
4:58:00	16	25,0	41
4:58:10	16	25,0	42
4:58:20	16	25,0	41
4:58:30	16	25,0	42
4:58:40	16	25,0	42
4:58:50	16	25,0	41
4:59:00	16	25,0	42
4:59:10	16	25,0	41
4:59:20	16	25,0	42
4:59:30	16	25,0	42
4:59:40	16	25,0	41
4:59:50	16	25,0	42
5:00:00	16	25,0	42
5:00:10	16	25,0	43
5:00:20	16	25,0	42
5:00:30	16	25,0	42
5:00:40	16	25,0	42
5:00:50	16	25,0	42
5:01:00	16	25,0	42
5:01:10	16	25,0	40
5:01:20	16	25,0	42
5:01:30	16	25,0	42
5:01:40	16	25,0	40
5:01:50	16	25,0	42
5:02:00	16	25,0	42
5:02:10	16	25,0	41
5:02:20	16	25,0	42
5:02:30	16	25,0	42
5:02:40	16	25,0	42
5:02:50	16	25,0	41
5:03:00	16	25,0	39
5:03:10	16	25,0	42
5:03:20	16	25,0	41
5:03:30	16	25,0	42
5:03:40	16	25,0	40
5:03:50	16	25,0	41
5:04:00	16	25,0	40
5:04:10	16	25,0	41
5:04:20	16	25,0	41
5:04:30	16	25,0	39
5:04:40	16	25,0	40
5:04:50	16	25,0	39
5:05:00	16	25,0	39
5:05:10	16	25,0	41
5:05:20	16	25,0	41
5:05:30	16	25,0	42
5:05:40	16	25,0	40
5:05:50	16	25,0	40
5:06:00	16	25,0	42
5:06:10	16	25,0	42
5:06:20	16	25,0	42
5:06:30	16	25,0	41
5:06:40	16	25,0	41
5:06:50	16	25,0	42
5:07:00	16	25,0	40
5:07:10	16	25,0	40
5:07:20	16	25,0	41
5:07:30	16	25,0	41
5:07:40	16	25,0	41
5:07:50	16	25,0	42
5:08:00	16	25,0	42
5:08:10	16	25,0	41
5:08:20	16	25,0	42
5:08:30	16	25,0	42
5:08:40	16	25,0	40
5:08:50	16	25,0	43
5:09:00	16	25,0	42
5:09:10	16	25,0	41
5:09:20	16	25,0	42
5:09:30	16	25,0	41
5:09:40	16	25,0	42
5:09:50	16	25,0	42
5:10:00	16	25,0	41
5:10:10	16	24,9	42
5:10:20	16	24,9	40
5:10:30	16	24,9	43
5:10:40	16	24,9	42
5:10:50	16	24,9	42
5:11:00	16	24,9	42
5:11:10	16	24,9	40
5:11:20	16	24,9	43
5:11:30	16	24,9	43
5:11:40	16	24,9	43
5:11:50	16	24,9	43
5:12:00	16	24,9	43
5:12:10	16	24,9	43
5:12:20	16	24,9	43
5:12:30	16	24,9	42
5:12:40	16	24,9	42
5:12:50	16	24,9	43
5:13:00	16	24,9	43
5:13:10	16	24,9	43
5:13:20	16	25,0	44
5:13:30	16	25,0	43
5:13:40	16	25,0	44
5:13:50	16	25,0	43
5:14:00	16	25,0	40
5:14:10	16	25,0	44
5:14:20	16	25,0	42
5:14:30	16	24,9	44
5:14:40	16	25,0	43
5:14:50	16	25,0	44
5:15:00	16	24,9	43
5:15:10	16	24,9	43
5:15:20	16	24,9	45
5:15:30	16	24,9	44
5:15:40	16	24,9	44
5:15:50	16	24,9	44
5:16:00	16	25,0	44
5:16:10	16	25,1	43
5:16:20	16	25,1	44
5:16:30	16	25,1	44
5:16:40	16	25,2	43
5:16:50	16	25,1	44
5:17:00	16	25,1	43
5:17:10	16	25,1	44
5:17:20	16	25,1	45
5:17:30	16	25,1	44
5:17:40	16	25,1	44
5:17:50	16	25,1	43
5:18:00	16	25,1	44
5:18:10	16	25,1	43
5:18:20	16	25,1	44
5:18:30	16	25,1	44
5:18:40	16	25,1	43
5:18:50	16	25,1	45
5:19:00	16	25,1	44
5:19:10	16	25,1	44
5:19:20	16	25,1	43
5:19:30	16	25,1	45
5:19:40	16	25,0	44
5:19:50	16	25,0	44
5:20:00	16	25,0	44
5:20:10	16	25,0	45
5:20:20	16	25,0	45
5:20:30	16	25,1	44
5:20:40	16	25,0	44
5:20:50	16	25,0	45
5:21:00	16	25,0	46
5:21:10	16	25,0	45
5:21:20	16	25,0	45
5:21:30	16	25,0	45
5:21:40	16	25,0	43
5:21:50	16	25,0	45
5:22:00	16	25,0	45
5:22:10	16	25,0	46
5:22:20	16	25,1	46
5:22:30	16	25,0	44
5:22:40	16	25,0	46
5:22:50	16	25,0	41
5:23:00	16	25,0	47
5:23:10	16	25,1	47
5:23:20	16	25,1	45
5:23:30	16	25,0	44
5:23:40	16	25,0	45
5:23:50	16	25,0	46
5:24:00	16	25,0	46
5:24:10	16	25,0	45
5:24:20	16	25,0	46
5:24:30	16	25,0	46
5:24:40	16	25,0	45
5:24:50	16	25,0	46
5:25:00	16	25,0	45
5:25:10	16	25,0	46
5:25:20	16	25,0	45
5:25:30	16	25,0	46
5:25:40	16	25,0	47
5:25:50	16	25,0	46
5:26:00	16	25,0	48
5:26:10	16	25,0	46
5:26:20	16	25,0	48
5:26:30	16	25,0	45
5:26:40	16	25,0	46
5:26:50	16	25,0	48
5:27:00	16	25,0	46
5:27:10	16	25,0	48
5:27:20	16	25,0	44
5:27:30	16	25,0	44
5:27:40	16	25,0	48
5:27:50	16	25,0	46
5:28:00	16	25,0	48
5:28:10	16	25,0	47
5:28:20	16	25,0	47
5:28:30	16	25,0	48
5:28:40	16	25,0	46
5:28:50	16	25,0	48
5:29:00	16	25,0	46
5:29:10	16	25,0	47
5:29:20	16	25,0	49
5:29:30	16	25,0	45
5:29:40	16	25,0	48
5:29:50	16	25,0	46
5:30:00	16	25,0	47
5:30:10	16	25,0	47
5:30:20	16	25,0	46
5:30:30	16	25,0	49
5:30:40	16	25,0	47
5:30:50	16	25,0	49
5:31:00	16	25,0	47
5:31:10	16	25,0	47
5:31:20	16	25,0	48
5:31:30	16	25,0	47
5:31:40	16	25,0	49
5:31:50	16	25,0	47
5:32:00	16	24,9	48
5:32:10	16	24,9	49
5:32:20	16	24,9	44
5:32:30	16	25,0	49
5:32:40	16	25,0	48
5:32:50	16	25,0	47
5:33:00	16	25,0	48
5:33:10	16	25,0	45
5:33:20	16	25,0	49
5:33:30	16	25,0	46
5:33:40	16	25,0	48
5:33:50	16	25,0	47
5:34:00	16	24,9	47
5:34:10	16	24,9	49
5:34:20	16	24,9	48
5:34:30	16	25,2	49
5:34:40	16	25,2	49
5:34:50	16	25,3	48
5:35:00	16	25,3	49
5:35:10	16	25,3	46
5:35:20	16	25,3	49
5:35:30	16	25,3	49
5:35:40	16	25,4	47
5:35:50	16	25,3	49
5:36:00	16	25,3	45
5:36:10	16	25,3	50
5:36:20	16	25,4	49
5:36:30	16	25,4	50
5:36:40	16	25,3	49
5:36:50	16	25,4	47
5:37:00	16	25,4	50
5:37:10	16	25,4	48
5:37:20	16	25,3	51
5:37:30	16	25,3	49
5:37:40	16	25,3	50
5:37:50	16	25,3	49
5:38:00	16	25,3	48
5:38:10	16	25,2	50
5:38:20	16	25,2	50
5:38:30	16	25,2	49
5:38:40	16	25,2	50
5:38:50	16	25,2	49
5:39:00	16	25,3	50
5:39:10	16	25,3	49
5:39:20	16	25,3	50
5:39:30	16	25,3	50
5:39:40	16	25,2	49
5:39:50	16	25,2	49
5:40:00	16	25,3	50
5:40:10	16	25,2	50
5:40:20	16	25,2	50
5:40:30	16	25,2	47
5:40:40	16	25,1	51
5:40:50	16	25,1	48
5:41:00	16	25,2	51
5:41:10	16	25,1	51
5:41:20	16	25,2	49
5:41:30	16	25,1	50
5:41:40	16	25,1	49
5:41:50	16	25,2	50
5:42:00	16	25,1	50
5:42:10	16	25,1	50
5:42:20	16	25,1	51
5:42:30	16	25,1	50
5:42:40	16	25,1	51
5:42:50	16	25,0	50
5:43:00	16	25,0	51
5:43:10	16	25,0	52
5:43:20	16	25,1	49
5:43:30	16	25,0	51
5:43:40	16	25,0	50
5:43:50	16	25,0	51
5:44:00	16	24,9	51
5:44:10	16	25,0	49
5:44:20	16	25,0	51
5:44:30	16	25,0	50
5:44:40	16	25,0	50
5:44:50	16	25,0	51
5:45:00	16	25,1	48
5:45:10	16	25,0	52
5:45:20	16	25,0	51
5:45:30	16	25,0	52
5:45:40	16	25,0	51
5:45:50	16	25,0	46
5:46:00	16	25,0	51
5:46:10	16	25,0	49
5:46:20	16	25,1	50
5:46:30	16	25,0	52
5:46:40	16	25,0	51
5:46:50	16	25,0	51
5:47:00	16	25,0	52
5:47:10	16	25,0	52
5:47:20	16	25,1	52
5:47:30	16	25,1	51
5:47:40	16	25,1	52
5:47:50	16	25,2	49
5:48:00	16	25,1	52
5:48:10	16	25,1	52
5:48:20	16	25,1	52
5:48:30	16	25,1	52
5:48:40	16	25,1	51
5:48:50	16	25,1	52
5:49:00	16	25,1	51
5:49:10	16	25,1	50
5:49:20	16	25,1	53
5:49:30	16	25,1	52
5:49:40	16	25,2	52
5:49:50	16	25,2	51
5:50:00	16	25,2	52
5:50:10	16	25,2	52
5:50:20	16	25,2	52
5:50:30	16	25,2	51
5:50:40	16	25,2	52
5:50:50	16	25,2	51
5:51:00	16	25,2	53
5:51:10	16	25,2	52
5:51:20	16	25,2	53
5:51:30	16	25,2	52
5:51:40	16	25,2	52
5:51:50	16	25,2	53
5:52:00	16	25,2	52
5:52:10	16	25,2	52
5:52:20	16	25,2	51
5:52:30	16	25,2	52
5:52:40	16	25,2	53
5:52:50	16	25,2	55
5:53:00	16	25,2	53
5:53:10	16	25,2	52
5:53:20	16	25,2	53
5:53:30	16	25,2	53
5:53:40	16	25,2	54
5:53:50	16	25,1	54
5:54:00	16	25,2	53
5:54:10	16	25,3	53
5:54:20	16	25,3	49
5:54:30	16	25,3	54
5:54:40	16	25,3	52
5:54:50	16	25,3	54
5:55:00	16	25,3	54
5:55:10	16	25,3	52
5:55:20	16	25,3	52
5:55:30	16	25,3	52
5:55:40	16	25,3	55
5:55:50	16	25,3	53
5:56:00	16	25,2	53
5:56:10	16	25,2	55
5:56:20	16	25,3	54
5:56:30	16	25,3	55
5:56:40	16	25,3	55
5:56:50	16	25,3	53
5:57:00	16	25,3	55
5:57:10	16	25,3	53
5:57:20	16	25,3	53
5:57:30	16	25,3	54
5:57:40	16	25,2	53
5:57:50	16	25,3	54
5:58:00	16	25,3	54
5:58:10	16	25,3	54
5:58:20	16	25,3	54
5:58:30	16	25,2	54
5:58:40	16	25,2	54
5:58:50	16	25,2	54
5:59:00	16	25,2	56
5:59:10	16	25,2	54
5:59:20	16	25,2	56
5:59:30	16	25,2	55
5:59:40	16	25,2	49
5:59:50	16	25,2	56
6:00:00	16	25,2	54
6:00:10	16	25,2	56
6:00:20	16	25,2	56
6:00:30	16	25,2	54
6:00:40	16	25,2	56
6:00:50	16	25,2	55
6:01:00	16	25,2	57
6:01:10	16	25,2	55
6:01:20	16	25,2	55
6:01:30	16	25,2	55
6:01:40	16	25,2	54
6:01:50	16	25,2	56
6:02:00	16	25,1	56
6:02:10	16	25,1	55
6:02:20	16	25,1	55
6:02:30	16	25,1	55
6:02:40	16	25,1	56
6:02:50	16	25,1	53
6:03:00	16	25,1	56
6:03:10	16	25,1	54
6:03:20	16	25,1	55
6:03:30	16	25,1	56
6:03:40	16	25,1	52
6:03:50	16	25,1	57
6:04:00	16	25,1	56
6:04:10	16	25,1	53
6:04:20	16	25,1	55
6:04:30	16	25,1	56
6:04:40	16	25,1	58
6:04:50	16	25,1	56
6:05:00	16	25,0	55
6:05:10	16	25,0	56
6:05:20	16	25,0	56
6:05:30	16	25,0	53
6:05:40	16	25,0	57
6:05:50	16	25,0	55
6:06:00	16	25,0	56
6:06:10	16	25,0	54
6:06:20	16	25,0	57
6:06:30	16	25,0	57
6:06:40	16	25,0	57
6:06:50	16	25,0	57
6:07:00	16	25,0	57
6:07:10	16	25,0	56
6:07:20	16	25,0	57
6:07:30	16	25,0	56
6:07:40	16	25,0	58
6:07:50	16	25,0	57
6:08:00	16	25,0	56
6:08:10	16	25,0	58
6:08:20	16	25,0	57
6:08:30	16	25,0	59
6:08:40	16	25,0	57
6:08:50	16	25,0	56
6:09:00	16	25,0	57
6:09:10	16	25,0	53
6:09:20	16	25,0	58
6:09:30	16	25,0	53
6:09:40	16	25,0	58
6:09:50	16	25,0	58
6:10:00	16	25,0	59
6:10:10	16	25,0	59
6:10:20	16	25,0	58
6:10:30	16	25,0	58
6:10:40	16	25,0	57
6:10:50	16	25,0	56
6:11:00	16	25,0	58
6:11:10	16	25,0	58
6:11:20	16	25,0	58
6:11:30	16	25,0	55
6:11:40	16	25,0	58
6:11:50	16	24,9	58
6:12:00	16	25,0	57
6:12:10	16	25,0	58
6:12:20	16	25,0	57
6:12:30	16	25,0	59
6:12:40	16	25,0	58
6:12:50	16	24,9	57
6:13:00	16	25,0	58
6:13:10	16	25,0	57
6:13:20	16	25,0	57
6:13:30	16	25,0	58
6:13:40	16	25,0	58
6:13:50	16	25,0	59
6:14:00	16	25,0	60
6:14:10	16	25,0	61
6:14:20	16	25,0	58
6:14:30	16	24,9	58
6:14:40	16	24,9	57
6:14:50	16	24,9	60
6:15:00	16	24,9	61
6:15:10	16	24,9	60
6:15:20	16	24,9	62
6:15:30	16	24,9	60
6:15:40	16	24,9	62
6:15:50	16	24,9	61
6:16:00	16	24,9	61
6:16:10	16	24,9	62
6:16:20	16	24,9	60
6:16:30	16	24,9	62
6:16:40	16	24,9	62
6:16:50	16	24,9	59
6:17:00	16	25,1	63
6:17:10	16	25,1	59
6:17:20	16	25,1	63
6:17:30	16	25,1	62
6:17:40	16	25,1	62
6:17:50	16	25,1	63
6:18:00	16	25,1	62
6:18:10	16	25,1	63
6:18:20	16	25,1	62
6:18:30	16	25,1	62
6:18:40	16	25,1	63
6:18:50	16	25,1	62
6:19:00	16	25,1	63
6:19:10	16	25,1	62
6:19:20	16	25,1	63
6:19:30	16	25,1	63
6:19:40	16	25,1	63
6:19:50	16	25,1	63
6:20:00	16	25,1	61
6:20:10	16	25,1	64
6:20:20	16	25,1	63
6:20:30	16	25,1	64
6:20:40	16	25,1	64
6:20:50	16	25,1	64
6:21:00	16	25,1	64
6:21:10	16	25,1	64
6:21:20	16	25,1	63
6:21:30	16	25,1	64
6:21:40	16	25,0	63
6:21:50	16	25,0	64
6:22:00	16	25,0	63
6:22:10	16	25,0	64
6:22:20	16	25,0	64
6:22:30	16	25,0	64
6:22:40	16	25,0	64
6:22:50	16	25,0	64
6:23:00	16	25,0	65
6:23:10	16	25,0	65
6:23:20	16	25,0	65
6:23:30	16	25,0	65
6:23:40	16	25,0	65
6:23:50	16	25,0	65
6:24:00	16	25,0	65
6:24:10	16	25,0	65
6:24:20	16	25,0	65
6:24:30	16	25,0	65
6:24:40	16	25,0	65
6:24:50	16	25,0	65
6:25:00	16	25,0	66
6:25:10	16	25,0	65
6:25:20	16	25,0	60
6:25:30	16	25,0	66
6:25:40	16	25,0	64
6:25:50	16	25,0	66
6:26:00	16	25,0	66
6:26:10	16	25,0	65
6:26:20	16	25,0	66
6:26:30	16	25,0	65
6:26:40	16	25,0	66
6:26:50	16	24,9	66
6:27:00	16	25,0	64
6:27:10	16	25,0	65
6:27:20	16	25,0	65
6:27:30	16	25,0	66
6:27:40	16	25,0	65
6:27:50	16	25,0	65
6:28:00	16	25,0	65
6:28:10	16	25,0	63
6:28:20	16	25,0	67
6:28:30	16	25,0	65
6:28:40	16	25,0	67
6:28:50	16	25,0	65
6:29:00	16	25,0	63
6:29:10	16	25,0	66
6:29:20	16	25,0	61
6:29:30	16	25,0	67
6:29:40	16	25,0	66
6:29:50	16	25,0	65
6:30:00	16	25,0	66
6:30:10	16	25,0	64
6:30:20	16	25,0	67
6:30:30	16	25,0	65
6:30:40	16	25,0	65
6:30:50	16	25,0	67
6:31:00	16	25,0	64
6:31:10	16	25,0	68
6:31:20	16	25,0	65
6:31:30	16	25,0	68
6:31:40	16	25,0	65
6:31:50	16	25,0	64
6:32:00	16	25,0	68
6:32:10	16	25,0	65
6:32:20	16	25,0	67
6:32:30	16	25,0	67
6:32:40	16	25,0	66
6:32:50	16	25,0	68
6:33:00	16	25,0	67
6:33:10	16	25,0	68
6:33:20	16	25,0	67
6:33:30	16	25,0	68
6:33:40	16	25,0	68
6:33:50	16	25,0	67
6:34:00	16	25,0	67
6:34:10	16	25,0	68
6:34:20	16	25,0	68
6:34:30	16	25,0	66
6:34:40	16	24,9	64
6:34:50	16	25,0	67
6:35:00	16	24,9	66
6:35:10	16	24,9	68
6:35:20	16	24,9	67
6:35:30	16	24,9	65
6:35:40	16	24,9	69
6:35:50	16	24,9	67
6:36:00	16	24,9	69
6:36:10	16	24,9	68
6:36:20	16	25,0	68
6:36:30	16	24,9	68
6:36:40	16	25,0	67
6:36:50	16	24,9	69
6:37:00	16	24,9	68
6:37:10	16	24,9	68
6:37:20	16	24,9	67
6:37:30	16	24,9	68
6:37:40	16	24,9	67
6:37:50	16	24,9	69
6:38:00	16	24,9	67
6:38:10	16	24,9	67
6:38:20	16	24,9	66
6:38:30	16	24,9	68
6:38:40	16	24,9	69
6:38:50	16	24,9	68
6:39:00	16	24,9	69
6:39:10	16	24,9	68
6:39:20	16	24,9	69
6:39:30	16	24,9	66
6:39:40	16	24,9	68
6:39:50	16	24,9	69
6:40:00	16	24,9	68
6:40:10	16	24,9	68
6:40:20	16	24,9	68
6:40:30	16	24,9	70
6:40:40	16	24,9	69
6:40:50	16	24,9	68
6:41:00	16	24,9	69
6:41:10	16	24,9	69
6:41:20	16	24,9	70
6:41:30	16	24,9	69
6:41:40	16	24,9	63
6:41:50	16	24,9	69
6:42:00	16	24,9	69
6:42:10	16	25,1	71
6:42:20	16	25,1	68
6:42:30	16	25,1	70
6:42:40	16	25,1	69
6:42:50	16	25,1	70
6:43:00	16	25,1	71
