--Test Summary--
Full Path and File Name	
Instrument Name	7322
Instrument Type	Model 7322 Consistometer - Variable Speed
Instrument Serial Number	
Test Start Date	20.05.2014
Test Start Time	9:33:41
Test Stop Date	20.05.2014
Test Stop Time	15:44:12
Test Length	6:10:31
Final Sample Time Offset	6:10:30
Controller Schedule Name	
Sampling Period	10 seconds
Comments	
Information	WellID	Research
Information	Customer	Trican
Information	EngName	Pavel Lebedev
Information	CementClass	35%G+55%HGS5000+10%SF-2 (bvob)
Information	CementMfr	Dyckerhoff - Suhoy Log
Information	Additives	0.5%CFL-17+0.2%CFR-10+2%TA-1 (bwob)
Information	Density	1250
Information	BHCT	70
Information	BHST	85
Information	FluidLoss	94cc/30min
Information	JobType	Research
Calculated Value	Time_30Bc	3:29:40
Calculated Value	Time_70Bc	4:28:30
Calculated Value	Time_100Bc	N/A
Initial Temperature (°C)	25 °C
Final Temperature (°C)	70 °C
Initial Pressure (MPa)	0,8 MPa
Final Pressure (MPa)	34,2 MPa
Initial Consistency (Bc)	5 Bc
Final Consistency (Bc)	97 Bc
Initial Wall Temperature (°C)	22 °C
Final Wall Temperature (°C)	68 °C
Initial Motor Speed (RPM)	151 RPM
Final Motor Speed (RPM)	150 RPM
--Data--
Time (HH:MM:SS)	Temperature (°C)	Pressure (MPa)	Consistency (Bc)	Wall Temperature (°C)	Motor Speed (RPM)
0:00:00	25	0,8	5	22	151
0:00:10	25	0,9	6	22	150
0:00:20	25	1,1	5	22	150
0:00:30	25	1,3	4	22	150
0:00:40	25	1,4	3	23	150
0:00:50	25	1,8	3	24	150
0:01:00	25	2,0	3	24	150
0:01:10	25	2,2	4	25	150
0:01:20	25	2,5	6	25	150
0:01:30	25	2,8	4	28	150
0:01:40	25	3,1	4	30	150
0:01:50	25	3,5	5	32	150
0:02:00	25	4,0	4	32	150
0:02:10	25	4,1	5	34	150
0:02:20	25	4,3	5	34	150
0:02:30	25	4,5	3	35	150
0:02:40	25	4,7	4	37	150
0:02:50	25	4,9	4	38	150
0:03:00	25	5,0	6	38	150
0:03:10	25	5,2	3	40	150
0:03:20	26	5,5	4	40	150
0:03:30	26	5,6	3	41	150
0:03:40	26	5,8	6	42	150
0:03:50	26	6,0	5	43	150
0:04:00	27	6,1	6	44	150
0:04:10	27	6,3	6	44	150
0:04:20	27	6,5	5	45	150
0:04:30	28	6,7	4	45	150
0:04:40	28	6,9	5	45	150
0:04:50	28	7,1	6	45	150
0:05:00	29	7,2	5	45	150
0:05:10	29	7,4	4	45	150
0:05:20	29	7,5	6	46	150
0:05:30	30	7,6	6	45	150
0:05:40	30	7,7	5	46	150
0:05:50	30	7,8	6	45	150
0:06:00	31	7,9	6	45	150
0:06:10	31	8,0	6	45	150
0:06:20	32	8,1	6	46	150
0:06:30	32	8,2	7	46	150
0:06:40	32	8,3	6	46	150
0:06:50	33	8,4	5	46	150
0:07:00	33	8,5	7	46	150
0:07:10	33	8,6	6	46	150
0:07:20	34	9,0	6	46	150
0:07:30	34	9,1	7	47	150
0:07:40	34	9,3	7	46	150
0:07:50	34	9,4	6	47	150
0:08:00	35	9,6	6	47	150
0:08:10	35	9,8	6	47	150
0:08:20	35	10,2	6	48	150
0:08:30	35	10,4	6	48	150
0:08:40	36	10,5	6	48	150
0:08:50	36	10,7	6	49	150
0:09:00	36	10,8	6	49	150
0:09:10	37	11,0	6	49	150
0:09:20	37	11,2	6	50	150
0:09:30	37	11,3	5	50	150
0:09:40	37	11,5	7	51	150
0:09:50	38	11,7	6	51	150
0:10:00	38	11,9	7	51	150
0:10:10	38	12,0	7	52	150
0:10:20	38	12,2	6	52	150
0:10:30	39	12,3	7	52	150
0:10:40	39	12,6	7	53	150
0:10:50	39	12,7	6	53	150
0:11:00	39	13,1	7	53	150
0:11:10	40	13,3	7	53	150
0:11:20	40	13,5	6	54	150
0:11:30	40	13,6	7	54	150
0:11:40	40	13,7	7	54	150
0:11:50	41	13,8	7	55	150
0:12:00	41	14,1	6	54	150
0:12:10	41	14,2	7	55	150
0:12:20	42	14,4	6	55	150
0:12:30	42	14,8	6	55	150
0:12:40	42	14,9	7	56	150
0:12:50	42	15,1	6	56	150
0:13:00	43	15,2	6	56	150
0:13:10	43	15,3	6	56	150
0:13:20	43	15,5	6	57	150
0:13:30	43	15,7	6	57	150
0:13:40	44	16,1	5	57	150
0:13:50	44	16,2	5	57	150
0:14:00	44	16,4	5	57	150
0:14:10	44	16,5	5	58	150
0:14:20	45	16,6	5	58	150
0:14:30	45	16,8	5	58	150
0:14:40	45	17,0	5	59	150
0:14:50	45	17,3	4	59	150
0:15:00	46	17,5	6	59	150
0:15:10	46	17,6	6	60	150
0:15:20	46	17,7	5	60	150
0:15:30	46	17,9	5	60	150
0:15:40	47	18,1	5	60	150
0:15:50	47	18,4	4	60	150
0:16:00	47	18,6	5	61	150
0:16:10	47	18,8	7	61	150
0:16:20	48	19,0	4	61	150
0:16:30	48	19,2	4	62	150
0:16:40	48	19,5	4	63	150
0:16:50	48	19,7	4	64	150
0:17:00	48	19,9	5	64	150
0:17:10	48	20,1	6	65	150
0:17:20	49	20,3	7	65	150
0:17:30	49	20,5	6	66	150
0:17:40	49	20,7	6	66	150
0:17:50	49	20,8	6	66	150
0:18:00	50	21,0	5	66	150
0:18:10	50	21,1	5	66	150
0:18:20	51	21,2	4	67	150
0:18:30	51	21,2	5	66	150
0:18:40	51	21,3	5	66	150
0:18:50	52	21,6	5	65	150
0:19:00	52	21,8	4	66	150
0:19:10	52	21,9	4	65	150
0:19:20	53	22,1	4	65	150
0:19:30	53	22,3	5	65	150
0:19:40	53	22,5	5	65	150
0:19:50	54	22,6	5	64	150
0:20:00	54	22,9	4	64	150
0:20:10	54	23,1	5	64	150
0:20:20	55	23,2	6	64	150
0:20:30	55	23,4	5	64	150
0:20:40	55	23,7	4	64	150
0:20:50	55	23,8	5	65	150
0:21:00	55	24,0	6	65	150
0:21:10	56	24,2	5	65	150
0:21:20	56	24,4	5	66	150
0:21:30	56	24,5	5	66	150
0:21:40	56	24,8	5	66	150
0:21:50	56	24,9	4	66	150
0:22:00	57	25,1	5	67	150
0:22:10	57	25,3	4	67	150
0:22:20	57	25,5	3	68	150
0:22:30	57	25,7	5	68	150
0:22:40	57	25,8	6	69	150
0:22:50	58	26,0	5	68	150
0:23:00	58	26,2	3	69	150
0:23:10	58	26,4	3	69	150
0:23:20	58	26,5	3	69	150
0:23:30	59	26,8	3	69	150
0:23:40	59	27,0	4	70	150
0:23:50	59	27,1	4	70	150
0:24:00	59	27,3	3	70	150
0:24:10	59	27,5	3	71	150
0:24:20	60	27,7	3	71	150
0:24:30	60	27,8	5	71	150
0:24:40	60	28,0	3	71	150
0:24:50	60	28,3	4	72	150
0:25:00	61	28,4	3	72	150
0:25:10	61	28,7	4	72	150
0:25:20	61	28,9	3	72	150
0:25:30	61	28,9	3	73	150
0:25:40	62	29,1	3	73	150
0:25:50	62	29,3	4	73	150
0:26:00	62	29,5	4	74	150
0:26:10	62	29,8	4	74	150
0:26:20	63	29,9	4	74	150
0:26:30	63	30,1	3	74	150
0:26:40	63	30,2	3	75	150
0:26:50	63	30,5	4	74	150
0:27:00	64	30,6	3	75	150
0:27:10	64	30,8	3	75	150
0:27:20	64	31,0	3	75	150
0:27:30	64	31,1	4	76	150
0:27:40	65	31,3	4	76	150
0:27:50	65	31,6	3	76	150
0:28:00	65	31,8	3	76	150
0:28:10	66	31,9	3	76	150
0:28:20	66	32,1	3	76	150
0:28:30	66	32,3	2	77	150
0:28:40	66	32,5	3	77	150
0:28:50	67	32,6	3	77	150
0:29:00	67	32,8	3	77	150
0:29:10	67	33,0	3	77	150
0:29:20	67	33,1	2	77	150
0:29:30	68	33,4	4	77	150
0:29:40	68	33,6	3	77	150
0:29:50	68	33,7	4	77	150
0:30:00	68	34,0	3	78	150
0:30:10	69	34,1	4	78	150
0:30:20	69	34,2	4	78	150
0:30:30	69	34,2	3	78	150
0:30:40	69	34,2	3	78	150
0:30:50	69	34,2	2	78	150
0:31:00	70	34,2	3	78	150
0:31:10	70	34,2	2	77	150
0:31:20	70	34,1	2	77	150
0:31:30	70	34,0	2	77	150
0:31:40	71	34,1	3	76	150
0:31:50	71	34,1	3	75	150
0:32:00	71	33,9	2	75	150
0:32:10	71	34,1	2	74	150
0:32:20	71	33,9	2	74	150
0:32:30	72	34,0	3	73	150
0:32:40	72	34,0	3	72	150
0:32:50	72	34,0	3	72	150
0:33:00	72	34,1	2	71	150
0:33:10	72	33,9	2	70	150
0:33:20	72	34,0	3	69	150
0:33:30	73	34,1	3	69	150
0:33:40	73	33,8	4	68	150
0:33:50	73	33,9	2	67	150
0:34:00	72	33,9	2	67	150
0:34:10	72	34,1	2	67	150
0:34:20	72	34,0	3	68	150
0:34:30	72	34,1	2	68	150
0:34:40	72	34,2	3	69	150
0:34:50	72	34,3	2	69	150
0:35:00	71	34,3	2	70	150
0:35:10	71	34,4	3	70	150
0:35:20	71	34,4	2	71	150
0:35:30	71	34,5	2	71	150
0:35:40	71	34,6	2	71	150
0:35:50	71	34,7	2	72	150
0:36:00	71	34,6	2	72	150
0:36:10	71	34,7	3	72	150
0:36:20	71	34,8	2	72	150
0:36:30	71	34,7	2	72	150
0:36:40	71	34,8	2	72	150
0:36:50	71	34,8	3	72	150
0:37:00	71	34,8	3	72	150
0:37:10	71	34,8	3	72	150
0:37:20	71	34,8	3	72	150
0:37:30	71	34,7	2	72	150
0:37:40	71	34,7	3	72	150
0:37:50	71	34,7	2	71	150
0:38:00	71	34,7	3	71	150
0:38:10	71	34,6	3	71	150
0:38:20	71	34,6	3	71	150
0:38:30	71	34,6	3	71	150
0:38:40	71	34,6	3	71	150
0:38:50	71	34,6	3	71	150
0:39:00	71	34,6	3	71	150
0:39:10	71	34,5	3	71	150
0:39:20	71	34,5	3	71	150
0:39:30	71	34,5	3	71	150
0:39:40	71	34,6	3	71	150
0:39:50	71	34,6	2	71	150
0:40:00	71	34,6	3	71	150
0:40:10	71	34,6	3	71	150
0:40:20	71	34,6	3	71	150
0:40:30	71	34,6	3	71	150
0:40:40	71	34,6	3	71	150
0:40:50	71	34,6	3	71	150
0:41:00	71	34,7	4	71	150
0:41:10	71	34,7	3	71	150
0:41:20	71	34,5	2	71	150
0:41:30	71	34,5	3	71	150
0:41:40	71	34,5	4	71	150
0:41:50	71	34,6	5	71	150
0:42:00	71	34,6	3	71	150
0:42:10	70	34,6	2	71	150
0:42:20	70	34,6	2	71	150
0:42:30	70	34,6	3	71	150
0:42:40	70	34,6	2	71	150
0:42:50	70	34,6	4	71	150
0:43:00	70	34,6	2	71	150
0:43:10	70	34,6	3	71	150
0:43:20	70	34,6	3	71	150
0:43:30	70	34,6	3	71	150
0:43:40	70	34,6	3	71	150
0:43:50	70	34,6	3	71	150
0:44:00	70	34,6	3	71	150
0:44:10	70	34,6	4	71	150
0:44:20	70	34,7	5	71	150
0:44:30	70	34,5	5	71	150
0:44:40	70	34,5	4	71	150
0:44:50	70	34,5	5	71	150
0:45:00	70	34,5	5	71	150
0:45:10	70	34,5	5	71	150
0:45:20	70	34,6	5	71	150
0:45:30	70	34,6	5	71	150
0:45:40	70	34,6	5	71	150
0:45:50	70	34,6	4	71	150
0:46:00	70	34,6	4	71	150
0:46:10	70	34,6	5	71	150
0:46:20	70	34,6	4	71	150
0:46:30	70	34,6	4	71	150
0:46:40	70	34,6	4	71	150
0:46:50	70	34,6	4	71	150
0:47:00	70	34,6	4	71	150
0:47:10	70	34,6	4	71	150
0:47:20	70	34,6	4	71	150
0:47:30	70	34,6	4	71	150
0:47:40	70	34,6	4	71	150
0:47:50	70	34,6	4	71	150
0:48:00	70	34,6	4	71	150
0:48:10	70	34,6	4	71	150
0:48:20	70	34,6	3	71	150
0:48:30	70	34,6	4	71	150
0:48:40	70	34,6	4	71	150
0:48:50	70	34,6	4	71	150
0:49:00	70	34,6	4	71	150
0:49:10	70	34,6	3	71	150
0:49:20	70	34,6	3	71	150
0:49:30	70	34,6	3	71	150
0:49:40	70	34,6	4	71	150
0:49:50	70	34,6	4	71	150
0:50:00	70	34,6	4	71	150
0:50:10	70	34,6	5	70	150
0:50:20	70	34,5	4	71	150
0:50:30	70	34,5	4	71	150
0:50:40	70	34,5	3	70	150
0:50:50	70	34,5	4	70	150
0:51:00	70	34,5	4	71	150
0:51:10	70	34,5	3	71	150
0:51:20	70	34,5	3	71	150
0:51:30	70	34,5	2	71	150
0:51:40	70	34,6	2	70	150
0:51:50	70	34,6	3	70	150
0:52:00	70	34,6	4	71	150
0:52:10	70	34,6	4	71	150
0:52:20	70	34,6	3	71	150
0:52:30	70	34,6	3	71	150
0:52:40	70	34,6	3	71	150
0:52:50	70	34,5	4	71	150
0:53:00	70	34,5	4	71	150
0:53:10	70	34,5	4	71	150
0:53:20	70	34,5	4	71	150
0:53:30	70	34,5	3	71	150
0:53:40	70	34,5	4	71	150
0:53:50	70	34,5	4	71	150
0:54:00	70	34,5	3	71	150
0:54:10	70	34,5	3	71	150
0:54:20	70	34,5	3	71	150
0:54:30	70	34,5	2	71	150
0:54:40	70	34,5	2	70	150
0:54:50	70	34,5	3	70	150
0:55:00	70	34,5	2	70	150
0:55:10	70	34,5	2	70	150
0:55:20	70	34,5	3	70	150
0:55:30	70	34,5	3	70	150
0:55:40	70	34,5	3	70	150
0:55:50	70	34,5	3	70	150
0:56:00	70	34,5	3	70	150
0:56:10	70	34,5	2	70	150
0:56:20	70	34,5	4	71	150
0:56:30	70	34,3	3	70	150
0:56:40	70	34,4	2	70	150
0:56:50	70	34,4	2	71	150
0:57:00	70	34,4	2	71	150
0:57:10	70	34,4	4	71	150
0:57:20	70	34,4	4	71	150
0:57:30	70	34,4	5	70	150
0:57:40	70	34,4	4	71	150
0:57:50	70	34,5	4	71	150
0:58:00	70	34,5	4	71	150
0:58:10	70	34,5	5	71	150
0:58:20	70	34,5	4	70	150
0:58:30	70	34,5	4	71	150
0:58:40	70	34,5	4	71	150
0:58:50	70	34,5	4	71	150
0:59:00	70	34,5	4	70	150
0:59:10	70	34,5	4	71	150
0:59:20	70	34,5	3	70	150
0:59:30	70	34,5	3	70	150
0:59:40	70	34,5	3	71	150
0:59:50	70	34,5	4	70	150
1:00:00	70	34,5	4	70	150
1:00:10	70	34,5	4	70	150
1:00:20	70	34,5	4	70	150
1:00:30	70	34,5	3	70	150
1:00:40	70	34,5	2	70	150
1:00:50	70	34,5	3	70	150
1:01:00	70	34,5	4	70	150
1:01:10	70	34,5	4	70	150
1:01:20	70	34,5	3	70	150
1:01:30	70	34,4	4	70	150
1:01:40	70	34,4	2	70	150
1:01:50	70	34,4	3	70	150
1:02:00	70	34,4	4	70	150
1:02:10	70	34,4	4	70	150
1:02:20	70	34,4	4	70	150
1:02:30	70	34,4	4	70	150
1:02:40	70	34,4	4	70	150
1:02:50	70	34,5	3	70	150
1:03:00	70	34,5	4	70	150
1:03:10	70	34,5	4	70	150
1:03:20	70	34,5	3	70	150
1:03:30	70	34,5	4	70	150
1:03:40	70	34,5	3	70	150
1:03:50	70	34,5	4	70	150
1:04:00	70	34,5	3	70	150
1:04:10	70	34,5	4	70	150
1:04:20	70	34,5	4	70	150
1:04:30	70	34,5	3	70	150
1:04:40	70	34,5	4	70	150
1:04:50	70	34,5	3	70	150
1:05:00	70	34,5	3	70	150
1:05:10	70	34,5	3	70	150
1:05:20	70	34,5	4	70	150
1:05:30	70	34,5	4	70	150
1:05:40	70	34,5	3	70	150
1:05:50	70	34,5	3	70	150
1:06:00	70	34,5	4	70	150
1:06:10	70	34,5	3	70	150
1:06:20	70	34,5	4	70	150
1:06:30	70	34,5	4	70	150
1:06:40	70	34,5	4	70	150
1:06:50	70	34,5	5	70	150
1:07:00	70	34,5	3	70	150
1:07:10	70	34,5	3	70	150
1:07:20	70	34,5	4	70	150
1:07:30	70	34,5	4	71	150
1:07:40	70	34,5	4	70	150
1:07:50	70	34,5	4	70	150
1:08:00	70	34,5	3	71	150
1:08:10	70	34,5	3	70	150
1:08:20	70	34,5	3	70	150
1:08:30	70	34,5	4	70	150
1:08:40	70	34,5	3	70	150
1:08:50	70	34,5	3	70	150
1:09:00	70	34,5	5	70	150
1:09:10	70	34,5	5	70	150
1:09:20	70	34,5	3	70	150
1:09:30	70	34,5	3	70	150
1:09:40	70	34,5	4	70	150
1:09:50	70	34,5	4	70	150
1:10:00	70	34,5	4	70	150
1:10:10	70	34,5	4	70	150
1:10:20	70	34,5	4	70	150
1:10:30	70	34,5	3	70	150
1:10:40	70	34,5	3	70	150
1:10:50	70	34,5	4	70	150
1:11:00	70	34,5	4	70	150
1:11:10	70	34,5	4	70	150
1:11:20	70	34,5	4	70	150
1:11:30	70	34,5	3	70	150
1:11:40	70	34,5	4	70	150
1:11:50	70	34,5	5	70	150
1:12:00	70	34,5	4	70	150
1:12:10	70	34,5	4	70	150
1:12:20	70	34,5	5	70	150
1:12:30	70	34,5	3	70	150
1:12:40	70	34,5	3	70	150
1:12:50	70	34,5	4	70	150
1:13:00	70	34,5	3	70	150
1:13:10	70	34,5	3	70	150
1:13:20	70	34,6	2	70	150
1:13:30	70	34,6	4	70	150
1:13:40	70	34,6	3	70	150
1:13:50	70	34,6	3	70	150
1:14:00	70	34,6	3	70	150
1:14:10	70	34,6	4	70	150
1:14:20	70	34,6	3	70	150
1:14:30	70	34,6	3	70	150
1:14:40	70	34,6	4	70	150
1:14:50	70	34,6	3	70	150
1:15:00	70	34,5	3	70	150
1:15:10	70	34,5	3	70	150
1:15:20	70	34,5	3	70	150
1:15:30	70	34,5	4	70	150
1:15:40	70	34,5	4	70	150
1:15:50	70	34,5	4	70	150
1:16:00	70	34,5	4	70	150
1:16:10	70	34,5	5	70	150
1:16:20	70	34,5	4	70	150
1:16:30	70	34,6	3	70	150
1:16:40	70	34,6	4	70	150
1:16:50	70	34,6	3	70	150
1:17:00	70	34,6	3	70	150
1:17:10	70	34,5	4	70	150
1:17:20	70	34,5	4	70	150
1:17:30	70	34,5	5	70	150
1:17:40	70	34,5	4	70	150
1:17:50	70	34,6	4	70	150
1:18:00	70	34,5	3	70	150
1:18:10	70	34,5	5	70	150
1:18:20	70	34,6	4	70	150
1:18:30	70	34,6	4	70	150
1:18:40	70	34,6	5	70	150
1:18:50	70	34,6	4	70	150
1:19:00	70	34,6	4	70	150
1:19:10	70	34,6	3	70	150
1:19:20	70	34,6	5	70	150
1:19:30	70	34,6	3	70	150
1:19:40	70	34,6	4	70	150
1:19:50	70	34,6	5	70	150
1:20:00	70	34,6	5	70	150
1:20:10	70	34,6	5	70	150
1:20:20	70	34,6	3	70	150
1:20:30	70	34,6	5	70	150
1:20:40	70	34,6	4	70	150
1:20:50	70	34,6	5	70	150
1:21:00	70	34,6	4	70	150
1:21:10	70	34,6	4	70	150
1:21:20	70	34,6	5	70	150
1:21:30	70	34,6	5	70	150
1:21:40	70	34,6	4	70	150
1:21:50	70	34,6	4	70	150
1:22:00	70	34,6	4	70	150
1:22:10	70	34,6	3	70	150
1:22:20	70	34,6	4	70	150
1:22:30	70	34,6	3	70	150
1:22:40	70	34,6	4	70	150
1:22:50	70	34,7	4	70	150
1:23:00	70	34,7	4	70	150
1:23:10	70	34,6	6	70	150
1:23:20	70	34,6	4	70	150
1:23:30	70	34,7	4	71	150
1:23:40	70	34,7	5	71	150
1:23:50	70	34,7	6	71	150
1:24:00	70	34,7	6	71	150
1:24:10	70	34,7	6	71	150
1:24:20	70	34,7	5	70	150
1:24:30	70	34,7	5	70	150
1:24:40	70	34,7	6	71	150
1:24:50	70	34,7	4	70	150
1:25:00	70	34,7	5	70	150
1:25:10	70	34,7	5	71	150
1:25:20	70	34,7	6	70	150
1:25:30	70	34,7	6	70	150
1:25:40	70	34,7	5	70	150
1:25:50	70	34,7	5	70	150
1:26:00	70	34,7	5	70	150
1:26:10	70	34,7	5	70	150
1:26:20	70	34,6	5	70	150
1:26:30	70	34,7	4	70	150
1:26:40	70	34,6	4	70	150
1:26:50	70	34,6	6	70	150
1:27:00	70	34,6	5	70	150
1:27:10	70	34,6	5	70	150
1:27:20	70	34,6	6	70	150
1:27:30	70	34,6	5	70	150
1:27:40	70	34,6	5	70	150
1:27:50	70	34,6	4	70	150
1:28:00	70	34,6	4	70	150
1:28:10	70	34,6	5	70	150
1:28:20	70	34,6	4	70	150
1:28:30	70	34,6	6	70	150
1:28:40	70	34,6	6	70	150
1:28:50	70	34,6	6	70	150
1:29:00	70	34,6	6	70	150
1:29:10	70	34,6	5	70	150
1:29:20	70	34,6	7	70	150
1:29:30	70	34,6	6	70	150
1:29:40	70	34,7	6	70	150
1:29:50	70	34,7	6	70	150
1:30:00	70	34,7	6	70	150
1:30:10	70	34,7	6	70	150
1:30:20	70	34,7	4	71	150
1:30:30	70	34,7	5	70	150
1:30:40	70	34,7	6	70	150
1:30:50	70	34,7	7	70	150
1:31:00	70	34,7	6	70	150
1:31:10	70	34,7	7	70	150
1:31:20	70	34,7	8	71	150
1:31:30	70	34,7	7	70	150
1:31:40	70	34,7	7	70	150
1:31:50	70	34,7	8	70	150
1:32:00	70	34,7	7	70	150
1:32:10	70	34,7	7	70	150
1:32:20	70	34,7	6	70	150
1:32:30	70	34,7	5	70	150
1:32:40	70	34,7	7	70	150
1:32:50	70	34,7	7	70	150
1:33:00	70	34,7	5	70	150
1:33:10	70	34,7	6	70	150
1:33:20	70	34,7	6	70	150
1:33:30	70	34,7	6	70	150
1:33:40	70	34,7	6	70	150
1:33:50	70	34,8	6	70	150
1:34:00	70	34,8	7	71	150
1:34:10	70	34,8	7	71	150
1:34:20	70	34,8	8	70	150
1:34:30	70	34,8	7	70	150
1:34:40	70	34,8	5	71	150
1:34:50	70	34,8	6	70	150
1:35:00	70	34,8	6	71	150
1:35:10	70	34,8	6	71	150
1:35:20	70	34,8	7	70	150
1:35:30	70	34,8	7	71	150
1:35:40	70	34,8	8	70	150
1:35:50	70	34,8	6	71	150
1:36:00	70	34,8	8	70	150
1:36:10	70	34,8	8	70	150
1:36:20	70	34,8	5	70	150
1:36:30	70	34,8	6	70	150
1:36:40	70	34,8	7	70	150
1:36:50	70	34,8	7	71	150
1:37:00	70	34,8	7	70	150
1:37:10	70	34,8	7	70	150
1:37:20	70	34,8	7	70	150
1:37:30	70	34,8	6	70	150
1:37:40	70	34,8	8	70	150
1:37:50	70	34,7	7	70	150
1:38:00	70	34,7	8	70	150
1:38:10	70	34,7	7	70	150
1:38:20	70	34,7	8	70	150
1:38:30	70	34,7	10	70	150
1:38:40	70	34,6	8	70	150
1:38:50	70	34,6	7	70	150
1:39:00	70	34,6	8	70	150
1:39:10	70	34,6	8	70	150
1:39:20	70	34,6	8	70	150
1:39:30	70	34,6	8	70	150
1:39:40	70	34,6	7	70	150
1:39:50	70	34,6	7	70	150
1:40:00	70	34,6	7	70	150
1:40:10	70	34,6	8	70	150
1:40:20	70	34,6	8	70	150
1:40:30	70	34,6	8	70	150
1:40:40	70	34,4	9	70	150
1:40:50	70	34,4	9	70	150
1:41:00	70	34,4	9	70	150
1:41:10	70	34,4	8	70	150
1:41:20	70	34,4	8	70	150
1:41:30	70	34,4	8	70	150
1:41:40	70	34,4	8	70	150
1:41:50	70	34,5	9	70	150
1:42:00	70	34,5	10	70	150
1:42:10	70	34,5	10	70	150
1:42:20	70	34,5	8	70	150
1:42:30	70	34,5	8	70	150
1:42:40	70	34,5	9	70	150
1:42:50	70	34,5	10	70	150
1:43:00	70	34,5	8	70	150
1:43:10	70	34,4	7	70	150
1:43:20	70	34,4	8	70	150
1:43:30	70	34,4	9	70	150
1:43:40	70	34,3	8	70	150
1:43:50	70	34,3	8	70	150
1:44:00	70	34,3	7	70	150
1:44:10	70	34,3	9	70	150
1:44:20	70	34,3	9	70	150
1:44:30	70	34,3	9	70	150
1:44:40	70	34,3	9	70	150
1:44:50	70	34,3	8	70	150
1:45:00	70	34,2	8	70	150
1:45:10	70	34,2	8	70	150
1:45:20	70	34,2	8	70	150
1:45:30	70	34,2	8	70	150
1:45:40	70	34,2	8	70	150
1:45:50	70	34,2	7	70	150
1:46:00	70	34,2	9	70	150
1:46:10	70	34,2	8	70	150
1:46:20	70	34,2	11	70	150
1:46:30	70	34,1	10	70	150
1:46:40	70	34,1	9	70	150
1:46:50	70	34,1	9	70	150
1:47:00	70	34,1	10	70	150
1:47:10	70	34,1	11	70	150
1:47:20	70	34,1	11	70	150
1:47:30	70	34,1	12	70	150
1:47:40	70	34,1	11	70	150
1:47:50	70	34,1	10	70	150
1:48:00	70	34,1	11	70	150
1:48:10	70	34,1	12	70	150
1:48:20	70	34,1	10	70	150
1:48:30	70	34,1	10	70	150
1:48:40	70	34,0	11	70	150
1:48:50	70	34,0	8	70	150
1:49:00	70	34,0	11	70	150
1:49:10	70	34,0	11	70	150
1:49:20	70	34,0	10	70	150
1:49:30	70	34,0	11	70	150
1:49:40	70	34,0	10	69	150
1:49:50	70	34,0	11	70	150
1:50:00	70	34,0	11	70	150
1:50:10	70	34,0	11	70	150
1:50:20	70	34,0	10	70	150
1:50:30	70	34,0	12	70	150
1:50:40	70	34,0	11	70	150
1:50:50	70	34,0	12	70	150
1:51:00	70	34,0	10	70	150
1:51:10	70	34,0	11	70	150
1:51:20	70	34,0	11	70	150
1:51:30	70	34,0	10	69	150
1:51:40	70	34,0	12	70	150
1:51:50	70	34,0	11	70	150
1:52:00	70	34,0	12	70	150
1:52:10	70	34,0	11	70	150
1:52:20	70	34,0	10	70	150
1:52:30	70	34,0	10	70	150
1:52:40	70	34,0	9	70	150
1:52:50	70	34,0	10	70	150
1:53:00	70	34,0	9	70	150
1:53:10	70	34,0	10	70	150
1:53:20	70	34,0	12	70	150
1:53:30	70	34,0	11	70	150
1:53:40	70	34,0	8	70	150
1:53:50	70	34,0	7	70	150
1:54:00	70	34,0	9	70	150
1:54:10	70	34,0	9	70	150
1:54:20	70	34,0	7	70	150
1:54:30	70	34,0	7	69	150
1:54:40	70	34,0	10	70	150
1:54:50	70	34,0	9	70	150
1:55:00	70	34,0	9	70	150
1:55:10	70	34,0	9	69	150
1:55:20	70	34,0	9	70	150
1:55:30	70	34,0	10	70	150
1:55:40	70	34,0	11	69	150
1:55:50	70	34,0	11	69	150
1:56:00	70	34,0	10	69	150
1:56:10	70	34,0	10	69	150
1:56:20	70	34,3	10	69	150
1:56:30	70	34,3	12	69	150
1:56:40	70	34,2	12	69	150
1:56:50	70	34,2	12	69	150
1:57:00	70	34,2	12	69	150
1:57:10	70	34,0	12	69	150
1:57:20	70	34,0	10	69	150
1:57:30	70	34,0	11	69	150
1:57:40	70	34,0	11	69	150
1:57:50	70	34,1	9	69	150
1:58:00	70	34,1	10	69	150
1:58:10	70	34,1	11	69	150
1:58:20	70	34,1	13	69	150
1:58:30	70	34,1	9	69	150
1:58:40	70	34,1	10	69	150
1:58:50	70	34,1	9	69	150
1:59:00	70	34,1	10	69	150
1:59:10	70	34,1	11	69	150
1:59:20	70	34,1	10	70	150
1:59:30	70	34,1	10	69	150
1:59:40	70	34,1	11	69	150
1:59:50	70	34,1	12	70	150
2:00:00	70	34,1	11	69	150
2:00:10	70	34,1	11	70	150
2:00:20	70	34,1	10	69	150
2:00:30	70	34,1	10	69	150
2:00:40	70	34,1	10	69	150
2:00:50	70	34,0	11	69	150
2:01:00	70	34,0	11	69	150
2:01:10	70	34,0	11	69	150
2:01:20	70	34,0	13	69	150
2:01:30	70	34,0	11	69	150
2:01:40	70	34,0	12	69	150
2:01:50	70	34,0	11	69	150
2:02:00	70	34,0	8	69	150
2:02:10	70	34,0	10	69	150
2:02:20	70	34,0	11	69	150
2:02:30	70	34,0	10	69	150
2:02:40	70	34,0	10	69	150
2:02:50	70	34,0	11	69	150
2:03:00	70	34,0	11	69	150
2:03:10	70	34,0	10	70	150
2:03:20	70	34,0	9	69	150
2:03:30	70	34,0	11	69	150
2:03:40	70	34,0	10	69	150
2:03:50	70	34,0	9	69	150
2:04:00	70	34,0	10	69	150
2:04:10	70	34,0	11	69	150
2:04:20	70	34,0	12	69	150
2:04:30	70	34,0	10	69	150
2:04:40	70	34,0	12	69	150
2:04:50	70	34,0	11	69	150
2:05:00	70	34,1	12	69	150
2:05:10	70	34,1	11	69	150
2:05:20	70	34,1	11	69	150
2:05:30	70	34,1	11	69	150
2:05:40	70	34,1	10	69	150
2:05:50	70	34,1	12	69	150
2:06:00	70	34,1	11	69	150
2:06:10	70	34,0	11	69	150
2:06:20	70	34,0	11	69	150
2:06:30	70	34,0	13	69	150
2:06:40	70	34,0	13	69	150
2:06:50	70	34,0	13	69	150
2:07:00	70	34,0	13	69	150
2:07:10	70	34,0	13	69	150
2:07:20	70	34,0	13	69	150
2:07:30	70	34,0	13	69	150
2:07:40	70	34,0	12	69	150
2:07:50	70	34,0	12	69	150
2:08:00	70	34,0	12	69	150
2:08:10	70	34,0	10	69	150
2:08:20	70	34,3	10	69	150
2:08:30	70	34,3	10	69	150
2:08:40	70	34,0	13	69	150
2:08:50	70	34,0	10	69	150
2:09:00	70	34,0	10	69	150
2:09:10	70	34,0	8	69	150
2:09:20	70	34,0	9	69	150
2:09:30	70	34,0	10	69	150
2:09:40	70	34,0	11	69	150
2:09:50	70	34,3	10	69	150
2:10:00	70	34,3	13	69	150
2:10:10	70	34,3	13	69	150
2:10:20	70	34,3	12	69	150
2:10:30	70	34,3	13	69	150
2:10:40	70	34,3	13	69	150
2:10:50	70	34,2	13	69	150
2:11:00	70	34,2	13	69	150
2:11:10	70	34,2	12	69	150
2:11:20	70	34,2	13	69	150
2:11:30	70	34,2	10	69	150
2:11:40	70	34,2	10	69	150
2:11:50	70	34,2	10	69	150
2:12:00	70	34,2	10	69	150
2:12:10	70	34,2	9	69	150
2:12:20	70	34,2	9	69	150
2:12:30	70	34,2	11	69	150
2:12:40	70	34,2	10	69	150
2:12:50	70	34,2	9	69	150
2:13:00	70	34,2	11	69	150
2:13:10	70	34,2	11	69	150
2:13:20	70	34,2	11	69	150
2:13:30	70	34,1	12	69	150
2:13:40	70	34,1	12	69	150
2:13:50	70	34,1	11	69	150
2:14:00	70	34,1	10	69	150
2:14:10	70	34,1	9	69	150
2:14:20	70	34,1	12	69	150
2:14:30	70	34,1	12	69	150
2:14:40	70	34,1	10	69	150
2:14:50	70	34,1	11	69	150
2:15:00	70	34,1	11	69	150
2:15:10	70	34,1	9	69	150
2:15:20	70	34,1	11	69	150
2:15:30	70	34,1	9	69	150
2:15:40	70	34,1	8	69	150
2:15:50	70	34,1	6	69	150
2:16:00	70	34,1	8	69	150
2:16:10	70	34,1	11	69	150
2:16:20	70	34,1	11	69	150
2:16:30	70	34,0	12	69	150
2:16:40	70	34,0	12	69	150
2:16:50	70	34,0	12	69	150
2:17:00	70	34,0	12	69	150
2:17:10	70	34,0	11	69	150
2:17:20	70	34,0	12	69	150
2:17:30	70	34,0	12	69	150
2:17:40	70	34,0	12	69	150
2:17:50	70	34,0	10	69	150
2:18:00	70	34,0	9	69	150
2:18:10	70	34,0	12	69	150
2:18:20	70	34,0	12	69	150
2:18:30	70	34,1	10	69	150
2:18:40	70	34,1	12	69	150
2:18:50	70	34,1	12	69	150
2:19:00	70	34,1	12	69	150
2:19:10	70	34,0	8	69	150
2:19:20	70	34,0	11	69	150
2:19:30	70	34,0	10	69	150
2:19:40	70	34,0	11	69	150
2:19:50	70	34,0	12	69	150
2:20:00	70	34,0	11	69	150
2:20:10	70	34,0	11	69	150
2:20:20	70	34,0	11	69	150
2:20:30	70	34,0	12	69	150
2:20:40	70	34,0	11	69	150
2:20:50	70	34,0	10	69	150
2:21:00	70	34,0	11	69	150
2:21:10	70	34,0	11	69	150
2:21:20	70	34,0	11	69	150
2:21:30	70	34,0	11	69	150
2:21:40	70	34,0	11	69	150
2:21:50	70	34,0	10	69	150
2:22:00	70	34,0	12	69	150
2:22:10	70	34,0	11	69	150
2:22:20	70	34,0	11	69	150
2:22:30	70	34,0	11	69	150
2:22:40	70	34,0	10	69	150
2:22:50	70	34,0	11	69	150
2:23:00	70	34,0	9	69	150
2:23:10	70	34,1	8	69	150
2:23:20	70	34,2	10	69	150
2:23:30	70	34,2	10	69	150
2:23:40	70	33,9	10	69	150
2:23:50	70	34,3	11	69	150
2:24:00	70	34,3	11	69	150
2:24:10	70	34,2	12	69	150
2:24:20	70	34,2	13	69	150
2:24:30	70	34,2	12	69	150
2:24:40	70	34,2	13	69	150
2:24:50	70	34,2	12	69	150
2:25:00	70	34,2	12	69	150
2:25:10	70	34,2	13	69	150
2:25:20	70	34,2	13	69	150
2:25:30	70	34,2	14	69	150
2:25:40	70	34,1	14	69	150
2:25:50	70	34,1	13	69	150
2:26:00	70	34,1	14	69	150
2:26:10	70	34,1	14	69	150
2:26:20	70	34,1	14	69	150
2:26:30	70	34,1	13	69	150
2:26:40	70	34,1	14	69	150
2:26:50	70	34,1	13	69	150
2:27:00	70	34,1	11	69	150
2:27:10	70	34,1	11	69	150
2:27:20	70	34,1	13	69	150
2:27:30	70	34,1	14	69	150
2:27:40	70	34,1	14	69	150
2:27:50	70	34,1	14	69	150
2:28:00	70	34,1	12	69	150
2:28:10	70	34,1	12	69	150
2:28:20	70	34,1	15	69	150
2:28:30	70	34,1	15	69	150
2:28:40	70	34,1	15	69	150
2:28:50	70	34,1	14	69	150
2:29:00	70	34,1	13	69	150
2:29:10	70	34,0	15	69	150
2:29:20	70	34,0	14	69	150
2:29:30	70	34,0	14	69	150
2:29:40	70	34,0	15	69	150
2:29:50	70	34,0	14	69	150
2:30:00	70	34,0	14	69	150
2:30:10	70	34,0	14	69	150
2:30:20	70	34,0	12	69	150
2:30:30	70	34,0	14	69	150
2:30:40	70	34,0	13	69	150
2:30:50	70	34,0	13	69	150
2:31:00	70	34,1	14	69	150
2:31:10	70	34,0	13	69	150
2:31:20	70	34,0	11	69	150
2:31:30	70	34,0	13	69	150
2:31:40	70	34,0	14	69	150
2:31:50	70	34,0	13	69	150
2:32:00	70	34,0	13	69	150
2:32:10	70	34,0	14	69	150
2:32:20	70	34,0	13	69	150
2:32:30	70	34,0	14	69	150
2:32:40	70	34,0	12	69	150
2:32:50	70	34,1	14	69	150
2:33:00	70	34,1	13	69	150
2:33:10	70	34,1	15	69	150
2:33:20	70	34,1	16	69	150
2:33:30	70	34,0	15	69	150
2:33:40	70	34,0	15	69	150
2:33:50	70	34,0	15	69	150
2:34:00	70	34,0	15	69	150
2:34:10	70	34,0	12	69	150
2:34:20	70	34,0	13	69	150
2:34:30	70	34,0	12	69	150
2:34:40	70	34,0	11	69	150
2:34:50	70	34,0	15	69	150
2:35:00	70	34,0	16	69	150
2:35:10	70	34,3	16	69	150
2:35:20	70	34,3	15	69	150
2:35:30	70	34,2	15	69	150
2:35:40	70	34,2	15	69	150
2:35:50	70	34,2	15	69	150
2:36:00	70	34,2	16	69	150
2:36:10	70	34,2	16	69	150
2:36:20	70	34,2	16	69	150
2:36:30	70	34,2	15	69	150
2:36:40	70	34,2	16	69	150
2:36:50	70	34,2	16	69	150
2:37:00	70	34,1	16	69	150
2:37:10	70	34,1	17	69	150
2:37:20	70	34,1	16	69	150
2:37:30	70	34,1	17	69	150
2:37:40	70	34,1	16	69	150
2:37:50	70	34,1	16	69	150
2:38:00	70	34,1	16	69	150
2:38:10	70	34,1	16	69	150
2:38:20	70	34,1	16	69	150
2:38:30	70	34,1	16	69	150
2:38:40	70	34,1	16	69	150
2:38:50	70	34,1	16	69	150
2:39:00	70	34,1	14	69	150
2:39:10	70	34,1	16	69	150
2:39:20	70	34,1	16	69	150
2:39:30	70	34,0	17	69	150
2:39:40	70	34,1	17	69	150
2:39:50	70	34,0	17	69	150
2:40:00	70	34,0	17	69	150
2:40:10	70	34,0	16	69	150
2:40:20	70	34,0	17	69	150
2:40:30	70	34,0	17	69	150
2:40:40	70	34,0	16	69	150
2:40:50	70	34,0	16	69	150
2:41:00	70	34,0	16	69	150
2:41:10	70	34,0	16	69	150
2:41:20	70	34,0	17	69	150
2:41:30	70	34,0	11	69	150
2:41:40	70	34,0	12	69	150
2:41:50	70	34,0	17	69	150
2:42:00	70	34,3	11	69	150
2:42:10	70	34,3	11	69	150
2:42:20	70	34,3	12	69	150
2:42:30	70	34,3	11	69	150
2:42:40	70	34,3	16	69	150
2:42:50	70	34,3	17	69	150
2:43:00	70	34,3	16	69	150
2:43:10	70	34,3	12	69	150
2:43:20	70	34,3	15	69	150
2:43:30	70	34,3	13	69	150
2:43:40	70	34,3	12	69	150
2:43:50	70	34,3	10	69	150
2:44:00	70	34,3	12	69	150
2:44:10	70	34,3	13	69	150
2:44:20	70	34,3	12	69	150
2:44:30	70	34,3	13	69	150
2:44:40	70	34,3	12	69	150
2:44:50	70	34,3	13	69	150
2:45:00	70	34,3	16	69	150
2:45:10	70	34,3	12	69	150
2:45:20	70	34,3	13	69	150
2:45:30	70	34,3	12	69	150
2:45:40	70	34,2	13	69	150
2:45:50	70	34,2	13	69	150
2:46:00	70	34,2	12	69	150
2:46:10	70	34,2	11	69	150
2:46:20	70	34,2	13	69	150
2:46:30	70	34,2	13	69	150
2:46:40	70	34,1	15	69	150
2:46:50	70	34,1	14	69	150
2:47:00	70	34,1	11	69	150
2:47:10	70	34,1	15	69	150
2:47:20	70	34,1	16	69	150
2:47:30	70	34,1	18	69	150
2:47:40	70	34,1	18	69	150
2:47:50	70	34,1	19	69	150
2:48:00	70	34,1	19	69	150
2:48:10	70	34,1	19	69	150
2:48:20	70	34,1	19	69	150
2:48:30	70	34,1	15	69	150
2:48:40	70	34,1	16	69	150
2:48:50	70	34,1	13	69	150
2:49:00	70	34,1	15	69	150
2:49:10	70	34,1	12	69	150
2:49:20	70	34,1	16	69	150
2:49:30	70	34,1	16	69	150
2:49:40	70	34,1	16	69	150
2:49:50	70	34,1	14	69	150
2:50:00	70	34,1	15	69	150
2:50:10	70	34,1	16	69	150
2:50:20	70	34,1	15	69	150
2:50:30	70	34,1	18	69	150
2:50:40	70	34,1	15	69	150
2:50:50	70	34,1	16	69	150
2:51:00	70	34,0	18	69	150
2:51:10	70	34,0	16	69	150
2:51:20	70	34,0	20	69	150
2:51:30	70	34,0	20	69	150
2:51:40	70	34,0	17	69	150
2:51:50	70	34,0	14	69	150
2:52:00	70	34,0	15	69	150
2:52:10	70	34,0	12	69	150
2:52:20	70	34,0	14	69	150
2:52:30	70	34,1	15	69	150
2:52:40	70	34,1	11	69	150
2:52:50	70	34,1	14	69	150
2:53:00	70	34,1	17	69	150
2:53:10	70	34,1	16	69	150
2:53:20	70	34,1	17	69	150
2:53:30	70	34,1	11	69	150
2:53:40	70	34,1	9	69	150
2:53:50	70	34,1	6	69	150
2:54:00	70	34,1	11	69	150
2:54:10	70	34,1	17	69	150
2:54:20	70	34,1	15	69	150
2:54:30	70	34,0	20	69	150
2:54:40	70	34,0	18	69	150
2:54:50	70	34,0	20	69	150
2:55:00	70	34,0	19	69	150
2:55:10	70	34,0	13	69	150
2:55:20	70	34,0	15	69	150
2:55:30	70	34,0	18	69	150
2:55:40	70	34,0	15	69	150
2:55:50	70	34,1	15	69	150
2:56:00	70	34,1	18	69	150
2:56:10	70	34,1	17	69	150
2:56:20	70	34,1	19	69	150
2:56:30	70	34,1	17	69	150
2:56:40	70	34,1	17	69	150
2:56:50	70	34,1	20	69	150
2:57:00	70	34,1	21	69	150
2:57:10	70	34,1	17	69	150
2:57:20	70	34,1	21	69	150
2:57:30	70	34,1	22	69	150
2:57:40	70	34,1	17	69	150
2:57:50	70	34,1	19	69	150
2:58:00	70	34,1	20	69	150
2:58:10	70	34,1	21	69	150
2:58:20	70	34,1	21	69	150
2:58:30	70	34,1	22	69	150
2:58:40	70	34,1	22	69	150
2:58:50	70	34,1	22	69	150
2:59:00	70	34,1	22	69	150
2:59:10	70	34,0	21	69	150
2:59:20	70	34,0	22	69	150
2:59:30	70	34,0	21	69	150
2:59:40	70	34,0	21	69	150
2:59:50	70	34,0	22	69	150
3:00:00	70	34,0	21	69	150
3:00:10	70	34,0	21	69	150
3:00:20	70	34,3	22	69	150
3:00:30	70	34,3	21	69	150
3:00:40	70	34,3	22	69	150
3:00:50	70	34,2	22	69	150
3:01:00	70	34,2	23	69	150
3:01:10	70	34,2	22	69	150
3:01:20	70	34,2	22	69	150
3:01:30	70	34,2	23	69	150
3:01:40	70	34,2	22	69	150
3:01:50	70	34,2	22	69	150
3:02:00	70	34,2	21	69	150
3:02:10	70	34,2	20	69	150
3:02:20	70	34,2	18	69	150
3:02:30	70	34,2	21	69	150
3:02:40	70	34,2	17	69	150
3:02:50	70	34,2	18	69	150
3:03:00	70	34,2	17	69	150
3:03:10	70	34,2	16	69	150
3:03:20	70	34,2	22	69	150
3:03:30	70	34,2	21	69	150
3:03:40	70	34,2	22	69	150
3:03:50	70	34,2	23	69	150
3:04:00	70	34,2	21	69	150
3:04:10	70	34,2	23	69	150
3:04:20	70	34,2	21	69	150
3:04:30	70	34,2	23	69	150
3:04:40	70	34,2	22	69	150
3:04:50	70	34,2	21	69	150
3:05:00	70	34,2	23	69	150
3:05:10	70	34,3	22	70	150
3:05:20	70	34,3	22	70	150
3:05:30	70	34,3	21	70	150
3:05:40	70	34,3	22	70	150
3:05:50	70	34,3	21	70	150
3:06:00	70	34,3	21	70	150
3:06:10	70	34,3	22	70	150
3:06:20	70	34,3	25	70	150
3:06:30	70	34,3	25	70	150
3:06:40	70	34,3	22	70	150
3:06:50	70	34,3	22	69	150
3:07:00	70	34,3	22	69	150
3:07:10	70	34,2	21	69	150
3:07:20	70	34,2	21	69	150
3:07:30	70	34,2	19	69	150
3:07:40	70	34,2	18	69	150
3:07:50	70	34,2	20	69	150
3:08:00	70	34,2	21	69	150
3:08:10	70	34,2	20	69	150
3:08:20	70	34,2	19	69	150
3:08:30	70	34,2	19	69	150
3:08:40	70	34,1	19	69	150
3:08:50	70	34,1	17	69	150
3:09:00	70	34,1	17	69	150
3:09:10	70	34,1	22	69	150
3:09:20	70	34,1	19	69	150
3:09:30	70	34,1	19	69	150
3:09:40	70	34,1	22	69	150
3:09:50	70	34,1	23	69	150
3:10:00	70	34,1	19	69	150
3:10:10	70	34,1	24	69	150
3:10:20	70	34,1	18	69	150
3:10:30	70	34,1	23	69	150
3:10:40	70	34,1	26	69	150
3:10:50	70	34,2	27	69	150
3:11:00	70	34,2	25	69	150
3:11:10	70	34,2	25	70	150
3:11:20	70	34,2	22	69	150
3:11:30	70	34,1	24	69	150
3:11:40	70	34,1	19	69	150
3:11:50	70	34,1	20	69	150
3:12:00	70	34,1	21	69	150
3:12:10	70	34,1	19	69	150
3:12:20	70	34,1	26	69	150
3:12:30	70	34,1	25	69	150
3:12:40	70	34,1	25	69	150
3:12:50	70	34,1	24	69	150
3:13:00	70	34,1	20	69	150
3:13:10	70	34,0	16	69	150
3:13:20	70	34,0	22	69	150
3:13:30	70	34,0	20	69	150
3:13:40	70	34,0	20	69	150
3:13:50	70	34,0	15	69	150
3:14:00	70	34,0	18	69	150
3:14:10	70	34,0	19	69	150
3:14:20	70	34,0	19	69	150
3:14:30	70	34,0	25	69	150
3:14:40	70	34,0	23	69	150
3:14:50	70	34,0	22	69	150
3:15:00	70	34,0	24	69	150
3:15:10	70	34,0	22	69	150
3:15:20	70	34,0	26	69	150
3:15:30	70	34,0	24	69	150
3:15:40	70	34,0	24	69	150
3:15:50	70	34,0	26	69	150
3:16:00	70	34,0	25	69	150
3:16:10	70	34,0	24	69	150
3:16:20	70	34,0	24	69	150
3:16:30	70	34,0	24	70	150
3:16:40	70	34,0	23	69	150
3:16:50	70	34,0	23	69	150
3:17:00	70	34,0	23	69	150
3:17:10	70	34,0	23	69	150
3:17:20	70	34,0	24	69	150
3:17:30	70	34,2	21	69	150
3:17:40	70	34,3	21	69	150
3:17:50	70	34,3	19	69	150
3:18:00	70	34,2	21	69	150
3:18:10	70	34,2	23	69	150
3:18:20	70	34,2	19	69	150
3:18:30	70	34,2	21	69	150
3:18:40	70	34,2	19	69	150
3:18:50	70	34,2	22	69	150
3:19:00	70	34,2	20	69	150
3:19:10	70	34,2	21	69	150
3:19:20	70	34,2	20	69	150
3:19:30	70	34,2	21	69	150
3:19:40	70	34,2	19	69	150
3:19:50	70	34,2	20	69	150
3:20:00	70	34,2	23	69	150
3:20:10	70	34,2	21	69	150
3:20:20	70	34,2	20	70	150
3:20:30	70	34,2	22	70	150
3:20:40	70	34,2	21	70	150
3:20:50	70	34,2	21	69	150
3:21:00	70	34,2	22	70	150
3:21:10	70	34,2	21	69	150
3:21:20	70	34,2	21	70	150
3:21:30	70	34,2	20	70	150
3:21:40	70	34,2	24	69	150
3:21:50	70	34,2	24	69	150
3:22:00	70	34,2	22	69	150
3:22:10	70	34,2	21	70	150
3:22:20	70	34,2	25	69	150
3:22:30	70	34,1	24	69	150
3:22:40	70	34,1	24	69	150
3:22:50	70	34,1	26	69	150
3:23:00	70	34,1	24	69	150
3:23:10	70	34,1	25	69	150
3:23:20	70	34,1	26	69	150
3:23:30	70	34,1	26	69	150
3:23:40	70	34,0	24	69	150
3:23:50	70	34,0	26	69	150
3:24:00	70	34,0	26	69	150
3:24:10	70	34,0	26	69	150
3:24:20	70	34,0	26	69	150
3:24:30	70	34,0	25	69	150
3:24:40	70	34,0	26	69	150
3:24:50	70	34,0	25	69	150
3:25:00	70	34,1	24	69	150
3:25:10	70	34,1	25	69	150
3:25:20	70	34,1	26	69	150
3:25:30	70	34,1	25	70	150
3:25:40	70	34,1	24	70	150
3:25:50	70	34,1	26	70	150
3:26:00	70	34,1	25	70	150
3:26:10	70	34,1	28	70	150
3:26:20	70	34,1	22	70	150
3:26:30	70	34,1	27	70	150
3:26:40	70	34,1	28	69	150
3:26:50	70	34,1	28	69	150
3:27:00	70	34,1	26	70	150
3:27:10	70	34,0	28	69	150
3:27:20	70	34,0	27	69	150
3:27:30	70	34,0	24	69	150
3:27:40	70	34,0	27	69	150
3:27:50	70	34,0	28	69	150
3:28:00	70	34,1	27	69	150
3:28:10	70	34,1	27	69	150
3:28:20	70	34,0	29	69	150
3:28:30	70	34,0	30	69	150
3:28:40	70	34,0	29	69	150
3:28:50	70	34,0	30	69	150
3:29:00	70	34,0	31	69	150
3:29:10	70	34,0	29	69	150
3:29:20	70	34,0	30	69	150
3:29:30	70	34,0	31	69	150
3:29:40	70	34,0	31	69	150
3:29:50	70	34,0	32	69	150
3:30:00	70	34,0	33	69	150
3:30:10	70	34,1	30	69	150
3:30:20	70	34,1	28	70	150
3:30:30	70	34,1	29	69	150
3:30:40	70	34,1	30	70	150
3:30:50	70	34,1	31	70	150
3:31:00	70	34,1	30	70	150
3:31:10	70	34,1	30	69	150
3:31:20	70	34,1	32	70	150
3:31:30	70	34,1	31	69	150
3:31:40	70	34,1	29	69	150
3:31:50	70	34,0	31	70	150
3:32:00	70	34,0	31	69	150
3:32:10	70	34,0	31	69	150
3:32:20	70	34,0	30	69	150
3:32:30	70	34,0	31	69	150
3:32:40	70	34,0	27	69	150
3:32:50	70	34,0	29	69	150
3:33:00	70	34,0	29	69	150
3:33:10	70	34,0	31	69	150
3:33:20	70	34,0	29	69	150
3:33:30	70	34,0	29	69	150
3:33:40	70	34,0	28	69	150
3:33:50	70	34,0	33	69	150
3:34:00	70	34,3	32	69	150
3:34:10	70	34,3	34	69	150
3:34:20	70	34,3	34	69	150
3:34:30	70	34,3	32	69	150
3:34:40	70	34,3	31	69	150
3:34:50	70	34,3	32	69	150
3:35:00	70	34,3	35	69	150
3:35:10	70	34,3	34	69	150
3:35:20	70	34,3	37	69	150
3:35:30	70	34,3	36	69	150
3:35:40	70	34,3	35	70	150
3:35:50	70	34,3	36	70	150
3:36:00	70	34,4	33	69	150
3:36:10	70	34,3	36	70	150
3:36:20	70	34,4	35	69	150
3:36:30	70	34,3	36	70	150
3:36:40	70	34,3	33	70	150
3:36:50	70	34,3	35	70	150
3:37:00	70	34,3	36	69	150
3:37:10	70	34,3	35	69	150
3:37:20	70	34,3	36	69	150
3:37:30	70	34,3	35	69	150
3:37:40	70	34,3	35	69	150
3:37:50	70	34,3	36	69	150
3:38:00	70	34,2	34	69	150
3:38:10	70	34,2	35	69	150
3:38:20	70	34,2	35	69	150
3:38:30	70	34,2	35	69	150
3:38:40	70	34,2	35	69	150
3:38:50	70	34,2	35	69	150
3:39:00	70	34,2	36	69	150
3:39:10	70	34,2	38	69	150
3:39:20	70	34,2	38	69	150
3:39:30	70	34,2	38	69	150
3:39:40	70	34,2	38	69	150
3:39:50	70	34,2	39	69	150
3:40:00	70	34,2	40	69	150
3:40:10	70	34,2	40	69	150
3:40:20	70	34,2	39	69	150
3:40:30	70	34,2	38	69	150
3:40:40	70	34,2	38	69	150
3:40:50	70	34,2	37	69	150
3:41:00	70	34,2	37	70	150
3:41:10	70	34,2	37	69	150
3:41:20	70	34,2	36	70	150
3:41:30	70	34,2	39	70	150
3:41:40	70	34,2	37	69	150
3:41:50	70	34,2	38	69	150
3:42:00	70	34,2	39	69	150
3:42:10	70	34,2	39	69	150
3:42:20	70	34,1	39	69	150
3:42:30	70	34,1	36	69	150
3:42:40	70	34,1	39	69	150
3:42:50	70	34,1	39	69	150
3:43:00	70	34,1	40	69	150
3:43:10	70	34,1	40	69	150
3:43:20	70	34,1	41	69	150
3:43:30	70	34,1	39	69	150
3:43:40	70	34,1	39	69	150
3:43:50	70	34,1	40	69	150
3:44:00	70	34,1	40	69	150
3:44:10	70	34,1	40	69	150
3:44:20	70	34,1	38	69	150
3:44:30	70	34,1	41	69	150
3:44:40	70	34,1	40	70	150
3:44:50	70	34,1	40	70	150
3:45:00	70	34,1	41	70	150
3:45:10	70	34,1	40	70	150
3:45:20	70	34,1	41	70	150
3:45:30	70	34,1	41	69	150
3:45:40	70	34,1	42	69	150
3:45:50	70	34,1	41	70	150
3:46:00	70	34,1	41	69	150
3:46:10	70	34,1	42	70	150
3:46:20	70	34,1	44	69	150
3:46:30	70	34,1	42	69	150
3:46:40	70	34,1	42	69	150
3:46:50	70	34,0	42	69	150
3:47:00	70	34,0	43	69	150
3:47:10	70	34,0	38	69	150
3:47:20	70	34,0	43	69	150
3:47:30	70	34,0	42	69	150
3:47:40	70	34,0	39	69	150
3:47:50	70	34,3	43	69	150
3:48:00	70	34,3	39	69	150
3:48:10	70	34,3	41	69	150
3:48:20	70	34,3	40	69	150
3:48:30	70	34,3	43	69	150
3:48:40	70	34,3	41	69	150
3:48:50	70	34,3	42	69	150
3:49:00	70	34,3	42	69	150
3:49:10	70	34,3	43	69	150
3:49:20	70	34,3	42	69	150
3:49:30	70	34,3	43	69	150
3:49:40	70	34,3	43	69	150
3:49:50	70	34,3	44	70	150
3:50:00	70	34,3	44	69	150
3:50:10	70	34,3	44	69	150
3:50:20	70	34,3	43	69	150
3:50:30	70	34,3	45	69	150
3:50:40	70	34,3	40	69	150
3:50:50	70	34,3	44	69	150
3:51:00	70	34,3	43	69	150
3:51:10	70	34,3	39	69	150
3:51:20	70	34,2	39	69	150
3:51:30	70	34,2	36	69	150
3:51:40	70	34,2	39	69	150
3:51:50	70	34,2	42	69	150
3:52:00	70	34,2	41	69	150
3:52:10	70	34,2	41	69	150
3:52:20	70	34,2	45	69	150
3:52:30	70	34,2	42	69	150
3:52:40	70	34,2	46	69	150
3:52:50	70	34,2	46	69	150
3:53:00	70	34,2	47	69	150
3:53:10	70	34,2	43	69	150
3:53:20	70	34,2	45	69	150
3:53:30	70	34,2	41	69	150
3:53:40	70	34,2	42	69	150
3:53:50	70	34,2	43	69	150
3:54:00	70	34,2	47	69	150
3:54:10	70	34,2	47	69	150
3:54:20	70	34,2	44	69	150
3:54:30	70	34,2	43	69	150
3:54:40	70	34,2	46	70	150
3:54:50	70	34,2	47	69	150
3:55:00	70	34,2	48	70	150
3:55:10	70	34,2	46	69	150
3:55:20	70	34,2	48	70	150
3:55:30	70	34,2	47	69	150
3:55:40	70	34,2	46	69	150
3:55:50	70	34,2	46	70	150
3:56:00	70	34,2	47	69	150
3:56:10	70	34,2	48	69	150
3:56:20	70	34,1	47	69	150
3:56:30	70	34,1	45	69	150
3:56:40	70	34,1	44	69	150
3:56:50	70	34,1	48	69	150
3:57:00	70	34,1	42	69	150
3:57:10	70	34,1	48	69	150
3:57:20	70	34,1	42	69	150
3:57:30	70	34,1	43	69	150
3:57:40	70	34,1	49	69	150
3:57:50	70	34,1	47	69	150
3:58:00	70	34,1	50	69	150
3:58:10	70	34,1	49	69	150
3:58:20	70	34,1	44	69	150
3:58:30	70	34,1	49	69	150
3:58:40	70	34,1	48	69	150
3:58:50	70	34,1	48	69	150
3:59:00	70	34,1	50	69	150
3:59:10	70	34,1	47	70	150
3:59:20	70	34,1	49	69	150
3:59:30	70	34,1	48	69	150
3:59:40	70	34,1	46	69	150
3:59:50	70	34,1	49	69	150
4:00:00	70	34,1	49	69	150
4:00:10	70	34,1	46	69	150
4:00:20	70	34,1	50	69	150
4:00:30	70	34,1	44	69	150
4:00:40	70	34,0	48	69	150
4:00:50	70	34,0	46	69	150
4:01:00	70	34,0	48	69	150
4:01:10	70	34,0	49	69	150
4:01:20	70	34,0	47	69	150
4:01:30	70	34,0	51	69	150
4:01:40	70	34,1	48	69	150
4:01:50	70	34,1	52	69	150
4:02:00	70	34,1	43	69	150
4:02:10	70	34,1	48	69	150
4:02:20	70	34,1	46	69	150
4:02:30	70	34,1	44	69	150
4:02:40	70	34,1	46	69	150
4:02:50	70	34,1	51	69	150
4:03:00	70	34,1	50	69	150
4:03:10	70	34,1	50	69	150
4:03:20	70	34,1	50	69	150
4:03:30	70	34,1	47	69	150
4:03:40	70	34,1	53	69	150
4:03:50	70	34,1	51	69	150
4:04:00	70	34,1	31	69	150
4:04:10	70	34,1	47	69	150
4:04:20	70	34,1	39	69	150
4:04:30	70	34,1	46	69	150
4:04:40	70	34,1	45	69	150
4:04:50	70	34,1	50	69	150
4:05:00	70	34,1	43	69	150
4:05:10	70	34,0	49	69	150
4:05:20	70	34,0	51	69	150
4:05:30	70	34,0	52	69	150
4:05:40	70	34,0	45	69	150
4:05:50	70	34,0	48	69	150
4:06:00	70	34,0	50	69	150
4:06:10	70	34,0	43	69	150
4:06:20	70	34,0	30	69	150
4:06:30	70	34,0	36	69	150
4:06:40	70	34,0	43	69	150
4:06:50	70	34,1	48	69	150
4:07:00	70	34,0	43	69	150
4:07:10	70	34,0	40	69	150
4:07:20	70	34,1	42	69	150
4:07:30	70	34,1	44	69	150
4:07:40	70	34,1	51	69	150
4:07:50	70	34,0	47	69	150
4:08:00	70	34,0	54	69	150
4:08:10	70	34,0	52	69	150
4:08:20	70	34,0	56	69	150
4:08:30	70	34,0	57	69	150
4:08:40	70	34,0	54	69	150
4:08:50	70	34,0	56	69	150
4:09:00	70	34,0	49	69	150
4:09:10	70	34,0	51	69	150
4:09:20	70	34,1	54	69	150
4:09:30	70	34,1	57	69	150
4:09:40	70	34,1	59	69	150
4:09:50	70	34,1	58	69	150
4:10:00	70	34,1	59	69	150
4:10:10	70	34,1	59	69	150
4:10:20	70	34,1	61	69	150
4:10:30	70	34,1	59	69	150
4:10:40	70	34,1	60	69	150
4:10:50	70	34,1	61	69	150
4:11:00	70	34,1	61	69	150
4:11:10	70	34,1	62	69	150
4:11:20	70	34,1	61	69	150
4:11:30	70	34,1	61	69	150
4:11:40	70	34,1	60	69	150
4:11:50	70	34,1	63	69	150
4:12:00	70	34,1	63	69	150
4:12:10	70	34,1	61	69	150
4:12:20	70	34,0	62	69	150
4:12:30	70	34,1	63	69	150
4:12:40	70	34,1	64	69	150
4:12:50	70	34,0	64	69	150
4:13:00	70	34,0	64	69	150
4:13:10	70	34,0	64	69	150
4:13:20	70	34,0	65	69	150
4:13:30	70	34,0	55	69	150
4:13:40	70	34,0	65	69	150
4:13:50	70	34,0	64	69	150
4:14:00	70	34,0	64	69	150
4:14:10	70	34,0	61	69	150
4:14:20	70	34,0	59	69	150
4:14:30	70	34,0	65	69	150
4:14:40	70	34,0	65	69	150
4:14:50	70	34,0	65	69	150
4:15:00	70	34,0	65	69	150
4:15:10	70	34,0	65	69	150
4:15:20	70	34,0	65	69	150
4:15:30	70	34,0	66	69	150
4:15:40	70	34,0	63	69	150
4:15:50	70	34,0	66	69	150
4:16:00	70	34,0	66	69	150
4:16:10	70	34,0	66	69	150
4:16:20	70	34,0	66	69	150
4:16:30	70	34,0	66	69	150
4:16:40	70	34,2	65	69	150
4:16:50	70	34,2	66	69	150
4:17:00	70	34,2	66	69	150
4:17:10	70	34,2	66	69	150
4:17:20	70	34,2	66	69	150
4:17:30	70	34,2	67	69	150
4:17:40	70	34,2	67	69	150
4:17:50	70	34,2	67	69	150
4:18:00	70	34,2	67	69	150
4:18:10	70	34,1	67	69	150
4:18:20	70	34,2	67	69	150
4:18:30	70	34,2	68	69	150
4:18:40	70	34,2	68	69	150
4:18:50	70	34,2	62	69	150
4:19:00	70	34,2	68	69	150
4:19:10	70	34,2	67	69	150
4:19:20	70	34,2	62	69	150
4:19:30	70	34,2	68	69	150
4:19:40	70	34,2	68	69	150
4:19:50	70	34,2	69	69	150
4:20:00	70	34,2	61	69	150
4:20:10	70	34,2	68	69	150
4:20:20	70	34,2	61	69	150
4:20:30	70	34,2	66	69	150
4:20:40	70	34,1	60	69	150
4:20:50	70	34,1	60	69	150
4:21:00	70	34,1	63	69	150
4:21:10	70	34,1	62	69	150
4:21:20	70	34,1	63	69	150
4:21:30	70	34,1	64	69	150
4:21:40	70	34,1	60	69	150
4:21:50	70	34,1	65	69	150
4:22:00	70	34,1	64	69	150
4:22:10	70	34,1	64	69	150
4:22:20	70	34,1	63	69	150
4:22:30	70	34,1	65	69	150
4:22:40	70	34,1	65	69	150
4:22:50	70	34,1	67	69	150
4:23:00	70	34,1	66	69	150
4:23:10	70	34,1	69	69	150
4:23:20	70	34,1	64	69	150
4:23:30	70	34,1	67	69	150
4:23:40	70	34,1	69	69	150
4:23:50	70	34,1	69	69	150
4:24:00	70	34,1	65	69	150
4:24:10	70	34,1	67	69	150
4:24:20	70	34,1	65	69	150
4:24:30	70	34,0	65	69	150
4:24:40	70	34,0	66	69	150
4:24:50	70	34,0	67	69	150
4:25:00	70	34,0	67	69	150
4:25:10	70	34,0	65	69	150
4:25:20	70	34,0	69	69	150
4:25:30	70	34,0	67	69	150
4:25:40	70	34,0	68	69	150
4:25:50	70	34,0	69	69	150
4:26:00	70	34,0	67	69	150
4:26:10	70	34,0	62	69	150
4:26:20	70	34,0	69	69	150
4:26:30	70	34,0	69	69	150
4:26:40	70	34,0	68	69	150
4:26:50	70	34,0	64	69	150
4:27:00	70	34,1	65	69	150
4:27:10	70	34,1	67	69	150
4:27:20	70	34,1	65	69	150
4:27:30	70	34,1	65	69	150
4:27:40	70	34,0	70	69	150
4:27:50	70	34,0	70	69	150
4:28:00	70	34,0	69	69	150
4:28:10	70	34,0	69	69	150
4:28:20	70	34,0	71	69	150
4:28:30	70	34,0	71	69	150
4:28:40	70	34,0	70	69	150
4:28:50	70	34,0	72	69	150
4:29:00	70	34,0	67	69	150
4:29:10	70	34,0	70	69	150
4:29:20	70	34,0	71	69	150
4:29:30	70	34,0	71	69	150
4:29:40	70	34,0	69	69	150
4:29:50	70	34,0	69	69	150
4:30:00	70	34,0	70	69	150
4:30:10	70	34,0	70	69	150
4:30:20	70	34,0	71	69	150
4:30:30	70	34,2	71	69	150
4:30:40	70	34,2	67	69	150
4:30:50	70	34,2	69	69	150
4:31:00	70	34,2	71	69	150
4:31:10	70	34,2	72	69	150
4:31:20	70	34,2	70	69	150
4:31:30	70	34,2	73	69	150
4:31:40	70	34,2	73	69	150
4:31:50	70	34,2	69	69	150
4:32:00	70	34,2	67	69	150
4:32:10	70	34,2	72	69	150
4:32:20	70	34,2	73	69	150
4:32:30	70	34,2	74	69	150
4:32:40	70	34,2	72	69	150
4:32:50	70	34,2	58	69	150
4:33:00	70	34,2	73	69	150
4:33:10	70	34,2	72	69	150
4:33:20	70	34,1	74	69	150
4:33:30	70	34,1	73	69	150
4:33:40	70	34,1	74	69	150
4:33:50	70	34,1	72	69	150
4:34:00	70	34,1	72	69	150
4:34:10	70	34,1	71	69	150
4:34:20	70	34,1	72	69	150
4:34:30	70	34,1	72	69	150
4:34:40	70	34,1	74	69	150
4:34:50	70	34,1	74	69	150
4:35:00	70	34,1	73	69	150
4:35:10	70	34,1	73	69	150
4:35:20	70	34,1	69	69	150
4:35:30	70	34,1	67	69	150
4:35:40	70	34,1	73	69	150
4:35:50	70	34,1	74	69	150
4:36:00	70	34,1	73	69	150
4:36:10	70	34,1	74	69	150
4:36:20	70	34,1	74	69	150
4:36:30	70	34,1	74	69	150
4:36:40	70	34,1	75	69	150
4:36:50	70	34,1	75	69	150
4:37:00	70	34,1	75	69	150
4:37:10	70	34,1	75	69	150
4:37:20	70	34,1	74	69	150
4:37:30	70	34,0	75	69	150
4:37:40	70	34,0	74	69	150
4:37:50	70	34,0	75	69	150
4:38:00	70	34,0	71	69	150
4:38:10	70	34,0	69	69	150
4:38:20	70	34,0	74	69	150
4:38:30	70	34,0	74	69	150
4:38:40	70	34,0	74	69	150
4:38:50	70	34,0	74	69	150
4:39:00	70	34,0	74	69	150
4:39:10	70	34,0	75	69	150
4:39:20	70	34,0	74	69	150
4:39:30	70	34,0	74	69	150
4:39:40	70	34,0	64	69	150
4:39:50	70	34,0	71	69	150
4:40:00	70	34,0	74	69	150
4:40:10	70	34,0	73	69	150
4:40:20	70	34,0	76	69	150
4:40:30	70	34,0	75	69	150
4:40:40	70	34,0	75	69	150
4:40:50	70	34,0	75	69	150
4:41:00	70	34,0	76	69	150
4:41:10	70	34,0	76	69	150
4:41:20	70	34,0	69	69	150
4:41:30	70	34,0	73	69	150
4:41:40	70	34,0	73	69	150
4:41:50	70	34,0	74	69	150
4:42:00	70	34,0	76	69	150
4:42:10	70	34,0	76	69	150
4:42:20	70	34,2	75	69	150
4:42:30	70	34,2	75	69	150
4:42:40	70	34,2	74	69	150
4:42:50	70	34,2	75	69	150
4:43:00	70	34,2	61	69	150
4:43:10	70	34,2	75	69	150
4:43:20	70	34,2	68	69	150
4:43:30	70	34,2	75	69	150
4:43:40	70	34,2	74	69	150
4:43:50	70	34,2	74	69	150
4:44:00	70	34,2	74	69	150
4:44:10	70	34,2	76	69	150
4:44:20	70	34,2	75	69	150
4:44:30	70	34,2	66	69	150
4:44:40	70	34,2	74	69	150
4:44:50	70	34,2	66	69	150
4:45:00	70	34,2	75	69	150
4:45:10	70	34,2	77	69	150
4:45:20	70	34,2	77	69	150
4:45:30	70	34,2	73	69	150
4:45:40	70	34,2	76	69	150
4:45:50	70	34,2	77	69	150
4:46:00	70	34,2	77	69	150
4:46:10	70	34,1	77	69	150
4:46:20	70	34,1	77	69	150
4:46:30	70	34,1	77	69	150
4:46:40	70	34,1	78	69	150
4:46:50	70	34,1	78	69	150
4:47:00	70	34,1	78	69	150
4:47:10	70	34,1	78	69	150
4:47:20	70	34,1	78	69	150
4:47:30	70	34,1	77	69	150
4:47:40	70	34,1	77	69	150
4:47:50	70	34,1	77	69	150
4:48:00	70	34,1	78	69	150
4:48:10	70	34,1	78	69	150
4:48:20	70	34,1	74	69	150
4:48:30	70	34,1	78	69	150
4:48:40	70	34,1	78	69	150
4:48:50	70	34,1	78	69	150
4:49:00	70	34,1	78	69	150
4:49:10	70	34,1	77	69	150
4:49:20	70	34,1	78	69	150
4:49:30	70	34,1	77	69	150
4:49:40	70	34,1	77	69	150
4:49:50	70	34,1	77	69	150
4:50:00	70	34,1	77	69	150
4:50:10	70	34,1	77	69	150
4:50:20	70	34,1	78	69	150
4:50:30	70	34,0	79	69	150
4:50:40	70	34,0	78	69	150
4:50:50	70	34,0	78	69	150
4:51:00	70	34,0	78	69	150
4:51:10	70	34,0	78	69	150
4:51:20	70	34,0	78	69	150
4:51:30	70	34,0	78	69	150
4:51:40	70	34,0	78	69	150
4:51:50	70	34,0	79	69	150
4:52:00	70	34,0	79	69	150
4:52:10	70	34,0	79	69	150
4:52:20	70	34,0	79	69	150
4:52:30	70	34,0	79	69	150
4:52:40	70	34,0	78	69	150
4:52:50	70	34,0	79	69	150
4:53:00	70	34,0	79	69	150
4:53:10	70	34,0	79	69	150
4:53:20	70	34,0	79	69	150
4:53:30	70	34,0	79	69	150
4:53:40	70	34,0	78	69	150
4:53:50	70	34,0	79	69	150
4:54:00	70	34,0	79	69	150
4:54:10	70	34,0	79	69	150
4:54:20	70	34,0	80	69	150
4:54:30	70	34,0	79	69	150
4:54:40	70	34,0	79	69	150
4:54:50	70	34,0	79	69	150
4:55:00	70	34,0	79	69	150
4:55:10	70	34,0	78	69	150
4:55:20	70	34,0	79	69	150
4:55:30	70	34,0	78	69	150
4:55:40	70	34,4	78	69	150
4:55:50	70	34,4	79	69	150
4:56:00	70	34,4	80	69	150
4:56:10	70	34,3	79	69	150
4:56:20	70	34,3	79	69	150
4:56:30	70	34,3	79	69	150
4:56:40	70	34,3	77	69	150
4:56:50	70	34,3	78	69	150
4:57:00	70	34,3	79	69	150
4:57:10	70	34,3	80	69	150
4:57:20	70	34,3	73	69	150
4:57:30	70	34,3	71	69	150
4:57:40	70	34,3	77	69	150
4:57:50	70	34,4	78	69	150
4:58:00	70	34,4	79	69	150
4:58:10	70	34,4	75	69	150
4:58:20	70	34,4	73	69	150
4:58:30	70	34,4	76	69	150
4:58:40	70	34,4	73	69	150
4:58:50	70	34,3	79	69	150
4:59:00	70	34,3	77	69	150
4:59:10	70	34,3	74	69	150
4:59:20	70	34,3	80	69	150
4:59:30	70	34,3	70	69	150
4:59:40	70	34,3	74	69	150
4:59:50	70	34,3	80	69	150
5:00:00	70	34,3	77	69	150
5:00:10	70	34,3	72	69	150
5:00:20	70	34,3	75	69	150
5:00:30	70	34,3	79	69	150
5:00:40	70	34,3	79	69	150
5:00:50	70	34,3	80	69	150
5:01:00	70	34,3	80	69	150
5:01:10	70	34,3	80	69	150
5:01:20	70	34,3	80	69	150
5:01:30	70	34,3	68	69	150
5:01:40	70	34,3	80	69	150
5:01:50	70	34,3	81	69	150
5:02:00	70	34,3	80	69	150
5:02:10	70	34,3	81	69	150
5:02:20	70	34,3	81	69	150
5:02:30	70	34,3	81	69	150
5:02:40	70	34,3	81	69	150
5:02:50	70	34,3	81	69	150
5:03:00	70	34,3	81	69	150
5:03:10	70	34,3	81	69	150
5:03:20	70	34,2	81	69	150
5:03:30	70	34,2	81	69	150
5:03:40	70	34,2	82	69	150
5:03:50	70	34,2	81	69	150
5:04:00	70	34,2	81	69	150
5:04:10	70	34,2	81	69	150
5:04:20	70	34,2	80	69	150
5:04:30	70	34,2	81	69	150
5:04:40	70	34,2	81	69	150
5:04:50	70	34,2	81	69	150
5:05:00	70	34,2	81	69	150
5:05:10	70	34,2	81	69	150
5:05:20	70	34,2	80	69	150
5:05:30	70	34,2	81	69	150
5:05:40	70	34,2	81	69	150
5:05:50	70	34,2	81	69	150
5:06:00	70	34,2	81	69	150
5:06:10	70	34,2	81	69	150
5:06:20	70	34,2	81	69	150
5:06:30	70	34,2	81	69	150
5:06:40	70	34,2	79	69	150
5:06:50	70	34,2	81	69	150
5:07:00	70	34,2	81	69	150
5:07:10	70	34,2	81	69	150
5:07:20	70	34,2	80	69	150
5:07:30	70	34,2	80	69	150
5:07:40	70	34,2	80	69	150
5:07:50	70	34,2	80	69	150
5:08:00	70	34,2	79	69	150
5:08:10	70	34,2	80	69	150
5:08:20	70	34,2	79	69	150
5:08:30	70	34,2	80	69	150
5:08:40	70	34,2	81	69	150
5:08:50	70	34,2	80	69	150
5:09:00	70	34,2	80	69	150
5:09:10	70	34,1	80	69	150
5:09:20	70	34,1	81	69	150
5:09:30	70	34,2	80	69	150
5:09:40	70	34,1	81	69	150
5:09:50	70	34,1	81	69	150
5:10:00	70	34,1	78	69	150
5:10:10	70	34,1	80	69	150
5:10:20	70	34,1	81	69	150
5:10:30	70	34,1	81	69	150
5:10:40	70	34,1	81	69	150
5:10:50	70	34,1	81	69	150
5:11:00	70	34,1	82	69	150
5:11:10	70	34,1	81	69	150
5:11:20	70	34,1	81	69	150
5:11:30	70	34,1	81	69	150
5:11:40	70	34,1	81	69	150
5:11:50	70	34,1	81	69	150
5:12:00	70	34,1	81	69	150
5:12:10	70	34,1	81	69	150
5:12:20	70	34,1	81	69	150
5:12:30	70	34,1	82	69	150
5:12:40	70	34,1	81	69	150
5:12:50	70	34,1	81	69	150
5:13:00	70	34,1	82	69	150
5:13:10	70	34,1	81	69	150
5:13:20	70	34,1	81	69	150
5:13:30	70	34,1	81	69	150
5:13:40	70	34,1	82	69	150
5:13:50	70	34,1	82	69	150
5:14:00	70	34,1	82	69	150
5:14:10	70	34,1	81	69	150
5:14:20	70	34,1	82	69	150
5:14:30	70	34,1	81	69	150
5:14:40	70	34,1	82	69	150
5:14:50	70	34,1	81	69	150
5:15:00	70	34,1	82	69	150
5:15:10	70	34,1	82	69	150
5:15:20	70	34,1	82	69	150
5:15:30	70	34,1	82	69	150
5:15:40	70	34,1	82	69	150
5:15:50	70	34,0	82	69	150
5:16:00	70	34,1	82	69	150
5:16:10	70	34,1	82	69	150
5:16:20	70	34,1	82	69	150
5:16:30	70	34,1	82	69	150
5:16:40	70	34,1	82	69	150
5:16:50	70	34,1	82	69	150
5:17:00	70	34,0	82	69	150
5:17:10	70	34,0	82	69	150
5:17:20	70	34,0	81	69	150
5:17:30	70	34,0	82	69	150
5:17:40	70	34,0	82	69	150
5:17:50	70	34,0	81	69	150
5:18:00	70	34,0	82	69	150
5:18:10	70	34,0	81	69	150
5:18:20	70	34,0	82	69	150
5:18:30	70	34,0	81	69	150
5:18:40	70	34,0	82	69	150
5:18:50	70	34,0	82	69	150
5:19:00	70	34,0	82	69	150
5:19:10	70	34,0	82	69	150
5:19:20	70	34,0	82	69	150
5:19:30	70	34,0	82	69	150
5:19:40	70	34,0	82	69	150
5:19:50	70	34,0	82	69	150
5:20:00	70	34,0	82	69	150
5:20:10	70	34,0	82	69	150
5:20:20	70	34,0	81	69	150
5:20:30	70	34,0	82	69	150
5:20:40	70	34,0	82	69	150
5:20:50	70	34,0	82	69	150
5:21:00	70	34,0	83	69	150
5:21:10	70	34,1	83	69	150
5:21:20	70	34,1	82	69	150
5:21:30	70	34,0	82	69	150
5:21:40	70	34,0	83	69	150
5:21:50	70	34,0	80	69	150
5:22:00	70	34,0	83	69	150
5:22:10	70	34,0	83	69	150
5:22:20	70	34,0	83	69	150
5:22:30	70	34,0	83	69	150
5:22:40	70	34,0	82	69	150
5:22:50	70	34,0	83	69	150
5:23:00	70	34,0	82	69	150
5:23:10	70	34,0	82	69	150
5:23:20	70	34,0	83	69	150
5:23:30	70	34,0	84	69	150
5:23:40	70	34,0	83	69	150
5:23:50	70	34,0	83	69	150
5:24:00	70	34,0	83	69	150
5:24:10	70	34,2	82	69	150
5:24:20	70	34,2	82	69	150
5:24:30	70	34,2	84	69	150
5:24:40	70	34,2	83	69	150
5:24:50	70	34,2	78	69	150
5:25:00	70	34,2	83	69	150
5:25:10	70	34,2	81	69	150
5:25:20	70	34,2	80	69	150
5:25:30	70	34,2	83	69	150
5:25:40	70	34,1	82	69	150
5:25:50	70	34,1	81	69	150
5:26:00	70	34,2	81	69	150
5:26:10	70	34,1	82	69	150
5:26:20	70	34,1	81	69	150
5:26:30	70	34,1	82	69	150
5:26:40	70	34,1	80	69	150
5:26:50	70	34,1	82	69	150
5:27:00	70	34,1	83	69	150
5:27:10	70	34,1	83	69	150
5:27:20	70	34,1	82	69	150
5:27:30	70	34,1	83	69	150
5:27:40	70	34,1	82	69	150
5:27:50	70	34,1	82	69	150
5:28:00	70	34,1	83	69	150
5:28:10	70	34,1	85	69	150
5:28:20	70	34,1	85	69	150
5:28:30	70	34,1	85	69	150
5:28:40	70	34,1	85	69	150
5:28:50	70	34,1	81	69	150
5:29:00	70	34,1	85	69	150
5:29:10	70	34,1	83	69	150
5:29:20	70	34,1	83	69	150
5:29:30	70	34,1	84	69	150
5:29:40	70	34,1	84	69	150
5:29:50	70	34,1	84	69	150
5:30:00	70	34,1	84	69	150
5:30:10	70	34,1	84	69	150
5:30:20	70	34,1	84	69	150
5:30:30	70	34,1	82	69	150
5:30:40	70	34,1	78	69	150
5:30:50	70	34,1	81	69	150
5:31:00	70	34,1	83	69	150
5:31:10	70	34,1	80	69	150
5:31:20	70	34,0	83	69	150
5:31:30	70	34,0	83	69	150
5:31:40	70	34,0	86	69	150
5:31:50	70	34,0	86	69	150
5:32:00	70	34,0	84	69	150
5:32:10	70	34,0	83	69	150
5:32:20	70	34,0	83	69	150
5:32:30	70	34,1	85	69	150
5:32:40	70	34,1	85	69	150
5:32:50	70	34,0	84	69	150
5:33:00	70	34,0	86	69	150
5:33:10	70	34,0	85	69	150
5:33:20	70	34,0	85	69	150
5:33:30	70	34,0	85	69	150
5:33:40	70	34,0	86	69	150
5:33:50	70	34,0	86	69	150
5:34:00	70	34,0	84	69	150
5:34:10	70	34,0	86	69	150
5:34:20	70	34,0	86	69	150
5:34:30	70	34,0	85	69	150
5:34:40	70	34,0	85	69	150
5:34:50	70	34,0	85	69	150
5:35:00	70	34,0	85	69	150
5:35:10	70	34,0	85	69	150
5:35:20	70	34,2	85	69	150
5:35:30	70	34,2	84	69	150
5:35:40	70	34,2	84	69	150
5:35:50	70	34,2	85	69	150
5:36:00	70	34,2	84	69	150
5:36:10	70	34,2	85	69	150
5:36:20	70	34,2	85	69	150
5:36:30	70	34,2	84	69	150
5:36:40	70	34,2	84	69	150
5:36:50	70	34,2	85	69	150
5:37:00	70	34,2	85	69	150
5:37:10	70	34,2	85	69	150
5:37:20	70	34,2	85	69	150
5:37:30	70	34,2	84	69	150
5:37:40	70	34,2	85	69	150
5:37:50	70	34,2	84	69	150
5:38:00	70	34,2	80	69	150
5:38:10	70	34,2	85	69	150
5:38:20	70	34,2	85	70	150
5:38:30	70	34,2	85	69	150
5:38:40	70	34,2	85	69	150
5:38:50	70	34,2	85	69	150
5:39:00	70	34,2	86	69	150
5:39:10	70	34,2	85	69	150
5:39:20	70	34,2	86	69	150
5:39:30	70	34,2	86	69	150
5:39:40	70	34,2	85	69	150
5:39:50	70	34,2	86	69	150
5:40:00	70	34,2	86	69	150
5:40:10	70	34,2	86	69	150
5:40:20	70	34,2	84	69	150
5:40:30	70	34,2	79	69	150
5:40:40	70	34,2	81	69	150
5:40:50	70	34,2	85	69	150
5:41:00	70	34,2	86	69	150
5:41:10	70	34,2	83	69	150
5:41:20	70	34,2	84	69	150
5:41:30	70	34,2	85	69	150
5:41:40	70	34,2	84	69	150
5:41:50	70	34,2	85	69	150
5:42:00	70	34,2	84	69	150
5:42:10	70	34,2	85	69	150
5:42:20	70	34,2	83	69	150
5:42:30	70	34,2	83	69	150
5:42:40	70	34,2	85	69	150
5:42:50	70	34,2	84	69	150
5:43:00	70	34,2	85	69	150
5:43:10	70	34,2	81	69	150
5:43:20	70	34,2	82	69	150
5:43:30	70	34,1	80	69	150
5:43:40	70	34,1	79	69	150
5:43:50	70	34,1	75	69	150
5:44:00	70	34,1	79	69	150
5:44:10	70	34,1	82	69	150
5:44:20	70	34,1	81	69	150
5:44:30	70	34,1	84	69	150
5:44:40	70	34,1	82	69	150
5:44:50	70	34,1	82	69	150
5:45:00	70	34,1	81	69	150
5:45:10	70	34,1	81	69	150
5:45:20	70	34,1	77	69	150
5:45:30	70	34,1	76	69	150
5:45:40	70	34,1	81	69	150
5:45:50	70	34,1	81	69	150
5:46:00	70	34,1	77	69	150
5:46:10	70	34,1	77	69	150
5:46:20	70	34,1	79	69	150
5:46:30	70	34,1	82	69	150
5:46:40	70	34,1	78	69	150
5:46:50	70	34,1	80	69	150
5:47:00	70	34,1	78	69	150
5:47:10	70	34,1	80	69	150
5:47:20	70	34,1	81	69	150
5:47:30	70	34,1	78	69	150
5:47:40	70	34,1	79	69	150
5:47:50	70	34,1	79	69	150
5:48:00	70	34,1	80	69	150
5:48:10	70	34,1	75	69	150
5:48:20	70	34,1	81	69	150
5:48:30	70	34,1	83	69	150
5:48:40	70	34,1	85	69	150
5:48:50	70	34,1	81	69	150
5:49:00	70	34,1	81	69	150
5:49:10	70	34,1	84	69	150
5:49:20	70	34,1	85	69	150
5:49:30	70	34,1	82	69	150
5:49:40	70	34,0	84	69	150
5:49:50	70	34,0	85	69	150
5:50:00	70	34,0	86	69	150
5:50:10	70	34,0	83	69	150
5:50:20	70	34,0	87	69	150
5:50:30	70	34,0	83	69	150
5:50:40	70	34,0	82	69	150
5:50:50	70	34,0	82	69	150
5:51:00	70	34,0	83	69	150
5:51:10	70	34,0	81	69	150
5:51:20	70	34,0	80	69	150
5:51:30	70	34,0	78	69	150
5:51:40	70	34,0	83	69	150
5:51:50	70	34,0	78	69	150
5:52:00	70	34,0	81	69	150
5:52:10	70	34,0	78	69	150
5:52:20	70	34,0	81	69	150
5:52:30	70	34,0	82	69	150
5:52:40	70	34,0	82	69	150
5:52:50	70	34,0	80	69	150
5:53:00	70	34,0	79	69	150
5:53:10	70	34,0	83	69	150
5:53:20	70	34,0	75	69	150
5:53:30	70	34,0	81	69	150
5:53:40	70	34,0	84	69	150
5:53:50	70	34,0	80	69	150
5:54:00	70	34,0	81	69	150
5:54:10	70	34,0	84	69	150
5:54:20	70	34,0	83	69	150
5:54:30	70	34,3	81	69	150
5:54:40	70	34,3	84	69	150
5:54:50	70	34,3	83	69	150
5:55:00	70	34,3	77	69	150
5:55:10	70	34,3	85	69	150
5:55:20	70	34,3	83	69	150
5:55:30	70	34,3	82	69	150
5:55:40	70	34,3	81	69	150
5:55:50	70	34,3	86	69	150
5:56:00	70	34,3	83	69	150
5:56:10	70	34,3	82	69	150
5:56:20	70	34,3	83	69	150
5:56:30	70	34,3	84	69	150
5:56:40	70	34,3	83	69	150
5:56:50	70	34,3	77	69	150
5:57:00	70	34,3	79	69	150
5:57:10	70	34,3	78	69	150
5:57:20	70	34,3	78	69	150
5:57:30	70	34,3	78	69	150
5:57:40	70	34,3	78	69	150
5:57:50	70	34,3	72	69	150
5:58:00	70	34,3	79	69	150
5:58:10	70	34,3	74	69	150
5:58:20	70	34,3	75	69	150
5:58:30	70	34,3	76	69	150
5:58:40	70	34,3	77	69	150
5:58:50	70	34,3	79	69	150
5:59:00	70	34,3	77	69	150
5:59:10	70	34,3	78	69	150
5:59:20	70	34,2	76	69	150
5:59:30	70	34,3	72	69	150
5:59:40	70	34,3	74	69	150
5:59:50	70	34,3	73	69	150
6:00:00	70	34,3	76	69	150
6:00:10	70	34,2	76	69	150
6:00:20	70	34,3	75	69	150
6:00:30	70	34,2	77	69	150
6:00:40	70	34,2	80	69	150
6:00:50	70	34,2	80	69	150
6:01:00	70	34,2	82	69	150
6:01:10	70	34,2	85	69	150
6:01:20	70	34,2	80	69	150
6:01:30	70	34,2	83	69	150
6:01:40	70	34,2	78	69	150
6:01:50	70	34,2	82	69	150
6:02:00	70	34,2	79	69	150
6:02:10	70	34,2	84	69	150
6:02:20	70	34,2	84	69	150
6:02:30	70	34,2	80	69	150
6:02:40	70	34,2	74	69	150
6:02:50	70	34,2	83	69	150
6:03:00	70	34,2	82	69	150
6:03:10	70	34,2	76	69	150
6:03:20	70	34,2	85	69	150
6:03:30	70	34,2	70	69	150
6:03:40	70	34,2	80	69	150
6:03:50	70	34,2	51	69	0
6:04:00	70	34,2	47	69	0
6:04:10	70	34,2	12	69	0
6:04:20	70	34,2	36	69	0
6:04:30	70	34,1	38	69	0
6:04:40	70	34,1	39	69	0
6:04:50	70	34,1	38	69	0
6:05:00	70	34,1	28	70	0
6:05:10	70	34,1	27	69	0
6:05:20	70	34,1	35	70	0
6:05:30	70	34,1	32	69	0
6:05:40	70	34,0	52	70	0
6:05:50	70	34,0	54	70	0
6:06:00	70	34,0	51	70	0
6:06:10	70	34,0	52	70	0
6:06:20	70	34,0	54	70	0
6:06:30	70	34,0	50	70	0
6:06:40	70	34,0	40	70	0
6:06:50	70	34,0	40	70	0
6:07:00	70	34,0	54	70	0
6:07:10	70	34,1	54	70	0
6:07:20	70	34,1	54	70	0
6:07:30	70	34,0	54	70	0
6:07:40	70	34,0	54	70	0
6:07:50	70	34,0	54	70	0
6:08:00	70	34,0	54	70	0
6:08:10	70	34,3	48	70	0
6:08:20	70	34,2	40	70	0
6:08:30	70	34,2	38	70	0
6:08:40	70	34,2	40	70	0
6:08:50	70	34,1	44	70	0
6:09:00	70	34,1	54	70	0
6:09:10	70	34,1	54	70	0
6:09:20	70	34,0	54	70	0
6:09:30	70	34,0	54	70	0
6:09:40	70	34,0	54	70	0
6:09:50	70	34,2	52	69	0
6:10:00	70	34,2	54	69	0
6:10:10	70	34,2	95	69	150
6:10:20	70	34,2	97	68	150
6:10:30	70	34,2	97	68	150
