--Test Summary--
Full Path and File Name	
Instrument Name	7322
Instrument Type	Model 7322 Consistometer - Variable Speed
Instrument Serial Number	
Test Start Date	22.08.2014
Test Start Time	9:14:20
Test Stop Date	22.08.2014
Test Stop Time	12:30:40
Test Length	3:16:20
Final Sample Time Offset	3:16:10
Controller Schedule Name	
Sampling Period	10 seconds
Comments	T: 75C (20min), 95C (40min); P; 50MPa (50min); tap water.
Information	WellID	Research
Information	Customer	Trican
Information	EngName	Aleksanyan Mikhail
Information	CementClass	70%G+30%SF-2 (bwob)
Information	CementMfr	Dyckerhoff - Suhoy Log
Information	Additives	1.2%CFL-5+0.7%LTR+1%CFR-10 (bwob)
Information	Density	1500
Information	BHCT	95
Information	BHST	
Information	FluidLoss	
Information	JobType	
Calculated Value	Time_30Bc	1:46:10
Calculated Value	Time_70Bc	N/A
Initial Temperature (°C)	27 °C
Final Temperature (°C)	28 °C
Initial Pressure (MPa)	0,4 MPa
Final Pressure (MPa)	-0,3 MPa
Initial Consistency (Bc)	7 Bc
Final Consistency (Bc)	-0 Bc
Initial Wall Temperature (°C)	28 °C
Final Wall Temperature (°C)	72 °C
Initial Motor Speed (RPM)	150 RPM
Final Motor Speed (RPM)	0 RPM
--Data--
Time (HH:MM:SS)	Temperature (°C)	Pressure (MPa)	Consistency (Bc)	Wall Temperature (°C)	Motor Speed (RPM)
0:00:00	27	0,4	7	28	150
0:00:10	27	0,5	7	28	150
0:00:20	27	0,6	7	28	150
0:00:30	27	0,8	7	29	150
0:00:40	27	1,1	7	29	150
0:00:50	27	1,3	7	30	150
0:01:00	27	1,4	7	31	150
0:01:10	27	1,7	7	31	150
0:01:20	27	1,9	7	32	150
0:01:30	27	2,2	7	33	150
0:01:40	27	2,6	6	35	150
0:01:50	27	3,0	6	36	150
0:02:00	27	3,3	6	37	150
0:02:10	28	3,5	6	38	150
0:02:20	28	3,6	6	40	150
0:02:30	28	3,8	6	41	150
0:02:40	28	4,0	6	42	150
0:02:50	28	4,1	6	43	150
0:03:00	29	4,4	6	44	150
0:03:10	29	4,5	6	45	150
0:03:20	29	4,6	6	46	150
0:03:30	30	4,8	6	47	150
0:03:40	30	4,9	6	48	150
0:03:50	30	5,1	6	48	150
0:04:00	31	5,3	6	48	150
0:04:10	31	5,5	6	49	150
0:04:20	31	5,6	6	50	150
0:04:30	32	5,8	6	51	150
0:04:40	32	5,9	6	51	150
0:04:50	33	6,1	6	51	150
0:05:00	33	6,2	6	51	150
0:05:10	34	6,4	6	52	150
0:05:20	34	6,6	6	53	150
0:05:30	35	6,8	6	53	150
0:05:40	35	7,0	6	53	150
0:05:50	36	7,1	6	53	150
0:06:00	36	7,2	6	53	150
0:06:10	36	7,4	6	54	150
0:06:20	37	7,6	6	55	150
0:06:30	37	7,7	6	55	150
0:06:40	38	7,9	6	55	150
0:06:50	38	8,1	6	55	150
0:07:00	39	8,2	6	56	150
0:07:10	39	8,3	6	56	150
0:07:20	40	8,6	6	57	150
0:07:30	40	8,7	6	57	150
0:07:40	41	8,8	6	58	150
0:07:50	41	9,1	6	58	150
0:08:00	41	9,2	6	59	150
0:08:10	42	9,3	6	59	150
0:08:20	42	9,6	6	59	150
0:08:30	43	9,8	6	60	150
0:08:40	43	9,8	6	61	150
0:08:50	44	10,0	6	61	150
0:09:00	44	10,2	6	61	150
0:09:10	44	10,4	6	62	150
0:09:20	45	10,4	6	62	150
0:09:30	45	10,8	6	63	150
0:09:40	46	10,8	6	63	150
0:09:50	46	11,1	6	64	150
0:10:00	46	11,2	6	64	150
0:10:10	47	11,3	6	64	150
0:10:20	47	11,6	6	65	150
0:10:30	48	11,6	6	65	150
0:10:40	48	11,8	6	65	150
0:10:50	49	12,1	6	66	150
0:11:00	49	12,1	6	66	150
0:11:10	49	12,4	6	67	150
0:11:20	50	12,5	6	67	150
0:11:30	50	12,6	6	68	150
0:11:40	51	12,9	6	68	150
0:11:50	51	13,0	6	68	150
0:12:00	52	13,3	6	69	150
0:12:10	52	13,4	6	69	150
0:12:20	52	13,4	6	70	150
0:12:30	53	13,7	6	70	150
0:12:40	53	13,7	6	70	150
0:12:50	54	14,0	6	71	150
0:13:00	54	14,1	6	71	150
0:13:10	54	14,4	6	72	150
0:13:20	55	14,4	6	72	150
0:13:30	55	14,6	6	73	150
0:13:40	56	14,9	6	74	150
0:13:50	56	14,9	6	74	150
0:14:00	57	15,2	6	75	150
0:14:10	57	15,3	6	75	150
0:14:20	57	15,6	6	75	150
0:14:30	58	15,6	6	76	150
0:14:40	58	15,9	6	76	150
0:14:50	59	15,9	6	76	150
0:15:00	59	16,2	6	76	150
0:15:10	59	16,2	6	77	150
0:15:20	60	16,5	6	77	150
0:15:30	60	16,6	6	77	150
0:15:40	61	16,8	6	78	150
0:15:50	61	16,9	6	78	150
0:16:00	62	17,1	6	78	150
0:16:10	62	17,4	6	79	150
0:16:20	62	17,4	6	79	150
0:16:30	63	17,7	6	80	150
0:16:40	63	17,8	6	80	150
0:16:50	63	17,8	6	81	150
0:17:00	64	18,2	6	81	150
0:17:10	64	18,2	6	82	150
0:17:20	65	18,6	6	83	150
0:17:30	65	18,6	6	83	150
0:17:40	65	18,7	6	83	150
0:17:50	66	19,0	6	83	150
0:18:00	66	18,9	6	84	150
0:18:10	67	19,3	6	85	150
0:18:20	67	19,3	6	85	150
0:18:30	67	19,6	6	86	150
0:18:40	68	19,5	6	86	150
0:18:50	68	19,9	6	87	150
0:19:00	69	20,0	6	87	150
0:19:10	69	20,3	6	87	150
0:19:20	69	20,3	6	88	150
0:19:30	70	20,6	6	88	150
0:19:40	70	20,9	6	88	150
0:19:50	71	20,9	6	89	150
0:20:00	71	20,9	6	89	150
0:20:10	72	21,2	6	90	150
0:20:20	72	21,5	6	90	150
0:20:30	72	21,4	6	90	150
0:20:40	73	21,6	6	90	150
0:20:50	73	21,7	6	90	150
0:21:00	74	21,8	6	90	150
0:21:10	74	21,9	6	90	150
0:21:20	74	21,9	6	89	150
0:21:30	75	21,9	6	89	150
0:21:40	75	21,9	6	88	150
0:21:50	76	22,3	6	88	150
0:22:00	76	22,2	6	88	150
0:22:10	76	22,5	6	87	150
0:22:20	76	22,4	5	86	150
0:22:30	77	22,8	5	86	150
0:22:40	77	22,7	5	86	150
0:22:50	77	23,0	5	85	150
0:23:00	77	23,3	5	85	150
0:23:10	78	23,2	6	85	150
0:23:20	78	23,6	6	85	150
0:23:30	78	23,7	6	84	150
0:23:40	78	23,9	6	84	150
0:23:50	78	24,2	6	84	150
0:24:00	78	24,2	6	84	150
0:24:10	79	24,3	6	84	150
0:24:20	79	24,6	6	84	150
0:24:30	79	24,6	6	84	150
0:24:40	79	25,0	6	84	150
0:24:50	79	25,1	6	84	150
0:25:00	79	25,1	6	84	150
0:25:10	79	25,5	6	84	150
0:25:20	79	25,6	6	84	150
0:25:30	79	25,6	6	84	150
0:25:40	79	26,0	6	84	150
0:25:50	79	26,1	6	84	150
0:26:00	79	26,1	6	84	150
0:26:10	79	26,3	6	84	150
0:26:20	79	26,7	5	84	150
0:26:30	79	26,8	5	84	150
0:26:40	79	26,8	5	84	150
0:26:50	79	26,9	5	84	150
0:27:00	80	27,4	5	85	150
0:27:10	80	27,4	5	84	150
0:27:20	80	27,5	6	84	150
0:27:30	80	27,6	6	85	150
0:27:40	80	28,0	6	85	150
0:27:50	80	28,0	6	85	150
0:28:00	80	28,1	6	85	150
0:28:10	80	28,3	6	85	150
0:28:20	80	28,7	6	85	150
0:28:30	80	28,7	6	85	150
0:28:40	80	28,8	6	85	150
0:28:50	80	29,2	6	85	150
0:29:00	80	29,3	6	85	150
0:29:10	80	29,3	6	85	150
0:29:20	80	29,4	6	85	150
0:29:30	80	29,7	6	85	150
0:29:40	80	29,8	6	85	150
0:29:50	80	30,0	6	85	150
0:30:00	80	30,1	5	85	150
0:30:10	81	30,3	5	85	150
0:30:20	81	30,6	5	85	150
0:30:30	81	30,7	5	85	150
0:30:40	81	30,7	5	86	150
0:30:50	81	31,2	6	86	150
0:31:00	81	31,2	5	85	150
0:31:10	81	31,3	5	86	150
0:31:20	81	31,4	5	86	150
0:31:30	81	31,8	5	86	150
0:31:40	81	31,9	5	86	150
0:31:50	81	32,0	5	86	150
0:32:00	81	32,1	5	86	150
0:32:10	81	32,3	5	86	150
0:32:20	81	32,4	6	86	150
0:32:30	81	32,7	6	86	150
0:32:40	81	32,8	6	86	150
0:32:50	81	32,9	6	87	150
0:33:00	82	33,1	6	87	150
0:33:10	82	33,5	6	87	150
0:33:20	82	33,6	6	87	150
0:33:30	82	33,6	6	87	150
0:33:40	82	33,7	6	87	150
0:33:50	82	33,9	6	87	150
0:34:00	82	34,3	6	87	150
0:34:10	82	34,4	6	87	150
0:34:20	82	34,5	6	87	150
0:34:30	82	34,5	6	87	150
0:34:40	82	34,7	6	87	150
0:34:50	82	35,0	6	87	150
0:35:00	83	35,1	6	87	150
0:35:10	83	35,5	6	87	150
0:35:20	83	35,6	6	87	150
0:35:30	83	35,6	6	87	150
0:35:40	83	35,9	6	87	150
0:35:50	83	36,1	6	87	150
0:36:00	83	36,2	6	87	150
0:36:10	83	36,2	6	87	150
0:36:20	83	36,6	6	87	150
0:36:30	83	36,7	6	87	150
0:36:40	83	36,7	6	87	150
0:36:50	83	36,9	6	87	150
0:37:00	83	37,0	6	88	150
0:37:10	84	37,4	6	88	150
0:37:20	84	37,4	6	88	150
0:37:30	84	37,7	6	88	150
0:37:40	84	37,9	6	88	150
0:37:50	84	37,9	6	88	150
0:38:00	84	38,0	6	88	150
0:38:10	84	38,2	6	88	150
0:38:20	84	38,4	6	88	150
0:38:30	84	38,7	6	88	150
0:38:40	84	38,8	6	88	150
0:38:50	84	38,8	6	89	150
0:39:00	84	39,1	6	89	150
0:39:10	84	39,2	6	89	150
0:39:20	84	39,5	6	89	150
0:39:30	85	39,6	6	89	150
0:39:40	85	40,0	6	89	150
0:39:50	85	40,1	6	89	150
0:40:00	85	40,1	6	89	150
0:40:10	85	40,2	7	89	150
0:40:20	85	40,4	7	89	150
0:40:30	85	40,5	7	90	150
0:40:40	85	40,9	7	90	150
0:40:50	85	41,1	7	90	150
0:41:00	85	41,2	7	90	150
0:41:10	85	41,3	7	90	150
0:41:20	85	41,3	7	90	150
0:41:30	85	41,5	7	90	150
0:41:40	85	41,9	7	91	150
0:41:50	85	42,1	7	90	150
0:42:00	86	42,1	7	91	150
0:42:10	86	42,2	7	91	150
0:42:20	86	42,3	7	91	150
0:42:30	86	42,5	7	91	150
0:42:40	86	42,8	7	91	150
0:42:50	86	42,9	7	91	150
0:43:00	86	43,0	7	91	150
0:43:10	86	43,3	7	91	150
0:43:20	86	43,3	7	91	150
0:43:30	86	43,5	7	91	150
0:43:40	86	43,6	7	91	150
0:43:50	87	44,0	7	91	150
0:44:00	87	44,1	7	92	150
0:44:10	87	44,2	7	91	150
0:44:20	87	44,3	7	92	150
0:44:30	87	44,5	7	92	150
0:44:40	87	44,9	7	92	150
0:44:50	87	45,0	7	92	150
0:45:00	87	45,1	7	92	150
0:45:10	87	45,2	7	92	150
0:45:20	87	45,3	7	92	150
0:45:30	87	45,7	7	92	150
0:45:40	87	45,8	7	93	150
0:45:50	87	45,9	7	93	150
0:46:00	88	46,0	7	93	150
0:46:10	88	46,1	7	93	150
0:46:20	88	46,3	7	93	150
0:46:30	88	46,7	7	94	150
0:46:40	88	46,9	7	93	150
0:46:50	88	47,0	7	94	150
0:47:00	88	47,0	7	93	150
0:47:10	88	47,1	7	94	150
0:47:20	88	47,3	7	94	150
0:47:30	88	47,7	7	94	150
0:47:40	88	47,8	7	94	150
0:47:50	88	47,9	7	94	150
0:48:00	89	48,1	7	95	150
0:48:10	89	48,1	7	94	150
0:48:20	89	48,2	7	95	150
0:48:30	89	48,5	7	95	150
0:48:40	89	48,7	7	95	150
0:48:50	89	48,8	7	94	150
0:49:00	89	48,9	7	95	150
0:49:10	89	49,2	7	95	150
0:49:20	89	49,3	7	95	150
0:49:30	89	49,5	7	95	150
0:49:40	89	49,7	7	95	150
0:49:50	90	49,9	7	95	150
0:50:00	90	50,0	7	95	150
0:50:10	90	50,1	7	95	150
0:50:20	90	50,1	7	95	150
0:50:30	90	50,2	7	95	150
0:50:40	90	50,3	7	95	150
0:50:50	90	50,4	7	95	150
0:51:00	90	50,5	7	95	150
0:51:10	90	50,6	7	95	150
0:51:20	90	50,6	7	95	150
0:51:30	90	50,7	7	96	150
0:51:40	90	50,8	7	96	150
0:51:50	90	50,9	7	96	150
0:52:00	91	51,0	7	96	150
0:52:10	91	50,3	7	96	150
0:52:20	91	50,4	7	96	150
0:52:30	91	50,5	7	96	150
0:52:40	91	50,6	7	96	150
0:52:50	91	50,7	7	97	150
0:53:00	91	50,8	7	97	150
0:53:10	91	50,8	7	97	150
0:53:20	91	50,9	7	97	150
0:53:30	91	50,4	7	97	150
0:53:40	91	50,5	7	97	150
0:53:50	91	50,7	7	98	150
0:54:00	91	50,9	7	98	150
0:54:10	91	50,4	7	98	150
0:54:20	91	50,5	7	99	150
0:54:30	91	50,7	7	99	150
0:54:40	91	50,9	7	99	150
0:54:50	91	50,5	7	99	150
0:55:00	91	50,6	7	100	150
0:55:10	92	50,8	7	100	150
0:55:20	92	50,9	7	100	150
0:55:30	92	50,5	7	100	150
0:55:40	92	50,6	7	100	150
0:55:50	92	50,7	7	100	150
0:56:00	92	50,8	7	101	150
0:56:10	92	50,9	7	101	150
0:56:20	92	51,0	7	100	150
0:56:30	92	50,3	7	100	150
0:56:40	93	50,4	7	100	150
0:56:50	93	50,4	7	100	150
0:57:00	93	50,5	7	100	150
0:57:10	93	50,5	7	100	150
0:57:20	93	50,6	7	100	150
0:57:30	93	50,6	7	100	150
0:57:40	93	50,7	7	100	150
0:57:50	93	50,8	7	101	150
0:58:00	93	50,9	7	101	150
0:58:10	94	50,9	7	101	150
0:58:20	94	50,6	7	101	150
0:58:30	94	50,4	7	101	150
0:58:40	94	50,4	7	101	150
0:58:50	94	50,5	7	101	150
0:59:00	94	50,5	7	101	150
0:59:10	94	50,6	7	101	150
0:59:20	94	50,7	7	101	150
0:59:30	94	50,7	7	101	150
0:59:40	94	50,8	7	101	150
0:59:50	95	50,9	7	101	150
1:00:00	95	51,0	7	101	150
1:00:10	95	50,3	7	101	150
1:00:20	95	50,3	7	101	150
1:00:30	95	50,3	7	101	150
1:00:40	95	50,3	7	101	150
1:00:50	95	50,3	7	101	150
1:01:00	95	50,3	7	101	150
1:01:10	95	50,3	7	101	150
1:01:20	95	50,3	7	100	150
1:01:30	95	50,3	7	100	150
1:01:40	96	50,2	7	100	150
1:01:50	96	50,1	7	100	150
1:02:00	96	50,1	7	99	150
1:02:10	96	50,0	7	99	150
1:02:20	96	49,9	7	99	150
1:02:30	96	49,9	7	99	150
1:02:40	96	50,2	7	99	150
1:02:50	96	50,2	7	99	150
1:03:00	96	50,2	7	99	150
1:03:10	96	50,2	7	99	150
1:03:20	96	50,2	7	99	150
1:03:30	96	50,2	7	99	150
1:03:40	96	50,1	7	99	150
1:03:50	96	50,0	7	98	150
1:04:00	96	50,0	7	98	150
1:04:10	96	49,9	7	97	150
1:04:20	96	50,1	7	97	150
1:04:30	96	50,0	7	97	150
1:04:40	96	50,0	7	97	150
1:04:50	96	49,9	7	96	150
1:05:00	96	50,1	7	96	150
1:05:10	96	49,9	7	96	150
1:05:20	96	50,0	7	96	150
1:05:30	97	49,9	7	96	150
1:05:40	97	50,1	7	95	150
1:05:50	97	49,9	7	95	150
1:06:00	97	50,0	7	95	150
1:06:10	97	49,9	7	95	150
1:06:20	97	50,1	7	95	150
1:06:30	97	50,0	7	94	150
1:06:40	97	49,9	7	94	150
1:06:50	97	49,9	7	94	150
1:07:00	97	50,1	7	94	150
1:07:10	97	50,0	7	93	150
1:07:20	97	49,9	7	93	150
1:07:30	97	50,1	7	93	150
1:07:40	97	50,0	7	93	150
1:07:50	97	50,0	7	92	150
1:08:00	97	49,8	7	92	150
1:08:10	97	50,0	7	92	150
1:08:20	97	49,9	7	92	150
1:08:30	97	49,9	7	92	150
1:08:40	97	50,1	7	91	150
1:08:50	97	50,0	7	91	150
1:09:00	97	49,9	7	91	150
1:09:10	97	50,1	7	91	150
1:09:20	97	50,0	7	90	150
1:09:30	97	49,9	7	90	150
1:09:40	97	49,9	7	90	150
1:09:50	96	50,1	7	90	150
1:10:00	96	50,0	7	90	150
1:10:10	96	49,9	7	90	150
1:10:20	96	50,2	7	89	150
1:10:30	96	50,0	7	89	150
1:10:40	96	49,9	7	89	150
1:10:50	96	50,0	7	89	150
1:11:00	96	50,0	7	89	150
1:11:10	96	50,1	7	89	150
1:11:20	96	50,0	7	89	150
1:11:30	96	50,0	7	89	150
1:11:40	96	49,9	7	88	150
1:11:50	96	50,1	7	88	150
1:12:00	96	50,0	7	88	150
1:12:10	96	50,0	7	88	150
1:12:20	96	50,1	7	88	150
1:12:30	96	50,0	7	88	150
1:12:40	96	50,0	7	88	150
1:12:50	96	49,9	7	88	150
1:13:00	96	50,2	7	88	150
1:13:10	96	50,2	7	88	150
1:13:20	96	50,2	7	88	150
1:13:30	96	50,1	7	88	150
1:13:40	95	50,1	7	88	150
1:13:50	95	50,1	7	88	150
1:14:00	95	50,2	7	88	150
1:14:10	95	50,2	7	89	150
1:14:20	95	50,2	7	89	150
1:14:30	95	50,2	7	89	150
1:14:40	95	50,3	7	89	150
1:14:50	95	50,3	7	89	150
1:15:00	95	50,4	7	89	150
1:15:10	95	50,4	7	89	150
1:15:20	95	50,5	7	90	150
1:15:30	95	50,6	7	90	150
1:15:40	95	50,6	7	90	150
1:15:50	95	50,7	7	90	150
1:16:00	95	50,8	7	91	150
1:16:10	94	50,9	7	91	150
1:16:20	94	50,3	7	91	150
1:16:30	94	50,4	7	91	150
1:16:40	94	50,6	7	92	150
1:16:50	94	50,7	7	92	150
1:17:00	94	50,9	7	93	150
1:17:10	94	50,4	7	93	150
1:17:20	94	50,4	7	93	150
1:17:30	94	50,6	7	93	150
1:17:40	94	50,8	7	94	150
1:17:50	94	51,0	7	94	150
1:18:00	94	50,4	7	95	150
1:18:10	94	50,6	7	95	150
1:18:20	93	50,8	7	96	150
1:18:30	93	50,8	7	96	150
1:18:40	93	50,5	7	96	150
1:18:50	93	50,7	7	97	150
1:19:00	93	50,9	7	97	150
1:19:10	93	50,4	7	97	150
1:19:20	93	50,7	7	98	150
1:19:30	93	50,9	8	99	150
1:19:40	93	50,4	8	99	150
1:19:50	93	50,7	8	99	150
1:20:00	93	50,9	8	100	150
1:20:10	93	50,4	8	100	150
1:20:20	93	50,7	8	101	150
1:20:30	93	50,9	8	101	150
1:20:40	93	50,1	8	102	150
1:20:50	93	50,4	9	102	150
1:21:00	93	50,8	9	103	150
1:21:10	93	50,8	9	103	150
1:21:20	93	50,2	9	104	150
1:21:30	93	50,5	9	104	150
1:21:40	93	50,9	9	105	150
1:21:50	93	50,1	9	105	150
1:22:00	93	50,3	10	106	150
1:22:10	93	50,6	10	106	150
1:22:20	93	50,9	10	106	150
1:22:30	93	50,1	10	107	150
1:22:40	93	50,5	10	107	150
1:22:50	93	50,8	10	108	150
1:23:00	93	50,2	10	108	150
1:23:10	93	50,3	11	109	150
1:23:20	93	50,5	11	109	150
1:23:30	93	50,8	11	110	150
1:23:40	93	50,1	11	110	150
1:23:50	93	50,3	11	110	150
1:24:00	93	50,6	11	111	150
1:24:10	93	50,9	11	111	150
1:24:20	93	50,3	11	111	150
1:24:30	93	50,5	11	112	150
1:24:40	93	50,8	11	112	150
1:24:50	93	50,2	12	113	150
1:25:00	93	50,2	12	113	150
1:25:10	93	50,4	12	113	150
1:25:20	93	50,7	12	114	150
1:25:30	93	50,9	12	114	150
1:25:40	93	50,1	12	114	150
1:25:50	93	50,3	12	114	150
1:26:00	93	50,5	13	115	150
1:26:10	93	50,7	13	115	150
1:26:20	93	50,8	13	115	150
1:26:30	93	50,8	13	115	150
1:26:40	94	50,4	13	115	150
1:26:50	94	50,6	13	115	150
1:27:00	94	50,8	13	116	150
1:27:10	94	50,9	13	116	150
1:27:20	94	50,5	13	116	150
1:27:30	94	50,3	13	116	150
1:27:40	94	50,4	13	115	150
1:27:50	94	50,5	13	116	150
1:28:00	94	50,6	13	116	150
1:28:10	94	50,7	13	116	150
1:28:20	95	50,7	13	115	150
1:28:30	95	50,8	13	115	150
1:28:40	95	50,8	13	115	150
1:28:50	95	50,8	13	115	150
1:29:00	95	50,8	13	115	150
1:29:10	95	50,8	13	115	150
1:29:20	95	50,8	13	115	150
1:29:30	95	50,8	13	114	150
1:29:40	96	50,7	13	114	150
1:29:50	96	50,7	13	114	150
1:30:00	96	50,6	13	114	150
1:30:10	96	50,5	13	113	150
1:30:20	96	50,4	13	113	150
1:30:30	96	50,3	13	112	150
1:30:40	96	50,1	13	112	150
1:30:50	96	50,0	13	111	150
1:31:00	97	50,0	13	111	150
1:31:10	97	50,0	13	111	150
1:31:20	97	49,9	13	110	150
1:31:30	97	49,8	13	110	150
1:31:40	97	49,9	13	109	150
1:31:50	97	49,9	13	109	150
1:32:00	97	49,9	13	108	150
1:32:10	98	49,9	14	107	150
1:32:20	98	50,0	14	107	150
1:32:30	98	49,8	14	106	150
1:32:40	98	49,9	14	105	150
1:32:50	98	49,9	14	105	150
1:33:00	98	50,0	14	104	150
1:33:10	98	49,8	14	103	150
1:33:20	99	49,9	14	103	150
1:33:30	99	49,9	14	102	150
1:33:40	99	49,9	14	102	150
1:33:50	99	50,0	14	102	150
1:34:00	99	49,9	14	101	150
1:34:10	99	50,1	14	101	150
1:34:20	99	49,9	14	101	150
1:34:30	100	49,9	14	100	150
1:34:40	100	49,9	14	100	150
1:34:50	100	50,0	14	100	150
1:35:00	100	50,2	14	100	150
1:35:10	100	50,1	15	99	150
1:35:20	100	49,9	15	99	150
1:35:30	100	50,0	15	99	150
1:35:40	100	50,1	15	99	150
1:35:50	101	50,0	15	98	150
1:36:00	101	50,0	15	98	150
1:36:10	101	50,1	15	98	150
1:36:20	101	50,0	15	98	150
1:36:30	101	49,9	16	98	150
1:36:40	101	50,2	16	98	150
1:36:50	101	50,1	16	97	150
1:37:00	101	50,0	16	97	150
1:37:10	101	50,1	16	97	150
1:37:20	101	50,1	16	97	150
1:37:30	101	50,0	16	97	150
1:37:40	101	49,9	17	96	150
1:37:50	102	50,0	17	97	150
1:38:00	102	50,1	17	96	150
1:38:10	102	50,0	17	96	150
1:38:20	102	49,9	17	96	150
1:38:30	102	50,0	17	96	150
1:38:40	102	50,2	17	96	150
1:38:50	102	50,1	17	96	150
1:39:00	102	50,0	18	95	150
1:39:10	102	50,0	18	95	150
1:39:20	102	49,9	18	95	150
1:39:30	102	50,2	18	95	150
1:39:40	102	50,1	19	95	150
1:39:50	102	50,0	18	95	150
1:40:00	102	50,0	19	95	150
1:40:10	102	50,0	19	95	150
1:40:20	102	50,2	19	95	150
1:40:30	102	50,2	19	94	150
1:40:40	102	50,1	19	94	150
1:40:50	102	50,0	19	94	150
1:41:00	102	49,9	20	94	150
1:41:10	102	50,1	20	94	150
1:41:20	102	50,1	20	94	150
1:41:30	102	50,0	20	94	150
1:41:40	102	50,0	20	94	150
1:41:50	102	50,0	20	93	150
1:42:00	102	49,9	20	93	150
1:42:10	102	50,1	21	93	150
1:42:20	102	50,1	21	93	150
1:42:30	102	50,0	22	93	150
1:42:40	102	50,0	22	93	150
1:42:50	102	50,0	22	93	150
1:43:00	102	49,9	23	93	150
1:43:10	102	50,2	23	93	150
1:43:20	102	50,2	23	93	150
1:43:30	102	50,1	24	93	150
1:43:40	102	50,0	25	92	150
1:43:50	101	49,9	25	92	150
1:44:00	101	50,0	25	92	150
1:44:10	101	50,3	26	92	150
1:44:20	101	50,2	27	92	150
1:44:30	101	50,1	27	92	150
1:44:40	101	50,1	27	92	150
1:44:50	101	50,0	28	92	150
1:45:00	101	49,9	28	92	150
1:45:10	101	50,0	28	92	150
1:45:20	101	50,2	28	92	150
1:45:30	101	50,2	29	92	150
1:45:40	101	50,1	30	92	150
1:45:50	101	50,0	30	91	150
1:46:00	101	50,0	30	91	150
1:46:10	101	49,9	30	91	150
1:46:20	101	49,9	31	91	150
1:46:30	101	50,2	31	91	150
1:46:40	101	50,2	31	91	150
1:46:50	101	50,1	31	91	150
1:47:00	100	50,0	32	91	150
1:47:10	100	50,0	32	91	150
1:47:20	100	50,0	32	91	150
1:47:30	100	50,0	32	91	150
1:47:40	100	50,3	32	91	150
1:47:50	100	50,2	33	91	150
1:48:00	100	50,1	33	90	150
1:48:10	100	50,1	33	90	150
1:48:20	100	50,0	33	90	150
1:48:30	100	50,0	33	90	150
1:48:40	100	49,9	34	90	150
1:48:50	100	49,9	34	90	150
1:49:00	100	50,2	34	90	150
1:49:10	100	50,1	35	90	150
1:49:20	99	50,1	35	90	150
1:49:30	99	50,0	35	90	150
1:49:40	99	49,9	36	90	150
1:49:50	99	50,0	36	90	150
1:50:00	99	49,9	36	89	150
1:50:10	99	50,2	36	90	150
1:50:20	99	50,1	37	90	150
1:50:30	99	50,1	37	89	150
1:50:40	99	50,0	38	89	150
1:50:50	99	49,9	38	89	150
1:51:00	99	50,0	38	89	150
1:51:10	99	50,0	38	89	150
1:51:20	99	49,9	39	89	150
1:51:30	99	50,1	39	89	150
1:51:40	98	50,1	39	89	150
1:51:50	98	50,0	40	89	150
1:52:00	98	49,9	40	89	150
1:52:10	98	50,1	40	89	150
1:52:20	98	50,0	41	89	150
1:52:30	98	50,0	41	89	150
1:52:40	98	49,9	41	89	150
1:52:50	98	50,2	41	89	150
1:53:00	98	50,2	42	89	150
1:53:10	98	50,1	42	88	150
1:53:20	98	50,0	42	88	150
1:53:30	98	50,0	42	88	150
1:53:40	98	49,9	43	88	150
1:53:50	97	50,0	43	88	150
1:54:00	97	49,9	43	88	150
1:54:10	97	50,2	44	88	150
1:54:20	97	50,2	44	88	150
1:54:30	97	50,1	45	88	150
1:54:40	97	50,0	45	88	150
1:54:50	97	50,0	45	88	150
1:55:00	97	50,0	46	88	150
1:55:10	97	50,0	46	88	150
1:55:20	97	49,9	47	88	150
1:55:30	97	50,2	47	88	150
1:55:40	97	50,2	48	87	150
1:55:50	97	50,1	50	87	150
1:56:00	97	50,1	51	88	150
1:56:10	96	50,0	52	87	150
1:56:20	96	50,0	52	87	150
1:56:30	96	50,0	53	87	150
1:56:40	96	50,0	53	87	150
1:56:50	96	50,3	54	87	150
1:57:00	96	50,2	54	87	150
1:57:10	96	50,2	54	87	150
1:57:20	96	50,1	55	87	150
1:57:30	96	50,1	55	87	150
1:57:40	96	50,0	55	87	150
1:57:50	96	50,0	56	87	150
1:58:00	96	50,0	56	87	150
1:58:10	96	50,1	56	87	150
1:58:20	95	50,2	56	87	150
1:58:30	95	50,1	56	87	150
1:58:40	95	50,1	57	87	150
1:58:50	95	50,0	57	87	150
1:59:00	95	50,0	58	87	150
1:59:10	95	50,1	58	86	150
1:59:20	95	50,0	58	86	150
1:59:30	95	50,0	59	86	150
1:59:40	95	49,9	59	86	150
1:59:50	95	50,2	59	86	150
2:00:00	95	50,2	59	86	150
2:00:10	95	50,2	59	86	150
2:00:20	95	50,2	59	86	150
2:00:30	95	50,2	59	87	150
2:00:40	94	50,2	59	87	150
2:00:50	94	50,3	59	87	150
2:01:00	94	50,3	59	87	150
2:01:10	94	50,4	59	87	150
2:01:20	94	50,4	59	88	150
2:01:30	94	50,5	59	88	150
2:01:40	94	50,6	59	88	150
2:01:50	94	50,6	59	88	150
2:02:00	94	50,8	59	89	150
2:02:10	94	50,9	60	89	150
2:02:20	94	51,0	60	89	150
2:02:30	94	50,4	60	89	150
2:02:40	94	50,5	60	90	150
2:02:50	94	50,7	60	90	150
2:03:00	94	50,8	60	90	150
2:03:10	94	51,0	61	91	150
2:03:20	93	50,3	61	91	150
2:03:30	93	50,5	61	92	150
2:03:40	93	50,7	61	92	150
2:03:50	93	50,9	61	92	150
2:04:00	93	50,3	61	93	150
2:04:10	93	50,5	61	93	150
2:04:20	93	50,7	61	94	150
2:04:30	93	50,9	61	94	150
2:04:40	93	50,3	61	94	150
2:04:50	93	50,6	61	95	150
2:05:00	93	50,8	61	95	150
2:05:10	93	50,4	61	96	150
2:05:20	93	50,5	61	96	150
2:05:30	93	50,8	61	97	150
2:05:40	93	51,0	61	97	150
2:05:50	93	50,2	61	98	150
2:06:00	93	50,5	61	99	150
2:06:10	92	50,8	61	99	150
2:06:20	92	50,4	61	100	150
2:06:30	92	50,2	61	100	150
2:06:40	92	50,6	61	101	150
2:06:50	92	50,9	61	101	150
2:07:00	92	50,3	61	102	150
2:07:10	92	50,7	61	102	150
2:07:20	92	51,0	61	103	150
2:07:30	92	50,2	61	104	150
2:07:40	92	50,5	61	104	150
2:07:50	92	50,8	61	105	150
2:08:00	92	50,1	61	105	150
2:08:10	92	50,3	61	106	150
2:08:20	92	50,8	61	107	150
2:08:30	92	50,1	61	107	150
2:08:40	92	50,3	61	108	150
2:08:50	92	50,6	61	108	150
2:09:00	92	51,0	61	109	150
2:09:10	92	50,2	61	109	150
2:09:20	92	50,5	60	110	150
2:09:30	92	50,8	60	110	150
2:09:40	92	50,1	60	111	150
2:09:50	92	50,4	59	111	150
2:10:00	92	50,7	59	112	150
2:10:10	92	51,0	58	112	150
2:10:20	92	50,1	58	113	150
2:10:30	92	50,5	57	113	150
2:10:40	92	50,8	57	114	150
2:10:50	92	50,2	56	114	150
2:11:00	92	50,3	56	114	150
2:11:10	92	50,6	55	115	150
2:11:20	92	50,9	54	115	150
2:11:30	92	50,0	54	116	150
2:11:40	92	50,3	53	116	150
2:11:50	92	50,6	52	116	150
2:12:00	92	50,9	52	117	150
2:12:10	93	50,0	52	117	150
2:12:20	93	50,3	51	118	150
2:12:30	93	50,6	51	118	150
2:12:40	93	50,8	51	118	150
2:12:50	93	50,4	51	118	150
2:13:00	93	50,5	51	119	150
2:13:10	93	50,7	50	119	150
2:13:20	93	50,9	50	119	150
2:13:30	93	50,4	49	119	150
2:13:40	93	50,6	49	120	150
2:13:50	93	50,9	49	120	150
2:14:00	93	50,3	49	120	150
2:14:10	94	50,4	49	120	150
2:14:20	94	50,5	48	120	150
2:14:30	94	50,7	48	121	150
2:14:40	94	50,9	48	121	150
2:14:50	94	51,0	48	121	150
2:15:00	94	50,4	48	120	150
2:15:10	94	50,5	48	120	150
2:15:20	94	50,6	48	120	150
2:15:30	95	50,6	48	120	150
2:15:40	95	50,6	48	120	150
2:15:50	95	50,7	48	120	150
2:16:00	95	50,7	48	120	150
2:16:10	95	50,7	48	119	150
2:16:20	95	50,6	48	119	150
2:16:30	95	50,6	48	119	150
2:16:40	96	50,5	48	118	150
2:16:50	96	50,4	48	118	150
2:17:00	96	50,3	48	118	150
2:17:10	96	50,2	48	117	150
2:17:20	96	50,1	48	117	150
2:17:30	96	50,0	48	116	150
2:17:40	97	49,9	48	116	150
2:17:50	97	49,9	48	116	150
2:18:00	97	50,0	48	115	150
2:18:10	97	50,0	48	114	150
2:18:20	97	49,9	48	114	150
2:18:30	97	49,9	48	113	150
2:18:40	98	50,0	48	112	150
2:18:50	98	49,9	48	112	150
2:19:00	98	49,8	48	111	150
2:19:10	98	49,9	48	110	150
2:19:20	98	49,9	48	109	150
2:19:30	98	49,9	48	109	150
2:19:40	99	50,0	48	108	150
2:19:50	99	49,8	48	107	150
2:20:00	99	49,9	48	107	150
2:20:10	99	50,0	47	107	150
2:20:20	99	49,9	47	106	150
2:20:30	100	50,0	47	106	150
2:20:40	100	49,9	47	105	150
2:20:50	100	49,9	47	105	150
2:21:00	100	49,9	47	105	150
2:21:10	100	49,9	47	104	150
2:21:20	100	49,9	46	104	150
2:21:30	101	50,1	46	104	150
2:21:40	101	49,9	46	103	150
2:21:50	101	49,9	46	103	150
2:22:00	101	50,1	46	103	150
2:22:10	101	50,0	46	103	150
2:22:20	101	49,9	46	102	150
2:22:30	101	50,1	46	102	150
2:22:40	102	50,0	45	102	150
2:22:50	102	49,9	45	102	150
2:23:00	102	50,2	45	102	150
2:23:10	102	50,0	45	101	150
2:23:20	102	49,9	45	101	150
2:23:30	102	50,1	45	101	150
2:23:40	102	50,0	45	101	150
2:23:50	102	49,9	45	101	150
2:24:00	103	49,9	45	101	150
2:24:10	103	50,1	45	101	150
2:24:20	103	50,0	45	100	150
2:24:30	103	50,0	45	100	150
2:24:40	103	49,9	45	100	150
2:24:50	103	50,1	45	100	150
2:25:00	103	50,0	44	100	150
2:25:10	103	50,0	44	100	150
2:25:20	103	49,9	44	99	150
2:25:30	103	49,9	44	99	150
2:25:40	103	50,2	44	99	150
2:25:50	103	50,1	44	99	150
2:26:00	104	50,0	44	99	150
2:26:10	104	49,9	44	99	150
2:26:20	104	50,2	44	99	150
2:26:30	104	50,1	44	98	150
2:26:40	104	50,0	44	98	150
2:26:50	104	49,9	44	98	150
2:27:00	104	50,0	44	98	150
2:27:10	104	50,0	43	98	150
2:27:20	104	50,2	43	98	150
2:27:30	104	50,1	43	98	150
2:27:40	104	50,0	43	98	150
2:27:50	104	49,9	43	98	150
2:28:00	104	49,9	43	97	150
2:28:10	104	50,1	43	97	150
2:28:20	104	50,0	42	97	150
2:28:30	104	50,0	42	97	150
2:28:40	104	50,0	42	97	150
2:28:50	104	49,9	42	97	150
2:29:00	104	50,1	42	97	150
2:29:10	104	50,0	42	97	150
2:29:20	104	50,0	42	97	150
2:29:30	104	50,0	42	97	150
2:29:40	104	50,0	42	96	150
2:29:50	104	49,9	42	96	150
2:30:00	104	50,2	42	96	150
2:30:10	104	50,1	41	96	150
2:30:20	104	50,0	41	96	150
2:30:30	104	50,0	41	96	150
2:30:40	104	50,0	41	96	150
2:30:50	104	49,9	41	96	150
2:31:00	104	50,2	41	96	150
2:31:10	104	50,1	41	96	150
2:31:20	104	50,1	41	96	150
2:31:30	104	50,0	41	96	150
2:31:40	104	49,9	41	95	150
2:31:50	104	49,9	41	95	150
2:32:00	104	50,2	41	95	150
2:32:10	104	50,2	41	95	150
2:32:20	104	50,1	41	95	150
2:32:30	104	50,0	41	95	150
2:32:40	104	50,0	41	95	150
2:32:50	104	49,9	41	95	150
2:33:00	104	50,1	41	95	150
2:33:10	104	50,2	41	95	150
2:33:20	103	50,1	41	95	150
2:33:30	103	50,0	41	95	150
2:33:40	103	50,0	41	95	150
2:33:50	103	50,0	41	94	150
2:34:00	103	49,9	41	94	150
2:34:10	103	50,2	41	94	150
2:34:20	103	50,2	41	94	150
2:34:30	103	50,1	41	94	150
2:34:40	103	50,0	40	94	150
2:34:50	103	50,0	40	94	150
2:35:00	103	50,0	40	94	150
2:35:10	103	49,9	40	94	150
2:35:20	103	50,2	40	94	150
2:35:30	103	50,1	40	94	150
2:35:40	103	50,1	40	94	150
2:35:50	103	50,0	40	94	150
2:36:00	103	50,0	40	94	150
2:36:10	103	50,0	40	93	150
2:36:20	103	50,2	40	93	150
2:36:30	102	50,1	40	93	150
2:36:40	102	50,1	40	93	150
2:36:50	102	50,0	40	93	150
2:37:00	102	50,0	40	93	150
2:37:10	102	50,0	40	93	150
2:37:20	102	50,0	40	93	150
2:37:30	102	49,9	40	93	150
2:37:40	102	50,2	40	93	150
2:37:50	102	50,1	40	93	150
2:38:00	102	50,1	40	93	150
2:38:10	102	50,0	40	93	150
2:38:20	102	50,0	40	93	150
2:38:30	102	50,0	40	93	150
2:38:40	102	49,9	40	93	150
2:38:50	102	50,2	40	93	150
2:39:00	102	50,2	40	92	150
2:39:10	102	50,1	40	92	150
2:39:20	101	50,0	40	92	150
2:39:30	101	50,0	40	92	150
2:39:40	101	50,0	40	92	150
2:39:50	101	50,0	40	92	150
2:40:00	101	49,9	40	92	150
2:40:10	101	50,2	40	92	150
2:40:20	101	50,2	40	92	150
2:40:30	101	50,1	40	92	150
2:40:40	101	50,1	39	92	150
2:40:50	101	50,0	39	92	150
2:41:00	101	49,9	39	92	150
2:41:10	101	49,9	39	92	150
2:41:20	101	50,2	39	92	150
2:41:30	101	50,1	39	91	150
2:41:40	101	50,1	39	91	150
2:41:50	100	50,0	39	91	150
2:42:00	100	49,9	39	91	150
2:42:10	100	50,0	39	91	150
2:42:20	100	50,0	39	91	150
2:42:30	100	49,9	39	91	150
2:42:40	100	50,2	39	91	150
2:42:50	100	50,1	39	91	150
2:43:00	100	50,1	39	91	150
2:43:10	100	50,0	39	91	150
2:43:20	100	50,0	39	91	150
2:43:30	100	50,0	39	91	150
2:43:40	100	50,0	39	91	150
2:43:50	100	49,9	39	91	150
2:44:00	100	50,1	39	91	150
2:44:10	100	50,1	39	90	150
2:44:20	99	50,0	39	91	150
2:44:30	99	50,0	39	90	150
2:44:40	99	50,1	39	90	150
2:44:50	99	50,0	39	90	150
2:45:00	99	50,0	39	90	150
2:45:10	99	49,9	39	90	150
2:45:20	99	50,2	39	90	150
2:45:30	99	50,1	39	90	150
2:45:40	99	50,1	39	90	150
2:45:50	99	50,0	39	90	150
2:46:00	99	49,9	39	90	150
2:46:10	99	50,0	39	90	150
2:46:20	99	50,0	39	90	150
2:46:30	99	50,1	39	90	150
2:46:40	99	50,1	39	90	150
2:46:50	98	50,0	39	90	150
2:47:00	98	50,0	39	90	150
2:47:10	98	50,1	39	90	150
2:47:20	98	50,1	38	90	150
2:47:30	98	50,0	38	89	150
2:47:40	98	50,0	38	89	150
2:47:50	98	50,0	38	89	150
2:48:00	98	50,1	38	89	150
2:48:10	98	50,1	38	89	150
2:48:20	98	50,0	38	89	150
2:48:30	98	50,0	38	89	150
2:48:40	98	50,1	38	89	150
2:48:50	98	50,0	38	89	150
2:49:00	98	50,0	38	89	150
2:49:10	98	49,9	38	89	150
2:49:20	98	50,1	38	89	150
2:49:30	97	50,1	38	89	150
2:49:40	97	50,0	38	89	150
2:49:50	97	50,0	38	89	150
2:50:00	97	50,1	38	89	150
2:50:10	97	50,0	38	89	150
2:50:20	97	50,0	38	89	150
2:50:30	97	49,9	38	88	150
2:50:40	97	50,0	38	88	150
2:50:50	97	50,0	38	88	150
2:51:00	97	49,9	38	88	150
2:51:10	97	50,2	38	88	150
2:51:20	97	50,1	38	88	150
2:51:30	97	50,1	38	88	150
2:51:40	97	50,0	38	88	150
2:51:50	97	50,0	38	88	150
2:52:00	96	49,9	38	88	150
2:52:10	96	50,2	38	88	150
2:52:20	96	50,2	38	88	150
2:52:30	96	50,1	38	88	150
2:52:40	96	50,1	38	88	150
2:52:50	96	50,0	38	88	150
2:53:00	96	50,0	38	88	150
2:53:10	96	49,9	38	88	150
2:53:20	96	49,9	38	88	150
2:53:30	96	49,8	38	88	150
2:53:40	96	49,8	38	88	150
2:53:50	96	49,7	38	87	150
2:54:00	96	49,7	38	88	150
2:54:10	96	49,6	38	87	150
2:54:20	95	39,1	38	86	150
2:54:30	94	0,8	36	83	150
2:54:40	94	1,1	34	84	150
2:54:50	94	0,3	34	84	150
2:55:00	93	0,3	23	84	0
2:55:10	93	0,3	23	81	0
2:55:20	93	0,3	23	83	0
2:55:30	93	0,1	23	82	0
2:55:40	93	0,1	23	83	0
2:55:50	93	0,2	23	83	0
2:56:00	93	0,2	23	83	0
2:56:10	93	0,1	23	83	0
2:56:20	93	-0,0	23	83	0
2:56:30	93	-0,2	23	83	0
2:56:40	93	-0,2	23	83	0
2:56:50	92	-0,2	23	84	0
2:57:00	92	-0,2	23	84	0
2:57:10	92	-0,3	23	84	0
2:57:20	89	-0,3	23	84	0
2:57:30	79	-0,3	23	84	0
2:57:40	72	-0,3	23	85	0
2:57:50	66	-0,3	23	85	0
2:58:00	62	-0,3	23	85	0
2:58:10	59	-0,3	23	85	0
2:58:20	55	-0,3	23	85	0
2:58:30	52	-0,3	23	85	0
2:58:40	50	-0,3	24	85	0
2:58:50	47	-0,3	24	85	0
2:59:00	45	-0,3	24	85	0
2:59:10	44	-0,3	24	85	0
2:59:20	42	-0,3	24	85	0
2:59:30	40	-0,3	24	85	0
2:59:40	39	-0,3	24	86	0
2:59:50	37	-0,3	24	86	0
3:00:00	36	-0,3	12	85	0
3:00:10	36	-0,3	0	86	0
3:00:20	35	-0,3	-0	85	0
3:00:30	34	-0,3	0	86	0
3:00:40	33	-0,3	-0	86	0
3:00:50	33	-0,3	0	85	0
3:01:00	32	-0,3	-0	84	0
3:01:10	32	-0,3	-0	83	0
3:01:20	31	-0,3	0	82	0
3:01:30	31	-0,3	0	81	0
3:01:40	31	-0,3	-0	80	0
3:01:50	30	-0,3	-0	80	0
3:02:00	30	-0,3	0	79	0
3:02:10	30	-0,3	-0	79	0
3:02:20	30	-0,3	-0	78	0
3:02:30	29	-0,3	-0	78	0
3:02:40	29	-0,3	0	77	0
3:02:50	29	-0,3	-0	77	0
3:03:00	29	-0,3	-0	77	0
3:03:10	29	-0,3	0	76	0
3:03:20	29	-0,3	-0	76	0
3:03:30	29	-0,3	-0	76	0
3:03:40	29	-0,3	0	76	0
3:03:50	29	-0,3	0	76	0
3:04:00	29	-0,3	-0	75	0
3:04:10	29	-0,3	-0	75	0
3:04:20	29	-0,3	-0	75	0
3:04:30	29	-0,3	-0	75	0
3:04:40	28	-0,3	-0	75	0
3:04:50	28	-0,3	0	76	0
3:05:00	28	-0,3	-0	76	0
3:05:10	28	-0,3	-0	75	0
3:05:20	28	-0,3	0	75	0
3:05:30	28	-0,3	-0	75	0
3:05:40	28	-0,3	-0	75	0
3:05:50	28	-0,3	0	75	0
3:06:00	28	-0,3	-0	75	0
3:06:10	28	-0,3	-0	75	0
3:06:20	28	-0,3	-0	75	0
3:06:30	28	-0,3	0	75	0
3:06:40	28	-0,3	-0	75	0
3:06:50	28	-0,3	-0	75	0
3:07:00	28	-0,3	-0	75	0
3:07:10	28	-0,3	-0	74	0
3:07:20	28	-0,3	-0	74	0
3:07:30	28	-0,3	-0	74	0
3:07:40	28	-0,3	-0	74	0
3:07:50	28	-0,3	-0	74	0
3:08:00	28	-0,3	-0	73	0
3:08:10	28	-0,3	-0	74	0
3:08:20	28	-0,3	-0	74	0
3:08:30	28	-0,3	-0	74	0
3:08:40	28	-0,3	-0	74	0
3:08:50	28	-0,3	-0	74	0
3:09:00	28	-0,3	-0	74	0
3:09:10	28	-0,3	-0	74	0
3:09:20	28	-0,3	-0	74	0
3:09:30	28	-0,3	-0	74	0
3:09:40	28	-0,3	-0	74	0
3:09:50	28	-0,3	-0	74	0
3:10:00	28	-0,3	-0	74	0
3:10:10	28	-0,3	-0	74	0
3:10:20	28	-0,3	-0	74	0
3:10:30	28	-0,3	-0	73	0
3:10:40	28	-0,3	-0	74	0
3:10:50	28	-0,3	-0	74	0
3:11:00	28	-0,3	-0	74	0
3:11:10	28	-0,3	-0	74	0
3:11:20	28	-0,3	-0	74	0
3:11:30	28	-0,3	-0	74	0
3:11:40	28	-0,3	-0	73	0
3:11:50	28	-0,3	0	73	0
3:12:00	28	-0,3	-0	73	0
3:12:10	28	-0,3	-0	73	0
3:12:20	28	-0,3	-0	73	0
3:12:30	28	-0,3	-0	73	0
3:12:40	28	-0,3	-0	73	0
3:12:50	28	-0,3	-0	73	0
3:13:00	28	-0,3	0	73	0
3:13:10	28	-0,3	-0	73	0
3:13:20	28	-0,3	-0	73	0
3:13:30	28	-0,3	-0	73	0
3:13:40	28	-0,3	-0	73	0
3:13:50	28	-0,3	-0	73	0
3:14:00	28	-0,3	-0	72	0
3:14:10	28	-0,3	0	72	0
3:14:20	28	-0,3	0	73	0
3:14:30	28	-0,3	-0	73	0
3:14:40	28	-0,3	-0	73	0
3:14:50	28	-0,3	0	73	0
3:15:00	28	-0,3	-0	73	0
3:15:10	28	-0,3	-0	73	0
3:15:20	28	-0,3	-0	72	0
3:15:30	28	-0,3	-0	72	0
3:15:40	28	-0,3	-0	72	0
3:15:50	28	-0,3	-0	72	0
3:16:00	28	-0,3	-0	72	0
3:16:10	28	-0,3	-0	72	0
