--Test Summary--
Full Path and File Name	
Instrument Name	7322
Instrument Type	Model 7322 Consistometer - Variable Speed
Instrument Serial Number	
Test Start Date	19.08.2014
Test Start Time	8:30:58
Test Stop Date	19.08.2014
Test Stop Time	11:45:18
Test Length	3:14:20
Final Sample Time Offset	3:14:20
Controller Schedule Name	
Sampling Period	10 seconds
Comments	T: 75C (20min), 95C (40min); P: 50MPa (50min); tap water.
Information	WellID	Research
Information	Customer	Trican
Information	EngName	Aleksanyan Mikhail
Information	CementClass	70%G+30%SF-2 (bwob)
Information	CementMfr	Dyckerhoff - Suhoy Log
Information	Additives	1%CFL-5+0.2%TC-101+0.5%LTR (bwob)
Information	Density	1500
Information	BHCT	95
Information	BHST	
Information	FluidLoss	
Information	JobType	
Calculated Value	Time_30Bc	1:37:40
Calculated Value	Time_70Bc	3:14:20
Initial Temperature (°C)	27 °C
Final Temperature (°C)	118 °C
Initial Pressure (MPa)	0,3 MPa
Final Pressure (MPa)	50,0 MPa
Initial Consistency (Bc)	9 Bc
Final Consistency (Bc)	70 Bc
Initial Wall Temperature (°C)	27 °C
Final Wall Temperature (°C)	105 °C
Initial Motor Speed (RPM)	150 RPM
Final Motor Speed (RPM)	150 RPM
--Data--
Time (HH:MM:SS)	Temperature (°C)	Pressure (MPa)	Consistency (Bc)	Wall Temperature (°C)	Motor Speed (RPM)
0:00:00	27	0,3	9	27	150
0:00:10	27	0,5	9	27	150
0:00:20	27	0,7	9	27	150
0:00:30	27	0,9	9	28	150
0:00:40	27	1,0	9	29	150
0:00:50	27	1,2	9	29	150
0:01:00	27	1,4	9	30	150
0:01:10	27	1,7	9	31	150
0:01:20	27	2,1	8	33	150
0:01:30	27	2,5	8	34	150
0:01:40	27	3,0	8	35	150
0:01:50	28	3,2	8	36	150
0:02:00	28	3,3	8	38	150
0:02:10	28	3,5	8	39	150
0:02:20	28	3,7	7	40	150
0:02:30	28	3,8	8	42	150
0:02:40	28	3,9	8	43	150
0:02:50	29	4,2	8	44	150
0:03:00	29	4,3	7	46	150
0:03:10	29	4,4	7	47	150
0:03:20	29	4,6	7	48	150
0:03:30	30	4,8	7	49	150
0:03:40	30	5,0	7	50	150
0:03:50	30	5,0	7	51	150
0:04:00	31	5,3	7	52	150
0:04:10	31	5,4	7	53	150
0:04:20	32	5,6	7	53	150
0:04:30	32	5,8	7	53	150
0:04:40	33	6,0	7	54	150
0:04:50	33	6,1	7	54	150
0:05:00	34	6,2	7	54	150
0:05:10	34	6,3	7	55	150
0:05:20	34	6,6	7	55	150
0:05:30	35	6,7	7	55	150
0:05:40	35	6,9	7	55	150
0:05:50	36	7,1	7	55	150
0:06:00	36	7,2	7	56	150
0:06:10	37	7,3	7	56	150
0:06:20	37	7,5	7	57	150
0:06:30	38	7,8	7	57	150
0:06:40	38	7,9	7	57	150
0:06:50	39	8,1	8	58	150
0:07:00	39	8,1	8	58	150
0:07:10	40	8,3	8	58	150
0:07:20	40	8,5	8	58	150
0:07:30	41	8,7	8	58	150
0:07:40	41	8,9	8	58	150
0:07:50	42	9,1	8	58	150
0:08:00	42	9,3	8	59	150
0:08:10	43	9,3	8	60	150
0:08:20	43	9,6	8	60	150
0:08:30	43	9,7	8	61	150
0:08:40	44	9,8	8	61	150
0:08:50	44	10,1	8	61	150
0:09:00	45	10,1	8	62	150
0:09:10	45	10,3	8	62	150
0:09:20	45	10,5	8	63	150
0:09:30	46	10,6	8	63	150
0:09:40	46	10,8	8	63	150
0:09:50	47	11,0	8	64	150
0:10:00	47	11,1	7	64	150
0:10:10	47	11,2	7	65	150
0:10:20	48	11,6	8	66	150
0:10:30	48	11,6	8	66	150
0:10:40	49	11,8	8	67	150
0:10:50	49	12,1	8	67	150
0:11:00	49	12,1	8	68	150
0:11:10	50	12,4	8	68	150
0:11:20	50	12,5	8	68	150
0:11:30	51	12,5	8	69	150
0:11:40	51	12,9	8	69	150
0:11:50	51	12,9	8	69	150
0:12:00	52	13,3	8	70	150
0:12:10	52	13,3	8	70	150
0:12:20	53	13,3	8	71	150
0:12:30	53	13,6	8	71	150
0:12:40	53	13,7	8	72	150
0:12:50	54	14,0	8	72	150
0:13:00	54	14,0	8	72	150
0:13:10	55	14,4	8	73	150
0:13:20	55	14,5	8	73	150
0:13:30	56	14,6	8	74	150
0:13:40	56	14,9	8	74	150
0:13:50	56	14,9	8	75	150
0:14:00	57	15,1	8	75	150
0:14:10	57	15,4	8	76	150
0:14:20	57	15,5	8	76	150
0:14:30	58	15,5	8	77	150
0:14:40	58	15,8	8	77	150
0:14:50	59	15,8	8	78	150
0:15:00	59	16,2	8	78	150
0:15:10	59	16,3	8	79	150
0:15:20	60	16,4	8	79	150
0:15:30	60	16,7	8	79	150
0:15:40	61	16,7	8	80	150
0:15:50	61	17,1	8	81	150
0:16:00	61	17,1	8	81	150
0:16:10	62	17,3	8	81	150
0:16:20	62	17,4	8	82	150
0:16:30	63	17,7	8	82	150
0:16:40	63	17,8	8	83	150
0:16:50	63	17,8	8	83	150
0:17:00	64	18,1	8	83	150
0:17:10	64	18,1	7	84	150
0:17:20	65	18,4	7	84	150
0:17:30	65	18,4	7	85	150
0:17:40	66	18,8	7	85	150
0:17:50	66	18,8	7	86	150
0:18:00	66	19,2	7	86	150
0:18:10	67	19,2	7	87	150
0:18:20	67	19,3	7	88	150
0:18:30	67	19,6	7	88	150
0:18:40	68	19,7	7	89	150
0:18:50	68	20,0	7	89	150
0:19:00	69	20,0	7	90	150
0:19:10	69	20,3	7	90	150
0:19:20	70	20,3	7	90	150
0:19:30	70	20,6	7	91	150
0:19:40	70	20,5	8	91	150
0:19:50	71	20,8	8	91	150
0:20:00	71	21,1	8	91	150
0:20:10	72	21,1	8	92	150
0:20:20	72	21,2	7	92	150
0:20:30	73	21,4	7	92	150
0:20:40	73	21,5	7	91	150
0:20:50	74	21,6	7	91	150
0:21:00	74	21,6	7	91	150
0:21:10	74	21,7	7	91	150
0:21:20	75	21,7	7	90	150
0:21:30	75	21,6	7	90	150
0:21:40	76	21,9	7	89	150
0:21:50	76	22,1	7	88	150
0:22:00	76	22,0	7	88	150
0:22:10	77	22,2	7	87	150
0:22:20	77	22,3	7	86	150
0:22:30	78	22,7	7	85	150
0:22:40	78	22,8	7	85	150
0:22:50	78	23,0	7	84	150
0:23:00	78	23,4	7	85	150
0:23:10	78	23,5	7	85	150
0:23:20	78	23,6	7	85	150
0:23:30	78	23,7	7	86	150
0:23:40	78	23,8	7	86	150
0:23:50	78	24,0	7	86	150
0:24:00	78	24,2	7	86	150
0:24:10	78	24,3	7	86	150
0:24:20	78	24,5	7	86	150
0:24:30	78	24,7	7	86	150
0:24:40	79	24,8	7	86	150
0:24:50	79	25,1	7	86	150
0:25:00	79	25,1	7	86	150
0:25:10	79	25,5	7	86	150
0:25:20	79	25,5	7	85	150
0:25:30	79	25,6	7	85	150
0:25:40	79	25,8	7	85	150
0:25:50	79	26,0	7	85	150
0:26:00	79	26,2	7	85	150
0:26:10	79	26,3	7	85	150
0:26:20	80	26,4	7	85	150
0:26:30	80	26,6	7	85	150
0:26:40	80	26,8	7	84	150
0:26:50	80	27,0	7	84	150
0:27:00	80	27,1	7	84	150
0:27:10	80	27,4	7	84	150
0:27:20	80	27,4	7	84	150
0:27:30	80	27,6	7	84	150
0:27:40	80	27,8	7	84	150
0:27:50	80	28,0	7	84	150
0:28:00	80	28,1	7	83	150
0:28:10	81	28,4	7	83	150
0:28:20	81	28,4	7	83	150
0:28:30	81	28,7	7	83	150
0:28:40	81	28,8	8	83	150
0:28:50	81	28,9	8	83	150
0:29:00	81	29,2	8	83	150
0:29:10	81	29,3	8	83	150
0:29:20	81	29,6	8	83	150
0:29:30	81	29,6	8	83	150
0:29:40	81	29,7	8	83	150
0:29:50	81	30,0	8	83	150
0:30:00	81	30,1	8	83	150
0:30:10	81	30,2	8	83	150
0:30:20	81	30,5	8	83	150
0:30:30	81	30,6	8	83	150
0:30:40	81	30,8	8	83	150
0:30:50	81	30,9	8	84	150
0:31:00	81	31,2	8	84	150
0:31:10	81	31,2	8	84	150
0:31:20	81	31,5	8	84	150
0:31:30	81	31,6	8	84	150
0:31:40	81	31,9	8	84	150
0:31:50	81	32,0	7	84	150
0:32:00	81	32,1	8	85	150
0:32:10	81	32,4	8	85	150
0:32:20	81	32,5	8	85	150
0:32:30	81	32,6	7	85	150
0:32:40	81	32,8	8	85	150
0:32:50	81	33,0	8	86	150
0:33:00	81	33,2	8	86	150
0:33:10	81	33,3	8	86	150
0:33:20	81	33,4	8	87	150
0:33:30	81	33,6	8	87	150
0:33:40	81	34,0	8	87	150
0:33:50	81	34,2	8	87	150
0:34:00	82	34,3	8	87	150
0:34:10	82	34,4	8	88	150
0:34:20	82	34,6	8	88	150
0:34:30	82	34,7	8	88	150
0:34:40	82	34,9	8	88	150
0:34:50	82	35,0	8	88	150
0:35:00	82	35,2	8	89	150
0:35:10	82	35,4	8	89	150
0:35:20	82	35,6	8	89	150
0:35:30	82	35,7	8	90	150
0:35:40	82	35,9	8	90	150
0:35:50	82	36,1	8	90	150
0:36:00	82	36,3	8	91	150
0:36:10	82	36,5	8	91	150
0:36:20	82	36,7	8	91	150
0:36:30	82	36,9	8	91	150
0:36:40	82	37,2	8	92	150
0:36:50	82	37,4	8	92	150
0:37:00	82	37,6	8	92	150
0:37:10	82	37,8	8	93	150
0:37:20	82	38,1	8	93	150
0:37:30	82	38,3	8	94	150
0:37:40	82	38,5	8	94	150
0:37:50	82	38,8	8	94	150
0:38:00	82	39,0	8	95	150
0:38:10	83	39,2	9	95	150
0:38:20	83	38,8	8	95	150
0:38:30	83	39,1	8	96	150
0:38:40	83	39,4	8	96	150
0:38:50	83	39,6	8	97	150
0:39:00	83	39,8	8	97	150
0:39:10	83	40,1	9	97	150
0:39:20	83	40,3	9	98	150
0:39:30	83	40,5	8	98	150
0:39:40	83	40,1	8	98	150
0:39:50	83	40,3	8	99	150
0:40:00	83	40,6	8	99	150
0:40:10	83	40,9	8	99	150
0:40:20	83	41,1	8	100	150
0:40:30	83	41,4	9	100	150
0:40:40	84	41,6	8	101	150
0:40:50	84	41,8	8	101	150
0:41:00	84	42,0	8	101	150
0:41:10	84	41,8	8	101	150
0:41:20	84	42,0	8	102	150
0:41:30	84	42,2	8	102	150
0:41:40	84	42,4	8	102	150
0:41:50	84	42,7	8	103	150
0:42:00	84	42,9	8	103	150
0:42:10	84	43,1	8	103	150
0:42:20	85	43,3	8	104	150
0:42:30	85	43,2	8	104	150
0:42:40	85	43,4	8	104	150
0:42:50	85	43,6	8	104	150
0:43:00	85	43,8	8	105	150
0:43:10	85	44,1	8	105	150
0:43:20	85	44,3	8	105	150
0:43:30	85	44,5	8	105	150
0:43:40	85	44,6	8	106	150
0:43:50	86	44,9	8	106	150
0:44:00	86	45,0	8	106	150
0:44:10	86	45,2	8	106	150
0:44:20	86	45,3	8	106	150
0:44:30	86	45,5	8	107	150
0:44:40	86	45,7	8	107	150
0:44:50	86	45,8	8	107	150
0:45:00	86	45,9	8	106	150
0:45:10	87	46,1	8	107	150
0:45:20	87	46,2	8	107	150
0:45:30	87	46,3	8	107	150
0:45:40	87	46,4	8	107	150
0:45:50	87	46,5	8	107	150
0:46:00	87	46,6	8	107	150
0:46:10	87	46,8	8	108	150
0:46:20	88	46,9	8	108	150
0:46:30	88	46,9	8	108	150
0:46:40	88	47,0	8	108	150
0:46:50	88	47,0	8	107	150
0:47:00	88	47,0	8	107	150
0:47:10	88	47,0	8	107	150
0:47:20	89	47,4	8	107	150
0:47:30	89	47,4	8	107	150
0:47:40	89	47,8	8	107	150
0:47:50	89	47,9	8	107	150
0:48:00	89	47,9	8	107	150
0:48:10	89	48,3	8	106	150
0:48:20	90	48,3	8	106	150
0:48:30	90	48,6	8	106	150
0:48:40	90	48,6	8	106	150
0:48:50	90	48,8	8	105	150
0:49:00	90	48,9	9	105	150
0:49:10	90	49,2	9	105	150
0:49:20	91	49,2	9	105	150
0:49:30	91	49,4	8	104	150
0:49:40	91	49,8	8	104	150
0:49:50	91	49,7	8	104	150
0:50:00	91	50,0	8	103	150
0:50:10	91	49,9	8	103	150
0:50:20	92	50,1	8	103	150
0:50:30	92	49,9	8	102	150
0:50:40	92	49,9	8	102	150
0:50:50	92	50,0	8	101	150
0:51:00	92	50,0	9	101	150
0:51:10	92	49,9	9	101	150
0:51:20	92	50,0	8	100	150
0:51:30	93	49,9	8	100	150
0:51:40	93	50,0	8	99	150
0:51:50	93	49,9	8	99	150
0:52:00	93	50,0	8	98	150
0:52:10	93	49,9	8	98	150
0:52:20	93	50,1	8	98	150
0:52:30	94	49,8	8	97	150
0:52:40	94	50,0	8	97	150
0:52:50	94	49,9	9	96	150
0:53:00	94	49,9	9	95	150
0:53:10	94	49,9	9	95	150
0:53:20	94	49,9	8	94	150
0:53:30	94	50,0	8	94	150
0:53:40	94	50,0	8	94	150
0:53:50	94	49,9	9	93	150
0:54:00	95	50,0	9	93	150
0:54:10	95	49,9	9	92	150
0:54:20	95	49,9	9	92	150
0:54:30	95	49,9	9	91	150
0:54:40	95	50,0	9	91	150
0:54:50	95	50,0	9	91	150
0:55:00	95	50,1	9	91	150
0:55:10	95	49,9	9	90	150
0:55:20	95	49,9	9	90	150
0:55:30	95	50,1	9	90	150
0:55:40	95	49,9	9	90	150
0:55:50	96	49,9	9	89	150
0:56:00	96	50,1	9	89	150
0:56:10	96	49,9	9	89	150
0:56:20	96	49,9	9	89	150
0:56:30	96	50,0	9	88	150
0:56:40	96	50,0	9	88	150
0:56:50	96	50,0	9	88	150
0:57:00	96	49,9	9	88	150
0:57:10	96	50,1	9	88	150
0:57:20	96	50,0	9	88	150
0:57:30	96	49,9	10	87	150
0:57:40	96	50,2	10	87	150
0:57:50	96	50,1	10	87	150
0:58:00	96	50,0	10	87	150
0:58:10	96	49,9	10	87	150
0:58:20	96	50,2	10	87	150
0:58:30	96	50,2	10	86	150
0:58:40	96	50,0	10	86	150
0:58:50	96	49,9	10	86	150
0:59:00	96	49,9	10	86	150
0:59:10	96	50,2	10	86	150
0:59:20	96	50,1	9	85	150
0:59:30	96	50,0	9	85	150
0:59:40	96	49,9	9	85	150
0:59:50	96	50,2	9	85	150
1:00:00	96	50,1	9	85	150
1:00:10	96	50,1	9	85	150
1:00:20	96	50,0	9	85	150
1:00:30	96	50,0	9	85	150
1:00:40	96	50,0	10	85	150
1:00:50	96	50,0	9	85	150
1:01:00	96	50,0	9	85	150
1:01:10	96	50,0	9	85	150
1:01:20	95	50,2	9	85	150
1:01:30	95	50,2	9	85	150
1:01:40	95	50,2	9	85	150
1:01:50	95	50,2	9	85	150
1:02:00	95	50,2	9	86	150
1:02:10	95	50,3	9	86	150
1:02:20	95	50,3	9	86	150
1:02:30	95	50,3	9	86	150
1:02:40	95	50,3	9	86	150
1:02:50	95	50,4	9	86	150
1:03:00	95	50,4	9	87	150
1:03:10	95	50,5	9	87	150
1:03:20	95	50,6	9	87	150
1:03:30	95	50,7	9	87	150
1:03:40	95	50,7	9	88	150
1:03:50	94	50,8	9	88	150
1:04:00	94	50,9	9	88	150
1:04:10	94	50,4	9	88	150
1:04:20	94	50,6	9	89	150
1:04:30	94	50,7	9	89	150
1:04:40	94	50,8	9	89	150
1:04:50	94	51,0	9	90	150
1:05:00	94	50,3	9	90	150
1:05:10	94	50,5	9	90	150
1:05:20	94	50,7	9	91	150
1:05:30	94	50,9	9	91	150
1:05:40	94	50,3	9	92	150
1:05:50	94	50,5	9	92	150
1:06:00	93	50,8	9	93	150
1:06:10	93	51,0	9	93	150
1:06:20	93	50,4	9	93	150
1:06:30	93	50,7	9	94	150
1:06:40	93	50,9	9	95	150
1:06:50	93	50,4	9	95	150
1:07:00	93	50,7	9	96	150
1:07:10	93	50,9	9	96	150
1:07:20	93	50,4	9	97	150
1:07:30	93	50,7	9	97	150
1:07:40	93	51,0	9	98	150
1:07:50	93	50,1	9	98	150
1:08:00	93	50,5	10	99	150
1:08:10	93	50,8	10	100	150
1:08:20	92	50,3	10	100	150
1:08:30	92	50,6	10	101	150
1:08:40	92	50,9	10	102	150
1:08:50	92	50,2	10	102	150
1:09:00	92	50,7	10	104	150
1:09:10	92	50,1	10	105	150
1:09:20	92	50,4	10	105	150
1:09:30	92	50,7	10	106	150
1:09:40	92	50,7	10	106	150
1:09:50	92	50,2	9	106	150
1:10:00	92	50,6	9	107	150
1:10:10	92	50,9	9	108	150
1:10:20	92	50,1	9	108	150
1:10:30	92	50,5	9	109	150
1:10:40	92	50,8	9	109	150
1:10:50	92	50,3	9	110	150
1:11:00	92	50,6	9	110	150
1:11:10	92	51,0	9	111	150
1:11:20	92	50,2	9	111	150
1:11:30	92	50,5	9	112	150
1:11:40	92	50,9	10	113	150
1:11:50	92	50,1	10	113	150
1:12:00	92	50,4	10	114	150
1:12:10	92	50,8	10	114	150
1:12:20	92	50,3	10	115	150
1:12:30	92	50,6	10	115	150
1:12:40	92	50,9	10	115	150
1:12:50	92	50,3	10	116	150
1:13:00	92	50,7	10	116	150
1:13:10	92	51,0	10	117	150
1:13:20	92	50,1	11	117	150
1:13:30	92	50,4	11	118	150
1:13:40	92	50,7	11	118	150
1:13:50	93	51,0	11	118	150
1:14:00	93	50,1	11	119	150
1:14:10	93	50,3	11	119	150
1:14:20	93	50,6	11	120	150
1:14:30	93	50,9	11	120	150
1:14:40	93	50,3	11	120	150
1:14:50	93	50,4	12	120	150
1:15:00	93	50,7	12	120	150
1:15:10	93	50,9	12	121	150
1:15:20	93	50,4	12	121	150
1:15:30	93	50,6	12	121	150
1:15:40	94	50,8	13	121	150
1:15:50	94	50,9	13	121	150
1:16:00	94	50,2	13	121	150
1:16:10	94	50,3	13	121	150
1:16:20	94	50,5	13	121	150
1:16:30	94	50,6	13	121	150
1:16:40	94	50,7	14	121	150
1:16:50	94	50,8	14	121	150
1:17:00	95	50,8	14	121	150
1:17:10	95	50,8	14	121	150
1:17:20	95	50,9	14	120	150
1:17:30	95	50,9	14	120	150
1:17:40	95	50,9	15	120	150
1:17:50	95	50,8	15	120	150
1:18:00	96	50,8	15	119	150
1:18:10	96	50,7	15	119	150
1:18:20	96	50,6	16	118	150
1:18:30	96	50,5	16	118	150
1:18:40	96	50,4	16	118	150
1:18:50	96	50,3	17	117	150
1:19:00	97	50,1	17	117	150
1:19:10	97	50,0	17	116	150
1:19:20	97	49,9	17	116	150
1:19:30	97	50,0	17	115	150
1:19:40	97	49,9	17	114	150
1:19:50	97	49,9	18	113	150
1:20:00	98	50,0	18	113	150
1:20:10	98	49,9	18	112	150
1:20:20	98	49,8	18	111	150
1:20:30	98	49,9	18	110	150
1:20:40	98	49,9	18	110	150
1:20:50	99	50,0	18	109	150
1:21:00	99	49,9	18	108	150
1:21:10	99	49,9	19	107	150
1:21:20	99	49,8	19	106	150
1:21:30	99	49,9	19	106	150
1:21:40	100	49,9	19	105	150
1:21:50	100	49,9	19	105	150
1:22:00	100	50,0	19	105	150
1:22:10	100	50,0	19	104	150
1:22:20	100	49,9	19	104	150
1:22:30	100	50,1	19	103	150
1:22:40	101	49,9	19	103	150
1:22:50	101	50,1	20	103	150
1:23:00	101	50,0	20	102	150
1:23:10	101	49,9	20	102	150
1:23:20	101	50,1	20	102	150
1:23:30	101	49,9	20	102	150
1:23:40	102	49,9	20	101	150
1:23:50	102	50,0	21	101	150
1:24:00	102	49,9	21	101	150
1:24:10	102	49,9	21	101	150
1:24:20	102	50,1	21	101	150
1:24:30	102	50,0	21	100	150
1:24:40	102	49,9	22	100	150
1:24:50	103	50,2	22	100	150
1:25:00	103	50,1	22	100	150
1:25:10	103	49,9	22	100	150
1:25:20	103	50,1	22	99	150
1:25:30	103	50,1	23	99	150
1:25:40	103	50,0	23	99	150
1:25:50	103	49,9	23	99	150
1:26:00	103	50,2	23	99	150
1:26:10	103	50,1	24	98	150
1:26:20	103	50,0	24	98	150
1:26:30	104	49,9	24	98	150
1:26:40	104	50,2	24	98	150
1:26:50	104	50,1	24	98	150
1:27:00	104	50,0	25	98	150
1:27:10	104	50,0	24	97	150
1:27:20	104	49,9	25	98	150
1:27:30	104	50,2	25	97	150
1:27:40	104	50,1	25	97	150
1:27:50	104	50,0	26	97	150
1:28:00	104	49,9	26	97	150
1:28:10	104	50,2	26	97	150
1:28:20	104	50,1	26	97	150
1:28:30	104	50,0	26	97	150
1:28:40	104	49,9	26	96	150
1:28:50	104	49,9	27	96	150
1:29:00	104	50,1	27	96	150
1:29:10	104	50,0	27	96	150
1:29:20	104	49,9	27	96	150
1:29:30	104	50,0	27	96	150
1:29:40	104	49,9	28	96	150
1:29:50	104	50,2	28	96	150
1:30:00	104	50,1	28	96	150
1:30:10	104	50,0	28	95	150
1:30:20	104	50,0	28	95	150
1:30:30	104	49,9	28	95	150
1:30:40	104	50,2	28	95	150
1:30:50	104	50,1	28	95	150
1:31:00	104	50,0	28	95	150
1:31:10	104	49,9	28	95	150
1:31:20	104	50,0	28	95	150
1:31:30	104	49,9	28	94	150
1:31:40	104	50,1	28	94	150
1:31:50	104	50,0	28	94	150
1:32:00	104	50,0	28	94	150
1:32:10	104	50,0	28	94	150
1:32:20	104	49,9	28	94	150
1:32:30	104	49,9	28	94	150
1:32:40	104	50,1	28	94	150
1:32:50	104	50,0	28	94	150
1:33:00	104	49,9	28	94	150
1:33:10	104	50,1	28	94	150
1:33:20	104	50,0	28	93	150
1:33:30	103	49,9	28	93	150
1:33:40	103	50,1	28	93	150
1:33:50	103	50,1	28	93	150
1:34:00	103	50,0	28	93	150
1:34:10	103	49,9	28	93	150
1:34:20	103	50,0	28	93	150
1:34:30	103	49,9	28	93	150
1:34:40	103	50,1	29	93	150
1:34:50	103	50,1	29	93	150
1:35:00	103	50,0	29	93	150
1:35:10	103	50,0	29	92	150
1:35:20	103	50,0	29	92	150
1:35:30	103	50,0	29	92	150
1:35:40	103	50,0	29	92	150
1:35:50	103	50,0	29	92	150
1:36:00	103	50,1	29	92	150
1:36:10	102	50,0	29	92	150
1:36:20	102	49,9	29	92	150
1:36:30	102	50,1	29	92	150
1:36:40	102	50,0	29	92	150
1:36:50	102	49,9	29	92	150
1:37:00	102	50,2	29	92	150
1:37:10	102	50,2	30	92	150
1:37:20	102	50,1	30	92	150
1:37:30	102	50,0	30	91	150
1:37:40	102	50,0	30	91	150
1:37:50	102	50,0	30	91	150
1:38:00	102	50,0	31	91	150
1:38:10	102	50,0	31	91	150
1:38:20	102	50,2	31	91	150
1:38:30	101	50,2	31	91	150
1:38:40	101	50,1	31	91	150
1:38:50	101	50,0	32	91	150
1:39:00	101	50,0	32	91	150
1:39:10	101	50,0	32	91	150
1:39:20	101	50,0	32	91	150
1:39:30	101	49,9	32	91	150
1:39:40	101	50,1	32	90	150
1:39:50	101	50,1	32	90	150
1:40:00	101	50,0	32	90	150
1:40:10	101	49,9	32	90	150
1:40:20	101	50,1	33	90	150
1:40:30	100	50,0	33	90	150
1:40:40	100	50,0	33	90	150
1:40:50	100	49,9	33	90	150
1:41:00	100	50,1	33	90	150
1:41:10	100	50,1	33	90	150
1:41:20	100	50,0	33	90	150
1:41:30	100	50,0	33	90	150
1:41:40	100	50,1	34	90	150
1:41:50	100	50,0	34	90	150
1:42:00	100	50,0	34	90	150
1:42:10	100	49,9	34	89	150
1:42:20	100	50,2	34	90	150
1:42:30	100	50,1	34	89	150
1:42:40	100	50,1	34	89	150
1:42:50	99	50,0	34	89	150
1:43:00	99	50,0	34	89	150
1:43:10	99	50,0	34	89	150
1:43:20	99	49,9	34	89	150
1:43:30	99	50,2	34	89	150
1:43:40	99	50,2	34	89	150
1:43:50	99	50,2	35	89	150
1:44:00	99	50,1	35	89	150
1:44:10	99	50,1	35	89	150
1:44:20	99	50,0	35	89	150
1:44:30	99	50,0	35	89	150
1:44:40	98	50,0	35	89	150
1:44:50	98	50,0	35	89	150
1:45:00	98	50,1	35	89	150
1:45:10	98	50,1	35	88	150
1:45:20	98	50,1	35	88	150
1:45:30	98	50,0	36	88	150
1:45:40	98	50,0	36	88	150
1:45:50	98	50,1	36	88	150
1:46:00	98	50,1	36	88	150
1:46:10	98	50,0	36	88	150
1:46:20	98	49,9	36	88	150
1:46:30	98	50,1	36	88	150
1:46:40	98	50,2	36	88	150
1:46:50	97	50,2	36	88	150
1:47:00	97	50,1	36	88	150
1:47:10	97	50,0	36	88	150
1:47:20	97	50,0	36	88	150
1:47:30	97	49,9	36	88	150
1:47:40	97	49,9	36	88	150
1:47:50	97	49,9	36	88	150
1:48:00	97	50,1	36	88	150
1:48:10	97	50,1	36	88	150
1:48:20	97	50,0	36	88	150
1:48:30	97	50,0	36	87	150
1:48:40	97	50,1	36	87	150
1:48:50	97	50,0	36	87	150
1:49:00	97	50,0	36	87	150
1:49:10	96	49,9	37	87	150
1:49:20	96	50,1	37	87	150
1:49:30	96	50,1	37	87	150
1:49:40	96	50,1	37	87	150
1:49:50	96	50,0	37	87	150
1:50:00	96	50,0	37	87	150
1:50:10	96	50,1	38	87	150
1:50:20	96	50,0	38	87	150
1:50:30	96	50,0	38	87	150
1:50:40	96	49,9	38	87	150
1:50:50	96	50,2	38	87	150
1:51:00	96	50,2	38	87	150
1:51:10	96	50,1	38	87	150
1:51:20	96	50,1	38	86	150
1:51:30	95	50,0	38	86	150
1:51:40	95	50,0	38	86	150
1:51:50	95	50,0	38	86	150
1:52:00	95	50,0	38	86	150
1:52:10	95	49,9	38	86	150
1:52:20	95	50,2	38	86	150
1:52:30	95	50,2	38	86	150
1:52:40	95	50,2	38	86	150
1:52:50	95	50,1	38	86	150
1:53:00	95	50,1	38	86	150
1:53:10	95	50,1	38	86	150
1:53:20	95	50,1	38	86	150
1:53:30	95	50,1	38	86	150
1:53:40	95	50,1	38	86	150
1:53:50	94	50,1	38	87	150
1:54:00	94	50,2	38	87	150
1:54:10	94	50,2	38	87	150
1:54:20	94	50,3	38	87	150
1:54:30	94	50,3	38	87	150
1:54:40	94	50,4	38	88	150
1:54:50	94	50,5	38	88	150
1:55:00	94	50,6	38	88	150
1:55:10	94	50,7	38	88	150
1:55:20	94	50,8	38	89	150
1:55:30	94	50,9	38	89	150
1:55:40	94	50,5	38	89	150
1:55:50	94	50,3	38	90	150
1:56:00	94	50,5	38	90	150
1:56:10	94	50,6	38	91	150
1:56:20	93	50,8	38	91	150
1:56:30	93	51,0	38	91	150
1:56:40	93	50,4	38	92	150
1:56:50	93	50,6	38	92	150
1:57:00	93	50,8	38	93	150
1:57:10	93	50,6	38	93	150
1:57:20	93	50,5	38	94	150
1:57:30	93	50,7	38	94	150
1:57:40	93	51,0	38	94	150
1:57:50	93	50,3	38	95	150
1:58:00	93	50,5	38	96	150
1:58:10	93	50,8	38	96	150
1:58:20	93	51,0	38	97	150
1:58:30	93	50,4	38	97	150
1:58:40	93	50,6	38	98	150
1:58:50	93	50,9	37	98	150
1:59:00	93	50,2	37	98	150
1:59:10	93	50,5	37	99	150
1:59:20	92	50,8	37	100	150
1:59:30	92	50,0	37	100	150
1:59:40	92	50,2	37	101	150
1:59:50	92	50,5	37	101	150
2:00:00	92	50,8	37	102	150
2:00:10	92	50,0	37	102	150
2:00:20	92	50,2	37	103	150
2:00:30	92	50,5	36	104	150
2:00:40	92	50,8	36	104	150
2:00:50	92	50,0	36	105	150
2:01:00	92	50,3	36	105	150
2:01:10	92	50,6	36	106	150
2:01:20	92	50,9	35	106	150
2:01:30	92	50,0	35	107	150
2:01:40	92	50,3	35	108	150
2:01:50	92	50,7	35	108	150
2:02:00	92	51,0	34	109	150
2:02:10	92	50,1	34	109	150
2:02:20	92	50,5	33	110	150
2:02:30	92	50,8	33	110	150
2:02:40	92	50,0	33	111	150
2:02:50	92	50,2	33	111	150
2:03:00	92	50,6	32	112	150
2:03:10	92	51,0	32	113	150
2:03:20	92	50,2	31	114	150
2:03:30	92	50,5	30	114	150
2:03:40	92	50,8	30	115	150
2:03:50	92	50,0	29	115	150
2:04:00	92	50,2	29	115	150
2:04:10	92	50,4	28	115	150
2:04:20	92	50,7	28	116	150
2:04:30	92	51,0	28	116	150
2:04:40	92	50,3	27	116	150
2:04:50	93	50,5	27	117	150
2:05:00	93	50,8	26	117	150
2:05:10	93	51,0	26	117	150
2:05:20	93	50,0	25	117	150
2:05:30	93	50,2	25	118	150
2:05:40	93	50,5	25	118	150
2:05:50	93	50,7	25	118	150
2:06:00	93	50,9	25	118	150
2:06:10	93	50,4	24	118	150
2:06:20	93	50,3	24	119	150
2:06:30	93	50,5	24	119	150
2:06:40	93	50,7	24	119	150
2:06:50	94	50,9	24	119	150
2:07:00	94	51,0	24	119	150
2:07:10	94	50,2	24	119	150
2:07:20	94	50,3	23	119	150
2:07:30	94	50,4	23	119	150
2:07:40	94	50,5	23	119	150
2:07:50	94	50,6	23	119	150
2:08:00	94	50,6	23	119	150
2:08:10	95	50,7	23	119	150
2:08:20	95	50,7	23	119	150
2:08:30	95	50,7	23	118	150
2:08:40	95	50,7	23	118	150
2:08:50	95	50,7	23	118	150
2:09:00	95	50,6	23	118	150
2:09:10	95	50,6	23	118	150
2:09:20	96	50,5	23	117	150
2:09:30	96	50,4	23	117	150
2:09:40	96	50,3	23	116	150
2:09:50	96	50,2	23	116	150
2:10:00	96	50,1	23	115	150
2:10:10	96	49,9	23	115	150
2:10:20	97	50,0	23	115	150
2:10:30	97	49,9	23	114	150
2:10:40	97	50,0	23	113	150
2:10:50	97	49,9	23	113	150
2:11:00	97	49,9	23	112	150
2:11:10	97	49,9	23	111	150
2:11:20	98	50,0	23	111	150
2:11:30	98	50,0	23	110	150
2:11:40	98	49,9	23	109	150
2:11:50	98	49,8	23	108	150
2:12:00	98	49,9	23	108	150
2:12:10	99	50,1	23	107	150
2:12:20	99	49,9	23	107	150
2:12:30	99	50,0	23	106	150
2:12:40	99	49,8	23	106	150
2:12:50	99	49,9	23	105	150
2:13:00	99	50,0	23	105	150
2:13:10	100	50,0	23	105	150
2:13:20	100	49,9	23	104	150
2:13:30	100	49,9	23	104	150
2:13:40	100	49,9	23	104	150
2:13:50	100	50,1	23	103	150
2:14:00	100	49,9	23	103	150
2:14:10	101	50,0	23	103	150
2:14:20	101	50,1	23	103	150
2:14:30	101	49,9	23	102	150
2:14:40	101	49,9	23	102	150
2:14:50	101	50,1	23	102	150
2:15:00	101	49,9	23	102	150
2:15:10	101	49,9	23	102	150
2:15:20	102	50,1	24	101	150
2:15:30	102	49,9	24	101	150
2:15:40	102	50,0	24	101	150
2:15:50	102	49,9	24	101	150
2:16:00	102	50,0	24	101	150
2:16:10	102	49,9	24	100	150
2:16:20	102	50,0	24	100	150
2:16:30	102	50,0	24	100	150
2:16:40	102	50,0	24	100	150
2:16:50	103	49,9	24	100	150
2:17:00	103	50,0	24	100	150
2:17:10	103	49,9	24	99	150
2:17:20	103	50,1	24	99	150
2:17:30	103	50,0	24	99	150
2:17:40	103	50,0	24	99	150
2:17:50	103	50,0	24	99	150
2:18:00	103	50,1	24	99	150
2:18:10	103	50,1	24	99	150
2:18:20	103	50,0	24	98	150
2:18:30	103	50,0	24	98	150
2:18:40	103	49,9	24	98	150
2:18:50	103	50,1	24	98	150
2:19:00	103	50,1	24	98	150
2:19:10	103	50,0	24	98	150
2:19:20	103	50,0	25	98	150
2:19:30	103	49,9	25	98	150
2:19:40	104	50,2	25	98	150
2:19:50	104	50,1	25	97	150
2:20:00	104	50,0	25	97	150
2:20:10	104	50,0	25	97	150
2:20:20	104	50,0	25	97	150
2:20:30	104	50,0	25	97	150
2:20:40	104	50,2	26	97	150
2:20:50	104	50,1	26	97	150
2:21:00	104	50,0	26	97	150
2:21:10	104	50,0	26	97	150
2:21:20	104	49,9	26	96	150
2:21:30	104	50,2	26	96	150
2:21:40	104	50,1	27	96	150
2:21:50	104	50,0	27	96	150
2:22:00	104	49,9	27	96	150
2:22:10	104	50,0	27	96	150
2:22:20	104	49,9	27	96	150
2:22:30	104	49,9	27	96	150
2:22:40	104	50,2	27	96	150
2:22:50	104	50,1	27	96	150
2:23:00	104	50,0	28	95	150
2:23:10	103	50,0	28	95	150
2:23:20	103	49,9	28	95	150
2:23:30	103	50,1	28	95	150
2:23:40	103	50,1	28	95	150
2:23:50	103	50,0	28	95	150
2:24:00	103	49,9	28	95	150
2:24:10	103	50,0	28	95	150
2:24:20	103	50,0	28	95	150
2:24:30	103	49,9	28	95	150
2:24:40	103	50,1	28	95	150
2:24:50	103	50,0	29	95	150
2:25:00	103	50,0	29	95	150
2:25:10	103	50,1	29	94	150
2:25:20	103	50,0	29	94	150
2:25:30	103	50,0	29	94	150
2:25:40	103	49,9	29	94	150
2:25:50	103	50,1	29	94	150
2:26:00	103	50,0	29	94	150
2:26:10	103	50,0	29	94	150
2:26:20	103	50,1	30	94	150
2:26:30	103	50,0	30	94	150
2:26:40	103	49,9	30	94	150
2:26:50	103	49,9	30	94	150
2:27:00	103	50,2	30	94	150
2:27:10	103	50,1	30	94	150
2:27:20	102	50,0	30	93	150
2:27:30	102	50,0	30	93	150
2:27:40	102	50,0	30	93	150
2:27:50	102	49,9	30	93	150
2:28:00	102	50,0	30	93	150
2:28:10	102	50,2	31	93	150
2:28:20	102	50,1	31	93	150
2:28:30	102	50,0	31	93	150
2:28:40	102	50,0	31	93	150
2:28:50	102	50,0	31	93	150
2:29:00	102	50,0	31	93	150
2:29:10	102	50,0	31	93	150
2:29:20	102	50,0	31	93	150
2:29:30	102	50,0	31	93	150
2:29:40	102	50,3	31	93	150
2:29:50	102	50,2	31	92	150
2:30:00	102	50,1	31	92	150
2:30:10	102	50,0	31	92	150
2:30:20	102	49,9	31	92	150
2:30:30	101	50,2	31	92	150
2:30:40	101	50,1	31	92	150
2:30:50	101	50,0	32	92	150
2:31:00	101	49,9	32	91	150
2:31:10	101	50,2	32	91	150
2:31:20	101	50,1	32	91	150
2:31:30	101	50,0	32	91	150
2:31:40	101	50,0	32	91	150
2:31:50	101	50,0	32	91	150
2:32:00	101	50,2	32	91	150
2:32:10	101	50,1	32	91	150
2:32:20	101	50,0	32	91	150
2:32:30	101	49,9	32	90	150
2:32:40	101	50,2	32	90	150
2:32:50	100	50,0	32	90	150
2:33:00	100	49,9	32	90	150
2:33:10	100	50,1	32	89	150
2:33:20	100	49,9	32	89	150
2:33:30	100	50,1	32	89	150
2:33:40	100	50,0	32	88	150
2:33:50	100	50,0	32	88	150
2:34:00	100	50,0	32	88	150
2:34:10	100	50,1	32	87	150
2:34:20	100	49,9	32	87	150
2:34:30	100	50,1	32	87	150
2:34:40	100	49,9	33	86	150
2:34:50	100	50,0	33	86	150
2:35:00	100	49,9	33	86	150
2:35:10	100	50,1	33	85	150
2:35:20	99	50,1	33	85	150
2:35:30	99	49,9	33	85	150
2:35:40	99	50,0	33	84	150
2:35:50	99	49,9	33	84	150
2:36:00	99	49,9	33	84	150
2:36:10	99	49,8	33	83	150
2:36:20	99	49,9	33	83	150
2:36:30	99	50,1	33	83	150
2:36:40	99	49,8	33	82	150
2:36:50	99	49,9	33	82	150
2:37:00	99	50,0	33	82	150
2:37:10	99	49,9	33	81	150
2:37:20	99	49,9	33	81	150
2:37:30	98	49,9	33	80	150
2:37:40	98	50,1	33	80	150
2:37:50	98	49,8	33	80	150
2:38:00	98	50,0	33	79	150
2:38:10	98	50,0	33	79	150
2:38:20	98	50,0	33	79	150
2:38:30	98	49,9	33	78	150
2:38:40	98	50,0	33	78	150
2:38:50	98	50,0	33	78	150
2:39:00	98	49,9	33	77	150
2:39:10	98	50,0	33	77	150
2:39:20	97	50,0	33	77	150
2:39:30	97	49,9	33	76	150
2:39:40	97	50,1	33	76	150
2:39:50	97	49,9	33	76	150
2:40:00	97	50,0	33	76	150
2:40:10	97	50,0	33	76	150
2:40:20	97	49,9	33	75	150
2:40:30	97	49,9	33	75	150
2:40:40	97	49,9	33	75	150
2:40:50	97	50,1	33	75	150
2:41:00	96	49,9	33	75	150
2:41:10	96	50,1	33	75	150
2:41:20	96	50,0	33	75	150
2:41:30	96	49,9	33	75	150
2:41:40	96	50,0	34	75	150
2:41:50	96	50,1	34	74	150
2:42:00	96	49,9	34	74	150
2:42:10	96	50,0	34	74	150
2:42:20	95	50,0	34	74	150
2:42:30	95	49,9	34	74	150
2:42:40	95	50,0	34	74	150
2:42:50	95	50,0	34	74	150
2:43:00	95	50,0	34	74	150
2:43:10	95	49,9	34	74	150
2:43:20	95	50,1	34	74	150
2:43:30	95	50,1	34	74	150
2:43:40	94	50,1	34	75	150
2:43:50	94	50,2	35	75	150
2:44:00	94	50,2	35	75	150
2:44:10	94	50,3	35	76	150
2:44:20	94	50,4	35	76	150
2:44:30	94	50,5	35	77	150
2:44:40	94	50,7	35	77	150
2:44:50	93	50,9	35	78	150
2:45:00	93	50,3	35	78	150
2:45:10	93	50,3	35	79	150
2:45:20	93	50,6	35	80	150
2:45:30	93	50,9	35	81	150
2:45:40	93	49,9	35	81	150
2:45:50	93	50,3	35	82	150
2:46:00	92	50,7	35	83	150
2:46:10	92	50,3	35	84	150
2:46:20	92	50,2	35	85	150
2:46:30	92	50,6	35	86	150
2:46:40	92	51,0	35	87	150
2:46:50	92	50,2	35	87	150
2:47:00	92	50,7	35	89	150
2:47:10	91	49,9	35	90	150
2:47:20	91	50,3	35	91	150
2:47:30	91	50,9	35	92	150
2:47:40	91	50,1	35	93	150
2:47:50	91	50,7	35	94	150
2:48:00	91	49,9	35	95	150
2:48:10	91	50,5	35	96	150
2:48:20	90	50,4	35	98	150
2:48:30	90	50,4	35	99	150
2:48:40	90	50,8	35	100	150
2:48:50	90	50,4	35	101	150
2:49:00	90	51,0	35	102	150
2:49:10	90	50,3	35	104	150
2:49:20	90	51,0	35	105	150
2:49:30	89	50,3	35	106	150
2:49:40	89	51,0	35	107	150
2:49:50	89	50,3	35	109	150
2:50:00	89	51,1	35	110	150
2:50:10	89	50,4	35	111	150
2:50:20	89	50,2	35	112	150
2:50:30	89	50,5	35	113	150
2:50:40	89	50,0	35	114	150
2:50:50	89	50,6	35	116	150
2:51:00	89	50,0	35	117	150
2:51:10	89	50,8	35	119	150
2:51:20	88	50,1	35	120	150
2:51:30	88	50,9	35	121	150
2:51:40	88	50,3	35	122	150
2:51:50	88	51,1	35	123	150
2:52:00	88	50,4	35	124	150
2:52:10	88	50,0	35	125	150
2:52:20	88	50,6	35	127	150
2:52:30	88	50,0	35	128	150
2:52:40	88	50,7	35	129	150
2:52:50	88	50,1	35	130	150
2:53:00	88	50,9	35	132	150
2:53:10	88	50,1	35	133	150
2:53:20	88	50,9	35	134	150
2:53:30	88	50,2	35	135	150
2:53:40	88	51,0	36	136	150
2:53:50	89	50,3	35	137	150
2:54:00	89	51,0	35	138	150
2:54:10	89	50,3	35	139	150
2:54:20	89	51,0	35	140	150
2:54:30	89	50,3	35	141	150
2:54:40	89	51,0	35	142	150
2:54:50	89	50,2	35	142	150
2:55:00	89	50,9	36	143	150
2:55:10	89	50,1	39	144	150
2:55:20	89	50,7	43	145	150
2:55:30	90	49,9	47	146	150
2:55:40	90	50,5	51	146	150
2:55:50	90	50,7	53	147	150
2:56:00	90	50,2	53	148	150
2:56:10	90	50,8	53	148	150
2:56:20	90	49,9	53	149	150
2:56:30	91	50,4	53	150	150
2:56:40	91	50,9	53	150	150
2:56:50	91	50,0	53	150	150
2:57:00	91	50,4	52	151	150
2:57:10	92	50,8	51	152	150
2:57:20	92	49,8	49	151	150
2:57:30	92	50,2	49	151	150
2:57:40	92	50,6	48	152	150
2:57:50	93	50,9	48	152	150
2:58:00	93	50,1	47	152	150
2:58:10	93	50,3	46	152	150
2:58:20	94	50,4	46	152	150
2:58:30	94	50,5	45	151	150
2:58:40	94	50,6	45	151	150
2:58:50	95	50,7	45	151	150
2:59:00	95	50,7	45	150	150
2:59:10	95	50,7	45	150	150
2:59:20	96	50,7	45	149	150
2:59:30	96	50,6	46	148	150
2:59:40	96	50,4	47	148	150
2:59:50	97	50,3	48	147	150
3:00:00	97	50,3	48	147	150
3:00:10	98	50,2	49	146	150
3:00:20	98	50,0	50	146	150
3:00:30	98	50,0	50	145	150
3:00:40	99	50,0	51	143	150
3:00:50	99	49,9	52	142	150
3:01:00	100	49,9	53	141	150
3:01:10	100	49,8	54	139	150
3:01:20	100	49,8	54	138	150
3:01:30	101	49,8	54	136	150
3:01:40	101	49,8	54	134	150
3:01:50	102	49,7	56	133	150
3:02:00	102	49,8	57	131	150
3:02:10	103	49,8	57	129	150
3:02:20	103	49,8	57	128	150
3:02:30	103	49,8	58	127	150
3:02:40	104	49,8	58	126	150
3:02:50	104	49,8	58	125	150
3:03:00	105	49,9	58	124	150
3:03:10	105	49,9	58	123	150
3:03:20	106	49,9	58	122	150
3:03:30	106	49,9	58	122	150
3:03:40	106	49,9	58	121	150
3:03:50	107	49,9	58	120	150
3:04:00	107	49,8	58	120	150
3:04:10	108	49,9	58	119	150
3:04:20	108	50,0	58	119	150
3:04:30	108	49,8	58	118	150
3:04:40	109	49,8	58	118	150
3:04:50	109	49,9	58	117	150
3:05:00	110	50,1	58	117	150
3:05:10	110	49,9	58	117	150
3:05:20	110	50,0	59	116	150
3:05:30	111	49,8	59	116	150
3:05:40	111	50,0	59	116	150
3:05:50	111	49,8	59	115	150
3:06:00	112	50,0	59	115	150
3:06:10	112	49,8	60	115	150
3:06:20	112	49,9	60	114	150
3:06:30	112	50,0	60	114	150
3:06:40	113	49,9	61	114	150
3:06:50	113	49,9	61	113	150
3:07:00	113	50,1	61	113	150
3:07:10	114	49,9	62	113	150
3:07:20	114	50,1	62	113	150
3:07:30	114	50,0	62	112	150
3:07:40	114	50,1	62	112	150
3:07:50	114	50,0	63	112	150
3:08:00	115	49,9	63	112	150
3:08:10	115	50,0	63	111	150
3:08:20	115	49,9	64	111	150
3:08:30	115	50,0	64	111	150
3:08:40	115	50,0	64	111	150
3:08:50	116	49,9	65	111	150
3:09:00	116	50,1	65	110	150
3:09:10	116	50,1	65	110	150
3:09:20	116	49,9	65	110	150
3:09:30	116	49,8	65	110	150
3:09:40	116	50,0	65	110	150
3:09:50	117	49,9	66	109	150
3:10:00	117	50,3	66	109	150
3:10:10	117	50,1	66	109	150
3:10:20	117	50,0	66	109	150
3:10:30	117	49,9	67	109	150
3:10:40	117	50,1	67	109	150
3:10:50	117	50,0	67	108	150
3:11:00	117	50,0	68	108	150
3:11:10	117	49,9	68	108	150
3:11:20	117	50,1	68	108	150
3:11:30	118	50,0	68	108	150
3:11:40	118	49,9	68	108	150
3:11:50	118	49,9	68	107	150
3:12:00	118	50,1	68	107	150
3:12:10	118	50,0	68	107	150
3:12:20	118	49,9	69	107	150
3:12:30	118	50,1	69	107	150
3:12:40	118	50,1	69	107	150
3:12:50	118	50,0	69	107	150
3:13:00	118	49,9	69	106	150
3:13:10	118	50,1	69	106	150
3:13:20	118	50,0	69	106	150
3:13:30	118	50,0	69	106	150
3:13:40	118	49,9	70	106	150
3:13:50	118	50,1	70	106	150
3:14:00	118	50,0	70	106	150
3:14:10	118	49,9	70	105	150
3:14:20	118	50,0	70	105	150
