--Test Summary--
Full Path and File Name	
Instrument Name	7322
Instrument Type	Model 7322 Consistometer - Variable Speed
Instrument Serial Number	
Test Start Date	10.06.2014
Test Start Time	10:01:48
Test Stop Date	10.06.2014
Test Stop Time	15:44:48
Test Length	5:43:00
Final Sample Time Offset	5:43:00
Controller Schedule Name	
Sampling Period	10 seconds
Comments	
Information	WellID	Research
Information	Customer	Trican
Information	EngName	Pavel Lebedev
Information	CementClass	100%G
Information	CementMfr	Dyckerhoff - Suhoy Log
Information	Additives	0.5%TDF-3+0.8%CFR-10+0.3%LTR (bwoc)
Information	Density	1920
Information	BHCT	70
Information	BHST	85
Information	FluidLoss	n/a
Information	JobType	Research
Calculated Value	Time_30Bc	3:41:50
Calculated Value	Time_70Bc	5:34:30
Calculated Value	Time_100Bc	5:43:00
Initial Temperature (°C)	25 °C
Final Temperature (°C)	70 °C
Initial Pressure (MPa)	0,8 MPa
Final Pressure (MPa)	40,1 MPa
Initial Consistency (Bc)	3 Bc
Final Consistency (Bc)	104 Bc
Initial Wall Temperature (°C)	24 °C
Final Wall Temperature (°C)	69 °C
Initial Motor Speed (RPM)	150 RPM
Final Motor Speed (RPM)	150 RPM
--Data--
Time (HH:MM:SS)	Temperature (°C)	Pressure (MPa)	Consistency (Bc)	Wall Temperature (°C)	Motor Speed (RPM)
0:00:00	25	0,8	3	24	150
0:00:10	25	0,9	2	23	150
0:00:20	25	1,1	2	24	150
0:00:30	25	1,3	2	24	150
0:00:40	25	1,4	2	24	150
0:00:50	25	1,7	2	24	150
0:01:00	25	1,8	3	24	150
0:01:10	25	1,9	2	25	150
0:01:20	25	2,3	2	25	150
0:01:30	25	2,4	2	25	150
0:01:40	25	2,6	2	25	150
0:01:50	25	2,8	2	26	150
0:02:00	25	3,0	2	27	150
0:02:10	25	3,3	2	29	150
0:02:20	25	3,5	2	30	150
0:02:30	25	3,8	2	30	150
0:02:40	25	4,1	2	31	150
0:02:50	26	4,4	2	32	150
0:03:00	26	4,7	2	32	150
0:03:10	26	4,9	2	33	150
0:03:20	26	5,0	2	33	150
0:03:30	26	5,2	2	34	150
0:03:40	26	5,4	3	35	150
0:03:50	26	5,5	3	35	150
0:04:00	27	5,7	3	35	150
0:04:10	27	5,8	3	35	150
0:04:20	27	6,0	3	36	150
0:04:30	27	6,2	5	36	150
0:04:40	27	6,3	6	36	150
0:04:50	28	6,4	6	36	150
0:05:00	28	6,6	6	36	150
0:05:10	28	6,7	7	36	150
0:05:20	28	6,7	6	36	150
0:05:30	29	6,8	7	36	150
0:05:40	29	6,9	7	36	150
0:05:50	29	6,9	6	36	150
0:06:00	29	7,0	4	36	150
0:06:10	30	7,0	5	36	150
0:06:20	30	7,1	5	36	150
0:06:30	30	7,1	5	36	150
0:06:40	30	7,6	3	36	150
0:06:50	31	7,6	3	37	150
0:07:00	31	7,6	3	36	150
0:07:10	31	7,8	3	36	150
0:07:20	31	8,2	3	37	150
0:07:30	32	8,2	3	37	150
0:07:40	32	8,2	3	37	150
0:07:50	32	8,4	5	37	150
0:08:00	32	8,8	5	37	150
0:08:10	33	8,8	5	37	150
0:08:20	33	8,8	8	37	150
0:08:30	33	9,4	6	37	150
0:08:40	33	9,4	8	37	150
0:08:50	33	9,5	5	38	150
0:09:00	34	9,6	8	37	150
0:09:10	34	9,7	4	37	150
0:09:20	34	9,9	4	38	150
0:09:30	34	10,3	3	38	150
0:09:40	34	10,5	3	38	150
0:09:50	34	10,6	4	38	150
0:10:00	35	10,8	5	38	150
0:10:10	35	10,9	7	39	150
0:10:20	35	11,1	6	39	150
0:10:30	35	11,3	9	39	150
0:10:40	35	11,5	10	40	150
0:10:50	35	11,7	10	40	150
0:11:00	35	12,0	9	41	150
0:11:10	36	12,2	10	41	150
0:11:20	36	12,4	7	42	150
0:11:30	36	12,6	6	42	150
0:11:40	36	12,8	4	42	150
0:11:50	36	13,0	5	42	150
0:12:00	36	13,3	6	43	150
0:12:10	37	13,4	6	43	150
0:12:20	37	13,6	7	43	150
0:12:30	37	13,8	8	44	150
0:12:40	37	14,0	8	44	150
0:12:50	37	14,1	8	44	150
0:13:00	38	14,3	10	44	150
0:13:10	38	14,4	7	44	150
0:13:20	38	14,6	6	45	150
0:13:30	38	14,7	7	45	150
0:13:40	38	14,8	7	45	150
0:13:50	39	14,9	8	45	150
0:14:00	39	15,1	7	45	150
0:14:10	39	15,2	7	45	150
0:14:20	39	15,3	5	46	150
0:14:30	39	15,5	3	46	150
0:14:40	40	15,7	7	46	150
0:14:50	40	15,8	10	46	150
0:15:00	40	15,9	10	47	150
0:15:10	40	16,1	5	47	150
0:15:20	40	16,2	3	47	150
0:15:30	41	16,4	8	47	150
0:15:40	41	16,6	8	48	150
0:15:50	41	16,7	5	48	150
0:16:00	41	16,9	9	48	150
0:16:10	41	17,1	9	48	150
0:16:20	42	17,3	10	48	150
0:16:30	42	17,5	7	49	150
0:16:40	42	17,6	11	49	150
0:16:50	42	17,8	7	49	150
0:17:00	42	17,9	8	49	150
0:17:10	43	18,1	11	50	150
0:17:20	43	18,2	11	50	150
0:17:30	43	18,4	6	50	150
0:17:40	43	18,5	10	50	150
0:17:50	43	18,7	11	50	150
0:18:00	43	18,8	11	51	150
0:18:10	44	19,0	11	50	150
0:18:20	44	19,1	11	51	150
0:18:30	44	19,3	5	51	150
0:18:40	44	19,5	8	51	150
0:18:50	44	19,6	8	52	150
0:19:00	45	19,7	9	52	150
0:19:10	45	19,9	8	52	150
0:19:20	45	20,1	10	52	150
0:19:30	45	20,2	10	52	150
0:19:40	45	20,3	8	52	150
0:19:50	46	20,5	8	52	150
0:20:00	46	20,6	8	53	150
0:20:10	46	20,8	9	53	150
0:20:20	46	20,9	10	53	150
0:20:30	46	21,1	10	53	150
0:20:40	47	21,2	10	53	150
0:20:50	47	21,3	9	54	150
0:21:00	47	21,5	8	54	150
0:21:10	47	21,7	8	54	150
0:21:20	47	21,8	8	54	150
0:21:30	48	22,0	8	54	150
0:21:40	48	22,1	9	54	150
0:21:50	48	22,2	8	55	150
0:22:00	48	22,4	9	55	150
0:22:10	48	22,6	8	55	150
0:22:20	48	22,8	4	55	150
0:22:30	49	22,9	7	56	150
0:22:40	49	23,1	6	56	150
0:22:50	49	23,2	8	56	150
0:23:00	49	23,4	6	56	150
0:23:10	49	23,6	8	56	150
0:23:20	50	23,7	8	57	150
0:23:30	50	23,9	8	57	150
0:23:40	50	24,0	7	57	150
0:23:50	50	24,2	9	57	150
0:24:00	50	24,3	9	57	150
0:24:10	51	24,5	8	58	150
0:24:20	51	24,6	10	58	150
0:24:30	51	24,8	9	58	150
0:24:40	51	25,0	10	58	150
0:24:50	51	25,3	10	58	150
0:25:00	52	25,4	10	58	150
0:25:10	52	25,6	10	59	150
0:25:20	52	25,7	10	59	150
0:25:30	52	25,9	10	59	150
0:25:40	52	26,1	9	59	150
0:25:50	53	26,2	10	59	150
0:26:00	53	26,4	9	60	150
0:26:10	53	26,5	9	60	150
0:26:20	53	26,7	8	60	150
0:26:30	53	26,8	10	60	150
0:26:40	53	27,0	10	61	150
0:26:50	54	27,1	10	61	150
0:27:00	54	27,2	10	61	150
0:27:10	54	27,4	9	61	150
0:27:20	54	27,8	9	61	150
0:27:30	54	28,0	9	62	150
0:27:40	55	28,1	10	61	150
0:27:50	55	28,3	10	62	150
0:28:00	55	28,4	9	62	150
0:28:10	55	28,6	9	62	150
0:28:20	55	28,8	10	62	150
0:28:30	56	28,9	10	63	150
0:28:40	56	29,1	10	63	150
0:28:50	56	29,2	10	63	150
0:29:00	56	29,4	10	63	150
0:29:10	56	29,5	10	63	150
0:29:20	56	29,7	10	63	150
0:29:30	57	29,8	10	64	150
0:29:40	57	30,0	9	64	150
0:29:50	57	30,2	10	64	150
0:30:00	57	30,3	10	64	150
0:30:10	57	30,5	9	64	150
0:30:20	58	30,6	10	65	150
0:30:30	58	30,8	10	65	150
0:30:40	58	31,0	10	65	150
0:30:50	58	31,1	8	66	150
0:31:00	58	31,3	6	65	150
0:31:10	59	31,4	8	66	150
0:31:20	59	31,6	8	66	150
0:31:30	59	31,7	9	66	150
0:31:40	59	31,9	8	66	150
0:31:50	59	32,0	9	66	150
0:32:00	60	32,2	9	67	150
0:32:10	60	32,4	9	67	150
0:32:20	60	32,5	9	67	150
0:32:30	60	32,7	10	67	150
0:32:40	60	32,9	7	67	150
0:32:50	60	33,0	10	68	150
0:33:00	61	33,2	9	68	150
0:33:10	61	33,4	9	68	150
0:33:20	61	33,5	9	68	150
0:33:30	61	33,7	9	68	150
0:33:40	61	33,8	9	68	150
0:33:50	62	34,0	9	69	150
0:34:00	62	34,1	8	69	150
0:34:10	62	34,3	8	69	150
0:34:20	62	34,4	8	69	150
0:34:30	62	34,6	7	69	150
0:34:40	63	34,8	7	70	150
0:34:50	63	34,9	7	70	150
0:35:00	63	35,1	6	70	150
0:35:10	63	35,5	7	70	150
0:35:20	63	35,7	7	70	150
0:35:30	64	35,8	8	70	150
0:35:40	64	36,0	7	71	150
0:35:50	64	36,1	8	71	150
0:36:00	64	36,3	9	71	150
0:36:10	64	36,4	8	71	150
0:36:20	64	36,6	8	71	150
0:36:30	65	36,7	9	72	150
0:36:40	65	36,9	8	72	150
0:36:50	65	37,0	9	72	150
0:37:00	65	37,2	9	72	150
0:37:10	65	37,3	7	72	150
0:37:20	66	37,5	9	73	150
0:37:30	66	37,7	9	73	150
0:37:40	66	37,8	8	73	150
0:37:50	66	38,0	8	73	150
0:38:00	66	38,1	10	73	150
0:38:10	67	38,3	10	74	150
0:38:20	67	38,4	10	73	150
0:38:30	67	38,6	9	74	150
0:38:40	67	38,7	9	74	150
0:38:50	67	38,9	8	74	150
0:39:00	67	39,1	9	74	150
0:39:10	68	39,2	9	75	150
0:39:20	68	39,4	7	75	150
0:39:30	68	39,6	7	75	150
0:39:40	68	39,7	8	75	150
0:39:50	68	39,9	7	75	150
0:40:00	69	40,0	8	75	150
0:40:10	69	40,2	6	76	150
0:40:20	69	40,3	7	76	150
0:40:30	69	40,4	7	76	150
0:40:40	69	40,4	8	76	150
0:40:50	70	40,5	8	76	150
0:41:00	70	40,5	8	75	150
0:41:10	70	40,4	9	75	150
0:41:20	70	40,4	9	75	150
0:41:30	70	40,3	10	74	150
0:41:40	70	40,2	7	74	150
0:41:50	71	40,1	8	74	150
0:42:00	71	40,0	9	73	150
0:42:10	71	40,0	9	73	150
0:42:20	71	39,9	10	73	150
0:42:30	71	40,2	10	72	150
0:42:40	71	40,0	9	71	150
0:42:50	71	39,9	10	71	150
0:43:00	71	40,2	10	71	150
0:43:10	71	40,1	10	71	150
0:43:20	71	40,0	9	71	150
0:43:30	72	39,9	10	70	150
0:43:40	72	40,1	10	70	150
0:43:50	72	40,0	9	70	150
0:44:00	72	40,0	10	70	150
0:44:10	72	40,0	10	70	150
0:44:20	72	40,0	9	69	150
0:44:30	72	40,1	8	69	150
0:44:40	72	40,2	9	69	150
0:44:50	71	40,2	10	69	150
0:45:00	71	40,2	10	69	150
0:45:10	71	40,2	9	69	150
0:45:20	71	40,2	9	69	150
0:45:30	71	40,2	9	69	150
0:45:40	71	40,2	9	69	150
0:45:50	71	40,2	9	70	150
0:46:00	71	40,2	8	69	150
0:46:10	71	40,3	9	70	150
0:46:20	71	40,3	9	70	150
0:46:30	71	40,3	10	70	150
0:46:40	71	40,4	10	70	150
0:46:50	71	40,4	9	70	150
0:47:00	71	40,5	9	70	150
0:47:10	71	40,5	9	70	150
0:47:20	71	40,6	8	70	150
0:47:30	71	40,6	10	70	150
0:47:40	71	40,6	8	70	150
0:47:50	71	40,7	9	70	150
0:48:00	71	40,7	9	70	150
0:48:10	71	40,8	9	70	150
0:48:20	71	40,8	10	70	150
0:48:30	71	40,8	10	71	150
0:48:40	71	40,8	9	70	150
0:48:50	71	40,8	10	71	150
0:49:00	71	40,9	10	70	150
0:49:10	71	40,9	9	70	150
0:49:20	71	40,9	9	70	150
0:49:30	71	40,9	9	70	150
0:49:40	71	40,9	9	70	150
0:49:50	71	40,9	9	70	150
0:50:00	71	40,9	9	70	150
0:50:10	71	40,9	9	70	150
0:50:20	71	40,9	10	70	150
0:50:30	71	40,9	9	70	150
0:50:40	71	40,9	10	70	150
0:50:50	71	40,9	9	70	150
0:51:00	71	40,9	9	70	150
0:51:10	71	41,0	9	70	150
0:51:20	71	41,0	10	70	150
0:51:30	71	41,0	10	70	150
0:51:40	71	41,0	10	70	150
0:51:50	70	41,0	9	70	150
0:52:00	70	40,9	10	70	150
0:52:10	70	40,9	10	70	150
0:52:20	70	40,9	10	70	150
0:52:30	71	40,9	10	70	150
0:52:40	70	40,9	10	70	150
0:52:50	70	41,0	10	70	150
0:53:00	70	41,0	10	70	150
0:53:10	70	41,0	10	70	150
0:53:20	70	41,0	9	70	150
0:53:30	70	41,0	10	70	150
0:53:40	70	41,0	10	70	150
0:53:50	70	40,5	10	70	150
0:54:00	70	40,5	10	70	150
0:54:10	70	40,5	10	70	150
0:54:20	70	40,6	10	70	150
0:54:30	70	40,6	9	70	150
0:54:40	70	40,6	9	70	150
0:54:50	70	40,6	10	70	150
0:55:00	70	40,6	9	70	150
0:55:10	70	40,7	9	70	150
0:55:20	70	40,7	8	70	150
0:55:30	70	40,7	9	70	150
0:55:40	70	40,7	9	70	150
0:55:50	70	40,7	9	70	150
0:56:00	70	40,7	9	70	150
0:56:10	70	40,7	9	70	150
0:56:20	70	40,7	9	70	150
0:56:30	70	40,7	9	70	150
0:56:40	70	40,7	9	70	150
0:56:50	70	40,7	8	70	150
0:57:00	70	40,7	9	70	150
0:57:10	70	40,7	7	70	150
0:57:20	70	40,7	8	70	150
0:57:30	70	40,7	8	70	150
0:57:40	70	40,7	8	70	150
0:57:50	70	40,7	9	70	150
0:58:00	70	40,8	9	70	150
0:58:10	70	40,8	9	70	150
0:58:20	70	40,8	10	70	150
0:58:30	70	40,8	10	70	150
0:58:40	70	40,8	9	70	150
0:58:50	70	40,8	10	70	150
0:59:00	70	40,8	9	70	150
0:59:10	70	40,8	10	70	150
0:59:20	70	40,8	10	70	150
0:59:30	70	40,8	9	70	150
0:59:40	70	40,8	9	70	150
0:59:50	70	40,9	9	70	150
1:00:00	70	40,9	10	70	150
1:00:10	70	40,9	10	70	150
1:00:20	70	40,9	9	70	150
1:00:30	70	40,9	9	70	150
1:00:40	70	40,9	9	70	150
1:00:50	70	40,9	9	70	150
1:01:00	70	40,9	10	70	150
1:01:10	70	40,9	9	70	150
1:01:20	70	40,9	10	70	150
1:01:30	70	41,0	9	70	150
1:01:40	70	41,0	10	70	150
1:01:50	70	41,0	10	70	150
1:02:00	70	41,0	10	70	150
1:02:10	70	41,0	9	70	150
1:02:20	70	41,0	10	70	150
1:02:30	70	41,0	9	70	150
1:02:40	70	40,6	9	70	150
1:02:50	70	40,6	9	70	150
1:03:00	70	40,6	10	70	150
1:03:10	70	40,6	9	70	150
1:03:20	70	40,6	10	70	150
1:03:30	70	40,6	9	70	150
1:03:40	70	40,6	10	70	150
1:03:50	70	40,6	10	70	150
1:04:00	70	40,6	10	70	150
1:04:10	70	40,7	10	70	150
1:04:20	70	40,7	10	70	150
1:04:30	70	40,7	10	70	150
1:04:40	70	40,7	10	70	150
1:04:50	70	40,7	10	70	150
1:05:00	70	40,7	9	70	150
1:05:10	70	40,7	9	70	150
1:05:20	70	40,7	9	70	150
1:05:30	70	40,7	9	70	150
1:05:40	70	40,8	10	70	150
1:05:50	70	40,8	10	70	150
1:06:00	70	40,8	9	70	150
1:06:10	70	40,8	9	70	150
1:06:20	70	40,8	10	70	150
1:06:30	70	40,8	10	70	150
1:06:40	70	40,8	9	70	150
1:06:50	70	40,8	10	70	150
1:07:00	70	40,8	9	70	150
1:07:10	70	40,8	9	70	150
1:07:20	70	40,8	9	70	150
1:07:30	70	40,8	9	70	150
1:07:40	70	40,8	9	70	150
1:07:50	70	40,8	9	70	150
1:08:00	70	40,8	9	70	150
1:08:10	70	40,8	9	70	150
1:08:20	70	40,9	10	70	150
1:08:30	70	40,9	9	70	150
1:08:40	70	40,9	10	70	150
1:08:50	70	40,9	9	70	150
1:09:00	70	40,9	9	70	150
1:09:10	70	40,9	10	70	150
1:09:20	70	40,8	10	70	150
1:09:30	70	40,9	9	70	150
1:09:40	70	40,9	10	70	150
1:09:50	70	40,9	10	70	150
1:10:00	70	40,9	9	70	150
1:10:10	70	40,9	10	70	150
1:10:20	70	40,9	9	70	150
1:10:30	70	40,9	10	70	150
1:10:40	70	40,9	10	70	150
1:10:50	70	40,9	10	70	150
1:11:00	70	40,9	10	70	150
1:11:10	70	40,9	9	70	150
1:11:20	70	40,9	10	70	150
1:11:30	70	41,0	10	70	150
1:11:40	70	41,0	10	70	150
1:11:50	70	41,0	10	70	150
1:12:00	70	41,0	10	70	150
1:12:10	70	41,0	10	70	150
1:12:20	70	40,6	10	70	150
1:12:30	70	40,5	10	70	150
1:12:40	70	40,5	10	70	150
1:12:50	70	40,6	10	70	150
1:13:00	70	40,6	10	70	150
1:13:10	70	40,6	10	70	150
1:13:20	70	40,6	10	70	150
1:13:30	70	40,6	10	70	150
1:13:40	70	40,6	10	70	150
1:13:50	70	40,6	10	70	150
1:14:00	70	40,6	10	70	150
1:14:10	70	40,6	10	70	150
1:14:20	70	40,6	10	70	150
1:14:30	70	40,6	10	70	150
1:14:40	70	40,6	10	70	150
1:14:50	70	40,6	10	70	150
1:15:00	70	40,6	10	70	150
1:15:10	70	40,6	10	70	150
1:15:20	70	40,6	9	70	150
1:15:30	70	40,6	10	70	150
1:15:40	70	40,5	10	70	150
1:15:50	70	40,5	10	70	150
1:16:00	70	40,5	10	70	150
1:16:10	70	40,6	10	70	150
1:16:20	70	40,6	10	70	150
1:16:30	70	40,6	10	70	150
1:16:40	70	40,6	10	70	150
1:16:50	70	40,6	10	70	150
1:17:00	70	40,6	10	70	150
1:17:10	70	40,6	10	70	150
1:17:20	70	40,6	10	70	150
1:17:30	70	40,6	11	70	150
1:17:40	70	40,6	10	70	150
1:17:50	70	40,6	10	70	150
1:18:00	70	40,6	11	70	150
1:18:10	70	40,6	11	70	150
1:18:20	70	40,6	11	70	150
1:18:30	70	40,6	11	70	150
1:18:40	70	40,6	11	70	150
1:18:50	70	40,6	11	70	150
1:19:00	70	40,6	11	70	150
1:19:10	70	40,6	10	70	150
1:19:20	70	40,7	10	70	150
1:19:30	70	40,7	10	70	150
1:19:40	70	40,7	10	70	150
1:19:50	70	40,7	10	70	150
1:20:00	70	40,7	10	70	150
1:20:10	70	40,7	10	70	150
1:20:20	70	40,7	10	70	150
1:20:30	70	40,7	10	70	150
1:20:40	70	40,7	10	70	150
1:20:50	70	40,7	10	70	150
1:21:00	70	40,7	10	70	150
1:21:10	70	40,7	10	70	150
1:21:20	70	40,8	10	70	150
1:21:30	70	40,8	10	70	150
1:21:40	70	40,8	11	70	150
1:21:50	70	40,8	11	70	150
1:22:00	70	40,8	10	70	150
1:22:10	70	40,8	10	70	150
1:22:20	70	40,8	10	70	150
1:22:30	70	40,8	10	70	150
1:22:40	70	40,8	11	70	150
1:22:50	70	40,8	10	70	150
1:23:00	70	40,8	10	70	150
1:23:10	70	40,8	11	70	150
1:23:20	70	40,8	10	70	150
1:23:30	70	40,9	11	70	150
1:23:40	70	40,9	11	70	150
1:23:50	70	40,9	11	70	150
1:24:00	70	40,9	11	70	150
1:24:10	70	40,9	11	70	150
1:24:20	70	40,9	11	70	150
1:24:30	70	40,8	11	70	150
1:24:40	70	40,8	11	70	150
1:24:50	70	40,8	11	70	150
1:25:00	70	40,8	11	70	150
1:25:10	70	40,8	11	70	150
1:25:20	70	40,8	11	70	150
1:25:30	70	40,8	11	70	150
1:25:40	70	40,9	11	70	150
1:25:50	70	40,9	11	70	150
1:26:00	70	40,8	11	70	150
1:26:10	70	40,8	11	70	150
1:26:20	70	40,8	11	70	150
1:26:30	70	40,9	10	69	150
1:26:40	70	40,9	10	70	150
1:26:50	70	40,9	10	70	150
1:27:00	70	40,9	11	70	150
1:27:10	70	40,9	11	70	150
1:27:20	70	40,9	10	70	150
1:27:30	70	40,9	10	70	150
1:27:40	70	40,9	10	70	150
1:27:50	70	40,9	10	70	150
1:28:00	70	40,9	11	70	150
1:28:10	70	40,9	10	70	150
1:28:20	70	40,9	10	70	150
1:28:30	70	40,9	11	70	150
1:28:40	70	40,9	11	70	150
1:28:50	70	40,9	11	70	150
1:29:00	70	40,9	10	70	150
1:29:10	70	40,9	10	70	150
1:29:20	70	41,0	10	70	150
1:29:30	70	41,0	11	70	150
1:29:40	70	41,0	10	70	150
1:29:50	70	41,0	10	70	150
1:30:00	70	41,0	11	70	150
1:30:10	70	41,0	10	70	150
1:30:20	70	41,0	10	70	150
1:30:30	70	41,0	10	70	150
1:30:40	70	41,0	10	70	150
1:30:50	70	41,0	10	70	150
1:31:00	70	41,0	10	70	150
1:31:10	70	41,0	10	70	150
1:31:20	70	41,0	10	70	150
1:31:30	70	41,0	11	70	150
1:31:40	70	41,0	11	70	150
1:31:50	70	40,4	11	70	150
1:32:00	70	40,4	11	70	150
1:32:10	70	40,5	11	70	150
1:32:20	70	40,5	11	70	150
1:32:30	70	40,5	11	70	150
1:32:40	70	40,5	11	70	150
1:32:50	70	40,5	11	70	150
1:33:00	70	40,5	11	70	150
1:33:10	70	40,5	10	70	150
1:33:20	70	40,5	11	70	150
1:33:30	70	40,5	11	70	150
1:33:40	70	40,5	10	70	150
1:33:50	70	40,5	11	70	150
1:34:00	70	40,5	11	70	150
1:34:10	70	40,5	11	70	150
1:34:20	70	40,5	10	70	150
1:34:30	70	40,5	10	70	150
1:34:40	70	40,5	10	70	150
1:34:50	70	40,5	10	70	150
1:35:00	70	40,5	11	70	150
1:35:10	70	40,5	10	70	150
1:35:20	70	40,5	11	70	150
1:35:30	70	40,5	10	70	150
1:35:40	70	40,5	10	70	150
1:35:50	70	40,5	10	70	150
1:36:00	70	40,5	10	70	150
1:36:10	70	40,5	10	70	150
1:36:20	70	40,6	11	70	150
1:36:30	70	40,5	11	70	150
1:36:40	70	40,6	11	70	150
1:36:50	70	40,5	11	70	150
1:37:00	70	40,5	11	70	150
1:37:10	70	40,6	11	70	150
1:37:20	70	40,6	11	70	150
1:37:30	70	40,6	9	70	150
1:37:40	70	40,6	10	70	150
1:37:50	70	40,6	11	70	150
1:38:00	70	40,6	10	70	150
1:38:10	70	40,6	11	70	150
1:38:20	70	40,6	10	70	150
1:38:30	70	40,6	11	70	150
1:38:40	70	40,6	10	70	150
1:38:50	70	40,6	10	70	150
1:39:00	70	40,6	11	70	150
1:39:10	70	40,6	11	70	150
1:39:20	70	40,6	11	70	150
1:39:30	70	40,6	11	70	150
1:39:40	70	40,6	10	70	150
1:39:50	70	40,6	10	70	150
1:40:00	70	40,6	11	70	150
1:40:10	70	40,6	11	70	150
1:40:20	70	40,6	11	70	150
1:40:30	70	40,6	11	70	150
1:40:40	70	40,6	11	70	150
1:40:50	70	40,7	11	70	150
1:41:00	70	40,6	11	70	150
1:41:10	70	40,6	11	70	150
1:41:20	70	40,6	11	70	150
1:41:30	70	40,7	11	70	150
1:41:40	70	40,7	11	70	150
1:41:50	70	40,7	11	70	150
1:42:00	70	40,7	11	70	150
1:42:10	70	40,7	11	70	150
1:42:20	70	40,7	11	70	150
1:42:30	70	40,6	11	70	150
1:42:40	70	40,6	11	70	150
1:42:50	70	40,6	11	70	150
1:43:00	70	40,6	11	70	150
1:43:10	70	40,6	11	70	150
1:43:20	70	40,6	11	69	150
1:43:30	70	40,6	11	70	150
1:43:40	70	40,7	11	70	150
1:43:50	70	40,7	11	70	150
1:44:00	70	40,6	11	70	150
1:44:10	70	40,6	11	70	150
1:44:20	70	40,6	11	70	150
1:44:30	70	40,7	11	70	150
1:44:40	70	40,7	11	70	150
1:44:50	70	40,7	11	70	150
1:45:00	70	40,7	10	70	150
1:45:10	70	40,7	11	70	150
1:45:20	70	40,7	11	70	150
1:45:30	70	40,7	11	70	150
1:45:40	70	40,7	11	70	150
1:45:50	70	40,7	11	70	150
1:46:00	70	40,7	11	70	150
1:46:10	70	40,7	11	70	150
1:46:20	70	40,7	11	70	150
1:46:30	70	40,7	11	70	150
1:46:40	70	40,7	11	70	150
1:46:50	70	40,7	11	70	150
1:47:00	70	40,7	11	70	150
1:47:10	70	40,7	11	70	150
1:47:20	70	40,7	11	70	150
1:47:30	70	40,7	10	70	150
1:47:40	70	40,7	11	70	150
1:47:50	70	40,7	11	70	150
1:48:00	70	40,7	10	70	150
1:48:10	70	40,7	11	70	150
1:48:20	70	40,7	11	70	150
1:48:30	70	40,8	11	70	150
1:48:40	70	40,8	10	70	150
1:48:50	70	40,8	11	70	150
1:49:00	70	40,8	11	70	150
1:49:10	70	40,8	11	70	150
1:49:20	70	40,8	10	70	150
1:49:30	70	40,8	11	70	150
1:49:40	70	40,8	10	70	150
1:49:50	70	40,8	11	70	150
1:50:00	70	40,8	11	70	150
1:50:10	70	40,8	11	70	150
1:50:20	70	40,8	10	70	150
1:50:30	70	40,8	11	70	150
1:50:40	70	40,8	11	70	150
1:50:50	70	40,9	11	70	150
1:51:00	70	40,9	11	70	150
1:51:10	70	40,9	11	70	150
1:51:20	70	40,9	11	70	150
1:51:30	70	40,9	11	70	150
1:51:40	70	40,9	11	70	150
1:51:50	70	40,9	10	70	150
1:52:00	70	40,9	11	70	150
1:52:10	70	40,9	11	70	150
1:52:20	70	40,9	11	70	150
1:52:30	70	41,0	11	70	150
1:52:40	70	41,0	11	70	150
1:52:50	70	41,0	11	70	150
1:53:00	70	41,0	11	70	150
1:53:10	70	41,0	11	70	150
1:53:20	70	41,0	11	70	150
1:53:30	70	41,0	10	70	150
1:53:40	70	41,0	10	70	150
1:53:50	70	41,0	11	70	150
1:54:00	70	41,0	11	70	150
1:54:10	70	41,0	11	70	150
1:54:20	70	41,0	11	70	150
1:54:30	70	41,0	11	70	150
1:54:40	70	41,0	11	70	150
1:54:50	70	41,0	11	70	150
1:55:00	70	41,0	11	70	150
1:55:10	70	40,9	11	70	150
1:55:20	70	41,0	11	70	150
1:55:30	70	41,0	11	70	150
1:55:40	70	41,0	11	70	150
1:55:50	70	41,0	11	70	150
1:56:00	70	41,0	11	70	150
1:56:10	70	41,0	11	70	150
1:56:20	70	41,0	11	70	150
1:56:30	70	41,0	11	70	150
1:56:40	70	41,0	11	70	150
1:56:50	70	41,0	11	70	150
1:57:00	70	41,0	11	70	150
1:57:10	70	41,0	11	70	150
1:57:20	70	40,9	11	70	150
1:57:30	70	40,9	11	70	150
1:57:40	70	40,9	11	70	150
1:57:50	70	40,9	11	70	150
1:58:00	70	41,0	11	70	150
1:58:10	70	40,9	11	70	150
1:58:20	70	40,9	11	70	150
1:58:30	70	41,0	11	70	150
1:58:40	70	41,0	11	70	150
1:58:50	70	41,0	11	70	150
1:59:00	70	41,0	12	70	150
1:59:10	70	41,0	12	70	150
1:59:20	70	41,0	11	70	150
1:59:30	70	41,0	11	70	150
1:59:40	70	41,0	11	70	150
1:59:50	70	41,0	11	70	150
2:00:00	70	41,0	12	70	150
2:00:10	70	41,0	12	70	150
2:00:20	70	41,0	10	70	150
2:00:30	70	41,0	12	70	150
2:00:40	70	41,0	12	70	150
2:00:50	70	41,0	12	70	150
2:01:00	70	41,0	12	70	150
2:01:10	70	41,0	12	70	150
2:01:20	70	41,0	12	70	150
2:01:30	70	41,0	12	70	150
2:01:40	70	41,0	12	70	150
2:01:50	70	41,0	11	70	150
2:02:00	70	41,0	9	70	150
2:02:10	70	41,0	11	70	150
2:02:20	70	41,0	12	70	150
2:02:30	70	41,0	13	70	150
2:02:40	70	41,0	13	70	150
2:02:50	70	41,0	13	70	150
2:03:00	70	41,0	13	70	150
2:03:10	70	41,0	13	70	150
2:03:20	70	41,0	13	70	150
2:03:30	70	41,0	13	70	150
2:03:40	70	41,0	13	70	150
2:03:50	70	41,0	13	70	150
2:04:00	70	41,0	13	70	150
2:04:10	70	41,0	13	70	150
2:04:20	70	41,0	13	70	150
2:04:30	70	41,0	13	70	150
2:04:40	70	41,0	12	70	150
2:04:50	70	41,0	13	70	150
2:05:00	70	41,0	13	70	150
2:05:10	70	41,0	13	70	150
2:05:20	70	41,0	13	70	150
2:05:30	70	41,0	13	70	150
2:05:40	70	41,0	13	70	150
2:05:50	70	40,4	13	70	150
2:06:00	70	40,4	13	70	150
2:06:10	70	40,4	13	70	150
2:06:20	70	40,4	13	70	150
2:06:30	70	40,4	13	70	150
2:06:40	70	40,5	13	70	150
2:06:50	70	40,5	13	70	150
2:07:00	70	40,5	12	70	150
2:07:10	70	40,5	12	70	150
2:07:20	70	40,5	12	70	150
2:07:30	70	40,5	13	70	150
2:07:40	70	40,5	13	70	150
2:07:50	70	40,5	13	70	150
2:08:00	70	40,5	13	70	150
2:08:10	70	40,5	13	70	150
2:08:20	70	40,5	13	70	150
2:08:30	70	40,5	12	70	150
2:08:40	70	40,5	13	70	150
2:08:50	70	40,5	13	70	150
2:09:00	70	40,5	13	70	150
2:09:10	70	40,6	13	70	150
2:09:20	70	40,6	13	70	150
2:09:30	70	40,6	13	70	150
2:09:40	70	40,6	13	70	150
2:09:50	70	40,6	13	70	150
2:10:00	70	40,5	13	70	150
2:10:10	70	40,5	13	70	150
2:10:20	70	40,5	13	70	150
2:10:30	70	40,5	13	70	150
2:10:40	70	40,5	13	70	150
2:10:50	70	40,5	13	70	150
2:11:00	70	40,5	13	70	150
2:11:10	70	40,5	13	70	150
2:11:20	70	40,5	13	70	150
2:11:30	70	40,5	13	70	150
2:11:40	70	40,5	13	70	150
2:11:50	70	40,5	13	70	150
2:12:00	70	40,5	13	70	150
2:12:10	70	40,5	13	70	150
2:12:20	70	40,5	13	70	150
2:12:30	70	40,4	13	70	150
2:12:40	70	40,4	12	70	150
2:12:50	70	40,4	12	70	150
2:13:00	70	40,4	13	70	150
2:13:10	70	40,4	12	70	150
2:13:20	70	40,4	13	70	150
2:13:30	70	40,4	13	70	150
2:13:40	70	40,4	12	70	150
2:13:50	70	40,4	12	70	150
2:14:00	70	40,4	13	70	150
2:14:10	70	40,4	13	70	150
2:14:20	70	40,4	13	70	150
2:14:30	70	40,4	13	70	150
2:14:40	70	40,4	13	70	150
2:14:50	70	40,4	13	70	150
2:15:00	70	40,4	13	70	150
2:15:10	70	40,4	13	70	150
2:15:20	70	40,4	13	70	150
2:15:30	70	40,4	13	70	150
2:15:40	70	40,4	13	70	150
2:15:50	70	40,4	13	70	150
2:16:00	70	40,4	13	70	150
2:16:10	70	40,4	13	70	150
2:16:20	70	40,4	13	70	150
2:16:30	70	40,4	12	70	150
2:16:40	70	40,4	12	70	150
2:16:50	70	40,4	12	70	150
2:17:00	70	40,4	12	70	150
2:17:10	70	40,4	13	70	150
2:17:20	70	40,4	13	70	150
2:17:30	70	40,4	12	70	150
2:17:40	70	40,5	13	70	150
2:17:50	70	40,5	13	70	150
2:18:00	70	40,5	12	70	150
2:18:10	70	40,5	12	70	150
2:18:20	70	40,5	13	70	150
2:18:30	70	40,5	13	70	150
2:18:40	70	40,5	13	70	150
2:18:50	70	40,5	13	70	150
2:19:00	70	40,5	13	70	150
2:19:10	70	40,5	13	70	150
2:19:20	70	40,5	12	70	150
2:19:30	70	40,5	12	70	150
2:19:40	70	40,5	12	70	150
2:19:50	70	40,5	13	70	150
2:20:00	70	40,5	13	70	150
2:20:10	70	40,5	13	70	150
2:20:20	70	40,5	13	70	150
2:20:30	70	40,5	13	70	150
2:20:40	70	40,5	12	70	150
2:20:50	70	40,5	12	70	150
2:21:00	70	40,5	13	70	150
2:21:10	70	40,5	13	70	150
2:21:20	70	40,5	13	70	150
2:21:30	70	40,5	13	70	150
2:21:40	70	40,5	13	70	150
2:21:50	70	40,5	13	70	150
2:22:00	70	40,5	12	70	150
2:22:10	70	40,5	13	70	150
2:22:20	70	40,5	12	70	150
2:22:30	70	40,5	13	70	150
2:22:40	70	40,5	12	70	150
2:22:50	70	40,5	13	70	150
2:23:00	70	40,5	13	70	150
2:23:10	70	40,5	13	70	150
2:23:20	70	40,5	13	70	150
2:23:30	70	40,5	13	70	150
2:23:40	70	40,5	13	70	150
2:23:50	70	40,5	13	70	150
2:24:00	70	40,5	13	70	150
2:24:10	70	40,5	13	70	150
2:24:20	70	40,5	13	70	150
2:24:30	70	40,5	13	70	150
2:24:40	70	40,5	13	70	150
2:24:50	70	40,5	13	70	150
2:25:00	70	40,5	13	70	150
2:25:10	70	40,5	13	70	150
2:25:20	70	40,5	13	70	150
2:25:30	70	40,5	13	70	150
2:25:40	70	40,5	13	70	150
2:25:50	70	40,5	13	70	150
2:26:00	70	40,5	13	70	150
2:26:10	70	40,5	13	70	150
2:26:20	70	40,5	13	70	150
2:26:30	70	40,5	13	70	150
2:26:40	70	40,5	13	70	150
2:26:50	70	40,5	13	70	150
2:27:00	70	40,5	13	70	150
2:27:10	70	40,5	13	70	150
2:27:20	70	40,5	13	70	150
2:27:30	70	40,5	13	70	150
2:27:40	70	40,5	13	70	150
2:27:50	70	40,5	13	70	150
2:28:00	70	40,5	13	70	150
2:28:10	70	40,5	13	70	150
2:28:20	70	40,5	13	70	150
2:28:30	70	40,5	13	70	150
2:28:40	70	40,5	13	70	150
2:28:50	70	40,5	13	70	150
2:29:00	70	40,5	13	70	150
2:29:10	70	40,5	13	70	150
2:29:20	70	40,5	13	70	150
2:29:30	70	40,5	13	70	150
2:29:40	70	40,5	13	70	150
2:29:50	70	40,5	13	70	150
2:30:00	70	40,5	13	70	150
2:30:10	70	40,5	13	70	150
2:30:20	70	40,5	13	70	150
2:30:30	70	40,5	13	70	150
2:30:40	70	40,5	13	70	150
2:30:50	70	40,5	13	70	150
2:31:00	70	40,5	13	70	150
2:31:10	70	40,5	13	70	150
2:31:20	70	40,5	13	70	150
2:31:30	70	40,5	13	70	150
2:31:40	70	40,5	13	70	150
2:31:50	70	40,5	13	70	150
2:32:00	70	40,5	13	70	150
2:32:10	70	40,5	13	70	150
2:32:20	70	40,5	13	70	150
2:32:30	70	40,5	13	70	150
2:32:40	70	40,5	13	70	150
2:32:50	70	40,5	13	70	150
2:33:00	70	40,5	13	70	150
2:33:10	70	40,5	13	70	150
2:33:20	70	40,5	13	70	150
2:33:30	70	40,5	13	70	150
2:33:40	70	40,5	13	70	150
2:33:50	70	40,5	13	70	150
2:34:00	70	40,5	13	70	150
2:34:10	70	40,6	13	70	150
2:34:20	70	40,6	13	70	150
2:34:30	70	40,6	13	70	150
2:34:40	70	40,6	13	70	150
2:34:50	70	40,6	13	70	150
2:35:00	70	40,6	13	70	150
2:35:10	70	40,5	13	70	150
2:35:20	70	40,5	13	70	150
2:35:30	70	40,5	12	70	150
2:35:40	70	40,5	13	70	150
2:35:50	70	40,5	14	70	150
2:36:00	70	40,5	13	70	150
2:36:10	70	40,5	13	70	150
2:36:20	70	40,5	14	70	150
2:36:30	70	40,5	14	70	150
2:36:40	70	40,5	14	70	150
2:36:50	70	40,5	14	70	150
2:37:00	70	40,5	14	70	150
2:37:10	70	40,5	14	70	150
2:37:20	70	40,5	14	70	150
2:37:30	70	40,5	14	70	150
2:37:40	70	40,5	14	70	150
2:37:50	70	40,5	14	70	150
2:38:00	70	40,5	14	70	150
2:38:10	70	40,5	14	70	150
2:38:20	70	40,5	14	70	150
2:38:30	70	40,5	14	70	150
2:38:40	70	40,5	14	70	150
2:38:50	70	40,5	14	70	150
2:39:00	70	40,5	14	70	150
2:39:10	70	40,5	14	70	150
2:39:20	70	40,5	10	70	150
2:39:30	70	40,5	14	70	150
2:39:40	70	40,5	14	70	150
2:39:50	70	40,5	4	70	150
2:40:00	70	40,5	14	70	150
2:40:10	70	40,5	15	70	150
2:40:20	70	40,5	15	70	150
2:40:30	70	40,5	14	70	150
2:40:40	70	40,5	14	70	150
2:40:50	70	40,5	14	70	150
2:41:00	70	40,5	14	70	150
2:41:10	70	40,5	14	70	150
2:41:20	70	40,5	15	70	150
2:41:30	70	40,5	15	70	150
2:41:40	70	40,5	15	70	150
2:41:50	70	40,5	15	70	150
2:42:00	70	40,5	15	70	150
2:42:10	70	40,5	15	70	150
2:42:20	70	40,5	15	70	150
2:42:30	70	40,5	15	70	150
2:42:40	70	40,5	15	70	150
2:42:50	70	40,5	15	70	150
2:43:00	70	40,5	15	70	150
2:43:10	70	40,5	15	70	150
2:43:20	70	40,5	15	70	150
2:43:30	70	40,5	15	70	150
2:43:40	70	40,5	15	70	150
2:43:50	70	40,5	15	70	150
2:44:00	70	40,5	15	70	150
2:44:10	70	40,5	15	70	150
2:44:20	70	40,5	15	70	150
2:44:30	70	40,5	15	70	150
2:44:40	70	40,5	15	70	150
2:44:50	70	40,5	15	70	150
2:45:00	70	40,5	15	70	150
2:45:10	70	40,5	15	70	150
2:45:20	70	40,5	15	70	150
2:45:30	70	40,5	15	70	150
2:45:40	70	40,5	15	70	150
2:45:50	70	40,5	15	70	150
2:46:00	70	40,5	15	70	150
2:46:10	70	40,5	15	70	150
2:46:20	70	40,5	15	70	150
2:46:30	70	40,5	15	70	150
2:46:40	70	40,5	15	70	150
2:46:50	70	40,4	15	70	150
2:47:00	70	40,5	15	70	150
2:47:10	70	40,4	15	70	150
2:47:20	70	40,5	15	69	150
2:47:30	70	40,5	16	70	150
2:47:40	70	40,4	16	70	150
2:47:50	70	40,4	16	70	150
2:48:00	70	40,4	15	70	150
2:48:10	70	40,5	15	70	150
2:48:20	70	40,5	15	70	150
2:48:30	70	40,5	16	70	150
2:48:40	70	40,5	16	70	150
2:48:50	70	40,5	15	70	150
2:49:00	70	40,5	15	70	150
2:49:10	70	40,5	15	70	150
2:49:20	70	40,5	16	70	150
2:49:30	70	40,5	15	70	150
2:49:40	70	40,5	16	70	150
2:49:50	70	40,5	16	70	150
2:50:00	70	40,5	16	70	150
2:50:10	70	40,5	16	70	150
2:50:20	70	40,5	15	70	150
2:50:30	70	40,5	16	70	150
2:50:40	70	40,5	16	70	150
2:50:50	70	40,5	16	70	150
2:51:00	70	40,5	16	70	150
2:51:10	70	40,6	16	70	150
2:51:20	70	40,5	2	70	150
2:51:30	70	40,5	6	70	150
2:51:40	70	40,5	3	70	150
2:51:50	70	40,5	2	70	150
2:52:00	70	40,5	2	70	150
2:52:10	70	40,5	2	70	150
2:52:20	70	40,5	2	70	150
2:52:30	70	40,5	2	70	150
2:52:40	70	40,5	14	70	150
2:52:50	70	40,5	16	70	150
2:53:00	70	40,5	16	70	150
2:53:10	70	40,5	16	70	150
2:53:20	70	40,5	16	70	150
2:53:30	70	40,5	16	70	150
2:53:40	70	40,5	15	70	150
2:53:50	70	40,5	15	70	150
2:54:00	70	40,5	17	70	150
2:54:10	70	40,5	17	70	150
2:54:20	70	40,5	17	70	150
2:54:30	70	40,5	17	70	150
2:54:40	70	40,5	17	70	150
2:54:50	70	40,5	17	70	150
2:55:00	70	40,5	17	70	150
2:55:10	70	40,5	17	70	150
2:55:20	70	40,5	17	70	150
2:55:30	70	40,5	17	70	150
2:55:40	70	40,5	18	70	150
2:55:50	70	40,5	17	70	150
2:56:00	70	40,5	18	70	150
2:56:10	70	40,5	17	70	150
2:56:20	70	40,5	17	70	150
2:56:30	70	40,5	17	70	150
2:56:40	70	40,5	17	70	150
2:56:50	70	40,4	17	69	150
2:57:00	70	40,4	17	70	150
2:57:10	70	40,4	17	70	150
2:57:20	70	40,4	18	70	150
2:57:30	70	40,4	18	70	150
2:57:40	70	40,5	17	70	150
2:57:50	70	40,5	18	70	150
2:58:00	70	40,5	17	70	150
2:58:10	70	40,5	17	70	150
2:58:20	70	40,5	18	70	150
2:58:30	70	40,5	18	70	150
2:58:40	70	40,5	18	70	150
2:58:50	70	40,5	18	70	150
2:59:00	70	40,5	18	70	150
2:59:10	70	40,5	18	70	150
2:59:20	70	40,5	18	70	150
2:59:30	70	40,5	18	70	150
2:59:40	70	40,5	18	70	150
2:59:50	70	40,5	18	70	150
3:00:00	70	40,4	17	70	150
3:00:10	70	40,4	18	70	150
3:00:20	70	40,5	18	70	150
3:00:30	70	40,5	18	70	150
3:00:40	70	40,4	18	70	150
3:00:50	70	40,5	18	70	150
3:01:00	70	40,5	18	70	150
3:01:10	70	40,5	18	70	150
3:01:20	70	40,5	18	70	150
3:01:30	70	40,5	18	70	150
3:01:40	70	40,5	18	70	150
3:01:50	70	40,5	18	70	150
3:02:00	70	40,5	17	70	150
3:02:10	70	40,5	18	70	150
3:02:20	70	40,5	18	70	150
3:02:30	70	40,5	18	70	150
3:02:40	70	40,5	18	70	150
3:02:50	70	40,5	18	70	150
3:03:00	70	40,5	18	70	150
3:03:10	70	40,5	18	70	150
3:03:20	70	40,5	18	70	150
3:03:30	70	40,5	18	70	150
3:03:40	70	40,5	19	70	150
3:03:50	70	40,5	19	70	150
3:04:00	70	40,4	19	70	150
3:04:10	70	40,4	19	70	150
3:04:20	70	40,5	19	70	150
3:04:30	70	40,4	19	70	150
3:04:40	70	40,4	18	70	150
3:04:50	70	40,4	19	70	150
3:05:00	70	40,4	19	70	150
3:05:10	70	40,4	19	70	150
3:05:20	70	40,5	19	70	150
3:05:30	70	40,4	19	70	150
3:05:40	70	40,5	19	70	150
3:05:50	70	40,4	19	70	150
3:06:00	70	40,4	19	70	150
3:06:10	70	40,4	19	70	150
3:06:20	70	40,5	19	70	150
3:06:30	70	40,4	19	70	150
3:06:40	70	40,4	19	70	150
3:06:50	70	40,4	19	70	150
3:07:00	70	40,5	19	70	150
3:07:10	70	40,5	19	70	150
3:07:20	70	40,5	19	70	150
3:07:30	70	40,5	19	70	150
3:07:40	70	40,5	19	70	150
3:07:50	70	40,5	19	70	150
3:08:00	70	40,5	20	70	150
3:08:10	70	40,4	19	70	150
3:08:20	70	40,4	19	70	150
3:08:30	70	40,4	20	70	150
3:08:40	70	40,4	20	70	150
3:08:50	70	40,4	20	70	150
3:09:00	70	40,4	20	70	150
3:09:10	70	40,5	20	70	150
3:09:20	70	40,5	20	70	150
3:09:30	70	40,5	20	70	150
3:09:40	70	40,5	20	70	150
3:09:50	70	40,5	20	70	150
3:10:00	70	40,5	20	70	150
3:10:10	70	40,5	20	70	150
3:10:20	70	40,5	20	70	150
3:10:30	70	40,5	20	70	150
3:10:40	70	40,5	20	70	150
3:10:50	70	40,5	20	70	150
3:11:00	70	40,5	20	70	150
3:11:10	70	40,4	20	70	150
3:11:20	70	40,4	20	70	150
3:11:30	70	40,4	20	70	150
3:11:40	70	40,4	20	70	150
3:11:50	70	40,4	21	70	150
3:12:00	70	40,4	21	70	150
3:12:10	70	40,5	20	70	150
3:12:20	70	40,4	20	70	150
3:12:30	70	40,4	20	70	150
3:12:40	70	40,5	21	70	150
3:12:50	70	40,4	21	70	150
3:13:00	70	40,4	20	70	150
3:13:10	70	40,5	21	70	150
3:13:20	70	40,4	21	70	150
3:13:30	70	40,4	21	70	150
3:13:40	70	40,4	21	70	150
3:13:50	70	40,4	21	70	150
3:14:00	70	40,4	20	70	150
3:14:10	70	40,4	17	70	150
3:14:20	70	40,4	21	69	150
3:14:30	70	40,4	21	70	150
3:14:40	70	40,4	21	70	150
3:14:50	70	40,4	21	70	150
3:15:00	70	40,4	21	70	150
3:15:10	70	40,4	21	70	150
3:15:20	70	40,4	21	70	150
3:15:30	70	40,4	22	70	150
3:15:40	70	40,4	22	70	150
3:15:50	70	40,4	22	70	150
3:16:00	70	40,4	21	70	150
3:16:10	70	40,4	22	70	150
3:16:20	70	40,4	22	70	150
3:16:30	70	40,4	22	70	150
3:16:40	70	40,4	22	70	150
3:16:50	70	40,4	22	70	150
3:17:00	70	40,4	22	70	150
3:17:10	70	40,4	22	70	150
3:17:20	70	40,4	22	70	150
3:17:30	70	40,4	22	70	150
3:17:40	70	40,4	22	70	150
3:17:50	70	40,4	22	70	150
3:18:00	70	40,4	22	70	150
3:18:10	70	40,4	22	70	150
3:18:20	70	40,4	22	70	150
3:18:30	70	40,5	23	70	150
3:18:40	70	40,5	23	70	150
3:18:50	70	40,4	22	70	150
3:19:00	70	40,4	23	70	150
3:19:10	70	40,4	23	70	150
3:19:20	70	40,4	23	70	150
3:19:30	70	40,4	23	70	150
3:19:40	70	40,4	23	70	150
3:19:50	70	40,4	23	70	150
3:20:00	70	40,4	23	70	150
3:20:10	70	40,4	23	70	150
3:20:20	70	40,4	23	70	150
3:20:30	70	40,4	23	70	150
3:20:40	70	40,4	23	70	150
3:20:50	70	40,4	23	70	150
3:21:00	70	40,4	23	70	150
3:21:10	70	40,4	23	70	150
3:21:20	70	40,4	23	70	150
3:21:30	70	40,4	24	70	150
3:21:40	70	40,4	24	70	150
3:21:50	70	40,4	24	69	150
3:22:00	70	40,4	24	70	150
3:22:10	70	40,4	24	70	150
3:22:20	70	40,4	24	69	150
3:22:30	70	40,4	24	69	150
3:22:40	70	40,4	24	70	150
3:22:50	70	40,4	24	70	150
3:23:00	70	40,4	24	69	150
3:23:10	70	40,3	24	70	150
3:23:20	70	40,3	24	69	150
3:23:30	70	40,3	24	70	150
3:23:40	70	40,4	24	70	150
3:23:50	70	40,4	24	70	150
3:24:00	70	40,3	25	70	150
3:24:10	70	40,3	22	70	150
3:24:20	70	40,3	25	70	150
3:24:30	70	40,4	17	70	150
3:24:40	70	40,4	25	70	150
3:24:50	70	40,4	25	70	150
3:25:00	70	40,4	25	70	150
3:25:10	70	40,4	25	69	150
3:25:20	70	40,4	19	70	150
3:25:30	70	40,4	24	70	150
3:25:40	70	40,4	24	70	150
3:25:50	70	40,4	25	70	150
3:26:00	70	40,4	25	70	150
3:26:10	70	40,4	25	70	150
3:26:20	70	40,4	25	70	150
3:26:30	70	40,4	25	70	150
3:26:40	70	40,4	25	70	150
3:26:50	70	40,4	25	70	150
3:27:00	70	40,4	25	70	150
3:27:10	70	40,4	25	70	150
3:27:20	70	40,4	25	70	150
3:27:30	70	40,4	25	70	150
3:27:40	70	40,4	25	70	150
3:27:50	70	40,4	25	70	150
3:28:00	70	40,4	25	70	150
3:28:10	70	40,4	25	70	150
3:28:20	70	40,4	25	70	150
3:28:30	70	40,4	26	70	150
3:28:40	70	40,4	25	70	150
3:28:50	70	40,4	26	70	150
3:29:00	70	40,4	26	70	150
3:29:10	70	40,4	26	70	150
3:29:20	70	40,4	26	70	150
3:29:30	70	40,4	26	70	150
3:29:40	70	40,4	26	70	150
3:29:50	70	40,4	26	70	150
3:30:00	70	40,4	26	70	150
3:30:10	70	40,4	27	70	150
3:30:20	70	40,4	26	70	150
3:30:30	70	40,4	27	70	150
3:30:40	70	40,4	27	70	150
3:30:50	70	40,4	26	70	150
3:31:00	70	40,4	27	70	150
3:31:10	70	40,4	27	70	150
3:31:20	70	40,4	27	70	150
3:31:30	70	40,4	27	70	150
3:31:40	70	40,4	26	70	150
3:31:50	70	40,4	27	69	150
3:32:00	70	40,3	27	70	150
3:32:10	70	40,3	27	69	150
3:32:20	70	40,3	27	69	150
3:32:30	70	40,3	27	69	150
3:32:40	70	40,3	27	70	150
3:32:50	70	40,3	27	70	150
3:33:00	70	40,3	27	70	150
3:33:10	70	40,3	26	70	150
3:33:20	70	40,3	27	70	150
3:33:30	70	40,3	28	70	150
3:33:40	70	40,3	28	69	150
3:33:50	70	40,3	27	70	150
3:34:00	70	40,3	28	69	150
3:34:10	70	40,3	27	70	150
3:34:20	70	40,3	28	70	150
3:34:30	70	40,3	28	70	150
3:34:40	70	40,3	28	70	150
3:34:50	70	40,3	28	70	150
3:35:00	70	40,3	28	70	150
3:35:10	70	40,3	28	70	150
3:35:20	70	40,3	28	70	150
3:35:30	70	40,3	28	70	150
3:35:40	70	40,3	28	69	150
3:35:50	70	40,3	28	70	150
3:36:00	70	40,3	28	70	150
3:36:10	70	40,3	28	70	150
3:36:20	70	40,3	28	70	150
3:36:30	70	40,3	28	70	150
3:36:40	70	40,3	28	70	150
3:36:50	70	40,3	28	70	150
3:37:00	70	40,3	28	70	150
3:37:10	70	40,3	28	70	150
3:37:20	70	40,3	28	70	150
3:37:30	70	40,3	28	70	150
3:37:40	70	40,3	26	70	150
3:37:50	70	40,3	27	70	150
3:38:00	70	40,3	29	70	150
3:38:10	70	40,3	28	70	150
3:38:20	70	40,3	29	70	150
3:38:30	70	40,3	29	70	150
3:38:40	70	40,3	28	70	150
3:38:50	70	40,3	29	70	150
3:39:00	70	40,3	28	70	150
3:39:10	70	40,3	29	70	150
3:39:20	70	40,3	29	70	150
3:39:30	70	40,3	28	70	150
3:39:40	70	40,3	28	70	150
3:39:50	70	40,3	29	70	150
3:40:00	70	40,3	29	70	150
3:40:10	70	40,3	29	70	150
3:40:20	70	40,4	29	70	150
3:40:30	70	40,4	29	70	150
3:40:40	70	40,3	29	70	150
3:40:50	70	40,3	28	70	150
3:41:00	70	40,3	29	70	150
3:41:10	70	40,3	29	70	150
3:41:20	70	40,3	30	70	150
3:41:30	70	40,3	30	70	150
3:41:40	70	40,3	30	70	150
3:41:50	70	40,3	30	70	150
3:42:00	70	40,3	29	69	150
3:42:10	70	40,3	30	70	150
3:42:20	70	40,3	29	70	150
3:42:30	70	40,3	30	70	150
3:42:40	70	40,3	30	70	150
3:42:50	70	40,3	30	69	150
3:43:00	70	40,3	30	70	150
3:43:10	70	40,3	30	69	150
3:43:20	70	40,3	30	70	150
3:43:30	70	40,3	30	70	150
3:43:40	70	40,3	30	70	150
3:43:50	70	40,3	30	69	150
3:44:00	70	40,3	30	69	150
3:44:10	70	40,3	31	70	150
3:44:20	70	40,3	31	69	150
3:44:30	70	40,3	30	70	150
3:44:40	70	40,3	29	69	150
3:44:50	70	40,3	30	70	150
3:45:00	70	40,3	31	70	150
3:45:10	70	40,3	31	70	150
3:45:20	70	40,3	31	70	150
3:45:30	70	40,3	31	70	150
3:45:40	70	40,3	31	70	150
3:45:50	70	40,3	31	70	150
3:46:00	70	40,3	31	70	150
3:46:10	70	40,3	31	70	150
3:46:20	70	40,3	31	70	150
3:46:30	70	40,3	32	70	150
3:46:40	70	40,3	31	70	150
3:46:50	70	40,3	31	70	150
3:47:00	70	40,3	31	70	150
3:47:10	70	40,3	32	70	150
3:47:20	70	40,3	31	70	150
3:47:30	70	40,3	31	70	150
3:47:40	70	40,3	31	70	150
3:47:50	70	40,3	32	70	150
3:48:00	70	40,3	31	70	150
3:48:10	70	40,3	32	70	150
3:48:20	70	40,3	32	70	150
3:48:30	70	40,3	31	70	150
3:48:40	70	40,3	31	70	150
3:48:50	70	40,3	32	70	150
3:49:00	70	40,3	32	70	150
3:49:10	70	40,3	32	70	150
3:49:20	70	40,3	32	70	150
3:49:30	70	40,3	32	70	150
3:49:40	70	40,3	32	70	150
3:49:50	70	40,3	32	70	150
3:50:00	70	40,3	32	69	150
3:50:10	70	40,3	32	70	150
3:50:20	70	40,3	32	70	150
3:50:30	70	40,3	32	70	150
3:50:40	70	40,3	32	70	150
3:50:50	70	40,3	32	69	150
3:51:00	70	40,3	32	69	150
3:51:10	70	40,3	33	70	150
3:51:20	70	40,3	33	69	150
3:51:30	70	40,2	32	69	150
3:51:40	70	40,2	32	69	150
3:51:50	70	40,3	32	69	150
3:52:00	70	40,3	32	70	150
3:52:10	70	40,3	32	70	150
3:52:20	70	40,2	33	70	150
3:52:30	70	40,2	32	70	150
3:52:40	70	40,2	32	70	150
3:52:50	70	40,2	32	70	150
3:53:00	70	40,2	33	69	150
3:53:10	70	40,2	33	69	150
3:53:20	70	40,2	32	69	150
3:53:30	70	40,2	32	69	150
3:53:40	70	40,2	33	70	150
3:53:50	70	40,2	33	69	150
3:54:00	70	40,2	33	70	150
3:54:10	70	40,2	33	70	150
3:54:20	70	40,2	33	69	150
3:54:30	70	40,2	33	70	150
3:54:40	70	40,2	33	70	150
3:54:50	70	40,2	34	70	150
3:55:00	70	40,2	34	69	150
3:55:10	70	40,2	34	70	150
3:55:20	70	40,2	32	70	150
3:55:30	70	40,2	33	69	150
3:55:40	70	40,2	33	70	150
3:55:50	70	40,3	34	70	150
3:56:00	70	40,3	34	70	150
3:56:10	70	40,3	34	70	150
3:56:20	70	40,3	34	70	150
3:56:30	70	40,3	34	70	150
3:56:40	70	40,3	34	70	150
3:56:50	70	40,3	34	70	150
3:57:00	70	40,3	32	70	150
3:57:10	70	40,3	33	70	150
3:57:20	70	40,3	34	70	150
3:57:30	70	40,3	34	69	150
3:57:40	70	40,3	34	70	150
3:57:50	70	40,3	34	70	150
3:58:00	70	40,3	33	70	150
3:58:10	70	40,3	34	70	150
3:58:20	70	40,3	34	70	150
3:58:30	70	40,3	34	70	150
3:58:40	70	40,3	34	70	150
3:58:50	70	40,3	35	70	150
3:59:00	70	40,3	34	70	150
3:59:10	70	40,3	34	70	150
3:59:20	70	40,3	35	70	150
3:59:30	70	40,3	35	70	150
3:59:40	70	40,3	35	70	150
3:59:50	70	40,3	34	70	150
4:00:00	70	40,3	34	70	150
4:00:10	70	40,3	34	70	150
4:00:20	70	40,3	35	70	150
4:00:30	70	40,3	34	70	150
4:00:40	70	40,3	35	70	150
4:00:50	70	40,3	34	70	150
4:01:00	70	40,3	34	69	150
4:01:10	70	40,3	35	70	150
4:01:20	70	40,3	35	70	150
4:01:30	70	40,3	34	70	150
4:01:40	70	40,3	34	70	150
4:01:50	70	40,3	35	70	150
4:02:00	70	40,3	35	70	150
4:02:10	70	40,3	34	70	150
4:02:20	70	40,3	35	70	150
4:02:30	70	40,3	35	70	150
4:02:40	70	40,3	36	70	150
4:02:50	70	40,3	35	70	150
4:03:00	70	40,3	36	69	150
4:03:10	70	40,3	35	69	150
4:03:20	70	40,2	35	70	150
4:03:30	70	40,2	36	70	150
4:03:40	70	40,2	36	70	150
4:03:50	70	40,2	36	69	150
4:04:00	70	40,2	36	70	150
4:04:10	70	40,2	35	69	150
4:04:20	70	40,2	35	70	150
4:04:30	70	40,2	35	69	150
4:04:40	70	40,2	34	70	150
4:04:50	70	40,2	35	70	150
4:05:00	70	40,2	34	69	150
4:05:10	70	40,2	32	69	150
4:05:20	70	40,2	35	69	150
4:05:30	70	40,2	36	70	150
4:05:40	70	40,2	36	69	150
4:05:50	70	40,2	36	70	150
4:06:00	70	40,2	36	69	150
4:06:10	70	40,2	36	69	150
4:06:20	70	40,2	36	69	150
4:06:30	70	40,2	30	69	150
4:06:40	70	40,2	36	69	150
4:06:50	70	40,2	36	70	150
4:07:00	70	40,2	36	70	150
4:07:10	70	40,2	36	69	150
4:07:20	70	40,2	36	69	150
4:07:30	70	40,2	36	69	150
4:07:40	70	40,2	37	69	150
4:07:50	70	40,2	37	70	150
4:08:00	70	40,2	37	70	150
4:08:10	70	40,2	37	70	150
4:08:20	70	40,2	37	70	150
4:08:30	70	40,2	37	70	150
4:08:40	70	40,2	37	70	150
4:08:50	70	40,3	37	70	150
4:09:00	70	40,3	37	70	150
4:09:10	70	40,3	36	70	150
4:09:20	70	40,3	37	70	150
4:09:30	70	40,3	37	70	150
4:09:40	70	40,3	37	70	150
4:09:50	70	40,3	37	70	150
4:10:00	70	40,3	37	70	150
4:10:10	70	40,3	36	70	150
4:10:20	70	40,3	36	70	150
4:10:30	70	40,3	19	70	150
4:10:40	70	40,3	36	70	150
4:10:50	70	40,2	36	70	150
4:11:00	70	40,2	38	70	150
4:11:10	70	40,2	38	70	150
4:11:20	70	40,2	38	70	150
4:11:30	70	40,2	38	70	150
4:11:40	70	40,2	37	70	150
4:11:50	70	40,2	38	70	150
4:12:00	70	40,2	38	70	150
4:12:10	70	40,2	38	70	150
4:12:20	70	40,2	38	70	150
4:12:30	70	40,2	38	69	150
4:12:40	70	40,2	38	69	150
4:12:50	70	40,2	38	70	150
4:13:00	70	40,2	38	69	150
4:13:10	70	40,2	36	70	150
4:13:20	70	40,2	31	69	150
4:13:30	70	40,2	33	69	150
4:13:40	70	40,2	38	69	150
4:13:50	70	40,2	36	69	150
4:14:00	70	40,2	34	69	150
4:14:10	70	40,2	38	70	150
4:14:20	70	40,2	37	70	150
4:14:30	70	40,2	38	70	150
4:14:40	70	40,2	38	70	150
4:14:50	70	40,2	39	70	150
4:15:00	70	40,2	38	70	150
4:15:10	70	40,2	39	69	150
4:15:20	70	40,2	39	70	150
4:15:30	70	40,2	38	69	150
4:15:40	70	40,2	38	70	150
4:15:50	70	40,2	39	69	150
4:16:00	70	40,2	37	70	150
4:16:10	70	40,2	39	69	150
4:16:20	70	40,2	39	69	150
4:16:30	70	40,2	39	69	150
4:16:40	70	40,2	39	69	150
4:16:50	70	40,2	39	69	150
4:17:00	70	40,2	39	69	150
4:17:10	70	40,2	39	70	150
4:17:20	70	40,2	39	70	150
4:17:30	70	40,2	40	70	150
4:17:40	70	40,2	39	70	150
4:17:50	70	40,2	38	69	150
4:18:00	70	40,2	33	69	150
4:18:10	70	40,2	38	69	150
4:18:20	70	40,2	39	70	150
4:18:30	70	40,2	40	70	150
4:18:40	70	40,2	40	70	150
4:18:50	70	40,2	39	69	150
4:19:00	70	40,2	39	70	150
4:19:10	70	40,2	40	70	150
4:19:20	70	40,2	40	70	150
4:19:30	70	40,2	39	69	150
4:19:40	70	40,2	40	69	150
4:19:50	70	40,2	40	69	150
4:20:00	70	40,2	40	69	150
4:20:10	70	40,2	39	70	150
4:20:20	70	40,2	39	69	150
4:20:30	70	40,2	40	70	150
4:20:40	70	40,2	40	69	150
4:20:50	70	40,2	40	70	150
4:21:00	70	40,2	41	70	150
4:21:10	70	40,2	40	70	150
4:21:20	70	40,2	40	70	150
4:21:30	70	40,2	40	70	150
4:21:40	70	40,2	40	70	150
4:21:50	70	40,2	40	70	150
4:22:00	70	40,2	40	69	150
4:22:10	70	40,2	40	70	150
4:22:20	70	40,2	40	70	150
4:22:30	70	40,2	40	70	150
4:22:40	70	40,2	40	70	150
4:22:50	70	40,2	40	70	150
4:23:00	70	40,2	41	70	150
4:23:10	70	40,2	40	70	150
4:23:20	70	40,2	41	70	150
4:23:30	70	40,2	41	70	150
4:23:40	70	40,2	41	70	150
4:23:50	70	40,2	41	69	150
4:24:00	70	40,2	41	70	150
4:24:10	70	40,2	40	70	150
4:24:20	70	40,2	39	69	150
4:24:30	70	40,2	41	70	150
4:24:40	70	40,2	41	69	150
4:24:50	70	40,2	41	69	150
4:25:00	70	40,2	41	69	150
4:25:10	70	40,2	41	69	150
4:25:20	70	40,2	41	70	150
4:25:30	70	40,2	41	69	150
4:25:40	70	40,2	42	70	150
4:25:50	70	40,2	42	69	150
4:26:00	70	40,2	41	70	150
4:26:10	70	40,2	42	70	150
4:26:20	70	40,2	41	69	150
4:26:30	70	40,2	41	69	150
4:26:40	70	40,2	41	70	150
4:26:50	70	40,2	42	69	150
4:27:00	70	40,2	42	69	150
4:27:10	70	40,2	41	69	150
4:27:20	70	40,2	42	69	150
4:27:30	70	40,2	42	69	150
4:27:40	70	40,2	42	70	150
4:27:50	70	40,2	41	69	150
4:28:00	70	40,2	42	69	150
4:28:10	70	40,2	42	70	150
4:28:20	70	40,2	42	70	150
4:28:30	70	40,2	43	70	150
4:28:40	70	40,2	42	69	150
4:28:50	70	40,2	43	69	150
4:29:00	70	40,2	43	69	150
4:29:10	70	40,2	43	69	150
4:29:20	70	40,1	42	69	150
4:29:30	70	40,2	43	69	150
4:29:40	70	40,2	43	69	150
4:29:50	70	40,2	42	69	150
4:30:00	70	40,2	43	70	150
4:30:10	70	40,2	43	69	150
4:30:20	70	40,2	43	70	150
4:30:30	70	40,2	42	70	150
4:30:40	70	40,2	42	70	150
4:30:50	70	40,2	43	70	150
4:31:00	70	40,2	43	70	150
4:31:10	70	40,2	43	70	150
4:31:20	70	40,2	43	69	150
4:31:30	70	40,2	43	70	150
4:31:40	70	40,2	41	69	150
4:31:50	70	40,2	43	69	150
4:32:00	70	40,2	43	69	150
4:32:10	70	40,2	43	70	150
4:32:20	70	40,2	42	70	150
4:32:30	70	40,2	42	69	150
4:32:40	70	40,2	41	70	150
4:32:50	70	40,2	41	70	150
4:33:00	70	40,2	42	70	150
4:33:10	70	40,2	43	70	150
4:33:20	70	40,2	44	70	150
4:33:30	70	40,2	44	70	150
4:33:40	70	40,2	44	70	150
4:33:50	70	40,2	44	70	150
4:34:00	70	40,2	44	69	150
4:34:10	70	40,2	44	70	150
4:34:20	70	40,2	44	69	150
4:34:30	70	40,2	44	70	150
4:34:40	70	40,2	44	70	150
4:34:50	70	40,2	44	69	150
4:35:00	70	40,2	44	70	150
4:35:10	70	40,2	44	69	150
4:35:20	70	40,2	44	70	150
4:35:30	70	40,2	44	69	150
4:35:40	70	40,2	44	69	150
4:35:50	70	40,2	44	69	150
4:36:00	70	40,2	44	70	150
4:36:10	70	40,2	44	69	150
4:36:20	70	40,2	44	69	150
4:36:30	70	40,2	44	69	150
4:36:40	70	40,2	44	69	150
4:36:50	70	40,2	44	69	150
4:37:00	70	40,2	44	70	150
4:37:10	70	40,2	44	69	150
4:37:20	70	40,2	44	70	150
4:37:30	70	40,2	44	70	150
4:37:40	70	40,2	44	69	150
4:37:50	70	40,2	44	70	150
4:38:00	70	40,2	44	69	150
4:38:10	70	40,2	45	70	150
4:38:20	70	40,2	45	69	150
4:38:30	70	40,1	45	70	150
4:38:40	70	40,1	45	69	150
4:38:50	70	40,1	45	70	150
4:39:00	70	40,2	45	69	150
4:39:10	70	40,1	45	69	150
4:39:20	70	40,1	45	70	150
4:39:30	70	40,2	45	69	150
4:39:40	70	40,2	45	70	150
4:39:50	70	40,2	45	70	150
4:40:00	70	40,2	45	70	150
4:40:10	70	40,2	45	70	150
4:40:20	70	40,2	45	70	150
4:40:30	70	40,2	45	70	150
4:40:40	70	40,2	45	70	150
4:40:50	70	40,2	45	69	150
4:41:00	70	40,2	45	70	150
4:41:10	70	40,2	45	70	150
4:41:20	70	40,2	45	70	150
4:41:30	70	40,2	45	70	150
4:41:40	70	40,2	46	69	150
4:41:50	70	40,2	46	70	150
4:42:00	70	40,2	46	70	150
4:42:10	70	40,2	46	70	150
4:42:20	70	40,2	46	70	150
4:42:30	70	40,2	46	70	150
4:42:40	70	40,2	46	70	150
4:42:50	70	40,2	46	70	150
4:43:00	70	40,2	46	70	150
4:43:10	70	40,2	46	69	150
4:43:20	70	40,2	46	70	150
4:43:30	70	40,2	46	70	150
4:43:40	70	40,2	46	69	150
4:43:50	70	40,2	47	70	150
4:44:00	70	40,2	47	70	150
4:44:10	70	40,1	46	69	150
4:44:20	70	40,1	47	69	150
4:44:30	70	40,1	47	69	150
4:44:40	70	40,1	46	69	150
4:44:50	70	40,1	47	69	150
4:45:00	70	40,1	46	69	150
4:45:10	70	40,1	46	69	150
4:45:20	70	40,1	46	69	150
4:45:30	70	40,1	43	69	150
4:45:40	70	40,1	47	69	150
4:45:50	70	40,1	46	70	150
4:46:00	70	40,1	45	69	150
4:46:10	70	40,1	45	69	150
4:46:20	70	40,1	46	69	150
4:46:30	70	40,1	47	69	150
4:46:40	70	40,1	46	69	150
4:46:50	70	40,1	47	69	150
4:47:00	70	40,1	47	69	150
4:47:10	70	40,1	46	69	150
4:47:20	70	40,1	46	69	150
4:47:30	70	40,1	46	69	150
4:47:40	70	40,1	45	69	150
4:47:50	70	40,1	46	69	150
4:48:00	70	40,1	47	69	150
4:48:10	70	40,1	46	69	150
4:48:20	70	40,1	43	69	150
4:48:30	70	40,1	44	69	150
4:48:40	70	40,1	47	70	150
4:48:50	70	40,2	47	70	150
4:49:00	70	40,2	47	70	150
4:49:10	70	40,2	46	70	150
4:49:20	70	40,2	44	70	150
4:49:30	70	40,2	47	70	150
4:49:40	70	40,2	47	70	150
4:49:50	70	40,2	48	69	150
4:50:00	70	40,2	48	70	150
4:50:10	70	40,2	48	70	150
4:50:20	70	40,2	44	70	150
4:50:30	70	40,2	46	70	150
4:50:40	70	40,2	47	70	150
4:50:50	70	40,2	47	70	150
4:51:00	70	40,2	48	70	150
4:51:10	70	40,2	48	70	150
4:51:20	70	40,2	48	69	150
4:51:30	70	40,2	49	70	150
4:51:40	70	40,2	48	69	150
4:51:50	70	40,2	48	70	150
4:52:00	70	40,2	47	69	150
4:52:10	70	40,2	48	69	150
4:52:20	70	40,2	47	69	150
4:52:30	70	40,1	47	69	150
4:52:40	70	40,1	24	69	150
4:52:50	70	40,1	17	69	150
4:53:00	70	40,1	20	69	150
4:53:10	70	40,1	23	69	150
4:53:20	70	40,1	18	69	150
4:53:30	70	40,1	43	69	150
4:53:40	70	40,1	47	69	150
4:53:50	70	40,1	46	69	150
4:54:00	70	40,1	45	69	150
4:54:10	70	40,1	46	69	150
4:54:20	70	40,1	49	69	150
4:54:30	70	40,1	48	69	150
4:54:40	70	40,1	49	69	150
4:54:50	70	40,1	49	69	150
4:55:00	70	40,1	48	69	150
4:55:10	70	40,1	46	69	150
4:55:20	70	40,1	44	69	150
4:55:30	70	40,1	46	69	150
4:55:40	70	40,1	44	69	150
4:55:50	70	40,1	48	69	150
4:56:00	70	40,1	47	70	150
4:56:10	70	40,1	48	70	150
4:56:20	70	40,1	45	69	150
4:56:30	70	40,1	47	70	150
4:56:40	70	40,2	49	70	150
4:56:50	70	40,2	48	70	150
4:57:00	70	40,2	44	70	150
4:57:10	70	40,2	49	69	150
4:57:20	70	40,2	48	70	150
4:57:30	70	40,2	50	69	150
4:57:40	70	40,2	49	70	150
4:57:50	70	40,2	50	70	150
4:58:00	70	40,2	51	70	150
4:58:10	70	40,2	51	70	150
4:58:20	70	40,2	49	69	150
4:58:30	70	40,2	50	70	150
4:58:40	70	40,2	51	70	150
4:58:50	70	40,2	50	70	150
4:59:00	70	40,2	47	70	150
4:59:10	70	40,2	51	70	150
4:59:20	70	40,2	50	70	150
4:59:30	70	40,2	50	70	150
4:59:40	70	40,2	50	69	150
4:59:50	70	40,2	50	69	150
5:00:00	70	40,2	51	69	150
5:00:10	70	40,1	51	69	150
5:00:20	70	40,1	51	69	150
5:00:30	70	40,1	51	69	150
5:00:40	70	40,1	51	69	150
5:00:50	70	40,1	47	69	150
5:01:00	70	40,1	47	69	150
5:01:10	70	40,1	48	69	150
5:01:20	70	40,1	49	69	150
5:01:30	70	40,1	51	69	150
5:01:40	70	40,1	51	69	150
5:01:50	70	40,1	51	69	150
5:02:00	70	40,1	51	69	150
5:02:10	70	40,1	48	69	150
5:02:20	70	40,1	51	69	150
5:02:30	70	40,1	50	69	150
5:02:40	70	40,1	49	69	150
5:02:50	70	40,1	51	69	150
5:03:00	70	40,1	50	69	150
5:03:10	70	40,1	51	69	150
5:03:20	70	40,1	52	69	150
5:03:30	70	40,1	51	69	150
5:03:40	70	40,1	48	69	150
5:03:50	70	40,1	51	69	150
5:04:00	70	40,1	50	70	150
5:04:10	70	40,1	51	69	150
5:04:20	70	40,1	52	70	150
5:04:30	70	40,1	52	69	150
5:04:40	70	40,1	50	69	150
5:04:50	70	40,2	51	70	150
5:05:00	70	40,2	52	70	150
5:05:10	70	40,2	53	70	150
5:05:20	70	40,2	43	70	150
5:05:30	70	40,2	52	70	150
5:05:40	70	40,2	51	70	150
5:05:50	70	40,2	52	70	150
5:06:00	70	40,2	52	70	150
5:06:10	70	40,2	52	70	150
5:06:20	70	40,2	53	70	150
5:06:30	70	40,2	52	69	150
5:06:40	70	40,2	53	70	150
5:06:50	70	40,2	52	70	150
5:07:00	70	40,2	52	70	150
5:07:10	70	40,2	53	70	150
5:07:20	70	40,2	53	70	150
5:07:30	70	40,2	53	69	150
5:07:40	70	40,2	54	69	150
5:07:50	70	40,2	53	69	150
5:08:00	70	40,2	54	69	150
5:08:10	70	40,2	51	69	150
5:08:20	70	40,1	52	70	150
5:08:30	70	40,1	53	69	150
5:08:40	70	40,1	53	69	150
5:08:50	70	40,1	53	69	150
5:09:00	70	40,1	54	69	150
5:09:10	70	40,1	54	69	150
5:09:20	70	40,1	53	69	150
5:09:30	70	40,1	53	69	150
5:09:40	70	40,1	50	69	150
5:09:50	70	40,1	51	69	150
5:10:00	70	40,1	52	69	150
5:10:10	70	40,1	54	69	150
5:10:20	70	40,1	55	69	150
5:10:30	70	40,1	52	69	150
5:10:40	70	40,0	53	69	150
5:10:50	70	40,0	54	69	150
5:11:00	70	40,1	52	69	150
5:11:10	70	40,1	55	69	150
5:11:20	70	40,1	54	69	150
5:11:30	70	40,1	55	69	150
5:11:40	70	40,1	55	69	150
5:11:50	70	40,1	55	69	150
5:12:00	70	40,1	5	69	150
5:12:10	70	40,1	2	69	150
5:12:20	70	40,1	45	70	150
5:12:30	70	40,1	55	69	150
5:12:40	70	40,1	52	69	150
5:12:50	70	40,1	52	70	150
5:13:00	70	40,1	53	69	150
5:13:10	70	40,1	30	70	150
5:13:20	70	40,2	29	70	150
5:13:30	70	40,2	51	70	150
5:13:40	70	40,2	55	69	150
5:13:50	70	40,2	55	70	150
5:14:00	70	40,2	56	70	150
5:14:10	70	40,2	51	69	150
5:14:20	70	40,2	50	69	150
5:14:30	70	40,2	51	70	150
5:14:40	70	40,2	32	69	150
5:14:50	70	40,2	56	69	150
5:15:00	70	40,2	55	70	150
5:15:10	70	40,1	55	70	150
5:15:20	70	40,1	55	69	150
5:15:30	70	40,1	55	69	150
5:15:40	70	40,1	44	70	150
5:15:50	70	40,1	57	69	150
5:16:00	70	40,1	56	70	150
5:16:10	70	40,1	55	69	150
5:16:20	70	40,1	57	69	150
5:16:30	70	40,1	60	69	150
5:16:40	70	40,1	60	69	150
5:16:50	70	40,1	56	69	150
5:17:00	70	40,1	57	69	150
5:17:10	70	40,1	57	69	150
5:17:20	70	40,1	59	69	150
5:17:30	70	40,1	60	69	150
5:17:40	70	40,1	60	69	150
5:17:50	70	40,1	59	69	150
5:18:00	70	40,1	45	69	150
5:18:10	70	40,1	55	69	150
5:18:20	70	40,1	54	69	150
5:18:30	70	40,1	58	69	150
5:18:40	70	40,1	53	69	150
5:18:50	70	40,1	59	69	150
5:19:00	70	40,1	55	69	150
5:19:10	70	40,1	50	69	150
5:19:20	70	40,1	54	69	150
5:19:30	70	40,1	54	69	150
5:19:40	70	40,1	54	69	150
5:19:50	70	40,1	58	69	150
5:20:00	70	40,1	48	69	150
5:20:10	70	40,1	54	69	150
5:20:20	70	40,1	56	69	150
5:20:30	70	40,1	56	69	150
5:20:40	70	40,1	53	69	150
5:20:50	70	40,1	53	69	150
5:21:00	70	40,1	57	69	150
5:21:10	70	40,1	42	69	150
5:21:20	70	40,1	54	70	150
5:21:30	70	40,1	57	70	150
5:21:40	70	40,1	56	70	150
5:21:50	70	40,1	56	69	150
5:22:00	70	40,1	55	69	150
5:22:10	70	40,1	61	69	150
5:22:20	70	40,1	50	69	150
5:22:30	70	40,1	51	69	150
5:22:40	70	40,1	57	69	150
5:22:50	70	40,1	53	69	150
5:23:00	70	40,1	46	69	150
5:23:10	70	40,1	55	69	150
5:23:20	70	40,1	55	69	150
5:23:30	70	40,1	35	69	150
5:23:40	70	40,1	60	69	150
5:23:50	70	40,1	58	69	150
5:24:00	70	40,1	59	69	150
5:24:10	70	40,1	59	69	150
5:24:20	70	40,1	55	69	150
5:24:30	70	40,1	60	69	150
5:24:40	70	40,0	63	69	150
5:24:50	70	40,0	58	69	150
5:25:00	70	40,0	60	69	150
5:25:10	70	40,0	59	69	150
5:25:20	70	40,0	60	69	150
5:25:30	70	40,0	55	69	150
5:25:40	70	40,0	56	69	150
5:25:50	70	40,0	58	69	150
5:26:00	70	40,0	64	69	150
5:26:10	70	40,0	64	69	150
5:26:20	70	40,0	60	69	150
5:26:30	70	40,0	64	69	150
5:26:40	70	40,0	63	69	150
5:26:50	70	40,0	57	69	150
5:27:00	70	40,0	63	69	150
5:27:10	70	40,0	58	69	150
5:27:20	70	40,1	62	69	150
5:27:30	70	40,1	66	69	150
5:27:40	70	40,1	59	69	150
5:27:50	70	40,1	60	69	150
5:28:00	70	40,1	62	69	150
5:28:10	70	40,1	61	69	150
5:28:20	70	40,1	60	69	150
5:28:30	70	40,1	57	69	150
5:28:40	70	40,1	61	69	150
5:28:50	70	40,1	64	69	150
5:29:00	70	40,1	65	69	150
5:29:10	70	40,1	68	69	150
5:29:20	70	40,1	63	69	150
5:29:30	70	40,1	53	69	150
5:29:40	70	40,1	65	70	150
5:29:50	70	40,1	62	69	150
5:30:00	70	40,1	57	69	150
5:30:10	70	40,1	66	69	150
5:30:20	70	40,1	64	69	150
5:30:30	70	40,1	64	69	150
5:30:40	70	40,1	64	69	150
5:30:50	70	40,1	64	69	150
5:31:00	70	40,1	71	69	150
5:31:10	70	40,1	68	69	150
5:31:20	70	40,1	66	69	150
5:31:30	70	40,1	66	69	150
5:31:40	70	40,1	66	69	150
5:31:50	70	40,0	68	69	150
5:32:00	70	40,0	67	69	150
5:32:10	70	40,0	62	69	150
5:32:20	70	40,0	72	69	150
5:32:30	70	40,0	3	69	150
5:32:40	70	40,0	45	69	150
5:32:50	70	40,0	26	69	150
5:33:00	70	40,0	65	69	150
5:33:10	70	40,0	66	69	150
5:33:20	70	40,1	69	69	150
5:33:30	70	40,1	74	69	150
5:33:40	70	40,0	18	69	150
5:33:50	70	40,0	72	69	150
5:34:00	70	40,0	63	69	150
5:34:10	70	40,0	69	69	150
5:34:20	70	40,0	76	69	150
5:34:30	70	40,0	75	69	150
5:34:40	70	40,0	73	69	150
5:34:50	70	40,0	80	69	150
5:35:00	70	40,0	81	69	150
5:35:10	70	40,0	74	69	150
5:35:20	70	40,0	73	69	150
5:35:30	70	40,0	65	69	150
5:35:40	70	40,0	76	69	150
5:35:50	70	40,0	74	69	150
5:36:00	70	40,0	78	69	150
5:36:10	70	40,0	83	69	150
5:36:20	70	40,0	82	69	150
5:36:30	70	40,0	77	69	150
5:36:40	70	40,1	82	69	150
5:36:50	70	40,1	80	69	150
5:37:00	70	40,1	86	69	150
5:37:10	70	40,1	85	69	150
5:37:20	70	40,1	86	69	150
5:37:30	70	40,1	76	69	150
5:37:40	70	40,1	75	69	150
5:37:50	70	40,1	81	69	150
5:38:00	70	40,1	79	69	150
5:38:10	70	40,0	80	69	150
5:38:20	70	40,0	75	69	150
5:38:30	70	40,0	76	69	150
5:38:40	70	40,0	82	69	150
5:38:50	70	40,0	79	69	150
5:39:00	70	40,0	81	69	150
5:39:10	70	40,0	78	69	150
5:39:20	70	40,0	81	69	150
5:39:30	70	40,0	76	69	150
5:39:40	70	40,0	81	69	150
5:39:50	70	40,3	80	69	150
5:40:00	70	40,3	84	69	150
5:40:10	70	40,3	81	69	150
5:40:20	70	40,3	73	69	150
5:40:30	70	40,2	81	69	150
5:40:40	70	40,2	82	69	150
5:40:50	70	40,2	81	69	150
5:41:00	70	40,2	90	69	150
5:41:10	70	40,2	86	69	150
5:41:20	70	40,2	26	69	150
5:41:30	70	40,2	85	69	150
5:41:40	70	40,2	91	69	150
5:41:50	70	40,2	93	69	150
5:42:00	70	40,1	94	69	150
5:42:10	70	40,1	87	69	150
5:42:20	70	40,1	76	69	150
5:42:30	70	40,1	98	69	150
5:42:40	70	40,1	83	69	150
5:42:50	70	40,1	102	69	150
5:43:00	70	40,1	104	69	150
