--Test Summary--
Full Path and File Name	
Instrument Name	7322
Instrument Type	Model 7322 Consistometer - Variable Speed
Instrument Serial Number	
Test Start Date	07.11.2014
Test Start Time	10:03:53
Test Stop Date	07.11.2014
Test Stop Time	16:31:09
Test Length	6:27:16
Final Sample Time Offset	6:27:10
Controller Schedule Name	
Sampling Period	10 seconds
Comments	T: 92C (50min); P; 55MPa (50min); tap water.
Information	WellID	Research
Information	Customer	Trican
Information	EngName	Aleksanyan Mikhail
Information	CementClass	100%G+5%DART-100+30%SFA-2 (bwoc)
Information	CementMfr	Dyckerhoff - Suhoy Log
Information	Additives	0.9%CFL-5+0.9%CFR-12+0.1%HTR-100 (bwoc)
Information	Density	1920
Information	BHCT	92
Information	BHST	
Information	FluidLoss	58
Information	JobType	
Calculated Value	Time_30Bc	5:08:00
Calculated Value	Time_70Bc	5:27:20
Calculated Value	Time_100Bc	N/A
Initial Temperature (°C)	25 °C
Final Temperature (°C)	83 °C
Initial Pressure (MPa)	0,6 MPa
Final Pressure (MPa)	55,1 MPa
Initial Consistency (Bc)	3 Bc
Final Consistency (Bc)	59 Bc
Initial Wall Temperature (°C)	23 °C
Final Wall Temperature (°C)	59 °C
Initial Motor Speed (RPM)	150 RPM
Final Motor Speed (RPM)	0 RPM
--Data--
Time (HH:MM:SS)	Temperature (°C)	Pressure (MPa)	Consistency (Bc)	Wall Temperature (°C)	Motor Speed (RPM)
0:00:00	25	0,6	3	23	150
0:00:10	25	0,7	5	23	150
0:00:20	25	0,8	5	23	150
0:00:30	25	1,1	7	24	150
0:00:40	25	1,3	4	24	150
0:00:50	25	1,5	7	25	150
0:01:00	25	1,6	7	25	150
0:01:10	25	2,2	7	26	150
0:01:20	25	2,4	7	26	150
0:01:30	25	2,6	8	27	150
0:01:40	25	2,8	5	28	150
0:01:50	25	3,1	8	30	150
0:02:00	26	3,4	5	31	150
0:02:10	26	3,6	7	31	150
0:02:20	26	3,9	3	33	150
0:02:30	26	4,2	5	32	150
0:02:40	26	4,4	4	33	150
0:02:50	26	4,7	7	34	150
0:03:00	26	4,7	8	33	150
0:03:10	27	4,9	4	34	150
0:03:20	27	5,1	4	34	150
0:03:30	27	5,2	7	35	150
0:03:40	27	5,4	5	35	150
0:03:50	28	5,6	11	35	150
0:04:00	28	5,8	5	35	150
0:04:10	28	5,9	4	35	150
0:04:20	28	6,1	10	36	150
0:04:30	29	6,2	9	36	150
0:04:40	29	6,4	3	36	150
0:04:50	29	6,6	5	36	150
0:05:00	29	6,7	6	37	150
0:05:10	29	6,8	5	37	150
0:05:20	30	7,0	9	37	150
0:05:30	30	7,2	10	37	150
0:05:40	30	7,3	9	38	150
0:05:50	31	7,5	11	38	150
0:06:00	31	7,7	10	38	150
0:06:10	31	7,9	3	39	150
0:06:20	31	8,1	6	39	150
0:06:30	31	8,4	13	39	150
0:06:40	32	8,5	8	40	150
0:06:50	32	8,6	11	40	150
0:07:00	32	8,8	12	40	150
0:07:10	32	8,9	12	40	150
0:07:20	33	9,0	8	40	150
0:07:30	33	9,2	13	41	150
0:07:40	33	9,3	12	41	150
0:07:50	33	9,5	14	41	150
0:08:00	34	9,7	16	41	150
0:08:10	34	9,8	18	42	150
0:08:20	34	10,0	17	42	150
0:08:30	34	10,2	19	43	150
0:08:40	34	10,4	20	43	150
0:08:50	35	10,6	21	43	150
0:09:00	35	10,8	18	44	150
0:09:10	35	11,0	20	44	150
0:09:20	35	11,2	19	44	150
0:09:30	36	11,4	16	45	150
0:09:40	36	11,5	14	45	150
0:09:50	36	11,7	19	45	150
0:10:00	36	11,9	13	45	150
0:10:10	37	12,0	15	45	150
0:10:20	37	12,2	12	46	150
0:10:30	37	12,3	14	46	150
0:10:40	37	12,5	14	46	150
0:10:50	38	12,6	16	46	150
0:11:00	38	12,7	12	46	150
0:11:10	38	12,9	15	47	150
0:11:20	38	13,0	14	47	150
0:11:30	39	13,2	18	47	150
0:11:40	39	13,3	13	47	150
0:11:50	39	13,5	17	47	150
0:12:00	39	13,6	15	48	150
0:12:10	40	13,8	17	48	150
0:12:20	40	14,0	14	48	150
0:12:30	40	14,5	17	49	150
0:12:40	40	14,8	16	49	150
0:12:50	40	14,9	13	49	150
0:13:00	41	15,1	12	49	150
0:13:10	41	15,4	17	50	150
0:13:20	41	15,6	16	50	150
0:13:30	41	15,8	19	50	150
0:13:40	41	15,9	20	51	150
0:13:50	42	16,1	20	51	150
0:14:00	42	16,3	19	51	150
0:14:10	42	16,4	15	51	150
0:14:20	42	16,6	14	52	150
0:14:30	43	16,8	17	52	150
0:14:40	43	17,0	17	52	150
0:14:50	43	17,1	15	52	150
0:15:00	43	17,3	19	52	150
0:15:10	44	17,5	19	52	150
0:15:20	44	17,7	19	53	150
0:15:30	44	17,8	20	53	150
0:15:40	44	18,0	16	53	150
0:15:50	44	18,2	18	54	150
0:16:00	45	18,4	19	54	150
0:16:10	45	18,5	18	54	150
0:16:20	45	18,7	14	54	150
0:16:30	45	18,9	17	54	150
0:16:40	46	19,1	10	54	150
0:16:50	46	19,3	11	55	150
0:17:00	46	19,5	9	55	150
0:17:10	46	19,6	12	56	150
0:17:20	47	19,9	5	56	150
0:17:30	47	20,1	8	56	150
0:17:40	47	20,3	13	56	150
0:17:50	47	20,4	11	56	150
0:18:00	47	20,6	17	57	150
0:18:10	48	20,8	17	57	150
0:18:20	48	21,0	14	57	150
0:18:30	48	21,2	16	57	150
0:18:40	48	21,4	9	58	150
0:18:50	49	21,5	18	58	150
0:19:00	49	21,7	17	58	150
0:19:10	49	21,8	16	58	150
0:19:20	49	22,0	17	58	150
0:19:30	49	22,2	13	59	150
0:19:40	50	22,4	14	59	150
0:19:50	50	22,6	13	59	150
0:20:00	50	22,7	14	59	150
0:20:10	50	22,9	14	59	150
0:20:20	51	23,1	17	60	150
0:20:30	51	23,3	15	60	150
0:20:40	51	23,5	13	60	150
0:20:50	51	23,7	16	60	150
0:21:00	52	23,8	14	60	150
0:21:10	52	24,1	13	61	150
0:21:20	52	24,2	14	61	150
0:21:30	52	24,4	14	61	150
0:21:40	52	24,6	17	62	150
0:21:50	53	24,8	13	62	150
0:22:00	53	25,0	15	62	150
0:22:10	53	25,2	12	62	150
0:22:20	53	25,4	12	63	150
0:22:30	54	25,5	14	63	150
0:22:40	54	25,7	18	63	150
0:22:50	54	25,9	16	63	150
0:23:00	54	26,1	17	63	150
0:23:10	54	26,3	16	64	150
0:23:20	55	26,5	14	64	150
0:23:30	55	26,7	11	64	150
0:23:40	55	26,9	15	64	150
0:23:50	55	27,2	14	65	150
0:24:00	56	27,3	15	65	150
0:24:10	56	27,5	17	65	150
0:24:20	56	27,7	16	65	150
0:24:30	56	27,9	19	66	150
0:24:40	56	28,1	14	66	150
0:24:50	57	28,3	18	66	150
0:25:00	57	28,5	18	66	150
0:25:10	57	28,7	16	67	150
0:25:20	57	28,9	14	67	150
0:25:30	57	29,1	12	67	150
0:25:40	58	29,3	13	68	150
0:25:50	58	29,5	15	68	150
0:26:00	58	29,7	17	68	150
0:26:10	58	29,9	17	68	150
0:26:20	59	30,2	17	69	150
0:26:30	59	30,3	15	69	150
0:26:40	59	30,5	18	69	150
0:26:50	59	30,7	17	69	150
0:27:00	60	30,9	17	69	150
0:27:10	60	31,1	17	70	150
0:27:20	60	31,3	17	69	150
0:27:30	60	31,5	15	70	150
0:27:40	60	31,7	14	70	150
0:27:50	61	31,8	14	71	150
0:28:00	61	32,0	13	70	150
0:28:10	61	32,2	16	71	150
0:28:20	61	32,4	16	71	150
0:28:30	62	32,6	17	71	150
0:28:40	62	32,2	10	72	150
0:28:50	62	32,4	10	72	150
0:29:00	62	32,7	15	73	150
0:29:10	62	32,9	15	73	150
0:29:20	63	33,1	16	73	150
0:29:30	63	33,3	16	73	150
0:29:40	63	33,4	11	73	150
0:29:50	63	33,6	11	73	150
0:30:00	64	33,8	14	73	150
0:30:10	64	33,9	14	74	150
0:30:20	64	34,1	9	74	150
0:30:30	64	34,3	11	74	150
0:30:40	65	34,4	13	74	150
0:30:50	65	34,7	14	75	150
0:31:00	65	34,8	11	75	150
0:31:10	65	35,0	15	75	150
0:31:20	65	35,2	16	75	150
0:31:30	66	35,4	12	75	150
0:31:40	66	35,6	10	75	150
0:31:50	66	35,8	11	76	150
0:32:00	66	36,0	10	76	150
0:32:10	67	36,2	13	76	150
0:32:20	67	36,4	7	77	150
0:32:30	67	36,6	9	77	150
0:32:40	67	36,7	11	77	150
0:32:50	67	36,9	11	77	150
0:33:00	68	37,1	9	78	150
0:33:10	68	37,3	12	78	150
0:33:20	68	37,5	8	78	150
0:33:30	68	37,7	9	78	150
0:33:40	69	37,9	9	78	150
0:33:50	69	38,1	14	79	150
0:34:00	69	38,2	17	79	150
0:34:10	69	38,4	10	79	150
0:34:20	69	38,6	7	79	150
0:34:30	70	38,8	8	79	150
0:34:40	70	39,0	9	79	150
0:34:50	70	39,1	10	80	150
0:35:00	70	39,3	10	80	150
0:35:10	71	39,5	7	80	150
0:35:20	71	39,7	9	81	150
0:35:30	71	39,9	7	81	150
0:35:40	71	40,2	7	81	150
0:35:50	71	40,4	9	81	150
0:36:00	72	40,6	8	81	150
0:36:10	72	40,7	6	81	150
0:36:20	72	40,9	5	82	150
0:36:30	72	41,1	7	82	150
0:36:40	73	41,3	10	82	150
0:36:50	73	41,5	7	82	150
0:37:00	73	41,7	9	83	150
0:37:10	73	41,9	12	83	150
0:37:20	74	42,1	10	83	150
0:37:30	74	42,3	12	83	150
0:37:40	74	42,4	12	83	150
0:37:50	74	42,6	13	84	150
0:38:00	74	42,8	14	84	150
0:38:10	75	43,0	8	84	150
0:38:20	75	43,2	12	85	150
0:38:30	75	43,4	14	85	150
0:38:40	75	43,6	13	85	150
0:38:50	76	43,8	17	85	150
0:39:00	76	43,9	11	85	150
0:39:10	76	44,1	12	85	150
0:39:20	76	44,3	5	86	150
0:39:30	76	44,5	11	86	150
0:39:40	77	44,7	14	86	150
0:39:50	77	44,8	14	86	150
0:40:00	77	45,0	14	86	150
0:40:10	77	45,2	12	87	150
0:40:20	77	45,4	14	87	150
0:40:30	78	45,6	4	87	150
0:40:40	78	45,8	6	87	150
0:40:50	78	46,0	7	88	150
0:41:00	78	46,2	8	88	150
0:41:10	79	46,3	11	88	150
0:41:20	79	46,5	3	88	150
0:41:30	79	46,7	6	89	150
0:41:40	79	46,9	4	89	150
0:41:50	79	47,1	5	89	150
0:42:00	80	46,6	9	89	150
0:42:10	80	46,8	7	89	150
0:42:20	80	47,1	7	90	150
0:42:30	80	47,2	6	90	150
0:42:40	81	47,4	4	90	150
0:42:50	81	47,6	6	90	150
0:43:00	81	47,9	8	91	150
0:43:10	81	48,1	7	91	150
0:43:20	81	48,3	6	91	150
0:43:30	82	48,4	8	91	150
0:43:40	82	48,6	6	92	150
0:43:50	82	48,8	7	92	150
0:44:00	82	49,0	17	92	150
0:44:10	83	49,2	17	92	150
0:44:20	83	49,4	16	93	150
0:44:30	83	49,6	13	93	150
0:44:40	83	49,8	5	93	150
0:44:50	83	49,9	15	93	150
0:45:00	84	50,1	12	93	150
0:45:10	84	50,3	13	94	150
0:45:20	84	50,5	11	94	150
0:45:30	84	50,7	15	94	150
0:45:40	85	50,9	13	94	150
0:45:50	85	51,0	11	94	150
0:46:00	85	51,2	16	95	150
0:46:10	85	51,4	17	95	150
0:46:20	85	51,6	19	95	150
0:46:30	86	51,9	18	95	150
0:46:40	86	52,1	17	96	150
0:46:50	86	52,3	18	96	150
0:47:00	86	52,5	20	96	150
0:47:10	87	52,6	14	96	150
0:47:20	87	52,8	13	97	150
0:47:30	87	53,0	13	97	150
0:47:40	87	53,1	18	97	150
0:47:50	87	53,4	19	97	150
0:48:00	88	53,6	19	97	150
0:48:10	88	53,7	12	97	150
0:48:20	88	53,9	19	98	150
0:48:30	88	54,1	19	98	150
0:48:40	89	54,2	17	98	150
0:48:50	89	54,4	19	98	150
0:49:00	89	54,6	16	98	150
0:49:10	89	54,7	16	99	150
0:49:20	90	54,9	14	99	150
0:49:30	90	55,1	13	99	150
0:49:40	90	55,3	17	99	150
0:49:50	90	55,5	15	100	150
0:50:00	90	55,7	14	100	150
0:50:10	91	55,8	19	100	150
0:50:20	91	56,0	18	100	150
0:50:30	91	55,4	18	100	150
0:50:40	91	55,5	19	100	150
0:50:50	91	55,6	18	100	150
0:51:00	92	55,6	19	100	150
0:51:10	92	55,6	20	99	150
0:51:20	92	55,6	19	99	150
0:51:30	92	55,5	20	99	150
0:51:40	92	55,5	20	99	150
0:51:50	93	55,4	19	98	150
0:52:00	93	55,3	19	98	150
0:52:10	93	55,3	19	98	150
0:52:20	93	55,2	19	97	150
0:52:30	93	55,1	19	97	150
0:52:40	93	55,0	19	97	150
0:52:50	93	54,9	20	97	150
0:53:00	93	55,1	17	96	150
0:53:10	93	55,0	15	96	150
0:53:20	93	55,0	16	96	150
0:53:30	94	55,1	19	96	150
0:53:40	94	55,1	19	96	150
0:53:50	94	55,0	18	96	150
0:54:00	94	55,0	20	96	150
0:54:10	94	55,1	16	95	150
0:54:20	94	55,2	19	96	150
0:54:30	94	55,2	18	95	150
0:54:40	94	55,1	19	95	150
0:54:50	94	55,1	19	95	150
0:55:00	94	55,0	17	95	150
0:55:10	94	55,0	14	95	150
0:55:20	94	55,0	18	95	150
0:55:30	94	55,0	16	95	150
0:55:40	94	55,0	12	95	150
0:55:50	94	55,1	19	95	150
0:56:00	94	55,1	20	95	150
0:56:10	94	55,1	14	95	150
0:56:20	94	55,0	17	94	150
0:56:30	94	55,0	15	95	150
0:56:40	93	55,0	16	95	150
0:56:50	93	55,1	15	95	150
0:57:00	93	55,1	18	95	150
0:57:10	93	55,1	17	95	150
0:57:20	93	55,0	19	95	150
0:57:30	93	55,0	18	94	150
0:57:40	93	55,0	19	94	150
0:57:50	93	55,0	19	94	150
0:58:00	93	55,0	19	94	150
0:58:10	93	55,2	18	94	150
0:58:20	93	55,2	19	94	150
0:58:30	93	55,2	19	94	150
0:58:40	93	55,1	19	94	150
0:58:50	93	55,1	19	94	150
0:59:00	93	55,2	19	94	150
0:59:10	93	55,1	19	94	150
0:59:20	93	55,1	19	94	150
0:59:30	93	55,1	19	94	150
0:59:40	93	55,1	19	94	150
0:59:50	93	55,1	18	94	150
1:00:00	93	55,1	16	94	150
1:00:10	93	55,1	19	94	150
1:00:20	93	55,1	19	94	150
1:00:30	93	55,1	20	94	150
1:00:40	93	55,2	18	94	150
1:00:50	93	55,2	20	94	150
1:01:00	93	55,1	20	94	150
1:01:10	93	55,1	18	94	150
1:01:20	93	55,1	19	94	150
1:01:30	93	55,1	20	94	150
1:01:40	93	55,2	20	94	150
1:01:50	93	55,2	20	94	150
1:02:00	93	55,2	20	94	150
1:02:10	93	55,2	20	94	150
1:02:20	93	55,2	20	94	150
1:02:30	93	55,2	20	94	150
1:02:40	93	55,2	20	94	150
1:02:50	93	55,2	17	94	150
1:03:00	93	55,2	19	94	150
1:03:10	93	55,2	17	94	150
1:03:20	93	55,2	17	94	150
1:03:30	93	55,2	19	94	150
1:03:40	93	55,2	19	94	150
1:03:50	93	55,2	19	94	150
1:04:00	93	55,2	19	94	150
1:04:10	93	55,2	20	94	150
1:04:20	93	55,2	20	94	150
1:04:30	93	55,3	20	94	150
1:04:40	93	55,3	20	94	150
1:04:50	93	55,3	20	94	150
1:05:00	93	55,3	20	94	150
1:05:10	93	55,3	20	94	150
1:05:20	93	55,3	20	94	150
1:05:30	93	55,3	20	94	150
1:05:40	92	55,3	20	94	150
1:05:50	92	55,3	20	94	150
1:06:00	92	55,4	20	94	150
1:06:10	92	55,4	20	94	150
1:06:20	92	55,4	20	94	150
1:06:30	92	55,4	20	94	150
1:06:40	92	55,4	20	94	150
1:06:50	92	55,4	20	94	150
1:07:00	92	55,4	20	94	150
1:07:10	92	55,4	20	94	150
1:07:20	92	55,5	20	94	150
1:07:30	92	55,5	20	94	150
1:07:40	92	55,5	18	94	150
1:07:50	92	55,5	20	94	150
1:08:00	92	55,6	20	94	150
1:08:10	92	55,6	20	94	150
1:08:20	92	55,6	20	94	150
1:08:30	92	55,6	18	94	150
1:08:40	92	55,6	19	94	150
1:08:50	92	55,7	19	94	150
1:09:00	92	55,7	20	94	150
1:09:10	92	55,7	16	94	150
1:09:20	92	55,7	18	94	150
1:09:30	92	55,7	16	94	150
1:09:40	92	55,7	15	94	150
1:09:50	92	55,7	15	94	150
1:10:00	92	55,7	18	94	150
1:10:10	92	55,7	15	94	150
1:10:20	92	55,7	18	94	150
1:10:30	92	55,7	18	94	150
1:10:40	92	55,7	18	94	150
1:10:50	92	55,8	20	94	150
1:11:00	92	55,8	18	94	150
1:11:10	92	55,8	18	94	150
1:11:20	92	55,8	15	94	150
1:11:30	92	55,8	18	94	150
1:11:40	92	55,8	17	94	150
1:11:50	92	55,8	18	94	150
1:12:00	92	55,8	19	94	150
1:12:10	92	55,8	18	94	150
1:12:20	92	55,9	12	94	150
1:12:30	92	55,9	19	94	150
1:12:40	92	55,9	17	94	150
1:12:50	92	55,9	17	94	150
1:13:00	92	55,9	18	94	150
1:13:10	92	55,9	18	94	150
1:13:20	92	55,9	18	94	150
1:13:30	92	55,9	19	94	150
1:13:40	92	55,9	20	94	150
1:13:50	92	55,9	20	94	150
1:14:00	92	55,9	20	94	150
1:14:10	92	55,9	20	94	150
1:14:20	92	55,9	19	94	150
1:14:30	92	56,0	19	94	150
1:14:40	92	56,0	20	94	150
1:14:50	92	56,0	20	94	150
1:15:00	92	55,5	20	94	150
1:15:10	92	55,4	20	94	150
1:15:20	92	55,5	19	94	150
1:15:30	92	55,5	18	94	150
1:15:40	92	55,5	20	94	150
1:15:50	92	55,5	20	94	150
1:16:00	92	55,5	19	94	150
1:16:10	92	55,5	18	94	150
1:16:20	92	55,5	18	94	150
1:16:30	92	55,5	20	94	150
1:16:40	92	55,5	19	94	150
1:16:50	92	55,5	18	94	150
1:17:00	92	55,5	13	94	150
1:17:10	92	55,6	12	94	150
1:17:20	92	55,6	14	94	150
1:17:30	92	55,6	15	94	150
1:17:40	92	55,6	19	94	150
1:17:50	92	55,6	18	94	150
1:18:00	92	55,6	19	94	150
1:18:10	92	55,6	18	94	150
1:18:20	92	55,6	15	94	150
1:18:30	92	55,6	12	94	150
1:18:40	92	55,6	16	94	150
1:18:50	92	55,6	12	94	150
1:19:00	92	55,6	20	94	150
1:19:10	92	55,6	12	94	150
1:19:20	92	55,6	12	94	150
1:19:30	92	55,6	17	94	150
1:19:40	92	55,6	15	94	150
1:19:50	92	55,6	14	94	150
1:20:00	92	55,6	15	94	150
1:20:10	92	55,6	11	94	150
1:20:20	92	55,6	15	94	150
1:20:30	92	55,6	15	94	150
1:20:40	92	55,6	16	94	150
1:20:50	92	55,6	17	94	150
1:21:00	92	55,6	16	94	150
1:21:10	92	55,6	17	94	150
1:21:20	92	55,6	17	94	150
1:21:30	92	55,6	17	94	150
1:21:40	92	55,7	12	94	150
1:21:50	92	55,7	12	94	150
1:22:00	92	55,7	11	94	150
1:22:10	92	55,7	13	94	150
1:22:20	92	55,7	10	94	150
1:22:30	92	55,7	8	94	150
1:22:40	92	55,7	12	94	150
1:22:50	92	55,7	11	93	150
1:23:00	92	55,7	12	94	150
1:23:10	92	55,7	13	93	150
1:23:20	92	55,7	19	93	150
1:23:30	92	55,7	12	93	150
1:23:40	92	55,7	18	93	150
1:23:50	92	55,7	18	93	150
1:24:00	92	55,7	19	93	150
1:24:10	92	55,7	19	93	150
1:24:20	92	55,7	18	93	150
1:24:30	92	55,7	19	93	150
1:24:40	92	55,7	18	93	150
1:24:50	92	55,7	18	93	150
1:25:00	92	55,7	18	93	150
1:25:10	92	55,7	18	93	150
1:25:20	92	55,7	16	93	150
1:25:30	92	55,7	16	93	150
1:25:40	92	55,7	19	93	150
1:25:50	92	55,7	18	93	150
1:26:00	92	55,7	18	93	150
1:26:10	92	55,8	19	93	150
1:26:20	92	55,8	19	93	150
1:26:30	92	55,8	18	93	150
1:26:40	92	55,8	16	94	150
1:26:50	92	55,8	18	93	150
1:27:00	92	55,8	20	93	150
1:27:10	92	55,8	20	94	150
1:27:20	92	55,8	20	93	150
1:27:30	92	55,8	20	93	150
1:27:40	92	55,8	20	93	150
1:27:50	92	55,8	20	93	150
1:28:00	92	55,8	20	93	150
1:28:10	92	55,8	20	93	150
1:28:20	92	55,8	20	93	150
1:28:30	92	55,9	20	94	150
1:28:40	92	55,8	20	93	150
1:28:50	92	55,9	20	93	150
1:29:00	92	55,9	18	93	150
1:29:10	92	55,9	17	93	150
1:29:20	92	55,9	18	94	150
1:29:30	92	55,9	20	93	150
1:29:40	92	55,9	21	94	150
1:29:50	92	55,9	21	93	150
1:30:00	92	55,9	21	93	150
1:30:10	92	55,9	21	93	150
1:30:20	92	55,9	21	93	150
1:30:30	92	55,9	21	93	150
1:30:40	92	55,9	20	93	150
1:30:50	92	55,9	20	93	150
1:31:00	92	55,9	20	93	150
1:31:10	92	55,9	20	93	150
1:31:20	92	55,9	21	93	150
1:31:30	92	55,9	20	93	150
1:31:40	92	55,9	20	93	150
1:31:50	92	55,9	20	93	150
1:32:00	92	55,9	20	93	150
1:32:10	92	55,9	20	93	150
1:32:20	92	55,9	21	93	150
1:32:30	92	55,9	20	93	150
1:32:40	92	55,9	21	93	150
1:32:50	92	55,9	21	93	150
1:33:00	92	55,9	20	93	150
1:33:10	92	55,9	21	93	150
1:33:20	92	55,9	21	93	150
1:33:30	92	55,9	21	93	150
1:33:40	92	55,9	21	93	150
1:33:50	92	55,9	20	93	150
1:34:00	92	55,9	21	93	150
1:34:10	92	56,0	21	93	150
1:34:20	92	56,0	20	93	150
1:34:30	92	56,0	21	93	150
1:34:40	92	56,0	21	93	150
1:34:50	92	56,0	21	93	150
1:35:00	92	56,0	21	93	150
1:35:10	92	56,0	20	93	150
1:35:20	92	56,0	21	93	150
1:35:30	92	56,0	21	93	150
1:35:40	92	56,0	20	93	150
1:35:50	92	56,0	21	93	150
1:36:00	92	56,0	21	93	150
1:36:10	92	55,1	12	93	150
1:36:20	92	55,2	11	93	150
1:36:30	92	55,2	20	93	150
1:36:40	92	55,2	21	93	150
1:36:50	92	55,2	20	93	150
1:37:00	92	55,2	21	93	150
1:37:10	92	55,2	20	93	150
1:37:20	92	55,2	21	93	150
1:37:30	92	55,3	18	93	150
1:37:40	92	55,3	20	93	150
1:37:50	92	55,3	20	93	150
1:38:00	92	55,3	19	93	150
1:38:10	92	55,3	21	93	150
1:38:20	92	55,3	21	93	150
1:38:30	92	55,3	20	93	150
1:38:40	92	55,3	21	93	150
1:38:50	92	55,3	21	93	150
1:39:00	92	55,3	20	93	150
1:39:10	92	55,3	20	93	150
1:39:20	92	55,3	21	93	150
1:39:30	92	55,3	21	93	150
1:39:40	92	55,3	20	93	150
1:39:50	92	55,3	20	93	150
1:40:00	92	55,3	19	93	150
1:40:10	92	55,3	21	93	150
1:40:20	92	55,3	21	93	150
1:40:30	92	55,3	20	93	150
1:40:40	92	55,3	20	93	150
1:40:50	92	55,3	21	93	150
1:41:00	92	55,3	20	93	150
1:41:10	92	55,3	21	93	150
1:41:20	92	55,3	19	93	150
1:41:30	92	55,3	20	93	150
1:41:40	92	55,3	20	93	150
1:41:50	92	55,3	20	93	150
1:42:00	92	55,3	21	93	150
1:42:10	92	55,3	21	93	150
1:42:20	92	55,3	21	93	150
1:42:30	92	55,3	20	93	150
1:42:40	92	55,3	21	93	150
1:42:50	92	55,3	21	93	150
1:43:00	92	55,4	21	93	150
1:43:10	92	55,4	21	93	150
1:43:20	92	55,4	18	93	150
1:43:30	92	55,4	19	93	150
1:43:40	92	55,4	20	93	150
1:43:50	92	55,4	21	93	150
1:44:00	92	55,4	21	93	150
1:44:10	92	55,4	21	93	150
1:44:20	92	55,4	21	93	150
1:44:30	92	55,4	21	93	150
1:44:40	92	55,4	21	93	150
1:44:50	92	55,4	21	93	150
1:45:00	92	55,4	21	93	150
1:45:10	92	55,4	20	93	150
1:45:20	92	55,4	21	93	150
1:45:30	92	55,4	21	93	150
1:45:40	92	55,4	21	93	150
1:45:50	92	55,4	21	93	150
1:46:00	92	55,4	21	93	150
1:46:10	92	55,4	21	93	150
1:46:20	92	55,4	21	93	150
1:46:30	92	55,4	21	93	150
1:46:40	92	55,4	21	93	150
1:46:50	92	55,4	13	93	150
1:47:00	92	55,4	21	93	150
1:47:10	92	55,4	21	93	150
1:47:20	92	55,4	21	93	150
1:47:30	92	55,4	22	93	150
1:47:40	92	55,4	20	93	150
1:47:50	92	55,4	20	93	150
1:48:00	92	55,4	22	93	150
1:48:10	92	55,4	21	93	150
1:48:20	92	55,4	17	93	150
1:48:30	92	55,4	21	93	150
1:48:40	92	55,4	20	93	150
1:48:50	92	55,4	21	93	150
1:49:00	92	55,4	21	93	150
1:49:10	92	55,4	21	93	150
1:49:20	92	55,4	21	93	150
1:49:30	92	55,4	21	93	150
1:49:40	92	55,4	21	93	150
1:49:50	92	55,4	21	93	150
1:50:00	92	55,4	18	93	150
1:50:10	92	55,4	20	93	150
1:50:20	92	55,4	21	93	150
1:50:30	92	55,5	21	93	150
1:50:40	92	55,5	22	93	150
1:50:50	92	55,5	21	93	150
1:51:00	92	55,4	21	93	150
1:51:10	92	55,5	21	93	150
1:51:20	92	55,5	21	93	150
1:51:30	92	55,5	21	93	150
1:51:40	92	55,5	21	93	150
1:51:50	92	55,5	20	93	150
1:52:00	92	55,5	21	93	150
1:52:10	92	55,5	21	93	150
1:52:20	92	55,5	21	93	150
1:52:30	92	55,5	21	93	150
1:52:40	92	55,5	19	93	150
1:52:50	92	55,5	21	93	150
1:53:00	92	55,5	22	93	150
1:53:10	92	55,5	22	93	150
1:53:20	92	55,5	22	93	150
1:53:30	92	55,5	22	93	150
1:53:40	92	55,5	22	93	150
1:53:50	92	55,5	22	93	150
1:54:00	92	55,5	21	93	150
1:54:10	92	55,5	21	93	150
1:54:20	92	55,5	21	93	150
1:54:30	92	55,5	21	93	150
1:54:40	92	55,6	20	93	150
1:54:50	92	55,6	21	93	150
1:55:00	92	55,6	20	93	150
1:55:10	92	55,6	21	93	150
1:55:20	92	55,6	21	93	150
1:55:30	92	55,6	21	93	150
1:55:40	92	55,6	21	93	150
1:55:50	92	55,6	21	93	150
1:56:00	92	55,6	21	93	150
1:56:10	92	55,6	21	93	150
1:56:20	92	55,6	21	93	150
1:56:30	92	55,5	22	93	150
1:56:40	92	55,5	22	93	150
1:56:50	92	55,5	17	93	150
1:57:00	92	55,5	14	93	150
1:57:10	92	55,5	21	93	150
1:57:20	92	55,5	22	93	150
1:57:30	92	55,5	22	93	150
1:57:40	92	55,5	21	93	150
1:57:50	92	55,5	21	93	150
1:58:00	92	55,5	21	93	150
1:58:10	92	55,5	21	93	150
1:58:20	92	55,5	21	93	150
1:58:30	92	55,5	21	93	150
1:58:40	92	55,5	21	93	150
1:58:50	92	55,5	21	93	150
1:59:00	92	55,5	21	93	150
1:59:10	92	55,5	20	93	150
1:59:20	92	55,5	22	93	150
1:59:30	92	55,5	22	93	150
1:59:40	92	55,5	21	93	150
1:59:50	92	55,5	21	93	150
2:00:00	92	55,5	21	93	150
2:00:10	92	55,5	22	93	150
2:00:20	92	55,5	22	93	150
2:00:30	92	55,5	20	93	150
2:00:40	92	55,5	21	93	150
2:00:50	92	55,5	21	93	150
2:01:00	92	55,5	21	93	150
2:01:10	92	55,5	19	93	150
2:01:20	92	55,5	21	93	150
2:01:30	92	55,5	21	93	150
2:01:40	92	55,6	19	93	150
2:01:50	92	55,6	19	93	150
2:02:00	92	55,6	20	93	150
2:02:10	92	55,6	21	93	150
2:02:20	92	55,6	21	93	150
2:02:30	92	55,6	21	93	150
2:02:40	92	55,6	21	93	150
2:02:50	92	55,6	21	93	150
2:03:00	92	55,6	21	93	150
2:03:10	92	55,6	21	93	150
2:03:20	92	55,6	21	93	150
2:03:30	92	55,6	21	93	150
2:03:40	92	55,6	21	93	150
2:03:50	92	55,6	20	93	150
2:04:00	92	55,6	21	93	150
2:04:10	92	55,6	21	93	150
2:04:20	92	55,6	21	93	150
2:04:30	92	55,6	21	93	150
2:04:40	92	55,6	21	93	150
2:04:50	92	55,6	21	93	150
2:05:00	92	55,6	21	93	150
2:05:10	92	55,6	21	93	150
2:05:20	92	55,6	21	93	150
2:05:30	92	55,6	21	93	150
2:05:40	92	55,6	21	93	150
2:05:50	92	55,6	20	93	150
2:06:00	92	55,6	20	93	150
2:06:10	92	55,6	21	93	150
2:06:20	92	55,6	20	93	150
2:06:30	92	55,6	21	93	150
2:06:40	92	55,6	21	93	150
2:06:50	92	55,6	20	93	150
2:07:00	92	55,6	21	93	150
2:07:10	92	55,6	18	93	150
2:07:20	92	55,6	21	93	150
2:07:30	92	55,7	21	93	150
2:07:40	92	55,7	21	93	150
2:07:50	92	55,6	21	93	150
2:08:00	92	55,6	21	93	150
2:08:10	92	55,6	21	93	150
2:08:20	92	55,7	21	93	150
2:08:30	92	55,7	21	93	150
2:08:40	92	55,7	21	93	150
2:08:50	92	55,7	17	93	150
2:09:00	92	55,7	21	93	150
2:09:10	92	55,7	21	93	150
2:09:20	92	55,7	21	93	150
2:09:30	92	55,7	20	93	150
2:09:40	92	55,7	21	93	150
2:09:50	92	55,7	17	93	150
2:10:00	92	55,7	17	93	150
2:10:10	92	55,7	20	93	150
2:10:20	92	55,7	21	93	150
2:10:30	92	55,7	21	93	150
2:10:40	92	55,7	21	93	150
2:10:50	92	55,6	21	93	150
2:11:00	92	55,6	21	93	150
2:11:10	92	55,6	11	93	150
2:11:20	92	55,6	21	93	150
2:11:30	92	55,6	21	93	150
2:11:40	92	55,7	19	93	150
2:11:50	92	55,7	21	93	150
2:12:00	92	55,7	20	93	150
2:12:10	92	55,7	21	93	150
2:12:20	92	55,7	20	93	150
2:12:30	92	55,7	21	93	150
2:12:40	92	55,7	21	93	150
2:12:50	92	55,7	21	93	150
2:13:00	92	55,7	21	93	150
2:13:10	92	55,7	21	93	150
2:13:20	92	55,7	21	93	150
2:13:30	92	55,7	21	93	150
2:13:40	92	55,7	21	93	150
2:13:50	92	55,7	21	93	150
2:14:00	92	55,7	21	93	150
2:14:10	92	55,7	21	93	150
2:14:20	92	55,7	21	93	150
2:14:30	92	55,7	21	93	150
2:14:40	92	55,7	21	93	150
2:14:50	92	55,7	21	93	150
2:15:00	92	55,7	20	93	150
2:15:10	92	55,7	21	93	150
2:15:20	92	55,7	20	93	150
2:15:30	92	55,7	19	93	150
2:15:40	92	55,7	19	93	150
2:15:50	92	55,7	20	93	150
2:16:00	92	55,7	17	93	150
2:16:10	92	55,7	20	93	150
2:16:20	92	55,7	20	93	150
2:16:30	92	55,7	20	93	150
2:16:40	92	55,8	20	93	150
2:16:50	92	55,8	20	93	150
2:17:00	92	55,8	20	93	150
2:17:10	92	55,8	20	93	150
2:17:20	92	55,8	20	93	150
2:17:30	92	55,7	20	93	150
2:17:40	92	55,7	20	93	150
2:17:50	92	55,7	20	93	150
2:18:00	92	55,7	20	93	150
2:18:10	92	55,7	20	93	150
2:18:20	92	55,7	20	93	150
2:18:30	92	55,7	20	93	150
2:18:40	92	55,7	20	93	150
2:18:50	92	55,7	20	93	150
2:19:00	92	55,7	20	93	150
2:19:10	92	55,7	20	93	150
2:19:20	92	55,7	20	93	150
2:19:30	92	55,7	19	93	150
2:19:40	92	55,7	20	93	150
2:19:50	92	55,7	20	93	150
2:20:00	92	55,7	20	93	150
2:20:10	92	55,7	20	93	150
2:20:20	92	55,7	19	93	150
2:20:30	92	55,7	20	93	150
2:20:40	92	55,7	20	93	150
2:20:50	92	55,7	20	93	150
2:21:00	92	55,7	20	93	150
2:21:10	92	55,7	20	93	150
2:21:20	92	55,7	20	93	150
2:21:30	92	55,7	20	93	150
2:21:40	92	55,7	20	93	150
2:21:50	92	55,7	20	93	150
2:22:00	92	55,7	20	93	150
2:22:10	92	55,7	20	93	150
2:22:20	92	55,7	20	93	150
2:22:30	92	55,7	20	93	150
2:22:40	92	55,7	20	93	150
2:22:50	92	55,7	20	93	150
2:23:00	92	55,7	20	93	150
2:23:10	92	55,7	20	93	150
2:23:20	92	55,7	20	93	150
2:23:30	92	55,8	20	93	150
2:23:40	92	55,8	20	93	150
2:23:50	92	55,8	20	93	150
2:24:00	92	55,8	19	93	150
2:24:10	92	55,8	19	93	150
2:24:20	92	55,7	19	93	150
2:24:30	92	55,7	19	93	150
2:24:40	92	55,7	19	93	150
2:24:50	92	55,7	19	93	150
2:25:00	92	55,7	19	93	150
2:25:10	92	55,7	19	93	150
2:25:20	92	55,7	19	93	150
2:25:30	92	55,7	19	93	150
2:25:40	92	55,8	18	93	150
2:25:50	92	55,8	17	93	150
2:26:00	92	55,8	17	93	150
2:26:10	92	55,8	18	93	150
2:26:20	92	55,8	20	93	150
2:26:30	92	55,8	19	93	150
2:26:40	92	55,8	20	93	150
2:26:50	92	55,8	20	93	150
2:27:00	92	55,8	19	93	150
2:27:10	92	55,8	19	93	150
2:27:20	92	55,8	19	93	150
2:27:30	92	55,8	19	93	150
2:27:40	92	55,8	20	93	150
2:27:50	92	55,8	20	93	150
2:28:00	92	55,8	20	93	150
2:28:10	92	55,8	20	93	150
2:28:20	92	55,8	20	93	150
2:28:30	92	55,8	20	93	150
2:28:40	92	55,8	19	93	150
2:28:50	92	55,8	19	93	150
2:29:00	92	55,8	19	92	150
2:29:10	92	55,8	19	93	150
2:29:20	92	55,8	19	93	150
2:29:30	92	55,7	19	93	150
2:29:40	92	55,7	19	93	150
2:29:50	92	55,7	19	93	150
2:30:00	92	55,7	19	93	150
2:30:10	92	55,7	19	93	150
2:30:20	92	55,7	19	92	150
2:30:30	92	55,7	19	93	150
2:30:40	92	55,7	18	93	150
2:30:50	92	55,7	19	92	150
2:31:00	92	55,7	19	93	150
2:31:10	92	55,7	19	93	150
2:31:20	92	55,7	19	93	150
2:31:30	92	55,8	19	93	150
2:31:40	92	55,8	19	93	150
2:31:50	92	55,8	19	93	150
2:32:00	92	55,8	19	93	150
2:32:10	92	55,8	19	93	150
2:32:20	92	55,8	19	93	150
2:32:30	92	55,8	19	93	150
2:32:40	92	55,8	19	93	150
2:32:50	92	55,8	20	93	150
2:33:00	92	55,8	19	93	150
2:33:10	92	55,8	20	93	150
2:33:20	92	55,8	20	93	150
2:33:30	92	55,8	19	93	150
2:33:40	92	55,8	19	93	150
2:33:50	92	55,8	19	93	150
2:34:00	92	55,8	19	93	150
2:34:10	92	55,8	19	93	150
2:34:20	92	55,8	19	93	150
2:34:30	92	55,8	19	93	150
2:34:40	92	55,8	19	93	150
2:34:50	92	55,8	18	93	150
2:35:00	92	55,8	17	93	150
2:35:10	92	55,8	18	92	150
2:35:20	92	55,8	18	93	150
2:35:30	92	55,8	20	93	150
2:35:40	92	55,8	19	93	150
2:35:50	92	55,8	19	93	150
2:36:00	92	55,8	19	93	150
2:36:10	92	55,8	19	93	150
2:36:20	92	55,8	19	93	150
2:36:30	92	55,8	19	93	150
2:36:40	92	55,8	19	93	150
2:36:50	92	55,8	19	93	150
2:37:00	92	55,8	19	93	150
2:37:10	92	55,8	19	93	150
2:37:20	92	55,8	20	93	150
2:37:30	92	55,8	19	93	150
2:37:40	92	55,8	20	93	150
2:37:50	92	55,8	20	93	150
2:38:00	92	55,8	19	93	150
2:38:10	92	55,8	19	93	150
2:38:20	92	55,8	19	93	150
2:38:30	92	55,8	19	93	150
2:38:40	92	55,8	19	93	150
2:38:50	92	55,8	19	93	150
2:39:00	92	55,8	19	93	150
2:39:10	92	55,8	19	93	150
2:39:20	92	55,9	17	93	150
2:39:30	92	55,9	18	93	150
2:39:40	92	55,9	19	93	150
2:39:50	92	55,9	19	93	150
2:40:00	92	55,9	20	93	150
2:40:10	92	55,8	20	93	150
2:40:20	92	55,8	19	93	150
2:40:30	92	55,8	19	93	150
2:40:40	92	55,8	19	93	150
2:40:50	92	55,8	19	93	150
2:41:00	92	55,8	19	93	150
2:41:10	92	55,8	19	93	150
2:41:20	92	55,8	19	93	150
2:41:30	92	55,8	19	92	150
2:41:40	92	55,8	20	92	150
2:41:50	92	55,8	20	93	150
2:42:00	92	55,8	20	92	150
2:42:10	92	55,8	20	93	150
2:42:20	92	55,8	20	93	150
2:42:30	92	55,8	19	93	150
2:42:40	92	55,8	19	93	150
2:42:50	92	55,8	19	93	150
2:43:00	92	55,8	19	93	150
2:43:10	92	55,8	20	93	150
2:43:20	92	55,8	20	93	150
2:43:30	92	55,9	20	93	150
2:43:40	92	55,9	19	93	150
2:43:50	92	55,9	19	93	150
2:44:00	92	55,9	20	93	150
2:44:10	92	55,9	20	93	150
2:44:20	92	55,9	20	93	150
2:44:30	92	55,9	20	93	150
2:44:40	92	55,9	19	93	150
2:44:50	92	55,9	19	93	150
2:45:00	92	55,9	19	93	150
2:45:10	92	55,8	19	93	150
2:45:20	92	55,8	19	93	150
2:45:30	92	55,8	20	93	150
2:45:40	92	55,8	19	93	150
2:45:50	92	55,8	20	93	150
2:46:00	92	55,8	20	93	150
2:46:10	92	55,8	20	93	150
2:46:20	92	55,8	19	92	150
2:46:30	92	55,8	19	93	150
2:46:40	92	55,8	19	93	150
2:46:50	92	55,8	20	93	150
2:47:00	92	55,8	19	93	150
2:47:10	92	55,8	19	93	150
2:47:20	92	55,8	19	93	150
2:47:30	92	55,9	19	93	150
2:47:40	92	55,9	18	93	150
2:47:50	92	55,9	19	93	150
2:48:00	92	55,9	19	93	150
2:48:10	92	55,9	19	93	150
2:48:20	92	55,9	20	93	150
2:48:30	92	55,9	19	93	150
2:48:40	92	55,9	19	93	150
2:48:50	92	55,9	20	93	150
2:49:00	92	55,9	19	93	150
2:49:10	92	55,8	19	93	150
2:49:20	92	55,8	19	93	150
2:49:30	92	55,8	19	93	150
2:49:40	92	55,8	19	92	150
2:49:50	92	55,8	20	92	150
2:50:00	92	55,8	20	92	150
2:50:10	92	55,8	20	93	150
2:50:20	92	55,8	20	93	150
2:50:30	92	55,8	20	93	150
2:50:40	92	55,8	18	93	150
2:50:50	92	55,8	17	93	150
2:51:00	92	55,8	18	93	150
2:51:10	92	55,8	20	93	150
2:51:20	92	55,8	20	93	150
2:51:30	92	55,8	20	93	150
2:51:40	92	55,8	20	93	150
2:51:50	92	55,8	20	93	150
2:52:00	92	55,8	20	93	150
2:52:10	92	55,8	20	93	150
2:52:20	92	55,8	20	93	150
2:52:30	92	55,8	20	93	150
2:52:40	92	55,8	20	93	150
2:52:50	92	55,9	20	93	150
2:53:00	92	55,8	20	93	150
2:53:10	92	55,8	20	93	150
2:53:20	92	55,8	20	93	150
2:53:30	92	55,8	20	93	150
2:53:40	92	55,8	19	93	150
2:53:50	92	55,9	19	93	150
2:54:00	92	55,8	20	93	150
2:54:10	92	55,8	20	93	150
2:54:20	92	55,8	20	93	150
2:54:30	92	55,8	19	93	150
2:54:40	92	55,8	19	93	150
2:54:50	92	55,8	20	93	150
2:55:00	92	55,8	19	93	150
2:55:10	92	55,8	19	93	150
2:55:20	92	55,8	20	93	150
2:55:30	92	55,8	20	93	150
2:55:40	92	55,8	20	93	150
2:55:50	92	55,8	19	93	150
2:56:00	92	55,8	20	93	150
2:56:10	92	55,9	20	93	150
2:56:20	92	55,8	19	93	150
2:56:30	92	55,9	19	93	150
2:56:40	92	55,9	19	93	150
2:56:50	92	55,9	20	93	150
2:57:00	92	55,9	19	93	150
2:57:10	92	55,8	19	93	150
2:57:20	92	55,8	19	93	150
2:57:30	92	55,8	19	93	150
2:57:40	92	55,8	19	93	150
2:57:50	92	55,8	18	93	150
2:58:00	92	55,9	19	93	150
2:58:10	92	55,9	19	93	150
2:58:20	92	55,9	19	93	150
2:58:30	92	55,9	19	93	150
2:58:40	92	55,9	19	93	150
2:58:50	92	55,9	19	93	150
2:59:00	92	55,9	20	93	150
2:59:10	92	55,9	20	93	150
2:59:20	92	55,9	20	93	150
2:59:30	92	55,9	19	93	150
2:59:40	92	55,9	19	93	150
2:59:50	92	55,9	19	93	150
3:00:00	92	55,9	19	93	150
3:00:10	92	55,9	20	93	150
3:00:20	92	55,9	19	93	150
3:00:30	92	55,9	19	93	150
3:00:40	92	55,8	19	92	150
3:00:50	92	55,8	20	93	150
3:01:00	92	55,8	20	93	150
3:01:10	92	55,8	20	93	150
3:01:20	92	55,8	20	93	150
3:01:30	92	55,8	20	93	150
3:01:40	92	55,8	19	92	150
3:01:50	92	55,8	20	93	150
3:02:00	92	55,8	20	93	150
3:02:10	92	55,8	20	92	150
3:02:20	92	55,8	20	93	150
3:02:30	92	55,8	20	93	150
3:02:40	92	55,8	19	93	150
3:02:50	92	55,8	20	93	150
3:03:00	92	55,8	19	93	150
3:03:10	92	55,9	20	93	150
3:03:20	92	55,9	19	93	150
3:03:30	92	55,9	19	93	150
3:03:40	92	55,9	20	93	150
3:03:50	92	55,9	20	93	150
3:04:00	92	55,9	20	93	150
3:04:10	92	55,9	20	93	150
3:04:20	92	55,9	19	93	150
3:04:30	92	55,9	19	93	150
3:04:40	92	55,9	19	93	150
3:04:50	92	55,9	19	93	150
3:05:00	92	55,9	19	93	150
3:05:10	92	55,9	19	93	150
3:05:20	92	55,9	19	93	150
3:05:30	92	55,9	19	93	150
3:05:40	92	55,9	19	93	150
3:05:50	92	55,9	20	93	150
3:06:00	92	55,9	20	93	150
3:06:10	92	55,9	20	93	150
3:06:20	92	55,9	20	93	150
3:06:30	92	55,9	20	93	150
3:06:40	92	55,8	19	93	150
3:06:50	92	55,8	19	93	150
3:07:00	92	55,8	19	92	150
3:07:10	92	55,8	19	92	150
3:07:20	92	55,8	19	92	150
3:07:30	92	55,8	20	93	150
3:07:40	92	55,8	19	92	150
3:07:50	92	55,8	19	93	150
3:08:00	92	55,8	20	93	150
3:08:10	92	55,8	19	92	150
3:08:20	92	55,8	19	92	150
3:08:30	92	55,8	19	92	150
3:08:40	92	55,8	19	92	150
3:08:50	92	55,8	19	93	150
3:09:00	92	55,8	19	93	150
3:09:10	92	55,8	19	93	150
3:09:20	92	55,8	19	93	150
3:09:30	92	55,8	19	93	150
3:09:40	92	55,8	20	93	150
3:09:50	92	55,8	19	92	150
3:10:00	92	55,8	20	93	150
3:10:10	92	55,8	19	93	150
3:10:20	92	55,8	20	93	150
3:10:30	92	55,8	20	93	150
3:10:40	92	55,8	20	93	150
3:10:50	92	55,8	20	93	150
3:11:00	92	55,8	20	92	150
3:11:10	92	55,8	20	93	150
3:11:20	92	55,8	19	93	150
3:11:30	92	55,8	20	92	150
3:11:40	92	55,8	20	93	150
3:11:50	92	55,8	20	92	150
3:12:00	92	55,8	20	92	150
3:12:10	92	55,8	20	92	150
3:12:20	92	55,8	20	92	150
3:12:30	92	55,8	20	93	150
3:12:40	92	55,8	20	92	150
3:12:50	92	55,8	20	92	150
3:13:00	92	55,8	20	93	150
3:13:10	92	55,8	20	92	150
3:13:20	92	55,8	19	92	150
3:13:30	92	55,8	20	93	150
3:13:40	92	55,8	20	93	150
3:13:50	92	55,8	20	92	150
3:14:00	92	55,8	20	93	150
3:14:10	92	55,8	19	93	150
3:14:20	92	55,8	19	93	150
3:14:30	92	55,8	20	93	150
3:14:40	92	55,8	20	93	150
3:14:50	92	55,8	20	93	150
3:15:00	92	55,8	20	93	150
3:15:10	92	55,9	20	93	150
3:15:20	92	55,9	20	93	150
3:15:30	92	55,9	20	93	150
3:15:40	92	55,9	19	93	150
3:15:50	92	55,9	19	93	150
3:16:00	92	55,9	20	93	150
3:16:10	92	55,9	19	93	150
3:16:20	92	55,9	19	93	150
3:16:30	92	55,9	20	93	150
3:16:40	92	55,9	20	93	150
3:16:50	92	55,9	20	93	150
3:17:00	92	55,8	20	93	150
3:17:10	92	55,8	20	93	150
3:17:20	92	55,8	20	93	150
3:17:30	92	55,8	20	93	150
3:17:40	92	55,9	20	93	150
3:17:50	92	55,8	19	93	150
3:18:00	92	55,9	20	93	150
3:18:10	92	55,9	20	93	150
3:18:20	92	55,9	20	93	150
3:18:30	92	55,8	20	93	150
3:18:40	92	55,8	20	93	150
3:18:50	92	55,8	20	93	150
3:19:00	92	55,8	19	93	150
3:19:10	92	55,8	19	93	150
3:19:20	92	55,8	20	93	150
3:19:30	92	55,8	20	93	150
3:19:40	92	55,8	20	93	150
3:19:50	92	55,8	20	93	150
3:20:00	92	55,8	20	92	150
3:20:10	92	55,8	20	93	150
3:20:20	92	55,8	20	93	150
3:20:30	92	55,8	20	92	150
3:20:40	92	55,8	20	92	150
3:20:50	92	55,8	20	92	150
3:21:00	92	55,8	19	93	150
3:21:10	92	55,8	20	93	150
3:21:20	92	55,8	19	92	150
3:21:30	92	55,8	20	93	150
3:21:40	92	55,8	19	92	150
3:21:50	92	55,8	19	93	150
3:22:00	92	55,8	19	92	150
3:22:10	92	55,9	19	93	150
3:22:20	92	55,9	20	93	150
3:22:30	92	55,9	20	93	150
3:22:40	92	55,9	20	93	150
3:22:50	92	55,9	20	93	150
3:23:00	92	55,9	20	93	150
3:23:10	92	55,9	20	93	150
3:23:20	92	55,9	20	93	150
3:23:30	92	55,8	20	93	150
3:23:40	92	55,9	20	93	150
3:23:50	92	55,9	20	93	150
3:24:00	92	55,9	19	93	150
3:24:10	92	55,9	19	93	150
3:24:20	92	55,9	19	93	150
3:24:30	92	55,9	20	93	150
3:24:40	92	55,9	20	93	150
3:24:50	92	55,8	20	93	150
3:25:00	92	55,8	20	92	150
3:25:10	92	55,8	20	93	150
3:25:20	92	55,8	20	93	150
3:25:30	92	55,8	20	93	150
3:25:40	92	55,8	20	93	150
3:25:50	92	55,8	20	93	150
3:26:00	92	55,8	20	93	150
3:26:10	92	55,8	20	93	150
3:26:20	92	55,9	20	93	150
3:26:30	92	55,9	20	93	150
3:26:40	92	55,9	20	93	150
3:26:50	92	55,9	20	93	150
3:27:00	92	55,9	20	93	150
3:27:10	92	55,9	20	93	150
3:27:20	92	55,9	20	93	150
3:27:30	92	55,9	20	93	150
3:27:40	92	55,9	20	93	150
3:27:50	92	55,9	20	93	150
3:28:00	92	55,9	20	93	150
3:28:10	92	55,9	20	93	150
3:28:20	92	55,9	20	93	150
3:28:30	92	55,9	20	93	150
3:28:40	92	55,9	20	93	150
3:28:50	92	55,8	20	93	150
3:29:00	92	55,8	20	93	150
3:29:10	92	55,8	20	93	150
3:29:20	92	55,8	20	92	150
3:29:30	92	55,8	20	93	150
3:29:40	92	55,8	20	93	150
3:29:50	92	55,8	20	92	150
3:30:00	92	55,8	20	93	150
3:30:10	92	55,8	20	93	150
3:30:20	92	55,8	20	93	150
3:30:30	92	55,8	20	93	150
3:30:40	92	55,8	20	93	150
3:30:50	92	55,8	20	93	150
3:31:00	92	55,8	20	93	150
3:31:10	92	55,8	20	93	150
3:31:20	92	55,8	20	93	150
3:31:30	92	55,8	20	93	150
3:31:40	92	55,8	20	93	150
3:31:50	92	55,8	20	93	150
3:32:00	92	55,8	20	93	150
3:32:10	92	55,8	20	92	150
3:32:20	92	55,8	20	93	150
3:32:30	92	55,8	20	92	150
3:32:40	92	55,8	19	93	150
3:32:50	92	55,8	20	93	150
3:33:00	92	55,8	20	92	150
3:33:10	92	55,8	20	93	150
3:33:20	92	55,8	19	93	150
3:33:30	92	55,8	19	93	150
3:33:40	92	55,8	19	93	150
3:33:50	92	55,9	20	93	150
3:34:00	92	55,9	20	93	150
3:34:10	92	55,9	20	93	150
3:34:20	92	55,9	20	93	150
3:34:30	92	55,9	20	93	150
3:34:40	92	55,9	20	93	150
3:34:50	92	55,9	20	93	150
3:35:00	92	55,9	20	93	150
3:35:10	92	55,8	20	93	150
3:35:20	92	55,8	20	92	150
3:35:30	92	55,8	20	92	150
3:35:40	92	55,8	20	93	150
3:35:50	92	55,8	20	93	150
3:36:00	92	55,8	20	93	150
3:36:10	92	55,8	20	93	150
3:36:20	92	55,8	20	93	150
3:36:30	92	55,8	20	93	150
3:36:40	92	55,8	20	93	150
3:36:50	92	55,8	20	92	150
3:37:00	92	55,8	20	92	150
3:37:10	92	55,8	20	92	150
3:37:20	92	55,8	20	92	150
3:37:30	92	55,8	20	92	150
3:37:40	92	55,8	20	92	150
3:37:50	92	55,8	20	92	150
3:38:00	92	55,8	20	93	150
3:38:10	92	55,8	20	92	150
3:38:20	92	55,8	20	93	150
3:38:30	92	55,8	20	93	150
3:38:40	92	55,8	20	93	150
3:38:50	92	55,8	20	93	150
3:39:00	92	55,8	20	93	150
3:39:10	92	55,8	20	93	150
3:39:20	92	55,8	20	93	150
3:39:30	92	55,9	20	93	150
3:39:40	92	55,9	20	93	150
3:39:50	92	55,9	20	93	150
3:40:00	92	55,9	20	93	150
3:40:10	92	55,9	19	93	150
3:40:20	92	55,9	19	93	150
3:40:30	92	55,9	20	93	150
3:40:40	92	55,8	20	93	150
3:40:50	92	55,8	20	93	150
3:41:00	92	55,8	20	93	150
3:41:10	92	55,8	20	93	150
3:41:20	92	55,8	20	93	150
3:41:30	92	55,8	20	92	150
3:41:40	92	55,8	20	93	150
3:41:50	92	55,8	20	93	150
3:42:00	92	55,8	20	93	150
3:42:10	92	55,8	20	93	150
3:42:20	92	55,8	20	92	150
3:42:30	92	55,8	20	92	150
3:42:40	92	55,8	20	93	150
3:42:50	92	55,8	20	92	150
3:43:00	92	55,8	20	93	150
3:43:10	92	55,8	20	93	150
3:43:20	92	55,9	20	93	150
3:43:30	92	55,9	20	93	150
3:43:40	92	55,9	20	93	150
3:43:50	92	55,9	20	93	150
3:44:00	92	55,9	20	93	150
3:44:10	92	55,8	20	93	150
3:44:20	92	55,8	20	93	150
3:44:30	92	55,8	20	93	150
3:44:40	92	55,8	19	93	150
3:44:50	92	55,8	19	93	150
3:45:00	92	55,8	20	93	150
3:45:10	92	55,8	20	93	150
3:45:20	92	55,8	20	93	150
3:45:30	92	55,8	20	93	150
3:45:40	92	55,8	20	93	150
3:45:50	92	55,8	20	93	150
3:46:00	92	55,8	20	92	150
3:46:10	92	55,8	20	93	150
3:46:20	92	55,8	20	92	150
3:46:30	92	55,8	20	93	150
3:46:40	92	55,8	20	93	150
3:46:50	92	55,8	20	92	150
3:47:00	92	55,8	20	92	150
3:47:10	92	55,8	20	93	150
3:47:20	92	55,8	20	92	150
3:47:30	92	55,8	20	93	150
3:47:40	92	55,8	20	92	150
3:47:50	92	55,8	20	92	150
3:48:00	92	55,8	20	92	150
3:48:10	92	55,8	19	92	150
3:48:20	92	55,8	20	93	150
3:48:30	92	55,8	20	92	150
3:48:40	92	55,8	20	92	150
3:48:50	92	55,8	20	93	150
3:49:00	92	55,8	20	92	150
3:49:10	92	55,8	20	93	150
3:49:20	92	55,8	20	93	150
3:49:30	92	55,8	20	93	150
3:49:40	92	55,8	20	93	150
3:49:50	92	55,8	20	93	150
3:50:00	92	55,8	20	93	150
3:50:10	92	55,8	20	93	150
3:50:20	92	55,8	20	92	150
3:50:30	92	55,8	19	93	150
3:50:40	92	55,8	20	93	150
3:50:50	92	55,8	19	92	150
3:51:00	92	55,8	18	92	150
3:51:10	92	55,8	20	93	150
3:51:20	92	55,8	20	92	150
3:51:30	92	55,8	20	92	150
3:51:40	92	55,8	20	92	150
3:51:50	92	55,8	20	92	150
3:52:00	92	55,8	20	93	150
3:52:10	92	55,8	20	93	150
3:52:20	92	55,8	20	93	150
3:52:30	92	55,8	20	93	150
3:52:40	92	55,8	20	93	150
3:52:50	92	55,8	20	93	150
3:53:00	92	55,8	20	93	150
3:53:10	92	55,8	20	93	150
3:53:20	92	55,8	20	93	150
3:53:30	92	55,8	20	93	150
3:53:40	92	55,9	20	93	150
3:53:50	92	55,9	20	93	150
3:54:00	92	55,9	20	93	150
3:54:10	92	55,9	20	93	150
3:54:20	92	55,9	20	93	150
3:54:30	92	55,9	20	93	150
3:54:40	92	55,9	20	93	150
3:54:50	92	55,9	20	93	150
3:55:00	92	55,9	20	93	150
3:55:10	92	55,9	20	93	150
3:55:20	92	55,9	20	93	150
3:55:30	92	55,8	20	93	150
3:55:40	92	55,8	20	93	150
3:55:50	92	55,8	20	92	150
3:56:00	92	55,8	20	92	150
3:56:10	92	55,8	20	93	150
3:56:20	92	55,8	20	93	150
3:56:30	92	55,8	20	92	150
3:56:40	92	55,8	20	93	150
3:56:50	92	55,8	20	92	150
3:57:00	92	55,8	20	93	150
3:57:10	92	55,8	20	92	150
3:57:20	92	55,8	20	93	150
3:57:30	92	55,8	20	93	150
3:57:40	92	55,8	20	93	150
3:57:50	92	55,8	20	92	150
3:58:00	92	55,8	20	93	150
3:58:10	92	55,8	20	93	150
3:58:20	92	55,8	20	93	150
3:58:30	92	55,8	20	93	150
3:58:40	92	55,8	20	93	150
3:58:50	92	55,8	20	93	150
3:59:00	92	55,8	20	93	150
3:59:10	92	55,8	20	92	150
3:59:20	92	55,8	20	93	150
3:59:30	92	55,8	20	93	150
3:59:40	92	55,8	20	93	150
3:59:50	92	55,8	20	93	150
4:00:00	92	55,9	20	93	150
4:00:10	92	55,8	20	93	150
4:00:20	92	55,9	20	93	150
4:00:30	92	55,9	20	93	150
4:00:40	92	55,9	20	93	150
4:00:50	92	55,9	20	93	150
4:01:00	92	55,8	20	93	150
4:01:10	92	55,8	20	93	150
4:01:20	92	55,8	20	93	150
4:01:30	92	55,8	20	93	150
4:01:40	92	55,8	20	93	150
4:01:50	92	55,8	20	93	150
4:02:00	92	55,8	20	92	150
4:02:10	92	55,8	20	93	150
4:02:20	92	55,8	20	93	150
4:02:30	92	55,8	20	92	150
4:02:40	92	55,8	20	93	150
4:02:50	92	55,8	20	93	150
4:03:00	92	55,8	20	93	150
4:03:10	92	55,8	20	93	150
4:03:20	92	55,8	20	93	150
4:03:30	92	55,8	20	93	150
4:03:40	92	55,8	20	93	150
4:03:50	92	55,8	20	93	150
4:04:00	92	55,8	20	93	150
4:04:10	92	55,8	20	93	150
4:04:20	92	55,8	20	93	150
4:04:30	92	55,8	20	93	150
4:04:40	92	55,8	20	93	150
4:04:50	92	55,8	20	93	150
4:05:00	92	55,8	20	93	150
4:05:10	92	55,8	20	93	150
4:05:20	92	55,8	20	93	150
4:05:30	92	55,8	20	93	150
4:05:40	92	55,8	20	93	150
4:05:50	92	55,8	20	93	150
4:06:00	92	55,8	20	93	150
4:06:10	92	55,8	20	93	150
4:06:20	92	55,8	20	93	150
4:06:30	92	55,8	20	93	150
4:06:40	92	55,8	20	93	150
4:06:50	92	55,8	20	93	150
4:07:00	92	55,8	20	93	150
4:07:10	92	55,8	20	93	150
4:07:20	92	55,9	20	93	150
4:07:30	92	55,9	20	93	150
4:07:40	92	55,9	20	93	150
4:07:50	92	55,8	20	93	150
4:08:00	92	55,9	20	93	150
4:08:10	92	55,8	20	93	150
4:08:20	92	55,8	20	93	150
4:08:30	92	55,8	20	93	150
4:08:40	92	55,8	20	93	150
4:08:50	92	55,8	20	93	150
4:09:00	92	55,8	20	92	150
4:09:10	92	55,8	20	92	150
4:09:20	92	55,8	20	92	150
4:09:30	92	55,7	20	92	150
4:09:40	92	55,7	20	92	150
4:09:50	92	55,7	20	92	150
4:10:00	92	55,7	20	92	150
4:10:10	92	55,7	20	92	150
4:10:20	92	55,7	20	92	150
4:10:30	92	55,7	20	93	150
4:10:40	92	55,8	17	93	150
4:10:50	92	55,8	20	93	150
4:11:00	92	55,8	20	93	150
4:11:10	92	55,8	19	93	150
4:11:20	92	55,8	20	93	150
4:11:30	92	55,8	20	93	150
4:11:40	92	55,8	20	93	150
4:11:50	92	55,8	20	93	150
4:12:00	92	55,8	19	93	150
4:12:10	92	55,8	20	93	150
4:12:20	92	55,8	20	93	150
4:12:30	92	55,8	21	93	150
4:12:40	92	55,8	21	93	150
4:12:50	92	55,9	20	93	150
4:13:00	92	55,9	21	93	150
4:13:10	92	55,9	20	93	150
4:13:20	92	55,8	21	93	150
4:13:30	92	55,8	21	93	150
4:13:40	92	55,8	20	93	150
4:13:50	92	55,8	19	92	150
4:14:00	92	55,8	17	93	150
4:14:10	92	55,8	18	92	150
4:14:20	92	55,8	20	93	150
4:14:30	92	55,8	20	92	150
4:14:40	92	55,8	19	93	150
4:14:50	92	55,8	20	92	150
4:15:00	92	55,8	20	93	150
4:15:10	92	55,8	18	93	150
4:15:20	92	55,8	18	92	150
4:15:30	92	55,8	20	92	150
4:15:40	92	55,8	20	92	150
4:15:50	92	55,8	20	93	150
4:16:00	92	55,8	20	93	150
4:16:10	92	55,8	20	93	150
4:16:20	92	55,8	20	93	150
4:16:30	92	55,8	19	93	150
4:16:40	92	55,8	20	93	150
4:16:50	92	55,8	19	93	150
4:17:00	92	55,8	21	93	150
4:17:10	92	55,8	21	93	150
4:17:20	92	55,8	21	93	150
4:17:30	92	55,8	21	92	150
4:17:40	92	55,8	21	92	150
4:17:50	92	55,8	21	93	150
4:18:00	92	55,8	21	92	150
4:18:10	92	55,8	21	92	150
4:18:20	92	55,8	21	93	150
4:18:30	92	55,8	21	93	150
4:18:40	92	55,8	21	93	150
4:18:50	92	55,8	21	92	150
4:19:00	92	55,8	21	93	150
4:19:10	92	55,8	21	93	150
4:19:20	92	55,8	21	93	150
4:19:30	92	55,8	21	93	150
4:19:40	92	55,8	21	93	150
4:19:50	92	55,8	21	93	150
4:20:00	92	55,8	21	93	150
4:20:10	92	55,8	21	93	150
4:20:20	92	55,8	21	92	150
4:20:30	92	55,8	20	93	150
4:20:40	92	55,8	21	92	150
4:20:50	92	55,8	21	93	150
4:21:00	92	55,8	21	93	150
4:21:10	92	55,8	21	93	150
4:21:20	92	55,8	21	93	150
4:21:30	92	55,8	21	93	150
4:21:40	92	55,8	21	93	150
4:21:50	92	55,8	21	93	150
4:22:00	92	55,8	21	93	150
4:22:10	92	55,8	21	93	150
4:22:20	92	55,8	21	93	150
4:22:30	92	55,8	21	93	150
4:22:40	92	55,8	21	93	150
4:22:50	92	55,8	21	93	150
4:23:00	92	55,8	21	93	150
4:23:10	92	55,8	21	93	150
4:23:20	92	55,8	21	93	150
4:23:30	92	55,8	21	93	150
4:23:40	92	55,8	21	92	150
4:23:50	92	55,8	21	93	150
4:24:00	92	55,8	21	93	150
4:24:10	92	55,8	21	93	150
4:24:20	92	55,8	21	93	150
4:24:30	92	55,8	21	92	150
4:24:40	92	55,8	21	92	150
4:24:50	92	55,8	21	93	150
4:25:00	92	55,8	21	93	150
4:25:10	92	55,8	21	92	150
4:25:20	92	55,8	21	93	150
4:25:30	92	55,8	21	92	150
4:25:40	92	55,7	21	92	150
4:25:50	92	55,7	21	93	150
4:26:00	92	55,7	21	92	150
4:26:10	92	55,7	21	92	150
4:26:20	92	55,7	21	92	150
4:26:30	92	55,7	21	92	150
4:26:40	92	55,7	21	92	150
4:26:50	92	55,7	20	92	150
4:27:00	92	55,8	19	92	150
4:27:10	92	55,7	22	93	150
4:27:20	92	55,8	22	93	150
4:27:30	92	55,8	22	93	150
4:27:40	92	55,8	22	93	150
4:27:50	92	55,8	22	93	150
4:28:00	92	55,8	21	93	150
4:28:10	92	55,8	22	93	150
4:28:20	92	55,8	22	93	150
4:28:30	92	55,8	22	93	150
4:28:40	92	55,8	21	93	150
4:28:50	92	55,8	21	92	150
4:29:00	92	55,8	20	93	150
4:29:10	92	55,8	20	93	150
4:29:20	92	55,8	22	93	150
4:29:30	92	55,8	22	93	150
4:29:40	92	55,8	22	93	150
4:29:50	92	55,8	22	93	150
4:30:00	92	55,8	22	93	150
4:30:10	92	55,8	22	93	150
4:30:20	92	55,8	22	93	150
4:30:30	92	55,8	22	93	150
4:30:40	92	55,8	22	93	150
4:30:50	92	55,8	22	93	150
4:31:00	92	55,8	22	93	150
4:31:10	92	55,8	22	93	150
4:31:20	92	55,8	22	93	150
4:31:30	92	55,8	22	93	150
4:31:40	92	55,8	22	93	150
4:31:50	92	55,8	22	93	150
4:32:00	92	55,8	22	93	150
4:32:10	92	55,8	22	93	150
4:32:20	92	55,8	22	93	150
4:32:30	92	55,8	22	92	150
4:32:40	92	55,8	22	93	150
4:32:50	92	55,8	22	93	150
4:33:00	92	55,8	22	92	150
4:33:10	92	55,8	22	92	150
4:33:20	92	55,8	22	93	150
4:33:30	92	55,8	22	93	150
4:33:40	92	55,8	22	93	150
4:33:50	92	55,8	22	93	150
4:34:00	92	55,8	22	92	150
4:34:10	92	55,8	22	93	150
4:34:20	92	55,8	22	93	150
4:34:30	92	55,7	22	93	150
4:34:40	92	55,7	22	92	150
4:34:50	92	55,7	22	92	150
4:35:00	92	55,7	22	93	150
4:35:10	92	55,7	22	92	150
4:35:20	92	55,7	22	93	150
4:35:30	92	55,8	22	92	150
4:35:40	92	55,8	22	93	150
4:35:50	92	55,8	22	93	150
4:36:00	92	55,8	22	93	150
4:36:10	92	55,8	22	93	150
4:36:20	92	55,8	22	93	150
4:36:30	92	55,8	22	93	150
4:36:40	92	55,8	22	92	150
4:36:50	92	55,8	21	93	150
4:37:00	92	55,8	22	92	150
4:37:10	92	55,8	22	93	150
4:37:20	92	55,8	21	92	150
4:37:30	92	55,8	21	93	150
4:37:40	92	55,8	22	93	150
4:37:50	92	55,8	22	93	150
4:38:00	92	55,8	22	93	150
4:38:10	92	55,8	22	93	150
4:38:20	92	55,8	22	93	150
4:38:30	92	55,8	22	93	150
4:38:40	92	55,8	22	93	150
4:38:50	92	55,8	22	92	150
4:39:00	92	55,8	22	93	150
4:39:10	92	55,8	21	93	150
4:39:20	92	55,8	22	93	150
4:39:30	92	55,8	22	93	150
4:39:40	92	55,7	22	92	150
4:39:50	92	55,8	22	93	150
4:40:00	92	55,8	22	93	150
4:40:10	92	55,7	22	93	150
4:40:20	92	55,8	22	93	150
4:40:30	92	55,8	22	93	150
4:40:40	92	55,8	22	93	150
4:40:50	92	55,8	22	93	150
4:41:00	92	55,8	22	93	150
4:41:10	92	55,8	22	93	150
4:41:20	92	55,8	22	93	150
4:41:30	92	55,8	21	93	150
4:41:40	92	55,8	22	93	150
4:41:50	92	55,8	22	93	150
4:42:00	92	55,8	22	93	150
4:42:10	92	55,8	23	93	150
4:42:20	92	55,8	23	93	150
4:42:30	92	55,8	23	93	150
4:42:40	92	55,7	23	93	150
4:42:50	92	55,7	23	92	150
4:43:00	92	55,8	23	93	150
4:43:10	92	55,8	22	93	150
4:43:20	92	55,8	23	93	150
4:43:30	92	55,9	22	93	150
4:43:40	92	55,8	23	93	150
4:43:50	92	55,8	23	93	150
4:44:00	92	55,8	23	93	150
4:44:10	92	55,8	23	93	150
4:44:20	92	55,8	23	93	150
4:44:30	92	55,8	23	93	150
4:44:40	92	55,8	23	93	150
4:44:50	92	55,8	23	93	150
4:45:00	92	55,8	23	92	150
4:45:10	92	55,8	16	93	150
4:45:20	92	55,8	20	92	150
4:45:30	92	55,8	24	93	150
4:45:40	92	55,8	24	93	150
4:45:50	92	55,7	24	93	150
4:46:00	92	55,7	24	92	150
4:46:10	92	55,7	24	92	150
4:46:20	92	55,7	23	92	150
4:46:30	92	55,8	23	93	150
4:46:40	92	55,8	23	93	150
4:46:50	92	55,8	23	93	150
4:47:00	92	55,8	24	93	150
4:47:10	92	55,8	24	93	150
4:47:20	92	55,7	24	93	150
4:47:30	92	55,7	24	93	150
4:47:40	92	55,8	24	92	150
4:47:50	92	55,7	24	93	150
4:48:00	92	55,8	24	93	150
4:48:10	92	55,8	24	93	150
4:48:20	92	55,8	24	93	150
4:48:30	92	55,8	24	93	150
4:48:40	92	55,8	24	92	150
4:48:50	92	55,8	24	93	150
4:49:00	92	55,7	24	93	150
4:49:10	92	55,7	23	92	150
4:49:20	92	55,7	24	93	150
4:49:30	92	55,8	24	93	150
4:49:40	92	55,8	24	93	150
4:49:50	92	55,8	24	93	150
4:50:00	92	55,7	25	93	150
4:50:10	92	55,7	24	92	150
4:50:20	92	55,7	24	93	150
4:50:30	92	55,8	24	93	150
4:50:40	92	55,8	25	93	150
4:50:50	92	55,8	25	93	150
4:51:00	92	55,8	25	93	150
4:51:10	92	55,8	25	93	150
4:51:20	92	55,8	26	93	150
4:51:30	92	55,8	26	93	150
4:51:40	92	55,8	26	93	150
4:51:50	92	55,8	26	93	150
4:52:00	92	55,8	26	92	150
4:52:10	92	55,8	26	93	150
4:52:20	92	55,8	26	93	150
4:52:30	92	55,8	26	93	150
4:52:40	92	55,8	26	93	150
4:52:50	92	55,8	26	93	150
4:53:00	92	55,8	26	93	150
4:53:10	92	55,8	26	93	150
4:53:20	92	55,7	26	93	150
4:53:30	92	55,7	26	92	150
4:53:40	92	55,7	26	93	150
4:53:50	92	55,7	26	92	150
4:54:00	92	55,7	26	93	150
4:54:10	92	55,7	26	93	150
4:54:20	92	55,7	26	92	150
4:54:30	92	55,7	26	93	150
4:54:40	92	55,7	26	92	150
4:54:50	92	55,7	26	93	150
4:55:00	92	55,7	26	92	150
4:55:10	92	55,7	26	93	150
4:55:20	92	55,7	26	93	150
4:55:30	92	55,8	26	93	150
4:55:40	92	55,8	26	93	150
4:55:50	92	55,8	26	93	150
4:56:00	92	55,8	26	93	150
4:56:10	92	55,8	26	93	150
4:56:20	92	55,8	26	93	150
4:56:30	92	55,7	26	93	150
4:56:40	92	55,7	26	93	150
4:56:50	92	55,7	26	93	150
4:57:00	92	55,7	26	93	150
4:57:10	92	55,7	26	92	150
4:57:20	92	55,7	26	93	150
4:57:30	92	55,7	26	93	150
4:57:40	92	55,7	26	93	150
4:57:50	92	55,7	26	93	150
4:58:00	92	55,7	26	92	150
4:58:10	92	55,7	25	93	150
4:58:20	92	55,7	25	92	150
4:58:30	92	55,7	24	93	150
4:58:40	92	55,7	26	92	150
4:58:50	92	55,7	26	93	150
4:59:00	92	55,7	23	92	150
4:59:10	92	55,7	25	93	150
4:59:20	92	55,7	26	92	150
4:59:30	92	55,7	26	92	150
4:59:40	92	55,7	26	93	150
4:59:50	92	55,7	26	92	150
5:00:00	92	55,7	26	92	150
5:00:10	92	55,7	26	92	150
5:00:20	92	55,7	26	92	150
5:00:30	92	55,7	26	92	150
5:00:40	92	55,7	25	93	150
5:00:50	92	55,7	26	93	150
5:01:00	92	55,7	26	93	150
5:01:10	92	55,7	27	92	150
5:01:20	92	55,7	27	92	150
5:01:30	92	55,7	27	92	150
5:01:40	92	55,6	26	92	150
5:01:50	92	55,6	26	93	150
5:02:00	92	55,6	27	92	150
5:02:10	92	55,6	27	92	150
5:02:20	92	55,6	27	92	150
5:02:30	92	55,6	28	92	150
5:02:40	92	55,6	28	92	150
5:02:50	92	55,6	28	92	150
5:03:00	92	55,6	28	93	150
5:03:10	92	55,6	28	92	150
5:03:20	92	55,6	27	93	150
5:03:30	92	55,6	28	92	150
5:03:40	92	55,6	28	92	150
5:03:50	92	55,6	28	92	150
5:04:00	92	55,6	29	92	150
5:04:10	92	55,6	28	92	150
5:04:20	92	55,6	29	92	150
5:04:30	92	55,6	29	92	150
5:04:40	92	55,6	30	92	150
5:04:50	92	55,6	30	92	150
5:05:00	92	55,6	30	92	150
5:05:10	92	55,6	30	92	150
5:05:20	92	55,6	30	92	150
5:05:30	92	55,6	30	92	150
5:05:40	92	55,6	30	92	150
5:05:50	92	55,6	30	92	150
5:06:00	92	55,6	30	92	150
5:06:10	92	55,6	30	92	150
5:06:20	92	55,6	30	92	150
5:06:30	92	55,6	30	92	150
5:06:40	92	55,6	30	92	150
5:06:50	92	55,6	30	92	150
5:07:00	92	55,6	29	92	150
5:07:10	92	55,6	30	92	150
5:07:20	92	55,6	30	92	150
5:07:30	92	55,6	30	92	150
5:07:40	92	55,6	30	92	150
5:07:50	92	55,6	30	92	150
5:08:00	92	55,6	30	93	150
5:08:10	92	55,6	31	92	150
5:08:20	92	55,6	31	92	150
5:08:30	92	55,6	30	92	150
5:08:40	92	55,6	31	92	150
5:08:50	92	55,6	31	92	150
5:09:00	92	55,5	31	92	150
5:09:10	92	55,5	31	92	150
5:09:20	92	55,5	31	92	150
5:09:30	92	55,5	31	92	150
5:09:40	92	55,5	31	92	150
5:09:50	92	55,5	31	92	150
5:10:00	92	55,5	31	92	150
5:10:10	92	55,4	32	92	150
5:10:20	92	55,4	31	92	150
5:10:30	92	55,4	32	92	150
5:10:40	92	55,4	32	92	150
5:10:50	92	55,4	32	92	150
5:11:00	92	55,4	32	92	150
5:11:10	92	55,3	33	92	150
5:11:20	92	55,3	33	92	150
5:11:30	92	55,3	33	92	150
5:11:40	92	55,3	33	92	150
5:11:50	92	55,2	33	92	150
5:12:00	92	55,2	33	92	150
5:12:10	92	55,2	22	92	150
5:12:20	92	55,2	11	92	150
5:12:30	92	55,1	32	92	150
5:12:40	92	55,1	33	92	150
5:12:50	92	55,1	34	92	150
5:13:00	92	55,1	34	92	150
5:13:10	92	55,1	34	91	150
5:13:20	92	55,0	34	92	150
5:13:30	92	55,0	33	92	150
5:13:40	92	55,0	34	91	150
5:13:50	92	55,0	34	91	150
5:14:00	92	55,0	34	92	150
5:14:10	92	55,0	34	91	150
5:14:20	92	55,0	35	92	150
5:14:30	92	55,0	35	91	150
5:14:40	92	55,0	35	92	150
5:14:50	92	55,0	35	92	150
5:15:00	92	55,0	35	92	150
5:15:10	92	55,0	33	92	150
5:15:20	92	55,0	36	92	150
5:15:30	92	55,0	36	92	150
5:15:40	92	55,0	33	92	150
5:15:50	92	55,0	37	92	150
5:16:00	92	55,0	37	92	150
5:16:10	92	55,0	37	92	150
5:16:20	92	55,0	34	92	150
5:16:30	92	55,0	32	92	150
5:16:40	92	55,0	39	92	150
5:16:50	92	55,1	39	92	150
5:17:00	92	55,1	39	92	150
5:17:10	92	55,1	39	92	150
5:17:20	92	55,1	40	92	150
5:17:30	92	55,1	39	92	150
5:17:40	92	55,1	39	92	150
5:17:50	92	55,1	39	92	150
5:18:00	92	55,1	2	92	150
5:18:10	92	55,1	25	92	150
5:18:20	92	55,1	40	92	150
5:18:30	92	55,2	41	92	150
5:18:40	92	55,2	41	92	150
5:18:50	92	55,2	41	92	150
5:19:00	92	55,2	41	92	150
5:19:10	92	55,2	41	92	150
5:19:20	92	55,2	42	92	150
5:19:30	92	55,2	41	92	150
5:19:40	92	55,3	42	92	150
5:19:50	92	55,3	43	92	150
5:20:00	92	55,3	42	92	150
5:20:10	92	55,3	43	92	150
5:20:20	92	55,3	43	92	150
5:20:30	92	55,3	30	92	150
5:20:40	92	55,3	44	92	150
5:20:50	92	55,3	44	92	150
5:21:00	92	55,3	44	92	150
5:21:10	92	55,3	45	92	150
5:21:20	92	55,4	47	92	150
5:21:30	92	55,4	48	92	150
5:21:40	92	55,4	48	92	150
5:21:50	92	55,4	49	92	150
5:22:00	92	55,4	51	92	150
5:22:10	92	55,4	51	92	150
5:22:20	92	55,4	51	92	150
5:22:30	92	55,4	50	92	150
5:22:40	92	55,4	51	92	150
5:22:50	92	55,4	51	93	150
5:23:00	92	55,4	53	92	150
5:23:10	92	55,4	53	92	150
5:23:20	92	55,4	54	92	150
5:23:30	92	55,4	55	93	150
5:23:40	92	55,4	55	92	150
5:23:50	92	55,4	55	93	150
5:24:00	92	55,4	56	93	150
5:24:10	92	55,4	56	93	150
5:24:20	92	55,4	57	93	150
5:24:30	92	55,4	57	93	150
5:24:40	92	55,4	58	92	150
5:24:50	92	55,4	58	92	150
5:25:00	92	55,4	59	93	150
5:25:10	92	55,4	60	92	150
5:25:20	92	55,4	61	92	150
5:25:30	92	55,4	62	92	150
5:25:40	92	55,4	63	92	150
5:25:50	92	55,4	63	92	150
5:26:00	92	55,4	65	92	150
5:26:10	92	55,4	64	92	150
5:26:20	92	55,4	65	92	150
5:26:30	92	55,3	66	92	150
5:26:40	92	55,3	65	92	150
5:26:50	92	55,3	67	92	150
5:27:00	92	55,3	68	92	150
5:27:10	92	55,3	71	92	150
5:27:20	92	55,3	72	92	150
5:27:30	92	55,3	76	92	150
5:27:40	92	55,3	74	92	150
5:27:50	92	55,3	75	92	150
5:28:00	92	55,3	78	92	150
5:28:10	92	55,2	79	92	150
5:28:20	92	55,2	78	92	150
5:28:30	92	55,2	80	92	150
5:28:40	92	55,2	82	92	150
5:28:50	92	55,2	86	92	150
5:29:00	92	55,2	86	92	150
5:29:10	92	55,2	87	92	150
5:29:20	92	55,2	89	92	150
5:29:30	92	55,1	92	92	150
5:29:40	92	55,1	94	92	150
5:29:50	92	55,1	97	92	150
5:30:00	92	55,1	94	92	150
5:30:10	92	55,1	97	92	150
5:30:20	92	55,0	103	92	150
5:30:30	92	55,0	65	92	0
5:30:40	92	55,0	65	92	0
5:30:50	92	54,9	64	92	0
5:31:00	92	55,1	59	92	0
5:31:10	92	55,0	65	92	0
5:31:20	92	55,1	55	92	0
5:31:30	92	55,0	65	92	0
5:31:40	92	54,9	61	92	0
5:31:50	92	55,0	63	92	0
5:32:00	92	55,1	58	92	0
5:32:10	92	55,0	64	91	0
5:32:20	92	54,9	64	91	0
5:32:30	92	55,1	58	91	0
5:32:40	92	55,0	61	91	0
5:32:50	92	54,9	62	91	0
5:33:00	92	55,1	61	91	0
5:33:10	92	55,0	61	91	0
5:33:20	92	54,9	57	90	0
5:33:30	92	55,1	65	90	0
5:33:40	92	55,1	65	90	0
5:33:50	92	55,0	65	90	0
5:34:00	92	55,0	61	90	0
5:34:10	92	55,0	60	90	0
5:34:20	92	54,9	60	89	0
5:34:30	92	55,1	65	89	0
5:34:40	92	55,0	64	89	0
5:34:50	92	55,0	62	89	0
5:35:00	92	55,1	63	89	0
5:35:10	92	55,1	61	89	0
5:35:20	92	55,0	61	89	0
5:35:30	92	55,0	61	88	0
5:35:40	92	55,2	63	88	0
5:35:50	92	55,2	64	88	0
5:36:00	92	55,1	64	88	0
5:36:10	92	55,1	60	88	0
5:36:20	92	55,0	60	88	0
5:36:30	92	55,0	60	88	0
5:36:40	92	55,1	59	88	0
5:36:50	92	55,0	59	88	0
5:37:00	92	55,0	59	87	0
5:37:10	92	54,9	59	87	0
5:37:20	92	55,2	65	87	0
5:37:30	92	55,2	64	87	0
5:37:40	92	55,1	62	87	0
5:37:50	92	55,1	60	87	0
5:38:00	92	55,0	61	87	0
5:38:10	92	55,0	61	87	0
5:38:20	92	55,0	61	87	0
5:38:30	92	55,0	53	87	0
5:38:40	92	55,0	53	87	0
5:38:50	92	54,9	55	87	0
5:39:00	92	55,2	65	87	0
5:39:10	92	55,1	65	86	0
5:39:20	92	55,1	65	86	0
5:39:30	92	55,0	65	86	0
5:39:40	92	55,0	65	86	0
5:39:50	92	55,0	64	86	0
5:40:00	92	55,2	63	86	0
5:40:10	92	55,1	64	86	0
5:40:20	92	55,1	64	86	0
5:40:30	92	55,0	59	86	0
5:40:40	92	55,0	59	86	0
5:40:50	92	55,0	61	86	0
5:41:00	92	55,2	64	86	0
5:41:10	92	55,1	64	86	0
5:41:20	92	55,1	63	86	0
5:41:30	92	55,1	64	86	0
5:41:40	92	55,0	64	85	0
5:41:50	92	55,0	64	85	0
5:42:00	92	55,1	64	85	0
5:42:10	92	55,1	64	85	0
5:42:20	92	55,1	64	85	0
5:42:30	92	55,0	61	85	0
5:42:40	92	55,0	64	85	0
5:42:50	92	54,9	63	85	0
5:43:00	92	55,2	62	85	0
5:43:10	92	55,2	61	85	0
5:43:20	92	55,1	60	85	0
5:43:30	91	55,1	60	85	0
5:43:40	91	55,1	58	85	0
5:43:50	91	55,0	58	85	0
5:44:00	91	55,0	58	85	0
5:44:10	91	55,0	57	85	0
5:44:20	91	55,0	59	85	0
5:44:30	91	55,0	60	85	0
5:44:40	91	55,0	59	85	0
5:44:50	91	54,9	56	84	0
5:45:00	91	55,0	55	84	0
5:45:10	91	55,0	54	84	0
5:45:20	91	55,1	60	84	0
5:45:30	91	55,1	64	84	0
5:45:40	91	55,0	59	84	0
5:45:50	91	55,0	63	84	0
5:46:00	91	55,0	63	84	0
5:46:10	91	55,2	63	84	0
5:46:20	91	55,1	62	84	0
5:46:30	91	55,1	62	84	0
5:46:40	91	55,1	62	84	0
5:46:50	91	55,0	62	84	0
5:47:00	91	55,0	62	84	0
5:47:10	91	54,9	62	84	0
5:47:20	91	55,2	62	84	0
5:47:30	91	55,1	63	84	0
5:47:40	91	55,1	63	84	0
5:47:50	91	55,1	63	84	0
5:48:00	91	55,0	63	84	0
5:48:10	91	55,0	63	84	0
5:48:20	91	55,0	63	84	0
5:48:30	91	55,1	63	84	0
5:48:40	91	55,1	63	83	0
5:48:50	91	55,0	63	83	0
5:49:00	91	55,0	63	83	0
5:49:10	91	55,0	63	83	0
5:49:20	91	54,9	63	83	0
5:49:30	91	55,2	63	83	0
5:49:40	91	55,2	63	83	0
5:49:50	90	55,1	63	83	0
5:50:00	90	55,1	63	83	0
5:50:10	90	55,1	63	83	0
5:50:20	90	55,0	63	83	0
5:50:30	90	55,0	63	83	0
5:50:40	90	55,0	63	83	0
5:50:50	90	55,0	63	83	0
5:51:00	90	55,0	63	83	0
5:51:10	90	55,0	63	83	0
5:51:20	90	54,9	62	83	0
5:51:30	90	55,1	63	83	0
5:51:40	90	55,1	63	83	0
5:51:50	90	55,0	63	83	0
5:52:00	90	55,0	63	83	0
5:52:10	90	55,0	63	83	0
5:52:20	90	55,2	62	82	0
5:52:30	90	55,1	62	83	0
5:52:40	90	55,1	61	82	0
5:52:50	90	55,1	61	82	0
5:53:00	90	55,0	62	82	0
5:53:10	90	55,0	61	82	0
5:53:20	90	55,0	61	82	0
5:53:30	90	55,1	61	82	0
5:53:40	90	55,1	62	82	0
5:53:50	90	55,1	63	82	0
5:54:00	90	55,1	63	82	0
5:54:10	90	55,0	63	82	0
5:54:20	90	55,0	63	82	0
5:54:30	90	55,0	63	82	0
5:54:40	90	55,1	64	82	0
5:54:50	89	55,1	64	82	0
5:55:00	89	55,0	64	82	0
5:55:10	89	55,0	64	82	0
5:55:20	89	55,0	64	82	0
5:55:30	89	54,9	64	82	0
5:55:40	89	55,1	64	82	0
5:55:50	89	55,0	64	82	0
5:56:00	89	55,0	63	82	0
5:56:10	89	55,2	64	82	0
5:56:20	89	55,2	63	82	0
5:56:30	89	55,1	64	82	0
5:56:40	89	55,1	64	81	0
5:56:50	89	55,0	64	81	0
5:57:00	89	55,0	64	81	0
5:57:10	89	55,0	64	81	0
5:57:20	89	55,0	63	81	0
5:57:30	89	55,0	63	81	0
5:57:40	89	55,0	63	81	0
5:57:50	89	55,2	64	81	0
5:58:00	89	55,2	64	81	0
5:58:10	89	55,2	64	81	0
5:58:20	89	55,1	64	81	0
5:58:30	89	55,1	64	81	0
5:58:40	89	55,1	64	81	0
5:58:50	89	55,0	64	81	0
5:59:00	89	55,0	64	81	0
5:59:10	89	55,0	64	81	0
5:59:20	89	55,0	64	81	0
5:59:30	89	55,0	64	81	0
5:59:40	89	54,9	64	81	0
5:59:50	88	55,0	63	81	0
6:00:00	88	55,1	64	81	0
6:00:10	88	55,1	64	81	0
6:00:20	88	55,0	64	81	0
6:00:30	88	55,0	64	81	0
6:00:40	88	55,0	64	81	0
6:00:50	88	55,2	64	80	0
6:01:00	88	55,1	64	81	0
6:01:10	88	55,1	64	80	0
6:01:20	88	55,1	64	80	0
6:01:30	88	55,0	64	80	0
6:01:40	88	55,0	64	80	0
6:01:50	88	55,0	64	80	0
6:02:00	88	55,0	64	80	0
6:02:10	88	55,0	64	80	0
6:02:20	88	55,0	64	80	0
6:02:30	88	55,1	64	80	0
6:02:40	88	55,2	64	80	0
6:02:50	88	55,2	64	80	0
6:03:00	88	55,1	64	80	0
6:03:10	88	55,1	64	80	0
6:03:20	88	55,1	64	80	0
6:03:30	88	55,0	64	80	0
6:03:40	88	55,0	64	80	0
6:03:50	88	55,0	64	80	0
6:04:00	88	55,0	63	80	0
6:04:10	88	54,9	64	80	0
6:04:20	88	55,1	64	80	0
6:04:30	88	55,1	64	80	0
6:04:40	88	55,0	64	80	0
6:04:50	88	55,0	64	80	0
6:05:00	87	55,0	64	80	0
6:05:10	87	55,2	64	80	0
6:05:20	87	55,1	64	80	0
6:05:30	87	55,1	64	80	0
6:05:40	87	55,1	64	79	0
6:05:50	87	55,0	64	80	0
6:06:00	87	55,0	64	79	0
6:06:10	87	55,0	64	79	0
6:06:20	87	54,9	64	79	0
6:06:30	87	55,1	65	79	0
6:06:40	87	55,1	65	79	0
6:06:50	87	55,1	65	79	0
6:07:00	87	55,0	65	79	0
6:07:10	87	55,0	64	79	0
6:07:20	87	55,1	64	79	0
6:07:30	87	55,1	64	79	0
6:07:40	87	55,1	64	79	0
6:07:50	87	55,1	64	79	0
6:08:00	87	55,0	64	79	0
6:08:10	87	55,0	64	79	0
6:08:20	87	54,9	65	79	0
6:08:30	87	55,0	64	79	0
6:08:40	87	55,0	63	79	0
6:08:50	87	55,0	64	79	0
6:09:00	87	55,0	64	79	0
6:09:10	87	54,9	64	79	0
6:09:20	87	55,1	65	79	0
6:09:30	87	55,1	64	79	0
6:09:40	87	55,0	64	79	0
6:09:50	87	55,0	64	79	0
6:10:00	87	55,2	64	79	0
6:10:10	87	55,2	64	79	0
6:10:20	87	55,1	64	79	0
6:10:30	87	55,1	64	79	0
6:10:40	86	55,1	64	78	0
6:10:50	86	55,0	64	79	0
6:11:00	86	55,0	64	78	0
6:11:10	86	55,0	64	78	0
6:11:20	86	55,2	63	78	0
6:11:30	86	55,2	63	78	0
6:11:40	86	55,1	63	78	0
6:11:50	86	55,1	63	78	0
6:12:00	86	55,1	63	78	0
6:12:10	86	55,0	63	78	0
6:12:20	86	55,0	63	78	0
6:12:30	86	54,9	63	78	0
6:12:40	86	55,1	64	78	0
6:12:50	86	55,1	64	78	0
6:13:00	86	55,1	64	78	0
6:13:10	86	55,1	64	78	0
6:13:20	86	55,0	64	78	0
6:13:30	86	55,0	64	78	0
6:13:40	86	55,0	64	78	0
6:13:50	86	54,9	48	78	0
6:14:00	86	55,2	55	78	0
6:14:10	86	55,1	54	78	0
6:14:20	86	55,1	53	77	0
6:14:30	86	55,0	52	77	0
6:14:40	86	55,0	54	77	0
6:14:50	86	54,9	53	77	0
6:15:00	86	55,1	62	77	0
6:15:10	86	55,0	61	77	0
6:15:20	86	55,0	55	77	0
6:15:30	86	54,9	60	76	0
6:15:40	86	55,1	63	76	0
6:15:50	86	55,0	63	76	0
6:16:00	86	54,9	64	76	0
6:16:10	86	55,1	65	76	0
6:16:20	86	55,0	63	75	0
6:16:30	86	54,9	64	75	0
6:16:40	86	55,1	64	75	0
6:16:50	86	54,9	64	75	0
6:17:00	86	54,9	64	74	0
6:17:10	85	55,0	64	74	0
6:17:20	85	55,0	63	74	0
6:17:30	85	54,9	65	74	0
6:17:40	85	54,9	64	73	0
6:17:50	85	54,9	64	73	0
6:18:00	85	54,9	64	73	0
6:18:10	85	55,0	63	73	0
6:18:20	85	54,9	65	73	0
6:18:30	85	55,0	64	72	0
6:18:40	85	55,0	63	72	0
6:18:50	85	54,9	64	72	0
6:19:00	85	54,9	64	71	0
6:19:10	85	54,8	63	71	0
6:19:20	85	55,1	63	71	0
6:19:30	85	54,9	63	71	0
6:19:40	85	55,0	64	70	0
6:19:50	85	54,9	63	70	0
6:20:00	85	55,0	65	70	0
6:20:10	85	55,0	64	70	0
6:20:20	85	54,8	63	69	0
6:20:30	85	54,9	63	69	0
6:20:40	85	54,8	64	69	0
6:20:50	85	54,9	65	68	0
6:21:00	85	54,8	65	68	0
6:21:10	85	54,9	65	68	0
6:21:20	85	54,8	65	68	0
6:21:30	85	54,9	65	67	0
6:21:40	85	54,9	65	67	0
6:21:50	85	55,0	65	67	0
6:22:00	85	54,9	64	67	0
6:22:10	85	55,1	63	66	0
6:22:20	85	54,9	64	66	0
6:22:30	85	55,0	64	66	0
6:22:40	84	55,0	61	65	0
6:22:50	84	55,0	58	65	0
6:23:00	84	55,0	57	65	0
6:23:10	84	55,0	58	65	0
6:23:20	84	55,0	58	64	0
6:23:30	84	54,8	57	64	0
6:23:40	84	55,1	64	64	0
6:23:50	84	54,8	64	64	0
6:24:00	84	55,1	64	63	0
6:24:10	84	54,9	64	63	0
6:24:20	84	55,0	64	63	0
6:24:30	84	54,9	64	63	0
6:24:40	84	55,0	63	62	0
6:24:50	84	54,9	64	62	0
6:25:00	84	55,0	62	62	0
6:25:10	84	55,0	64	62	0
6:25:20	84	55,0	65	61	0
6:25:30	84	55,0	64	61	0
6:25:40	84	54,8	65	61	0
6:25:50	83	55,0	62	61	0
6:26:00	83	54,8	64	60	0
6:26:10	83	55,0	63	60	0
6:26:20	83	54,9	62	60	0
6:26:30	83	55,1	65	60	0
6:26:40	83	54,9	65	59	0
6:26:50	83	55,1	64	59	0
6:27:00	83	54,9	64	59	0
6:27:10	83	55,1	59	59	0
