--Test Summary--
Full Path and File Name	
Instrument Name	7222
Instrument Type	Model 7222 Consistometer
Instrument Serial Number	
Test Start Date	28.04.2014
Test Start Time	9:52:48
Test Stop Date	28.04.2014
Test Stop Time	16:31:04
Test Length	6:38:16
Final Sample Time Offset	6:38:10
Controller Schedule Name	
Sampling Period	10 seconds
Comments	
Information	WellID	Research
Information	Customer	Trican
Information	EngName	Arild
Information	CementClass	75%A+25%ASPM
Information	CementMfr	Lafarge
Information	Additives	2%TA-1+0,3%TC-101+3%bwowCaCl
Information	Density	1400
Information	BHCT	25
Information	BHST	25
Information	FluidLoss	
Information	JobType	Research
Calculated Value	Time_30Bc	6:22:20
Calculated Value	Time_70Bc	N/A
Initial Temperature (°C)	28 °C
Final Temperature (°C)	31 °C
Initial Pressure (MPa)	0,9 MPa
Final Pressure (MPa)	10,3 MPa
Initial Consistency (Bc)	2 Bc
Final Consistency (Bc)	39 Bc
--Data--
Time (HH:MM:SS)	Temperature (°C)	Pressure (MPa)	Consistency (Bc)
0:00:00	28	0,9	2
0:00:10	28	0,9	1
0:00:20	28	0,9	1
0:00:30	28	1,0	1
0:00:40	28	1,0	1
0:00:50	28	1,0	1
0:01:00	28	1,1	1
0:01:10	28	1,2	1
0:01:20	28	1,2	1
0:01:30	27	1,2	1
0:01:40	27	1,4	1
0:01:50	27	1,3	1
0:02:00	27	1,4	1
0:02:10	27	1,6	1
0:02:20	27	1,5	1
0:02:30	27	1,6	1
0:02:40	27	1,8	1
0:02:50	27	1,7	1
0:03:00	27	1,7	1
0:03:10	27	1,9	1
0:03:20	27	1,8	1
0:03:30	27	1,8	1
0:03:40	27	2,0	1
0:03:50	27	2,0	1
0:04:00	26	2,1	1
0:04:10	26	2,4	1
0:04:20	26	2,2	1
0:04:30	26	2,1	1
0:04:40	26	2,4	1
0:04:50	26	2,3	1
0:05:00	26	2,3	1
0:05:10	26	2,4	1
0:05:20	26	2,7	1
0:05:30	26	2,6	1
0:05:40	26	2,5	1
0:05:50	26	2,6	1
0:06:00	26	2,9	1
0:06:10	26	2,8	1
0:06:20	26	2,7	1
0:06:30	26	3,0	1
0:06:40	26	2,9	1
0:06:50	26	2,9	1
0:07:00	26	3,0	1
0:07:10	26	3,3	1
0:07:20	26	3,1	1
0:07:30	26	3,1	1
0:07:40	26	3,4	1
0:07:50	26	3,3	1
0:08:00	26	3,2	1
0:08:10	26	3,6	1
0:08:20	26	3,5	1
0:08:30	25	3,4	1
0:08:40	25	3,7	1
0:08:50	25	3,6	1
0:09:00	25	3,5	1
0:09:10	25	3,9	1
0:09:20	25	3,8	1
0:09:30	25	3,7	1
0:09:40	25	3,7	1
0:09:50	25	4,0	1
0:10:00	25	3,9	1
0:10:10	25	3,9	1
0:10:20	25	4,0	1
0:10:30	25	4,3	1
0:10:40	25	4,1	1
0:10:50	25	4,1	1
0:11:00	25	4,4	1
0:11:10	25	4,3	1
0:11:20	25	4,3	1
0:11:30	25	4,6	1
0:11:40	25	4,5	1
0:11:50	25	4,4	1
0:12:00	25	4,6	1
0:12:10	25	4,5	1
0:12:20	25	4,8	1
0:12:30	25	4,7	1
0:12:40	25	4,6	1
0:12:50	25	5,0	1
0:13:00	25	4,9	1
0:13:10	25	4,8	1
0:13:20	25	5,0	1
0:13:30	25	4,9	1
0:13:40	25	5,1	1
0:13:50	25	5,0	1
0:14:00	25	5,2	1
0:14:10	25	5,1	1
0:14:20	25	5,3	1
0:14:30	25	5,2	1
0:14:40	25	5,3	1
0:14:50	25	5,3	1
0:15:00	25	5,5	1
0:15:10	25	5,4	1
0:15:20	25	5,8	1
0:15:30	25	5,6	1
0:15:40	25	5,6	1
0:15:50	25	5,9	1
0:16:00	25	5,8	1
0:16:10	25	5,7	1
0:16:20	25	6,1	1
0:16:30	25	6,0	1
0:16:40	25	5,9	1
0:16:50	25	6,3	1
0:17:00	25	6,2	1
0:17:10	25	6,1	1
0:17:20	25	6,0	1
0:17:30	25	6,4	1
0:17:40	25	6,3	1
0:17:50	25	6,2	1
0:18:00	24	6,6	1
0:18:10	25	6,5	1
0:18:20	25	6,4	1
0:18:30	24	6,4	1
0:18:40	25	6,7	1
0:18:50	25	6,6	1
0:19:00	24	6,6	1
0:19:10	24	7,0	2
0:19:20	24	6,9	2
0:19:30	24	6,8	2
0:19:40	24	6,8	2
0:19:50	25	7,1	2
0:20:00	24	7,0	2
0:20:10	24	7,0	2
0:20:20	24	7,1	2
0:20:30	24	7,0	2
0:20:40	24	7,4	2
0:20:50	24	7,3	2
0:21:00	24	7,2	2
0:21:10	24	7,6	2
0:21:20	24	7,5	2
0:21:30	24	7,4	2
0:21:40	24	7,4	2
0:21:50	24	7,7	2
0:22:00	24	7,7	2
0:22:10	24	7,6	2
0:22:20	24	7,6	2
0:22:30	24	8,0	2
0:22:40	24	7,9	2
0:22:50	24	7,8	2
0:23:00	24	7,8	2
0:23:10	24	7,8	2
0:23:20	24	8,1	2
0:23:30	24	8,0	2
0:23:40	24	8,2	2
0:23:50	24	8,1	2
0:24:00	24	8,1	2
0:24:10	24	8,3	2
0:24:20	24	8,2	2
0:24:30	24	8,4	2
0:24:40	24	8,3	2
0:24:50	24	8,6	2
0:25:00	24	8,5	2
0:25:10	24	8,4	2
0:25:20	24	8,6	2
0:25:30	24	8,5	2
0:25:40	24	8,7	2
0:25:50	24	8,7	2
0:26:00	24	8,8	2
0:26:10	24	8,9	2
0:26:20	24	8,8	2
0:26:30	24	8,9	2
0:26:40	24	9,1	2
0:26:50	24	9,0	2
0:27:00	24	9,1	2
0:27:10	24	9,0	2
0:27:20	24	9,2	2
0:27:30	24	9,1	2
0:27:40	24	9,1	2
0:27:50	24	9,2	2
0:28:00	24	9,2	2
0:28:10	24	9,2	2
0:28:20	24	9,2	2
0:28:30	24	9,2	2
0:28:40	24	9,3	2
0:28:50	24	9,3	2
0:29:00	24	9,3	2
0:29:10	24	9,3	2
0:29:20	24	5,0	2
0:29:30	24	2,7	2
0:29:40	24	0,6	1
0:29:50	24	0,1	1
0:30:00	24	0,0	1
0:30:10	24	-0,0	2
0:30:20	24	-0,0	2
0:30:30	24	-0,0	2
0:30:40	24	0,6	2
0:30:50	24	0,6	2
0:31:00	24	0,6	2
0:31:10	24	0,3	2
0:31:20	24	0,1	2
0:31:30	24	-0,0	2
0:31:40	24	-0,0	2
0:31:50	24	-0,0	2
0:32:00	24	-0,0	3
0:32:10	24	-0,0	3
0:32:20	24	-0,0	3
0:32:30	24	-0,0	3
0:32:40	24	-0,0	3
0:32:50	24	-0,0	4
0:33:00	24	0,0	4
0:33:10	25	-0,0	4
0:33:20	25	-0,0	4
0:33:30	24	0,1	3
0:33:40	24	0,1	3
0:33:50	24	0,2	3
0:34:00	24	0,6	2
0:34:10	24	0,6	2
0:34:20	24	0,6	2
0:34:30	24	1,2	2
0:34:40	24	1,9	2
0:34:50	24	2,8	2
0:35:00	24	3,5	2
0:35:10	24	4,5	2
0:35:20	24	4,9	2
0:35:30	24	5,7	2
0:35:40	24	6,5	2
0:35:50	24	7,4	2
0:36:00	24	8,3	2
0:36:10	24	8,7	2
0:36:20	24	9,5	2
0:36:30	24	9,8	2
0:36:40	24	9,9	2
0:36:50	24	9,8	2
0:37:00	24	10,1	2
0:37:10	24	10,0	2
0:37:20	24	9,9	2
0:37:30	24	9,9	2
0:37:40	24	9,8	2
0:37:50	24	9,9	2
0:38:00	24	9,8	2
0:38:10	24	10,2	2
0:38:20	24	10,1	2
0:38:30	24	10,1	2
0:38:40	24	10,0	2
0:38:50	24	10,0	2
0:39:00	24	10,0	2
0:39:10	24	9,9	2
0:39:20	24	9,9	2
0:39:30	24	9,9	2
0:39:40	24	9,9	2
0:39:50	24	9,8	2
0:40:00	24	10,0	2
0:40:10	24	9,9	2
0:40:20	24	9,9	2
0:40:30	24	9,9	2
0:40:40	24	9,8	2
0:40:50	24	9,8	2
0:41:00	24	10,3	2
0:41:10	24	10,3	2
0:41:20	24	10,3	2
0:41:30	25	10,2	2
0:41:40	24	10,2	2
0:41:50	25	10,2	2
0:42:00	25	10,2	2
0:42:10	25	10,1	2
0:42:20	25	10,1	2
0:42:30	25	10,1	2
0:42:40	25	10,1	2
0:42:50	25	10,1	2
0:43:00	25	10,1	2
0:43:10	25	10,0	2
0:43:20	25	10,0	2
0:43:30	25	10,0	2
0:43:40	25	10,0	2
0:43:50	25	10,0	2
0:44:00	25	10,0	2
0:44:10	25	10,0	2
0:44:20	25	10,0	2
0:44:30	25	10,0	2
0:44:40	25	10,0	2
0:44:50	25	10,0	2
0:45:00	25	10,0	2
0:45:10	25	10,0	2
0:45:20	25	9,9	2
0:45:30	25	9,9	2
0:45:40	25	9,9	2
0:45:50	25	9,9	2
0:46:00	25	9,9	2
0:46:10	25	9,9	2
0:46:20	25	9,9	2
0:46:30	25	9,9	2
0:46:40	25	9,9	2
0:46:50	25	9,9	2
0:47:00	25	9,9	2
0:47:10	25	9,9	2
0:47:20	25	9,9	2
0:47:30	25	9,9	3
0:47:40	25	9,9	3
0:47:50	25	9,9	3
0:48:00	25	9,9	3
0:48:10	25	9,9	3
0:48:20	25	9,9	3
0:48:30	25	9,8	3
0:48:40	25	9,8	3
0:48:50	25	9,8	3
0:49:00	25	9,8	3
0:49:10	25	9,8	3
0:49:20	25	9,8	3
0:49:30	25	9,8	3
0:49:40	25	10,0	3
0:49:50	25	10,0	3
0:50:00	25	10,0	3
0:50:10	25	10,0	3
0:50:20	25	10,0	3
0:50:30	25	10,0	3
0:50:40	25	10,0	3
0:50:50	25	10,0	3
0:51:00	25	10,0	3
0:51:10	25	10,0	3
0:51:20	25	10,0	3
0:51:30	25	10,0	3
0:51:40	25	10,0	3
0:51:50	25	10,0	3
0:52:00	25	9,9	3
0:52:10	25	9,9	3
0:52:20	25	9,9	3
0:52:30	25	9,9	3
0:52:40	25	9,9	3
0:52:50	25	9,9	3
0:53:00	25	9,9	3
0:53:10	25	10,0	3
0:53:20	25	9,9	3
0:53:30	25	10,0	3
0:53:40	25	9,9	3
0:53:50	25	10,0	3
0:54:00	25	9,9	3
0:54:10	25	10,0	3
0:54:20	25	10,0	3
0:54:30	25	10,0	3
0:54:40	25	10,0	3
0:54:50	25	10,0	3
0:55:00	25	10,0	3
0:55:10	25	10,0	3
0:55:20	25	10,0	3
0:55:30	25	10,0	3
0:55:40	25	10,0	3
0:55:50	25	9,9	3
0:56:00	25	9,9	3
0:56:10	25	9,9	3
0:56:20	25	9,9	3
0:56:30	25	10,0	3
0:56:40	25	9,9	3
0:56:50	25	9,9	3
0:57:00	25	9,9	3
0:57:10	25	9,9	3
0:57:20	25	9,9	3
0:57:30	25	9,9	3
0:57:40	25	10,0	3
0:57:50	25	9,9	3
0:58:00	25	9,9	3
0:58:10	25	9,9	3
0:58:20	25	9,9	3
0:58:30	25	9,9	3
0:58:40	25	9,9	3
0:58:50	25	9,9	3
0:59:00	25	10,0	3
0:59:10	25	9,9	3
0:59:20	25	9,9	3
0:59:30	25	9,9	3
0:59:40	25	9,9	3
0:59:50	25	9,9	3
1:00:00	25	9,9	3
1:00:10	25	9,9	3
1:00:20	25	9,9	3
1:00:30	25	9,9	3
1:00:40	25	9,9	3
1:00:50	25	9,9	3
1:01:00	25	9,9	3
1:01:10	25	9,9	3
1:01:20	25	9,9	3
1:01:30	25	9,9	3
1:01:40	25	9,9	3
1:01:50	25	9,9	3
1:02:00	25	9,9	3
1:02:10	25	9,9	3
1:02:20	25	9,9	3
1:02:30	25	9,9	3
1:02:40	25	9,9	3
1:02:50	25	9,9	3
1:03:00	25	9,9	3
1:03:10	25	9,9	3
1:03:20	25	9,9	3
1:03:30	25	9,9	3
1:03:40	25	9,9	3
1:03:50	25	9,9	3
1:04:00	25	9,9	3
1:04:10	25	9,9	3
1:04:20	25	9,8	3
1:04:30	25	10,3	3
1:04:40	25	10,3	3
1:04:50	25	10,3	3
1:05:00	25	10,3	3
1:05:10	25	10,2	3
1:05:20	25	10,2	3
1:05:30	25	10,2	3
1:05:40	25	10,2	3
1:05:50	25	10,2	3
1:06:00	25	10,2	3
1:06:10	25	10,2	3
1:06:20	25	10,2	3
1:06:30	25	10,2	3
1:06:40	25	10,2	3
1:06:50	25	10,2	3
1:07:00	25	10,2	3
1:07:10	25	10,2	3
1:07:20	25	10,2	3
1:07:30	25	10,2	3
1:07:40	25	10,2	3
1:07:50	25	10,2	3
1:08:00	25	10,2	3
1:08:10	25	10,2	3
1:08:20	25	10,2	3
1:08:30	25	10,2	3
1:08:40	25	10,2	3
1:08:50	25	10,2	3
1:09:00	25	10,2	3
1:09:10	25	10,2	3
1:09:20	25	10,2	3
1:09:30	25	10,2	3
1:09:40	25	10,2	3
1:09:50	25	10,2	3
1:10:00	25	10,2	3
1:10:10	25	10,3	3
1:10:20	25	10,3	3
1:10:30	25	10,3	3
1:10:40	25	10,2	3
1:10:50	25	10,2	3
1:11:00	25	10,2	3
1:11:10	25	10,2	3
1:11:20	25	10,2	3
1:11:30	25	10,2	3
1:11:40	25	10,2	3
1:11:50	25	10,2	3
1:12:00	25	10,2	3
1:12:10	25	10,2	3
1:12:20	25	10,2	3
1:12:30	25	10,2	3
1:12:40	25	10,2	3
1:12:50	25	10,2	3
1:13:00	25	10,2	3
1:13:10	25	10,2	3
1:13:20	25	10,1	3
1:13:30	25	10,2	3
1:13:40	25	10,1	3
1:13:50	25	10,1	3
1:14:00	25	10,1	3
1:14:10	25	10,1	3
1:14:20	25	10,1	3
1:14:30	25	10,1	3
1:14:40	25	10,1	3
1:14:50	25	10,1	3
1:15:00	25	10,1	3
1:15:10	25	10,1	3
1:15:20	25	10,1	3
1:15:30	25	10,1	3
1:15:40	25	10,1	3
1:15:50	25	10,1	3
1:16:00	25	10,1	3
1:16:10	25	10,1	3
1:16:20	25	10,1	3
1:16:30	25	10,1	3
1:16:40	25	10,1	3
1:16:50	25	10,1	3
1:17:00	25	10,1	3
1:17:10	25	10,1	3
1:17:20	25	10,1	3
1:17:30	25	10,1	3
1:17:40	25	10,1	3
1:17:50	25	10,1	3
1:18:00	25	10,1	3
1:18:10	25	10,1	3
1:18:20	25	10,1	3
1:18:30	25	10,1	3
1:18:40	25	10,1	3
1:18:50	25	10,1	3
1:19:00	25	10,1	3
1:19:10	25	10,1	3
1:19:20	25	10,1	3
1:19:30	26	10,1	3
1:19:40	26	10,1	3
1:19:50	26	10,1	3
1:20:00	25	10,1	3
1:20:10	26	10,1	3
1:20:20	26	10,1	3
1:20:30	26	10,1	3
1:20:40	26	10,1	3
1:20:50	26	10,1	3
1:21:00	26	10,1	3
1:21:10	26	10,1	3
1:21:20	26	10,0	3
1:21:30	26	10,1	3
1:21:40	26	10,1	3
1:21:50	26	10,1	3
1:22:00	26	10,1	3
1:22:10	26	10,1	3
1:22:20	26	10,1	3
1:22:30	26	10,1	3
1:22:40	26	10,0	3
1:22:50	26	10,1	3
1:23:00	26	10,1	3
1:23:10	26	10,1	3
1:23:20	26	10,1	3
1:23:30	26	10,1	3
1:23:40	26	10,1	3
1:23:50	26	10,1	3
1:24:00	26	10,0	3
1:24:10	26	10,1	3
1:24:20	26	10,1	3
1:24:30	26	10,1	3
1:24:40	26	10,1	3
1:24:50	26	10,0	3
1:25:00	26	10,0	3
1:25:10	26	10,0	3
1:25:20	26	10,0	3
1:25:30	26	10,0	3
1:25:40	26	10,0	3
1:25:50	26	10,0	3
1:26:00	26	10,0	3
1:26:10	26	10,0	3
1:26:20	26	10,1	3
1:26:30	26	10,1	3
1:26:40	26	10,0	3
1:26:50	26	10,1	3
1:27:00	26	10,1	3
1:27:10	26	10,1	3
1:27:20	26	10,1	3
1:27:30	26	10,1	3
1:27:40	26	10,1	3
1:27:50	26	10,1	3
1:28:00	26	10,1	3
1:28:10	26	10,0	3
1:28:20	26	10,0	3
1:28:30	26	10,0	3
1:28:40	26	10,0	3
1:28:50	26	10,0	3
1:29:00	26	10,0	3
1:29:10	26	10,0	3
1:29:20	26	10,0	3
1:29:30	26	10,0	3
1:29:40	26	10,0	3
1:29:50	26	10,0	3
1:30:00	26	10,0	3
1:30:10	26	10,0	3
1:30:20	26	10,0	3
1:30:30	26	10,0	3
1:30:40	26	10,0	3
1:30:50	26	10,0	3
1:31:00	26	10,0	3
1:31:10	26	10,0	3
1:31:20	26	10,0	3
1:31:30	26	10,0	3
1:31:40	26	10,0	3
1:31:50	26	10,0	3
1:32:00	26	10,0	3
1:32:10	26	10,0	3
1:32:20	26	10,0	3
1:32:30	26	10,0	3
1:32:40	26	10,0	3
1:32:50	26	10,0	3
1:33:00	26	10,0	3
1:33:10	26	10,0	3
1:33:20	26	10,0	3
1:33:30	26	10,0	3
1:33:40	26	10,0	3
1:33:50	26	10,0	3
1:34:00	26	10,0	3
1:34:10	26	10,0	3
1:34:20	26	10,0	3
1:34:30	26	10,0	3
1:34:40	26	10,0	3
1:34:50	26	10,0	3
1:35:00	26	10,0	3
1:35:10	26	10,0	3
1:35:20	26	10,0	3
1:35:30	26	10,0	3
1:35:40	26	10,0	3
1:35:50	26	10,0	3
1:36:00	26	10,0	3
1:36:10	26	10,0	3
1:36:20	26	10,0	3
1:36:30	26	10,0	3
1:36:40	26	10,0	3
1:36:50	26	10,0	3
1:37:00	26	10,0	3
1:37:10	26	10,0	3
1:37:20	26	10,0	3
1:37:30	26	10,0	3
1:37:40	26	10,0	3
1:37:50	26	10,0	3
1:38:00	26	10,0	3
1:38:10	26	10,0	3
1:38:20	26	10,0	3
1:38:30	26	10,0	3
1:38:40	26	10,0	3
1:38:50	26	10,0	3
1:39:00	26	10,0	3
1:39:10	26	10,0	3
1:39:20	26	10,0	3
1:39:30	26	10,0	3
1:39:40	26	10,0	3
1:39:50	26	10,0	3
1:40:00	26	10,0	3
1:40:10	26	10,0	3
1:40:20	26	10,0	3
1:40:30	26	10,0	3
1:40:40	26	10,0	3
1:40:50	26	10,0	3
1:41:00	26	10,0	3
1:41:10	26	10,0	3
1:41:20	26	10,0	3
1:41:30	26	10,0	3
1:41:40	26	10,0	3
1:41:50	26	10,0	3
1:42:00	26	10,0	3
1:42:10	26	10,0	3
1:42:20	26	10,0	3
1:42:30	26	10,0	3
1:42:40	26	10,0	3
1:42:50	26	10,0	3
1:43:00	26	10,0	3
1:43:10	26	10,0	3
1:43:20	26	10,0	3
1:43:30	26	10,0	3
1:43:40	26	10,0	3
1:43:50	26	10,0	3
1:44:00	26	10,0	3
1:44:10	26	10,0	3
1:44:20	26	10,0	3
1:44:30	26	10,0	3
1:44:40	26	10,0	3
1:44:50	26	10,0	3
1:45:00	26	10,0	3
1:45:10	26	10,0	3
1:45:20	26	10,0	3
1:45:30	26	10,0	3
1:45:40	26	10,0	3
1:45:50	26	10,0	3
1:46:00	26	10,0	3
1:46:10	26	10,0	3
1:46:20	26	10,0	3
1:46:30	26	10,0	3
1:46:40	26	10,0	3
1:46:50	26	10,0	3
1:47:00	26	10,0	3
1:47:10	26	10,0	4
1:47:20	26	10,0	4
1:47:30	26	10,0	4
1:47:40	26	10,0	4
1:47:50	26	10,0	4
1:48:00	26	10,0	4
1:48:10	26	10,0	4
1:48:20	26	10,0	4
1:48:30	26	10,0	4
1:48:40	26	10,0	4
1:48:50	26	10,0	4
1:49:00	26	10,0	4
1:49:10	26	10,0	4
1:49:20	26	10,0	4
1:49:30	26	10,0	4
1:49:40	26	10,0	4
1:49:50	26	10,0	4
1:50:00	26	10,0	4
1:50:10	26	10,0	4
1:50:20	26	10,0	4
1:50:30	26	10,0	4
1:50:40	26	10,0	4
1:50:50	26	10,0	4
1:51:00	26	10,0	4
1:51:10	26	10,0	4
1:51:20	26	10,0	4
1:51:30	26	10,0	4
1:51:40	26	10,0	4
1:51:50	26	10,0	4
1:52:00	26	10,0	4
1:52:10	26	10,1	4
1:52:20	26	10,0	4
1:52:30	26	10,1	4
1:52:40	26	10,1	4
1:52:50	26	10,0	4
1:53:00	26	10,0	4
1:53:10	26	10,1	4
1:53:20	26	10,0	4
1:53:30	26	10,1	4
1:53:40	26	10,1	4
1:53:50	26	10,1	4
1:54:00	26	10,1	3
1:54:10	27	10,1	3
1:54:20	26	10,1	4
1:54:30	26	10,0	3
1:54:40	27	10,0	4
1:54:50	27	10,1	4
1:55:00	27	10,1	4
1:55:10	27	10,1	4
1:55:20	27	10,1	4
1:55:30	27	10,1	3
1:55:40	27	10,1	4
1:55:50	27	10,1	4
1:56:00	27	10,0	4
1:56:10	27	10,1	4
1:56:20	27	10,1	4
1:56:30	27	10,1	4
1:56:40	27	10,1	4
1:56:50	27	10,1	4
1:57:00	27	10,1	3
1:57:10	27	10,1	4
1:57:20	27	10,0	3
1:57:30	27	10,1	3
1:57:40	27	10,1	4
1:57:50	27	10,1	3
1:58:00	27	10,0	3
1:58:10	27	10,0	3
1:58:20	27	10,1	3
1:58:30	27	10,1	3
1:58:40	27	10,1	3
1:58:50	27	10,1	3
1:59:00	27	10,0	3
1:59:10	27	10,0	3
1:59:20	27	10,0	3
1:59:30	27	10,0	3
1:59:40	27	10,0	3
1:59:50	27	10,0	3
2:00:00	27	10,0	3
2:00:10	27	10,0	3
2:00:20	27	10,0	3
2:00:30	27	10,0	3
2:00:40	27	10,1	3
2:00:50	27	10,0	3
2:01:00	27	10,0	3
2:01:10	27	10,1	3
2:01:20	27	10,1	3
2:01:30	27	10,1	3
2:01:40	27	10,0	4
2:01:50	27	10,1	4
2:02:00	27	10,0	3
2:02:10	27	10,1	3
2:02:20	27	10,1	4
2:02:30	27	10,1	4
2:02:40	27	10,1	3
2:02:50	27	10,1	4
2:03:00	27	10,1	3
2:03:10	27	10,1	3
2:03:20	27	10,1	4
2:03:30	27	10,1	3
2:03:40	27	10,1	3
2:03:50	27	10,1	3
2:04:00	27	10,1	3
2:04:10	27	10,1	3
2:04:20	27	10,1	3
2:04:30	27	10,1	3
2:04:40	27	10,1	3
2:04:50	27	10,1	3
2:05:00	27	10,1	3
2:05:10	27	10,1	3
2:05:20	27	10,1	3
2:05:30	27	10,1	3
2:05:40	27	10,1	3
2:05:50	27	10,1	3
2:06:00	27	10,1	3
2:06:10	27	10,1	3
2:06:20	27	10,1	3
2:06:30	27	10,1	3
2:06:40	27	10,1	3
2:06:50	27	10,1	3
2:07:00	27	10,1	3
2:07:10	27	10,1	3
2:07:20	27	10,1	3
2:07:30	27	10,1	3
2:07:40	27	10,1	3
2:07:50	27	10,1	3
2:08:00	27	10,1	3
2:08:10	27	10,1	3
2:08:20	27	10,1	3
2:08:30	27	10,1	3
2:08:40	27	10,1	3
2:08:50	27	10,1	3
2:09:00	27	10,1	3
2:09:10	27	10,1	3
2:09:20	27	10,1	3
2:09:30	27	10,1	4
2:09:40	27	10,1	4
2:09:50	27	10,1	4
2:10:00	27	10,1	4
2:10:10	27	10,1	4
2:10:20	27	10,1	4
2:10:30	27	10,1	4
2:10:40	27	10,1	4
2:10:50	27	10,1	4
2:11:00	27	10,1	4
2:11:10	27	10,1	4
2:11:20	27	10,1	4
2:11:30	27	10,1	4
2:11:40	27	10,1	4
2:11:50	27	10,1	4
2:12:00	27	10,1	4
2:12:10	27	10,1	4
2:12:20	27	10,1	3
2:12:30	27	10,1	4
2:12:40	27	10,1	4
2:12:50	27	10,1	3
2:13:00	27	10,1	3
2:13:10	27	10,0	3
2:13:20	27	10,0	4
2:13:30	27	10,0	3
2:13:40	27	10,0	3
2:13:50	27	10,0	4
2:14:00	27	10,0	3
2:14:10	27	10,0	3
2:14:20	27	10,0	3
2:14:30	27	10,1	3
2:14:40	27	10,1	4
2:14:50	27	10,0	4
2:15:00	27	10,0	4
2:15:10	27	10,0	4
2:15:20	27	10,0	4
2:15:30	27	10,0	4
2:15:40	27	10,1	4
2:15:50	27	10,0	3
2:16:00	27	10,1	4
2:16:10	27	10,0	4
2:16:20	27	10,0	4
2:16:30	27	10,1	4
2:16:40	27	10,1	4
2:16:50	27	10,1	4
2:17:00	27	10,1	3
2:17:10	27	10,1	4
2:17:20	27	10,0	4
2:17:30	27	10,0	4
2:17:40	27	10,0	4
2:17:50	27	10,1	4
2:18:00	27	10,1	6
2:18:10	27	10,1	6
2:18:20	27	10,1	5
2:18:30	27	10,1	5
2:18:40	27	10,1	5
2:18:50	27	10,1	5
2:19:00	27	10,1	5
2:19:10	27	10,1	5
2:19:20	27	10,1	5
2:19:30	27	10,0	5
2:19:40	27	10,0	5
2:19:50	27	10,1	5
2:20:00	27	10,1	5
2:20:10	27	10,1	5
2:20:20	27	10,1	5
2:20:30	27	10,1	5
2:20:40	27	10,1	5
2:20:50	27	10,1	5
2:21:00	27	10,1	5
2:21:10	27	10,1	5
2:21:20	27	10,1	5
2:21:30	27	10,1	5
2:21:40	27	10,1	5
2:21:50	27	10,1	5
2:22:00	27	10,1	5
2:22:10	27	10,1	5
2:22:20	27	10,1	5
2:22:30	27	10,1	5
2:22:40	27	10,1	5
2:22:50	27	10,1	5
2:23:00	27	10,1	5
2:23:10	27	10,1	5
2:23:20	27	10,1	5
2:23:30	27	10,1	5
2:23:40	27	10,1	5
2:23:50	27	10,1	5
2:24:00	27	10,1	5
2:24:10	27	10,1	5
2:24:20	27	10,1	5
2:24:30	27	10,1	5
2:24:40	27	10,1	5
2:24:50	27	10,1	5
2:25:00	27	10,1	5
2:25:10	27	10,1	5
2:25:20	27	10,0	5
2:25:30	27	10,0	5
2:25:40	27	10,0	5
2:25:50	27	10,0	5
2:26:00	27	10,0	5
2:26:10	27	10,0	5
2:26:20	27	10,0	5
2:26:30	27	10,0	5
2:26:40	27	10,0	5
2:26:50	27	10,1	5
2:27:00	27	10,1	5
2:27:10	27	10,0	5
2:27:20	27	10,0	5
2:27:30	27	10,0	5
2:27:40	27	10,0	5
2:27:50	27	10,0	5
2:28:00	27	10,0	5
2:28:10	27	10,0	5
2:28:20	27	10,0	5
2:28:30	27	10,0	5
2:28:40	27	10,0	5
2:28:50	27	10,0	5
2:29:00	27	10,0	5
2:29:10	27	10,0	5
2:29:20	27	10,0	5
2:29:30	27	10,1	5
2:29:40	27	10,1	5
2:29:50	27	10,1	6
2:30:00	27	10,1	6
2:30:10	27	10,1	6
2:30:20	27	10,1	6
2:30:30	27	10,1	6
2:30:40	27	10,1	6
2:30:50	28	10,1	6
2:31:00	28	10,1	6
2:31:10	28	10,1	6
2:31:20	28	10,1	6
2:31:30	28	10,1	6
2:31:40	28	10,1	6
2:31:50	28	10,1	6
2:32:00	28	10,1	6
2:32:10	28	10,1	6
2:32:20	28	10,1	6
2:32:30	28	10,2	6
2:32:40	28	10,2	6
2:32:50	28	10,2	6
2:33:00	28	10,2	6
2:33:10	28	10,2	6
2:33:20	28	10,2	6
2:33:30	28	10,2	6
2:33:40	28	10,2	6
2:33:50	28	10,2	6
2:34:00	28	10,2	6
2:34:10	28	10,2	6
2:34:20	28	10,2	6
2:34:30	28	10,2	6
2:34:40	28	10,2	6
2:34:50	28	10,2	6
2:35:00	28	10,2	6
2:35:10	28	10,2	6
2:35:20	28	10,2	6
2:35:30	28	10,2	6
2:35:40	28	10,2	6
2:35:50	28	10,2	6
2:36:00	28	10,2	6
2:36:10	28	10,2	6
2:36:20	28	10,2	6
2:36:30	28	10,2	6
2:36:40	28	10,2	6
2:36:50	28	10,2	6
2:37:00	28	10,2	6
2:37:10	28	10,2	6
2:37:20	28	10,2	6
2:37:30	28	10,2	6
2:37:40	28	10,2	6
2:37:50	28	10,2	6
2:38:00	28	10,2	6
2:38:10	28	10,2	6
2:38:20	28	10,2	6
2:38:30	28	10,2	6
2:38:40	28	10,2	6
2:38:50	28	10,2	6
2:39:00	28	10,2	6
2:39:10	28	10,2	6
2:39:20	28	10,2	6
2:39:30	28	10,2	6
2:39:40	28	10,2	6
2:39:50	28	10,2	6
2:40:00	28	10,2	6
2:40:10	28	10,2	6
2:40:20	28	10,2	6
2:40:30	28	10,2	6
2:40:40	28	10,2	6
2:40:50	28	10,2	6
2:41:00	28	10,2	6
2:41:10	28	10,2	6
2:41:20	28	10,2	6
2:41:30	28	10,2	6
2:41:40	28	10,2	6
2:41:50	28	10,2	6
2:42:00	28	10,2	6
2:42:10	28	10,2	6
2:42:20	28	10,2	6
2:42:30	28	10,2	6
2:42:40	28	10,2	6
2:42:50	28	10,2	6
2:43:00	28	10,2	6
2:43:10	28	10,2	6
2:43:20	28	10,2	6
2:43:30	28	10,2	6
2:43:40	28	10,2	6
2:43:50	28	10,2	6
2:44:00	28	10,2	6
2:44:10	28	10,2	6
2:44:20	28	10,2	6
2:44:30	28	10,2	6
2:44:40	28	10,2	6
2:44:50	28	10,2	6
2:45:00	28	10,3	6
2:45:10	28	10,3	6
2:45:20	28	10,3	6
2:45:30	28	10,2	6
2:45:40	28	10,2	6
2:45:50	28	10,2	6
2:46:00	28	10,2	6
2:46:10	28	10,3	6
2:46:20	28	10,3	6
2:46:30	28	10,2	6
2:46:40	28	10,2	6
2:46:50	28	10,3	6
2:47:00	28	10,3	6
2:47:10	28	10,3	6
2:47:20	28	10,3	6
2:47:30	28	10,3	6
2:47:40	28	10,3	6
2:47:50	28	10,3	6
2:48:00	28	10,3	6
2:48:10	28	10,3	6
2:48:20	28	10,3	6
2:48:30	28	10,3	6
2:48:40	28	10,3	6
2:48:50	28	10,3	6
2:49:00	28	10,3	6
2:49:10	28	10,3	6
2:49:20	28	10,3	6
2:49:30	28	10,3	6
2:49:40	28	10,3	6
2:49:50	28	10,3	6
2:50:00	28	10,3	6
2:50:10	28	10,3	6
2:50:20	28	10,3	6
2:50:30	28	10,3	6
2:50:40	28	10,3	6
2:50:50	28	10,3	6
2:51:00	28	10,3	6
2:51:10	28	10,3	6
2:51:20	28	10,3	6
2:51:30	28	10,3	6
2:51:40	28	10,3	6
2:51:50	28	10,3	6
2:52:00	28	10,3	6
2:52:10	28	10,3	6
2:52:20	28	10,3	6
2:52:30	28	10,3	6
2:52:40	28	10,3	6
2:52:50	28	10,3	6
2:53:00	28	10,3	6
2:53:10	28	10,3	6
2:53:20	28	10,3	6
2:53:30	28	10,3	6
2:53:40	28	10,3	6
2:53:50	28	10,3	6
2:54:00	28	10,3	6
2:54:10	28	10,3	6
2:54:20	28	10,3	6
2:54:30	28	10,3	6
2:54:40	28	10,3	6
2:54:50	28	10,3	6
2:55:00	28	10,3	6
2:55:10	28	10,3	6
2:55:20	28	10,3	6
2:55:30	28	10,3	6
2:55:40	28	10,3	6
2:55:50	28	10,3	6
2:56:00	28	10,3	6
2:56:10	28	10,3	6
2:56:20	28	10,3	6
2:56:30	28	10,3	6
2:56:40	28	10,3	6
2:56:50	28	10,3	6
2:57:00	28	10,3	6
2:57:10	28	10,3	6
2:57:20	28	10,3	6
2:57:30	28	10,3	6
2:57:40	28	10,3	6
2:57:50	28	10,3	7
2:58:00	28	10,3	7
2:58:10	28	10,3	7
2:58:20	28	10,3	7
2:58:30	28	10,3	7
2:58:40	28	10,3	7
2:58:50	28	10,3	7
2:59:00	28	10,3	7
2:59:10	28	10,3	7
2:59:20	28	10,3	7
2:59:30	28	10,3	7
2:59:40	28	10,3	7
2:59:50	28	10,3	7
3:00:00	28	10,3	7
3:00:10	28	10,3	7
3:00:20	28	10,3	7
3:00:30	28	10,3	7
3:00:40	28	10,3	7
3:00:50	28	10,3	7
3:01:00	28	10,3	7
3:01:10	28	10,3	7
3:01:20	28	10,3	7
3:01:30	28	10,3	7
3:01:40	28	10,3	7
3:01:50	28	10,3	7
3:02:00	28	10,3	7
3:02:10	28	10,3	7
3:02:20	28	10,3	7
3:02:30	28	10,3	7
3:02:40	28	10,3	7
3:02:50	28	10,3	7
3:03:00	28	10,3	7
3:03:10	28	10,3	7
3:03:20	28	10,3	7
3:03:30	28	10,3	7
3:03:40	28	10,3	7
3:03:50	28	10,3	7
3:04:00	28	10,3	7
3:04:10	28	10,3	7
3:04:20	28	10,3	7
3:04:30	28	10,3	7
3:04:40	28	10,3	7
3:04:50	28	10,3	7
3:05:00	28	10,3	7
3:05:10	28	10,3	7
3:05:20	28	10,3	7
3:05:30	28	10,3	7
3:05:40	28	10,3	7
3:05:50	28	10,3	7
3:06:00	28	10,3	7
3:06:10	28	10,3	7
3:06:20	28	10,3	7
3:06:30	28	10,3	7
3:06:40	28	10,3	7
3:06:50	28	10,3	7
3:07:00	28	10,3	7
3:07:10	28	10,3	7
3:07:20	28	10,3	7
3:07:30	28	10,3	7
3:07:40	28	10,3	7
3:07:50	28	10,3	7
3:08:00	28	10,3	7
3:08:10	28	10,3	7
3:08:20	28	10,3	7
3:08:30	28	10,3	7
3:08:40	28	10,3	7
3:08:50	28	10,3	7
3:09:00	28	10,3	7
3:09:10	28	10,3	7
3:09:20	28	10,3	7
3:09:30	28	10,3	7
3:09:40	28	10,3	7
3:09:50	28	10,3	7
3:10:00	28	10,3	7
3:10:10	28	10,3	7
3:10:20	28	10,3	7
3:10:30	28	10,3	7
3:10:40	28	10,3	6
3:10:50	28	10,3	6
3:11:00	28	10,3	6
3:11:10	28	10,3	6
3:11:20	28	10,3	6
3:11:30	28	10,3	6
3:11:40	28	10,3	6
3:11:50	28	10,3	6
3:12:00	28	10,3	6
3:12:10	28	10,3	6
3:12:20	28	10,3	6
3:12:30	28	10,3	6
3:12:40	29	10,3	6
3:12:50	29	10,3	6
3:13:00	28	10,3	6
3:13:10	29	10,3	6
3:13:20	28	10,3	6
3:13:30	29	10,3	7
3:13:40	29	10,3	6
3:13:50	28	10,3	7
3:14:00	29	10,3	7
3:14:10	29	10,3	7
3:14:20	28	10,3	7
3:14:30	28	10,3	7
3:14:40	29	10,3	7
3:14:50	29	10,3	7
3:15:00	29	10,3	6
3:15:10	28	10,3	6
3:15:20	29	10,3	6
3:15:30	29	10,3	6
3:15:40	29	10,3	6
3:15:50	29	10,3	6
3:16:00	29	10,3	6
3:16:10	29	10,3	6
3:16:20	29	10,3	6
3:16:30	29	10,3	6
3:16:40	29	10,3	6
3:16:50	29	10,3	6
3:17:00	29	10,3	6
3:17:10	29	10,3	6
3:17:20	29	10,3	6
3:17:30	29	10,3	6
3:17:40	29	10,3	6
3:17:50	29	10,3	6
3:18:00	29	10,3	6
3:18:10	29	10,3	6
3:18:20	29	10,3	6
3:18:30	29	10,3	6
3:18:40	29	10,3	6
3:18:50	29	10,3	6
3:19:00	29	10,3	6
3:19:10	29	10,3	6
3:19:20	29	10,3	6
3:19:30	29	10,3	6
3:19:40	29	10,3	6
3:19:50	29	10,3	6
3:20:00	29	10,3	6
3:20:10	29	10,3	6
3:20:20	29	10,3	6
3:20:30	29	10,3	6
3:20:40	29	10,3	6
3:20:50	29	10,3	6
3:21:00	29	10,3	6
3:21:10	29	10,3	6
3:21:20	29	10,3	6
3:21:30	29	10,3	6
3:21:40	29	10,3	6
3:21:50	29	10,3	6
3:22:00	29	10,3	6
3:22:10	29	10,3	6
3:22:20	29	10,3	6
3:22:30	29	10,3	6
3:22:40	29	10,3	6
3:22:50	29	10,3	6
3:23:00	29	10,3	6
3:23:10	29	10,3	6
3:23:20	29	10,3	6
3:23:30	29	10,3	6
3:23:40	29	10,3	6
3:23:50	29	10,3	6
3:24:00	29	10,3	6
3:24:10	29	10,3	6
3:24:20	29	10,2	6
3:24:30	29	10,3	6
3:24:40	29	10,2	6
3:24:50	29	10,2	6
3:25:00	29	10,2	6
3:25:10	29	10,2	6
3:25:20	29	10,2	6
3:25:30	29	10,3	6
3:25:40	29	10,2	6
3:25:50	29	10,2	6
3:26:00	29	10,2	6
3:26:10	29	10,2	6
3:26:20	29	10,2	6
3:26:30	29	10,2	6
3:26:40	29	10,2	6
3:26:50	29	10,2	6
3:27:00	29	10,2	6
3:27:10	29	10,2	6
3:27:20	29	10,2	6
3:27:30	29	10,2	6
3:27:40	29	10,2	6
3:27:50	29	10,2	6
3:28:00	29	10,2	6
3:28:10	29	10,2	6
3:28:20	29	10,2	6
3:28:30	29	10,2	6
3:28:40	29	10,2	6
3:28:50	29	10,2	6
3:29:00	29	10,2	6
3:29:10	29	10,2	6
3:29:20	29	10,2	6
3:29:30	29	10,2	6
3:29:40	29	10,2	6
3:29:50	29	10,2	6
3:30:00	29	10,2	6
3:30:10	29	10,2	6
3:30:20	29	10,2	6
3:30:30	29	10,2	6
3:30:40	29	10,2	6
3:30:50	29	10,2	6
3:31:00	29	10,2	6
3:31:10	29	10,2	6
3:31:20	29	10,2	6
3:31:30	29	10,2	6
3:31:40	29	10,1	6
3:31:50	29	10,1	6
3:32:00	29	10,2	6
3:32:10	29	10,1	6
3:32:20	29	10,1	6
3:32:30	29	10,1	6
3:32:40	29	10,1	6
3:32:50	29	10,1	6
3:33:00	29	10,1	6
3:33:10	29	10,1	6
3:33:20	29	10,1	6
3:33:30	29	10,1	6
3:33:40	29	10,1	8
3:33:50	29	10,1	8
3:34:00	29	10,0	8
3:34:10	29	10,0	8
3:34:20	29	10,0	8
3:34:30	29	10,0	8
3:34:40	29	10,0	8
3:34:50	29	10,0	8
3:35:00	29	10,0	8
3:35:10	29	10,0	8
3:35:20	29	10,0	8
3:35:30	29	10,0	8
3:35:40	29	10,0	8
3:35:50	29	10,0	8
3:36:00	29	10,0	8
3:36:10	29	10,0	8
3:36:20	29	10,0	8
3:36:30	29	10,0	8
3:36:40	29	10,0	8
3:36:50	29	10,0	8
3:37:00	29	10,0	8
3:37:10	29	10,0	8
3:37:20	29	10,0	8
3:37:30	29	10,0	8
3:37:40	29	10,0	8
3:37:50	29	10,0	8
3:38:00	29	10,0	8
3:38:10	29	10,0	8
3:38:20	29	10,0	8
3:38:30	29	10,0	8
3:38:40	29	10,0	8
3:38:50	29	10,0	8
3:39:00	29	10,0	8
3:39:10	29	10,0	8
3:39:20	29	10,0	8
3:39:30	29	10,0	8
3:39:40	29	10,0	8
3:39:50	29	10,0	8
3:40:00	29	10,0	8
3:40:10	29	10,0	8
3:40:20	29	10,0	8
3:40:30	29	10,0	8
3:40:40	29	10,0	8
3:40:50	29	10,0	8
3:41:00	29	10,0	8
3:41:10	29	10,0	8
3:41:20	29	10,0	8
3:41:30	29	10,0	8
3:41:40	29	10,0	8
3:41:50	29	10,0	8
3:42:00	29	10,0	8
3:42:10	29	10,0	8
3:42:20	29	10,0	8
3:42:30	29	10,0	8
3:42:40	29	10,0	8
3:42:50	29	10,3	8
3:43:00	29	10,3	8
3:43:10	29	10,3	8
3:43:20	29	10,3	8
3:43:30	29	10,3	8
3:43:40	29	10,3	8
3:43:50	29	10,3	8
3:44:00	29	10,3	8
3:44:10	29	10,3	8
3:44:20	29	10,3	8
3:44:30	29	10,3	8
3:44:40	29	10,3	8
3:44:50	29	10,3	8
3:45:00	29	10,3	8
3:45:10	29	10,3	8
3:45:20	29	10,3	8
3:45:30	29	10,3	8
3:45:40	29	10,3	8
3:45:50	29	10,3	8
3:46:00	29	10,3	8
3:46:10	29	10,3	8
3:46:20	29	10,3	8
3:46:30	29	10,3	8
3:46:40	29	10,3	8
3:46:50	29	10,3	8
3:47:00	29	10,3	8
3:47:10	29	10,3	8
3:47:20	29	10,3	8
3:47:30	29	10,3	8
3:47:40	29	10,3	8
3:47:50	29	10,3	8
3:48:00	29	10,3	8
3:48:10	29	10,3	8
3:48:20	29	10,3	8
3:48:30	29	10,3	8
3:48:40	29	10,3	8
3:48:50	29	10,3	8
3:49:00	29	10,3	8
3:49:10	29	10,3	8
3:49:20	29	10,3	8
3:49:30	29	10,3	8
3:49:40	29	10,3	8
3:49:50	29	10,3	8
3:50:00	29	10,3	8
3:50:10	29	10,3	8
3:50:20	29	10,3	8
3:50:30	29	10,3	8
3:50:40	29	10,3	8
3:50:50	29	10,3	8
3:51:00	29	10,3	8
3:51:10	29	10,3	8
3:51:20	29	10,3	8
3:51:30	29	10,3	8
3:51:40	29	10,3	8
3:51:50	29	10,3	8
3:52:00	29	10,3	8
3:52:10	29	10,3	8
3:52:20	29	10,3	8
3:52:30	29	10,3	8
3:52:40	29	10,3	8
3:52:50	29	10,3	8
3:53:00	29	10,3	8
3:53:10	29	10,3	8
3:53:20	29	10,3	8
3:53:30	29	10,3	8
3:53:40	29	10,3	8
3:53:50	29	10,3	8
3:54:00	29	10,3	8
3:54:10	29	10,3	8
3:54:20	29	10,3	8
3:54:30	29	10,3	8
3:54:40	29	10,3	8
3:54:50	29	10,3	8
3:55:00	29	10,3	8
3:55:10	29	10,3	8
3:55:20	29	10,3	8
3:55:30	29	10,3	8
3:55:40	29	10,3	8
3:55:50	29	10,3	8
3:56:00	29	10,3	8
3:56:10	29	10,3	8
3:56:20	29	10,3	8
3:56:30	29	10,3	8
3:56:40	29	10,3	8
3:56:50	29	10,3	8
3:57:00	29	10,3	8
3:57:10	29	10,3	8
3:57:20	29	10,3	8
3:57:30	29	10,3	8
3:57:40	29	10,3	8
3:57:50	29	10,3	8
3:58:00	29	10,3	8
3:58:10	29	10,3	8
3:58:20	29	10,3	8
3:58:30	29	10,3	8
3:58:40	29	10,3	8
3:58:50	29	10,3	8
3:59:00	29	10,3	8
3:59:10	29	10,3	8
3:59:20	29	10,3	8
3:59:30	29	10,3	8
3:59:40	29	10,3	8
3:59:50	29	10,3	8
4:00:00	29	10,3	8
4:00:10	29	10,3	8
4:00:20	29	10,3	8
4:00:30	29	10,3	8
4:00:40	29	10,3	8
4:00:50	29	10,3	8
4:01:00	29	10,3	8
4:01:10	29	10,3	8
4:01:20	29	10,3	8
4:01:30	29	10,3	8
4:01:40	29	10,3	8
4:01:50	29	10,3	8
4:02:00	29	10,3	8
4:02:10	29	10,3	8
4:02:20	29	10,3	8
4:02:30	29	10,3	8
4:02:40	29	10,3	8
4:02:50	29	10,3	8
4:03:00	29	10,3	8
4:03:10	29	10,3	8
4:03:20	29	10,3	8
4:03:30	29	10,3	8
4:03:40	29	10,3	8
4:03:50	29	10,3	8
4:04:00	29	10,3	8
4:04:10	29	10,3	8
4:04:20	29	10,3	8
4:04:30	29	10,3	8
4:04:40	29	10,3	8
4:04:50	29	10,3	8
4:05:00	29	10,3	8
4:05:10	29	10,3	8
4:05:20	29	10,3	8
4:05:30	29	10,3	8
4:05:40	29	10,3	8
4:05:50	29	10,3	8
4:06:00	29	10,3	8
4:06:10	29	10,3	8
4:06:20	29	10,3	8
4:06:30	29	10,3	8
4:06:40	29	10,3	8
4:06:50	30	10,3	8
4:07:00	30	10,3	8
4:07:10	29	10,3	8
4:07:20	29	10,3	8
4:07:30	29	10,3	8
4:07:40	29	10,3	8
4:07:50	29	10,3	8
4:08:00	30	10,3	8
4:08:10	30	10,3	8
4:08:20	30	10,3	8
4:08:30	30	10,3	8
4:08:40	30	10,3	8
4:08:50	30	10,3	8
4:09:00	30	10,3	8
4:09:10	30	10,3	8
4:09:20	30	10,3	8
4:09:30	30	10,3	8
4:09:40	30	10,3	8
4:09:50	30	10,3	8
4:10:00	30	10,3	8
4:10:10	30	10,3	8
4:10:20	30	10,3	8
4:10:30	30	10,3	8
4:10:40	30	10,3	8
4:10:50	30	10,3	8
4:11:00	30	10,3	8
4:11:10	30	10,3	8
4:11:20	30	10,3	8
4:11:30	30	10,3	8
4:11:40	30	10,3	8
4:11:50	30	10,3	8
4:12:00	30	10,3	8
4:12:10	30	10,3	8
4:12:20	30	10,3	8
4:12:30	30	10,3	8
4:12:40	30	10,3	8
4:12:50	30	10,3	8
4:13:00	30	10,2	8
4:13:10	30	10,2	8
4:13:20	30	10,3	8
4:13:30	30	10,3	8
4:13:40	30	10,3	8
4:13:50	30	10,3	8
4:14:00	30	10,3	8
4:14:10	30	10,3	8
4:14:20	30	10,3	8
4:14:30	30	10,3	8
4:14:40	30	10,3	8
4:14:50	30	10,3	8
4:15:00	30	10,3	8
4:15:10	30	10,3	8
4:15:20	30	10,3	8
4:15:30	30	10,3	8
4:15:40	30	10,3	8
4:15:50	30	10,3	8
4:16:00	30	10,3	8
4:16:10	30	10,3	8
4:16:20	30	10,3	8
4:16:30	30	10,3	8
4:16:40	30	10,3	8
4:16:50	30	10,3	8
4:17:00	30	10,3	8
4:17:10	30	10,3	8
4:17:20	30	10,2	8
4:17:30	30	10,3	8
4:17:40	30	10,3	8
4:17:50	30	10,3	8
4:18:00	30	10,3	8
4:18:10	30	10,3	8
4:18:20	30	10,3	8
4:18:30	30	10,3	8
4:18:40	30	10,2	8
4:18:50	30	10,3	8
4:19:00	30	10,2	8
4:19:10	30	10,3	8
4:19:20	30	10,3	8
4:19:30	30	10,3	8
4:19:40	30	10,3	8
4:19:50	30	10,3	8
4:20:00	30	10,3	8
4:20:10	30	10,3	8
4:20:20	30	10,2	8
4:20:30	30	10,3	8
4:20:40	30	10,3	8
4:20:50	30	10,3	8
4:21:00	30	10,3	8
4:21:10	30	10,3	8
4:21:20	30	10,2	8
4:21:30	30	10,2	8
4:21:40	30	10,2	8
4:21:50	30	10,3	8
4:22:00	30	10,3	8
4:22:10	30	10,3	8
4:22:20	30	10,3	8
4:22:30	30	10,2	8
4:22:40	30	10,2	8
4:22:50	30	10,2	8
4:23:00	30	10,2	8
4:23:10	30	10,2	8
4:23:20	30	10,2	8
4:23:30	30	10,2	8
4:23:40	30	10,2	8
4:23:50	30	10,2	8
4:24:00	30	10,2	8
4:24:10	30	10,2	8
4:24:20	30	10,2	8
4:24:30	30	10,2	8
4:24:40	30	10,2	8
4:24:50	30	10,2	8
4:25:00	30	10,2	8
4:25:10	30	10,2	8
4:25:20	30	10,2	8
4:25:30	30	10,2	8
4:25:40	30	10,2	8
4:25:50	30	10,2	8
4:26:00	30	10,2	8
4:26:10	30	10,2	8
4:26:20	30	10,2	8
4:26:30	30	10,2	8
4:26:40	30	10,2	8
4:26:50	30	10,2	8
4:27:00	30	10,2	8
4:27:10	30	10,2	8
4:27:20	30	10,2	8
4:27:30	30	10,2	8
4:27:40	30	10,2	8
4:27:50	30	10,2	8
4:28:00	30	10,2	8
4:28:10	30	10,2	8
4:28:20	30	10,2	8
4:28:30	30	10,2	8
4:28:40	30	10,2	8
4:28:50	30	10,2	8
4:29:00	30	10,2	8
4:29:10	30	10,2	8
4:29:20	30	10,2	8
4:29:30	30	10,2	8
4:29:40	30	10,2	8
4:29:50	30	10,2	8
4:30:00	30	10,2	8
4:30:10	30	10,2	8
4:30:20	30	10,2	8
4:30:30	30	10,2	8
4:30:40	30	10,2	8
4:30:50	30	10,2	8
4:31:00	30	10,2	8
4:31:10	30	10,2	8
4:31:20	30	10,2	8
4:31:30	30	10,2	8
4:31:40	30	10,2	8
4:31:50	30	10,2	8
4:32:00	30	10,2	8
4:32:10	30	10,2	8
4:32:20	30	10,2	8
4:32:30	30	10,2	8
4:32:40	30	10,2	8
4:32:50	30	10,2	8
4:33:00	30	10,2	8
4:33:10	30	10,2	9
4:33:20	30	10,2	9
4:33:30	30	10,2	9
4:33:40	30	10,2	9
4:33:50	30	10,2	9
4:34:00	30	10,2	9
4:34:10	30	10,2	9
4:34:20	30	10,2	9
4:34:30	30	10,2	9
4:34:40	30	10,2	9
4:34:50	30	10,2	9
4:35:00	30	10,2	9
4:35:10	30	10,2	9
4:35:20	30	10,2	9
4:35:30	30	10,2	9
4:35:40	30	10,2	9
4:35:50	30	10,2	9
4:36:00	30	10,2	9
4:36:10	30	10,2	9
4:36:20	30	10,2	9
4:36:30	30	10,2	9
4:36:40	30	10,2	9
4:36:50	30	10,2	9
4:37:00	30	10,2	9
4:37:10	30	10,2	9
4:37:20	30	10,2	9
4:37:30	30	10,2	9
4:37:40	30	10,2	9
4:37:50	30	10,2	9
4:38:00	30	10,2	9
4:38:10	30	10,2	9
4:38:20	30	10,2	9
4:38:30	30	10,2	9
4:38:40	30	10,2	9
4:38:50	30	10,2	9
4:39:00	30	10,2	9
4:39:10	30	10,2	9
4:39:20	30	10,2	9
4:39:30	30	10,2	9
4:39:40	30	10,2	9
4:39:50	30	10,2	9
4:40:00	30	10,2	9
4:40:10	30	10,2	9
4:40:20	30	10,2	9
4:40:30	30	10,2	9
4:40:40	30	10,2	9
4:40:50	30	10,2	9
4:41:00	30	10,2	9
4:41:10	30	10,2	9
4:41:20	30	10,2	9
4:41:30	30	10,2	9
4:41:40	30	10,2	9
4:41:50	30	10,2	9
4:42:00	30	10,2	9
4:42:10	30	10,2	9
4:42:20	30	10,2	9
4:42:30	30	10,2	9
4:42:40	30	10,2	9
4:42:50	30	10,2	9
4:43:00	30	10,2	9
4:43:10	30	10,2	9
4:43:20	30	10,2	9
4:43:30	30	10,2	9
4:43:40	30	10,2	9
4:43:50	30	10,2	9
4:44:00	30	10,2	9
4:44:10	30	10,2	9
4:44:20	30	10,2	9
4:44:30	30	10,2	9
4:44:40	30	10,1	9
4:44:50	30	10,2	9
4:45:00	30	10,2	9
4:45:10	30	10,2	9
4:45:20	30	10,2	9
4:45:30	30	10,2	9
4:45:40	30	10,2	9
4:45:50	30	10,2	9
4:46:00	30	10,2	10
4:46:10	30	10,2	10
4:46:20	30	10,2	10
4:46:30	30	10,2	10
4:46:40	30	10,1	10
4:46:50	30	10,2	10
4:47:00	30	10,2	10
4:47:10	30	10,2	10
4:47:20	30	10,2	10
4:47:30	30	10,2	10
4:47:40	30	10,1	10
4:47:50	30	10,1	10
4:48:00	30	10,1	10
4:48:10	30	10,1	10
4:48:20	30	10,1	10
4:48:30	30	10,1	10
4:48:40	30	10,1	10
4:48:50	30	10,1	10
4:49:00	30	10,1	11
4:49:10	30	10,1	11
4:49:20	30	10,1	11
4:49:30	30	10,1	11
4:49:40	30	10,1	11
4:49:50	30	10,1	11
4:50:00	30	10,1	11
4:50:10	30	10,1	11
4:50:20	30	10,1	11
4:50:30	30	10,1	11
4:50:40	30	10,1	11
4:50:50	30	10,1	11
4:51:00	30	10,1	11
4:51:10	30	10,1	11
4:51:20	30	10,1	11
4:51:30	30	10,1	11
4:51:40	30	10,1	11
4:51:50	30	10,1	11
4:52:00	30	10,1	11
4:52:10	30	10,1	11
4:52:20	30	10,1	11
4:52:30	30	10,1	11
4:52:40	30	10,1	11
4:52:50	30	10,1	11
4:53:00	30	10,1	11
4:53:10	30	10,1	11
4:53:20	30	10,1	11
4:53:30	30	10,1	11
4:53:40	30	10,1	11
4:53:50	30	10,1	11
4:54:00	30	10,1	11
4:54:10	30	10,1	11
4:54:20	30	10,1	11
4:54:30	30	10,1	11
4:54:40	30	10,1	11
4:54:50	30	10,1	11
4:55:00	30	10,1	11
4:55:10	30	10,1	11
4:55:20	30	10,1	11
4:55:30	30	10,1	11
4:55:40	30	10,1	11
4:55:50	30	10,1	11
4:56:00	30	10,1	11
4:56:10	30	10,1	11
4:56:20	30	10,1	11
4:56:30	30	10,1	11
4:56:40	30	10,1	11
4:56:50	30	10,1	11
4:57:00	30	10,1	11
4:57:10	30	10,1	11
4:57:20	30	10,1	11
4:57:30	30	10,1	11
4:57:40	30	10,1	11
4:57:50	30	10,1	11
4:58:00	30	10,1	11
4:58:10	30	10,1	11
4:58:20	30	10,1	11
4:58:30	30	10,1	11
4:58:40	30	10,1	11
4:58:50	30	10,1	11
4:59:00	30	10,1	11
4:59:10	30	10,1	11
4:59:20	30	10,1	11
4:59:30	30	10,1	11
4:59:40	30	10,1	11
4:59:50	30	10,1	11
5:00:00	30	10,1	11
5:00:10	30	10,1	11
5:00:20	30	10,1	11
5:00:30	30	10,1	11
5:00:40	30	10,1	11
5:00:50	30	10,1	11
5:01:00	30	10,1	11
5:01:10	30	10,1	11
5:01:20	30	10,1	11
5:01:30	30	10,1	11
5:01:40	30	10,1	11
5:01:50	30	10,1	11
5:02:00	30	10,1	11
5:02:10	30	10,1	11
5:02:20	30	10,1	11
5:02:30	30	10,1	11
5:02:40	30	10,1	11
5:02:50	30	10,1	11
5:03:00	30	10,1	11
5:03:10	30	10,1	11
5:03:20	30	10,1	11
5:03:30	30	10,1	11
5:03:40	30	10,1	12
5:03:50	30	10,1	12
5:04:00	30	10,1	12
5:04:10	30	10,1	12
5:04:20	30	10,1	12
5:04:30	30	10,1	12
5:04:40	30	10,1	12
5:04:50	30	10,1	12
5:05:00	30	10,1	12
5:05:10	30	10,1	12
5:05:20	30	10,1	12
5:05:30	30	10,1	11
5:05:40	30	10,1	12
5:05:50	30	10,1	12
5:06:00	30	10,1	12
5:06:10	30	10,1	12
5:06:20	30	10,1	12
5:06:30	30	10,1	12
5:06:40	30	10,1	12
5:06:50	30	10,1	12
5:07:00	30	10,1	12
5:07:10	30	10,1	12
5:07:20	30	10,1	12
5:07:30	30	10,1	12
5:07:40	30	10,1	12
5:07:50	30	10,1	12
5:08:00	30	10,1	12
5:08:10	31	10,1	12
5:08:20	30	10,0	12
5:08:30	30	10,0	12
5:08:40	30	10,0	12
5:08:50	30	10,0	12
5:09:00	30	10,0	12
5:09:10	30	10,0	12
5:09:20	30	10,0	12
5:09:30	30	10,0	12
5:09:40	30	10,0	12
5:09:50	30	10,0	12
5:10:00	30	10,0	12
5:10:10	30	10,0	12
5:10:20	30	10,0	12
5:10:30	30	10,0	12
5:10:40	30	10,0	12
5:10:50	30	10,0	12
5:11:00	30	10,0	12
5:11:10	30	10,0	12
5:11:20	30	10,0	12
5:11:30	31	10,0	12
5:11:40	31	10,0	12
5:11:50	31	10,0	12
5:12:00	31	10,0	12
5:12:10	31	10,0	12
5:12:20	31	10,0	12
5:12:30	31	10,0	12
5:12:40	31	10,0	12
5:12:50	31	10,0	12
5:13:00	31	10,0	12
5:13:10	31	10,0	12
5:13:20	31	10,0	12
5:13:30	31	10,0	12
5:13:40	31	10,0	12
5:13:50	31	10,0	12
5:14:00	31	10,0	12
5:14:10	31	10,0	12
5:14:20	31	10,0	12
5:14:30	31	10,0	12
5:14:40	31	10,0	12
5:14:50	31	10,0	12
5:15:00	31	10,0	12
5:15:10	31	10,0	12
5:15:20	31	10,0	12
5:15:30	31	10,0	12
5:15:40	31	10,0	12
5:15:50	31	10,0	12
5:16:00	31	10,0	12
5:16:10	31	10,0	12
5:16:20	31	10,0	12
5:16:30	31	10,0	12
5:16:40	31	10,0	12
5:16:50	31	10,0	12
5:17:00	31	10,0	12
5:17:10	31	10,0	12
5:17:20	31	10,0	12
5:17:30	31	10,0	12
5:17:40	31	10,0	12
5:17:50	30	10,0	12
5:18:00	30	10,0	12
5:18:10	31	10,0	12
5:18:20	30	10,0	12
5:18:30	31	10,0	12
5:18:40	31	10,0	12
5:18:50	31	10,0	12
5:19:00	30	10,0	12
5:19:10	31	10,0	12
5:19:20	30	10,0	12
5:19:30	31	10,0	12
5:19:40	31	10,0	13
5:19:50	31	10,0	13
5:20:00	31	10,0	13
5:20:10	31	10,0	13
5:20:20	31	10,0	13
5:20:30	31	10,0	13
5:20:40	31	10,0	13
5:20:50	31	10,0	13
5:21:00	31	10,0	13
5:21:10	31	10,0	13
5:21:20	31	10,0	13
5:21:30	31	10,0	13
5:21:40	31	10,0	13
5:21:50	31	10,0	13
5:22:00	31	10,0	13
5:22:10	31	10,0	13
5:22:20	31	10,0	13
5:22:30	31	10,0	13
5:22:40	31	10,0	13
5:22:50	31	10,0	13
5:23:00	31	10,0	13
5:23:10	31	10,0	13
5:23:20	31	10,0	13
5:23:30	31	10,0	13
5:23:40	31	10,0	14
5:23:50	31	10,0	14
5:24:00	31	10,0	14
5:24:10	31	10,0	14
5:24:20	31	10,0	14
5:24:30	31	10,0	14
5:24:40	31	10,0	14
5:24:50	31	9,9	14
5:25:00	31	9,9	14
5:25:10	31	9,9	14
5:25:20	31	10,0	14
5:25:30	31	10,0	14
5:25:40	31	10,0	14
5:25:50	31	10,0	14
5:26:00	31	10,0	14
5:26:10	31	10,0	14
5:26:20	31	9,9	14
5:26:30	31	9,9	14
5:26:40	31	9,9	14
5:26:50	31	10,0	14
5:27:00	31	10,0	14
5:27:10	31	10,0	14
5:27:20	31	10,0	14
5:27:30	31	9,9	14
5:27:40	31	9,9	14
5:27:50	31	9,9	14
5:28:00	31	9,9	14
5:28:10	31	9,9	14
5:28:20	31	9,9	14
5:28:30	31	9,9	14
5:28:40	31	9,9	14
5:28:50	31	9,9	14
5:29:00	31	9,9	14
5:29:10	31	9,9	14
5:29:20	31	9,9	14
5:29:30	31	9,9	14
5:29:40	31	9,9	14
5:29:50	31	9,9	14
5:30:00	31	9,9	14
5:30:10	31	9,9	14
5:30:20	31	9,9	14
5:30:30	31	9,9	14
5:30:40	31	9,9	14
5:30:50	31	9,9	14
5:31:00	31	9,9	14
5:31:10	31	9,9	15
5:31:20	31	9,9	15
5:31:30	31	9,9	15
5:31:40	31	9,9	15
5:31:50	31	9,9	15
5:32:00	31	9,9	15
5:32:10	31	9,9	15
5:32:20	31	9,9	15
5:32:30	31	9,9	15
5:32:40	31	9,9	15
5:32:50	31	9,9	15
5:33:00	31	9,9	15
5:33:10	31	9,9	15
5:33:20	31	9,9	15
5:33:30	31	9,9	15
5:33:40	31	9,9	15
5:33:50	31	9,9	15
5:34:00	31	9,9	15
5:34:10	31	9,9	15
5:34:20	31	9,9	15
5:34:30	31	9,9	15
5:34:40	31	9,9	15
5:34:50	31	9,9	15
5:35:00	31	9,9	15
5:35:10	31	9,9	15
5:35:20	31	9,9	15
5:35:30	31	9,9	14
5:35:40	31	9,9	14
5:35:50	31	9,9	14
5:36:00	31	9,9	14
5:36:10	31	9,9	14
5:36:20	31	9,9	14
5:36:30	31	9,9	14
5:36:40	31	9,9	14
5:36:50	31	9,9	14
5:37:00	31	9,9	14
5:37:10	31	9,9	14
5:37:20	31	9,9	14
5:37:30	31	9,9	14
5:37:40	31	9,9	14
5:37:50	31	9,9	14
5:38:00	31	9,9	14
5:38:10	31	9,9	14
5:38:20	31	9,9	14
5:38:30	31	9,9	14
5:38:40	31	9,9	15
5:38:50	31	9,9	15
5:39:00	31	9,9	15
5:39:10	31	9,9	15
5:39:20	31	9,9	15
5:39:30	31	9,9	15
5:39:40	31	9,9	15
5:39:50	31	9,9	15
5:40:00	31	9,9	15
5:40:10	31	9,9	15
5:40:20	31	9,9	15
5:40:30	31	9,9	15
5:40:40	31	9,9	15
5:40:50	31	9,9	15
5:41:00	31	9,9	15
5:41:10	31	9,9	15
5:41:20	31	9,9	15
5:41:30	31	9,9	15
5:41:40	31	9,9	15
5:41:50	31	9,9	15
5:42:00	31	9,9	15
5:42:10	31	9,9	15
5:42:20	31	9,9	15
5:42:30	31	9,9	15
5:42:40	31	9,9	15
5:42:50	31	9,9	15
5:43:00	31	9,9	15
5:43:10	31	9,9	15
5:43:20	31	9,9	15
5:43:30	31	9,9	15
5:43:40	31	9,9	15
5:43:50	31	9,9	15
5:44:00	31	9,9	15
5:44:10	31	9,9	15
5:44:20	31	9,9	15
5:44:30	31	9,8	15
5:44:40	31	9,9	15
5:44:50	31	9,8	15
5:45:00	31	9,8	15
5:45:10	31	9,8	15
5:45:20	31	9,9	15
5:45:30	31	9,8	15
5:45:40	31	9,9	16
5:45:50	31	9,8	16
5:46:00	31	9,8	16
5:46:10	31	9,9	16
5:46:20	31	9,8	16
5:46:30	31	9,8	16
5:46:40	31	9,8	16
5:46:50	31	9,8	16
5:47:00	31	9,8	16
5:47:10	31	9,8	16
5:47:20	31	9,8	16
5:47:30	31	9,8	17
5:47:40	31	9,8	17
5:47:50	31	9,8	17
5:48:00	31	9,8	17
5:48:10	31	9,8	17
5:48:20	31	9,8	17
5:48:30	31	9,8	17
5:48:40	31	9,8	17
5:48:50	31	9,8	17
5:49:00	31	9,8	17
5:49:10	31	9,8	17
5:49:20	31	10,3	17
5:49:30	31	10,3	17
5:49:40	31	10,3	17
5:49:50	31	10,3	17
5:50:00	31	10,3	17
5:50:10	31	10,3	17
5:50:20	31	10,3	17
5:50:30	31	10,3	17
5:50:40	31	10,3	17
5:50:50	31	10,3	17
5:51:00	31	10,3	17
5:51:10	31	10,3	17
5:51:20	31	10,3	17
5:51:30	31	10,3	17
5:51:40	31	10,3	17
5:51:50	31	10,3	17
5:52:00	31	10,3	17
5:52:10	31	10,3	17
5:52:20	31	10,3	17
5:52:30	31	10,3	17
5:52:40	31	10,3	17
5:52:50	31	10,3	17
5:53:00	31	10,3	17
5:53:10	31	10,3	17
5:53:20	31	10,3	17
5:53:30	31	10,3	17
5:53:40	31	10,3	18
5:53:50	31	10,3	18
5:54:00	31	10,3	18
5:54:10	31	10,3	18
5:54:20	31	10,3	18
5:54:30	31	10,3	18
5:54:40	31	10,3	18
5:54:50	31	10,3	18
5:55:00	31	10,2	18
5:55:10	31	10,2	18
5:55:20	31	10,2	18
5:55:30	31	10,2	18
5:55:40	31	10,2	18
5:55:50	31	10,2	18
5:56:00	31	10,2	18
5:56:10	31	10,2	18
5:56:20	31	10,2	18
5:56:30	31	10,2	18
5:56:40	31	10,2	18
5:56:50	31	10,2	18
5:57:00	31	10,2	18
5:57:10	31	10,2	18
5:57:20	31	10,2	18
5:57:30	31	10,2	18
5:57:40	31	10,2	18
5:57:50	31	10,2	18
5:58:00	31	10,2	18
5:58:10	31	10,2	18
5:58:20	31	10,2	18
5:58:30	31	10,2	18
5:58:40	31	10,2	18
5:58:50	31	10,2	18
5:59:00	31	10,2	18
5:59:10	31	10,2	18
5:59:20	31	10,2	18
5:59:30	31	10,2	18
5:59:40	31	10,2	18
5:59:50	31	10,2	18
6:00:00	31	10,2	18
6:00:10	31	10,2	18
6:00:20	31	10,2	18
6:00:30	31	10,2	18
6:00:40	31	10,2	18
6:00:50	31	10,2	18
6:01:00	31	10,2	18
6:01:10	31	10,2	18
6:01:20	31	10,2	19
6:01:30	31	10,2	19
6:01:40	31	10,2	19
6:01:50	31	10,2	19
6:02:00	31	10,2	19
6:02:10	31	10,2	19
6:02:20	31	10,2	19
6:02:30	31	10,2	19
6:02:40	31	10,2	18
6:02:50	31	10,2	18
6:03:00	31	10,2	18
6:03:10	31	10,2	18
6:03:20	31	10,2	19
6:03:30	31	10,2	18
6:03:40	31	10,2	19
6:03:50	31	10,2	19
6:04:00	31	10,2	19
6:04:10	31	10,2	18
6:04:20	31	10,2	18
6:04:30	31	10,2	19
6:04:40	31	10,2	19
6:04:50	31	10,2	19
6:05:00	31	10,2	19
6:05:10	31	10,2	19
6:05:20	31	10,2	19
6:05:30	31	10,2	19
6:05:40	31	10,2	19
6:05:50	31	10,2	19
6:06:00	31	10,2	19
6:06:10	31	10,2	19
6:06:20	31	10,2	19
6:06:30	31	10,2	19
6:06:40	31	10,2	19
6:06:50	31	10,2	19
6:07:00	31	10,2	19
6:07:10	31	10,2	19
6:07:20	31	10,1	19
6:07:30	31	10,1	19
6:07:40	31	10,1	19
6:07:50	31	10,1	19
6:08:00	31	10,1	19
6:08:10	31	10,1	19
6:08:20	31	10,1	19
6:08:30	31	10,1	19
6:08:40	31	10,1	19
6:08:50	31	10,1	19
6:09:00	31	10,1	19
6:09:10	31	10,1	19
6:09:20	31	10,1	19
6:09:30	31	10,1	19
6:09:40	31	10,1	19
6:09:50	31	10,1	19
6:10:00	31	10,1	19
6:10:10	31	10,1	19
6:10:20	31	10,1	19
6:10:30	31	10,1	19
6:10:40	31	10,1	19
6:10:50	31	10,1	19
6:11:00	31	10,1	19
6:11:10	31	10,1	19
6:11:20	31	10,1	19
6:11:30	31	10,1	19
6:11:40	31	10,1	19
6:11:50	31	10,1	19
6:12:00	31	10,1	19
6:12:10	31	10,1	19
6:12:20	31	10,1	19
6:12:30	31	10,1	19
6:12:40	31	10,1	19
6:12:50	31	10,1	19
6:13:00	31	10,1	19
6:13:10	31	10,2	9
6:13:20	31	10,2	9
6:13:30	31	10,2	9
6:13:40	31	10,2	9
6:13:50	31	10,2	9
6:14:00	31	10,2	9
6:14:10	31	10,2	9
6:14:20	31	10,2	9
6:14:30	31	10,2	9
6:14:40	31	10,2	9
6:14:50	31	10,2	9
6:15:00	31	10,2	9
6:15:10	31	10,2	9
6:15:20	31	10,2	9
6:15:30	31	10,2	9
6:15:40	31	10,2	9
6:15:50	31	10,2	9
6:16:00	31	10,2	9
6:16:10	31	10,2	9
6:16:20	31	10,2	9
6:16:30	31	10,2	9
6:16:40	31	10,2	9
6:16:50	31	10,2	9
6:17:00	31	10,2	9
6:17:10	31	10,2	9
6:17:20	31	10,2	9
6:17:30	31	10,2	9
6:17:40	31	10,2	9
6:17:50	31	10,2	9
6:18:00	31	10,2	9
6:18:10	31	10,2	9
6:18:20	31	10,2	9
6:18:30	31	10,2	9
6:18:40	31	10,2	9
6:18:50	31	10,2	9
6:19:00	31	10,2	9
6:19:10	31	10,2	9
6:19:20	31	10,1	9
6:19:30	31	10,1	9
6:19:40	31	10,1	9
6:19:50	31	10,1	9
6:20:00	31	10,1	9
6:20:10	31	10,1	9
6:20:20	31	10,1	9
6:20:30	31	10,1	9
6:20:40	31	10,1	9
6:20:50	31	10,1	9
6:21:00	31	10,1	9
6:21:10	31	10,1	9
6:21:20	31	10,1	9
6:21:30	31	10,1	9
6:21:40	31	10,1	9
6:21:50	31	10,1	9
6:22:00	31	10,1	9
6:22:10	31	9,9	56
6:22:20	31	9,9	47
6:22:30	31	10,0	45
6:22:40	31	10,0	45
6:22:50	31	9,9	43
6:23:00	31	9,9	42
6:23:10	31	10,0	42
6:23:20	31	10,0	41
6:23:30	31	10,0	39
6:23:40	31	10,0	38
6:23:50	31	10,0	38
6:24:00	31	9,9	37
6:24:10	31	9,9	37
6:24:20	31	9,9	37
6:24:30	31	9,9	36
6:24:40	31	9,9	36
6:24:50	31	10,0	36
6:25:00	31	9,9	36
6:25:10	31	9,9	36
6:25:20	31	9,9	36
6:25:30	31	9,9	35
6:25:40	31	9,9	35
6:25:50	31	9,9	35
6:26:00	31	9,9	35
6:26:10	31	9,9	34
6:26:20	31	9,9	34
6:26:30	31	9,9	34
6:26:40	31	9,9	34
6:26:50	31	9,9	34
6:27:00	31	9,9	34
6:27:10	31	9,9	34
6:27:20	31	9,9	34
6:27:30	31	9,9	34
6:27:40	31	9,9	34
6:27:50	31	9,9	34
6:28:00	31	9,9	34
6:28:10	31	10,1	12
6:28:20	31	10,1	12
6:28:30	31	10,1	12
6:28:40	31	10,1	12
6:28:50	31	10,1	12
6:29:00	31	10,1	12
6:29:10	31	10,1	12
6:29:20	31	10,1	12
6:29:30	31	10,0	12
6:29:40	31	10,0	12
6:29:50	31	10,0	12
6:30:00	31	10,0	12
6:30:10	31	10,0	12
6:30:20	31	10,0	12
6:30:30	31	10,0	12
6:30:40	31	10,0	12
6:30:50	31	10,0	12
6:31:00	31	10,0	12
6:31:10	31	10,0	12
6:31:20	31	10,0	12
6:31:30	31	10,0	12
6:31:40	31	10,0	12
6:31:50	31	10,0	12
6:32:00	31	10,0	12
6:32:10	31	10,0	12
6:32:20	31	10,0	12
6:32:30	31	10,0	12
6:32:40	31	10,0	12
6:32:50	31	10,0	12
6:33:00	31	10,0	12
6:33:10	31	10,0	12
6:33:20	31	10,0	12
6:33:30	31	10,0	12
6:33:40	31	10,0	12
6:33:50	31	10,0	12
6:34:00	31	10,0	12
6:34:10	31	10,0	12
6:34:20	31	10,0	12
6:34:30	31	10,0	12
6:34:40	31	10,0	12
6:34:50	31	10,0	12
6:35:00	31	10,0	12
6:35:10	31	10,0	12
6:35:20	31	10,0	12
6:35:30	31	10,0	12
6:35:40	31	10,0	12
6:35:50	31	10,0	12
6:36:00	31	9,9	12
6:36:10	31	10,0	12
6:36:20	31	9,9	12
6:36:30	32	9,9	12
6:36:40	32	9,9	12
6:36:50	32	9,9	12
6:37:00	32	9,9	12
6:37:10	32	10,3	61
6:37:20	32	10,3	59
6:37:30	32	10,3	48
6:37:40	32	10,3	43
6:37:50	32	10,3	42
6:38:00	31	10,3	40
6:38:10	31	10,3	39
