--Test Summary--
Full Path and File Name	
Instrument Name	SGSA/UCA
Instrument Type	Model 5265 SGSA/UCA
Instrument Serial Number	
Test Start Date	03.06.2020
Test Start Time	14:25:34
Test Stop Date	03.06.2020
Test Stop Time	17:06:16
Test Length	2:40:42
Final Sample Time Offset	2:40:30
Controller Schedule Name	
Sampling Period	30 seconds
Comments	120 ÏËÌ ÍÓÌ‰Ëˆ ‚ 7322
Information	WellID	
Information	Customer	
Information	EngName	
Information	CementClass	G
Information	CementMfr	—ÛıÓÈ ÀÓ„
Information	Additives	100G+5DART+0.5CFL-450+0.1CD-301
Information	Density	1900
Information	BHCT	
Information	BHST	
Information	FluidLoss	
Information	JobType	
Calculated Value	CS_50	N/A
Calculated Value	CS_500	N/A
Calculated Value	SGS_Initial	1:30:30
Calculated Value	SGS_Final	1:54:00
Calculated Value	CS_Time8h	N/A
Calculated Value	CS_Time12h	N/A
Calculated Value	Time_SGS_100lb/100ft2	0:31:00
Calculated Value	Time_SGS_500lb/100ft2	1:47:00
Calculated Value	CS_Time24h	N/A
Calculated Value	CS_Time48h	N/A
Calculated Curve	Compressive Strength	Compressive strength type B (more than 14 lb/gal)
Calculated Curve	Static Gel Strength	Static gel strength
Initial Temperature (∞C)	22 ∞C
Final Temperature (∞C)	50 ∞C
Initial Pressure (psi)	3974 psi
Final Pressure (psi)	3510 psi
Initial Transit Time (microsec/in)	ERROR
Final Transit Time (microsec/in)	15,23 microsec/in
Initial Gel Value	5827
Final Gel Value	7431
Initial Compressive Strength (MPa)	N/A
Final Compressive Strength (MPa)	0,24 MPa
Initial Static Gel Strength (lb/100ft2)	75,0 lb/100ft2
Final Static Gel Strength (lb/100ft2)	ERROR
--Data--
Time (HH:MM:SS)	Temperature (∞C)	Pressure (psi)	Transit Time (microsec/in)	Gel Value	Compressive Strength (MPa)	Static Gel Strength (lb/100ft2)
0:00:00	22	3974		5827		75,0
0:00:30	22	3903	15,91	5830	0,00	75,4
0:01:00	22	3843	15,92	5833	0,00	75,8
0:01:30	22	3794	15,93	5837	0,00	76,2
0:02:00	23	3761	15,95	5829	0,00	76,7
0:02:30	24	3748	15,96	5833	0,00	77,1
0:03:00	25	3750	15,97	5834	0,00	77,5
0:03:30	25	3757	15,98	5840	0,00	77,9
0:04:00	26	3764	15,99	5836	0,00	78,3
0:04:30	26	3770	15,99	5840	0,00	78,7
0:05:00	26	3772	15,99	5843	0,00	79,1
0:05:30	27	3776	15,99	5843	0,00	79,6
0:06:00	28	3783	15,99	5848	0,00	80,0
0:06:30	28	3796	15,99	5850	0,00	80,4
0:07:00	29	3817	16,00	5848	0,00	80,8
0:07:30	30	3844	15,99	5848	0,00	81,2
0:08:00	31	3874	15,99	5853	0,00	81,6
0:08:30	31	3904	15,99	5855	0,00	82,0
0:09:00	32	3933	15,98	5854	0,00	82,5
0:09:30	32	3961	15,97	5860	0,00	82,9
0:10:00	33	3993	15,96	5859	0,00	83,3
0:10:30	34	4032	15,95	5863	0,00	83,7
0:11:00	35	4073	15,94	5865	0,00	84,1
0:11:30	35	4112	15,93	5865	0,00	84,5
0:12:00	36	4147	15,92	5869	0,00	84,9
0:12:30	36	4177	15,91	5876	0,00	85,4
0:13:00	36	4204	15,90	5881	0,00	85,8
0:13:30	37	4226	15,89	5878	0,01	86,2
0:14:00	37	4246	15,88	5884	0,01	86,6
0:14:30	37	4266	15,87	5890	0,01	87,0
0:15:00	38	4286	15,86	5888	0,01	87,4
0:15:30	38	4305	15,85	5891	0,02	87,8
0:16:00	38	4324	15,84	5889	0,02	88,3
0:16:30	38	4339	15,83	5889	0,02	88,7
0:17:00	39	4354	15,82	5890	0,03	89,1
0:17:30	39	4368	15,82	5896	0,03	89,5
0:18:00	39	4381	15,81	5895	0,03	89,9
0:18:30	39	4392	15,80	5896	0,03	90,3
0:19:00	39	4404	15,80	5901	0,04	90,7
0:19:30	39	4417	15,79	5898	0,04	91,2
0:20:00	40	4429	15,79	5900	0,04	91,6
0:20:30	40	4441	15,78	5901	0,04	92,0
0:21:00	40	4451	15,77	5900	0,05	92,4
0:21:30	40	4459	15,76	5905	0,05	92,8
0:22:00	40	4465	15,75	5904	0,05	93,2
0:22:30	40	4471	15,75	5908	0,05	93,6
0:23:00	41	4474	15,74	5906	0,05	94,1
0:23:30	41	4476	15,74	5910	0,06	94,5
0:24:00	41	4478	15,73	5912	0,06	94,9
0:24:30	41	4477	15,73	5911	0,06	95,3
0:25:00	41	4478	15,73	5912	0,06	95,7
0:25:30	41	4478	15,73	5907	0,06	96,1
0:26:00	41	4481	15,73	5909	0,06	96,5
0:26:30	41	4483	15,72	5912	0,06	97,0
0:27:00	41	4486	15,72	5912	0,06	97,4
0:27:30	41	4488	15,71	5911	0,06	97,8
0:28:00	41	4488	15,71	5911	0,06	98,2
0:28:30	41	4487	15,71	5911	0,06	98,6
0:29:00	41	4485	15,71	5911	0,06	99,0
0:29:30	41	4482	15,71	5909	0,06	99,4
0:30:00	41	4479	15,71	5914	0,06	99,9
0:30:30	41	4475	15,71	5908	0,06	100,3
0:31:00	42	4472	15,71	5909	0,06	100,7
0:31:30	42	4470	15,71	5911	0,07	101,1
0:32:00	42	4468	15,71	5905	0,07	101,5
0:32:30	42	4465	15,71	5910	0,07	101,9
0:33:00	42	4462	15,71	5903	0,07	102,3
0:33:30	42	4459	15,71	5912	0,07	102,8
0:34:00	42	4454	15,70	5907	0,07	103,2
0:34:30	42	4449	15,71	5905	0,07	103,6
0:35:00	42	4444	15,71	5912	0,07	104,0
0:35:30	42	4438	15,70	5903	0,07	104,4
0:36:00	42	4433	15,70	5908	0,07	104,8
0:36:30	42	4427	15,70	5912	0,07	105,2
0:37:00	42	4422	15,71	5908	0,07	105,7
0:37:30	42	4417	15,71	5901	0,07	106,1
0:38:00	42	4413	15,71	5907	0,07	106,5
0:38:30	42	4408	15,70	5902	0,07	106,9
0:39:00	42	4403	15,71	5905	0,07	107,3
0:39:30	42	4398	15,71	5899	0,07	107,7
0:40:00	42	4392	15,71	5901	0,07	108,1
0:40:30	42	4386	15,71	5900	0,07	108,6
0:41:00	42	4380	15,71	5894	0,07	109,0
0:41:30	42	4374	15,71	5898	0,07	109,4
0:42:00	42	4368	15,71	5895	0,07	109,8
0:42:30	42	4365	15,71	5893	0,07	110,2
0:43:00	43	4362	15,71	5895	0,07	110,6
0:43:30	43	4360	15,71	5890	0,07	111,0
0:44:00	43	4358	15,71	5890	0,07	111,5
0:44:30	43	4354	15,71	5889	0,07	111,9
0:45:00	43	4350	15,70	5886	0,07	112,3
0:45:30	43	4344	15,71	5883	0,07	112,7
0:46:00	43	4338	15,71	5884	0,06	113,1
0:46:30	43	4331	15,71	5880	0,06	113,5
0:47:00	43	4323	15,71	5882	0,06	114,0
0:47:30	43	4315	15,71	5880	0,06	114,4
0:48:00	43	4307	15,71	5872	0,06	114,8
0:48:30	43	4297	15,71	5871	0,06	115,2
0:49:00	43	4287	15,72	5868	0,06	115,6
0:49:30	43	4279	15,72	5868	0,06	116,0
0:50:00	43	4272	15,72	5857	0,06	116,4
0:50:30	43	4267	15,72	5860	0,06	116,9
0:51:00	43	4262	15,72	5850	0,06	117,3
0:51:30	43	4257	15,72	5850	0,06	117,7
0:52:00	43	4251	15,72	5845	0,06	118,1
0:52:30	43	4244	15,73	5838	0,06	118,5
0:53:00	43	4237	15,73	5840	0,06	118,9
0:53:30	43	4228	15,73	5837	0,06	119,3
0:54:00	43	4220	15,73	5829	0,06	119,8
0:54:30	43	4212	15,73	5825	0,06	120,2
0:55:00	43	4204	15,73	5822	0,06	120,6
0:55:30	43	4198	15,73	5811	0,06	121,0
0:56:00	43	4192	15,74	5807	0,06	121,4
0:56:30	43	4186	15,74	5805	0,05	121,8
0:57:00	43	4179	15,74	5797	0,05	122,2
0:57:30	43	4173	15,74	5785	0,05	122,7
0:58:00	43	4167	15,75	5779	0,05	123,1
0:58:30	43	4160	15,75	5776	0,05	123,5
0:59:00	43	4153	15,75	5771	0,05	123,9
0:59:30	43	4145	15,75	5765	0,05	124,3
1:00:00	43	4139	15,76	5756	0,05	124,7
1:00:30	43	4132	15,76	5747	0,05	125,1
1:01:00	43	4125	15,76	5738	0,05	125,6
1:01:30	43	4119	15,77	5730	0,04	126,0
1:02:00	43	4112	15,77	5721	0,04	126,4
1:02:30	44	4105	15,77	5707	0,04	126,8
1:03:00	44	4098	15,77	5702	0,04	127,2
1:03:30	44	4092	15,78	5692	0,04	127,6
1:04:00	44	4086	15,79	5677	0,04	128,0
1:04:30	44	4079	15,79	5667	0,04	128,5
1:05:00	44	4073	15,79	5655	0,04	128,9
1:05:30	44	4066	15,79	5640	0,04	129,3
1:06:00	44	4058	15,80	5632	0,04	129,7
1:06:30	44	4052	15,80	5617	0,04	130,1
1:07:00	44	4045	15,80	5597	0,03	130,5
1:07:30	44	4039	15,80	5589	0,03	130,9
1:08:00	44	4032	15,81	5572	0,03	131,4
1:08:30	44	4025	15,81	5559	0,03	131,8
1:09:00	44	4018	15,82	5549	0,03	132,2
1:09:30	44	4011	15,82	5524	0,03	132,6
1:10:00	44	4004	15,82	5512	0,03	133,0
1:10:30	44	3998	15,83	5495	0,03	133,4
1:11:00	44	3991	15,83	5481	0,02	133,8
1:11:30	44	3984	15,84	5455	0,02	134,3
1:12:00	44	3977	15,85	5444	0,02	134,7
1:12:30	44	3970	15,85	5422	0,02	135,1
1:13:00	44	3964	15,86	5408	0,02	135,5
1:13:30	44	3957	15,86	5388	0,01	135,9
1:14:00	44	3949	15,87	5362	0,01	136,3
1:14:30	44	3942	15,87	5341	0,01	136,7
1:15:00	44	3935	15,88	5323	0,01	137,2
1:15:30	44	3928	15,89	5303	0,01	137,6
1:16:00	44	3921	15,89	5280	0,01	138,0
1:16:30	44	3914	15,89	5260	0,00	138,4
1:17:00	44	3907	15,90	5235	0,00	138,8
1:17:30	45	3901	15,90	5212	0,00	139,2
1:18:00	45	3894	15,91	5189	0,00	139,6
1:18:30	45	3887	15,92	5170	0,00	140,1
1:19:00	45	3879	15,93	5145	0,00	140,5
1:19:30	45	3871	15,93	5124	0,00	140,9
1:20:00	45	3863	15,94	5101	0,00	141,3
1:20:30	45	3855	15,94	5088	0,00	141,7
1:21:00	45	3848	15,95	5061	0,00	142,1
1:21:30	45	3841	15,96	5042	0,00	142,5
1:22:00	45	3834	15,97	5010	0,00	143,0
1:22:30	45	3827	15,97	4990	0,00	143,4
1:23:00	45	3820	15,98	4959	0,00	143,8
1:23:30	45	3812	15,99	4941	0,00	144,2
1:24:00	45	3804	16,00	4910	0,00	144,6
1:24:30	45	3796	16,00	4892	0,00	145,0
1:25:00	45	3788	16,01	4872	0,00	145,4
1:25:30	45	3780	16,02	4837	0,00	145,9
1:26:00	45	3773	16,03	4812	0,00	146,3
1:26:30	45	3766	16,03	4795	0,00	146,7
1:27:00	45	3759	16,04	4770	0,00	147,1
1:27:30	45	3751	16,05	4760	0,00	147,5
1:28:00	45	3744	16,06	4737	0,00	147,9
1:28:30	45	3735	16,07	4731	0,00	148,3
1:29:00	45	3726	16,08	4701	0,00	148,8
1:29:30	45	3717	16,09	4689	0,00	149,2
1:30:00	45	3709	16,10	4677	0,00	149,6
1:30:30	45	3701	16,11	4669	0,00	150,0
1:31:00	45	3693	16,12	4662	0,00	148,7
1:31:30	45	3686	16,13	4654	0,00	147,5
1:32:00	45	3679	16,14	4653	0,00	147,3
1:32:30	45	3671	16,15	4657	0,00	148,1
1:33:00	46	3663	16,16	4648	0,00	146,5
1:33:30	46	3655	16,17	4643	0,00	145,8
1:34:00	46	3646	16,18	4671	0,00	150,3
1:34:30	46	3637	16,19	4684	0,00	152,4
1:35:00	46	3628	16,20	4680	0,00	151,8
1:35:30	46	3619	16,21	4701	0,00	155,2
1:36:00	46	3610	16,22	4720	0,00	158,4
1:36:30	46	3602	16,23	4733	0,00	160,7
1:37:00	46	3594	16,25	4768	0,00	166,6
1:37:30	46	3586	16,25	4803	0,00	172,9
1:38:00	46	3577	16,27	4835	0,00	178,7
1:38:30	46	3568	16,27	4876	0,00	186,5
1:39:00	46	3558	16,28	4915	0,00	194,1
1:39:30	46	3549	16,30	4969	0,00	204,9
1:40:00	46	3539	16,31	5019	0,00	215,4
1:40:30	46	3530	16,32	5080	0,00	228,7
1:41:00	46	3522	16,33	5139	0,00	242,1
1:41:30	46	3514	16,33	5203	0,00	257,4
1:42:00	46	3504	16,34	5267	0,00	273,6
1:42:30	46	3495	16,34	5309	0,00	284,5
1:43:00	46	3486	16,35	5379	0,00	303,8
1:43:30	46	3476	16,36	5451	0,00	324,5
1:44:00	46	3466	16,37	5531	0,00	348,8
1:44:30	46	3456	16,38	5613	0,00	375,8
1:45:00	46	3446	16,38	5698	0,00	405,2
1:45:30	46	3436	16,39	5782	0,00	436,4
1:46:00	46	3426	16,40	5870	0,00	471,2
1:46:30	46	3417	16,41	5957	0,00	508,1
1:47:00	46	3408	16,41	6040	0,00	545,6
1:47:30	46	3398	16,42	6125	0,00	586,3
1:48:00	46	3389	16,43	6212	0,00	631,2
1:48:30	47	3379	16,43	6297	0,00	677,9
1:49:00	46	3368	16,44	6381	0,00	727,4
1:49:30	47	3358	16,44	6460	0,00	776,6
1:50:00	47	3347	16,45	6539	0,00	829,0
1:50:30	47	3336	16,45	6615	0,00	882,2
1:51:00	47	3325	16,46	6689	0,00	937,9
1:51:30	47	3314	16,46	6760	0,00	993,5
1:52:00	47	3304	16,46	6830	0,00	1052,0
1:52:30	47	3294	16,46	6896	0,00	1110,0
1:53:00	47	3283	16,47	6956	0,00	1165,2
1:53:30	47	3272	16,47	7012	0,00	1219,0
1:54:00	47	3261	16,47	7068	0,00	1275,0
1:54:30	47	3250	16,47	7126	0,00	
1:55:00	47	3238	16,48	7177	0,00	
1:55:30	47	3227	16,48	7221	0,00	
1:56:00	47	3215	16,48	7265	0,00	
1:56:30	47	3204	16,48	7308	0,00	
1:57:00	47	3193	16,48	7351	0,00	
1:57:30	47	3180	16,48	7387	0,00	
1:58:00	47	3170	16,48	7423	0,00	
1:58:30	47	3158	16,48	7453	0,00	
1:59:00	47	3147	16,48	7482	0,00	
1:59:30	47	3134	16,48	7511	0,00	
2:00:00	47	3122	16,48	7538	0,00	
2:00:30	47	3109	16,48	7562	0,00	
2:01:00	47	3096	16,48	7583	0,00	
2:01:30	47	3084	16,48	7604	0,00	
2:02:00	47	3071	16,48	7621	0,00	
2:02:30	47	3059	16,47	7640	0,00	
2:03:00	47	3047	16,47	7658	0,00	
2:03:30	47	3035	16,47	7670	0,00	
2:04:00	47	3023	16,46	7683	0,00	
2:04:30	47	3009	16,46	7697	0,00	
2:05:00	47	2996	16,46	7705	0,00	
2:05:30	48	2983	16,45	7712	0,00	
2:06:00	48	2970	16,45	7724	0,00	
2:06:30	48	2957	16,44	7731	0,00	
2:07:00	48	2944	16,44	7740	0,00	
2:07:30	48	2930	16,43	7748	0,00	
2:08:00	48	2917	16,43	7752	0,00	
2:08:30	48	2903	16,43	7759	0,00	
2:09:00	48	2889	16,42	7762	0,00	
2:09:30	48	2875	16,41	7768	0,00	
2:10:00	48	2860	16,41	7769	0,00	
2:10:30	48	2846	16,40	7773	0,00	
2:11:00	48	2832	16,40	7775	0,00	
2:11:30	48	2817	16,39	7776	0,00	
2:12:00	48	2803	16,38	7776	0,00	
2:12:30	48	2789	16,37	7780	0,00	
2:13:00	48	2774	16,36	7779	0,00	
2:13:30	48	2759	16,35	7778	0,00	
2:14:00	48	2743	16,35	7779	0,00	
2:14:30	48	2727	16,34	7778	0,00	
2:15:00	48	2712	16,33	7777	0,00	
2:15:30	48	2696	16,32	7774	0,00	
2:16:00	48	2681	16,31	7772	0,00	
2:16:30	48	2666	16,30	7770	0,00	
2:17:00	48	2650	16,29	7762	0,00	
2:17:30	48	2635	16,28	7762	0,00	
2:18:00	48	2619	16,26	7756	0,00	
2:18:30	48	2603	16,25	7753	0,00	
2:19:00	48	2586	16,24	7749	0,00	
2:19:30	48	2570	16,23	7742	0,00	
2:20:00	48	3199	16,20	7708	0,00	
2:20:30	48	3175	16,16	7710	0,00	
2:21:00	48	3151	16,13	7713	0,00	
2:21:30	49	3128	16,11	7708	0,00	
2:22:00	49	3106	16,09	7704	0,00	
2:22:30	49	3085	16,08	7703	0,00	
2:23:00	49	3064	16,06	7697	0,00	
2:23:30	49	3044	16,04	7693	0,00	
2:24:00	49	3024	16,03	7685	0,00	
2:24:30	49	3004	16,01	7682	0,00	
2:25:00	49	2982	15,99	7676	0,00	
2:25:30	49	2960	15,97	7671	0,00	
2:26:00	49	2936	15,95	7661	0,00	
2:26:30	49	2913	15,94	7657	0,00	
2:27:00	49	2891	15,93	7657	0,00	
2:27:30	49	2868	15,91	7649	0,00	
2:28:00	49	2845	15,89	7643	0,01	
2:28:30	49	2822	15,87	7634	0,01	
2:29:00	49	2800	15,85	7628	0,02	
2:29:30	49	2778	15,83	7622	0,03	
2:30:00	49	2755	15,81	7618	0,03	
2:30:30	49	2732	15,79	7612	0,04	
2:31:00	49	2708	15,76	7605	0,05	
2:31:30	49	2685	15,74	7600	0,05	
2:32:00	49	2660	15,72	7592	0,06	
2:32:30	49	2636	15,70	7586	0,07	
2:33:00	49	2611	15,67	7578	0,08	
2:33:30	49	2587	15,65	7570	0,09	
2:34:00	49	2564	15,63	7563	0,09	
2:34:30	49	2541	15,60	7556	0,10	
2:35:00	49	2518	15,58	7545	0,11	
2:35:30	49	2494	15,55	7540	0,12	
2:36:00	49	2470	15,53	7529	0,13	
2:36:30	49	2445	15,50	7520	0,14	
2:37:00	50	3083	15,47	7521	0,15	
2:37:30	50	3047	15,43	7461	0,16	
2:38:00	50	3014	15,39	7462	0,18	
2:38:30	50	2983	15,35	7459	0,19	
2:39:00	50	2953	15,32	7452	0,20	
2:39:30	50	2924	15,29	7445	0,22	
2:40:00	50	2897	15,26	7437	0,23	
2:40:30	50	3510	15,23	7431	0,24	
