--Test Summary--
Full Path and File Name	
Instrument Name	7222
Instrument Type	Model 7222 Consistometer
Instrument Serial Number	
Test Start Date	13.05.2020
Test Start Time	10:12:59
Test Stop Date	13.05.2020
Test Stop Time	15:13:49
Test Length	5:00:50
Final Sample Time Offset	5:00:50
Controller Schedule Name	
Sampling Period	10 seconds
Comments	
Information	WellID	
Information	Customer	
Information	EngName	
Information	CementClass	
Information	CementMfr	
Information	Additives	90G+10ASPM+3CaCl2+0.2CEX-201
Information	Density	1500
Information	BHCT	
Information	BHST	
Information	FluidLoss	
Information	JobType	
Calculated Value	Time_30Bc	4:14:30
Calculated Value	Time_70Bc	5:00:50
Initial Temperature (°C)	25 °C
Final Temperature (°C)	38 °C
Initial Pressure (MPa)	0,5 MPa
Final Pressure (MPa)	11,9 MPa
Initial Consistency (Bc)	4 Bc
Final Consistency (Bc)	71 Bc
--Data--
Time (HH:MM:SS)	Temperature (°C)	Pressure (MPa)	Consistency (Bc)
0:00:00	25	0,5	4
0:00:10	25	0,6	4
0:00:20	25	0,6	4
0:00:30	25	0,7	4
0:00:40	25	0,7	4
0:00:50	25	0,8	4
0:01:00	25	0,8	4
0:01:10	25	1,0	4
0:01:20	25	1,0	4
0:01:30	25	1,1	4
0:01:40	25	1,2	4
0:01:50	25	1,3	4
0:02:00	25	1,4	4
0:02:10	25	1,4	4
0:02:20	25	1,6	4
0:02:30	25	1,7	4
0:02:40	25	1,8	4
0:02:50	25	2,0	4
0:03:00	25	2,1	4
0:03:10	25	2,3	4
0:03:20	25	2,5	4
0:03:30	25	2,6	4
0:03:40	25	2,8	4
0:03:50	25	2,9	4
0:04:00	25	3,0	4
0:04:10	25	3,1	4
0:04:20	25	3,1	4
0:04:30	25	3,2	4
0:04:40	25	3,3	4
0:04:50	25	3,3	4
0:05:00	26	3,4	4
0:05:10	26	3,4	4
0:05:20	26	3,5	4
0:05:30	26	3,5	3
0:05:40	26	3,6	3
0:05:50	26	3,6	3
0:06:00	26	3,7	3
0:06:10	26	3,7	3
0:06:20	27	3,8	3
0:06:30	27	3,8	3
0:06:40	27	3,9	3
0:06:50	27	3,9	3
0:07:00	27	4,0	3
0:07:10	27	4,0	3
0:07:20	27	4,0	3
0:07:30	27	4,0	3
0:07:40	27	4,1	3
0:07:50	28	4,1	3
0:08:00	28	4,2	3
0:08:10	28	4,2	4
0:08:20	28	4,2	4
0:08:30	28	4,3	4
0:08:40	28	4,3	4
0:08:50	28	4,4	4
0:09:00	28	4,4	4
0:09:10	28	4,4	4
0:09:20	28	4,5	4
0:09:30	28	4,5	4
0:09:40	29	4,6	4
0:09:50	29	4,6	4
0:10:00	29	4,7	4
0:10:10	29	4,7	4
0:10:20	29	4,7	4
0:10:30	29	4,8	4
0:10:40	29	4,8	4
0:10:50	29	4,8	4
0:11:00	29	4,8	4
0:11:10	29	4,9	4
0:11:20	29	4,9	4
0:11:30	29	5,0	4
0:11:40	30	5,0	4
0:11:50	30	5,1	4
0:12:00	30	5,1	4
0:12:10	30	5,2	4
0:12:20	30	5,2	4
0:12:30	30	5,3	4
0:12:40	30	5,4	4
0:12:50	30	5,4	4
0:13:00	30	5,5	4
0:13:10	30	5,5	4
0:13:20	30	5,6	4
0:13:30	30	5,7	4
0:13:40	30	5,7	4
0:13:50	30	5,8	4
0:14:00	30	5,9	4
0:14:10	31	5,9	4
0:14:20	31	5,9	4
0:14:30	31	6,0	4
0:14:40	31	6,2	4
0:14:50	31	6,2	4
0:15:00	31	6,2	4
0:15:10	31	6,2	4
0:15:20	31	6,4	4
0:15:30	31	6,5	4
0:15:40	31	6,5	4
0:15:50	31	6,5	4
0:16:00	31	6,6	4
0:16:10	32	6,6	4
0:16:20	32	6,7	4
0:16:30	32	6,7	4
0:16:40	32	6,8	4
0:16:50	32	6,9	4
0:17:00	32	6,9	4
0:17:10	32	7,0	4
0:17:20	32	7,2	4
0:17:30	32	7,2	4
0:17:40	32	7,3	4
0:17:50	32	7,3	4
0:18:00	32	7,3	4
0:18:10	32	7,4	4
0:18:20	32	7,5	4
0:18:30	32	7,5	4
0:18:40	32	7,6	4
0:18:50	33	7,6	4
0:19:00	33	7,7	4
0:19:10	33	8,1	4
0:19:20	33	8,1	4
0:19:30	33	8,1	4
0:19:40	33	8,2	4
0:19:50	33	8,2	4
0:20:00	33	8,3	4
0:20:10	33	8,3	4
0:20:20	33	8,4	4
0:20:30	33	8,4	4
0:20:40	33	8,5	4
0:20:50	33	8,5	4
0:21:00	33	8,6	4
0:21:10	34	8,6	4
0:21:20	34	8,7	4
0:21:30	34	8,8	4
0:21:40	34	8,8	4
0:21:50	34	8,9	4
0:22:00	34	8,9	4
0:22:10	34	9,0	4
0:22:20	34	9,0	4
0:22:30	34	9,1	4
0:22:40	34	9,1	4
0:22:50	34	9,1	4
0:23:00	34	9,2	4
0:23:10	34	9,3	4
0:23:20	34	9,3	4
0:23:30	34	9,4	4
0:23:40	35	9,4	4
0:23:50	35	9,5	4
0:24:00	35	9,7	4
0:24:10	35	9,7	4
0:24:20	35	9,8	4
0:24:30	35	9,8	4
0:24:40	35	9,8	4
0:24:50	35	9,9	4
0:25:00	35	9,9	4
0:25:10	35	10,0	4
0:25:20	35	10,2	4
0:25:30	35	10,2	4
0:25:40	35	10,3	4
0:25:50	35	10,3	4
0:26:00	36	10,3	4
0:26:10	36	10,4	4
0:26:20	36	10,4	4
0:26:30	36	10,5	4
0:26:40	36	10,7	4
0:26:50	36	10,7	4
0:27:00	36	10,8	4
0:27:10	36	10,8	4
0:27:20	36	10,9	4
0:27:30	36	10,9	4
0:27:40	36	11,0	4
0:27:50	36	11,0	4
0:28:00	36	11,1	4
0:28:10	36	11,1	4
0:28:20	37	11,3	4
0:28:30	37	11,3	4
0:28:40	37	11,4	4
0:28:50	37	11,4	4
0:29:00	37	11,4	4
0:29:10	37	11,5	4
0:29:20	37	11,5	4
0:29:30	37	11,8	4
0:29:40	37	11,8	4
0:29:50	37	11,8	4
0:30:00	37	11,9	4
0:30:10	37	11,9	4
0:30:20	37	11,9	4
0:30:30	37	11,9	4
0:30:40	38	12,0	4
0:30:50	38	11,9	4
0:31:00	38	11,9	4
0:31:10	38	11,8	4
0:31:20	38	11,8	4
0:31:30	38	11,8	4
0:31:40	38	11,7	4
0:31:50	38	11,8	4
0:32:00	38	11,8	4
0:32:10	38	11,7	4
0:32:20	38	11,8	4
0:32:30	38	11,7	4
0:32:40	38	11,9	4
0:32:50	38	11,8	4
0:33:00	38	11,8	4
0:33:10	38	11,7	4
0:33:20	38	11,7	4
0:33:30	38	11,8	4
0:33:40	38	11,8	4
0:33:50	38	11,8	4
0:34:00	38	11,7	4
0:34:10	38	11,7	4
0:34:20	38	11,8	4
0:34:30	38	11,8	4
0:34:40	38	11,7	4
0:34:50	38	11,7	4
0:35:00	38	11,7	4
0:35:10	38	11,7	4
0:35:20	38	11,9	4
0:35:30	38	11,9	4
0:35:40	38	11,9	4
0:35:50	38	11,9	4
0:36:00	38	11,8	4
0:36:10	38	11,8	4
0:36:20	38	11,8	4
0:36:30	38	11,8	4
0:36:40	38	11,8	4
0:36:50	38	11,8	4
0:37:00	38	11,8	4
0:37:10	38	11,8	4
0:37:20	38	11,8	4
0:37:30	38	11,8	4
0:37:40	38	11,8	4
0:37:50	38	11,8	4
0:38:00	38	11,8	4
0:38:10	38	11,8	4
0:38:20	38	11,8	4
0:38:30	38	11,8	4
0:38:40	38	11,8	4
0:38:50	38	11,8	4
0:39:00	38	11,8	4
0:39:10	38	11,8	4
0:39:20	38	11,8	4
0:39:30	38	11,8	4
0:39:40	38	11,8	4
0:39:50	38	11,8	4
0:40:00	38	11,8	4
0:40:10	38	11,8	4
0:40:20	38	11,8	4
0:40:30	38	11,8	4
0:40:40	38	11,8	4
0:40:50	38	11,8	4
0:41:00	38	11,8	4
0:41:10	38	11,8	4
0:41:20	38	11,8	4
0:41:30	38	11,8	4
0:41:40	38	11,8	4
0:41:50	38	11,8	4
0:42:00	38	11,8	4
0:42:10	38	11,8	4
0:42:20	38	11,8	4
0:42:30	38	11,8	4
0:42:40	38	11,8	4
0:42:50	38	11,8	4
0:43:00	38	11,8	4
0:43:10	38	11,8	4
0:43:20	38	11,8	4
0:43:30	38	11,8	4
0:43:40	38	11,8	4
0:43:50	38	11,8	4
0:44:00	37	11,8	4
0:44:10	37	11,8	4
0:44:20	38	11,8	4
0:44:30	38	11,8	4
0:44:40	37	11,8	4
0:44:50	38	11,8	4
0:45:00	38	11,8	4
0:45:10	38	11,8	4
0:45:20	37	11,8	4
0:45:30	37	11,8	4
0:45:40	37	11,8	4
0:45:50	37	11,8	4
0:46:00	37	11,8	4
0:46:10	37	11,8	4
0:46:20	37	11,8	4
0:46:30	37	11,8	4
0:46:40	37	11,9	4
0:46:50	37	11,9	4
0:47:00	37	11,8	4
0:47:10	37	11,8	4
0:47:20	37	11,8	4
0:47:30	37	11,8	4
0:47:40	37	11,8	4
0:47:50	37	11,8	4
0:48:00	37	11,8	4
0:48:10	37	11,8	4
0:48:20	37	11,9	4
0:48:30	37	11,9	4
0:48:40	37	11,8	4
0:48:50	37	11,8	4
0:49:00	37	11,8	4
0:49:10	37	11,8	4
0:49:20	37	11,8	4
0:49:30	37	11,8	4
0:49:40	37	11,8	4
0:49:50	37	11,9	4
0:50:00	37	11,9	4
0:50:10	37	11,9	4
0:50:20	37	11,9	4
0:50:30	37	11,9	4
0:50:40	37	11,9	4
0:50:50	37	11,9	4
0:51:00	37	11,9	4
0:51:10	37	11,9	4
0:51:20	37	11,9	4
0:51:30	37	11,9	4
0:51:40	37	11,9	4
0:51:50	37	11,9	4
0:52:00	37	11,9	4
0:52:10	37	11,9	4
0:52:20	37	11,8	4
0:52:30	37	11,8	4
0:52:40	37	11,8	4
0:52:50	37	11,8	4
0:53:00	37	11,8	4
0:53:10	37	11,9	4
0:53:20	37	11,9	4
0:53:30	37	11,9	4
0:53:40	37	11,9	4
0:53:50	37	11,9	4
0:54:00	37	11,9	4
0:54:10	37	11,9	4
0:54:20	37	11,9	4
0:54:30	37	11,9	4
0:54:40	37	11,9	4
0:54:50	37	11,9	4
0:55:00	37	11,9	4
0:55:10	37	11,9	4
0:55:20	37	11,9	4
0:55:30	37	11,9	4
0:55:40	37	11,9	4
0:55:50	37	11,9	4
0:56:00	37	11,9	4
0:56:10	37	11,9	4
0:56:20	37	11,9	4
0:56:30	37	11,9	4
0:56:40	37	11,9	4
0:56:50	37	11,9	4
0:57:00	37	11,9	4
0:57:10	37	11,9	4
0:57:20	37	11,9	4
0:57:30	37	11,9	4
0:57:40	37	11,9	4
0:57:50	37	11,9	4
0:58:00	37	11,9	4
0:58:10	37	11,9	4
0:58:20	37	11,9	4
0:58:30	37	11,9	4
0:58:40	37	11,9	4
0:58:50	37	11,9	4
0:59:00	37	11,9	4
0:59:10	37	11,9	4
0:59:20	37	11,9	4
0:59:30	37	11,9	4
0:59:40	37	11,9	4
0:59:50	37	11,9	4
1:00:00	37	11,9	4
1:00:10	37	11,9	4
1:00:20	37	11,9	4
1:00:30	37	11,9	4
1:00:40	37	11,9	4
1:00:50	37	11,9	4
1:01:00	37	11,9	4
1:01:10	37	11,9	4
1:01:20	37	12,0	4
1:01:30	37	12,0	4
1:01:40	37	12,0	4
1:01:50	37	12,0	4
1:02:00	37	12,0	4
1:02:10	37	12,0	4
1:02:20	37	12,0	4
1:02:30	37	11,9	5
1:02:40	37	11,9	5
1:02:50	37	11,9	5
1:03:00	37	11,9	5
1:03:10	37	11,9	5
1:03:20	38	11,9	5
1:03:30	37	11,9	5
1:03:40	37	11,9	5
1:03:50	37	11,9	5
1:04:00	37	11,9	5
1:04:10	37	11,9	5
1:04:20	37	11,9	5
1:04:30	37	11,9	5
1:04:40	37	11,9	5
1:04:50	37	11,9	5
1:05:00	38	11,9	5
1:05:10	37	11,9	5
1:05:20	37	11,9	5
1:05:30	37	11,9	5
1:05:40	37	11,9	5
1:05:50	37	11,9	5
1:06:00	37	11,9	5
1:06:10	37	11,9	5
1:06:20	37	11,9	5
1:06:30	37	11,9	5
1:06:40	37	11,9	5
1:06:50	37	11,9	5
1:07:00	37	11,9	5
1:07:10	37	11,9	5
1:07:20	37	11,9	5
1:07:30	37	11,9	5
1:07:40	37	11,9	5
1:07:50	37	11,9	5
1:08:00	37	11,9	5
1:08:10	37	11,9	5
1:08:20	37	11,9	5
1:08:30	37	11,9	5
1:08:40	37	11,9	5
1:08:50	37	11,9	5
1:09:00	37	11,9	5
1:09:10	37	11,9	5
1:09:20	37	11,9	5
1:09:30	37	11,9	5
1:09:40	37	11,9	5
1:09:50	37	11,9	5
1:10:00	38	11,9	5
1:10:10	37	11,9	5
1:10:20	37	11,9	5
1:10:30	37	11,9	5
1:10:40	37	11,9	5
1:10:50	37	11,9	5
1:11:00	37	11,9	5
1:11:10	37	11,9	5
1:11:20	37	11,9	5
1:11:30	37	11,9	5
1:11:40	37	11,9	5
1:11:50	37	11,9	5
1:12:00	37	11,9	5
1:12:10	37	11,9	5
1:12:20	37	11,9	5
1:12:30	37	11,9	5
1:12:40	37	11,9	5
1:12:50	37	11,9	5
1:13:00	37	11,9	5
1:13:10	37	11,9	5
1:13:20	37	11,9	5
1:13:30	37	11,9	5
1:13:40	37	11,9	5
1:13:50	37	11,9	5
1:14:00	37	11,9	5
1:14:10	37	11,9	5
1:14:20	37	11,9	5
1:14:30	37	11,9	5
1:14:40	37	11,9	5
1:14:50	37	11,9	5
1:15:00	37	11,9	5
1:15:10	37	11,9	5
1:15:20	37	11,9	5
1:15:30	37	11,9	5
1:15:40	37	11,9	5
1:15:50	37	11,8	5
1:16:00	37	11,9	5
1:16:10	37	11,9	5
1:16:20	37	11,9	5
1:16:30	37	11,8	5
1:16:40	37	11,9	5
1:16:50	37	11,8	5
1:17:00	37	11,8	5
1:17:10	37	11,8	5
1:17:20	37	11,9	5
1:17:30	37	11,8	5
1:17:40	37	11,8	5
1:17:50	37	11,8	5
1:18:00	37	11,8	5
1:18:10	37	11,8	5
1:18:20	37	11,8	5
1:18:30	37	11,8	5
1:18:40	37	11,8	5
1:18:50	37	11,8	5
1:19:00	37	11,8	5
1:19:10	37	11,8	5
1:19:20	37	11,8	5
1:19:30	37	11,8	5
1:19:40	37	11,8	5
1:19:50	37	11,8	5
1:20:00	37	11,8	5
1:20:10	37	11,8	5
1:20:20	37	11,8	5
1:20:30	37	11,8	5
1:20:40	37	11,8	5
1:20:50	37	11,8	5
1:21:00	37	11,8	5
1:21:10	37	11,8	5
1:21:20	37	11,8	5
1:21:30	37	11,8	5
1:21:40	37	11,8	5
1:21:50	37	11,8	5
1:22:00	37	11,8	5
1:22:10	37	11,8	5
1:22:20	37	11,8	5
1:22:30	37	11,8	5
1:22:40	37	11,8	5
1:22:50	37	11,7	5
1:23:00	37	11,7	6
1:23:10	37	11,9	5
1:23:20	37	11,9	5
1:23:30	37	11,9	6
1:23:40	37	11,9	5
1:23:50	37	11,9	6
1:24:00	37	11,8	6
1:24:10	37	11,8	6
1:24:20	37	11,8	6
1:24:30	37	11,8	6
1:24:40	37	11,8	6
1:24:50	37	11,8	6
1:25:00	37	11,8	6
1:25:10	37	11,8	6
1:25:20	37	11,8	6
1:25:30	37	11,8	6
1:25:40	37	11,8	6
1:25:50	37	11,8	6
1:26:00	37	11,8	6
1:26:10	37	11,8	6
1:26:20	37	11,7	6
1:26:30	37	11,7	6
1:26:40	37	11,7	6
1:26:50	37	11,7	6
1:27:00	37	11,7	6
1:27:10	37	11,7	6
1:27:20	37	11,7	6
1:27:30	37	11,8	6
1:27:40	37	11,8	6
1:27:50	37	11,7	6
1:28:00	37	11,8	6
1:28:10	37	11,8	6
1:28:20	37	11,8	6
1:28:30	37	11,8	6
1:28:40	37	11,8	6
1:28:50	37	11,7	6
1:29:00	37	11,8	6
1:29:10	37	11,7	6
1:29:20	37	11,7	6
1:29:30	37	11,7	6
1:29:40	37	11,8	7
1:29:50	37	11,8	7
1:30:00	37	11,8	7
1:30:10	37	11,8	7
1:30:20	37	11,7	7
1:30:30	37	11,7	7
1:30:40	37	11,9	7
1:30:50	37	11,9	7
1:31:00	37	11,9	7
1:31:10	37	11,9	7
1:31:20	37	11,9	7
1:31:30	37	11,8	7
1:31:40	38	11,8	7
1:31:50	37	11,8	7
1:32:00	37	11,8	7
1:32:10	37	11,8	7
1:32:20	37	11,8	7
1:32:30	37	11,8	7
1:32:40	37	11,8	7
1:32:50	37	11,8	7
1:33:00	37	11,7	7
1:33:10	37	11,7	7
1:33:20	37	11,8	7
1:33:30	37	11,8	7
1:33:40	37	11,8	7
1:33:50	37	11,8	7
1:34:00	37	11,8	7
1:34:10	37	11,8	7
1:34:20	37	11,8	7
1:34:30	37	11,8	7
1:34:40	37	11,8	7
1:34:50	37	11,8	7
1:35:00	37	11,8	8
1:35:10	37	11,7	8
1:35:20	37	11,8	8
1:35:30	37	11,7	8
1:35:40	37	11,7	8
1:35:50	37	11,7	8
1:36:00	37	11,7	8
1:36:10	37	11,7	8
1:36:20	37	11,8	8
1:36:30	37	11,8	8
1:36:40	37	11,8	8
1:36:50	37	11,8	8
1:37:00	37	11,8	8
1:37:10	37	11,7	8
1:37:20	37	11,7	8
1:37:30	37	11,8	8
1:37:40	37	11,8	8
1:37:50	37	11,8	8
1:38:00	37	11,9	8
1:38:10	37	11,9	8
1:38:20	37	11,9	8
1:38:30	37	11,9	8
1:38:40	37	11,9	8
1:38:50	37	11,9	8
1:39:00	37	11,9	8
1:39:10	37	11,9	8
1:39:20	37	11,9	8
1:39:30	37	11,9	8
1:39:40	37	12,0	8
1:39:50	37	11,9	8
1:40:00	37	11,9	8
1:40:10	37	11,9	8
1:40:20	37	11,9	8
1:40:30	37	11,9	8
1:40:40	37	11,9	8
1:40:50	37	11,9	8
1:41:00	37	11,9	8
1:41:10	37	11,8	8
1:41:20	37	11,8	8
1:41:30	37	11,8	8
1:41:40	37	11,8	8
1:41:50	37	11,7	8
1:42:00	37	11,8	8
1:42:10	37	11,8	8
1:42:20	37	11,7	8
1:42:30	37	11,7	8
1:42:40	38	11,9	8
1:42:50	38	11,9	8
1:43:00	38	11,9	8
1:43:10	38	11,8	8
1:43:20	38	11,8	8
1:43:30	38	11,8	8
1:43:40	37	11,8	8
1:43:50	37	11,8	8
1:44:00	38	11,8	8
1:44:10	38	11,8	8
1:44:20	37	11,7	8
1:44:30	37	11,7	8
1:44:40	38	11,7	8
1:44:50	38	11,7	8
1:45:00	37	11,7	8
1:45:10	37	11,7	8
1:45:20	37	11,7	8
1:45:30	37	11,7	9
1:45:40	37	11,7	9
1:45:50	37	11,7	9
1:46:00	37	11,9	9
1:46:10	37	11,9	9
1:46:20	37	11,9	9
1:46:30	37	11,9	9
1:46:40	38	11,9	9
1:46:50	37	11,9	9
1:47:00	37	11,9	9
1:47:10	37	11,8	9
1:47:20	37	11,8	9
1:47:30	37	11,8	9
1:47:40	37	11,8	9
1:47:50	38	11,8	9
1:48:00	37	11,8	9
1:48:10	37	11,8	9
1:48:20	38	11,8	9
1:48:30	37	11,8	9
1:48:40	38	11,8	9
1:48:50	37	11,8	9
1:49:00	38	11,8	9
1:49:10	37	11,8	9
1:49:20	38	11,8	9
1:49:30	37	11,7	9
1:49:40	38	11,7	9
1:49:50	38	11,7	9
1:50:00	38	11,7	9
1:50:10	38	11,7	9
1:50:20	37	11,8	9
1:50:30	37	11,8	9
1:50:40	37	11,8	9
1:50:50	38	11,8	9
1:51:00	38	11,8	9
1:51:10	38	11,8	9
1:51:20	38	11,8	9
1:51:30	38	11,8	9
1:51:40	38	11,7	9
1:51:50	38	11,7	9
1:52:00	38	11,8	9
1:52:10	38	11,8	9
1:52:20	38	11,8	9
1:52:30	37	11,7	9
1:52:40	38	11,7	9
1:52:50	37	11,7	9
1:53:00	38	11,7	9
1:53:10	38	11,7	9
1:53:20	38	11,7	9
1:53:30	38	11,7	9
1:53:40	37	11,9	9
1:53:50	38	11,9	9
1:54:00	37	11,8	9
1:54:10	38	11,8	9
1:54:20	37	11,8	9
1:54:30	37	11,8	9
1:54:40	37	11,8	9
1:54:50	38	11,8	10
1:55:00	37	11,8	10
1:55:10	37	11,8	10
1:55:20	37	11,7	10
1:55:30	37	11,7	10
1:55:40	37	11,8	10
1:55:50	37	11,7	10
1:56:00	38	11,7	10
1:56:10	37	11,7	10
1:56:20	38	11,8	10
1:56:30	38	11,8	10
1:56:40	38	11,7	10
1:56:50	38	11,7	10
1:57:00	37	11,7	10
1:57:10	37	11,7	10
1:57:20	37	11,7	10
1:57:30	37	11,8	10
1:57:40	37	11,9	10
1:57:50	37	11,9	10
1:58:00	37	11,9	10
1:58:10	37	11,9	10
1:58:20	37	11,9	10
1:58:30	37	11,9	10
1:58:40	37	11,9	10
1:58:50	37	11,9	10
1:59:00	37	11,9	10
1:59:10	37	11,9	10
1:59:20	37	11,8	10
1:59:30	37	11,8	10
1:59:40	37	11,8	10
1:59:50	37	11,8	10
2:00:00	38	11,8	10
2:00:10	37	11,8	10
2:00:20	37	11,8	10
2:00:30	37	11,7	10
2:00:40	37	11,7	10
2:00:50	38	11,7	10
2:01:00	37	11,8	10
2:01:10	38	11,8	10
2:01:20	38	11,8	10
2:01:30	38	11,7	10
2:01:40	38	11,7	10
2:01:50	38	11,7	10
2:02:00	38	11,9	10
2:02:10	38	11,9	10
2:02:20	38	11,9	10
2:02:30	38	11,9	10
2:02:40	38	11,8	10
2:02:50	38	11,8	10
2:03:00	38	11,8	10
2:03:10	38	11,8	10
2:03:20	38	11,8	10
2:03:30	38	11,8	10
2:03:40	38	11,8	10
2:03:50	38	11,8	10
2:04:00	38	11,8	10
2:04:10	38	11,8	10
2:04:20	38	11,8	10
2:04:30	38	11,8	10
2:04:40	38	11,8	10
2:04:50	38	11,8	10
2:05:00	38	11,8	10
2:05:10	37	11,8	10
2:05:20	37	11,8	10
2:05:30	37	11,8	10
2:05:40	37	11,8	10
2:05:50	37	11,8	10
2:06:00	38	11,8	10
2:06:10	37	11,8	10
2:06:20	38	11,8	10
2:06:30	38	11,8	10
2:06:40	38	11,8	10
2:06:50	37	11,8	10
2:07:00	38	11,8	10
2:07:10	38	11,8	10
2:07:20	37	11,8	10
2:07:30	38	11,8	10
2:07:40	38	11,8	10
2:07:50	38	11,7	10
2:08:00	38	11,7	10
2:08:10	38	11,7	10
2:08:20	38	11,7	10
2:08:30	38	11,9	10
2:08:40	38	11,9	10
2:08:50	38	11,9	10
2:09:00	38	11,9	10
2:09:10	38	11,9	10
2:09:20	38	11,8	10
2:09:30	38	11,8	10
2:09:40	38	11,8	10
2:09:50	38	11,8	10
2:10:00	38	11,8	10
2:10:10	38	11,8	10
2:10:20	38	11,8	10
2:10:30	38	11,7	11
2:10:40	38	11,8	11
2:10:50	38	11,8	11
2:11:00	38	11,8	11
2:11:10	38	11,8	11
2:11:20	38	11,8	11
2:11:30	38	11,7	11
2:11:40	38	11,7	11
2:11:50	38	11,7	11
2:12:00	38	11,7	11
2:12:10	38	11,7	11
2:12:20	38	11,7	11
2:12:30	38	11,8	11
2:12:40	38	11,8	11
2:12:50	38	11,8	11
2:13:00	38	11,8	11
2:13:10	38	11,8	11
2:13:20	38	11,8	11
2:13:30	38	11,8	11
2:13:40	38	11,8	11
2:13:50	38	11,8	11
2:14:00	38	11,7	11
2:14:10	38	11,7	11
2:14:20	38	11,8	11
2:14:30	38	11,8	11
2:14:40	38	11,8	11
2:14:50	37	11,8	11
2:15:00	38	11,8	11
2:15:10	38	11,7	11
2:15:20	38	11,8	11
2:15:30	37	11,7	11
2:15:40	38	11,7	11
2:15:50	38	11,7	11
2:16:00	38	11,7	11
2:16:10	38	11,7	11
2:16:20	38	11,7	11
2:16:30	38	11,9	11
2:16:40	38	11,8	11
2:16:50	38	11,8	11
2:17:00	38	11,8	11
2:17:10	38	11,8	11
2:17:20	38	11,8	11
2:17:30	38	11,8	11
2:17:40	38	11,8	11
2:17:50	38	11,8	11
2:18:00	38	11,8	11
2:18:10	38	11,8	11
2:18:20	38	11,8	11
2:18:30	38	11,7	11
2:18:40	38	11,7	11
2:18:50	38	11,7	11
2:19:00	38	11,7	11
2:19:10	38	11,8	11
2:19:20	38	11,8	11
2:19:30	38	11,7	11
2:19:40	38	11,8	11
2:19:50	38	11,8	11
2:20:00	38	11,8	11
2:20:10	38	11,7	11
2:20:20	38	11,7	11
2:20:30	38	11,8	11
2:20:40	38	11,7	11
2:20:50	38	11,7	11
2:21:00	38	11,9	11
2:21:10	38	11,9	11
2:21:20	38	11,9	11
2:21:30	38	11,8	11
2:21:40	38	11,8	11
2:21:50	38	11,8	11
2:22:00	38	11,8	11
2:22:10	38	11,8	11
2:22:20	38	11,8	11
2:22:30	38	11,8	11
2:22:40	38	11,8	11
2:22:50	38	11,8	11
2:23:00	38	11,8	11
2:23:10	38	11,8	11
2:23:20	38	11,8	11
2:23:30	38	11,8	11
2:23:40	38	11,9	11
2:23:50	38	11,9	11
2:24:00	38	11,9	12
2:24:10	38	11,9	12
2:24:20	38	11,9	12
2:24:30	38	11,8	12
2:24:40	38	11,8	12
2:24:50	38	11,8	12
2:25:00	38	11,8	12
2:25:10	38	11,8	12
2:25:20	38	11,8	12
2:25:30	38	11,8	12
2:25:40	38	11,7	12
2:25:50	38	11,7	12
2:26:00	38	11,8	12
2:26:10	38	11,8	12
2:26:20	38	11,8	12
2:26:30	38	11,8	12
2:26:40	38	11,8	12
2:26:50	38	11,8	12
2:27:00	38	11,7	12
2:27:10	38	11,7	12
2:27:20	38	11,7	12
2:27:30	38	11,7	12
2:27:40	38	11,7	12
2:27:50	38	11,8	12
2:28:00	38	11,8	12
2:28:10	38	11,7	12
2:28:20	38	11,7	12
2:28:30	38	11,9	12
2:28:40	38	11,9	12
2:28:50	38	11,9	12
2:29:00	38	11,9	12
2:29:10	38	11,9	12
2:29:20	38	11,9	12
2:29:30	38	11,9	12
2:29:40	38	12,0	12
2:29:50	38	12,0	12
2:30:00	38	12,0	12
2:30:10	38	12,0	12
2:30:20	38	12,0	12
2:30:30	38	12,0	12
2:30:40	38	12,0	12
2:30:50	38	12,0	12
2:31:00	38	12,0	12
2:31:10	38	12,0	12
2:31:20	38	12,0	12
2:31:30	38	12,0	12
2:31:40	38	12,0	12
2:31:50	38	12,0	12
2:32:00	38	11,9	12
2:32:10	38	11,9	12
2:32:20	38	11,9	12
2:32:30	38	11,9	12
2:32:40	38	11,9	12
2:32:50	38	11,9	12
2:33:00	38	11,9	12
2:33:10	38	11,8	12
2:33:20	38	11,9	12
2:33:30	38	11,9	12
2:33:40	38	11,8	12
2:33:50	38	11,8	12
2:34:00	38	11,8	12
2:34:10	38	11,8	12
2:34:20	38	11,7	12
2:34:30	38	11,7	12
2:34:40	38	11,7	12
2:34:50	38	11,7	12
2:35:00	38	11,8	12
2:35:10	38	11,8	12
2:35:20	38	11,8	12
2:35:30	38	11,8	11
2:35:40	38	11,8	12
2:35:50	38	11,8	12
2:36:00	38	11,7	12
2:36:10	38	11,7	12
2:36:20	38	11,7	12
2:36:30	38	11,7	12
2:36:40	38	11,7	12
2:36:50	38	11,7	12
2:37:00	38	11,7	12
2:37:10	38	11,7	12
2:37:20	38	11,7	12
2:37:30	38	11,8	12
2:37:40	38	11,8	12
2:37:50	38	11,8	12
2:38:00	38	11,8	12
2:38:10	38	11,8	12
2:38:20	38	11,8	12
2:38:30	38	11,7	12
2:38:40	38	11,8	12
2:38:50	38	11,8	12
2:39:00	38	11,8	12
2:39:10	38	11,8	12
2:39:20	38	11,8	12
2:39:30	38	11,7	12
2:39:40	38	11,7	12
2:39:50	38	11,8	12
2:40:00	38	11,7	12
2:40:10	38	11,7	12
2:40:20	38	11,7	12
2:40:30	38	11,9	12
2:40:40	38	11,9	12
2:40:50	38	11,9	12
2:41:00	38	11,9	12
2:41:10	38	11,9	12
2:41:20	38	11,9	12
2:41:30	38	12,0	12
2:41:40	38	12,0	12
2:41:50	38	12,0	12
2:42:00	38	12,0	12
2:42:10	38	12,0	12
2:42:20	38	12,0	12
2:42:30	38	12,0	12
2:42:40	38	12,0	12
2:42:50	38	12,0	12
2:43:00	38	12,0	12
2:43:10	38	12,0	12
2:43:20	38	12,0	12
2:43:30	38	12,0	12
2:43:40	38	12,0	12
2:43:50	38	12,0	12
2:44:00	38	12,0	12
2:44:10	38	12,0	12
2:44:20	38	12,0	12
2:44:30	38	12,0	12
2:44:40	38	12,0	12
2:44:50	38	11,9	12
2:45:00	38	11,9	12
2:45:10	38	11,9	12
2:45:20	38	11,9	12
2:45:30	38	11,9	12
2:45:40	38	11,9	12
2:45:50	38	11,9	12
2:46:00	38	11,9	12
2:46:10	38	11,8	12
2:46:20	38	11,8	12
2:46:30	38	11,8	12
2:46:40	38	11,8	12
2:46:50	38	11,7	12
2:47:00	38	11,7	12
2:47:10	38	11,7	12
2:47:20	38	11,7	12
2:47:30	38	11,7	12
2:47:40	38	11,9	12
2:47:50	38	11,9	12
2:48:00	38	11,9	12
2:48:10	38	11,9	12
2:48:20	38	12,0	12
2:48:30	38	12,0	12
2:48:40	38	12,0	12
2:48:50	38	12,0	12
2:49:00	38	12,0	12
2:49:10	38	12,0	12
2:49:20	38	12,0	12
2:49:30	38	12,0	12
2:49:40	38	12,0	12
2:49:50	38	12,0	12
2:50:00	38	12,0	12
2:50:10	38	12,0	12
2:50:20	38	12,0	12
2:50:30	38	12,0	12
2:50:40	38	12,0	12
2:50:50	38	12,0	12
2:51:00	38	12,0	12
2:51:10	38	12,0	12
2:51:20	38	12,0	12
2:51:30	38	12,0	12
2:51:40	38	12,0	12
2:51:50	38	11,9	12
2:52:00	38	11,9	12
2:52:10	38	11,9	13
2:52:20	38	11,9	13
2:52:30	38	11,9	13
2:52:40	38	11,9	13
2:52:50	38	11,9	13
2:53:00	38	12,0	13
2:53:10	38	12,0	13
2:53:20	38	12,0	13
2:53:30	38	11,9	13
2:53:40	38	11,9	13
2:53:50	38	11,9	13
2:54:00	38	11,9	13
2:54:10	38	11,9	13
2:54:20	38	11,9	13
2:54:30	38	11,9	13
2:54:40	38	11,9	13
2:54:50	38	11,9	13
2:55:00	38	11,9	13
2:55:10	38	11,9	13
2:55:20	38	11,9	13
2:55:30	38	11,9	13
2:55:40	38	11,8	13
2:55:50	38	11,8	13
2:56:00	38	11,8	13
2:56:10	38	11,8	13
2:56:20	38	11,8	12
2:56:30	38	11,7	12
2:56:40	38	11,8	12
2:56:50	38	11,8	12
2:57:00	38	11,8	12
2:57:10	38	11,8	12
2:57:20	38	11,8	12
2:57:30	38	11,8	12
2:57:40	38	11,8	12
2:57:50	38	11,8	12
2:58:00	38	11,8	12
2:58:10	38	11,8	12
2:58:20	38	11,8	12
2:58:30	38	11,8	12
2:58:40	38	11,8	12
2:58:50	38	11,8	12
2:59:00	38	11,8	12
2:59:10	38	11,8	12
2:59:20	38	11,8	12
2:59:30	38	11,8	12
2:59:40	38	11,8	12
2:59:50	38	11,8	12
3:00:00	38	11,8	12
3:00:10	38	11,8	12
3:00:20	38	11,8	12
3:00:30	38	11,8	12
3:00:40	38	11,8	12
3:00:50	38	11,8	12
3:01:00	38	11,7	12
3:01:10	38	11,8	12
3:01:20	38	11,8	12
3:01:30	38	11,8	12
3:01:40	38	11,7	12
3:01:50	38	11,7	12
3:02:00	38	11,8	12
3:02:10	38	11,7	12
3:02:20	38	11,7	12
3:02:30	38	11,9	12
3:02:40	38	11,9	12
3:02:50	38	11,9	12
3:03:00	38	11,9	12
3:03:10	38	11,9	12
3:03:20	38	11,9	12
3:03:30	38	11,9	12
3:03:40	38	11,9	12
3:03:50	38	11,9	12
3:04:00	38	11,8	12
3:04:10	38	11,8	12
3:04:20	38	11,8	12
3:04:30	38	11,8	12
3:04:40	38	11,9	12
3:04:50	38	11,9	12
3:05:00	38	11,9	12
3:05:10	38	11,9	12
3:05:20	38	11,9	12
3:05:30	38	11,9	13
3:05:40	38	11,8	13
3:05:50	38	11,8	13
3:06:00	38	11,8	13
3:06:10	38	11,8	13
3:06:20	38	11,8	13
3:06:30	38	11,8	13
3:06:40	38	11,8	13
3:06:50	38	11,8	13
3:07:00	38	11,9	13
3:07:10	38	11,8	13
3:07:20	38	11,9	13
3:07:30	38	11,9	13
3:07:40	38	11,9	13
3:07:50	38	11,9	13
3:08:00	38	11,8	13
3:08:10	38	11,8	13
3:08:20	38	11,8	13
3:08:30	38	11,8	13
3:08:40	38	11,8	13
3:08:50	38	11,8	13
3:09:00	38	11,8	13
3:09:10	38	11,8	13
3:09:20	38	11,7	13
3:09:30	38	11,7	13
3:09:40	38	11,7	13
3:09:50	38	11,7	13
3:10:00	38	11,7	13
3:10:10	38	11,7	13
3:10:20	38	11,8	13
3:10:30	38	11,8	13
3:10:40	38	11,8	14
3:10:50	38	11,8	13
3:11:00	38	11,8	13
3:11:10	38	11,7	13
3:11:20	38	11,7	13
3:11:30	38	11,7	13
3:11:40	38	11,9	15
3:11:50	38	11,9	16
3:12:00	38	11,9	15
3:12:10	38	11,9	15
3:12:20	38	11,9	15
3:12:30	38	11,9	14
3:12:40	38	11,9	14
3:12:50	38	11,9	14
3:13:00	38	11,8	14
3:13:10	38	11,8	14
3:13:20	38	11,9	14
3:13:30	38	11,9	14
3:13:40	38	11,9	14
3:13:50	38	11,9	14
3:14:00	38	11,9	14
3:14:10	38	11,8	14
3:14:20	38	11,9	14
3:14:30	38	11,9	14
3:14:40	38	11,9	14
3:14:50	38	11,8	14
3:15:00	38	11,8	14
3:15:10	38	11,8	14
3:15:20	38	11,8	14
3:15:30	38	11,8	14
3:15:40	38	11,8	14
3:15:50	38	11,8	14
3:16:00	38	11,8	14
3:16:10	38	11,8	14
3:16:20	38	11,8	14
3:16:30	38	11,8	14
3:16:40	38	11,8	14
3:16:50	38	11,8	14
3:17:00	38	11,7	14
3:17:10	38	11,8	14
3:17:20	38	11,7	14
3:17:30	38	11,7	15
3:17:40	38	11,8	15
3:17:50	38	11,8	15
3:18:00	38	11,7	15
3:18:10	38	11,7	15
3:18:20	38	11,7	15
3:18:30	38	11,8	15
3:18:40	38	11,7	15
3:18:50	38	11,7	15
3:19:00	38	11,7	15
3:19:10	38	11,7	15
3:19:20	38	11,7	15
3:19:30	38	11,8	15
3:19:40	38	11,8	15
3:19:50	38	11,8	15
3:20:00	38	11,8	15
3:20:10	38	11,8	15
3:20:20	38	11,8	15
3:20:30	38	11,8	15
3:20:40	38	11,8	15
3:20:50	38	11,8	15
3:21:00	38	11,7	15
3:21:10	38	11,7	15
3:21:20	38	11,8	15
3:21:30	38	11,8	15
3:21:40	38	11,8	15
3:21:50	38	11,7	15
3:22:00	38	11,8	15
3:22:10	38	11,8	15
3:22:20	38	11,8	15
3:22:30	38	11,8	15
3:22:40	38	11,8	15
3:22:50	38	11,7	15
3:23:00	38	11,7	15
3:23:10	38	11,7	15
3:23:20	38	11,8	15
3:23:30	38	11,8	15
3:23:40	38	11,8	15
3:23:50	38	11,8	15
3:24:00	38	11,8	15
3:24:10	38	11,8	15
3:24:20	38	11,8	15
3:24:30	38	11,8	15
3:24:40	38	11,8	15
3:24:50	38	11,8	15
3:25:00	38	11,8	15
3:25:10	38	11,8	16
3:25:20	38	11,8	15
3:25:30	38	11,8	16
3:25:40	38	11,8	15
3:25:50	38	11,8	16
3:26:00	38	11,8	15
3:26:10	38	11,7	15
3:26:20	38	11,7	16
3:26:30	38	11,8	15
3:26:40	38	11,8	16
3:26:50	38	11,8	16
3:27:00	38	11,8	16
3:27:10	38	11,7	16
3:27:20	38	11,7	16
3:27:30	38	11,9	16
3:27:40	38	11,9	16
3:27:50	38	11,9	16
3:28:00	38	11,9	16
3:28:10	38	11,8	16
3:28:20	38	11,8	16
3:28:30	38	11,8	16
3:28:40	38	11,8	16
3:28:50	38	11,8	16
3:29:00	38	11,8	16
3:29:10	38	11,8	16
3:29:20	38	11,8	16
3:29:30	38	11,8	16
3:29:40	38	11,8	16
3:29:50	38	11,8	16
3:30:00	38	11,7	16
3:30:10	38	11,7	16
3:30:20	38	11,7	16
3:30:30	38	11,7	16
3:30:40	38	11,7	16
3:30:50	38	11,7	16
3:31:00	38	11,7	16
3:31:10	38	11,7	16
3:31:20	38	11,7	16
3:31:30	38	11,7	16
3:31:40	38	11,7	16
3:31:50	38	11,9	16
3:32:00	38	11,9	17
3:32:10	38	11,9	16
3:32:20	38	11,9	17
3:32:30	38	11,9	17
3:32:40	38	11,9	17
3:32:50	38	11,9	17
3:33:00	38	12,0	17
3:33:10	38	12,0	17
3:33:20	38	12,0	17
3:33:30	38	12,0	17
3:33:40	38	12,0	17
3:33:50	38	12,0	17
3:34:00	38	12,0	17
3:34:10	38	12,0	17
3:34:20	38	11,9	17
3:34:30	38	11,9	17
3:34:40	38	11,9	17
3:34:50	38	11,9	17
3:35:00	38	11,9	17
3:35:10	38	11,9	17
3:35:20	38	11,9	17
3:35:30	38	11,9	17
3:35:40	38	11,9	17
3:35:50	38	11,9	17
3:36:00	38	11,9	17
3:36:10	38	11,9	17
3:36:20	38	11,9	17
3:36:30	38	11,8	17
3:36:40	38	11,8	17
3:36:50	38	11,8	17
3:37:00	38	11,8	17
3:37:10	38	11,8	17
3:37:20	38	11,8	17
3:37:30	38	11,8	17
3:37:40	38	11,8	17
3:37:50	38	11,8	17
3:38:00	38	11,8	17
3:38:10	38	11,8	17
3:38:20	38	11,7	17
3:38:30	38	11,7	17
3:38:40	38	11,8	17
3:38:50	38	11,8	17
3:39:00	38	11,8	17
3:39:10	38	11,8	17
3:39:20	38	11,8	17
3:39:30	38	11,8	17
3:39:40	38	11,8	17
3:39:50	38	11,8	17
3:40:00	38	11,8	17
3:40:10	38	11,8	17
3:40:20	38	11,8	17
3:40:30	38	11,7	17
3:40:40	38	11,7	17
3:40:50	38	11,7	18
3:41:00	38	11,7	18
3:41:10	38	11,7	18
3:41:20	38	11,9	18
3:41:30	38	11,9	18
3:41:40	38	11,9	18
3:41:50	38	11,9	18
3:42:00	38	11,9	18
3:42:10	38	11,9	18
3:42:20	38	11,8	18
3:42:30	38	11,8	18
3:42:40	38	11,8	18
3:42:50	38	11,8	18
3:43:00	38	11,8	18
3:43:10	38	11,8	18
3:43:20	38	11,8	18
3:43:30	38	11,9	18
3:43:40	38	11,8	18
3:43:50	38	11,8	18
3:44:00	38	11,9	19
3:44:10	38	11,8	18
3:44:20	38	11,8	19
3:44:30	38	11,9	18
3:44:40	38	11,8	19
3:44:50	38	11,8	19
3:45:00	38	11,8	19
3:45:10	38	11,8	19
3:45:20	38	11,8	19
3:45:30	38	11,9	19
3:45:40	38	11,9	19
3:45:50	38	11,9	19
3:46:00	38	11,9	19
3:46:10	38	11,9	19
3:46:20	38	11,9	19
3:46:30	38	11,8	19
3:46:40	38	11,8	19
3:46:50	38	11,8	19
3:47:00	38	11,8	19
3:47:10	38	11,8	19
3:47:20	38	11,8	19
3:47:30	38	11,8	19
3:47:40	38	11,7	19
3:47:50	38	11,7	19
3:48:00	38	11,9	19
3:48:10	38	11,9	19
3:48:20	38	11,9	19
3:48:30	38	11,9	19
3:48:40	38	11,9	19
3:48:50	38	11,9	20
3:49:00	38	11,9	20
3:49:10	38	11,9	20
3:49:20	38	11,9	20
3:49:30	38	12,0	19
3:49:40	38	11,9	20
3:49:50	38	11,9	19
3:50:00	38	11,9	20
3:50:10	38	12,0	20
3:50:20	38	11,9	19
3:50:30	38	11,9	20
3:50:40	38	11,9	19
3:50:50	38	11,9	20
3:51:00	38	11,9	19
3:51:10	38	11,9	20
3:51:20	38	11,9	20
3:51:30	38	11,8	20
3:51:40	38	11,8	20
3:51:50	38	11,8	21
3:52:00	38	11,8	21
3:52:10	38	11,8	21
3:52:20	38	11,8	21
3:52:30	38	11,8	21
3:52:40	38	11,8	21
3:52:50	38	11,8	21
3:53:00	38	11,8	21
3:53:10	38	11,8	21
3:53:20	38	11,8	21
3:53:30	38	11,8	21
3:53:40	38	11,8	21
3:53:50	38	11,8	21
3:54:00	38	11,8	21
3:54:10	38	11,8	21
3:54:20	38	11,9	21
3:54:30	38	11,9	21
3:54:40	38	11,9	21
3:54:50	38	11,9	21
3:55:00	38	11,9	21
3:55:10	38	11,9	21
3:55:20	38	11,9	21
3:55:30	38	11,9	22
3:55:40	38	11,9	22
3:55:50	38	11,8	22
3:56:00	38	11,8	22
3:56:10	38	11,8	22
3:56:20	38	11,8	22
3:56:30	38	11,8	22
3:56:40	38	11,8	22
3:56:50	38	11,8	22
3:57:00	38	11,8	22
3:57:10	38	11,8	22
3:57:20	38	11,7	22
3:57:30	38	11,7	22
3:57:40	38	11,7	22
3:57:50	38	11,8	22
3:58:00	38	11,8	23
3:58:10	38	11,7	23
3:58:20	38	11,7	23
3:58:30	38	11,7	23
3:58:40	38	11,7	23
3:58:50	38	11,9	23
3:59:00	38	11,9	23
3:59:10	38	11,9	23
3:59:20	38	11,9	23
3:59:30	38	11,9	23
3:59:40	38	11,9	23
3:59:50	38	11,9	23
4:00:00	38	11,9	23
4:00:10	38	11,9	24
4:00:20	38	11,9	24
4:00:30	38	11,9	24
4:00:40	38	11,9	24
4:00:50	38	11,9	24
4:01:00	38	11,9	24
4:01:10	38	11,9	24
4:01:20	38	11,9	24
4:01:30	38	11,9	24
4:01:40	38	11,9	24
4:01:50	38	11,9	24
4:02:00	38	11,9	24
4:02:10	38	11,9	24
4:02:20	38	11,9	24
4:02:30	38	11,9	38
4:02:40	38	11,9	30
4:02:50	38	11,9	31
4:03:00	38	11,9	25
4:03:10	38	11,9	25
4:03:20	38	11,9	25
4:03:30	38	11,9	25
4:03:40	38	11,8	25
4:03:50	38	11,8	25
4:04:00	38	11,9	25
4:04:10	38	11,8	25
4:04:20	38	11,8	25
4:04:30	38	11,8	25
4:04:40	38	11,8	25
4:04:50	38	11,8	25
4:05:00	38	11,8	25
4:05:10	38	11,8	25
4:05:20	38	11,8	25
4:05:30	38	11,8	25
4:05:40	38	11,8	25
4:05:50	38	11,8	25
4:06:00	38	11,8	25
4:06:10	38	11,8	25
4:06:20	38	11,7	25
4:06:30	38	11,8	25
4:06:40	38	11,7	25
4:06:50	38	11,8	25
4:07:00	38	11,8	25
4:07:10	38	11,8	26
4:07:20	38	11,8	26
4:07:30	38	11,8	26
4:07:40	38	11,8	26
4:07:50	38	11,8	26
4:08:00	38	11,8	26
4:08:10	38	11,8	26
4:08:20	38	11,8	26
4:08:30	38	11,8	26
4:08:40	38	11,8	26
4:08:50	38	11,7	27
4:09:00	38	11,7	26
4:09:10	38	11,7	26
4:09:20	38	11,7	26
4:09:30	38	11,7	26
4:09:40	38	11,7	26
4:09:50	38	11,9	26
4:10:00	38	11,9	27
4:10:10	38	11,9	27
4:10:20	38	11,9	27
4:10:30	38	11,9	27
4:10:40	38	11,8	27
4:10:50	38	11,8	27
4:11:00	38	11,8	27
4:11:10	38	11,8	27
4:11:20	38	11,8	27
4:11:30	38	11,8	27
4:11:40	38	11,8	27
4:11:50	38	11,8	27
4:12:00	38	11,8	27
4:12:10	38	11,8	27
4:12:20	38	11,9	27
4:12:30	38	11,9	28
4:12:40	38	11,9	28
4:12:50	38	11,9	28
4:13:00	38	11,9	28
4:13:10	38	11,9	28
4:13:20	38	11,9	28
4:13:30	38	11,9	28
4:13:40	38	11,9	28
4:13:50	38	11,8	28
4:14:00	38	11,8	28
4:14:10	38	11,8	29
4:14:20	38	11,8	41
4:14:30	38	11,8	51
4:14:40	38	11,8	44
4:14:50	38	11,8	35
4:15:00	38	11,8	39
4:15:10	38	11,8	34
4:15:20	38	11,8	35
4:15:30	38	11,8	36
4:15:40	38	11,8	34
4:15:50	38	11,8	32
4:16:00	38	11,8	31
4:16:10	38	11,7	31
4:16:20	38	11,7	32
4:16:30	38	11,7	32
4:16:40	38	11,8	32
4:16:50	38	11,8	32
4:17:00	38	11,8	32
4:17:10	38	11,8	32
4:17:20	38	11,8	32
4:17:30	38	11,8	32
4:17:40	38	11,8	32
4:17:50	38	11,8	32
4:18:00	38	11,8	32
4:18:10	38	11,8	32
4:18:20	38	11,8	32
4:18:30	38	11,8	32
4:18:40	38	11,8	32
4:18:50	38	11,8	32
4:19:00	38	11,8	32
4:19:10	38	11,9	32
4:19:20	38	11,9	32
4:19:30	38	11,9	32
4:19:40	38	11,9	32
4:19:50	38	11,9	32
4:20:00	38	11,9	33
4:20:10	38	11,9	33
4:20:20	38	11,9	33
4:20:30	38	11,9	33
4:20:40	38	11,9	33
4:20:50	38	11,9	33
4:21:00	38	11,8	34
4:21:10	38	11,8	34
4:21:20	38	11,8	34
4:21:30	38	11,8	34
4:21:40	38	11,8	34
4:21:50	38	11,8	34
4:22:00	38	11,8	35
4:22:10	38	11,7	35
4:22:20	38	11,7	35
4:22:30	38	11,8	35
4:22:40	38	11,8	35
4:22:50	38	11,8	35
4:23:00	38	11,8	35
4:23:10	38	11,8	35
4:23:20	38	11,7	35
4:23:30	38	11,7	35
4:23:40	38	11,9	35
4:23:50	38	11,9	35
4:24:00	38	11,9	35
4:24:10	38	11,9	35
4:24:20	38	11,9	35
4:24:30	38	11,9	36
4:24:40	38	11,9	36
4:24:50	38	11,9	36
4:25:00	38	11,9	36
4:25:10	38	11,9	36
4:25:20	38	11,9	36
4:25:30	38	12,0	36
4:25:40	38	12,0	36
4:25:50	38	11,9	36
4:26:00	38	11,9	36
4:26:10	38	11,9	36
4:26:20	38	11,9	36
4:26:30	38	11,9	37
4:26:40	38	11,9	37
4:26:50	38	11,9	37
4:27:00	38	11,9	38
4:27:10	38	11,9	39
4:27:20	38	11,8	38
4:27:30	38	11,8	38
4:27:40	38	11,8	38
4:27:50	38	11,8	38
4:28:00	38	11,8	38
4:28:10	38	11,8	38
4:28:20	38	11,8	38
4:28:30	38	11,8	38
4:28:40	38	11,7	38
4:28:50	38	11,8	38
4:29:00	38	11,8	38
4:29:10	38	11,8	38
4:29:20	38	11,8	38
4:29:30	38	11,8	39
4:29:40	38	11,8	39
4:29:50	38	11,8	39
4:30:00	38	11,8	39
4:30:10	38	11,8	39
4:30:20	38	11,8	39
4:30:30	38	11,8	39
4:30:40	38	11,8	39
4:30:50	38	11,8	39
4:31:00	38	11,8	40
4:31:10	38	11,8	40
4:31:20	38	11,8	40
4:31:30	38	11,8	40
4:31:40	38	11,8	40
4:31:50	38	11,8	40
4:32:00	38	11,8	40
4:32:10	38	11,8	40
4:32:20	38	11,8	40
4:32:30	38	11,8	40
4:32:40	38	11,8	40
4:32:50	38	11,8	41
4:33:00	38	11,8	41
4:33:10	38	11,8	41
4:33:20	38	11,8	41
4:33:30	38	11,8	41
4:33:40	38	11,7	41
4:33:50	38	11,7	42
4:34:00	38	11,7	42
4:34:10	38	11,8	42
4:34:20	38	11,8	42
4:34:30	38	11,8	42
4:34:40	38	11,8	42
4:34:50	38	11,8	43
4:35:00	38	11,8	43
4:35:10	38	11,7	49
4:35:20	38	11,7	48
4:35:30	38	11,8	48
4:35:40	38	11,8	47
4:35:50	38	11,7	47
4:36:00	38	11,7	47
4:36:10	38	11,7	47
4:36:20	38	11,7	47
4:36:30	38	11,7	46
4:36:40	38	11,8	45
4:36:50	38	11,7	51
4:37:00	38	11,7	51
4:37:10	38	11,7	51
4:37:20	38	11,8	51
4:37:30	38	11,8	51
4:37:40	38	11,8	51
4:37:50	38	11,8	51
4:38:00	38	11,8	51
4:38:10	38	11,8	51
4:38:20	38	11,9	50
4:38:30	38	11,9	49
4:38:40	38	11,9	32
4:38:50	38	11,9	57
4:39:00	38	11,9	65
4:39:10	38	11,9	52
4:39:20	38	11,9	50
4:39:30	38	11,9	50
4:39:40	38	11,9	51
4:39:50	38	11,9	51
4:40:00	38	11,9	51
4:40:10	38	11,9	51
4:40:20	38	11,9	51
4:40:30	38	11,9	51
4:40:40	38	11,9	51
4:40:50	38	11,9	51
4:41:00	38	11,8	51
4:41:10	38	11,8	51
4:41:20	38	11,8	51
4:41:30	38	11,8	51
4:41:40	38	11,8	51
4:41:50	38	11,7	51
4:42:00	38	11,7	51
4:42:10	38	11,9	51
4:42:20	38	11,9	51
4:42:30	38	11,9	52
4:42:40	38	11,9	52
4:42:50	38	11,8	52
4:43:00	38	11,8	52
4:43:10	38	11,8	52
4:43:20	38	11,8	52
4:43:30	38	11,8	52
4:43:40	38	11,8	52
4:43:50	38	11,8	52
4:44:00	38	11,8	52
4:44:10	38	11,8	52
4:44:20	38	11,7	52
4:44:30	38	11,7	52
4:44:40	38	11,7	53
4:44:50	38	11,7	53
4:45:00	38	11,7	53
4:45:10	38	11,7	53
4:45:20	38	11,7	53
4:45:30	38	11,7	53
4:45:40	38	11,8	53
4:45:50	38	11,8	53
4:46:00	38	11,8	54
4:46:10	38	11,8	54
4:46:20	38	11,8	54
4:46:30	38	11,8	54
4:46:40	38	11,8	54
4:46:50	38	11,8	54
4:47:00	38	11,8	54
4:47:10	38	11,8	55
4:47:20	38	11,8	55
4:47:30	38	11,9	55
4:47:40	38	11,9	55
4:47:50	38	11,9	55
4:48:00	38	11,9	55
4:48:10	38	11,9	68
4:48:20	38	11,9	65
4:48:30	38	11,9	60
4:48:40	38	11,9	60
4:48:50	38	11,9	60
4:49:00	38	11,9	60
4:49:10	38	11,9	60
4:49:20	38	11,9	61
4:49:30	38	11,9	60
4:49:40	38	11,9	60
4:49:50	38	11,9	61
4:50:00	38	11,9	64
4:50:10	38	11,8	62
4:50:20	38	11,8	63
4:50:30	38	11,8	62
4:50:40	38	11,8	62
4:50:50	38	11,8	62
4:51:00	38	11,8	62
4:51:10	38	11,7	62
4:51:20	38	11,7	62
4:51:30	38	11,7	62
4:51:40	38	11,9	63
4:51:50	38	11,9	63
4:52:00	38	11,9	65
4:52:10	38	11,9	64
4:52:20	38	11,8	64
4:52:30	38	11,8	64
4:52:40	38	11,8	64
4:52:50	38	11,8	64
4:53:00	38	11,8	65
4:53:10	38	11,8	64
4:53:20	38	11,8	64
4:53:30	38	11,8	64
4:53:40	38	11,8	64
4:53:50	38	11,7	64
4:54:00	38	11,7	64
4:54:10	38	11,8	64
4:54:20	38	11,8	65
4:54:30	38	11,8	64
4:54:40	38	11,8	65
4:54:50	38	11,8	65
4:55:00	38	11,8	65
4:55:10	38	11,8	65
4:55:20	38	11,8	65
4:55:30	38	11,8	65
4:55:40	38	11,8	65
4:55:50	38	11,8	65
4:56:00	38	11,9	65
4:56:10	38	11,9	66
4:56:20	38	11,9	66
4:56:30	38	11,9	66
4:56:40	38	11,9	66
4:56:50	38	11,9	66
4:57:00	38	11,9	67
4:57:10	38	12,0	67
4:57:20	38	12,0	67
4:57:30	38	12,0	67
4:57:40	38	12,0	67
4:57:50	38	12,0	67
4:58:00	38	12,0	68
4:58:10	38	11,9	68
4:58:20	38	11,9	68
4:58:30	38	11,9	69
4:58:40	38	11,9	68
4:58:50	38	11,9	69
4:59:00	38	11,8	69
4:59:10	38	11,8	69
4:59:20	38	11,8	69
4:59:30	38	11,8	69
4:59:40	38	11,8	69
4:59:50	38	11,8	69
5:00:00	38	11,7	70
5:00:10	38	11,7	70
5:00:20	38	11,7	70
5:00:30	38	11,7	70
5:00:40	38	11,7	70
5:00:50	38	11,9	71
