--Test Summary--
Full Path and File Name	
Instrument Name	UCA Right Cell
Instrument Type	Model 4262 Twin Cell UCA
Instrument Serial Number	
Test Start Date	06.07.2020
Test Start Time	16:25:23
Test Stop Date	07.07.2020
Test Stop Time	9:59:21
Test Length	17:33:58
Final Sample Time Offset	17:33:30
Controller Schedule Name	
Sampling Period	30 seconds
Comments	
Information	WellID	
Information	Customer	
Information	EngName	
Information	CementClass	G
Information	CementMfr	
Information	Additives	100G+5MKU-85+0.3Fibra+0.2DPC+0.15SMS+2CaCl2
Information	Density	1890
Information	BHCT	25
Information	BHST	
Information	FluidLoss	
Information	JobType	
Calculated Value	CS_50	4:12:00
Calculated Value	CS_500	7:42:30
Calculated Value	CS_Time8h	3,68 MPa
Calculated Value	CS_Time12h	6,44 MPa
Calculated Value	CS_Time24h	N/A
Calculated Value	CS_Time48h	N/A
Calculated Value	CS_Time72h	N/A
Calculated Curve	Compressive Strength	Compressive strength type B (more than 14 lb/gal)
Initial Temperature (°C)	26 °C
Final Temperature (°C)	29 °C
Initial Transit Time (microsec/in)	16,44 microsec/in
Final Transit Time (microsec/in)	9,67 microsec/in
Initial Compressive Strength (MPa)	0,00 MPa
Final Compressive Strength (MPa)	9,85 MPa
--Data--
Time (HH:MM:SS)	Temperature (°C)	Transit Time (microsec/in)	Compressive Strength (MPa)
0:00:00	26	16,44	0,00
0:00:30	26	16,45	0,00
0:01:00	26	16,47	0,00
0:01:30	26	16,48	0,00
0:02:00	26	16,50	0,00
0:02:30	26	16,51	0,00
0:03:00	26	16,52	0,00
0:03:30	26	16,54	0,00
0:04:00	26	16,55	0,00
0:04:30	26	16,56	0,00
0:05:00	26	16,57	0,00
0:05:30	26	16,58	0,00
0:06:00	26	16,60	0,00
0:06:30	26	16,61	0,00
0:07:00	26	16,62	0,00
0:07:30	26	16,63	0,00
0:08:00	26	16,64	0,00
0:08:30	26	16,65	0,00
0:09:00	26	16,66	0,00
0:09:30	26	16,66	0,00
0:10:00	26	16,67	0,00
0:10:30	26	16,68	0,00
0:11:00	26	16,68	0,00
0:11:30	26	16,69	0,00
0:12:00	26	16,70	0,00
0:12:30	26	16,71	0,00
0:13:00	26	16,71	0,00
0:13:30	26	16,72	0,00
0:14:00	26	16,73	0,00
0:14:30	26	16,73	0,00
0:15:00	26	16,74	0,00
0:15:30	26	16,74	0,00
0:16:00	26	16,75	0,00
0:16:30	26	16,75	0,00
0:17:00	26	16,76	0,00
0:17:30	26	16,76	0,00
0:18:00	26	16,77	0,00
0:18:30	26	16,77	0,00
0:19:00	26	16,77	0,00
0:19:30	26	16,78	0,00
0:20:00	26	16,78	0,00
0:20:30	26	16,79	0,00
0:21:00	26	16,79	0,00
0:21:30	26	16,80	0,00
0:22:00	26	16,80	0,00
0:22:30	26	16,80	0,00
0:23:00	26	16,80	0,00
0:23:30	26	16,80	0,00
0:24:00	26	16,81	0,00
0:24:30	26	16,81	0,00
0:25:00	26	16,82	0,00
0:25:30	26	16,82	0,00
0:26:00	26	16,82	0,00
0:26:30	26	16,82	0,00
0:27:00	26	16,83	0,00
0:27:30	26	16,83	0,00
0:28:00	26	16,84	0,00
0:28:30	26	16,84	0,00
0:29:00	26	16,84	0,00
0:29:30	26	16,84	0,00
0:30:00	26	16,84	0,00
0:30:30	26	16,84	0,00
0:31:00	26	16,84	0,00
0:31:30	26	16,85	0,00
0:32:00	26	16,85	0,00
0:32:30	26	16,85	0,00
0:33:00	26	16,85	0,00
0:33:30	26	16,85	0,00
0:34:00	26	16,86	0,00
0:34:30	26	16,86	0,00
0:35:00	26	16,86	0,00
0:35:30	26	16,86	0,00
0:36:00	26	16,86	0,00
0:36:30	26	16,86	0,00
0:37:00	26	16,86	0,00
0:37:30	26	16,86	0,00
0:38:00	26	16,86	0,00
0:38:30	26	16,87	0,00
0:39:00	26	16,87	0,00
0:39:30	26	16,87	0,00
0:40:00	26	16,87	0,00
0:40:30	26	16,88	0,00
0:41:00	26	16,88	0,00
0:41:30	26	16,88	0,00
0:42:00	26	16,88	0,00
0:42:30	26	16,88	0,00
0:43:00	26	16,88	0,00
0:43:30	26	16,89	0,00
0:44:00	26	16,89	0,00
0:44:30	26	16,89	0,00
0:45:00	26	16,89	0,00
0:45:30	26	16,89	0,00
0:46:00	26	16,89	0,00
0:46:30	26	16,89	0,00
0:47:00	26	16,90	0,00
0:47:30	26	16,90	0,00
0:48:00	26	16,90	0,00
0:48:30	26	16,90	0,00
0:49:00	26	16,90	0,00
0:49:30	26	16,90	0,00
0:50:00	26	16,90	0,00
0:50:30	26	16,90	0,00
0:51:00	26	16,90	0,00
0:51:30	26	16,90	0,00
0:52:00	26	16,90	0,00
0:52:30	26	16,90	0,00
0:53:00	26	16,90	0,00
0:53:30	26	16,90	0,00
0:54:00	26	16,90	0,00
0:54:30	26	16,91	0,00
0:55:00	26	16,91	0,00
0:55:30	26	16,91	0,00
0:56:00	26	16,91	0,00
0:56:30	26	16,91	0,00
0:57:00	26	16,91	0,00
0:57:30	26	16,91	0,00
0:58:00	26	16,91	0,00
0:58:30	26	16,91	0,00
0:59:00	26	16,92	0,00
0:59:30	26	16,92	0,00
1:00:00	26	16,92	0,00
1:00:30	26	16,92	0,00
1:01:00	26	16,92	0,00
1:01:30	26	16,92	0,00
1:02:00	26	16,92	0,00
1:02:30	26	16,93	0,00
1:03:00	26	16,93	0,00
1:03:30	26	16,93	0,00
1:04:00	26	16,93	0,00
1:04:30	26	16,93	0,00
1:05:00	26	16,93	0,00
1:05:30	26	16,93	0,00
1:06:00	26	16,93	0,00
1:06:30	26	16,93	0,00
1:07:00	26	16,93	0,00
1:07:30	26	16,93	0,00
1:08:00	26	16,93	0,00
1:08:30	26	16,93	0,00
1:09:00	26	16,93	0,00
1:09:30	26	16,93	0,00
1:10:00	26	16,93	0,00
1:10:30	26	16,93	0,00
1:11:00	26	16,93	0,00
1:11:30	26	16,93	0,00
1:12:00	26	16,93	0,00
1:12:30	26	16,93	0,00
1:13:00	26	16,94	0,00
1:13:30	26	16,94	0,00
1:14:00	26	16,94	0,00
1:14:30	26	16,94	0,00
1:15:00	26	16,94	0,00
1:15:30	26	16,94	0,00
1:16:00	26	16,94	0,00
1:16:30	26	16,94	0,00
1:17:00	26	16,94	0,00
1:17:30	26	16,94	0,00
1:18:00	26	16,95	0,00
1:18:30	26	16,95	0,00
1:19:00	26	16,95	0,00
1:19:30	26	16,95	0,00
1:20:00	26	16,95	0,00
1:20:30	26	16,95	0,00
1:21:00	26	16,95	0,00
1:21:30	26	16,95	0,00
1:22:00	26	16,95	0,00
1:22:30	26	16,96	0,00
1:23:00	26	16,96	0,00
1:23:30	26	16,96	0,00
1:24:00	26	16,96	0,00
1:24:30	26	16,96	0,00
1:25:00	26	16,96	0,00
1:25:30	26	16,96	0,00
1:26:00	26	16,96	0,00
1:26:30	26	16,96	0,00
1:27:00	26	16,96	0,00
1:27:30	26	16,96	0,00
1:28:00	26	16,96	0,00
1:28:30	26	16,96	0,00
1:29:00	26	16,96	0,00
1:29:30	26	16,96	0,00
1:30:00	26	16,96	0,00
1:30:30	26	16,96	0,00
1:31:00	26	16,96	0,00
1:31:30	26	16,96	0,00
1:32:00	26	16,96	0,00
1:32:30	26	16,96	0,00
1:33:00	26	16,96	0,00
1:33:30	26	16,96	0,00
1:34:00	26	16,96	0,00
1:34:30	26	16,97	0,00
1:35:00	26	16,97	0,00
1:35:30	26	16,97	0,00
1:36:00	26	16,97	0,00
1:36:30	26	16,97	0,00
1:37:00	26	16,97	0,00
1:37:30	26	16,97	0,00
1:38:00	26	16,97	0,00
1:38:30	26	16,97	0,00
1:39:00	26	16,97	0,00
1:39:30	26	16,97	0,00
1:40:00	26	16,97	0,00
1:40:30	26	16,97	0,00
1:41:00	26	16,97	0,00
1:41:30	26	16,98	0,00
1:42:00	26	16,98	0,00
1:42:30	26	16,98	0,00
1:43:00	26	16,98	0,00
1:43:30	26	16,98	0,00
1:44:00	26	16,98	0,00
1:44:30	26	16,98	0,00
1:45:00	26	16,98	0,00
1:45:30	26	16,98	0,00
1:46:00	26	16,98	0,00
1:46:30	26	16,98	0,00
1:47:00	26	16,98	0,00
1:47:30	26	16,98	0,00
1:48:00	26	16,98	0,00
1:48:30	26	16,98	0,00
1:49:00	26	16,98	0,00
1:49:30	26	16,98	0,00
1:50:00	26	16,98	0,00
1:50:30	26	16,98	0,00
1:51:00	26	16,98	0,00
1:51:30	26	16,98	0,00
1:52:00	26	16,98	0,00
1:52:30	26	16,98	0,00
1:53:00	27	16,98	0,00
1:53:30	27	16,98	0,00
1:54:00	27	16,98	0,00
1:54:30	26	16,98	0,00
1:55:00	26	16,99	0,00
1:55:30	27	16,99	0,00
1:56:00	26	16,99	0,00
1:56:30	27	16,99	0,00
1:57:00	26	16,99	0,00
1:57:30	27	17,00	0,00
1:58:00	27	17,00	0,00
1:58:30	27	17,00	0,00
1:59:00	27	16,96	0,00
1:59:30	27	16,96	0,00
2:00:00	27	16,96	0,00
2:00:30	27	16,97	0,00
2:01:00	27	16,97	0,00
2:01:30	27	16,97	0,00
2:02:00	27	16,97	0,00
2:02:30	27	16,97	0,00
2:03:00	27	16,97	0,00
2:03:30	27	16,97	0,00
2:04:00	27	16,97	0,00
2:04:30	27	16,97	0,00
2:05:00	27	16,98	0,00
2:05:30	27	16,97	0,00
2:06:00	27	16,97	0,00
2:06:30	27	16,98	0,00
2:07:00	27	16,97	0,00
2:07:30	27	16,97	0,00
2:08:00	27	16,98	0,00
2:08:30	27	16,97	0,00
2:09:00	27	16,97	0,00
2:09:30	27	16,97	0,00
2:10:00	27	16,97	0,00
2:10:30	27	16,98	0,00
2:11:00	27	16,97	0,00
2:11:30	27	16,97	0,00
2:12:00	27	16,97	0,00
2:12:30	27	16,98	0,00
2:13:00	27	16,97	0,00
2:13:30	27	16,97	0,00
2:14:00	27	16,97	0,00
2:14:30	27	16,97	0,00
2:15:00	27	16,97	0,00
2:15:30	27	16,97	0,00
2:16:00	27	16,97	0,00
2:16:30	27	16,97	0,00
2:17:00	27	16,97	0,00
2:17:30	27	16,97	0,00
2:18:00	27	16,97	0,00
2:18:30	27	16,97	0,00
2:19:00	27	16,97	0,00
2:19:30	27	16,96	0,00
2:20:00	27	16,96	0,00
2:20:30	27	16,96	0,00
2:21:00	27	16,96	0,00
2:21:30	27	16,96	0,00
2:22:00	27	16,96	0,00
2:22:30	27	16,96	0,00
2:23:00	27	16,96	0,00
2:23:30	27	16,96	0,00
2:24:00	27	16,96	0,00
2:24:30	27	16,96	0,00
2:25:00	27	16,96	0,00
2:25:30	27	16,96	0,00
2:26:00	27	16,96	0,00
2:26:30	27	16,96	0,00
2:27:00	27	16,96	0,00
2:27:30	27	16,95	0,00
2:28:00	27	16,95	0,00
2:28:30	27	16,95	0,00
2:29:00	27	16,95	0,00
2:29:30	27	16,95	0,00
2:30:00	27	16,95	0,00
2:30:30	27	16,94	0,00
2:31:00	27	16,94	0,00
2:31:30	27	16,94	0,00
2:32:00	27	16,94	0,00
2:32:30	27	16,93	0,00
2:33:00	27	16,93	0,00
2:33:30	27	16,93	0,00
2:34:00	27	16,93	0,00
2:34:30	27	16,93	0,00
2:35:00	27	16,93	0,00
2:35:30	27	16,93	0,00
2:36:00	27	16,93	0,00
2:36:30	27	16,93	0,00
2:37:00	27	16,92	0,00
2:37:30	27	16,92	0,00
2:38:00	27	16,92	0,00
2:38:30	27	16,92	0,00
2:39:00	27	16,91	0,00
2:39:30	27	16,91	0,00
2:40:00	27	16,91	0,00
2:40:30	27	16,90	0,00
2:41:00	27	16,90	0,00
2:41:30	27	16,90	0,00
2:42:00	27	16,90	0,00
2:42:30	27	16,90	0,00
2:43:00	27	16,90	0,00
2:43:30	27	16,90	0,00
2:44:00	27	16,90	0,00
2:44:30	27	16,89	0,00
2:45:00	27	16,89	0,00
2:45:30	27	16,89	0,00
2:46:00	27	16,88	0,00
2:46:30	27	16,88	0,00
2:47:00	27	16,88	0,00
2:47:30	27	16,87	0,00
2:48:00	27	16,87	0,00
2:48:30	27	16,87	0,00
2:49:00	27	16,87	0,00
2:49:30	27	16,86	0,00
2:50:00	27	16,86	0,00
2:50:30	27	16,86	0,00
2:51:00	27	16,86	0,00
2:51:30	27	16,86	0,00
2:52:00	27	16,86	0,00
2:52:30	27	16,85	0,00
2:53:00	27		
2:53:30	27	16,85	0,00
2:54:00	27	16,84	0,00
2:54:30	27	16,84	0,00
2:55:00	27	16,84	0,00
2:55:30	27	16,84	0,00
2:56:00	27	16,84	0,00
2:56:30	27	16,83	0,00
2:57:00	27	16,83	0,00
2:57:30	27	16,82	0,00
2:58:00	27	16,82	0,00
2:58:30	27	16,82	0,00
2:59:00	27	16,81	0,00
2:59:30	27	16,81	0,00
3:00:00	27	16,80	0,00
3:00:30	27	16,80	0,00
3:01:00	27	16,80	0,00
3:01:30	27	16,80	0,00
3:02:00	27	16,79	0,00
3:02:30	27	16,79	0,00
3:03:00	27	16,78	0,00
3:03:30	27	16,78	0,00
3:04:00	27	16,77	0,00
3:04:30	27	16,77	0,00
3:05:00	27	16,77	0,00
3:05:30	27	16,77	0,00
3:06:00	27	16,76	0,00
3:06:30	27	16,76	0,00
3:07:00	27	16,75	0,00
3:07:30	27	16,75	0,00
3:08:00	27	16,74	0,00
3:08:30	27	16,74	0,00
3:09:00	27	16,74	0,00
3:09:30	27	16,73	0,00
3:10:00	27	16,73	0,00
3:10:30	27	16,72	0,00
3:11:00	27	16,72	0,00
3:11:30	27	16,71	0,00
3:12:00	27	16,71	0,00
3:12:30	27	16,70	0,00
3:13:00	27	16,70	0,00
3:13:30	27	16,69	0,00
3:14:00	27	16,68	0,00
3:14:30	27	16,68	0,00
3:15:00	27	16,68	0,00
3:15:30	27	16,67	0,00
3:16:00	27	16,67	0,00
3:16:30	27	16,66	0,00
3:17:00	27	16,66	0,00
3:17:30	27	16,65	0,00
3:18:00	27	16,64	0,00
3:18:30	27	16,63	0,00
3:19:00	27	16,63	0,00
3:19:30	27	16,63	0,00
3:20:00	27	16,62	0,00
3:20:30	27	16,61	0,00
3:21:00	28	16,60	0,00
3:21:30	28	16,60	0,00
3:22:00	28	16,60	0,00
3:22:30	28	16,59	0,00
3:23:00	28	16,58	0,00
3:23:30	28	16,57	0,00
3:24:00	28	16,56	0,00
3:24:30	28	16,56	0,00
3:25:00	28	16,55	0,00
3:25:30	28	16,54	0,00
3:26:00	28	16,54	0,00
3:26:30	28	16,53	0,00
3:27:00	28	16,52	0,00
3:27:30	28	16,51	0,00
3:28:00	28	16,50	0,00
3:28:30	28	16,50	0,00
3:29:00	28	16,49	0,00
3:29:30	28	16,48	0,00
3:30:00	28	16,47	0,00
3:30:30	28	16,46	0,00
3:31:00	28	16,45	0,00
3:31:30	28	16,45	0,00
3:32:00	28	16,44	0,00
3:32:30	28	16,42	0,00
3:33:00	28	16,42	0,01
3:33:30	28	16,41	0,01
3:34:00	28	16,40	0,01
3:34:30	28	16,39	0,01
3:35:00	28	16,38	0,02
3:35:30	28	16,37	0,02
3:36:00	28	16,36	0,02
3:36:30	28	16,35	0,02
3:37:00	28	16,33	0,03
3:37:30	28	16,32	0,03
3:38:00	28	16,32	0,03
3:38:30	28	16,30	0,04
3:39:00	28	16,30	0,04
3:39:30	28	16,29	0,04
3:40:00	28	16,27	0,04
3:40:30	28	16,26	0,05
3:41:00	28	16,25	0,05
3:41:30	28	16,23	0,05
3:42:00	28	16,23	0,06
3:42:30	28	16,21	0,06
3:43:00	28	16,20	0,06
3:43:30	28	16,19	0,07
3:44:00	28	16,18	0,07
3:44:30	28	16,17	0,07
3:45:00	28	16,15	0,08
3:45:30	28	16,14	0,08
3:46:00	28	16,13	0,08
3:46:30	28	16,12	0,09
3:47:00	28	16,11	0,09
3:47:30	28	16,09	0,10
3:48:00	28	16,08	0,10
3:48:30	28	16,06	0,10
3:49:00	28	16,05	0,11
3:49:30	28	16,04	0,11
3:50:00	28	16,02	0,12
3:50:30	28	16,01	0,12
3:51:00	28	16,00	0,12
3:51:30	28	15,98	0,13
3:52:00	28	15,97	0,13
3:52:30	28	15,96	0,14
3:53:00	28	15,94	0,14
3:53:30	28	15,93	0,15
3:54:00	28	15,91	0,15
3:54:30	28	15,90	0,16
3:55:00	28	15,88	0,16
3:55:30	28	15,87	0,16
3:56:00	28	15,85	0,17
3:56:30	28	15,84	0,17
3:57:00	28	15,82	0,18
3:57:30	28	15,81	0,18
3:58:00	28	15,79	0,19
3:58:30	28	15,78	0,19
3:59:00	28	15,77	0,20
3:59:30	28	15,75	0,20
4:00:00	28	15,74	0,21
4:00:30	28	15,73	0,21
4:01:00	28	15,72	0,21
4:01:30	28	15,70	0,22
4:02:00	28	15,69	0,22
4:02:30	29	15,66	0,23
4:03:00	29	15,64	0,24
4:03:30	29	15,61	0,25
4:04:00	29	15,60	0,25
4:04:30	29	15,58	0,26
4:05:00	29	15,57	0,27
4:05:30	29	15,55	0,27
4:06:00	29	15,54	0,28
4:06:30	29	15,52	0,28
4:07:00	29	15,50	0,29
4:07:30	29	15,48	0,30
4:08:00	29	15,47	0,30
4:08:30	29	15,45	0,31
4:09:00	29	15,43	0,31
4:09:30	29	15,42	0,32
4:10:00	29	15,40	0,33
4:10:30	29	15,38	0,33
4:11:00	29	15,36	0,34
4:11:30	29	15,35	0,35
4:12:00	29	15,34	0,35
4:12:30	29	15,31	0,36
4:13:00	29	15,30	0,37
4:13:30	29	15,28	0,37
4:14:00	29	15,27	0,38
4:14:30	29	15,24	0,39
4:15:00	29	15,23	0,39
4:15:30	29	15,21	0,40
4:16:00	29	15,19	0,41
4:16:30	29	15,18	0,41
4:17:00	29	15,16	0,42
4:17:30	29	15,14	0,43
4:18:00	29	15,13	0,44
4:18:30	29	15,11	0,44
4:19:00	29	15,10	0,45
4:19:30	29	15,07	0,46
4:20:00	29	15,06	0,46
4:20:30	29	15,04	0,47
4:21:00	29	15,02	0,48
4:21:30	29	15,00	0,49
4:22:00	29	14,99	0,49
4:22:30	29	14,98	0,50
4:23:00	29	14,96	0,51
4:23:30	29	14,95	0,51
4:24:00	29	14,92	0,52
4:24:30	29	14,91	0,53
4:25:00	29	14,89	0,54
4:25:30	29	14,88	0,54
4:26:00	29	14,86	0,55
4:26:30	29	14,84	0,56
4:27:00	29	14,82	0,57
4:27:30	29	14,81	0,58
4:28:00	29	14,80	0,58
4:28:30	29	14,77	0,59
4:29:00	29	14,76	0,60
4:29:30	29	14,74	0,61
4:30:00	29	14,73	0,61
4:30:30	29	14,71	0,62
4:31:00	29	14,70	0,63
4:31:30	29	14,68	0,64
4:32:00	29	14,67	0,64
4:32:30	29	14,65	0,65
4:33:00	29	14,64	0,66
4:33:30	29	14,62	0,67
4:34:00	29	14,61	0,67
4:34:30	29	14,59	0,68
4:35:00	29	14,58	0,69
4:35:30	29	14,56	0,70
4:36:00	29	14,55	0,70
4:36:30	29	14,53	0,71
4:37:00	29	14,52	0,72
4:37:30	29	14,50	0,73
4:38:00	29	14,49	0,74
4:38:30	29	14,47	0,74
4:39:00	29	14,46	0,75
4:39:30	29	14,44	0,76
4:40:00	29	14,43	0,77
4:40:30	29	14,41	0,78
4:41:00	29	14,40	0,78
4:41:30	29	14,39	0,79
4:42:00	29	14,38	0,80
4:42:30	30	14,36	0,81
4:43:00	30	14,34	0,81
4:43:30	30	14,33	0,82
4:44:00	30	14,32	0,83
4:44:30	30	14,31	0,84
4:45:00	30	14,29	0,84
4:45:30	30	14,28	0,85
4:46:00	30	14,26	0,86
4:46:30	30	14,25	0,87
4:47:00	30	14,24	0,87
4:47:30	30	14,22	0,88
4:48:00	30	14,21	0,89
4:48:30	30	14,20	0,90
4:49:00	30	14,19	0,91
4:49:30	30	14,17	0,91
4:50:00	30	14,16	0,92
4:50:30	30	14,15	0,93
4:51:00	30	14,14	0,94
4:51:30	30	14,13	0,94
4:52:00	30	14,11	0,95
4:52:30	30	14,10	0,96
4:53:00	30	14,09	0,96
4:53:30	30	14,07	0,97
4:54:00	30	14,06	0,98
4:54:30	30	14,05	0,99
4:55:00	30	14,04	1,00
4:55:30	30	14,02	1,01
4:56:00	30	14,02	1,01
4:56:30	30	14,00	1,02
4:57:00	30	13,99	1,03
4:57:30	30	13,98	1,04
4:58:00	30	13,97	1,04
4:58:30	30	13,96	1,05
4:59:00	30	13,95	1,06
4:59:30	30	13,94	1,06
5:00:00	30	13,93	1,07
5:00:30	30	13,91	1,08
5:01:00	30	13,90	1,09
5:01:30	30	13,89	1,10
5:02:00	30	13,88	1,10
5:02:30	30	13,86	1,11
5:03:00	30	13,86	1,12
5:03:30	30	13,84	1,13
5:04:00	30	13,84	1,13
5:04:30	30	13,83	1,14
5:05:00	30	13,82	1,14
5:05:30	30	13,80	1,15
5:06:00	30	13,80	1,16
5:06:30	30	13,78	1,17
5:07:00	30	13,76	1,18
5:07:30	30	13,75	1,19
5:08:00	30	13,74	1,20
5:08:30	30	13,73	1,20
5:09:00	30	13,72	1,21
5:09:30	30	13,71	1,22
5:10:00	30	13,70	1,23
5:10:30	30	13,69	1,24
5:11:00	30	13,68	1,24
5:11:30	30	13,67	1,25
5:12:00	30	13,66	1,26
5:12:30	30	13,65	1,27
5:13:00	30	13,64	1,27
5:13:30	30	13,63	1,28
5:14:00	30	13,62	1,29
5:14:30	30	13,60	1,30
5:15:00	30	13,60	1,30
5:15:30	30	13,59	1,31
5:16:00	30	13,57	1,32
5:16:30	30	13,57	1,33
5:17:00	30	13,56	1,33
5:17:30	30	13,54	1,34
5:18:00	30	13,54	1,35
5:18:30	30	13,53	1,36
5:19:00	30	13,52	1,36
5:19:30	30	13,50	1,37
5:20:00	30	13,50	1,38
5:20:30	30	13,49	1,39
5:21:00	30	13,48	1,40
5:21:30	30	13,47	1,40
5:22:00	30	13,46	1,41
5:22:30	30	13,45	1,42
5:23:00	30	13,44	1,43
5:23:30	30	13,43	1,43
5:24:00	30	13,42	1,44
5:24:30	30	13,41	1,45
5:25:00	30	13,40	1,46
5:25:30	30	13,39	1,46
5:26:00	30	13,39	1,47
5:26:30	30	13,37	1,48
5:27:00	30	13,36	1,49
5:27:30	30	13,36	1,50
5:28:00	30	13,35	1,50
5:28:30	30	13,34	1,51
5:29:00	30	13,32	1,52
5:29:30	30	13,32	1,53
5:30:00	30	13,31	1,53
5:30:30	30	13,30	1,54
5:31:00	30	13,29	1,55
5:31:30	30	13,28	1,56
5:32:00	30	13,27	1,57
5:32:30	30	13,27	1,57
5:33:00	30	13,26	1,58
5:33:30	30	13,24	1,59
5:34:00	30	13,24	1,60
5:34:30	30	13,23	1,61
5:35:00	30	13,22	1,61
5:35:30	30	13,21	1,62
5:36:00	30	13,21	1,63
5:36:30	30	13,19	1,64
5:37:00	30	13,18	1,65
5:37:30	30	13,18	1,65
5:38:00	30	13,17	1,66
5:38:30	30	13,16	1,67
5:39:00	30	13,15	1,67
5:39:30	30	13,15	1,68
5:40:00	30	13,13	1,69
5:40:30	30	13,12	1,70
5:41:00	30	13,12	1,71
5:41:30	30	13,11	1,71
5:42:00	30	13,10	1,72
5:42:30	30	13,09	1,73
5:43:00	30	13,09	1,74
5:43:30	30	13,08	1,74
5:44:00	30	13,07	1,75
5:44:30	30	13,06	1,76
5:45:00	30	13,05	1,77
5:45:30	30	13,04	1,78
5:46:00	30	13,03	1,79
5:46:30	30	13,02	1,79
5:47:00	30	13,02	1,80
5:47:30	30	13,01	1,81
5:48:00	30	13,00	1,81
5:48:30	30	13,00	1,82
5:49:00	30	12,99	1,83
5:49:30	30	12,98	1,84
5:50:00	30	12,97	1,84
5:50:30	30	12,96	1,85
5:51:00	30	12,96	1,86
5:51:30	31	12,95	1,87
5:52:00	31	12,94	1,88
5:52:30	30	12,94	1,88
5:53:00	30	12,93	1,89
5:53:30	31	12,92	1,90
5:54:00	30	12,91	1,90
5:54:30	30	12,91	1,91
5:55:00	31	12,90	1,92
5:55:30	30	12,89	1,93
5:56:00	31	12,88	1,94
5:56:30	31	12,88	1,94
5:57:00	31	12,86	1,96
5:57:30	31	12,85	1,97
5:58:00	31	12,85	1,97
5:58:30	31	12,85	1,97
5:59:00	31	12,84	1,98
5:59:30	31	12,82	2,00
6:00:00	31	12,82	2,00
6:00:30	31	12,82	2,00
6:01:00	31	12,81	2,01
6:01:30	31	12,80	2,02
6:02:00	31	12,79	2,03
6:02:30	31	12,79	2,04
6:03:00	31	12,78	2,04
6:03:30	31	12,77	2,05
6:04:00	31	12,76	2,06
6:04:30	31	12,76	2,07
6:05:00	31	12,75	2,08
6:05:30	31	12,74	2,09
6:06:00	31	12,73	2,09
6:06:30	31	12,73	2,10
6:07:00	31	12,72	2,11
6:07:30	31	12,71	2,12
6:08:00	31	12,70	2,13
6:08:30	31	12,70	2,14
6:09:00	31	12,70	2,14
6:09:30	31	12,69	2,14
6:10:00	31	12,68	2,15
6:10:30	31	12,67	2,16
6:11:00	31	12,67	2,17
6:11:30	31	12,66	2,18
6:12:00	31	12,65	2,19
6:12:30	31	12,64	2,19
6:13:00	31	12,64	2,19
6:13:30	31	12,64	2,20
6:14:00	31	12,63	2,21
6:14:30	31	12,62	2,22
6:15:00	31	12,61	2,23
6:15:30	31	12,61	2,24
6:16:00	31	12,60	2,25
6:16:30	31	12,60	2,25
6:17:00	31	12,59	2,25
6:17:30	31	12,58	2,26
6:18:00	31	12,57	2,27
6:18:30	31	12,57	2,28
6:19:00	31	12,56	2,29
6:19:30	31	12,55	2,30
6:20:00	31	12,55	2,30
6:20:30	31	12,55	2,31
6:21:00	31	12,54	2,32
6:21:30	31	12,53	2,33
6:22:00	31	12,52	2,33
6:22:30	31	12,52	2,34
6:23:00	31	12,52	2,34
6:23:30	31	12,51	2,35
6:24:00	31	12,50	2,36
6:24:30	31	12,49	2,37
6:25:00	31	12,49	2,37
6:25:30	31	12,48	2,38
6:26:00	31	12,48	2,39
6:26:30	31	12,48	2,39
6:27:00	31	12,47	2,40
6:27:30	31	12,46	2,41
6:28:00	31	12,46	2,41
6:28:30	31	12,45	2,43
6:29:00	31	12,44	2,44
6:29:30	31	12,43	2,45
6:30:00	31	12,43	2,45
6:30:30	31	12,42	2,46
6:31:00	31	12,41	2,47
6:31:30	31	12,41	2,47
6:32:00	31	12,40	2,48
6:32:30	31	12,39	2,49
6:33:00	31	12,39	2,50
6:33:30	31	12,38	2,51
6:34:00	31	12,38	2,51
6:34:30	31	12,37	2,52
6:35:00	31	12,37	2,53
6:35:30	31	12,36	2,54
6:36:00	31	12,36	2,54
6:36:30	31	12,35	2,55
6:37:00	31	12,34	2,56
6:37:30	31	12,34	2,57
6:38:00	31	12,34	2,57
6:38:30	31	12,33	2,58
6:39:00	31	12,32	2,59
6:39:30	31	12,32	2,59
6:40:00	31	12,31	2,60
6:40:30	31	12,30	2,61
6:41:00	31	12,30	2,62
6:41:30	31	12,30	2,62
6:42:00	31	12,29	2,63
6:42:30	31	12,28	2,64
6:43:00	31	12,28	2,65
6:43:30	31	12,28	2,65
6:44:00	31	12,27	2,66
6:44:30	31	12,26	2,67
6:45:00	31	12,26	2,67
6:45:30	31	12,25	2,68
6:46:00	31	12,25	2,69
6:46:30	31	12,24	2,70
6:47:00	31	12,24	2,70
6:47:30	31	12,23	2,71
6:48:00	31	12,22	2,72
6:48:30	31	12,22	2,72
6:49:00	31	12,21	2,73
6:49:30	31	12,21	2,74
6:50:00	31	12,21	2,74
6:50:30	31	12,20	2,75
6:51:00	31	12,19	2,76
6:51:30	31	12,19	2,77
6:52:00	31	12,19	2,77
6:52:30	31	12,18	2,78
6:53:00	31	12,17	2,79
6:53:30	31	12,17	2,79
6:54:00	31	12,16	2,81
6:54:30	31	12,16	2,82
6:55:00	31	12,16	2,82
6:55:30	31	12,15	2,83
6:56:00	31	12,15	2,83
6:56:30	31	12,14	2,84
6:57:00	31	12,13	2,85
6:57:30	30	12,13	2,86
6:58:00	30	12,13	2,86
6:58:30	30	12,12	2,87
6:59:00	30	12,12	2,87
6:59:30	30	12,11	2,88
7:00:00	30	12,10	2,89
7:00:30	31	12,10	2,89
7:01:00	30	12,10	2,90
7:01:30	31	12,09	2,91
7:02:00	31	12,09	2,91
7:02:30	30	12,08	2,92
7:03:00	30	12,07	2,94
7:03:30	30	12,07	2,94
7:04:00	30	12,07	2,95
7:04:30	30	12,06	2,96
7:05:00	30	12,06	2,96
7:05:30	30	12,05	2,97
7:06:00	30	12,05	2,97
7:06:30	30	12,04	2,98
7:07:00	30	12,04	2,98
7:07:30	30	12,04	2,99
7:08:00	30	12,03	3,00
7:08:30	30	12,03	3,00
7:09:00	30	12,02	3,01
7:09:30	30	12,02	3,01
7:10:00	30	12,01	3,03
7:10:30	30	12,00	3,04
7:11:00	30	12,00	3,04
7:11:30	30	12,00	3,05
7:12:00	30	11,99	3,06
7:12:30	30	11,99	3,06
7:13:00	30	11,98	3,07
7:13:30	30	11,98	3,07
7:14:00	30	11,98	3,08
7:14:30	30	11,97	3,09
7:15:00	30	11,97	3,09
7:15:30	30	11,96	3,11
7:16:00	30	11,96	3,11
7:16:30	30	11,95	3,12
7:17:00	30	11,95	3,12
7:17:30	30	11,95	3,13
7:18:00	30	11,95	3,13
7:18:30	30	11,94	3,14
7:19:00	30	11,93	3,15
7:19:30	30	11,93	3,15
7:20:00	30	11,92	3,16
7:20:30	30	11,92	3,16
7:21:00	30	11,91	3,18
7:21:30	30	11,91	3,19
7:22:00	30	11,91	3,19
7:22:30	30	11,90	3,20
7:23:00	30	11,90	3,20
7:23:30	30	11,89	3,21
7:24:00	30	11,89	3,21
7:24:30	30	11,89	3,22
7:25:00	30	11,89	3,22
7:25:30	30	11,88	3,24
7:26:00	30	11,87	3,25
7:26:30	30	11,87	3,25
7:27:00	30	11,86	3,26
7:27:30	30	11,86	3,26
7:28:00	30	11,86	3,27
7:28:30	30	11,86	3,27
7:29:00	30	11,85	3,29
7:29:30	30	11,85	3,29
7:30:00	30	11,84	3,30
7:30:30	30	11,84	3,30
7:31:00	30	11,83	3,31
7:31:30	30	11,83	3,31
7:32:00	30	11,82	3,32
7:32:30	30	11,82	3,32
7:33:00	30	11,82	3,34
7:33:30	30	11,82	3,34
7:34:00	30	11,81	3,35
7:34:30	30	11,81	3,35
7:35:00	30	11,80	3,36
7:35:30	30	11,80	3,36
7:36:00	30	11,80	3,37
7:36:30	30	11,80	3,37
7:37:00	30	11,79	3,39
7:37:30	30	11,78	3,40
7:38:00	30	11,78	3,40
7:38:30	30	11,78	3,40
7:39:00	30	11,77	3,41
7:39:30	30	11,77	3,42
7:40:00	30	11,77	3,42
7:40:30	30	11,77	3,42
7:41:00	30	11,76	3,44
7:41:30	30	11,76	3,44
7:42:00	30	11,75	3,45
7:42:30	30	11,75	3,45
7:43:00	30	11,74	3,46
7:43:30	30	11,74	3,46
7:44:00	30	11,74	3,48
7:44:30	30	11,74	3,48
7:45:00	30	11,73	3,49
7:45:30	30	11,72	3,50
7:46:00	30	11,72	3,50
7:46:30	30	11,71	3,51
7:47:00	30	11,71	3,51
7:47:30	30	11,71	3,53
7:48:00	30	11,71	3,53
7:48:30	30	11,71	3,53
7:49:00	30	11,70	3,54
7:49:30	30	11,70	3,54
7:50:00	30	11,69	3,55
7:50:30	30	11,69	3,55
7:51:00	30	11,68	3,57
7:51:30	30	11,68	3,57
7:52:00	30	11,68	3,58
7:52:30	30	11,68	3,58
7:53:00	30	11,67	3,59
7:53:30	30	11,67	3,59
7:54:00	30	11,66	3,61
7:54:30	30	11,66	3,61
7:55:00	30	11,65	3,62
7:55:30	30	11,65	3,62
7:56:00	30	11,65	3,63
7:56:30	30	11,65	3,63
7:57:00	30	11,65	3,63
7:57:30	30	11,64	3,65
7:58:00	30	11,64	3,65
7:58:30	30	11,63	3,66
7:59:00	30	11,63	3,66
7:59:30	30	11,62	3,68
8:00:00	30	11,62	3,68
8:00:30	30	11,62	3,69
8:01:00	30	11,62	3,69
8:01:30	30	11,61	3,70
8:02:00	30	11,61	3,70
8:02:30	30	11,61	3,70
8:03:00	30	11,60	3,72
8:03:30	30	11,60	3,72
8:04:00	30	11,59	3,73
8:04:30	30	11,59	3,73
8:05:00	30	11,59	3,74
8:05:30	30	11,59	3,74
8:06:00	30	11,58	3,76
8:06:30	30	11,58	3,76
8:07:00	30	11,57	3,77
8:07:30	30	11,57	3,77
8:08:00	30	11,57	3,77
8:08:30	30	11,56	3,79
8:09:00	30	11,56	3,79
8:09:30	30	11,55	3,80
8:10:00	30	11,55	3,80
8:10:30	30	11,55	3,82
8:11:00	30	11,55	3,82
8:11:30	30	11,55	3,82
8:12:00	30	11,54	3,83
8:12:30	30	11,54	3,83
8:13:00	30	11,53	3,84
8:13:30	30	11,53	3,84
8:14:00	30	11,52	3,86
8:14:30	30	11,52	3,86
8:15:00	30	11,52	3,87
8:15:30	30	11,52	3,87
8:16:00	30	11,52	3,87
8:16:30	30	11,51	3,89
8:17:00	30	11,51	3,89
8:17:30	30	11,50	3,90
8:18:00	30	11,50	3,90
8:18:30	30	11,50	3,90
8:19:00	30	11,50	3,92
8:19:30	30	11,50	3,92
8:20:00	30	11,49	3,93
8:20:30	30	11,49	3,93
8:21:00	30	11,48	3,95
8:21:30	30	11,48	3,95
8:22:00	30	11,48	3,95
8:22:30	30	11,47	3,96
8:23:00	30	11,47	3,96
8:23:30	30	11,46	3,97
8:24:00	30	11,46	3,97
8:24:30	30	11,46	3,99
8:25:00	30	11,46	3,99
8:25:30	30	11,46	3,99
8:26:00	30	11,45	4,00
8:26:30	30	11,45	4,00
8:27:00	30	11,45	4,00
8:27:30	30	11,44	4,02
8:28:00	30	11,44	4,02
8:28:30	30	11,44	4,02
8:29:00	30	11,44	4,03
8:29:30	30	11,44	4,03
8:30:00	30	11,44	4,03
8:30:30	30	11,44	4,03
8:31:00	30	11,43	4,05
8:31:30	30	11,43	4,05
8:32:00	30	11,44	4,03
8:32:30	30	11,43	4,05
8:33:00	30	11,41	4,08
8:33:30	30	11,41	4,10
8:34:00	30	11,41	4,10
8:34:30	30	11,40	4,11
8:35:00	30	11,40	4,11
8:35:30	30	11,40	4,11
8:36:00	30	11,39	4,13
8:36:30	30	11,39	4,13
8:37:00	30	11,38	4,14
8:37:30	30	11,38	4,14
8:38:00	30	11,38	4,14
8:38:30	30	11,38	4,16
8:39:00	30	11,38	4,16
8:39:30	30	11,37	4,17
8:40:00	30	11,37	4,17
8:40:30	30	11,37	4,17
8:41:00	30	11,36	4,19
8:41:30	30	11,36	4,19
8:42:00	30	11,35	4,20
8:42:30	30	11,35	4,20
8:43:00	30	11,35	4,20
8:43:30	30	11,35	4,22
8:44:00	30	11,35	4,22
8:44:30	30	11,34	4,23
8:45:00	30	11,34	4,23
8:45:30	30	11,34	4,23
8:46:00	30	11,33	4,25
8:46:30	30	11,33	4,25
8:47:00	30	11,33	4,25
8:47:30	30	11,32	4,27
8:48:00	30	11,32	4,27
8:48:30	30	11,32	4,28
8:49:00	30	11,32	4,28
8:49:30	30	11,32	4,28
8:50:00	30	11,31	4,30
8:50:30	30	11,31	4,30
8:51:00	30	11,30	4,31
8:51:30	30	11,30	4,31
8:52:00	30	11,30	4,31
8:52:30	30	11,29	4,33
8:53:00	30	11,29	4,33
8:53:30	30	11,29	4,35
8:54:00	30	11,29	4,35
8:54:30	30	11,29	4,35
8:55:00	30	11,28	4,36
8:55:30	30	11,28	4,36
8:56:00	30	11,28	4,36
8:56:30	30	11,27	4,38
8:57:00	30	11,27	4,38
8:57:30	30	11,26	4,40
8:58:00	30	11,26	4,40
8:58:30	30	11,26	4,40
8:59:00	30	11,26	4,41
8:59:30	30	11,26	4,41
9:00:00	30	11,26	4,41
9:00:30	30	11,25	4,43
9:01:00	30	11,25	4,43
9:01:30	30	11,25	4,43
9:02:00	30	11,24	4,44
9:02:30	30	11,24	4,44
9:03:00	30	11,23	4,46
9:03:30	30	11,23	4,46
9:04:00	30	11,23	4,46
9:04:30	30	11,23	4,48
9:05:00	30	11,23	4,48
9:05:30	30	11,23	4,48
9:06:00	30	11,22	4,49
9:06:30	30	11,22	4,49
9:07:00	30	11,22	4,49
9:07:30	30	11,21	4,51
9:08:00	30	11,21	4,51
9:08:30	30	11,21	4,51
9:09:00	30	11,20	4,53
9:09:30	30	11,20	4,53
9:10:00	30	11,20	4,54
9:10:30	30	11,20	4,54
9:11:00	30	11,20	4,54
9:11:30	30	11,19	4,56
9:12:00	30	11,19	4,56
9:12:30	30	11,19	4,56
9:13:00	30	11,18	4,58
9:13:30	30	11,18	4,58
9:14:00	30	11,18	4,58
9:14:30	30	11,17	4,60
9:15:00	30	11,17	4,60
9:15:30	30	11,17	4,60
9:16:00	30	11,17	4,61
9:16:30	30	11,17	4,61
9:17:00	30	11,17	4,61
9:17:30	30	11,16	4,63
9:18:00	30	11,16	4,63
9:18:30	30	11,16	4,63
9:19:00	30	11,15	4,65
9:19:30	30	11,15	4,65
9:20:00	30	11,15	4,65
9:20:30	30	11,14	4,66
9:21:00	30	11,14	4,66
9:21:30	30	11,14	4,66
9:22:00	30	11,14	4,68
9:22:30	30	11,14	4,68
9:23:00	30	11,14	4,68
9:23:30	30	11,13	4,70
9:24:00	30	11,13	4,70
9:24:30	30	11,13	4,70
9:25:00	30	11,12	4,72
9:25:30	30	11,12	4,72
9:26:00	30	11,12	4,72
9:26:30	30	11,11	4,73
9:27:00	30	11,11	4,73
9:27:30	30	11,11	4,75
9:28:00	30	11,11	4,75
9:28:30	30	11,11	4,75
9:29:00	30	11,11	4,75
9:29:30	30	11,10	4,77
9:30:00	30	11,10	4,77
9:30:30	30	11,10	4,77
9:31:00	30	11,09	4,79
9:31:30	30	11,09	4,79
9:32:00	30	11,09	4,79
9:32:30	30	11,08	4,81
9:33:00	30	11,08	4,81
9:33:30	30	11,08	4,81
9:34:00	30	11,07	4,82
9:34:30	30	11,07	4,82
9:35:00	30	11,07	4,82
9:35:30	30	11,07	4,84
9:36:00	30	11,07	4,84
9:36:30	30	11,07	4,84
9:37:00	30	11,06	4,86
9:37:30	30	11,06	4,86
9:38:00	30	11,06	4,86
9:38:30	30	11,05	4,88
9:39:00	30	11,05	4,88
9:39:30	30	11,05	4,88
9:40:00	30	11,05	4,88
9:40:30	30	11,05	4,90
9:41:00	30	11,05	4,90
9:41:30	30	11,04	4,91
9:42:00	30	11,04	4,91
9:42:30	30	11,04	4,91
9:43:00	30	11,04	4,91
9:43:30	30	11,03	4,93
9:44:00	30	11,03	4,93
9:44:30	30	11,03	4,93
9:45:00	30	11,02	4,95
9:45:30	30	11,02	4,95
9:46:00	30	11,02	4,95
9:46:30	30	11,02	4,97
9:47:00	30	11,02	4,97
9:47:30	30	11,02	4,97
9:48:00	30	11,02	4,97
9:48:30	30	11,01	4,99
9:49:00	30	11,01	4,99
9:49:30	30	11,01	4,99
9:50:00	30	11,00	5,01
9:50:30	30	11,00	5,01
9:51:00	30	11,00	5,01
9:51:30	30	10,99	5,03
9:52:00	30	10,99	5,03
9:52:30	30	10,99	5,03
9:53:00	30	10,98	5,04
9:53:30	30	10,98	5,04
9:54:00	30	10,98	5,04
9:54:30	30	10,98	5,04
9:55:00	30	10,98	5,06
9:55:30	30	10,98	5,06
9:56:00	30	10,98	5,06
9:56:30	30	10,97	5,08
9:57:00	30	10,97	5,08
9:57:30	30	10,97	5,08
9:58:00	30	10,97	5,08
9:58:30	30	10,96	5,10
9:59:00	30	10,96	5,10
9:59:30	30	10,96	5,10
10:00:00	30	10,96	5,12
10:00:30	30	10,96	5,12
10:01:00	30	10,96	5,12
10:01:30	30	10,95	5,14
10:02:00	30	10,95	5,14
10:02:30	30	10,95	5,14
10:03:00	30	10,95	5,14
10:03:30	30	10,94	5,16
10:04:00	30	10,94	5,16
10:04:30	30	10,94	5,16
10:05:00	30	10,93	5,18
10:05:30	30	10,93	5,18
10:06:00	30	10,93	5,18
10:06:30	30	10,93	5,20
10:07:00	30	10,93	5,20
10:07:30	30	10,93	5,20
10:08:00	30	10,93	5,20
10:08:30	30	10,92	5,22
10:09:00	30	10,92	5,22
10:09:30	30	10,92	5,22
10:10:00	30	10,91	5,24
10:10:30	30	10,91	5,24
10:11:00	30	10,91	5,24
10:11:30	30	10,91	5,24
10:12:00	30	10,90	5,26
10:12:30	30	10,90	5,26
10:13:00	30	10,90	5,26
10:13:30	30	10,89	5,28
10:14:00	30	10,89	5,28
10:14:30	30	10,89	5,28
10:15:00	30	10,89	5,28
10:15:30	30	10,89	5,30
10:16:00	30	10,89	5,30
10:16:30	30	10,89	5,30
10:17:00	30	10,88	5,32
10:17:30	30	10,88	5,32
10:18:00	30	10,88	5,32
10:18:30	30	10,88	5,32
10:19:00	30	10,87	5,34
10:19:30	30	10,87	5,34
10:20:00	30	10,87	5,34
10:20:30	30	10,87	5,36
10:21:00	30	10,87	5,36
10:21:30	30	10,87	5,36
10:22:00	30	10,87	5,36
10:22:30	30	10,86	5,38
10:23:00	30	10,86	5,38
10:23:30	30	10,86	5,38
10:24:00	30	10,85	5,40
10:24:30	30	10,85	5,40
10:25:00	30	10,85	5,40
10:25:30	30	10,85	5,40
10:26:00	30	10,84	5,42
10:26:30	30	10,84	5,42
10:27:00	30	10,84	5,42
10:27:30	30	10,84	5,44
10:28:00	30	10,84	5,44
10:28:30	30	10,84	5,44
10:29:00	30	10,84	5,44
10:29:30	30	10,83	5,46
10:30:00	30	10,83	5,46
10:30:30	30	10,83	5,46
10:31:00	30	10,83	5,46
10:31:30	30	10,82	5,48
10:32:00	30	10,82	5,48
10:32:30	30	10,82	5,48
10:33:00	30	10,81	5,50
10:33:30	30	10,81	5,50
10:34:00	30	10,81	5,50
10:34:30	30	10,81	5,50
10:35:00	30	10,80	5,52
10:35:30	30	10,80	5,52
10:36:00	30	10,80	5,52
10:36:30	30	10,80	5,52
10:37:00	30	10,80	5,54
10:37:30	30	10,80	5,54
10:38:00	30	10,80	5,54
10:38:30	30	10,79	5,56
10:39:00	30	10,79	5,56
10:39:30	30	10,79	5,56
10:40:00	30	10,79	5,56
10:40:30	30	10,78	5,58
10:41:00	30	10,78	5,58
10:41:30	30	10,78	5,58
10:42:00	30	10,78	5,58
10:42:30	30	10,78	5,60
10:43:00	30	10,78	5,60
10:43:30	30	10,78	5,60
10:44:00	30	10,78	5,60
10:44:30	30	10,77	5,62
10:45:00	30	10,77	5,62
10:45:30	30	10,77	5,62
10:46:00	30	10,76	5,64
10:46:30	30	10,76	5,64
10:47:00	30	10,76	5,64
10:47:30	30	10,76	5,64
10:48:00	30	10,75	5,66
10:48:30	30	10,75	5,66
10:49:00	30	10,75	5,66
10:49:30	30	10,75	5,66
10:50:00	30	10,75	5,69
10:50:30	30	10,75	5,69
10:51:00	30	10,75	5,69
10:51:30	30	10,75	5,69
10:52:00	30	10,74	5,71
10:52:30	30	10,74	5,71
10:53:00	30	10,74	5,71
10:53:30	30	10,74	5,71
10:54:00	30	10,73	5,73
10:54:30	30	10,73	5,73
10:55:00	30	10,73	5,73
10:55:30	30	10,73	5,73
10:56:00	30	10,72	5,75
10:56:30	30	10,72	5,75
10:57:00	30	10,72	5,75
10:57:30	30	10,72	5,75
10:58:00	30	10,71	5,77
10:58:30	30	10,71	5,77
10:59:00	30	10,71	5,77
10:59:30	30	10,71	5,77
11:00:00	30	10,71	5,79
11:00:30	30	10,71	5,79
11:01:00	30	10,71	5,79
11:01:30	30	10,71	5,79
11:02:00	30	10,70	5,81
11:02:30	30	10,70	5,81
11:03:00	30	10,70	5,81
11:03:30	30	10,70	5,81
11:04:00	30	10,69	5,84
11:04:30	30	10,69	5,84
11:05:00	30	10,69	5,84
11:05:30	30	10,69	5,84
11:06:00	30	10,69	5,86
11:06:30	30	10,69	5,86
11:07:00	30	10,69	5,86
11:07:30	29	10,69	5,86
11:08:00	29	10,68	5,88
11:08:30	30	10,68	5,88
11:09:00	30	10,68	5,88
11:09:30	30	10,68	5,88
11:10:00	29	10,67	5,90
11:10:30	29	10,67	5,90
11:11:00	29	10,67	5,90
11:11:30	29	10,67	5,90
11:12:00	29	10,67	5,90
11:12:30	29	10,66	5,92
11:13:00	29	10,66	5,92
11:13:30	30	10,66	5,92
11:14:00	30	10,66	5,95
11:14:30	29	10,66	5,95
11:15:00	30	10,66	5,95
11:15:30	29	10,66	5,95
11:16:00	29	10,66	5,95
11:16:30	29	10,65	5,97
11:17:00	29	10,65	5,97
11:17:30	29	10,65	5,97
11:18:00	29	10,64	5,99
11:18:30	29	10,64	5,99
11:19:00	29	10,64	5,99
11:19:30	29	10,64	5,99
11:20:00	29	10,64	5,99
11:20:30	29	10,63	6,01
11:21:00	29	10,63	6,01
11:21:30	29	10,63	6,01
11:22:00	29	10,63	6,01
11:22:30	29	10,63	6,04
11:23:00	29	10,63	6,04
11:23:30	29	10,63	6,04
11:24:00	29	10,63	6,04
11:24:30	29	10,63	6,04
11:25:00	29	10,62	6,06
11:25:30	29	10,62	6,06
11:26:00	29	10,62	6,06
11:26:30	29	10,62	6,06
11:27:00	30	10,63	6,04
11:27:30	30	10,62	6,06
11:28:00	30	10,62	6,06
11:28:30	30	10,61	6,08
11:29:00	30	10,60	6,11
11:29:30	30	10,60	6,11
11:30:00	30	10,60	6,11
11:30:30	30	10,60	6,11
11:31:00	30	10,60	6,13
11:31:30	30	10,60	6,13
11:32:00	30	10,60	6,13
11:32:30	30	10,59	6,15
11:33:00	29	10,59	6,15
11:33:30	30	10,59	6,15
11:34:00	29	10,59	6,15
11:34:30	29	10,58	6,17
11:35:00	30	10,58	6,17
11:35:30	29	10,58	6,17
11:36:00	29	10,58	6,17
11:36:30	29	10,58	6,17
11:37:00	29	10,57	6,20
11:37:30	29	10,57	6,20
11:38:00	29	10,57	6,20
11:38:30	29	10,57	6,20
11:39:00	29	10,57	6,22
11:39:30	29	10,57	6,22
11:40:00	29	10,57	6,22
11:40:30	29	10,57	6,22
11:41:00	29	10,56	6,25
11:41:30	29	10,56	6,25
11:42:00	29	10,56	6,25
11:42:30	29	10,56	6,25
11:43:00	29	10,56	6,25
11:43:30	29	10,55	6,27
11:44:00	29	10,55	6,27
11:44:30	29	10,55	6,27
11:45:00	29	10,55	6,27
11:45:30	29	10,54	6,29
11:46:00	29	10,54	6,29
11:46:30	29	10,54	6,29
11:47:00	29	10,54	6,29
11:47:30	29	10,54	6,32
11:48:00	29	10,54	6,32
11:48:30	29	10,54	6,32
11:49:00	29	10,54	6,32
11:49:30	29	10,53	6,34
11:50:00	29	10,53	6,34
11:50:30	29	10,53	6,34
11:51:00	29	10,53	6,34
11:51:30	29	10,53	6,34
11:52:00	29	10,52	6,36
11:52:30	29	10,52	6,36
11:53:00	29	10,52	6,36
11:53:30	29	10,52	6,36
11:54:00	29	10,51	6,39
11:54:30	29	10,51	6,39
11:55:00	29	10,51	6,39
11:55:30	29	10,51	6,39
11:56:00	29	10,50	6,41
11:56:30	29	10,50	6,41
11:57:00	29	10,50	6,41
11:57:30	29	10,50	6,41
11:58:00	29	10,50	6,41
11:58:30	29	10,50	6,44
11:59:00	29	10,50	6,44
11:59:30	29	10,50	6,44
12:00:00	29	10,50	6,44
12:00:30	29	10,50	6,44
12:01:00	29	10,49	6,46
12:01:30	29	10,49	6,46
12:02:00	29	10,49	6,46
12:02:30	29	10,49	6,46
12:03:00	29	10,48	6,48
12:03:30	29	10,48	6,48
12:04:00	29	10,48	6,48
12:04:30	29	10,48	6,48
12:05:00	29	10,48	6,51
12:05:30	29	10,48	6,51
12:06:00	29	10,48	6,51
12:06:30	29	10,48	6,51
12:07:00	29	10,48	6,51
12:07:30	29	10,47	6,53
12:08:00	29	10,47	6,53
12:08:30	29	10,47	6,53
12:09:00	29	10,47	6,53
12:09:30	29	10,47	6,53
12:10:00	29	10,46	6,56
12:10:30	29	10,46	6,56
12:11:00	29	10,46	6,56
12:11:30	29	10,46	6,56
12:12:00	29	10,45	6,58
12:12:30	29	10,45	6,58
12:13:00	29	10,45	6,58
12:13:30	29	10,45	6,58
12:14:00	29	10,45	6,58
12:14:30	29	10,45	6,61
12:15:00	29	10,45	6,61
12:15:30	29	10,45	6,61
12:16:00	29	10,45	6,61
12:16:30	29	10,45	6,61
12:17:00	29	10,44	6,63
12:17:30	29	10,44	6,63
12:18:00	29	10,44	6,63
12:18:30	29	10,44	6,63
12:19:00	29	10,43	6,66
12:19:30	29	10,43	6,66
12:20:00	29	10,43	6,66
12:20:30	29	10,43	6,66
12:21:00	29	10,43	6,66
12:21:30	29	10,42	6,68
12:22:00	29	10,42	6,68
12:22:30	29	10,42	6,68
12:23:00	29	10,42	6,68
12:23:30	29	10,42	6,68
12:24:00	29	10,41	6,71
12:24:30	29	10,41	6,71
12:25:00	29	10,41	6,71
12:25:30	29	10,41	6,71
12:26:00	29	10,41	6,71
12:26:30	29	10,41	6,73
12:27:00	29	10,41	6,73
12:27:30	29	10,41	6,73
12:28:00	29	10,41	6,73
12:28:30	29	10,40	6,76
12:29:00	29	10,40	6,76
12:29:30	29	10,40	6,76
12:30:00	29	10,40	6,76
12:30:30	29	10,40	6,76
12:31:00	29	10,39	6,79
12:31:30	29	10,39	6,79
12:32:00	29	10,39	6,79
12:32:30	29	10,39	6,79
12:33:00	29	10,39	6,79
12:33:30	29	10,39	6,81
12:34:00	29	10,39	6,81
12:34:30	29	10,39	6,81
12:35:00	29	10,39	6,81
12:35:30	29	10,39	6,81
12:36:00	29	10,38	6,84
12:36:30	29	10,38	6,84
12:37:00	29	10,38	6,84
12:37:30	29	10,38	6,84
12:38:00	29	10,38	6,84
12:38:30	29	10,37	6,86
12:39:00	29	10,37	6,86
12:39:30	29	10,37	6,86
12:40:00	29	10,37	6,86
12:40:30	29	10,37	6,86
12:41:00	29	10,36	6,89
12:41:30	29	10,36	6,89
12:42:00	29	10,36	6,89
12:42:30	29	10,36	6,89
12:43:00	29	10,36	6,89
12:43:30	29	10,36	6,92
12:44:00	29	10,36	6,92
12:44:30	29	10,36	6,92
12:45:00	29	10,36	6,92
12:45:30	29	10,35	6,94
12:46:00	29	10,35	6,94
12:46:30	29	10,35	6,94
12:47:00	29	10,35	6,94
12:47:30	29	10,35	6,94
12:48:00	29	10,34	6,97
12:48:30	29	10,34	6,97
12:49:00	29	10,34	6,97
12:49:30	29	10,34	6,97
12:50:00	29	10,34	6,97
12:50:30	29	10,33	6,99
12:51:00	29	10,33	6,99
12:51:30	29	10,33	6,99
12:52:00	29	10,33	6,99
12:52:30	29	10,33	6,99
12:53:00	29	10,32	7,02
12:53:30	29	10,32	7,02
12:54:00	29	10,32	7,02
12:54:30	29	10,32	7,02
12:55:00	29	10,32	7,02
12:55:30	29	10,32	7,05
12:56:00	29	10,32	7,05
12:56:30	29	10,32	7,05
12:57:00	29	10,32	7,05
12:57:30	29	10,32	7,05
12:58:00	29	10,31	7,07
12:58:30	29	10,31	7,07
12:59:00	29	10,31	7,07
12:59:30	29	10,31	7,07
13:00:00	29	10,31	7,07
13:00:30	29	10,30	7,10
13:01:00	29	10,30	7,10
13:01:30	29	10,30	7,10
13:02:00	29	10,30	7,10
13:02:30	29	10,30	7,10
13:03:00	29	10,30	7,13
13:03:30	29	10,30	7,13
13:04:00	29	10,30	7,13
13:04:30	29	10,30	7,13
13:05:00	29	10,30	7,13
13:05:30	29	10,29	7,16
13:06:00	29	10,29	7,16
13:06:30	29	10,29	7,16
13:07:00	29	10,29	7,16
13:07:30	29	10,29	7,16
13:08:00	29	10,29	7,16
13:08:30	29	10,28	7,18
13:09:00	29	10,28	7,18
13:09:30	29	10,28	7,18
13:10:00	29	10,28	7,18
13:10:30	29	10,28	7,18
13:11:00	29	10,27	7,21
13:11:30	29	10,27	7,21
13:12:00	29	10,27	7,21
13:12:30	29	10,27	7,21
13:13:00	29	10,27	7,21
13:13:30	29	10,27	7,24
13:14:00	29	10,27	7,24
13:14:30	29	10,27	7,24
13:15:00	29	10,27	7,24
13:15:30	29	10,27	7,24
13:16:00	29	10,26	7,27
13:16:30	29	10,26	7,27
13:17:00	29	10,26	7,27
13:17:30	29	10,26	7,27
13:18:00	29	10,26	7,27
13:18:30	29	10,26	7,27
13:19:00	29	10,25	7,29
13:19:30	29	10,25	7,29
13:20:00	29	10,25	7,29
13:20:30	29	10,25	7,29
13:21:00	29	10,25	7,29
13:21:30	29	10,24	7,32
13:22:00	29	10,24	7,32
13:22:30	29	10,24	7,32
13:23:00	29	10,24	7,32
13:23:30	29	10,24	7,32
13:24:00	29	10,24	7,35
13:24:30	29	10,24	7,35
13:25:00	29	10,24	7,35
13:25:30	29	10,24	7,35
13:26:00	29	10,24	7,35
13:26:30	29	10,23	7,38
13:27:00	29	10,23	7,38
13:27:30	29	10,23	7,38
13:28:00	29	10,23	7,38
13:28:30	29	10,23	7,38
13:29:00	29	10,23	7,38
13:29:30	29	10,22	7,41
13:30:00	29	10,22	7,41
13:30:30	29	10,22	7,41
13:31:00	29	10,22	7,41
13:31:30	29	10,22	7,41
13:32:00	29	10,21	7,43
13:32:30	29	10,21	7,43
13:33:00	29	10,21	7,43
13:33:30	29	10,21	7,43
13:34:00	29	10,21	7,43
13:34:30	29	10,21	7,46
13:35:00	29	10,21	7,46
13:35:30	29	10,21	7,46
13:36:00	29	10,21	7,46
13:36:30	29	10,21	7,46
13:37:00	29	10,21	7,46
13:37:30	29	10,20	7,49
13:38:00	29	10,20	7,49
13:38:30	29	10,20	7,49
13:39:00	29	10,20	7,49
13:39:30	29	10,20	7,49
13:40:00	29	10,19	7,52
13:40:30	29	10,19	7,52
13:41:00	29	10,19	7,52
13:41:30	29	10,19	7,52
13:42:00	29	10,19	7,52
13:42:30	29	10,19	7,52
13:43:00	29	10,18	7,55
13:43:30	29	10,18	7,55
13:44:00	29	10,18	7,55
13:44:30	29	10,18	7,55
13:45:00	29	10,18	7,55
13:45:30	29	10,18	7,58
13:46:00	29	10,18	7,58
13:46:30	29	10,18	7,58
13:47:00	29	10,18	7,58
13:47:30	29	10,18	7,58
13:48:00	29	10,18	7,58
13:48:30	29	10,17	7,61
13:49:00	29	10,17	7,61
13:49:30	29	10,17	7,61
13:50:00	29	10,17	7,61
13:50:30	29	10,17	7,61
13:51:00	29	10,16	7,63
13:51:30	29	10,16	7,63
13:52:00	29	10,16	7,63
13:52:30	29	10,16	7,63
13:53:00	29	10,16	7,63
13:53:30	29	10,16	7,63
13:54:00	29	10,15	7,66
13:54:30	29	10,15	7,66
13:55:00	29	10,15	7,66
13:55:30	29	10,15	7,66
13:56:00	29	10,15	7,66
13:56:30	29	10,15	7,66
13:57:00	29	10,15	7,69
13:57:30	29	10,15	7,69
13:58:00	29	10,15	7,69
13:58:30	29	10,15	7,69
13:59:00	29	10,15	7,69
13:59:30	29	10,14	7,72
14:00:00	29	10,14	7,72
14:00:30	29	10,14	7,72
14:01:00	29	10,14	7,72
14:01:30	29	10,14	7,72
14:02:00	29	10,14	7,72
14:02:30	29	10,13	7,75
14:03:00	29	10,13	7,75
14:03:30	29	10,13	7,75
14:04:00	29	10,13	7,75
14:04:30	29	10,13	7,75
14:05:00	29	10,13	7,75
14:05:30	29	10,12	7,78
14:06:00	29	10,12	7,78
14:06:30	29	10,12	7,78
14:07:00	29	10,12	7,78
14:07:30	29	10,12	7,78
14:08:00	29	10,12	7,78
14:08:30	29	10,12	7,81
14:09:00	29	10,12	7,81
14:09:30	29	10,12	7,81
14:10:00	29	10,12	7,81
14:10:30	29	10,12	7,81
14:11:00	29	10,11	7,84
14:11:30	29	10,11	7,84
14:12:00	29	10,11	7,84
14:12:30	29	10,11	7,84
14:13:00	29	10,11	7,84
14:13:30	29	10,11	7,84
14:14:00	29	10,10	7,87
14:14:30	29	10,10	7,87
14:15:00	29	10,10	7,87
14:15:30	29	10,10	7,87
14:16:00	29	10,10	7,87
14:16:30	29	10,10	7,87
14:17:00	29	10,09	7,90
14:17:30	29	10,09	7,90
14:18:00	29	10,09	7,90
14:18:30	29	10,09	7,90
14:19:00	29	10,09	7,90
14:19:30	29	10,09	7,90
14:20:00	29	10,09	7,93
14:20:30	29	10,09	7,93
14:21:00	29	10,09	7,93
14:21:30	29	10,09	7,93
14:22:00	29	10,09	7,93
14:22:30	29	10,09	7,93
14:23:00	29	10,08	7,96
14:23:30	29	10,08	7,96
14:24:00	29	10,08	7,96
14:24:30	29	10,08	7,96
14:25:00	29	10,08	7,96
14:25:30	29	10,08	7,96
14:26:00	29	10,07	7,99
14:26:30	29	10,07	7,99
14:27:00	29	10,07	7,99
14:27:30	29	10,07	7,99
14:28:00	29	10,07	7,99
14:28:30	29	10,07	7,99
14:29:00	29	10,06	8,02
14:29:30	29	10,06	8,02
14:30:00	29	10,06	8,02
14:30:30	29	10,06	8,02
14:31:00	29	10,06	8,02
14:31:30	29	10,06	8,02
14:32:00	29	10,05	8,05
14:32:30	29	10,05	8,05
14:33:00	29	10,05	8,05
14:33:30	29	10,05	8,05
14:34:00	29	10,05	8,05
14:34:30	29	10,05	8,05
14:35:00	29	10,05	8,09
14:35:30	29	10,05	8,09
14:36:00	29	10,05	8,09
14:36:30	29	10,05	8,09
14:37:00	29	10,05	8,09
14:37:30	29	10,05	8,09
14:38:00	29	10,04	8,12
14:38:30	29	10,04	8,12
14:39:00	29	10,04	8,12
14:39:30	29	10,04	8,12
14:40:00	29	10,04	8,12
14:40:30	29	10,04	8,12
14:41:00	29	10,03	8,15
14:41:30	29	10,03	8,15
14:42:00	29	10,03	8,15
14:42:30	29	10,03	8,15
14:43:00	29	10,03	8,15
14:43:30	29	10,03	8,15
14:44:00	29	10,02	8,18
14:44:30	29	10,02	8,18
14:45:00	29	10,02	8,18
14:45:30	29	10,02	8,18
14:46:00	29	10,02	8,18
14:46:30	29	10,02	8,18
14:47:00	29	10,02	8,21
14:47:30	29	10,02	8,21
14:48:00	29	10,02	8,21
14:48:30	29	10,02	8,21
14:49:00	29	10,02	8,21
14:49:30	29	10,02	8,21
14:50:00	29	10,02	8,21
14:50:30	29	10,01	8,24
14:51:00	29	10,01	8,24
14:51:30	29	10,01	8,24
14:52:00	29	10,01	8,24
14:52:30	29	10,01	8,24
14:53:00	29	10,01	8,24
14:53:30	29	10,00	8,27
14:54:00	29	10,00	8,27
14:54:30	29	10,00	8,27
14:55:00	29	10,00	8,27
14:55:30	29	10,00	8,27
14:56:00	29	10,00	8,27
14:56:30	29	10,00	8,31
14:57:00	29	10,00	8,31
14:57:30	29	10,00	8,31
14:58:00	29	10,00	8,31
14:58:30	29	10,00	8,31
14:59:00	29	10,00	8,31
14:59:30	29	10,00	8,31
15:00:00	29	10,00	8,31
15:00:30	29	9,99	8,34
15:01:00	29	9,99	8,34
15:01:30	29	9,99	8,34
15:02:00	29	9,99	8,34
15:02:30	29	9,99	8,34
15:03:00	29	9,98	8,37
15:03:30	29	9,98	8,37
15:04:00	29	9,98	8,37
15:04:30	29	9,98	8,37
15:05:00	29	9,98	8,37
15:05:30	29	9,98	8,37
15:06:00	29	9,97	8,40
15:06:30	29	9,97	8,40
15:07:00	29	9,97	8,40
15:07:30	29	9,97	8,40
15:08:00	29	9,97	8,40
15:08:30	29	9,97	8,40
15:09:00	29	9,97	8,40
15:09:30	29	9,97	8,40
15:10:00	29	9,96	8,44
15:10:30	29	9,96	8,44
15:11:00	29	9,96	8,44
15:11:30	29	9,96	8,44
15:12:00	29	9,96	8,44
15:12:30	29	9,96	8,47
15:13:00	29	9,96	8,47
15:13:30	29	9,96	8,47
15:14:00	29	9,96	8,47
15:14:30	29	9,96	8,47
15:15:00	29	9,96	8,47
15:15:30	29	9,96	8,47
15:16:00	29	9,95	8,50
15:16:30	29	9,95	8,50
15:17:00	29	9,95	8,50
15:17:30	29	9,95	8,50
15:18:00	29	9,95	8,50
15:18:30	29	9,95	8,50
15:19:00	29	9,95	8,50
15:19:30	29	9,95	8,50
15:20:00	29	9,94	8,53
15:20:30	29	9,94	8,53
15:21:00	29	9,94	8,53
15:21:30	29	9,94	8,53
15:22:00	29	9,94	8,53
15:22:30	29	9,95	8,50
15:23:00	29	9,95	8,50
15:23:30	29	9,94	8,53
15:24:00	29	9,94	8,53
15:24:30	29	9,94	8,57
15:25:00	29	9,94	8,57
15:25:30	29	9,94	8,57
15:26:00	29	9,93	8,60
15:26:30	29	9,93	8,60
15:27:00	29	9,93	8,60
15:27:30	29	9,93	8,60
15:28:00	29	9,93	8,60
15:28:30	29	9,93	8,60
15:29:00	29	9,92	8,63
15:29:30	29	9,92	8,63
15:30:00	29	9,92	8,63
15:30:30	29	9,92	8,63
15:31:00	29	9,92	8,63
15:31:30	29	9,92	8,63
15:32:00	29	9,92	8,63
15:32:30	29	9,91	8,67
15:33:00	29	9,91	8,67
15:33:30	29	9,91	8,67
15:34:00	29	9,91	8,67
15:34:30	29	9,91	8,67
15:35:00	29	9,91	8,67
15:35:30	29	9,91	8,67
15:36:00	29	9,91	8,70
15:36:30	29	9,91	8,70
15:37:00	29	9,91	8,70
15:37:30	29	9,91	8,70
15:38:00	29	9,91	8,70
15:38:30	29	9,91	8,70
15:39:00	29	9,90	8,73
15:39:30	29	9,90	8,73
15:40:00	29	9,90	8,73
15:40:30	29	9,90	8,73
15:41:00	29	9,90	8,73
15:41:30	29	9,90	8,73
15:42:00	29	9,89	8,77
15:42:30	29	9,90	8,73
15:43:00	29	9,89	8,77
15:43:30	29	9,89	8,77
15:44:00	29	9,89	8,77
15:44:30	29	9,88	8,80
15:45:00	29	9,89	8,77
15:45:30	29	9,88	8,80
15:46:00	29	9,89	8,77
15:46:30	29	9,88	8,80
15:47:00	29	9,88	8,80
15:47:30	29	9,88	8,80
15:48:00	29	9,88	8,80
15:48:30	29	9,88	8,84
15:49:00	29	9,88	8,80
15:49:30	29	9,88	8,80
15:50:00	29	9,88	8,80
15:50:30	29	9,88	8,84
15:51:00	29	9,88	8,84
15:51:30	29	9,88	8,84
15:52:00	29	9,88	8,84
15:52:30	29	9,88	8,84
15:53:00	29	9,88	8,84
15:53:30	29	9,87	8,87
15:54:00	29	9,87	8,87
15:54:30	29	9,87	8,87
15:55:00	29	9,87	8,87
15:55:30	29	9,87	8,87
15:56:00	29	9,87	8,87
15:56:30	29	9,86	8,90
15:57:00	29	9,86	8,90
15:57:30	29	9,86	8,90
15:58:00	29	9,86	8,90
15:58:30	29	9,85	8,94
15:59:00	29	9,85	8,94
15:59:30	29	9,85	8,94
16:00:00	29	9,85	8,94
16:00:30	29	9,85	8,94
16:01:00	29	9,85	8,94
16:01:30	29	9,85	8,94
16:02:00	29	9,85	8,94
16:02:30	29	9,85	8,97
16:03:00	29	9,85	8,97
16:03:30	29	9,85	8,97
16:04:00	29	9,85	8,97
16:04:30	29	9,85	8,97
16:05:00	29	9,85	8,97
16:05:30	29	9,85	8,97
16:06:00	29	9,85	8,97
16:06:30	29	9,84	9,01
16:07:00	29	9,84	9,01
16:07:30	29	9,84	9,01
16:08:00	29	9,84	9,01
16:08:30	29	9,84	9,01
16:09:00	29	9,83	9,04
16:09:30	29	9,84	9,01
16:10:00	29	9,83	9,04
16:10:30	29	9,83	9,04
16:11:00	29	9,83	9,04
16:11:30	29	9,83	9,04
16:12:00	29	9,83	9,04
16:12:30	29	9,83	9,04
16:13:00	29	9,83	9,04
16:13:30	29	9,83	9,04
16:14:00	29	9,82	9,08
16:14:30	29	9,82	9,08
16:15:00	29	9,82	9,08
16:15:30	29	9,82	9,08
16:16:00	29	9,82	9,08
16:16:30	29	9,82	9,11
16:17:00	29	9,82	9,11
16:17:30	29	9,82	9,11
16:18:00	29	9,82	9,11
16:18:30	29	9,82	9,11
16:19:00	29	9,82	9,11
16:19:30	29	9,82	9,11
16:20:00	29	9,81	9,15
16:20:30	29	9,81	9,15
16:21:00	29	9,81	9,15
16:21:30	29	9,81	9,15
16:22:00	29	9,81	9,15
16:22:30	29	9,81	9,15
16:23:00	29	9,81	9,15
16:23:30	29	9,80	9,19
16:24:00	29	9,80	9,19
16:24:30	29	9,81	9,15
16:25:00	29	9,80	9,19
16:25:30	29	9,80	9,19
16:26:00	29	9,80	9,19
16:26:30	29	9,80	9,19
16:27:00	29	9,80	9,19
16:27:30	29	9,79	9,22
16:28:00	29	9,80	9,19
16:28:30	29	9,79	9,22
16:29:00	29	9,79	9,22
16:29:30	29	9,79	9,22
16:30:00	29	9,79	9,22
16:30:30	29	9,79	9,26
16:31:00	29	9,79	9,26
16:31:30	29	9,79	9,26
16:32:00	29	9,79	9,26
16:32:30	29	9,79	9,26
16:33:00	29	9,79	9,26
16:33:30	29	9,79	9,26
16:34:00	29	9,79	9,26
16:34:30	29	9,79	9,26
16:35:00	29	9,78	9,29
16:35:30	29	9,78	9,29
16:36:00	29	9,78	9,29
16:36:30	29	9,78	9,29
16:37:00	29	9,78	9,29
16:37:30	29	9,78	9,29
16:38:00	29	9,78	9,29
16:38:30	29	9,77	9,33
16:39:00	29	9,77	9,33
16:39:30	29	9,77	9,33
16:40:00	29	9,77	9,33
16:40:30	29	9,77	9,33
16:41:00	29	9,77	9,33
16:41:30	29	9,77	9,33
16:42:00	29	9,76	9,37
16:42:30	29	9,76	9,37
16:43:00	29	9,76	9,37
16:43:30	29	9,76	9,37
16:44:00	29	9,76	9,37
16:44:30	29	9,76	9,37
16:45:00	29	9,76	9,37
16:45:30	29	9,76	9,37
16:46:00	29	9,76	9,37
16:46:30	29	9,76	9,40
16:47:00	29	9,76	9,40
16:47:30	29	9,76	9,40
16:48:00	29	9,76	9,40
16:48:30	29	9,76	9,40
16:49:00	29	9,76	9,40
16:49:30	29	9,75	9,44
16:50:00	29	9,75	9,44
16:50:30	29	9,75	9,44
16:51:00	29	9,75	9,44
16:51:30	29	9,75	9,44
16:52:00	29	9,75	9,44
16:52:30	29	9,75	9,44
16:53:00	29	9,75	9,44
16:53:30	29	9,74	9,48
16:54:00	29	9,74	9,48
16:54:30	29	9,74	9,48
16:55:00	29	9,74	9,48
16:55:30	29	9,74	9,48
16:56:00	29	9,74	9,48
16:56:30	29	9,74	9,48
16:57:00	29	9,74	9,48
16:57:30	29	9,73	9,51
16:58:00	29	9,73	9,51
16:58:30	29	9,73	9,51
16:59:00	29	9,73	9,51
16:59:30	29	9,73	9,51
17:00:00	29	9,73	9,51
17:00:30	29	9,73	9,55
17:01:00	29	9,73	9,55
17:01:30	29	9,73	9,55
17:02:00	29	9,73	9,55
17:02:30	29	9,73	9,55
17:03:00	29	9,73	9,55
17:03:30	29	9,73	9,55
17:04:00	29	9,73	9,55
17:04:30	29	9,72	9,59
17:05:00	29	9,73	9,55
17:05:30	29	9,72	9,59
17:06:00	29	9,72	9,59
17:06:30	29	9,72	9,59
17:07:00	29	9,72	9,59
17:07:30	29	9,72	9,59
17:08:00	29	9,72	9,59
17:08:30	29	9,71	9,62
17:09:00	29	9,71	9,62
17:09:30	29	9,71	9,62
17:10:00	29	9,71	9,62
17:10:30	29	9,71	9,62
17:11:00	29	9,71	9,62
17:11:30	29	9,71	9,62
17:12:00	29	9,70	9,66
17:12:30	29	9,70	9,66
17:13:00	29	9,70	9,66
17:13:30	29	9,70	9,66
17:14:00	29	9,70	9,66
17:14:30	29	9,70	9,66
17:15:00	29	9,70	9,66
17:15:30	29	9,70	9,66
17:16:00	29	9,70	9,70
17:16:30	29	9,70	9,70
17:17:00	29	9,70	9,70
17:17:30	29	9,70	9,70
17:18:00	29	9,70	9,70
17:18:30	29	9,70	9,70
17:19:00	29	9,70	9,70
17:19:30	29	9,70	9,70
17:20:00	29	9,69	9,74
17:20:30	29	9,69	9,74
17:21:00	29	9,69	9,74
17:21:30	29	9,69	9,74
17:22:00	29	9,69	9,74
17:22:30	29	9,69	9,74
17:23:00	29	9,69	9,74
17:23:30	29	9,69	9,74
17:24:00	29	9,68	9,78
17:24:30	29	9,68	9,78
17:25:00	29	9,68	9,78
17:25:30	29	9,68	9,78
17:26:00	29	9,68	9,78
17:26:30	29	9,68	9,78
17:27:00	29	9,68	9,78
17:27:30	29	9,68	9,78
17:28:00	29	9,67	9,81
17:28:30	29	9,67	9,81
17:29:00	29	9,67	9,81
17:29:30	29	9,67	9,81
17:30:00	29	9,67	9,81
17:30:30	29	9,67	9,81
17:31:00	29	9,67	9,81
17:31:30	29	9,67	9,81
17:32:00	29	9,67	9,85
17:32:30	29	9,67	9,85
17:33:00	29	9,67	9,85
17:33:30	29	9,67	9,85
